@ SOURCE: not identified 
L 0 0 14 !39Violino 1 concertino
J D 4 500 -120 1 6913 0 0
W 0 0 44 V
J D 1 75 -37 1 6913 0 0
W 0 -56 44 V:  Violino 1 concertino
J C 4 5 42 2 6913 0 0
K 0 0 33
K 0 0 34
J K 2 57 0 2 6913 0 0
K 0 0 63
K 15 21 63
J D 5 103 -42 1 6913 0 0
W 0 0 37 Allegro
J T 101 103 42 1 6913 0 0
K 0 0 37
J D 0 151 0 1 1 0 0
W 0 -21 33 !31|Soli
J N 8 151 14 4 1 0 0
K 0 0 42
K 0 0 60
K 0 21 60
A D 8 16
J N 8 193 7 4 3457 1152 0
K 0 0 42
K 0 0 60
K 0 21 60
A D 8 16
J B 2 239 1 82 6913 1152 0
J N 6 260 0 2 1 0 1 1
K 0 0 43
A D 2 16
J N 6 286 -21 5 865 288 1 1
K 0 7 45
K 0 0 43
K 0 7 45
K 1 7 45
A D 2 16
J N 6 309 -14 5 1729 288 1 1
K 0 0 45
K 0 0 43
K -1 0 45
K 2 0 45
A D 2 16
J N 6 335 -21 5 2593 288 1 1
K 0 7 45
K 0 0 43
K 0 7 45
K 1 7 45
A D 2 16
H 1 B 1 0 108 4 2 1 1 3
J N 6 358 7 2 3457 288 1 2
K 0 0 43
A D 2 16
J N 6 384 -14 5 4321 288 1 2
K 0 0 45
K 0 0 43
K -1 0 45
K 2 0 45
A D 2 16
J N 6 407 -7 2 5185 288 1 2
K 0 0 43
A D 2 16
J N 6 433 -14 5 6049 288 1 2
K 0 0 45
K 0 0 43
K -1 0 45
K 2 0 45
A D 2 16
H 2 B 1 0 108 4 2 1 1 3
J B 3 460 1 82 6913 288 0
J N 7 481 14 4 1 0 0
K 0 0 43
K 0 0 60
K 0 21 60
A D 4 16
J N 8 511 -35 9 1729 576 0
K 0 21 45
K 0 7 45
K 0 0 42
K 0 7 45
K 1 7 45
K 0 0 60
K 0 28 60
K 0 35 60
A D 8 16
J N 7 553 -28 8 5185 1152 0
K 0 14 45
K 0 0 45
K 0 0 43
K -1 0 45
K 2 0 45
K 0 0 60
K 0 28 60
A D 4 16
J B 4 587 1 82 6913 576 0
J N 8 608 -35 9 1 0 0
K 0 21 45
K 0 7 45
K 0 0 42
K 0 7 45
K 1 7 45
K 0 0 60
K 0 28 60
K 0 35 60
A D 8 16
J N 8 650 -28 8 3457 1152 0
K 0 14 45
K 0 0 45
K 0 0 42
K -1 0 45
K 2 0 45
K 0 0 60
K 0 28 60
A D 8 16
J B 5 696 1 82 6913 1152 0
J N 8 717 -21 7 1 0 0
K 0 7 45
K 0 0 42
K 0 7 45
K 1 7 45
K 0 0 60
K 0 21 60
A D 8 16
J N 7 759 -14 7 3457 1152 0
K 0 0 45
K 0 0 43
K -1 0 45
K 2 0 45
K 0 0 60
K 0 21 60
A D 4 16
J N 7 789 -35 9 5185 576 1 3
K 0 21 45
K 0 7 45
K 0 0 43
K 0 7 45
K 1 7 45
K 0 0 60
K 0 28 60
K 0 35 60
A D 4 16
J B 6 823 1 82 6913 576 0
J N 7 844 -35 9 1 0 1 3
K 0 21 45
K 0 7 45
K 0 0 43
K 0 7 45
K 1 7 45
K 0 0 60
K 0 28 60
K 0 35 60
A D 4 16
H 3 T -35 0 0 0 0 0 1 0
J N 7 874 -28 8 1729 576 0
K 0 14 45
K 0 0 45
K 0 0 43
K -1 0 45
K 2 0 45
K 0 0 60
K 0 28 60
A D 4 16
J N 8 904 -35 9 3457 576 0
K 0 21 45
K 0 7 45
K 0 0 42
K 0 7 45
K 1 7 45
K 0 0 60
K 0 28 60
K 0 35 60
A D 8 16
J B 7 950 1 82 6913 1152 0
J N 7 971 -28 8 1 0 0
K 0 14 45
K 0 0 45
K 0 0 43
K -1 0 45
K 2 0 45
K 0 0 60
K 0 28 60
A D 4 16
J N 8 1001 -14 7 1729 576 0
K 0 0 45
K 0 0 42
K -1 0 45
K 2 0 45
K 0 0 60
K 0 21 60
A D 8 16
J N 7 1045 -7 5 5185 1152 0
K -18 0 63
K 0 0 43
K 0 0 60
K 0 21 60
A D 4 16
J B 8 1079 1 82 6913 576 0
J N 7 1100 -14 7 1 0 0
K 0 0 45
K 0 0 43
K -1 0 45
K 2 0 45
K 0 0 60
K 0 21 60
A D 4 16
J N 7 1130 21 4 1729 576 0
K 0 0 43
K 0 0 60
K 0 21 60
A D 4 16
J N 7 1160 14 4 3457 576 0
K 0 0 43
K 0 0 60
K 0 21 60
A D 4 16
J N 7 1190 7 4 5185 576 0
K 0 0 43
K 0 0 60
K 0 21 60
A D 4 16
J B 9 1224 1 82 6913 576 0
J D 0 1245 0 1 1 0 0
W 0 -28 33 !31|Tutti
J N 8 1245 35 4 1 0 0
K 0 0 42
K 0 0 59
K 0 -21 59
A D 8 16
J N 8 1287 42 4 3457 1152 0
K 0 0 42
K 0 0 59
K 0 -21 59
A D 8 16
J B 10 1333 1 82 6913 1152 0
J N 7 1354 49 5 1 0 0
K 0 0 43
K 25 0 44
K 0 0 59
K 0 -21 59
A D 6 16
J N 6 1392 14 3 2593 864 0
K 0 0 43
K 0 0 54
A D 2 16
J N 7 1418 -7 5 3457 288 0
K 0 0 43
K 25 0 44
K 0 0 60
K 0 21 60
A D 6 16
J N 5 1456 0 2 6049 864 1 4
K 0 0 43
A D 1 16
J N 5 1479 7 2 6481 144 1 4
K 0 0 43
A D 1 16
H 4 B 1 0 108 2 22 33
J B 11 1506 1 82 6913 144 0
J N 7 1527 0 5 1 0 0
K 0 0 43
K 24 -6 44
K 0 0 60
K 0 21 60
A D 6 16
J N 6 1564 0 3 2593 864 0
K 0 0 43
K 0 0 54
A D 2 16
J N 7 1587 7 5 3457 288 0
K 0 0 43
K 25 0 44
K 0 0 60
K 0 21 60
A D 6 16
J N 6 1624 35 3 6049 864 0
K 0 0 43
K 0 0 53
A D 2 16
J B 12 1662 1 82 6913 288 0
J N 8 1683 14 4 1 0 0
K 0 0 42
K 0 0 60
K 0 21 60
A D 8 16
J N 7 1725 21 5 3457 1152 0
K 0 0 43
K 25 0 44
K 0 0 60
K 0 21 60
A D 6 16
J N 6 1762 49 3 6049 864 0
K 0 0 43
K 0 0 53
A D 2 16
J B 13 1800 1 82 6913 288 0
J N 7 1821 28 5 1 0 0
K 0 0 43
K 24 -6 44
K 0 0 60
K 0 21 60
A D 6 16
J N 6 1858 56 3 2593 864 0
K 0 0 43
K 0 0 53
A D 2 16
J N 7 1895 35 5 3457 288 0
K 0 0 43
K 25 0 44
K 0 0 59
K 0 -21 59
A D 6 16
J N 6 1932 63 3 6049 864 0
K 0 0 43
K 0 0 53
A D 2 16
J B 14 1970 1 82 6913 288 0
J N 8 1991 42 4 1 0 0
K 0 0 42
K 0 0 59
K 0 -21 59
A D 8 16
J N 7 2033 49 4 3457 1152 0
K 0 0 43
K 0 0 59
K 0 -21 59
A D 4 16
J N 7 2063 0 4 5185 576 0
K 0 0 43
K 0 0 60
K 0 21 60
A D 4 16
J B 15 2097 1 82 6913 576 0
J N 7 2124 -7 5 1 0 0
K -18 0 63
K 0 0 43
K 0 0 60
K 0 21 60
A D 4 16
J N 8 2154 -14 7 1729 576 0
K 0 0 45
K 0 0 42
K -1 0 45
K 2 0 45
K 0 0 60
K 0 21 60
A D 8 16
J N 7 2196 -7 4 5185 1152 0
K 0 0 43
K 0 0 60
K 0 21 60
A D 4 16
J B 16 2230 1 82 6913 576 0
J N 8 2251 35 4 1 0 0
K 0 0 42
K 0 0 59
K 0 -21 59
A D 8 16
J N 8 2293 28 4 3457 1152 0
K 0 0 42
K 0 0 60
K 0 21 60
A D 8 16
J B 17 2339 1 82 6913 1152 0
J N 6 2360 21 2 1 0 1 5
K 0 0 43
A D 2 16
J N 6 2386 0 2 865 288 1 5
K 0 0 43
A D 2 16
J N 6 2409 7 2 1729 288 1 5
K 0 0 43
A D 2 16
J N 6 2435 0 2 2593 288 1 5
K 0 0 43
A D 2 16
H 5 B 1 0 108 4 2 1 1 3
J N 6 2458 28 2 3457 288 1 6
K 0 0 43
A D 2 16
J N 6 2484 7 2 4321 288 1 6
K 0 0 43
A D 2 16
J N 6 2507 14 2 5185 288 1 6
K 0 0 43
A D 2 16
J N 6 2533 7 2 6049 288 1 6
K 0 0 43
A D 2 16
H 6 B 1 0 108 4 2 1 1 3
J B 18 2560 1 82 6913 288 0
J N 7 2581 35 4 1 0 0
K 0 0 43
K 0 0 59
K 0 -21 59
A D 4 16
J N 8 2611 -14 7 1729 576 0
K 0 0 45
K 0 0 42
K -1 0 45
K 2 0 45
K 0 0 60
K 0 21 60
A D 8 16
J N 7 2653 -7 4 5185 1152 1 7
K 0 0 43
K 0 0 60
K 0 21 60
A D 4 16
J B 19 2687 1 82 6913 576 0
J N 7 2708 -7 4 1 0 1 7
K 0 0 43
K 0 0 60
K 0 21 60
A D 4 16
H 7 T -7 0 0 0 0 0 1 0
J N 8 2738 0 4 1729 576 0
K 0 0 42
K 0 0 60
K 0 21 60
A D 8 16
J N 7 2780 7 4 5185 1152 1 8
K 0 0 43
K 0 0 60
K 0 21 60
A D 4 16
J B 20 2814 1 82 6913 576 0
J N 6 2835 7 2 1 0 2 9 8
K 0 0 43
A D 2 16
H 8 T 7 0 0 0 0 0 1 0
J N 6 2858 35 2 865 288 1 9
K 0 0 43
A D 2 16
H 9 B 1 0 108 2 2 3
J N 8 2884 14 4 1729 288 0
K 0 0 42
K 0 0 60
K 0 21 60
A D 8 16
J N 7 2926 21 4 5185 1152 1 10
K 0 0 43
K 0 0 60
K 0 21 60
A D 4 16
J B 21 2960 1 82 6913 576 0
J N 6 2981 21 2 1 0 2 11 10
K 0 0 43
A D 2 16
H 10 T 21 0 0 0 0 0 1 0
J N 6 3004 49 2 865 288 1 11
K 0 0 43
A D 2 16
H 11 B 0 0 108 2 2 3
J N 8 3030 28 4 1729 288 0
K 0 0 42
K 0 0 60
K 0 21 60
A D 8 16
J N 7 3074 35 5 5185 1152 0
K -18 0 63
K 0 0 43
K 0 0 59
K 0 -21 59
A D 4 16
J B 22 3108 1 82 6913 576 0
J N 7 3129 28 4 1 0 0
K 0 0 43
K 0 0 60
K 0 21 60
A D 4 16
J N 7 3159 14 4 1729 576 0
K 0 0 43
K 0 0 60
K 0 21 60
A D 4 16
J N 7 3189 21 4 3457 576 0
K 0 0 43
K 0 0 60
K 0 21 60
A D 4 16
J N 7 3219 49 4 5185 576 0
K 0 0 43
K 0 0 59
K 0 -21 59
A D 4 16
J B 23 3253 1 82 6913 576 0
J R 7 3274 28 2 1 0 0
K 0 0 48
A D 4 16
J N 7 3304 -7 4 1729 576 0
K 0 0 43
K 0 0 60
K 0 21 60
A D 4 16
J N 7 3334 35 5 3457 576 0
K -18 0 63
K 0 0 43
K 0 0 59
K 0 -21 59
A D 4 16
J N 7 3364 28 4 5185 576 1 12
K 0 0 43
K 0 0 60
K 0 21 60
A D 4 16
J B 24 3398 1 82 6913 576 0
J N 7 3419 28 4 1 0 1 12
K 0 0 43
K 0 0 60
K 0 21 60
A D 4 16
H 12 T 28 0 0 0 0 0 5 0
J N 7 3463 35 5 1729 576 0
K -18 0 63
K 0 0 43
K 0 0 59
K 0 -21 59
A D 4 16
J R 6 3493 28 2 3457 576 0
K 0 0 49
A D 2 16
J N 6 3516 -21 5 4321 288 1 13
K 0 7 45
K 0 0 43
K 0 7 45
K 1 7 45
A D 2 16
J N 6 3556 -14 6 5185 288 1 13
K 0 0 45
K -14 0 64
K 0 0 43
K -1 0 45
K 2 0 45
A D 2 16
J N 6 3582 -21 5 6049 288 1 13
K 0 7 45
K 0 0 43
K 0 7 45
K 1 7 45
A D 2 16
H 13 B 1 0 108 3 2 1 3
J B 25 3609 1 82 6913 288 0
J N 6 3630 7 2 1 0 1 14
K 0 0 43
A D 2 16
J N 6 3656 -14 5 865 288 1 14
K 0 0 45
K 0 0 43
K -1 0 45
K 2 0 45
A D 2 16
J N 6 3679 -7 2 1729 288 1 14
K 0 0 43
A D 2 16
J N 6 3705 -14 5 2593 288 1 14
K 0 0 45
K 0 0 43
K -1 0 45
K 2 0 45
A D 2 16
H 14 B 1 0 108 4 2 1 1 3
J N 6 3728 14 2 3457 288 1 15
K 0 0 43
A D 2 16
J N 6 3754 -7 2 4321 288 1 15
K 0 0 43
A D 2 16
J N 6 3777 0 2 5185 288 1 15
K 0 0 43
A D 2 16
J N 6 3803 -7 2 6049 288 1 15
K 0 0 43
A D 2 16
H 15 B 1 0 108 4 2 1 1 3
J B 26 3830 1 82 6913 288 0
J N 6 3851 21 2 1 0 1 16
K 0 0 43
A D 2 16
J N 6 3877 0 2 865 288 1 16
K 0 0 43
A D 2 16
J N 6 3900 7 2 1729 288 1 16
K 0 0 43
A D 2 16
J N 6 3926 0 2 2593 288 1 16
K 0 0 43
A D 2 16
H 16 B 1 0 108 4 2 1 1 3
J N 6 3949 28 2 3457 288 1 17
K 0 0 43
A D 2 16
J N 6 3975 7 2 4321 288 1 17
K 0 0 43
A D 2 16
J N 6 3998 14 2 5185 288 1 17
K 0 0 43
A D 2 16
J N 6 4024 7 2 6049 288 1 17
K 0 0 43
A D 2 16
H 17 B 1 0 108 4 2 1 1 3
J B 27 4051 1 82 6913 288 0
J N 7 4072 35 4 1 0 0
K 0 0 43
K 0 0 59
K 0 -21 59
A D 4 16
J R 7 4102 28 2 1729 576 0
K 0 0 48
A D 4 16
J N 8 4132 -21 7 3457 576 0
K 0 7 45
K 0 0 42
K 0 7 45
K 1 7 45
K 0 0 60
K 0 21 60
A D 8 16
J B 28 4178 1 82 6913 1152 0
J N 7 4199 -14 7 1 0 0
K 0 0 45
K 0 0 43
K -1 0 45
K 2 0 45
K 0 0 60
K 0 21 60
A D 4 16
J N 8 4229 14 4 1729 576 0
K 0 0 42
K 0 0 60
K 0 21 60
A D 8 16
J N 7 4271 21 4 5185 1152 0
K 0 0 43
K 0 0 60
K 0 21 60
A D 4 16
J B 29 4305 1 82 6913 576 0
J N 7 4326 28 4 1 0 0
K 0 0 43
K 0 0 60
K 0 21 60
A D 4 16
J N 8 4356 7 4 1729 576 0
K 0 0 42
K 0 0 60
K 0 21 60
A D 8 16
J N 7 4398 14 4 5185 1152 0
K 0 0 43
K 0 0 60
K 0 21 60
A D 4 16
J B 30 4432 1 82 6913 576 0
J N 7 4453 21 4 1 0 0
K 0 0 43
K 0 0 60
K 0 21 60
A D 4 16
J N 7 4483 0 4 1729 576 0
K 0 0 43
K 0 0 60
K 0 21 60
A D 4 16
J N 6 4513 28 2 3457 576 1 18
K 0 0 43
A D 2 16
J N 6 4539 21 2 4321 288 1 18
K 0 0 43
A D 2 16
J N 6 4565 14 2 5185 288 1 18
K 0 0 43
A D 2 16
J N 6 4591 7 2 6049 288 1 18
K 0 0 43
A D 2 16
H 18 B 1 0 108 4 2 1 1 3
J B 31 4618 1 82 6913 288 0
J N 7 4639 35 4 1 0 0
K 0 0 43
K 0 0 59
K 0 -21 59
A D 4 16
J N 7 4669 -14 7 1729 576 0
K 0 0 45
K 0 0 43
K -1 0 45
K 2 0 45
K 0 0 60
K 0 21 60
A D 4 16
J N 8 4699 -7 4 3457 576 0
K 0 0 42
K 0 0 60
K 0 21 60
A D 8 16
J B 32 4745 1 82 6913 1152 0
J N 8 4766 0 4 1 0 0
K 0 0 42
K 0 0 60
K 0 21 60
A D 8 16
J N 8 4808 7 4 3457 1152 0
K 0 0 42
K 0 0 60
K 0 21 60
A D 8 16
J B 33 4854 1 82 6913 1152 0
J N 8 4875 14 4 1 0 0
K 0 0 42
K 0 0 60
K 0 21 60
A D 8 16
J N 8 4917 21 4 3457 1152 0
K 0 0 42
K 0 0 60
K 0 21 60
A D 8 16
J B 34 4963 1 82 6913 1152 0
J N 8 4984 28 4 1 0 0
K 0 0 42
K 0 0 60
K 0 21 60
A D 8 16
J N 8 5026 35 4 3457 1152 0
K 0 0 42
K 0 0 59
K 0 -21 59
A D 8 16
J B 35 5072 1 82 6913 1152 0
J D 5 5093 -42 1 1 0 0
W 0 0 37 Adagio
J N 6 5093 77 5 1 0 1 19
K 1 -7 45
K 0 0 43
K 0 -7 45
K 1 -7 45
A D 2 16
J N 6 5119 70 5 865 288 1 19
K 1 0 45
K 0 0 43
K -1 0 45
K 2 0 45
A D 2 16
H 19 B 0 0 108 2 2 3
J N 8 5145 63 4 1729 288 0
K 0 0 42
K 0 0 59
K 0 -21 59
A D 8 16
J N 7 5187 70 7 5185 1152 0
K 1 0 45
K 0 0 43
K -1 0 45
K 2 0 45
K 0 0 59
K 0 -21 59
A D 4 16
J B 36 5221 1 82 6913 576 0
J N 9 5242 63 2 1 0 0
K 0 0 41
A D 16 16
J B 0 5322 6 2 6913 2304 0
K -13 0 82
K -6 0 84
J M 0 5322 0 0 10000 0 0
