@ SOURCE: not identified 
L 0 0 14 !39Violoncello concertino
J D 4 500 -120 1 6913 0 0
W 0 0 44 V
J D 1 75 -37 1 6913 0 0
W 0 -56 44 V:  Violoncello concertino
J C 22 5 14 36 6913 0 0
J K 2 57 0 2 6913 0 0
K 0 14 63
K 15 35 63
J D 5 103 -42 1 6913 0 0
W 0 0 37 Allegro
J T 101 103 42 1 6913 0 0
K 0 0 37
J R 9 151 28 2 1 10000 0
K 0 0 46
A D 8 8
J B 2 256 1 82 6913 2304 0
J R 9 277 28 2 1 10000 0
K 0 0 46
A D 8 8
J B 3 382 1 82 6913 2304 0
J R 9 403 28 2 1 10000 0
K 0 0 46
A D 8 8
J B 4 508 1 82 6913 2304 0
J R 9 529 28 2 1 10000 0
K 0 0 46
A D 8 8
J B 5 634 1 82 6913 2304 0
J R 9 655 28 2 1 10000 0
K 0 0 46
A D 8 8
J B 6 760 1 82 6913 2304 0
J F 0 781 98 1 1 0 0
K 0 0 203
J N 8 781 0 4 1 0 0
K 0 0 42
K 0 0 60
K 0 21 60
A D 4 8
J F 0 811 98 1 1729 576 0
K 0 0 202
J F 0 841 98 1 3457 576 0
K 0 0 206
J N 8 841 -7 4 3457 0 0
K 0 0 42
K 0 0 60
K 0 21 60
A D 4 8
J F 0 871 98 1 5185 576 0
K 0 0 216
J B 7 905 1 82 6913 576 0
J F 0 926 98 1 1 0 0
K 0 0 205
J N 6 926 -14 5 1 0 1 1
K 0 0 45
K 0 0 43
K -1 0 45
K 2 0 45
A D 1 8
J N 6 953 -35 6 865 288 1 1
K 0 21 45
K 0 7 45
K 0 0 43
K 0 7 45
K 1 7 45
A D 1 8
J N 6 976 -28 6 1729 288 1 1
K 0 14 45
K 0 0 45
K 0 0 43
K -1 0 45
K 2 0 45
A D 1 8
J N 6 1002 -35 6 2593 288 1 1
K 0 21 45
K 0 7 45
K 0 0 43
K 0 7 45
K 1 7 45
A D 1 8
H 1 B 1 0 108 4 2 1 1 3
J F 0 1025 98 1 3457 288 0
K 0 0 206
J N 6 1025 -7 2 3457 0 1 2
K 0 0 43
A D 1 8
J N 6 1052 -28 6 4321 288 1 2
K 0 14 45
K 0 0 45
K 0 0 43
K -1 0 45
K 2 0 45
A D 1 8
J N 6 1075 -21 5 5185 288 1 2
K 0 7 45
K 0 0 43
K 0 7 45
K 1 7 45
A D 1 8
J N 6 1101 -28 6 6049 288 1 2
K 0 14 45
K 0 0 45
K 0 0 43
K -1 0 45
K 2 0 45
A D 1 8
H 2 B 1 0 108 4 2 1 1 3
J B 8 1128 1 82 6913 288 0
J N 7 1149 0 4 1 0 0
K 0 0 43
K 0 0 60
K 0 21 60
A D 2 8
J R 6 1179 28 2 1729 576 0
K 0 0 49
A D 1 8
J N 6 1202 0 3 2593 288 0
K 0 0 43
K 0 0 54
A D 1 8
J F 0 1225 98 1 3457 288 0
K 0 0 206
J N 7 1225 -7 4 3457 0 0
K 0 0 43
K 0 0 60
K 0 21 60
A D 2 8
J F 0 1255 98 1 5185 576 0
K 0 0 204
J N 7 1255 -14 7 5185 0 0
K 0 0 45
K 0 0 43
K -1 0 45
K 2 0 45
K 0 0 60
K 0 21 60
A D 2 8
J B 9 1289 1 82 6913 576 0
J F 0 1310 98 1 1 0 0
K 0 0 203
J N 8 1310 28 4 1 0 0
K 0 0 42
K 0 0 60
K 0 21 60
A D 4 8
J F 0 1340 98 1 1729 576 0
K 0 0 202
J F 0 1370 98 1 3457 576 0
K 0 0 208
J N 8 1370 21 4 3457 0 0
K 0 0 42
K 0 0 60
K 0 21 60
A D 4 8
J F 0 1400 98 1 5185 576 0
K 0 0 207
J B 10 1434 1 82 6913 576 0
J F 0 1455 98 1 1 0 0
K 0 0 206
J N 6 1455 14 2 1 0 1 3
K 0 0 43
A D 1 8
J N 6 1482 -7 2 865 288 1 3
K 0 0 43
A D 1 8
J N 6 1505 0 2 1729 288 1 3
K 0 0 43
A D 1 8
J N 6 1531 -7 2 2593 288 1 3
K 0 0 43
A D 1 8
H 3 B 1 0 108 4 2 1 1 3
J F 0 1554 98 1 3457 288 0
K 0 0 206
J N 6 1554 21 2 3457 0 1 4
K 0 0 43
A D 1 8
J N 6 1581 0 2 4321 288 1 4
K 0 0 43
A D 1 8
J N 6 1604 7 2 5185 288 1 4
K 0 0 43
A D 1 8
J N 6 1630 0 2 6049 288 1 4
K 0 0 43
A D 1 8
H 4 B 1 0 108 4 2 1 1 3
J B 11 1657 1 82 6913 288 0
J F 0 1678 98 0 1 0 0
J N 7 1678 28 5 1 0 0
K 0 0 43
K 24 -6 44
K 0 0 60
K 0 21 60
A D 3 8
J F 0 1708 98 1 1729 576 0
K 0 0 205
J N 6 1732 -21 7 2593 288 0
K 0 7 45
K 0 0 43
K 0 7 45
K 1 7 45
K 0 0 60
K 0 0 54
A D 1 8
J F 0 1755 98 1 3457 288 0
K 0 0 206
J N 6 1755 -14 5 3457 0 1 5
K 0 0 45
K 0 0 43
K -1 0 45
K 2 0 45
A D 1 8
J N 6 1779 -7 2 4321 288 1 5
K 0 0 43
A D 1 8
J F 0 1802 98 1 5185 288 0
K 0 0 205
J N 6 1802 -14 5 5185 0 1 5
K 0 0 45
K 0 0 43
K -1 0 45
K 2 0 45
A D 1 8
J N 6 1826 0 2 6049 288 1 5
K 0 0 43
A D 1 8
H 5 B 1 0 108 4 2 1 1 3
J B 12 1853 1 82 6913 288 0
J F 0 1874 98 1 1 0 0
K 0 0 206
J N 6 1874 -7 2 1 0 1 6
K 0 0 43
A D 1 8
J N 6 1898 0 2 865 288 1 6
K 0 0 43
A D 1 8
J F 0 1921 98 1 1729 288 0
K 0 0 216
J N 6 1921 -7 2 1729 0 1 6
K 0 0 43
A D 1 8
J N 6 1950 21 2 2593 288 1 6
K 0 0 43
A D 1 8
H 6 B 1 0 108 4 2 1 1 3
J N 6 1976 0 2 3457 288 1 7
K 0 0 43
A D 1 8
J N 6 1999 49 2 4321 288 1 7
K 0 0 43
A D 1 8
H 7 B 1 0 108 2 2 3
J R 6 2022 28 2 5185 288 0
K 0 0 49
A D 1 8
J F 0 2045 98 1 6049 288 0
K 0 0 205
J N 6 2045 0 3 6049 0 0
K 0 0 43
K 0 0 54
A D 1 8
J B 13 2073 1 82 6913 288 0
J F 0 2094 98 1 1 0 0
K 0 0 206
J N 6 2094 7 2 1 0 1 8
K 0 0 43
A D 1 8
J N 6 2118 14 2 865 288 1 8
K 0 0 43
A D 1 8
J F 0 2141 98 1 1729 288 0
K 0 0 205
J N 6 2141 7 2 1729 0 1 8
K 0 0 43
A D 1 8
J N 6 2165 21 2 2593 288 1 8
K 0 0 43
A D 1 8
H 8 B 1 0 108 4 2 1 1 3
J F 0 2188 98 1 3457 288 0
K 0 0 206
J N 6 2188 14 2 3457 0 1 9
K 0 0 43
A D 1 8
J N 6 2212 21 2 4321 288 1 9
K 0 0 43
A D 1 8
J F 0 2235 98 1 5185 288 0
K 0 0 205
J N 6 2235 14 2 5185 0 1 9
K 0 0 43
A D 1 8
J N 6 2259 28 2 6049 288 1 9
K 0 0 43
A D 1 8
H 9 B 1 0 108 4 2 1 1 3
J B 14 2286 1 82 6913 288 0
J F 0 2307 98 1 1 0 0
K 0 0 206
J N 7 2307 21 4 1 0 0
K 0 0 43
K 0 0 60
K 0 21 60
A D 2 8
J F 0 2337 98 1 1729 576 0
K 0 0 206
J N 7 2337 49 4 1729 0 0
K 0 0 43
K 0 0 59
K 0 -21 59
A D 2 8
J N 7 2367 28 4 3457 576 0
K 0 0 43
K 0 0 60
K 0 21 60
A D 2 8
J F 0 2397 98 1 5185 576 0
K 0 0 204
J N 7 2397 -21 7 5185 0 1 10
K 0 7 45
K 0 0 43
K 0 7 45
K 1 7 45
K 0 0 60
K 0 21 60
A D 2 8
J B 15 2431 1 82 6913 576 0
J F 0 2452 98 2 1 0 0
K 0 0 214
K 0 21 201
J N 7 2452 -21 7 1 0 1 10
K 0 7 45
K 0 0 43
K 0 7 45
K 1 7 45
K 0 0 60
K 0 21 60
A D 2 8
H 10 T -21 0 0 0 0 0 1 0
J F 0 2483 98 1 1729 576 0
K 0 0 205
J N 7 2483 -14 7 1729 0 0
K 0 0 45
K 0 0 43
K -1 0 45
K 2 0 45
K 0 0 60
K 0 21 60
A D 2 8
J F 0 2513 98 1 3457 576 0
K 0 0 206
J N 7 2513 -7 4 3457 0 0
K 0 0 43
K 0 0 60
K 0 21 60
A D 2 8
J F 0 2543 98 2 5185 576 0
K 0 0 206
K 0 21 213
J N 7 2543 21 4 5185 0 0
K 0 0 43
K 0 0 60
K 0 21 60
A D 2 8
J B 16 2577 1 82 6913 576 0
J N 7 2598 0 4 1 0 0
K 0 0 43
K 0 0 60
K 0 21 60
A D 2 8
J F 0 2628 98 1 1729 576 0
K 0 0 205
J N 7 2628 35 4 1729 0 0
K 0 0 43
K 0 0 59
K 0 -21 59
A D 2 8
J F 0 2658 98 2 3457 576 0
K 0 0 205
K 0 21 204
J N 7 2658 28 4 3457 0 0
K 0 0 43
K 0 0 60
K 0 21 60
A D 2 8
J F 0 2688 98 1 5185 576 0
K 0 0 213
J N 7 2688 21 4 5185 0 0
K 0 0 43
K 0 0 60
K 0 21 60
A D 2 8
J B 17 2722 1 82 6913 576 0
J N 7 2743 49 4 1 0 0
K 0 0 43
K 0 0 59
K 0 -21 59
A D 2 8
J R 7 2773 28 2 1729 576 0
K 0 0 48
A D 2 8
J R 8 2803 28 2 3457 576 0
K 0 0 47
A D 4 8
J B 18 2849 1 82 6913 1152 0
J R 9 2870 28 2 1 10000 0
K 0 0 46
A D 8 8
J B 19 2975 1 82 6913 2304 0
J F 0 2996 98 1 1 0 0
K 0 0 203
J N 8 2996 28 4 1 0 0
K 0 0 42
K 0 0 60
K 0 21 60
A D 4 8
J F 0 3026 98 1 1729 576 0
K 0 0 202
J F 0 3056 98 1 3457 576 0
K 0 0 208
J N 8 3056 21 4 3457 0 0
K 0 0 42
K 0 0 60
K 0 21 60
A D 4 8
J F 0 3086 98 1 5185 576 0
K 0 0 207
J B 20 3120 1 82 6913 576 0
J F 0 3141 98 1 1 0 0
K 0 0 206
J N 6 3141 14 2 1 0 1 11
K 0 0 43
A D 1 8
J N 6 3165 21 2 865 288 1 11
K 0 0 43
A D 1 8
J F 0 3188 98 1 1729 288 0
K 0 0 205
J N 6 3188 14 2 1729 0 1 11
K 0 0 43
A D 1 8
J N 6 3212 28 2 2593 288 1 11
K 0 0 43
A D 1 8
H 11 B 1 0 108 4 2 1 1 3
J F 0 3251 98 2 3457 288 0
K 0 0 205
K 0 21 204
J N 6 3251 7 3 3457 0 1 12
K -18 0 63
K 0 0 43
A D 1 8
J N 6 3278 7 2 4321 288 1 12
K 0 0 43
A D 1 8
J F 0 3318 98 2 5185 288 0
K 0 0 205
K 0 21 204
J N 6 3318 0 3 5185 0 1 12
K -18 0 63
K 0 0 43
A D 1 8
J N 6 3342 14 2 6049 288 1 12
K 0 0 43
A D 1 8
H 12 B 1 0 108 4 2 1 1 3
J B 21 3369 1 82 6913 288 0
J F 0 3390 98 1 1 0 0
K 0 0 208
J N 6 3390 -7 2 1 0 1 13
K 0 0 43
A D 1 8
J N 6 3417 -14 5 865 288 1 13
K 0 0 45
K 0 0 43
K -1 0 45
K 2 0 45
A D 1 8
J F 0 3440 98 1 1729 288 0
K 0 0 205
J N 6 3440 -21 5 1729 0 1 13
K 0 7 45
K 0 0 43
K 0 7 45
K 1 7 45
A D 1 8
J N 6 3464 28 2 2593 288 1 13
K 0 0 43
A D 1 8
H 13 B 1 0 108 4 2 1 1 3
J F 0 3487 98 2 3457 288 0
K 0 0 205
K 0 21 204
J N 6 3487 21 2 3457 0 1 14
K 0 0 43
A D 1 8
J N 6 3511 35 2 4321 288 1 14
K 0 0 43
A D 1 8
J F 0 3534 98 1 5185 288 0
K 0 0 213
J N 6 3534 14 2 5185 0 1 14
K 0 0 43
A D 1 8
J N 6 3557 63 2 6049 288 1 14
K 0 0 43
A D 1 8
H 14 B 0 0 108 4 2 1 1 3
J B 22 3584 1 82 6913 288 0
J N 7 3605 42 4 1 0 0
K 0 0 43
K 0 0 59
K 0 -21 59
A D 2 8
J F 0 3635 98 1 1729 576 0
K 0 0 204
J N 8 3635 -7 4 1729 0 0
K 0 0 42
K 0 0 60
K 0 21 60
A D 4 8
J F 0 3665 98 2 3457 576 0
K 0 0 203
K 0 21 201
J F 0 3695 98 1 5185 576 0
K 0 0 205
J N 7 3695 0 4 5185 0 0
K 0 0 43
K 0 0 60
K 0 21 60
A D 2 8
J B 23 3729 1 82 6913 576 0
J F 0 3750 98 1 1 0 0
K 0 0 206
J N 7 3750 7 4 1 0 0
K 0 0 43
K 0 0 60
K 0 21 60
A D 2 8
J N 7 3780 21 4 1729 576 0
K 0 0 43
K 0 0 60
K 0 21 60
A D 2 8
J F 0 3810 98 2 3457 576 0
K 0 0 206
K 0 21 213
J N 7 3810 14 4 3457 0 0
K 0 0 43
K 0 0 60
K 0 21 60
A D 2 8
J N 7 3840 42 4 5185 576 0
K 0 0 43
K 0 0 59
K 0 -21 59
A D 2 8
J B 24 3874 1 82 6913 576 0
J F 0 3895 98 2 1 0 0
K 0 0 205
K 0 21 203
J N 7 3895 14 4 1 0 0
K 0 0 43
K 0 0 60
K 0 21 60
A D 2 8
J F 0 3925 98 2 1729 576 0
K 0 0 204
K 0 21 213
J N 7 3925 63 4 1729 0 0
K 0 0 43
K 0 0 59
K 0 -21 59
A D 2 8
J N 7 3955 42 4 3457 576 0
K 0 0 43
K 0 0 59
K 0 -21 59
A D 2 8
J R 7 3985 28 2 5185 576 0
K 0 0 48
A D 2 8
J B 25 4019 1 82 6913 576 0
J R 9 4040 28 2 1 10000 0
K 0 0 46
A D 8 8
J B 26 4145 1 82 6913 2304 0
J R 9 4166 28 2 1 10000 0
K 0 0 46
A D 8 8
J B 27 4271 1 82 6913 2304 0
J N 7 4292 0 5 1 0 0
K 0 0 43
K 24 -6 44
K 0 0 60
K 0 21 60
A D 3 8
J N 6 4329 14 3 2593 864 0
K 0 0 43
K 0 0 54
A D 1 8
J F 0 4352 98 1 3457 288 0
K 0 0 208
J N 6 4352 7 2 3457 0 1 15
K 0 0 43
A D 1 8
J N 6 4379 0 2 4321 288 1 15
K 0 0 43
A D 1 8
J F 0 4402 98 1 5185 288 0
K 0 0 205
J N 6 4402 -7 2 5185 0 1 15
K 0 0 43
A D 1 8
J N 6 4429 -14 5 6049 288 1 15
K 0 0 45
K 0 0 43
K -1 0 45
K 2 0 45
A D 1 8
H 15 B 1 0 108 4 2 1 1 3
J B 28 4456 1 82 6913 288 0
J F 0 4477 98 1 1 0 0
K 0 0 203
J N 6 4477 -21 5 1 0 1 16
K 0 7 45
K 0 0 43
K 0 7 45
K 1 7 45
A D 1 8
J N 6 4501 28 2 865 288 1 16
K 0 0 43
A D 1 8
J F 0 4524 98 1 1729 288 0
K 0 0 205
J N 6 4524 14 2 1729 0 1 16
K 0 0 43
A D 1 8
J N 6 4548 28 2 2593 288 1 16
K 0 0 43
A D 1 8
H 16 B 1 0 108 4 2 1 1 3
J F 0 4571 98 1 3457 288 0
K 0 0 203
J N 6 4571 0 2 3457 0 1 17
K 0 0 43
A D 1 8
J N 6 4598 -7 2 4321 288 1 17
K 0 0 43
A D 1 8
J F 0 4621 98 1 5185 288 0
K 0 0 205
J N 6 4621 -14 5 5185 0 1 17
K 0 0 45
K 0 0 43
K -1 0 45
K 2 0 45
A D 1 8
J N 6 4645 0 2 6049 288 1 17
K 0 0 43
A D 1 8
H 17 B 1 0 108 4 2 1 1 3
J B 29 4672 1 82 6913 288 0
J F 0 4693 98 1 1 0 0
K 0 0 203
J N 6 4693 -28 6 1 0 1 18
K 0 14 45
K 0 0 45
K 0 0 43
K -1 0 45
K 2 0 45
A D 1 8
J N 6 4717 21 2 865 288 1 18
K 0 0 43
A D 1 8
J F 0 4740 98 1 1729 288 0
K 0 0 205
J N 6 4740 7 2 1729 0 1 18
K 0 0 43
A D 1 8
J N 6 4764 21 2 2593 288 1 18
K 0 0 43
A D 1 8
H 18 B 1 0 108 4 2 1 1 3
J F 0 4787 98 1 3457 288 0
K 0 0 203
J N 6 4787 -7 2 3457 0 1 19
K 0 0 43
A D 1 8
J N 6 4814 -14 5 4321 288 1 19
K 0 0 45
K 0 0 43
K -1 0 45
K 2 0 45
A D 1 8
J F 0 4837 98 1 5185 288 0
K 0 0 205
J N 6 4837 -21 5 5185 0 1 19
K 0 7 45
K 0 0 43
K 0 7 45
K 1 7 45
A D 1 8
J N 6 4861 -7 2 6049 288 1 19
K 0 0 43
A D 1 8
H 19 B 1 0 108 4 2 1 1 3
J B 30 4888 1 82 6913 288 0
J F 0 4909 98 1 1 0 0
K 0 0 203
J N 6 4909 -35 6 1 0 1 20
K 0 21 45
K 0 7 45
K 0 0 43
K 0 7 45
K 1 7 45
A D 1 8
J N 6 4933 14 2 865 288 1 20
K 0 0 43
A D 1 8
J F 0 4956 98 1 1729 288 0
K 0 0 205
J N 6 4956 0 2 1729 0 1 20
K 0 0 43
A D 1 8
J N 6 4980 14 2 2593 288 1 20
K 0 0 43
A D 1 8
H 20 B 1 0 108 4 2 1 1 3
J F 0 5003 98 1 3457 288 0
K 0 0 208
J N 6 5003 7 2 3457 0 1 21
K 0 0 43
A D 1 8
J N 6 5030 0 2 4321 288 1 21
K 0 0 43
A D 1 8
J F 0 5053 98 1 5185 288 0
K 0 0 205
J N 6 5053 -7 2 5185 0 1 21
K 0 0 43
A D 1 8
J N 6 5080 -14 5 6049 288 1 21
K 0 0 45
K 0 0 43
K -1 0 45
K 2 0 45
A D 1 8
H 21 B 1 0 108 4 2 1 1 3
J B 31 5107 1 82 6913 288 0
J F 0 5128 98 1 1 0 0
K 0 0 203
J N 8 5128 28 4 1 0 0
K 0 0 42
K 0 0 60
K 0 21 60
A D 4 8
J F 0 5158 98 1 1729 576 0
K 0 0 202
J F 0 5188 98 1 3457 576 0
K 0 0 208
J N 8 5188 21 4 3457 0 0
K 0 0 42
K 0 0 60
K 0 21 60
A D 4 8
J F 0 5218 98 1 5185 576 0
K 0 0 207
J B 32 5252 1 82 6913 576 0
J F 0 5273 98 1 1 0 0
K 0 0 206
J N 6 5273 14 2 1 0 1 22
K 0 0 43
A D 1 8
J N 6 5297 21 2 865 288 1 22
K 0 0 43
A D 1 8
J F 0 5320 98 1 1729 288 0
K 0 0 205
J N 6 5320 14 2 1729 0 1 22
K 0 0 43
A D 1 8
J N 6 5365 7 3 2593 288 1 22
K -18 0 63
K 0 0 43
A D 1 8
H 22 B 1 0 108 4 2 1 1 3
J F 0 5388 98 1 3457 288 0
K 0 0 203
J N 6 5388 0 2 3457 0 1 23
K 0 0 43
A D 1 8
J N 6 5415 -7 2 4321 288 1 23
K 0 0 43
A D 1 8
J N 6 5441 -14 5 5185 288 1 23
K 0 0 45
K 0 0 43
K -1 0 45
K 2 0 45
A D 1 8
J F 0 5480 98 1 6049 288 0
K 0 0 205
J N 6 5480 0 3 6049 0 1 23
K -18 0 63
K 0 0 43
A D 1 8
H 23 B 1 0 108 4 2 1 1 3
J B 33 5508 1 82 6913 288 0
J F 0 5529 98 1 1 0 0
K 0 0 208
J N 6 5529 -7 2 1 0 1 24
K 0 0 43
A D 1 8
J N 6 5553 42 2 865 288 1 24
K 0 0 43
A D 1 8
J F 0 5576 98 1 1729 288 0
K 0 0 205
J N 6 5576 28 2 1729 0 1 24
K 0 0 43
A D 1 8
J N 6 5600 42 2 2593 288 1 24
K 0 0 43
A D 1 8
H 24 B 1 0 108 4 2 1 1 3
J F 0 5623 98 1 3457 288 0
K 0 0 203
J N 6 5623 14 2 3457 0 1 25
K 0 0 43
A D 1 8
J N 6 5650 7 2 4321 288 1 25
K 0 0 43
A D 1 8
J N 6 5676 0 2 5185 288 1 25
K 0 0 43
A D 1 8
J N 6 5699 14 2 6049 288 1 25
K 0 0 43
A D 1 8
H 25 B 1 0 108 4 2 1 1 3
J B 34 5726 1 82 6913 288 0
J F 0 5747 98 1 1 0 0
K 0 0 208
J N 6 5747 7 2 1 0 1 26
K 0 0 43
A D 1 8
J N 6 5774 0 2 865 288 1 26
K 0 0 43
A D 1 8
J F 0 5797 98 1 1729 288 0
K 0 0 205
J N 6 5797 -7 2 1729 0 1 26
K 0 0 43
A D 1 8
J N 6 5824 -14 5 2593 288 1 26
K 0 0 45
K 0 0 43
K -1 0 45
K 2 0 45
A D 1 8
H 26 B 1 0 108 4 2 1 1 3
J F 0 5847 98 1 3457 288 0
K 0 0 203
J N 6 5847 -21 5 3457 0 1 27
K 0 7 45
K 0 0 43
K 0 7 45
K 1 7 45
A D 1 8
J N 6 5871 28 2 4321 288 1 27
K 0 0 43
A D 1 8
J N 6 5897 14 2 5185 288 1 27
K 0 0 43
A D 1 8
J N 6 5920 28 2 6049 288 1 27
K 0 0 43
A D 1 8
H 27 B 1 0 108 4 2 1 1 3
J B 35 5947 1 82 6913 288 0
J D 5 5968 -42 1 1 0 0
W 0 0 37 Adagio
J F 0 5968 98 1 1 0 0
K 0 0 206
J N 7 5968 56 4 1 0 0
K 0 0 43
K 0 0 59
K 0 -21 59
A D 2 8
J F 0 6008 98 3 1729 576 0
K 0 0 206
K 15 0 218
K 0 21 204
J N 7 6008 56 5 1729 0 0
K -18 0 63
K 0 0 43
K 0 0 59
K 0 -21 59
A D 2 8
J F 0 6041 98 1 3457 576 0
K 0 0 203
J N 8 6041 49 4 3457 0 0
K 0 0 42
K 0 0 59
K 0 -21 59
A D 4 8
J F 0 6071 98 1 5185 576 0
K 0 0 202
J B 36 6105 1 82 6913 576 0
J N 9 6126 77 6 1 0 0
K 1 -7 45
K 7 -7 45
K 0 0 41
K 0 -7 45
K 1 -7 45
A D 8 8
J B 0 6206 6 2 6913 2304 0
K -13 0 82
K -6 0 84
J M 0 6206 0 0 10000 0 0
