@ SOURCE: not identified 
L 0 0 14 !39Basso concerto grosso
J D 4 500 -120 1 6913 0 0
W 0 0 44 V
J D 1 75 -37 1 6913 0 0
W 0 -56 44 V:  Basso concerto grosso
J C 22 5 14 36 6913 0 0
J K 2 57 0 2 6913 0 0
K 0 14 63
K 15 35 63
J D 5 103 -42 1 6913 0 0
W 0 0 37 Allegro
J T 101 103 42 1 6913 0 0
K 0 0 37
J R 9 151 28 2 1 10000 0
K 0 0 46
A D 8 8
J B 2 256 1 82 6913 2304 0
J R 9 277 28 2 1 10000 0
K 0 0 46
A D 8 8
J B 3 382 1 82 6913 2304 0
J R 9 403 28 2 1 10000 0
K 0 0 46
A D 8 8
J B 4 508 1 82 6913 2304 0
J R 9 529 28 2 1 10000 0
K 0 0 46
A D 8 8
J B 5 634 1 82 6913 2304 0
J R 9 655 28 2 1 10000 0
K 0 0 46
A D 8 8
J B 6 760 1 82 6913 2304 0
J R 9 781 28 2 1 10000 0
K 0 0 46
A D 8 8
J B 7 886 1 82 6913 2304 0
J R 9 907 28 2 1 10000 0
K 0 0 46
A D 8 8
J B 8 1012 1 82 6913 2304 0
J R 9 1033 28 2 1 10000 0
K 0 0 46
A D 8 8
J B 9 1138 1 82 6913 2304 0
J F 0 1159 98 1 1 0 0
K 0 0 203
J N 8 1159 28 4 1 0 0
K 0 0 42
K 0 0 60
K 0 21 60
A D 4 8
J F 0 1189 98 1 1729 576 0
K 0 0 202
J F 0 1219 98 1 3457 576 0
K 0 0 208
J N 8 1219 21 4 3457 0 0
K 0 0 42
K 0 0 60
K 0 21 60
A D 4 8
J F 0 1249 98 1 5185 576 0
K 0 0 207
J B 10 1283 1 82 6913 576 0
J F 0 1304 98 1 1 0 0
K 0 0 206
J N 6 1304 14 2 1 0 1 1
K 0 0 43
A D 1 8
J N 6 1331 -7 2 865 288 1 1
K 0 0 43
A D 1 8
J N 6 1354 0 2 1729 288 1 1
K 0 0 43
A D 1 8
J N 6 1380 -7 2 2593 288 1 1
K 0 0 43
A D 1 8
H 1 B 1 0 108 4 2 1 1 3
J F 0 1403 98 1 3457 288 0
K 0 0 206
J N 6 1403 21 2 3457 0 1 2
K 0 0 43
A D 1 8
J N 6 1430 0 2 4321 288 1 2
K 0 0 43
A D 1 8
J N 6 1453 7 2 5185 288 1 2
K 0 0 43
A D 1 8
J N 6 1479 0 2 6049 288 1 2
K 0 0 43
A D 1 8
H 2 B 1 0 108 4 2 1 1 3
J B 11 1506 1 82 6913 288 0
J F 0 1527 98 0 1 0 0
J N 7 1527 28 5 1 0 0
K 0 0 43
K 24 -6 44
K 0 0 60
K 0 21 60
A D 3 8
J F 0 1557 98 1 1729 576 0
K 0 0 205
J N 6 1581 -21 7 2593 288 0
K 0 7 45
K 0 0 43
K 0 7 45
K 1 7 45
K 0 0 60
K 0 0 54
A D 1 8
J F 0 1604 98 1 3457 288 0
K 0 0 206
J N 6 1604 -14 5 3457 0 1 3
K 0 0 45
K 0 0 43
K -1 0 45
K 2 0 45
A D 1 8
J N 6 1628 -7 2 4321 288 1 3
K 0 0 43
A D 1 8
J F 0 1651 98 1 5185 288 0
K 0 0 205
J N 6 1651 -14 5 5185 0 1 3
K 0 0 45
K 0 0 43
K -1 0 45
K 2 0 45
A D 1 8
J N 6 1675 0 2 6049 288 1 3
K 0 0 43
A D 1 8
H 3 B 1 0 108 4 2 1 1 3
J B 12 1702 1 82 6913 288 0
J F 0 1723 98 1 1 0 0
K 0 0 206
J N 6 1723 -7 2 1 0 1 4
K 0 0 43
A D 1 8
J N 6 1747 0 2 865 288 1 4
K 0 0 43
A D 1 8
J F 0 1770 98 1 1729 288 0
K 0 0 216
J N 6 1770 -7 2 1729 0 1 4
K 0 0 43
A D 1 8
J N 6 1799 21 2 2593 288 1 4
K 0 0 43
A D 1 8
H 4 B 1 0 108 4 2 1 1 3
J N 6 1825 0 2 3457 288 1 5
K 0 0 43
A D 1 8
J N 6 1848 49 2 4321 288 1 5
K 0 0 43
A D 1 8
H 5 B 1 0 108 2 2 3
J R 6 1871 28 2 5185 288 0
K 0 0 49
A D 1 8
J F 0 1894 98 1 6049 288 0
K 0 0 205
J N 6 1894 0 3 6049 0 0
K 0 0 43
K 0 0 54
A D 1 8
J B 13 1922 1 82 6913 288 0
J F 0 1943 98 1 1 0 0
K 0 0 206
J N 6 1943 7 2 1 0 1 6
K 0 0 43
A D 1 8
J N 6 1967 14 2 865 288 1 6
K 0 0 43
A D 1 8
J F 0 1990 98 1 1729 288 0
K 0 0 205
J N 6 1990 7 2 1729 0 1 6
K 0 0 43
A D 1 8
J N 6 2014 21 2 2593 288 1 6
K 0 0 43
A D 1 8
H 6 B 1 0 108 4 2 1 1 3
J F 0 2037 98 1 3457 288 0
K 0 0 206
J N 6 2037 14 2 3457 0 1 7
K 0 0 43
A D 1 8
J N 6 2061 21 2 4321 288 1 7
K 0 0 43
A D 1 8
J F 0 2084 98 1 5185 288 0
K 0 0 205
J N 6 2084 14 2 5185 0 1 7
K 0 0 43
A D 1 8
J N 6 2108 28 2 6049 288 1 7
K 0 0 43
A D 1 8
H 7 B 1 0 108 4 2 1 1 3
J B 14 2135 1 82 6913 288 0
J F 0 2156 98 1 1 0 0
K 0 0 206
J N 7 2156 21 4 1 0 0
K 0 0 43
K 0 0 60
K 0 21 60
A D 2 8
J F 0 2186 98 1 1729 576 0
K 0 0 206
J N 7 2186 49 4 1729 0 0
K 0 0 43
K 0 0 59
K 0 -21 59
A D 2 8
J N 7 2216 28 4 3457 576 0
K 0 0 43
K 0 0 60
K 0 21 60
A D 2 8
J F 0 2246 98 1 5185 576 0
K 0 0 204
J N 7 2246 -21 7 5185 0 1 8
K 0 7 45
K 0 0 43
K 0 7 45
K 1 7 45
K 0 0 60
K 0 21 60
A D 2 8
J B 15 2280 1 82 6913 576 0
J F 0 2301 98 2 1 0 0
K 0 0 214
K 0 21 201
J N 7 2301 -21 7 1 0 1 8
K 0 7 45
K 0 0 43
K 0 7 45
K 1 7 45
K 0 0 60
K 0 21 60
A D 2 8
H 8 T -21 0 0 0 0 0 1 0
J F 0 2332 98 1 1729 576 0
K 0 0 205
J N 7 2332 -14 7 1729 0 0
K 0 0 45
K 0 0 43
K -1 0 45
K 2 0 45
K 0 0 60
K 0 21 60
A D 2 8
J F 0 2362 98 1 3457 576 0
K 0 0 206
J N 7 2362 -7 4 3457 0 0
K 0 0 43
K 0 0 60
K 0 21 60
A D 2 8
J F 0 2392 98 2 5185 576 0
K 0 0 206
K 0 21 213
J N 7 2392 21 4 5185 0 0
K 0 0 43
K 0 0 60
K 0 21 60
A D 2 8
J B 16 2426 1 82 6913 576 0
J N 7 2447 0 4 1 0 0
K 0 0 43
K 0 0 60
K 0 21 60
A D 2 8
J F 0 2477 98 1 1729 576 0
K 0 0 205
J N 7 2477 35 4 1729 0 0
K 0 0 43
K 0 0 59
K 0 -21 59
A D 2 8
J F 0 2507 98 2 3457 576 0
K 0 0 205
K 0 21 204
J N 7 2507 28 4 3457 0 0
K 0 0 43
K 0 0 60
K 0 21 60
A D 2 8
J F 0 2537 98 1 5185 576 0
K 0 0 213
J N 7 2537 21 4 5185 0 0
K 0 0 43
K 0 0 60
K 0 21 60
A D 2 8
J B 17 2571 1 82 6913 576 0
J N 7 2592 49 4 1 0 0
K 0 0 43
K 0 0 59
K 0 -21 59
A D 2 8
J R 7 2622 28 2 1729 576 0
K 0 0 48
A D 2 8
J R 8 2652 28 2 3457 576 0
K 0 0 47
A D 4 8
J B 18 2698 1 82 6913 1152 0
J R 9 2719 28 2 1 10000 0
K 0 0 46
A D 8 8
J B 19 2824 1 82 6913 2304 0
J F 0 2845 98 1 1 0 0
K 0 0 203
J N 8 2845 28 4 1 0 0
K 0 0 42
K 0 0 60
K 0 21 60
A D 4 8
J F 0 2875 98 1 1729 576 0
K 0 0 202
J F 0 2905 98 1 3457 576 0
K 0 0 208
J N 8 2905 21 4 3457 0 0
K 0 0 42
K 0 0 60
K 0 21 60
A D 4 8
J F 0 2935 98 1 5185 576 0
K 0 0 207
J B 20 2969 1 82 6913 576 0
J F 0 2990 98 1 1 0 0
K 0 0 206
J N 6 2990 14 2 1 0 1 9
K 0 0 43
A D 1 8
J N 6 3014 21 2 865 288 1 9
K 0 0 43
A D 1 8
J F 0 3037 98 1 1729 288 0
K 0 0 205
J N 6 3037 14 2 1729 0 1 9
K 0 0 43
A D 1 8
J N 6 3061 28 2 2593 288 1 9
K 0 0 43
A D 1 8
H 9 B 1 0 108 4 2 1 1 3
J F 0 3100 98 2 3457 288 0
K 0 0 205
K 0 21 204
J N 6 3100 7 3 3457 0 1 10
K -18 0 63
K 0 0 43
A D 1 8
J N 6 3127 7 2 4321 288 1 10
K 0 0 43
A D 1 8
J F 0 3167 98 2 5185 288 0
K 0 0 205
K 0 21 204
J N 6 3167 0 3 5185 0 1 10
K -18 0 63
K 0 0 43
A D 1 8
J N 6 3191 14 2 6049 288 1 10
K 0 0 43
A D 1 8
H 10 B 1 0 108 4 2 1 1 3
J B 21 3218 1 82 6913 288 0
J F 0 3239 98 1 1 0 0
K 0 0 208
J N 6 3239 -7 2 1 0 1 11
K 0 0 43
A D 1 8
J N 6 3266 -14 5 865 288 1 11
K 0 0 45
K 0 0 43
K -1 0 45
K 2 0 45
A D 1 8
J F 0 3289 98 1 1729 288 0
K 0 0 205
J N 6 3289 -21 5 1729 0 1 11
K 0 7 45
K 0 0 43
K 0 7 45
K 1 7 45
A D 1 8
J N 6 3313 28 2 2593 288 1 11
K 0 0 43
A D 1 8
H 11 B 1 0 108 4 2 1 1 3
J F 0 3336 98 2 3457 288 0
K 0 0 205
K 0 21 204
J N 6 3336 21 2 3457 0 1 12
K 0 0 43
A D 1 8
J N 6 3360 35 2 4321 288 1 12
K 0 0 43
A D 1 8
J F 0 3383 98 1 5185 288 0
K 0 0 213
J N 6 3383 14 2 5185 0 1 12
K 0 0 43
A D 1 8
J N 6 3406 63 2 6049 288 1 12
K 0 0 43
A D 1 8
H 12 B 0 0 108 4 2 1 1 3
J B 22 3433 1 82 6913 288 0
J N 7 3454 42 4 1 0 0
K 0 0 43
K 0 0 59
K 0 -21 59
A D 2 8
J F 0 3484 98 1 1729 576 0
K 0 0 204
J N 8 3484 -7 4 1729 0 0
K 0 0 42
K 0 0 60
K 0 21 60
A D 4 8
J F 0 3514 98 2 3457 576 0
K 0 0 203
K 0 21 201
J F 0 3544 98 1 5185 576 0
K 0 0 205
J N 7 3544 0 4 5185 0 0
K 0 0 43
K 0 0 60
K 0 21 60
A D 2 8
J B 23 3578 1 82 6913 576 0
J F 0 3599 98 1 1 0 0
K 0 0 206
J N 7 3599 7 4 1 0 0
K 0 0 43
K 0 0 60
K 0 21 60
A D 2 8
J N 7 3629 21 4 1729 576 0
K 0 0 43
K 0 0 60
K 0 21 60
A D 2 8
J F 0 3659 98 2 3457 576 0
K 0 0 206
K 0 21 213
J N 7 3659 14 4 3457 0 0
K 0 0 43
K 0 0 60
K 0 21 60
A D 2 8
J N 7 3689 42 4 5185 576 0
K 0 0 43
K 0 0 59
K 0 -21 59
A D 2 8
J B 24 3723 1 82 6913 576 0
J F 0 3744 98 2 1 0 0
K 0 0 205
K 0 21 203
J N 7 3744 14 4 1 0 0
K 0 0 43
K 0 0 60
K 0 21 60
A D 2 8
J F 0 3774 98 2 1729 576 0
K 0 0 204
K 0 21 213
J N 7 3774 63 4 1729 0 0
K 0 0 43
K 0 0 59
K 0 -21 59
A D 2 8
J N 7 3804 42 4 3457 576 0
K 0 0 43
K 0 0 59
K 0 -21 59
A D 2 8
J R 7 3834 28 2 5185 576 0
K 0 0 48
A D 2 8
J B 25 3868 1 82 6913 576 0
J R 9 3889 28 2 1 10000 0
K 0 0 46
A D 8 8
J B 26 3994 1 82 6913 2304 0
J R 9 4015 28 2 1 10000 0
K 0 0 46
A D 8 8
J B 27 4120 1 82 6913 2304 0
J R 9 4141 28 2 1 10000 0
K 0 0 46
A D 8 8
J B 28 4246 1 82 6913 2304 0
J F 0 4267 98 1 1 0 0
K 0 0 203
J N 7 4267 28 4 1 0 0
K 0 0 43
K 0 0 60
K 0 21 60
A D 2 8
J F 0 4297 98 1 1729 576 0
K 0 0 202
J R 7 4297 28 2 1729 0 0
K 0 0 48
A D 2 8
J F 0 4327 98 1 3457 576 0
K 0 0 203
J N 7 4327 0 4 3457 0 0
K 0 0 43
K 0 0 60
K 0 21 60
A D 2 8
J F 0 4357 98 1 5185 576 0
K 0 0 202
J R 7 4357 28 2 5185 0 0
K 0 0 48
A D 2 8
J B 29 4391 1 82 6913 576 0
J F 0 4412 98 1 1 0 0
K 0 0 203
J N 7 4412 21 4 1 0 0
K 0 0 43
K 0 0 60
K 0 21 60
A D 2 8
J F 0 4442 98 1 1729 576 0
K 0 0 202
J R 7 4442 28 2 1729 0 0
K 0 0 48
A D 2 8
J F 0 4472 98 1 3457 576 0
K 0 0 203
J N 7 4472 -7 4 3457 0 0
K 0 0 43
K 0 0 60
K 0 21 60
A D 2 8
J F 0 4502 98 1 5185 576 0
K 0 0 202
J R 7 4502 28 2 5185 0 0
K 0 0 48
A D 2 8
J B 30 4536 1 82 6913 576 0
J F 0 4557 98 1 1 0 0
K 0 0 203
J N 7 4557 14 4 1 0 0
K 0 0 43
K 0 0 60
K 0 21 60
A D 2 8
J F 0 4587 98 1 1729 576 0
K 0 0 202
J R 7 4587 28 2 1729 0 0
K 0 0 48
A D 2 8
J F 0 4617 98 1 3457 576 0
K 0 0 208
J N 7 4617 7 4 3457 0 0
K 0 0 43
K 0 0 60
K 0 21 60
A D 2 8
J F 0 4647 98 1 5185 576 0
K 0 0 207
J R 7 4647 28 2 5185 0 0
K 0 0 48
A D 2 8
J B 31 4681 1 82 6913 576 0
J F 0 4702 98 1 1 0 0
K 0 0 203
J N 8 4702 28 4 1 0 0
K 0 0 42
K 0 0 60
K 0 21 60
A D 4 8
J F 0 4732 98 1 1729 576 0
K 0 0 202
J F 0 4762 98 1 3457 576 0
K 0 0 208
J N 8 4762 21 4 3457 0 0
K 0 0 42
K 0 0 60
K 0 21 60
A D 4 8
J F 0 4792 98 1 5185 576 0
K 0 0 207
J B 32 4826 1 82 6913 576 0
J F 0 4847 98 1 1 0 0
K 0 0 206
J N 6 4847 14 2 1 0 1 13
K 0 0 43
A D 1 8
J N 6 4871 21 2 865 288 1 13
K 0 0 43
A D 1 8
J F 0 4894 98 1 1729 288 0
K 0 0 205
J N 6 4894 14 2 1729 0 1 13
K 0 0 43
A D 1 8
J N 6 4939 7 3 2593 288 1 13
K -18 0 63
K 0 0 43
A D 1 8
H 13 B 1 0 108 4 2 1 1 3
J F 0 4962 98 1 3457 288 0
K 0 0 203
J N 6 4962 0 2 3457 0 1 14
K 0 0 43
A D 1 8
J N 6 4989 -7 2 4321 288 1 14
K 0 0 43
A D 1 8
J N 6 5015 -14 5 5185 288 1 14
K 0 0 45
K 0 0 43
K -1 0 45
K 2 0 45
A D 1 8
J F 0 5054 98 1 6049 288 0
K 0 0 205
J N 6 5054 0 3 6049 0 1 14
K -18 0 63
K 0 0 43
A D 1 8
H 14 B 1 0 108 4 2 1 1 3
J B 33 5082 1 82 6913 288 0
J F 0 5103 98 1 1 0 0
K 0 0 208
J N 6 5103 -7 2 1 0 1 15
K 0 0 43
A D 1 8
J N 6 5127 42 2 865 288 1 15
K 0 0 43
A D 1 8
J F 0 5150 98 1 1729 288 0
K 0 0 205
J N 6 5150 28 2 1729 0 1 15
K 0 0 43
A D 1 8
J N 6 5174 42 2 2593 288 1 15
K 0 0 43
A D 1 8
H 15 B 1 0 108 4 2 1 1 3
J F 0 5197 98 1 3457 288 0
K 0 0 203
J N 6 5197 14 2 3457 0 1 16
K 0 0 43
A D 1 8
J N 6 5224 7 2 4321 288 1 16
K 0 0 43
A D 1 8
J N 6 5250 0 2 5185 288 1 16
K 0 0 43
A D 1 8
J N 6 5273 14 2 6049 288 1 16
K 0 0 43
A D 1 8
H 16 B 1 0 108 4 2 1 1 3
J B 34 5300 1 82 6913 288 0
J F 0 5321 98 1 1 0 0
K 0 0 208
J N 6 5321 7 2 1 0 1 17
K 0 0 43
A D 1 8
J N 6 5348 0 2 865 288 1 17
K 0 0 43
A D 1 8
J F 0 5371 98 1 1729 288 0
K 0 0 205
J N 6 5371 -7 2 1729 0 1 17
K 0 0 43
A D 1 8
J N 6 5398 -14 5 2593 288 1 17
K 0 0 45
K 0 0 43
K -1 0 45
K 2 0 45
A D 1 8
H 17 B 1 0 108 4 2 1 1 3
J F 0 5421 98 1 3457 288 0
K 0 0 203
J N 6 5421 -21 5 3457 0 1 18
K 0 7 45
K 0 0 43
K 0 7 45
K 1 7 45
A D 1 8
J N 6 5445 28 2 4321 288 1 18
K 0 0 43
A D 1 8
J N 6 5471 14 2 5185 288 1 18
K 0 0 43
A D 1 8
J N 6 5494 28 2 6049 288 1 18
K 0 0 43
A D 1 8
H 18 B 1 0 108 4 2 1 1 3
J B 35 5521 1 82 6913 288 0
J D 5 5542 -42 1 1 0 0
W 0 0 37 Adagio
J F 0 5542 98 1 1 0 0
K 0 0 206
J N 7 5542 56 4 1 0 0
K 0 0 43
K 0 0 59
K 0 -21 59
A D 2 8
J F 0 5582 98 3 1729 576 0
K 0 0 206
K 15 0 218
K 0 21 204
J N 7 5582 56 5 1729 0 0
K -18 0 63
K 0 0 43
K 0 0 59
K 0 -21 59
A D 2 8
J F 0 5615 98 1 3457 576 0
K 0 0 203
J N 8 5615 49 4 3457 0 0
K 0 0 42
K 0 0 59
K 0 -21 59
A D 4 8
J F 0 5645 98 1 5185 576 0
K 0 0 202
J B 36 5679 1 82 6913 576 0
J N 9 5700 77 6 1 0 0
K 1 -7 45
K 7 -7 45
K 0 0 41
K 0 -7 45
K 1 -7 45
A D 8 8
J B 0 5780 6 2 6913 2304 0
K -13 0 82
K -6 0 84
J M 0 5780 0 0 10000 0 0
