@ SOURCE: not identified 
L 0 0 14 !39Violino 1
J D 4 500 -120 1 6913 0 0
W 0 0 44 
J D 1 75 -37 1 6913 0 0
W 0 -56 44 :  Violino 1
J C 4 5 42 2 6913 0 0
K 0 0 33
K 0 0 34
J K -2 57 0 2 6913 0 0
K 0 28 65
K 13 7 65
J D 5 99 -42 1 6913 0 0
W 0 0 37 Largo
J T 101 99 42 1 6913 0 0
K 0 0 37
J N 7 147 -7 5 1 0 0
K 0 0 43
K 25 0 44
K 0 0 60
K 0 21 60
A D 12 32
J R 5 211 28 3 2593 864 0
K 0 14 49
K 4 0 50
A D 2 32
J N 5 243 -7 3 3025 144 0
K 0 0 43
K 0 0 56
A D 2 32
J N 7 271 -7 5 3457 144 0
K 0 0 43
K 25 0 44
K 0 0 60
K 0 21 60
A D 12 32
J R 5 335 28 3 6049 864 0
K 0 14 49
K 4 0 50
A D 2 32
J N 5 367 -7 3 6481 144 0
K 0 0 43
K 0 0 56
A D 2 32
J B 2 399 1 82 6913 144 0
J N 6 423 -14 6 1 0 1 1
K 0 0 45
K -15 0 65
K 0 0 43
K -1 0 45
K 2 0 45
A D 4 32
J N 6 459 -7 2 865 288 1 1
K 0 0 43
A D 4 32
J N 6 495 0 3 1729 288 1 1
K 0 0 43
K 24 -6 44
A D 6 32
J N 5 539 -7 2 3025 432 1 1
K 0 0 43
A D 2 32
H 1 B 1 0 108 4 2 1 1 53
J N 7 567 -7 4 3457 144 0
K 0 0 43
K 0 0 60
K 0 21 60
A D 8 32
J R 7 617 28 3 5185 576 0
K 0 0 48
K -2 -35 101
A D 8 32
J B 3 671 1 82 6913 576 0
J N 7 692 28 5 1 0 0
K 0 0 43
K 24 -6 44
K 0 0 60
K 0 21 60
A D 12 32
J R 5 756 28 3 2593 864 0
K 0 14 49
K 4 0 50
A D 2 32
J N 5 788 28 3 3025 144 0
K 0 0 43
K 0 0 56
A D 2 32
J N 7 816 28 5 3457 144 0
K 0 0 43
K 24 -6 44
K 0 0 60
K 0 21 60
A D 12 32
J R 5 880 28 3 6049 864 0
K 0 14 49
K 4 0 50
A D 2 32
J N 5 912 28 4 6481 144 0
K 0 0 43
K 0 70 108
K 0 0 56
A D 2 32
J B 4 944 1 82 6913 144 0
J N 6 965 21 2 1 0 1 2
K 0 0 43
A D 4 32
J N 6 1001 28 2 865 288 1 2
K 0 0 43
A D 4 32
J N 6 1037 35 3 1729 288 1 2
K 0 0 43
K 25 0 44
A D 6 32
J N 5 1081 28 2 3025 432 1 2
K 0 0 43
A D 2 32
H 2 B 1 0 108 4 2 1 1 53
J N 7 1109 28 4 3457 144 0
K 0 0 43
K 0 0 60
K 0 21 60
A D 8 32
J R 6 1159 28 2 5185 576 0
K 0 0 49
A D 4 32
J D 0 1177 0 1 6049 288 0
W 0 -39 33 !31|Soli
J N 6 1195 -21 7 6049 0 0
K 0 7 45
K 0 0 43
K 0 7 45
K 1 7 45
K 0 0 60
K 0 0 54
A D 4 32
J B 5 1235 1 82 6913 288 0
J N 6 1256 -28 6 1 0 1 3
K 0 14 45
K 0 0 45
K 0 0 43
K -1 0 45
K 2 0 45
A D 4 32
J N 6 1292 7 2 865 288 1 3
K 0 0 43
A D 4 32
J N 6 1328 7 2 1729 288 1 3
K 0 0 43
A D 4 32
J N 6 1364 7 2 2593 288 1 3
K 0 0 43
A D 4 32
H 3 B 1 0 108 4 2 1 1 3
J N 8 1400 7 4 3457 288 1 4
K 0 0 42
K 0 0 60
K 0 21 60
A D 16 32
J B 6 1479 1 82 6913 1152 0
J N 8 1500 7 4 1 0 1 4
K 0 0 42
K 0 0 60
K 0 21 60
A D 16 32
H 4 T 7 0 0 0 0 0 1 0
J N 7 1575 14 5 3457 1152 0
K 0 0 43
K 24 -6 44
K 0 0 60
K 0 21 60
A D 12 32
J R 5 1639 28 3 6049 864 0
K 0 14 49
K 4 0 50
A D 2 32
J D 0 1645 0 1 6481 144 0
W 0 -39 33 !31|Tutti
J N 5 1671 -21 7 6481 0 0
K 0 7 45
K 0 0 43
K 0 7 45
K 1 7 45
K 0 0 60
K 0 0 56
A D 2 32
J B 7 1703 1 82 6913 144 0
J N 6 1724 -21 6 1 0 1 5
K 0 7 45
K 0 0 43
K 0 7 45
K 1 7 45
K 25 0 44
A D 6 32
J N 5 1768 7 2 1297 432 1 5
K 0 0 43
A D 2 32
J N 6 1796 -14 7 1729 144 1 5
K 0 0 45
K -15 0 65
K 0 0 43
K -1 0 45
K 2 0 45
K 24 -6 44
A D 6 32
J N 5 1840 -14 5 3025 432 1 5
K 0 0 45
K 0 0 43
K -1 0 45
K 2 0 45
A D 2 32
H 5 B 1 0 108 4 2 51 1 53
J N 7 1868 -14 8 3457 144 0
K 0 0 45
K 0 0 43
K -1 0 45
K 2 0 45
K 24 -6 44
K 0 0 60
K 0 21 60
A D 12 32
J R 5 1932 28 3 6049 864 0
K 0 14 49
K 4 0 50
A D 2 32
J N 5 1964 -7 3 6481 144 0
K 0 0 43
K 0 0 56
A D 2 32
J B 8 1996 1 82 6913 144 0
J N 6 2017 21 2 1 0 1 6
K 0 0 43
A D 4 32
J N 6 2053 14 2 865 288 1 6
K 0 0 43
A D 4 32
J N 6 2089 7 3 1729 288 1 6
K 0 0 43
K 25 0 44
A D 6 32
J N 5 2133 35 3 3025 432 1 6
K -15 0 65
K 0 0 43
A D 2 32
H 6 B 1 0 108 4 2 1 1 53
J N 7 2161 42 4 3457 144 0
K 0 0 43
K 0 0 59
K 0 -21 59
A D 8 32
J N 7 2211 49 4 5185 576 0
K 0 0 43
K 0 0 59
K 0 -21 59
A D 8 32
J B 9 2265 1 82 6913 576 0
J N 7 2286 56 5 1 0 0
K 0 0 43
K 24 -6 44
K 0 0 59
K 0 -21 59
A D 12 32
J R 5 2350 28 3 2593 864 0
K 0 14 49
K 4 0 50
A D 2 32
J N 5 2382 7 3 3025 144 0
K 0 0 43
K 0 0 56
A D 2 32
J N 7 2410 14 5 3457 144 0
K 0 0 43
K 24 -6 44
K 0 0 60
K 0 21 60
A D 12 32
J R 5 2474 28 3 6049 864 0
K 0 14 49
K 4 0 50
A D 2 32
J N 5 2506 21 3 6481 144 0
K 0 0 43
K 0 0 56
A D 2 32
J B 10 2538 1 82 6913 144 0
J N 7 2561 28 6 1 0 0
K -14 0 64
K 0 0 43
K 24 -6 44
K 0 0 60
K 0 21 60
A D 12 32
J R 5 2625 28 3 2593 864 0
K 0 14 49
K 4 0 50
A D 2 32
J N 5 2657 -21 8 3025 144 0
K 0 7 45
K -15 0 65
K 0 0 43
K 0 7 45
K 1 7 45
K 0 0 60
K 0 0 56
A D 2 32
J N 7 2685 -14 8 3457 144 0
K 0 0 45
K 0 0 43
K -1 0 45
K 2 0 45
K 24 -6 44
K 0 0 60
K 0 21 60
A D 12 32
J R 5 2749 28 3 6049 864 0
K 0 14 49
K 4 0 50
A D 2 32
J N 5 2781 -7 3 6481 144 0
K 0 0 43
K 0 0 56
A D 2 32
J B 11 2813 1 82 6913 144 0
J N 7 2840 0 6 1 0 0
K -18 0 63
K 0 0 43
K 24 -6 44
K 0 0 60
K 0 21 60
A D 12 32
J R 5 2904 28 3 2593 864 0
K 0 14 49
K 4 0 50
A D 2 32
J N 5 2936 -35 8 3025 144 0
K 0 21 45
K 0 7 45
K 0 0 43
K 0 7 45
K 1 7 45
K 0 0 60
K 0 14 56
A D 2 32
J N 6 2964 -35 7 3457 144 1 7
K 0 21 45
K 0 7 45
K 0 0 43
K 0 7 45
K 1 7 45
K 25 0 44
A D 6 32
J N 5 3008 -7 2 4753 432 1 7
K 0 0 43
A D 2 32
J N 6 3036 -28 7 5185 144 1 7
K 0 14 45
K 0 0 45
K 0 0 43
K -1 0 45
K 2 0 45
K 24 -6 44
A D 6 32
J N 5 3080 -28 6 6481 432 1 7
K 0 14 45
K 0 0 45
K 0 0 43
K -1 0 45
K 2 0 45
A D 2 32
H 7 B 1 0 108 4 2 51 1 53
J B 12 3112 1 82 6913 144 0
J N 7 3133 -28 8 1 0 0
K 0 14 45
K 0 0 45
K 0 0 43
K -1 0 45
K 2 0 45
K 0 0 60
K 0 28 60
A D 8 32
J N 6 3183 -21 6 1729 576 1 8
K 0 7 45
K 0 0 43
K 0 7 45
K 1 7 45
K 25 0 44
A D 6 32
J N 5 3227 -14 5 3025 432 1 8
K 0 0 45
K 0 0 43
K -1 0 45
K 2 0 45
A D 2 32
H 8 B 1 0 108 2 2 53
J N 7 3255 -21 7 3457 144 0
K 0 7 45
K 0 0 43
K 0 7 45
K 1 7 45
K 0 0 60
K 0 21 60
A D 8 32
J N 7 3305 -14 7 5185 576 0
K 0 0 45
K 0 0 43
K -1 0 45
K 2 0 45
K 0 0 60
K 0 21 60
A D 8 32
J B 13 3359 1 82 6913 576 0
J N 7 3380 -7 4 1 0 0
K 0 0 43
K 0 0 60
K 0 21 60
A D 8 32
J R 6 3430 28 2 1729 576 0
K 0 0 49
A D 4 32
J N 6 3466 -7 3 2593 288 0
K 0 0 43
K 0 0 54
A D 4 32
J N 6 3506 7 3 3457 288 1 9
K -14 0 64
K 0 0 43
A D 4 32
J N 6 3542 0 2 4321 288 1 9
K 0 0 43
A D 4 32
J N 6 3578 0 3 5185 288 1 9
K 0 0 43
K 24 -6 44
A D 6 32
J N 5 3622 7 2 6481 432 1 9
K 0 0 43
A D 2 32
H 9 B 1 0 108 4 2 1 1 53
J B 14 3654 1 82 6913 144 0
J N 7 3675 0 4 1 0 0
K 0 0 43
K 0 0 60
K 0 21 60
A D 8 32
J R 6 3725 28 2 1729 576 0
K 0 0 49
A D 4 32
J N 6 3761 0 3 2593 288 0
K 0 0 43
K 0 0 54
A D 4 32
J N 6 3797 14 2 3457 288 1 10
K 0 0 43
A D 4 32
J N 6 3833 7 2 4321 288 1 10
K 0 0 43
A D 4 32
J N 6 3869 7 3 5185 288 1 10
K 0 0 43
K 25 0 44
A D 6 32
J N 5 3913 14 2 6481 432 1 10
K 0 0 43
A D 2 32
H 10 B 1 0 108 4 2 1 1 53
J B 15 3945 1 82 6913 144 0
J N 7 3966 7 4 1 0 0
K 0 0 43
K 0 0 60
K 0 21 60
A D 8 32
J R 6 4016 28 2 1729 576 0
K 0 0 49
A D 4 32
J N 6 4052 -7 3 2593 288 0
K 0 0 43
K 0 0 54
A D 4 32
J N 6 4093 -14 6 3457 288 1 11
K 0 0 45
K -15 0 65
K 0 0 43
K -1 0 45
K 2 0 45
A D 4 32
J N 6 4129 -7 2 4321 288 1 11
K 0 0 43
A D 4 32
J N 6 4165 0 2 5185 288 1 11
K 0 0 43
A D 4 32
J N 6 4201 7 2 6049 288 1 11
K 0 0 43
A D 4 32
H 11 B 1 0 108 4 2 1 1 3
J B 16 4241 1 82 6913 288 0
J N 6 4262 0 2 1 0 2 12 13
K 0 0 43
A D 4 32
J N 6 4298 7 2 865 288 2 13 12
K 0 0 43
A D 4 32
H 13 B 1 0 108 2 2 3
H 12 S 0 0 0 0 0 0 0 0 0
J R 6 4334 28 2 1729 288 0
K 0 0 49
A D 4 32
J N 6 4370 7 3 2593 288 0
K 0 0 43
K 0 0 54
A D 4 32
J N 6 4406 0 2 3457 288 1 14
K 0 0 43
A D 4 32
J N 6 4442 7 2 4321 288 1 14
K 0 0 43
A D 4 32
J N 6 4478 14 2 5185 288 1 14
K 0 0 43
A D 4 32
J N 6 4514 21 2 6049 288 1 14
K 0 0 43
A D 4 32
H 14 B 1 0 108 4 2 1 1 3
J B 17 4554 1 82 6913 288 0
J N 6 4575 14 2 1 0 2 15 16
K 0 0 43
A D 4 32
J N 6 4611 21 2 865 288 2 16 15
K 0 0 43
A D 4 32
H 16 B 1 0 108 2 2 3
H 15 S 0 0 0 0 0 0 0 0 0
J R 6 4647 28 2 1729 288 0
K 0 0 49
A D 4 32
J D 0 4665 0 1 2593 288 0
W 0 -28 33 !31|Soli
J N 6 4683 -7 3 2593 0 0
K 0 0 43
K 0 0 54
A D 4 32
J N 7 4724 -14 8 3457 288 0
K 0 0 45
K -15 0 65
K 0 0 43
K -1 0 45
K 2 0 45
K 0 0 60
K 0 21 60
A D 8 32
J N 7 4774 28 5 5185 576 0
K -14 0 64
K 0 0 43
K 0 0 60
K 0 21 60
A D 8 32
J B 18 4828 1 82 6913 576 0
J N 7 4849 21 4 1 0 0
K 0 0 43
K 0 0 60
K 0 21 60
A D 8 32
J R 6 4899 28 2 1729 576 0
K 0 0 49
A D 4 32
J N 6 4935 -7 3 2593 288 0
K 0 0 43
K 0 0 54
A D 4 32
J N 6 4971 -28 6 3457 288 1 17
K 0 14 45
K 0 0 45
K 0 0 43
K -1 0 45
K 2 0 45
A D 4 32
J N 6 5007 0 2 4321 288 1 17
K 0 0 43
A D 4 32
J N 6 5043 0 2 5185 288 1 17
K 0 0 43
A D 4 32
J N 6 5079 0 2 6049 288 1 17
K 0 0 43
A D 4 32
H 17 B 1 0 108 4 2 1 1 3
J B 19 5119 1 82 6913 288 0
J N 6 5140 0 3 1 0 2 18 19
K 0 0 43
K 0 -22 236
A D 4 32
J N 6 5176 7 2 865 288 2 19 18
K 0 0 43
A D 4 32
H 19 B 1 0 108 2 2 3
H 18 S 0 0 0 0 0 0 0 0 0
J R 6 5212 28 2 1729 288 0
K 0 0 49
A D 4 32
J R 5 5248 28 3 2593 288 0
K 0 14 49
K 4 0 50
A D 2 32
J D 0 5254 0 1 3025 144 0
W 0 -42 33 !31|Tutti
J N 5 5280 -7 3 3025 0 0
K 0 0 43
K 0 0 56
A D 2 32
J N 6 5321 -14 7 3457 144 1 20
K 0 0 45
K -15 0 65
K 0 0 43
K -1 0 45
K 2 0 45
K 24 -6 44
A D 6 32
J N 5 5365 -7 2 4753 432 1 20
K 0 0 43
A D 2 32
H 20 B 1 0 108 2 2 53
J N 6 5393 -7 2 5185 144 2 21 22
K 0 0 43
A D 4 32
J N 5 5429 0 4 6049 288 2 22 21
K 0 0 43
K 24 -6 44
K 0 -28 236
A D 3 32
H 21 S 0 0 0 0 0 0 0 0 0
J N 4 5466 7 2 6697 216 1 22
K 0 0 43
A D 1 32
H 22 B 1 0 108 3 2 21 533
J B 20 5498 1 82 6913 72 0
J N 7 5519 7 4 1 0 0
K 0 0 43
K 0 0 60
K 0 21 60
A D 8 32
J N 7 5569 14 4 1729 576 0
K 0 0 43
K 0 0 60
K 0 21 60
A D 8 32
J N 8 5619 21 4 3457 576 1 23
K 0 0 42
K 0 0 60
K 0 21 60
A D 16 32
J B 21 5698 1 82 6913 1152 0
J N 7 5719 21 4 1 0 1 23
K 0 0 43
K 0 0 60
K 0 21 60
A D 8 32
H 23 T 21 0 0 0 0 0 1 0
J N 7 5769 28 4 1729 576 0
K 0 0 43
K 0 0 60
K 0 21 60
A D 8 32
J N 7 5819 35 6 3457 576 0
K -15 0 65
K 0 0 43
K 25 0 44
K 0 0 59
K 0 -21 59
A D 12 32
J N 6 5883 35 3 6049 864 0
K 0 0 43
K 0 0 53
A D 4 32
J B 22 5927 1 82 6913 288 0
J N 7 5950 77 8 1 0 0
K 1 -7 45
K -14 0 64
K 0 0 43
K 0 -7 45
K 1 -7 45
K 0 0 59
K 0 -21 59
A D 8 32
J N 8 6000 70 7 1729 576 0
K 1 0 45
K 0 0 42
K -1 0 45
K 2 0 45
K 0 0 59
K 0 -21 59
A D 16 32
J N 7 6075 77 7 5185 1152 0
K 1 -7 45
K 0 0 43
K 0 -7 45
K 1 -7 45
K 0 0 59
K 0 -21 59
A D 8 32
J B 23 6129 1 82 6913 576 0
J N 7 6150 70 7 1 0 0
K 1 0 45
K 0 0 43
K -1 0 45
K 2 0 45
K 0 0 59
K 0 -21 59
A D 8 32
J R 7 6200 28 2 1729 576 0
K 0 0 48
A D 8 32
J N 7 6250 42 4 3457 576 0
K 0 0 43
K 0 0 59
K 0 -21 59
A D 8 32
J R 7 6300 28 2 5185 576 0
K 0 0 48
A D 8 32
J B 24 6354 1 82 6913 576 0
J N 7 6375 49 4 1 0 0
K 0 0 43
K 0 0 59
K 0 -21 59
A D 8 32
J R 7 6425 28 2 1729 576 0
K 0 0 48
A D 8 32
J N 8 6475 42 4 3457 576 0
K 0 0 42
K 0 0 59
K 0 -21 59
A D 16 32
J B 0 6562 5 2 6913 1152 0
K -8 0 82
K 0 0 82
J M 0 6562 0 0 10000 0 0
