@ SOURCE: not identified 
L 0 0 14 !39Violino 2
J D 4 500 -120 1 6913 0 0
W 0 0 44 
J D 1 75 -37 1 6913 0 0
W 0 -56 44 :  Violino 2
J C 4 5 42 2 6913 0 0
K 0 0 33
K 0 0 34
J K -2 57 0 2 6913 0 0
K 0 28 65
K 13 7 65
J D 5 99 -42 1 6913 0 0
W 0 0 37 Largo
J T 101 99 42 1 6913 0 0
K 0 0 37
J N 7 147 7 5 1 0 0
K 0 0 43
K 25 0 44
K 0 0 60
K 0 21 60
A D 12 32
J R 5 211 28 3 2593 864 0
K 0 14 49
K 4 0 50
A D 2 32
J N 5 243 7 3 3025 144 0
K 0 0 43
K 0 0 56
A D 2 32
J N 7 271 14 5 3457 144 0
K 0 0 43
K 24 -6 44
K 0 0 60
K 0 21 60
A D 12 32
J R 5 335 28 3 6049 864 0
K 0 14 49
K 4 0 50
A D 2 32
J N 5 367 14 3 6481 144 0
K 0 0 43
K 0 0 56
A D 2 32
J B 2 399 1 82 6913 144 0
J N 6 420 7 2 1 0 1 1
K 0 0 43
A D 4 32
J N 6 456 14 2 865 288 1 1
K 0 0 43
A D 4 32
J N 6 492 21 3 1729 288 1 1
K 0 0 43
K 25 0 44
A D 6 32
J N 5 544 28 3 3025 432 1 1
K -14 0 64
K 0 0 43
A D 2 32
H 1 B 1 0 108 4 2 1 1 53
J N 7 572 28 4 3457 144 0
K 0 0 43
K 0 0 60
K 0 21 60
A D 8 32
J R 7 622 28 3 5185 576 0
K 0 0 48
K -2 -35 101
A D 8 32
J B 3 676 1 82 6913 576 0
J N 7 697 42 5 1 0 0
K 0 0 43
K 24 -6 44
K 0 0 59
K 0 -21 59
A D 12 32
J R 5 761 28 3 2593 864 0
K 0 14 49
K 4 0 50
A D 2 32
J N 5 793 42 3 3025 144 0
K 0 0 43
K 0 0 55
A D 2 32
J N 7 825 49 5 3457 144 0
K 0 0 43
K 25 0 44
K 0 0 59
K 0 -21 59
A D 12 32
J R 5 889 28 3 6049 864 0
K 0 14 49
K 4 0 50
A D 2 32
J N 5 921 49 4 6481 144 0
K 0 0 43
K 0 32 108
K 0 0 55
A D 2 32
J B 4 963 1 82 6913 144 0
J N 6 984 42 2 1 0 1 2
K 0 0 43
A D 4 32
J N 6 1020 49 2 865 288 1 2
K 0 0 43
A D 4 32
J N 6 1056 56 3 1729 288 1 2
K 0 0 43
K 24 -6 44
A D 6 32
J N 5 1100 63 2 3025 432 1 2
K 0 0 43
A D 2 32
H 2 B 0 0 108 4 2 1 1 53
J N 7 1128 63 4 3457 144 0
K 0 0 43
K 0 0 59
K 0 -21 59
A D 8 32
J R 7 1178 28 2 5185 576 0
K 0 0 48
A D 8 32
J B 5 1232 1 82 6913 576 0
J R 8 1253 28 2 1 0 0
K 0 0 47
A D 16 32
J R 7 1328 28 2 3457 1152 0
K 0 0 48
A D 8 32
J R 6 1378 28 2 5185 576 0
K 0 0 49
A D 4 32
J N 6 1414 -21 7 6049 288 0
K 0 7 45
K 0 0 43
K 0 7 45
K 1 7 45
K 0 0 60
K 0 0 54
A D 4 32
J B 6 1454 1 82 6913 288 0
J N 6 1475 -28 6 1 0 1 3
K 0 14 45
K 0 0 45
K 0 0 43
K -1 0 45
K 2 0 45
A D 4 32
J N 6 1511 0 2 865 288 1 3
K 0 0 43
A D 4 32
J N 6 1547 0 2 1729 288 1 3
K 0 0 43
A D 4 32
J N 6 1583 0 2 2593 288 1 3
K 0 0 43
A D 4 32
H 3 B 1 0 108 4 2 1 1 3
J N 7 1619 0 5 3457 288 0
K 0 0 43
K 24 -6 44
K 0 0 60
K 0 21 60
A D 12 32
J R 5 1683 28 3 6049 864 0
K 0 14 49
K 4 0 50
A D 2 32
J N 5 1715 14 3 6481 144 0
K 0 0 43
K 0 0 56
A D 2 32
J B 7 1747 1 82 6913 144 0
J N 6 1768 7 3 1 0 1 4
K 0 0 43
K 25 0 44
A D 6 32
J N 5 1812 7 2 1297 432 1 4
K 0 0 43
A D 2 32
J N 6 1840 7 3 1729 144 1 4
K 0 0 43
K 25 0 44
A D 6 32
J N 5 1884 21 2 3025 432 1 4
K 0 0 43
A D 2 32
H 4 B 1 0 108 4 2 51 1 53
J N 7 1912 14 5 3457 144 0
K 0 0 43
K 24 -6 44
K 0 0 60
K 0 21 60
A D 12 32
J R 5 1976 28 3 6049 864 0
K 0 14 49
K 4 0 50
A D 2 32
J N 5 2008 28 3 6481 144 0
K 0 0 43
K 0 0 56
A D 2 32
J B 8 2040 1 82 6913 144 0
J N 7 2064 35 5 1 0 0
K -15 0 65
K 0 0 43
K 0 0 59
K 0 -21 59
A D 8 32
J N 6 2114 42 2 1729 576 2 5 6
K 0 0 43
A D 4 32
J N 5 2150 49 2 2593 288 1 6
K 0 0 43
A D 2 32
J N 5 2178 56 2 3025 144 2 6 5
K 0 0 43
A D 2 32
H 6 B 0 0 108 3 2 21 33
H 5 S 12 0 0 0 0 0 0 0 0
J N 7 2206 56 4 3457 144 0
K 0 0 43
K 0 0 59
K 0 -21 59
A D 8 32
J N 7 2256 63 4 5185 576 0
K 0 0 43
K 0 0 59
K 0 -21 59
A D 8 32
J B 9 2310 1 82 6913 576 0
J N 7 2331 56 5 1 0 0
K 0 0 43
K 24 -6 44
K 0 0 59
K 0 -21 59
A D 12 32
J R 5 2395 28 3 2593 864 0
K 0 14 49
K 4 0 50
A D 2 32
J N 5 2427 42 3 3025 144 0
K 0 0 43
K 0 0 55
A D 2 32
J N 7 2464 42 5 3457 144 0
K 0 0 43
K 24 -6 44
K 0 0 59
K 0 -21 59
A D 12 32
J R 5 2528 28 3 6049 864 0
K 0 14 49
K 4 0 50
A D 2 32
J N 5 2560 7 3 6481 144 0
K 0 0 43
K 0 0 56
A D 2 32
J B 10 2592 1 82 6913 144 0
J N 7 2613 14 5 1 0 0
K 0 0 43
K 24 -6 44
K 0 0 60
K 0 21 60
A D 12 32
J R 5 2677 28 3 2593 864 0
K 0 14 49
K 4 0 50
A D 2 32
J N 5 2709 14 3 3025 144 0
K 0 0 43
K 0 0 56
A D 2 32
J N 7 2737 14 5 3457 144 0
K 0 0 43
K 24 -6 44
K 0 0 60
K 0 21 60
A D 12 32
J R 5 2801 28 3 6049 864 0
K 0 14 49
K 4 0 50
A D 2 32
J N 5 2833 -21 7 6481 144 0
K 0 7 45
K 0 0 43
K 0 7 45
K 1 7 45
K 0 0 60
K 0 0 56
A D 2 32
J B 11 2865 1 82 6913 144 0
J N 7 2886 -14 8 1 0 0
K 0 0 45
K 0 0 43
K -1 0 45
K 2 0 45
K 24 -6 44
K 0 0 60
K 0 21 60
A D 12 32
J R 5 2950 28 3 2593 864 0
K 0 14 49
K 4 0 50
A D 2 32
J N 5 2993 0 4 3025 144 0
K -18 0 63
K 0 0 43
K 0 0 56
A D 2 32
J N 6 3021 -7 3 3457 144 1 7
K 0 0 43
K 25 0 44
A D 6 32
J N 5 3065 -7 2 4753 432 1 7
K 0 0 43
A D 2 32
J N 6 3093 -14 6 5185 144 1 7
K 0 0 45
K 0 0 43
K -1 0 45
K 2 0 45
K 24 -6 44
A D 6 32
J N 5 3137 -14 5 6481 432 1 7
K 0 0 45
K 0 0 43
K -1 0 45
K 2 0 45
A D 2 32
H 7 B 1 0 108 4 2 51 1 53
J B 12 3169 1 82 6913 144 0
J N 7 3190 14 4 1 0 0
K 0 0 43
K 0 0 60
K 0 21 60
A D 8 32
J N 8 3240 -7 4 1729 576 0
K 0 0 42
K 0 0 60
K 0 21 60
A D 16 32
J N 7 3315 0 5 5185 1152 0
K -18 0 63
K 0 0 43
K 0 0 60
K 0 21 60
A D 8 32
J B 13 3369 1 82 6913 576 0
J N 7 3390 -7 4 1 0 0
K 0 0 43
K 0 0 60
K 0 21 60
A D 8 32
J R 6 3440 28 2 1729 576 0
K 0 0 49
A D 4 32
J N 6 3476 -21 7 2593 288 0
K 0 7 45
K 0 0 43
K 0 7 45
K 1 7 45
K 0 0 60
K 0 0 54
A D 4 32
J N 6 3512 -21 5 3457 288 1 8
K 0 7 45
K 0 0 43
K 0 7 45
K 1 7 45
A D 4 32
J N 6 3553 -14 6 4321 288 1 8
K 0 0 45
K -15 0 65
K 0 0 43
K -1 0 45
K 2 0 45
A D 4 32
J N 6 3589 -7 3 5185 288 1 8
K 0 0 43
K 25 0 44
A D 6 32
J N 5 3633 -7 2 6481 432 1 8
K 0 0 43
A D 2 32
H 8 B 1 0 108 4 2 1 1 53
J B 14 3665 1 82 6913 144 0
J N 7 3689 -14 8 1 0 0
K 0 0 45
K -15 0 65
K 0 0 43
K -1 0 45
K 2 0 45
K 0 0 60
K 0 21 60
A D 8 32
J R 6 3739 28 2 1729 576 0
K 0 0 49
A D 4 32
J N 6 3775 -14 6 2593 288 0
K 0 0 45
K 0 0 43
K -1 0 45
K 2 0 45
K 0 0 54
A D 4 32
J N 6 3811 -14 5 3457 288 1 9
K 0 0 45
K 0 0 43
K -1 0 45
K 2 0 45
A D 4 32
J N 6 3847 -7 2 4321 288 1 9
K 0 0 43
A D 4 32
J N 6 3883 0 3 5185 288 1 9
K 0 0 43
K 24 -6 44
A D 6 32
J N 5 3927 0 2 6481 432 1 9
K 0 0 43
A D 2 32
H 9 B 1 0 108 4 2 1 1 53
J B 15 3959 1 82 6913 144 0
J N 7 3980 -7 4 1 0 0
K 0 0 43
K 0 0 60
K 0 21 60
A D 8 32
J R 6 4030 28 2 1729 576 0
K 0 0 49
A D 4 32
J N 6 4066 14 3 2593 288 0
K 0 0 43
K 0 0 54
A D 4 32
J N 6 4102 7 2 3457 288 1 10
K 0 0 43
A D 4 32
J N 6 4138 14 2 4321 288 1 10
K 0 0 43
A D 4 32
J N 6 4174 21 2 5185 288 1 10
K 0 0 43
A D 4 32
J N 6 4210 28 2 6049 288 1 10
K 0 0 43
A D 4 32
H 10 B 1 0 108 4 2 1 1 3
J B 16 4250 1 82 6913 288 0
J N 6 4271 21 2 1 0 2 11 12
K 0 0 43
A D 4 32
J N 6 4307 28 2 865 288 2 12 11
K 0 0 43
A D 4 32
H 12 B 1 0 108 2 2 3
H 11 S 0 0 0 0 0 0 0 0 0
J R 6 4343 28 2 1729 288 0
K 0 0 49
A D 4 32
J N 6 4379 28 3 2593 288 0
K 0 0 43
K 0 0 54
A D 4 32
J N 6 4415 21 2 3457 288 1 13
K 0 0 43
A D 4 32
J N 6 4451 28 2 4321 288 1 13
K 0 0 43
A D 4 32
J N 6 4492 35 3 5185 288 1 13
K -15 0 65
K 0 0 43
A D 4 32
J N 6 4528 42 2 6049 288 1 13
K 0 0 43
A D 4 32
H 13 B 0 0 108 4 2 1 1 3
J B 17 4568 1 82 6913 288 0
J N 6 4592 35 3 1 0 2 14 15
K -15 0 65
K 0 0 43
A D 4 32
J N 6 4628 42 2 865 288 2 15 14
K 0 0 43
A D 4 32
H 15 B 0 0 108 2 2 3
H 14 S 12 0 0 0 0 0 0 0 0
J R 7 4664 28 2 1729 288 0
K 0 0 48
A D 8 32
J R 8 4714 28 2 3457 576 0
K 0 0 47
A D 16 32
J B 18 4793 1 82 6913 1152 0
J R 7 4814 28 2 1 0 0
K 0 0 48
A D 8 32
J R 6 4864 28 2 1729 576 0
K 0 0 49
A D 4 32
J N 6 4900 -7 3 2593 288 0
K 0 0 43
K 0 0 54
A D 4 32
J N 7 4941 -14 8 3457 288 0
K 0 0 45
K -15 0 65
K 0 0 43
K -1 0 45
K 2 0 45
K 0 0 60
K 0 21 60
A D 8 32
J N 7 4991 28 5 5185 576 0
K -14 0 64
K 0 0 43
K 0 0 60
K 0 21 60
A D 8 32
J B 19 5045 1 82 6913 576 0
J N 7 5066 21 5 1 0 0
K 0 0 43
K 25 0 44
K 0 0 60
K 0 21 60
A D 12 32
J R 5 5130 28 3 2593 864 0
K 0 14 49
K 4 0 50
A D 2 32
J N 5 5162 21 3 3025 144 0
K 0 0 43
K 0 0 56
A D 2 32
J N 6 5190 21 3 3457 144 1 16
K 0 0 43
K 25 0 44
A D 6 32
J N 5 5234 7 2 4753 432 1 16
K 0 0 43
A D 2 32
H 16 B 1 0 108 2 2 53
J N 6 5262 7 2 5185 144 2 17 18
K 0 0 43
A D 4 32
J N 5 5298 14 4 6049 288 2 18 17
K 0 0 43
K 24 -6 44
K 0 -28 236
A D 3 32
H 17 S 0 0 0 0 0 0 0 0 0
J N 4 5335 21 2 6697 216 1 18
K 0 0 43
A D 1 32
H 18 B 1 0 108 3 2 21 533
J B 20 5367 1 82 6913 72 0
J N 7 5388 21 4 1 0 0
K 0 0 43
K 0 0 60
K 0 21 60
A D 8 32
J N 7 5438 28 5 1729 576 0
K -14 0 64
K 0 0 43
K 0 0 60
K 0 21 60
A D 8 32
J N 7 5488 21 4 3457 576 0
K 0 0 43
K 0 0 60
K 0 21 60
A D 8 32
J N 7 5538 56 5 5185 576 0
K -14 0 64
K 0 0 43
K 0 0 59
K 0 -21 59
A D 8 32
J B 21 5592 1 82 6913 576 0
J N 7 5613 49 4 1 0 0
K 0 0 43
K 0 0 59
K 0 -21 59
A D 8 32
J N 7 5663 42 4 1729 576 1 19
K 0 0 43
K 0 0 59
K 0 -21 59
A D 8 32
J N 6 5713 42 2 3457 576 2 20 19
K 0 0 43
A D 4 32
H 19 T 42 0 0 0 0 0 13 0
J N 6 5749 70 5 4321 288 1 20
K 1 0 45
K 0 0 43
K -1 0 45
K 2 0 45
A D 4 32
H 20 B 0 0 108 2 2 3
J N 7 5785 49 4 5185 288 1 21
K 0 0 43
K 0 0 59
K 0 -21 59
A D 8 32
J B 22 5839 1 82 6913 576 0
J N 7 5860 49 4 1 0 1 21
K 0 0 43
K 0 0 59
K 0 -21 59
A D 8 32
H 21 T 49 0 0 0 0 0 9 0
J N 7 5910 56 4 1729 576 0
K 0 0 43
K 0 0 59
K 0 -21 59
A D 8 32
J N 8 5960 63 4 3457 576 0
K 0 0 42
K 0 0 59
K 0 -21 59
A D 16 32
J B 23 6039 1 82 6913 1152 0
J N 7 6060 70 7 1 0 0
K 1 0 45
K 0 0 43
K -1 0 45
K 2 0 45
K 0 0 59
K 0 -21 59
A D 8 32
J R 7 6110 28 2 1729 576 0
K 0 0 48
A D 8 32
J N 7 6160 63 4 3457 576 0
K 0 0 43
K 0 0 59
K 0 -21 59
A D 8 32
J R 7 6210 28 2 5185 576 0
K 0 0 48
A D 8 32
J B 24 6264 1 82 6913 576 0
J N 7 6285 70 7 1 0 0
K 1 0 45
K 0 0 43
K -1 0 45
K 2 0 45
K 0 0 59
K 0 -21 59
A D 8 32
J R 7 6335 28 2 1729 576 0
K 0 0 48
A D 8 32
J N 8 6385 77 8 3457 576 0
K 1 -7 45
K -14 0 64
K 0 0 42
K 0 -7 45
K 1 -7 45
K 0 0 59
K 0 -21 59
A D 16 32
J B 0 6472 5 2 6913 1152 0
K -8 0 82
K 0 0 82
J M 0 6472 0 0 10000 0 0
