@ SOURCE: not identified 
L 0 0 14 !39Violino 1
J D 4 500 -120 1 6913 0 0
W 0 0 44 
J D 1 75 -37 1 6913 0 0
W 0 -56 44 :  Violino 1
J C 4 5 42 2 6913 0 0
K 0 0 33
K 0 0 34
J K -2 57 0 2 6913 0 0
K 0 28 65
K 13 7 65
J D 5 99 -42 1 6913 0 0
W 0 0 37 Largo
J T 101 99 42 1 6913 0 0
K 0 0 37
J N 7 147 -7 5 1 0 0
K 0 0 43
K 25 0 44
K 0 0 60
K 0 21 60
A D 12 32
J R 5 211 28 3 2593 864 0
K 0 14 49
K 4 0 50
A D 2 32
J N 5 243 -7 3 3025 144 0
K 0 0 43
K 0 0 56
A D 2 32
J N 7 271 -7 5 3457 144 0
K 0 0 43
K 25 0 44
K 0 0 60
K 0 21 60
A D 12 32
J R 5 335 28 3 6049 864 0
K 0 14 49
K 4 0 50
A D 2 32
J N 5 367 -7 3 6481 144 0
K 0 0 43
K 0 0 56
A D 2 32
J B 2 399 1 82 6913 144 0
J N 6 423 -14 6 1 0 1 1
K 0 0 45
K -15 0 65
K 0 0 43
K -1 0 45
K 2 0 45
A D 4 32
J N 6 459 -7 2 865 288 1 1
K 0 0 43
A D 4 32
J N 6 495 0 3 1729 288 1 1
K 0 0 43
K 24 -6 44
A D 6 32
J N 5 539 -7 2 3025 432 1 1
K 0 0 43
A D 2 32
H 1 B 1 0 108 4 2 1 1 53
J N 7 567 -7 4 3457 144 0
K 0 0 43
K 0 0 60
K 0 21 60
A D 8 32
J R 7 617 28 3 5185 576 0
K 0 0 48
K -2 -35 101
A D 8 32
J B 3 671 1 82 6913 576 0
J N 7 692 28 5 1 0 0
K 0 0 43
K 24 -6 44
K 0 0 60
K 0 21 60
A D 12 32
J R 5 756 28 3 2593 864 0
K 0 14 49
K 4 0 50
A D 2 32
J N 5 788 28 3 3025 144 0
K 0 0 43
K 0 0 56
A D 2 32
J N 7 816 28 5 3457 144 0
K 0 0 43
K 24 -6 44
K 0 0 60
K 0 21 60
A D 12 32
J R 5 880 28 3 6049 864 0
K 0 14 49
K 4 0 50
A D 2 32
J N 5 912 28 4 6481 144 0
K 0 0 43
K 0 70 108
K 0 0 56
A D 2 32
J B 4 944 1 82 6913 144 0
J N 6 965 21 2 1 0 1 2
K 0 0 43
A D 4 32
J N 6 1001 28 2 865 288 1 2
K 0 0 43
A D 4 32
J N 6 1037 35 3 1729 288 1 2
K 0 0 43
K 25 0 44
A D 6 32
J N 5 1081 28 2 3025 432 1 2
K 0 0 43
A D 2 32
H 2 B 1 0 108 4 2 1 1 53
J N 7 1109 28 4 3457 144 0
K 0 0 43
K 0 0 60
K 0 21 60
A D 8 32
J R 7 1159 28 2 5185 576 0
K 0 0 48
A D 8 32
J B 5 1213 1 82 6913 576 0
J R 9 1234 28 2 1 10000 0
K 0 0 46
A D 32 32
J B 6 1339 1 82 6913 2304 0
J R 8 1360 28 2 1 0 0
K 0 0 47
A D 16 32
J R 7 1435 28 2 3457 1152 0
K 0 0 48
A D 8 32
J R 6 1485 28 2 5185 576 0
K 0 0 49
A D 4 32
J R 5 1521 28 3 6049 288 0
K 0 14 49
K 4 0 50
A D 2 32
J N 5 1553 -21 7 6481 144 0
K 0 7 45
K 0 0 43
K 0 7 45
K 1 7 45
K 0 0 60
K 0 0 56
A D 2 32
J B 7 1585 1 82 6913 144 0
J N 6 1606 -21 6 1 0 1 3
K 0 7 45
K 0 0 43
K 0 7 45
K 1 7 45
K 25 0 44
A D 6 32
J N 5 1650 7 2 1297 432 1 3
K 0 0 43
A D 2 32
J N 6 1678 -14 7 1729 144 1 3
K 0 0 45
K -15 0 65
K 0 0 43
K -1 0 45
K 2 0 45
K 24 -6 44
A D 6 32
J N 5 1722 -14 5 3025 432 1 3
K 0 0 45
K 0 0 43
K -1 0 45
K 2 0 45
A D 2 32
H 3 B 1 0 108 4 2 51 1 53
J N 7 1750 -14 8 3457 144 0
K 0 0 45
K 0 0 43
K -1 0 45
K 2 0 45
K 24 -6 44
K 0 0 60
K 0 21 60
A D 12 32
J R 5 1814 28 3 6049 864 0
K 0 14 49
K 4 0 50
A D 2 32
J N 5 1846 -7 3 6481 144 0
K 0 0 43
K 0 0 56
A D 2 32
J B 8 1878 1 82 6913 144 0
J N 6 1899 21 2 1 0 1 4
K 0 0 43
A D 4 32
J N 6 1935 14 2 865 288 1 4
K 0 0 43
A D 4 32
J N 6 1971 7 3 1729 288 1 4
K 0 0 43
K 25 0 44
A D 6 32
J N 5 2015 35 3 3025 432 1 4
K -15 0 65
K 0 0 43
A D 2 32
H 4 B 1 0 108 4 2 1 1 53
J N 7 2043 42 4 3457 144 0
K 0 0 43
K 0 0 59
K 0 -21 59
A D 8 32
J N 7 2093 49 4 5185 576 0
K 0 0 43
K 0 0 59
K 0 -21 59
A D 8 32
J B 9 2147 1 82 6913 576 0
J N 7 2168 56 5 1 0 0
K 0 0 43
K 24 -6 44
K 0 0 59
K 0 -21 59
A D 12 32
J R 5 2232 28 3 2593 864 0
K 0 14 49
K 4 0 50
A D 2 32
J N 5 2264 7 3 3025 144 0
K 0 0 43
K 0 0 56
A D 2 32
J N 7 2292 14 4 3457 144 0
K 0 0 43
K 0 0 60
K 0 21 60
A D 8 32
J R 7 2342 28 2 5185 576 0
K 0 0 48
A D 8 32
J B 10 2396 1 82 6913 576 0
J R 7 2417 28 2 1 0 0
K 0 0 48
A D 8 32
J R 6 2467 28 2 1729 576 0
K 0 0 49
A D 4 32
J R 5 2503 28 3 2593 288 0
K 0 14 49
K 4 0 50
A D 2 32
J N 5 2535 -21 7 3025 144 0
K 0 7 45
K 0 0 43
K 0 7 45
K 1 7 45
K 0 0 60
K 0 0 56
A D 2 32
J N 7 2563 -14 7 3457 144 0
K 0 0 45
K 0 0 43
K -1 0 45
K 2 0 45
K 0 0 60
K 0 21 60
A D 8 32
J R 7 2613 28 2 5185 576 0
K 0 0 48
A D 8 32
J B 11 2667 1 82 6913 576 0
J R 7 2688 28 2 1 0 0
K 0 0 48
A D 8 32
J R 6 2738 28 2 1729 576 0
K 0 0 49
A D 4 32
J R 5 2774 28 3 2593 288 0
K 0 14 49
K 4 0 50
A D 2 32
J N 5 2806 -35 8 3025 144 0
K 0 21 45
K 0 7 45
K 0 0 43
K 0 7 45
K 1 7 45
K 0 0 60
K 0 14 56
A D 2 32
J N 6 2834 -35 7 3457 144 1 5
K 0 21 45
K 0 7 45
K 0 0 43
K 0 7 45
K 1 7 45
K 25 0 44
A D 6 32
J N 5 2878 -7 2 4753 432 1 5
K 0 0 43
A D 2 32
J N 6 2906 -28 7 5185 144 1 5
K 0 14 45
K 0 0 45
K 0 0 43
K -1 0 45
K 2 0 45
K 24 -6 44
A D 6 32
J N 5 2950 -28 6 6481 432 1 5
K 0 14 45
K 0 0 45
K 0 0 43
K -1 0 45
K 2 0 45
A D 2 32
H 5 B 1 0 108 4 2 51 1 53
J B 12 2982 1 82 6913 144 0
J N 7 3003 -28 8 1 0 0
K 0 14 45
K 0 0 45
K 0 0 43
K -1 0 45
K 2 0 45
K 0 0 60
K 0 28 60
A D 8 32
J N 6 3053 -21 6 1729 576 1 6
K 0 7 45
K 0 0 43
K 0 7 45
K 1 7 45
K 25 0 44
A D 6 32
J N 5 3097 -14 5 3025 432 1 6
K 0 0 45
K 0 0 43
K -1 0 45
K 2 0 45
A D 2 32
H 6 B 1 0 108 2 2 53
J N 7 3125 -21 7 3457 144 0
K 0 7 45
K 0 0 43
K 0 7 45
K 1 7 45
K 0 0 60
K 0 21 60
A D 8 32
J N 7 3175 -14 7 5185 576 0
K 0 0 45
K 0 0 43
K -1 0 45
K 2 0 45
K 0 0 60
K 0 21 60
A D 8 32
J B 13 3229 1 82 6913 576 0
J N 7 3250 -7 4 1 0 0
K 0 0 43
K 0 0 60
K 0 21 60
A D 8 32
J R 7 3300 28 2 1729 576 0
K 0 0 48
A D 8 32
J R 8 3350 28 2 3457 576 0
K 0 0 47
A D 16 32
J B 14 3429 1 82 6913 1152 0
J R 7 3450 28 2 1 0 0
K 0 0 48
A D 8 32
J R 6 3500 28 2 1729 576 0
K 0 0 49
A D 4 32
J N 6 3536 0 3 2593 288 0
K 0 0 43
K 0 0 54
A D 4 32
J N 6 3572 14 2 3457 288 1 7
K 0 0 43
A D 4 32
J N 6 3608 7 2 4321 288 1 7
K 0 0 43
A D 4 32
J N 6 3644 7 3 5185 288 1 7
K 0 0 43
K 25 0 44
A D 6 32
J N 5 3688 14 2 6481 432 1 7
K 0 0 43
A D 2 32
H 7 B 1 0 108 4 2 1 1 53
J B 15 3720 1 82 6913 144 0
J N 7 3741 7 4 1 0 0
K 0 0 43
K 0 0 60
K 0 21 60
A D 8 32
J R 7 3791 28 2 1729 576 0
K 0 0 48
A D 8 32
J R 8 3841 28 2 3457 576 0
K 0 0 47
A D 16 32
J B 16 3920 1 82 6913 1152 0
J R 7 3941 28 2 1 0 0
K 0 0 48
A D 8 32
J R 6 3991 28 2 1729 576 0
K 0 0 49
A D 4 32
J N 6 4027 7 3 2593 288 0
K 0 0 43
K 0 0 54
A D 4 32
J N 6 4063 0 2 3457 288 1 8
K 0 0 43
A D 4 32
J N 6 4099 7 2 4321 288 1 8
K 0 0 43
A D 4 32
J N 6 4135 14 2 5185 288 1 8
K 0 0 43
A D 4 32
J N 6 4171 21 2 6049 288 1 8
K 0 0 43
A D 4 32
H 8 B 1 0 108 4 2 1 1 3
J B 17 4211 1 82 6913 288 0
J N 6 4232 14 2 1 0 2 9 10
K 0 0 43
A D 4 32
J N 6 4268 21 2 865 288 2 10 9
K 0 0 43
A D 4 32
H 10 B 1 0 108 2 2 3
H 9 S 0 0 0 0 0 0 0 0 0
J R 7 4304 28 2 1729 288 0
K 0 0 48
A D 8 32
J R 8 4354 28 2 3457 576 0
K 0 0 47
A D 16 32
J B 18 4433 1 82 6913 1152 0
J R 9 4454 28 2 1 10000 0
K 0 0 46
A D 32 32
J B 19 4559 1 82 6913 2304 0
J R 7 4580 28 2 1 0 0
K 0 0 48
A D 8 32
J R 6 4630 28 2 1729 576 0
K 0 0 49
A D 4 32
J R 5 4666 28 3 2593 288 0
K 0 14 49
K 4 0 50
A D 2 32
J N 5 4698 -7 3 3025 144 0
K 0 0 43
K 0 0 56
A D 2 32
J N 6 4739 -14 7 3457 144 1 11
K 0 0 45
K -15 0 65
K 0 0 43
K -1 0 45
K 2 0 45
K 24 -6 44
A D 6 32
J N 5 4783 -7 2 4753 432 1 11
K 0 0 43
A D 2 32
H 11 B 1 0 108 2 2 53
J N 6 4811 -7 2 5185 144 2 12 13
K 0 0 43
A D 4 32
J N 5 4847 0 4 6049 288 2 13 12
K 0 0 43
K 24 -6 44
K 0 -28 236
A D 3 32
H 12 S 0 0 0 0 0 0 0 0 0
J N 4 4884 7 2 6697 216 1 13
K 0 0 43
A D 1 32
H 13 B 1 0 108 3 2 21 533
J B 20 4916 1 82 6913 72 0
J N 7 4937 7 4 1 0 0
K 0 0 43
K 0 0 60
K 0 21 60
A D 8 32
J N 7 4987 14 4 1729 576 0
K 0 0 43
K 0 0 60
K 0 21 60
A D 8 32
J N 8 5037 21 4 3457 576 1 14
K 0 0 42
K 0 0 60
K 0 21 60
A D 16 32
J B 21 5116 1 82 6913 1152 0
J N 7 5137 21 4 1 0 1 14
K 0 0 43
K 0 0 60
K 0 21 60
A D 8 32
H 14 T 21 0 0 0 0 0 1 0
J N 7 5187 28 4 1729 576 0
K 0 0 43
K 0 0 60
K 0 21 60
A D 8 32
J N 7 5237 35 6 3457 576 0
K -15 0 65
K 0 0 43
K 25 0 44
K 0 0 59
K 0 -21 59
A D 12 32
J N 6 5301 35 3 6049 864 0
K 0 0 43
K 0 0 53
A D 4 32
J B 22 5345 1 82 6913 288 0
J N 7 5368 77 8 1 0 0
K 1 -7 45
K -14 0 64
K 0 0 43
K 0 -7 45
K 1 -7 45
K 0 0 59
K 0 -21 59
A D 8 32
J N 8 5418 70 7 1729 576 0
K 1 0 45
K 0 0 42
K -1 0 45
K 2 0 45
K 0 0 59
K 0 -21 59
A D 16 32
J N 7 5493 77 7 5185 1152 0
K 1 -7 45
K 0 0 43
K 0 -7 45
K 1 -7 45
K 0 0 59
K 0 -21 59
A D 8 32
J B 23 5547 1 82 6913 576 0
J N 7 5568 70 7 1 0 0
K 1 0 45
K 0 0 43
K -1 0 45
K 2 0 45
K 0 0 59
K 0 -21 59
A D 8 32
J R 7 5618 28 2 1729 576 0
K 0 0 48
A D 8 32
J N 7 5668 42 4 3457 576 0
K 0 0 43
K 0 0 59
K 0 -21 59
A D 8 32
J R 7 5718 28 2 5185 576 0
K 0 0 48
A D 8 32
J B 24 5772 1 82 6913 576 0
J N 7 5793 49 4 1 0 0
K 0 0 43
K 0 0 59
K 0 -21 59
A D 8 32
J R 7 5843 28 2 1729 576 0
K 0 0 48
A D 8 32
J N 8 5893 42 4 3457 576 0
K 0 0 42
K 0 0 59
K 0 -21 59
A D 16 32
J B 0 5980 5 2 6913 1152 0
K -8 0 82
K 0 0 82
J M 0 5980 0 0 10000 0 0
