@ SOURCE: not identified 
L 0 0 14 !39Violino 1 concertino
J D 4 500 -120 1 6913 0 0
W 0 0 44 V.
J D 1 75 -37 1 6913 0 0
W 0 -56 44 V.:  Violino 1 concertino
J C 4 5 42 2 6913 0 0
K 0 0 33
K 0 0 34
J K -1 57 0 1 6913 0 0
K 0 28 65
J D 5 86 -42 1 6913 0 0
W 0 0 37 Allegro
J T 0 86 42 1 6913 0 0
K 0 0 38
J N 7 134 -7 4 1 0 0
K 0 0 43
K 0 0 60
K 0 21 60
A D 2 8
J N 7 178 0 5 3457 576 0
K -18 0 63
K 0 0 43
K 0 0 60
K 0 21 60
A D 2 8
J B 1 220 1 82 6913 576 0
J N 7 241 -7 4 1 0 0
K 0 0 43
K 0 0 60
K 0 21 60
A D 2 8
J N 7 279 14 4 1729 576 0
K 0 0 43
K 0 0 60
K 0 21 60
A D 2 8
J N 7 317 -21 7 3457 576 0
K 0 7 45
K 0 0 43
K 0 7 45
K 1 7 45
K 0 0 60
K 0 21 60
A D 2 8
J N 7 355 -14 7 5185 576 0
K 0 0 45
K 0 0 43
K -1 0 45
K 2 0 45
K 0 0 60
K 0 21 60
A D 2 8
J B 2 397 1 82 6913 576 0
J N 8 418 -21 7 1 0 0
K 0 7 45
K 0 0 42
K 0 7 45
K 1 7 45
K 0 0 60
K 0 21 60
A D 4 8
J N 7 471 14 4 3457 1152 0
K 0 0 43
K 0 0 60
K 0 21 60
A D 2 8
J N 7 509 14 4 5185 576 0
K 0 0 43
K 0 0 60
K 0 21 60
A D 2 8
J B 3 551 1 82 6913 576 0
J N 7 572 14 4 1 0 0
K 0 0 43
K 0 0 60
K 0 21 60
A D 2 8
J N 7 610 49 5 1729 576 0
K -18 0 63
K 0 0 43
K 0 0 59
K 0 -21 59
A D 2 8
J N 8 648 42 4 3457 576 0
K 0 0 42
K 0 0 59
K 0 -21 59
A D 4 8
J B 4 705 1 82 6913 1152 0
J N 8 732 49 5 1 0 0
K -18 0 63
K 0 0 42
K 0 0 59
K 0 -21 59
A D 4 8
J N 7 785 -7 4 3457 1152 0
K 0 0 43
K 0 0 60
K 0 21 60
A D 2 8
J N 7 829 0 5 5185 576 0
K -18 0 63
K 0 0 43
K 0 0 60
K 0 21 60
A D 2 8
J B 5 871 1 82 6913 576 0
J N 7 892 -7 4 1 0 0
K 0 0 43
K 0 0 60
K 0 21 60
A D 2 8
J N 7 930 14 4 1729 576 0
K 0 0 43
K 0 0 60
K 0 21 60
A D 2 8
J N 7 968 -21 7 3457 576 0
K 0 7 45
K 0 0 43
K 0 7 45
K 1 7 45
K 0 0 60
K 0 21 60
A D 2 8
J N 7 1006 -14 7 5185 576 0
K 0 0 45
K 0 0 43
K -1 0 45
K 2 0 45
K 0 0 60
K 0 21 60
A D 2 8
J B 6 1048 1 82 6913 576 0
J N 8 1069 -21 7 1 0 0
K 0 7 45
K 0 0 42
K 0 7 45
K 1 7 45
K 0 0 60
K 0 21 60
A D 4 8
J N 7 1122 14 4 3457 1152 0
K 0 0 43
K 0 0 60
K 0 21 60
A D 2 8
J N 7 1160 14 4 5185 576 0
K 0 0 43
K 0 0 60
K 0 21 60
A D 2 8
J B 7 1202 1 82 6913 576 0
J N 7 1223 14 4 1 0 0
K 0 0 43
K 0 0 60
K 0 21 60
A D 2 8
J N 7 1261 49 5 1729 576 0
K -18 0 63
K 0 0 43
K 0 0 59
K 0 -21 59
A D 2 8
J N 8 1299 42 4 3457 576 0
K 0 0 42
K 0 0 59
K 0 -21 59
A D 4 8
J B 8 1356 1 82 6913 1152 0
J N 8 1383 49 5 1 0 0
K -18 0 63
K 0 0 42
K 0 0 59
K 0 -21 59
A D 4 8
J N 6 1436 14 2 3457 1152 1 1
K 0 0 43
A D 1 8
J N 6 1476 0 3 4321 288 1 1
K -14 0 64
K 0 0 43
A D 1 8
J N 6 1505 21 2 5185 288 1 1
K 0 0 43
A D 1 8
J N 6 1534 0 2 6049 288 1 1
K 0 0 43
A D 1 8
H 1 B 1 0 108 4 2 1 1 3
J B 9 1567 1 82 6913 288 0
J N 6 1588 14 2 1 0 1 2
K 0 0 43
A D 1 8
J N 6 1617 0 2 865 288 1 2
K 0 0 43
A D 1 8
J N 6 1646 21 2 1729 288 1 2
K 0 0 43
A D 1 8
J N 6 1675 0 2 2593 288 1 2
K 0 0 43
A D 1 8
H 2 B 1 0 108 4 2 1 1 3
J N 6 1704 14 2 3457 288 1 3
K 0 0 43
A D 1 8
J N 6 1733 0 2 4321 288 1 3
K 0 0 43
A D 1 8
J N 6 1762 21 2 5185 288 1 3
K 0 0 43
A D 1 8
J N 6 1791 0 2 6049 288 1 3
K 0 0 43
A D 1 8
H 3 B 1 0 108 4 2 1 1 3
J B 10 1824 1 82 6913 288 0
J N 8 1845 14 4 1 0 0
K 0 0 42
K 0 0 60
K 0 21 60
A D 4 8
J N 7 1898 -7 5 3457 1152 0
K 0 0 43
K 25 0 44
K 0 0 60
K 0 21 60
A D 3 8
J N 6 1944 0 3 6049 864 0
K 0 0 43
K 0 0 54
A D 1 8
J B 11 1977 1 82 6913 288 0
J N 6 2002 7 3 1 0 1 4
K -15 0 65
K 0 0 43
A D 1 8
J N 6 2031 -7 2 865 288 1 4
K 0 0 43
A D 1 8
J N 6 2060 0 2 1729 288 1 4
K 0 0 43
A D 1 8
J N 6 2089 7 2 2593 288 1 4
K 0 0 43
A D 1 8
H 4 B 1 0 108 4 2 1 1 3
J N 8 2118 14 4 3457 288 0
K 0 0 42
K 0 0 60
K 0 21 60
A D 4 8
J B 12 2175 1 82 6913 1152 0
J N 8 2196 21 4 1 0 0
K 0 0 42
K 0 0 60
K 0 21 60
A D 4 8
J N 6 2253 7 3 3457 1152 1 5
K -15 0 65
K 0 0 43
A D 1 8
J N 6 2282 -7 2 4321 288 1 5
K 0 0 43
A D 1 8
J N 6 2311 14 2 5185 288 1 5
K 0 0 43
A D 1 8
J N 6 2340 -7 2 6049 288 1 5
K 0 0 43
A D 1 8
H 5 B 1 0 108 4 2 1 1 3
J B 13 2373 1 82 6913 288 0
J N 6 2398 7 3 1 0 1 6
K -15 0 65
K 0 0 43
A D 1 8
J N 6 2427 -7 2 865 288 1 6
K 0 0 43
A D 1 8
J N 6 2456 14 2 1729 288 1 6
K 0 0 43
A D 1 8
J N 6 2485 -7 2 2593 288 1 6
K 0 0 43
A D 1 8
H 6 B 1 0 108 4 2 1 1 3
J N 6 2514 7 2 3457 288 1 7
K 0 0 43
A D 1 8
J N 6 2543 -7 2 4321 288 1 7
K 0 0 43
A D 1 8
J N 6 2572 14 2 5185 288 1 7
K 0 0 43
A D 1 8
J N 6 2601 -7 2 6049 288 1 7
K 0 0 43
A D 1 8
H 7 B 1 0 108 4 2 1 1 3
J B 14 2634 1 82 6913 288 0
J N 7 2658 7 5 1 0 0
K -15 0 65
K 0 0 43
K 0 0 60
K 0 21 60
A D 2 8
J N 7 2696 14 4 1729 576 0
K 0 0 43
K 0 0 60
K 0 21 60
A D 2 8
J N 6 2734 0 2 3457 576 1 8
K 0 0 43
A D 1 8
J N 6 2763 -14 5 4321 288 1 8
K 0 0 45
K 0 0 43
K -1 0 45
K 2 0 45
A D 1 8
J N 6 2799 7 3 5185 288 1 8
K -14 0 64
K 0 0 43
A D 1 8
J N 6 2828 -14 5 6049 288 1 8
K 0 0 45
K 0 0 43
K -1 0 45
K 2 0 45
A D 1 8
H 8 B 1 0 108 4 2 1 1 3
J B 15 2861 1 82 6913 288 0
J N 6 2882 0 2 1 0 1 9
K 0 0 43
A D 1 8
J N 6 2911 -14 5 865 288 1 9
K 0 0 45
K 0 0 43
K -1 0 45
K 2 0 45
A D 1 8
J N 6 2940 7 2 1729 288 1 9
K 0 0 43
A D 1 8
J N 6 2969 -14 5 2593 288 1 9
K 0 0 45
K 0 0 43
K -1 0 45
K 2 0 45
A D 1 8
H 9 B 1 0 108 4 2 1 1 3
J N 6 2998 0 2 3457 288 1 10
K 0 0 43
A D 1 8
J N 6 3027 -14 5 4321 288 1 10
K 0 0 45
K 0 0 43
K -1 0 45
K 2 0 45
A D 1 8
J N 6 3056 7 2 5185 288 1 10
K 0 0 43
A D 1 8
J N 6 3085 -14 5 6049 288 1 10
K 0 0 45
K 0 0 43
K -1 0 45
K 2 0 45
A D 1 8
H 10 B 1 0 108 4 2 1 1 3
J B 16 3118 1 82 6913 288 0
J N 7 3139 0 4 1 0 0
K 0 0 43
K 0 0 60
K 0 21 60
A D 2 8
J N 7 3177 7 4 1729 576 0
K 0 0 43
K 0 0 60
K 0 21 60
A D 2 8
J N 7 3215 -21 7 3457 576 0
K 0 7 45
K 0 0 43
K 0 7 45
K 1 7 45
K 0 0 60
K 0 21 60
A D 2 8
J N 7 3253 -14 7 5185 576 0
K 0 0 45
K 0 0 43
K -1 0 45
K 2 0 45
K 0 0 60
K 0 21 60
A D 2 8
J B 17 3295 1 82 6913 576 0
J N 7 3316 -21 7 1 0 0
K 0 7 45
K 0 0 43
K 0 7 45
K 1 7 45
K 0 0 60
K 0 21 60
A D 2 8
J N 7 3354 -14 7 1729 576 0
K 0 0 45
K 0 0 43
K -1 0 45
K 2 0 45
K 0 0 60
K 0 21 60
A D 2 8
J N 7 3392 -7 4 3457 576 0
K 0 0 43
K 0 0 60
K 0 21 60
A D 2 8
J N 7 3430 0 4 5185 576 0
K 0 0 43
K 0 0 60
K 0 21 60
A D 2 8
J B 18 3472 1 82 6913 576 0
J N 7 3493 -7 4 1 0 0
K 0 0 43
K 0 0 60
K 0 21 60
A D 2 8
J N 7 3531 0 4 1729 576 0
K 0 0 43
K 0 0 60
K 0 21 60
A D 2 8
J N 7 3569 7 4 3457 576 0
K 0 0 43
K 0 0 60
K 0 21 60
A D 2 8
J N 7 3607 14 4 5185 576 0
K 0 0 43
K 0 0 60
K 0 21 60
A D 2 8
J B 19 3649 1 82 6913 576 0
J N 7 3676 21 5 1 0 0
K -18 0 63
K 0 0 43
K 0 0 60
K 0 21 60
A D 2 8
J N 8 3714 14 4 1729 576 0
K 0 0 42
K 0 0 60
K 0 21 60
A D 4 8
J N 7 3767 21 4 5185 1152 0
K 0 0 43
K 0 0 60
K 0 21 60
A D 2 8
J B 20 3809 1 82 6913 576 0
J N 8 3830 14 4 1 0 0
K 0 0 42
K 0 0 60
K 0 21 60
A D 4 8
J N 7 3883 -21 8 3457 1152 0
K 0 7 45
K 0 0 43
K 0 7 45
K 1 7 45
K 0 99 108
K 0 0 60
K 0 21 60
A D 2 8
J N 7 3921 -14 7 5185 576 0
K 0 0 45
K 0 0 43
K -1 0 45
K 2 0 45
K 0 0 60
K 0 21 60
A D 2 8
J B 21 3963 1 82 6913 576 0
J N 7 3984 -21 7 1 0 0
K 0 7 45
K 0 0 43
K 0 7 45
K 1 7 45
K 0 0 60
K 0 21 60
A D 2 8
J N 7 4022 -14 7 1729 576 0
K 0 0 45
K 0 0 43
K -1 0 45
K 2 0 45
K 0 0 60
K 0 21 60
A D 2 8
J N 7 4060 -7 4 3457 576 0
K 0 0 43
K 0 0 60
K 0 21 60
A D 2 8
J N 7 4098 0 4 5185 576 0
K 0 0 43
K 0 0 60
K 0 21 60
A D 2 8
J B 22 4140 1 82 6913 576 0
J N 7 4161 -7 4 1 0 0
K 0 0 43
K 0 0 60
K 0 21 60
A D 2 8
J N 7 4199 0 4 1729 576 0
K 0 0 43
K 0 0 60
K 0 21 60
A D 2 8
J N 7 4237 7 4 3457 576 0
K 0 0 43
K 0 0 60
K 0 21 60
A D 2 8
J N 7 4275 14 4 5185 576 0
K 0 0 43
K 0 0 60
K 0 21 60
A D 2 8
J B 23 4317 1 82 6913 576 0
J N 7 4344 21 5 1 0 0
K -18 0 63
K 0 0 43
K 0 0 60
K 0 21 60
A D 2 8
J N 8 4382 14 4 1729 576 0
K 0 0 42
K 0 0 60
K 0 21 60
A D 4 8
J N 7 4435 21 4 5185 1152 0
K 0 0 43
K 0 0 60
K 0 21 60
A D 2 8
J B 24 4477 1 82 6913 576 0
J N 8 4498 14 4 1 0 0
K 0 0 42
K 0 0 60
K 0 21 60
A D 4 8
J B 0 4577 10 6 6913 1152 0
K -22 21 44
K -22 35 44
K -12 0 84
K 0 0 84
K 11 21 44
K 11 35 44
J N 7 4614 -14 7 1 0 1 11
K 0 0 45
K 0 0 43
K -1 0 45
K 2 0 45
K 0 0 60
K 0 21 60
A D 2 8
J N 7 4652 -21 7 3457 576 1 11
K 0 7 45
K 0 0 43
K 0 7 45
K 1 7 45
K 0 0 60
K 0 21 60
A D 2 8
H 11 S 0 0 0 0 0 0 0 0 0
J B 25 4694 1 82 6913 576 0
J N 7 4715 -14 7 1 0 1 12
K 0 0 45
K 0 0 43
K -1 0 45
K 2 0 45
K 0 0 60
K 0 21 60
A D 2 8
J N 7 4753 -21 7 1729 576 1 12
K 0 7 45
K 0 0 43
K 0 7 45
K 1 7 45
K 0 0 60
K 0 21 60
A D 2 8
H 12 S 0 0 0 0 0 0 0 0 0
J N 7 4791 -14 7 3457 576 1 13
K 0 0 45
K 0 0 43
K -1 0 45
K 2 0 45
K 0 0 60
K 0 21 60
A D 2 8
J N 7 4829 -21 7 5185 576 1 13
K 0 7 45
K 0 0 43
K 0 7 45
K 1 7 45
K 0 0 60
K 0 21 60
A D 2 8
H 13 S 0 0 0 0 0 0 0 0 0
J B 26 4871 1 82 6913 576 0
J N 7 4892 -14 7 1 0 0
K 0 0 45
K 0 0 43
K -1 0 45
K 2 0 45
K 0 0 60
K 0 21 60
A D 2 8
J N 7 4930 14 4 1729 576 0
K 0 0 43
K 0 0 60
K 0 21 60
A D 2 8
J N 7 4968 0 4 3457 576 1 14
K 0 0 43
K 0 0 60
K 0 21 60
A D 2 8
J N 7 5006 -7 4 5185 576 1 14
K 0 0 43
K 0 0 60
K 0 21 60
A D 2 8
H 14 S 0 0 0 0 0 0 0 0 0
J B 27 5048 1 82 6913 576 0
J N 7 5069 0 4 1 0 1 15
K 0 0 43
K 0 0 60
K 0 21 60
A D 2 8
J N 7 5107 -7 4 1729 576 1 15
K 0 0 43
K 0 0 60
K 0 21 60
A D 2 8
H 15 S 0 0 0 0 0 0 0 0 0
J N 7 5145 0 4 3457 576 1 16
K 0 0 43
K 0 0 60
K 0 21 60
A D 2 8
J N 7 5183 -7 4 5185 576 1 16
K 0 0 43
K 0 0 60
K 0 21 60
A D 2 8
H 16 S 0 0 0 0 0 0 0 0 0
J B 28 5225 1 82 6913 576 0
J N 7 5246 0 4 1 0 0
K 0 0 43
K 0 0 60
K 0 21 60
A D 2 8
J N 7 5284 28 4 1729 576 0
K 0 0 43
K 0 0 60
K 0 21 60
A D 2 8
J N 7 5322 0 4 3457 576 0
K 0 0 43
K 0 0 60
K 0 21 60
A D 2 8
J N 7 5360 0 4 5185 576 0
K 0 0 43
K 0 0 60
K 0 21 60
A D 2 8
J B 29 5402 1 82 6913 576 0
J N 7 5423 -7 4 1 0 1 17
K 0 0 43
K 0 0 60
K 0 21 60
A D 2 8
J N 7 5461 0 4 1729 576 1 17
K 0 0 43
K 0 0 60
K 0 21 60
A D 2 8
H 17 S 0 0 0 0 0 0 0 0 0
J N 7 5502 7 5 3457 576 1 18
K -15 0 65
K 0 0 43
K 0 0 60
K 0 21 60
A D 2 8
J N 7 5540 14 4 5185 576 1 18
K 0 0 43
K 0 0 60
K 0 21 60
A D 2 8
H 18 S 0 0 0 0 0 0 0 0 0
J B 30 5582 1 82 6913 576 0
J N 7 5603 21 4 1 0 0
K 0 0 43
K 0 0 60
K 0 21 60
A D 2 8
J N 7 5641 49 4 1729 576 0
K 0 0 43
K 0 0 59
K 0 -21 59
A D 2 8
J N 7 5679 0 4 3457 576 0
K 0 0 43
K 0 0 60
K 0 21 60
A D 2 8
J N 7 5717 28 4 5185 576 0
K 0 0 43
K 0 0 60
K 0 21 60
A D 2 8
J B 31 5759 1 82 6913 576 0
J N 7 5780 21 4 1 0 1 19
K 0 0 43
K 0 0 60
K 0 21 60
A D 2 8
J N 7 5818 28 4 1729 576 1 19
K 0 0 43
K 0 0 60
K 0 21 60
A D 2 8
H 19 S 0 0 0 0 0 0 0 0 0
J N 7 5856 0 4 3457 576 0
K 0 0 43
K 0 0 60
K 0 21 60
A D 2 8
J N 7 5894 28 4 5185 576 0
K 0 0 43
K 0 0 60
K 0 21 60
A D 2 8
J B 32 5936 1 82 6913 576 0
J N 7 5957 21 4 1 0 1 20
K 0 0 43
K 0 0 60
K 0 21 60
A D 2 8
J N 7 5995 28 4 1729 576 1 20
K 0 0 43
K 0 0 60
K 0 21 60
A D 2 8
H 20 S 0 0 0 0 0 0 0 0 0
J N 7 6033 21 4 3457 576 1 21
K 0 0 43
K 0 0 60
K 0 21 60
A D 2 8
J N 7 6071 14 4 5185 576 1 21
K 0 0 43
K 0 0 60
K 0 21 60
A D 2 8
H 21 S 0 0 0 0 0 0 0 0 0
J B 33 6113 1 82 6913 576 0
J N 7 6137 7 5 1 0 1 22
K -15 0 65
K 0 0 43
K 0 0 60
K 0 21 60
A D 2 8
J N 7 6175 14 4 1729 576 1 22
K 0 0 43
K 0 0 60
K 0 21 60
A D 2 8
H 22 S 0 0 0 0 0 0 0 0 0
J N 7 6213 21 4 3457 576 1 23
K 0 0 43
K 0 0 60
K 0 21 60
A D 2 8
J N 7 6251 14 4 5185 576 1 23
K 0 0 43
K 0 0 60
K 0 21 60
A D 2 8
H 23 S 0 0 0 0 0 0 0 0 0
J B 34 6293 1 82 6913 576 0
J N 7 6317 7 5 1 0 1 24
K -15 0 65
K 0 0 43
K 0 0 60
K 0 21 60
A D 2 8
J N 7 6355 14 4 1729 576 1 24
K 0 0 43
K 0 0 60
K 0 21 60
A D 2 8
H 24 S 0 0 0 0 0 0 0 0 0
J N 7 6393 0 4 3457 576 0
K 0 0 43
K 0 0 60
K 0 21 60
A D 2 8
J N 6 6431 7 2 5185 576 1 25
K 0 0 43
A D 1 8
J N 6 6460 14 2 6049 288 1 25
K 0 0 43
A D 1 8
H 25 B 1 0 108 2 2 3
J B 35 6493 1 82 6913 288 0
J N 7 6514 21 4 1 0 0
K 0 0 43
K 0 0 60
K 0 21 60
A D 2 8
J N 7 6552 14 4 1729 576 0
K 0 0 43
K 0 0 60
K 0 21 60
A D 2 8
J N 8 6590 21 4 3457 576 0
K 0 0 42
K 0 0 60
K 0 21 60
A D 4 8
J B 36 6647 1 82 6913 1152 0
J N 6 6668 28 2 1 0 2 26 27
K 0 0 43
A D 1 8
J N 6 6697 21 2 865 288 1 27
K 0 0 43
A D 1 8
J N 6 6726 28 2 1729 288 1 27
K 0 0 43
A D 1 8
J N 6 6755 21 2 2593 288 1 27
K 0 0 43
A D 1 8
H 27 B 1 0 108 4 2 1 1 3
J N 6 6796 14 3 3457 288 1 28
K -15 0 65
K 0 0 43
A D 1 8
J N 6 6825 21 2 4321 288 1 28
K 0 0 43
A D 1 8
J N 6 6854 14 2 5185 288 1 28
K 0 0 43
A D 1 8
J N 6 6883 21 2 6049 288 2 28 26
K 0 0 43
A D 1 8
H 28 B 1 0 108 4 2 1 1 3
H 26 S 0 0 0 0 0 0 0 0 0
J B 37 6916 1 82 6913 288 0
J N 6 6937 28 2 1 0 2 29 30
K 0 0 43
A D 1 8
J N 6 6966 21 2 865 288 1 30
K 0 0 43
A D 1 8
J N 6 6995 28 2 1729 288 1 30
K 0 0 43
A D 1 8
J N 6 7024 21 2 2593 288 1 30
K 0 0 43
A D 1 8
H 30 B 1 0 108 4 2 1 1 3
J N 6 7065 14 3 3457 288 1 31
K -15 0 65
K 0 0 43
A D 1 8
J N 6 7094 21 2 4321 288 1 31
K 0 0 43
A D 1 8
J N 6 7123 14 2 5185 288 1 31
K 0 0 43
A D 1 8
J N 6 7152 21 2 6049 288 2 31 29
K 0 0 43
A D 1 8
H 31 B 1 0 108 4 2 1 1 3
H 29 S 0 0 0 0 0 0 0 0 0
J B 38 7185 1 82 6913 288 0
J N 6 7206 28 2 1 0 2 32 33
K 0 0 43
A D 1 8
J N 6 7235 21 2 865 288 1 33
K 0 0 43
A D 1 8
J N 6 7264 28 2 1729 288 1 33
K 0 0 43
A D 1 8
J N 6 7293 21 2 2593 288 1 33
K 0 0 43
A D 1 8
H 33 B 1 0 108 4 2 1 1 3
J N 6 7334 14 3 3457 288 1 34
K -15 0 65
K 0 0 43
A D 1 8
J N 6 7363 21 2 4321 288 1 34
K 0 0 43
A D 1 8
J N 6 7392 28 2 5185 288 1 34
K 0 0 43
A D 1 8
J N 6 7421 21 2 6049 288 2 34 32
K 0 0 43
A D 1 8
H 34 B 1 0 108 4 2 1 1 3
H 32 S 0 0 0 0 0 0 0 0 0
J B 39 7454 1 82 6913 288 0
J N 7 7475 35 4 1 0 0
K 0 0 43
K 0 0 59
K 0 -21 59
A D 2 8
J N 8 7513 28 4 1729 576 0
K 0 0 42
K 0 0 60
K 0 21 60
A D 4 8
J N 7 7566 35 4 5185 1152 0
K 0 0 43
K 0 0 59
K 0 -21 59
A D 2 8
J B 40 7608 1 82 6913 576 0
J N 6 7629 28 2 1 0 2 35 36
K 0 0 43
A D 1 8
J N 6 7658 21 2 865 288 1 36
K 0 0 43
A D 1 8
J N 6 7687 28 2 1729 288 1 36
K 0 0 43
A D 1 8
J N 6 7716 21 2 2593 288 1 36
K 0 0 43
A D 1 8
H 36 B 1 0 108 4 2 1 1 3
J N 6 7757 14 3 3457 288 1 37
K -15 0 65
K 0 0 43
A D 1 8
J N 6 7786 21 2 4321 288 1 37
K 0 0 43
A D 1 8
J N 6 7815 14 2 5185 288 1 37
K 0 0 43
A D 1 8
J N 6 7844 21 2 6049 288 2 37 35
K 0 0 43
A D 1 8
H 37 B 1 0 108 4 2 1 1 3
H 35 S 0 0 0 0 0 0 0 0 0
J B 41 7877 1 82 6913 288 0
J N 6 7902 28 3 1 0 2 38 39
K -14 0 64
K 0 0 43
A D 1 8
J N 6 7931 21 2 865 288 1 39
K 0 0 43
A D 1 8
J N 6 7960 28 2 1729 288 1 39
K 0 0 43
A D 1 8
J N 6 7989 21 2 2593 288 1 39
K 0 0 43
A D 1 8
H 39 B 1 0 108 4 2 1 1 3
J N 6 8018 14 2 3457 288 1 40
K 0 0 43
A D 1 8
J N 6 8047 21 2 4321 288 1 40
K 0 0 43
A D 1 8
J N 6 8076 14 2 5185 288 1 40
K 0 0 43
A D 1 8
J N 6 8105 21 2 6049 288 2 40 38
K 0 0 43
A D 1 8
H 40 B 1 0 108 4 2 1 1 3
H 38 S 0 0 0 0 0 0 0 0 0
J B 42 8138 1 82 6913 288 0
J N 7 8161 28 5 1 0 0
K -14 0 64
K 0 0 43
K 0 0 60
K 0 21 60
A D 2 8
J N 8 8199 21 4 1729 576 0
K 0 0 42
K 0 0 60
K 0 21 60
A D 4 8
J N 7 8252 28 4 5185 1152 0
K 0 0 43
K 0 0 60
K 0 21 60
A D 2 8
J B 43 8294 1 82 6913 576 0
J N 6 8315 21 2 1 0 2 41 42
K 0 0 43
A D 1 8
J N 6 8344 14 2 865 288 1 42
K 0 0 43
A D 1 8
J N 6 8373 21 2 1729 288 1 42
K 0 0 43
A D 1 8
J N 6 8402 14 2 2593 288 1 42
K 0 0 43
A D 1 8
H 42 B 1 0 108 4 2 1 1 3
J N 6 8443 7 3 3457 288 1 43
K -15 0 65
K 0 0 43
A D 1 8
J N 6 8472 14 2 4321 288 1 43
K 0 0 43
A D 1 8
J N 6 8501 7 2 5185 288 1 43
K 0 0 43
A D 1 8
J N 6 8530 14 2 6049 288 2 43 41
K 0 0 43
A D 1 8
H 43 B 1 0 108 4 2 1 1 3
H 41 S 0 0 0 0 0 0 0 0 0
J B 44 8563 1 82 6913 288 0
J N 6 8590 21 3 1 0 2 44 45
K -18 0 63
K 0 0 43
A D 1 8
J N 6 8619 14 2 865 288 1 45
K 0 0 43
A D 1 8
J N 6 8648 21 2 1729 288 1 45
K 0 0 43
A D 1 8
J N 6 8677 14 2 2593 288 1 45
K 0 0 43
A D 1 8
H 45 B 1 0 108 4 2 1 1 3
J N 6 8706 7 2 3457 288 1 46
K 0 0 43
A D 1 8
J N 6 8735 14 2 4321 288 1 46
K 0 0 43
A D 1 8
J N 6 8764 7 2 5185 288 1 46
K 0 0 43
A D 1 8
J N 6 8793 14 2 6049 288 2 46 44
K 0 0 43
A D 1 8
H 46 B 1 0 108 4 2 1 1 3
H 44 S 0 0 0 0 0 0 0 0 0
J B 45 8826 1 82 6913 288 0
J N 7 8853 21 5 1 0 0
K -18 0 63
K 0 0 43
K 0 0 60
K 0 21 60
A D 2 8
J N 8 8891 14 4 1729 576 0
K 0 0 42
K 0 0 60
K 0 21 60
A D 4 8
J N 7 8944 21 4 5185 1152 0
K 0 0 43
K 0 0 60
K 0 21 60
A D 2 8
J B 46 8986 1 82 6913 576 0
J N 8 9007 14 4 1 0 0
K 0 0 42
K 0 0 60
K 0 21 60
A D 4 8
J N 7 9060 -7 4 3457 1152 0
K 0 0 43
K 0 0 60
K 0 21 60
A D 2 8
J N 7 9104 0 5 5185 576 0
K -18 0 63
K 0 0 43
K 0 0 60
K 0 21 60
A D 2 8
J B 47 9146 1 82 6913 576 0
J N 7 9167 -7 4 1 0 0
K 0 0 43
K 0 0 60
K 0 21 60
A D 2 8
J N 7 9205 14 4 1729 576 0
K 0 0 43
K 0 0 60
K 0 21 60
A D 2 8
J N 7 9243 -21 7 3457 576 0
K 0 7 45
K 0 0 43
K 0 7 45
K 1 7 45
K 0 0 60
K 0 21 60
A D 2 8
J N 7 9281 -14 7 5185 576 0
K 0 0 45
K 0 0 43
K -1 0 45
K 2 0 45
K 0 0 60
K 0 21 60
A D 2 8
J B 48 9323 1 82 6913 576 0
J N 8 9344 -21 7 1 0 0
K 0 7 45
K 0 0 42
K 0 7 45
K 1 7 45
K 0 0 60
K 0 21 60
A D 4 8
J N 7 9397 14 4 3457 1152 0
K 0 0 43
K 0 0 60
K 0 21 60
A D 2 8
J N 7 9435 14 4 5185 576 0
K 0 0 43
K 0 0 60
K 0 21 60
A D 2 8
J B 49 9477 1 82 6913 576 0
J N 7 9498 14 4 1 0 0
K 0 0 43
K 0 0 60
K 0 21 60
A D 2 8
J N 7 9536 49 5 1729 576 0
K -18 0 63
K 0 0 43
K 0 0 59
K 0 -21 59
A D 2 8
J N 8 9574 42 4 3457 576 0
K 0 0 42
K 0 0 59
K 0 -21 59
A D 4 8
J B 50 9631 1 82 6913 1152 0
J N 8 9658 49 5 1 0 0
K -18 0 63
K 0 0 42
K 0 0 59
K 0 -21 59
A D 4 8
J N 7 9711 0 5 3457 1152 0
K -18 0 63
K 0 0 43
K 0 0 60
K 0 21 60
A D 2 8
J N 7 9749 0 4 5185 576 0
K 0 0 43
K 0 0 60
K 0 21 60
A D 2 8
J B 51 9791 1 82 6913 576 0
J N 7 9812 -7 4 1 0 0
K 0 0 43
K 0 0 60
K 0 21 60
A D 2 8
J N 7 9850 -7 4 1729 576 0
K 0 0 43
K 0 0 60
K 0 21 60
A D 2 8
J N 7 9888 -14 7 3457 576 0
K 0 0 45
K 0 0 43
K -1 0 45
K 2 0 45
K 0 0 60
K 0 21 60
A D 2 8
J N 7 9926 -14 7 5185 576 0
K 0 0 45
K 0 0 43
K -1 0 45
K 2 0 45
K 0 0 60
K 0 21 60
A D 2 8
J B 52 9968 1 82 6913 576 0
J N 7 9989 -14 7 1 0 0
K 0 0 45
K 0 0 43
K -1 0 45
K 2 0 45
K 0 0 60
K 0 21 60
A D 2 8
J N 7 10027 14 4 1729 576 0
K 0 0 43
K 0 0 60
K 0 21 60
A D 2 8
J N 7 10065 -7 4 3457 576 1 47
K 0 0 43
K 0 0 60
K 0 21 60
A D 2 8
J N 7 10103 0 4 5185 576 1 47
K 0 0 43
K 0 0 60
K 0 21 60
A D 2 8
H 47 S 0 0 0 0 0 0 0 0 0
J B 53 10145 1 82 6913 576 0
J N 7 10169 7 5 1 0 1 48
K -15 0 65
K 0 0 43
K 0 0 60
K 0 21 60
A D 2 8
J N 7 10207 14 4 1729 576 1 48
K 0 0 43
K 0 0 60
K 0 21 60
A D 2 8
H 48 S 0 0 0 0 0 0 0 0 0
J N 7 10245 21 4 3457 576 1 49
K 0 0 43
K 0 0 60
K 0 21 60
A D 2 8
J N 7 10283 28 4 5185 576 1 49
K 0 0 43
K 0 0 60
K 0 21 60
A D 2 8
H 49 S 0 0 0 0 0 0 0 0 0
J B 54 10325 1 82 6913 576 0
J N 7 10346 35 4 1 0 0
K 0 0 43
K 0 0 59
K 0 -21 59
A D 2 8
J N 7 10384 14 4 1729 576 0
K 0 0 43
K 0 0 60
K 0 21 60
A D 2 8
J N 8 10422 -7 4 3457 576 1 50
K 0 0 42
K 0 0 60
K 0 21 60
A D 4 8
J B 55 10479 1 82 6913 1152 0
J N 7 10500 -7 4 1 0 1 50
K 0 0 43
K 0 0 60
K 0 21 60
A D 2 8
H 50 T -7 0 0 0 0 0 1 0
J N 7 10538 14 4 1729 576 0
K 0 0 43
K 0 0 60
K 0 21 60
A D 2 8
J N 8 10576 -7 4 3457 576 1 51
K 0 0 42
K 0 0 60
K 0 21 60
A D 4 8
J B 56 10633 1 82 6913 1152 0
J N 7 10654 -7 4 1 0 1 51
K 0 0 43
K 0 0 60
K 0 21 60
A D 2 8
H 51 T -7 0 0 0 0 0 1 0
J N 7 10692 14 4 1729 576 0
K 0 0 43
K 0 0 60
K 0 21 60
A D 2 8
J N 8 10730 -7 4 3457 576 1 52
K 0 0 42
K 0 0 60
K 0 21 60
A D 4 8
J B 57 10787 1 82 6913 1152 0
J N 7 10808 -7 4 1 0 1 52
K 0 0 43
K 0 0 60
K 0 21 60
A D 2 8
H 52 T -7 0 0 0 0 0 1 0
J N 7 10846 14 4 1729 576 0
K 0 0 43
K 0 0 60
K 0 21 60
A D 2 8
J N 8 10884 -7 4 3457 576 1 53
K 0 0 42
K 0 0 60
K 0 21 60
A D 4 8
J B 58 10941 1 82 6913 1152 0
J N 7 10962 -7 4 1 0 1 53
K 0 0 43
K 0 0 60
K 0 21 60
A D 2 8
H 53 T -7 0 0 0 0 0 1 0
J N 7 11000 14 4 1729 576 0
K 0 0 43
K 0 0 60
K 0 21 60
A D 2 8
J N 7 11038 -7 4 3457 576 0
K 0 0 43
K 0 0 60
K 0 21 60
A D 2 8
J N 7 11076 14 4 5185 576 0
K 0 0 43
K 0 0 60
K 0 21 60
A D 2 8
J B 59 11118 1 82 6913 576 0
J N 7 11145 0 5 1 0 0
K -18 0 63
K 0 0 43
K 0 0 60
K 0 21 60
A D 2 8
J N 8 11183 -7 4 1729 576 0
K 0 0 42
K 0 0 60
K 0 21 60
A D 4 8
J N 7 11236 0 4 5185 1152 0
K 0 0 43
K 0 0 60
K 0 21 60
A D 2 8
J B 60 11278 1 82 6913 576 0
J N 8 11299 -7 4 1 0 0
K 0 0 42
K 0 0 60
K 0 21 60
A D 4 8
J N 8 11352 42 4 3457 1152 0
K 0 0 42
K 0 0 59
K 0 -21 59
A D 4 8
J B 61 11409 1 82 6913 1152 0
J R 8 11430 28 2 1 0 0
K 0 0 47
A D 4 8
J N 8 11483 42 4 3457 1152 0
K 0 0 42
K 0 0 59
K 0 -21 59
A D 4 8
J B 62 11540 1 82 6913 1152 0
J R 8 11561 28 2 1 0 0
K 0 0 47
A D 4 8
J N 8 11614 42 5 3457 1152 0
K 0 0 42
K 0 37 108
K 0 0 59
K 0 -21 59
A D 4 8
J B 63 11671 1 82 6913 1152 0
J R 8 11692 28 2 1 0 0
K 0 0 47
A D 4 8
J N 8 11745 42 4 3457 1152 0
K 0 0 42
K 0 0 59
K 0 -21 59
A D 4 8
J B 64 11802 1 82 6913 1152 0
J R 8 11823 28 2 1 0 0
K 0 0 47
A D 4 8
J N 7 11876 42 5 3457 1152 0
K 0 0 43
K 0 44 110
K 0 0 59
K 0 -21 59
A D 2 8
J N 7 11917 7 5 5185 576 0
K -15 0 65
K 0 0 43
K 0 0 60
K 0 21 60
A D 2 8
J B 65 11959 1 82 6913 576 0
J N 7 11986 49 5 1 0 0
K -18 0 63
K 0 0 43
K 0 0 59
K 0 -21 59
A D 2 8
J N 8 12024 42 4 1729 576 0
K 0 0 42
K 0 0 59
K 0 -21 59
A D 4 8
J N 7 12077 49 4 5185 1152 0
K 0 0 43
K 0 0 59
K 0 -21 59
A D 2 8
J B 66 12119 1 82 6913 576 0
J N 8 12140 42 4 1 0 0
K 0 0 42
K 0 0 59
K 0 -21 59
A D 4 8
J R 7 12193 28 2 3457 1152 0
K 0 0 48
A D 2 8
J N 7 12231 7 6 5185 576 0
K -15 0 65
K 0 0 43
K 0 74 108
K 0 0 60
K 0 21 60
A D 2 8
J B 67 12273 1 82 6913 576 0
J N 7 12300 49 5 1 0 0
K -18 0 63
K 0 0 43
K 0 0 59
K 0 -21 59
A D 2 8
J N 8 12338 42 4 1729 576 0
K 0 0 42
K 0 0 59
K 0 -21 59
A D 4 8
J N 7 12391 49 4 5185 1152 0
K 0 0 43
K 0 0 59
K 0 -21 59
A D 2 8
J B 68 12433 1 82 6913 576 0
J N 8 12454 42 5 1 0 0
K 0 0 42
K 24 -6 44
K 0 0 59
K 0 -21 59
A D 6 8
J B 0 12539 6 2 6913 1728 0
K -13 0 82
K -6 0 84
J K 0 12560 0 1 6913 0 0
K 0 28 64
J M 0 12560 0 0 10000 0 0
