X 46 1200C 120 Concerto in F Major, Op. 6, No. 9                        
X 37 1200C 170 for Strings and Basso continuo                         
X 43 1200C 240 I. Preludio        
S 0 500 360 1750 1066 7 "[...][....]"        
L 0 0 0 0 0 * 0 14 0        
J D 0 -300 21 2 6913 0 0        
W 0 0 39 Violino 1        
W 0 42 33 concertino        
J D 1 75 -37 1 6913 0 0        
W 0 -56 0 (44) I. Preludio:  Violino 1 concertino        
J C 4 5 42 2 6913 0 0        
K 0 0 33        
K 0 0 34        
J K -1 57 0 1 6913 0 0        
K 0 28 65        
J D 5 86 -42 1 6913 0 0        
W 0 0 37 Largo        
J T 101 86 42 1 6913 0 0        
K 0 0 37        
J N 7 134 21 5 1 0 0        
K 0 0 43        
K 25 0 44        
K 0 0 60        
K 0 21 60        
A D 6 16        
J R 5 222 28 3 2593 864 0        
K 0 14 49        
K 4 0 50        
A D 1 16        
J N 5 261 21 3 3025 144 0        
K 0 0 43        
K 0 0 56        
A D 1 16        
J N 7 300 21 5 3457 144 0        
K 0 0 43        
K 25 0 44        
K 0 0 60        
K 0 21 60        
A D 6 16        
J R 5 388 28 3 6049 864 0        
K 0 14 49        
K 4 0 50        
A D 1 16        
J N 5 427 21 3 6481 144 0        
K 0 0 43        
K 0 0 56        
A D 1 16        
J B 2 477 1 82 6913 144 0        
J N 6 498 21 3 1 0 1 1        
K 0 0 43        
K 25 0 44        
A D 3 16        
J N 5 560 49 2 1297 432 1 1        
K 0 0 43        
A D 1 16        
J N 6 597 28 3 1729 144 1 1        
K 0 0 43        
K 24 -6 44        
A D 3 16        
J N 5 659 28 2 3025 432 1 1        
K 0 0 43        
A D 1 16        
H 1 B 45 0 108 4 2 51 1 53        
J N 7 696 28 5 3457 144 0        
K 0 0 43        
K 24 -6 44        
K 0 0 60        
K 0 21 60        
A D 6 16        
J R 5 784 28 3 6049 864 0        
K 0 14 49        
K 4 0 50        
A D 1 16        
J N 5 823 35 3 6481 144 0        
K 0 0 43        
K 0 0 55        
A D 1 16        
J B 3 873 1 82 6913 144 0        
J N 6 894 35 3 1 0 1 2        
K 0 0 43        
K 25 0 44        
A D 3 16        
J N 5 955 63 2 1297 432 1 2        
K 0 0 43        
A D 1 16        
J N 6 991 42 3 1729 144 1 2        
K 0 0 43        
K 24 -6 44        
A D 3 16        
J N 5 1078 49 2 3025 432 1 2        
K 0 0 43        
A D 1 16        
H 2 B 50 0 108 4 2 51 1 53        
J N 7 1114 56 4 3457 144 0        
K 0 0 43        
K 0 0 59        
K 0 -21 59        
A D 4 16        
J R 6 1212 28 2 5185 576 0        
K 0 0 49        
A D 2 16        
J N 6 1261 49 3 6049 288 0        
K 0 0 43        
K 0 0 53        
A D 2 16        
J B 4 1337 1 82 6913 288 0        
J N 6 1358 28 2 1 0 2 3 4        
K 0 0 43        
A D 2 16        
J N 5 1407 21 2 865 288 1 4        
K 0 0 43        
A D 1 16        
J N 5 1443 14 2 1297 144 2 4 3        
K 0 0 43        
A D 1 16        
H 4 B -45 -2 108 3 2 21 33        
H 3 S 0 0 0 0 0 0 0 0 0        
J N 6 1479 21 3 1729 144 1 5        
K 0 0 43        
K 25 0 44        
A D 3 16        
J N 5 1540 28 2 3025 432 1 5        
K 0 0 43        
A D 1 16        
H 5 B -48 2 108 2 2 53        
J N 7 1576 35 5 3457 144 0        
K 0 0 43        
K 25 0 44        
K 0 0 59        
K 0 -21 59        
A D 6 16        
J R 5 1663 28 3 6049 864 0        
K 0 14 49        
K 4 0 50        
A D 1 16        
J N 5 1701 21 3 6481 144 0        
K 0 0 43        
K 0 0 56        
A D 1 16        
J B 5 1750 1 82 6913 144 0        
E *        
L 160 0 0 0 0 * 0 14 0        
J D 0 -300 21 2 6913 0 0        
W 0 0 39 Violino 2        
W 0 42 33 concertino        
J D 1 75 -37 1 6913 0 0        
W 0 -56 0 (44) I. Preludio:  Violino 2 concertino        
J C 4 5 42 2 6913 0 0        
K 0 0 33        
K 0 0 34        
J K -1 57 0 1 6913 0 0        
K 0 28 65        
J D 5 86 -42 1 6913 0 0        
W 0 0 0 (37) Largo        
J T 101 86 42 1 6913 0 0        
K 0 0 37        
J N 7 134 35 5 1 0 0        
K 0 0 43        
K 25 0 44        
K 0 0 59        
K 0 -21 59        
A D 6 16        
J R 5 222 28 3 2593 864 0        
K 0 14 49        
K 4 0 50        
A D 1 16        
J N 5 261 35 3 3025 144 0        
K 0 0 43        
K 0 0 55        
A D 1 16        
J N 7 300 42 5 3457 144 0        
K 0 0 43        
K 24 -6 44        
K 0 0 59        
K 0 -21 59        
A D 6 16        
J R 5 388 28 3 6049 864 0        
K 0 14 49        
K 4 0 50        
A D 1 16        
J N 5 427 35 3 6481 144 0        
K 0 0 43        
K 0 0 55        
A D 1 16        
J B 2 477 1 82 6913 144 0        
J N 6 498 49 3 1 0 1 1        
K 0 0 43        
K 25 0 44        
A D 3 16        
J N 5 560 49 2 1297 432 1 1        
K 0 0 43        
A D 1 16        
J N 6 597 49 3 1729 144 1 1        
K 0 0 43        
K 25 0 44        
A D 3 16        
J N 5 659 42 2 3025 432 1 1        
K 0 0 43        
A D 1 16        
H 1 B 53 0 108 4 2 51 1 53        
J N 7 696 56 5 3457 144 0        
K 0 0 43        
K 24 -6 44        
K 0 0 59        
K 0 -21 59        
A D 6 16        
J R 5 784 28 3 6049 864 0        
K 0 14 49        
K 4 0 50        
A D 1 16        
J N 5 823 21 3 6481 144 0        
K 0 0 43        
K 0 0 56        
A D 1 16        
J B 3 873 1 82 6913 144 0        
J N 7 894 14 5 1 0 0        
K 0 0 43        
K 24 -6 44        
K 0 0 60        
K 0 21 60        
A D 6 16        
J R 5 1040 28 3 2593 864 0        
K 0 14 49        
K 4 0 50        
A D 1 16        
J N 5 1078 14 3 3025 144 0        
K 0 0 43        
K 0 0 56        
A D 1 16        
J N 6 1114 21 2 3457 144 1 2        
K 0 0 43        
A D 2 16        
J N 6 1163 70 5 4321 288 1 2        
K 1 0 45        
K 0 0 43        
K -1 0 45        
K 2 0 45        
A D 2 16        
H 2 B 41 11 108 2 2 3        
J N 7 1212 49 4 5185 288 1 3        
K 0 0 43        
K 0 0 59        
K 0 -21 59        
A D 4 16        
J B 4 1337 1 82 6913 576 0        
J N 7 1358 49 4 1 0 1 3        
K 0 0 43        
K 0 0 59        
K 0 -21 59        
A D 4 16        
H 3 T 49 0 0 0 0 0 9 0        
J N 7 1479 56 4 1729 576 0        
K 0 0 43        
K 0 0 59        
K 0 -21 59        
A D 4 16        
J N 7 1576 49 5 3457 576 0        
K 0 0 43        
K 25 0 44        
K 0 0 59        
K 0 -21 59        
A D 6 16        
J R 5 1663 28 3 6049 864 0        
K 0 14 49        
K 4 0 50        
A D 1 16        
J N 5 1701 35 3 6481 144 0        
K 0 0 43        
K 0 0 55        
A D 1 16        
J B 5 1750 1 82 6913 144 0        
E *        
L 320 0 0 0 0 * 0 14 0        
J D 0 -300 21 2 6913 0 0        
W 0 0 39 Violoncello        
W 0 42 33 concertino        
J D 1 75 -37 1 6913 0 0        
W 0 -56 0 (44) I. Preludio:  Violoncello concertino        
J C 22 5 14 36 6913 0 0        
J K -1 57 0 1 6913 0 0        
K 0 42 65        
J D 5 86 -42 1 6913 0 0        
W 0 0 0 (37) Largo        
J T 101 86 42 1 6913 0 0        
K 0 0 37        
J N 7 134 14 5 1 0 0        
K 0 0 43        
K 24 -6 44        
K 0 0 60        
K 0 21 60        
A D 6 16        
J R 5 222 28 3 2593 864 0        
K 0 14 49        
K 4 0 50        
A D 1 16        
J N 5 261 14 3 3025 144 0        
K 0 0 43        
K 0 0 56        
A D 1 16        
J F 0 300 98 1 3457 144 0        
K 0 0 205        
J N 7 300 21 5 3457 0 0        
K 0 0 43        
K 25 0 44        
K 0 0 60        
K 0 21 60        
A D 6 16        
J R 5 388 28 3 6049 864 0        
K 0 14 49        
K 4 0 50        
A D 1 16        
J N 5 427 14 3 6481 144 0        
K 0 0 43        
K 0 0 56        
A D 1 16        
J B 2 477 1 82 6913 144 0        
J F 0 498 98 1 1 0 0        
K 0 0 206        
J N 6 498 28 3 1 0 1 1        
K 0 0 43        
K 24 -6 44        
A D 3 16        
J N 5 560 28 2 1297 432 1 1        
K 0 0 43        
A D 1 16        
J F 0 597 98 1 1729 144 0        
K 0 0 206        
J N 6 597 7 3 1729 0 1 1        
K 0 0 43        
K 25 0 44        
A D 3 16        
J N 5 659 7 2 3025 432 1 1        
K 0 0 43        
A D 1 16        
H 1 B -45 -1 108 4 2 51 1 53        
J F 0 696 98 1 3457 144 0        
K 0 0 206        
J N 7 696 35 5 3457 0 0        
K 0 0 43        
K 25 0 44        
K 0 0 59        
K 0 -21 59        
A D 6 16        
J R 5 784 28 3 6049 864 0        
K 0 14 49        
K 4 0 50        
A D 1 16        
J N 5 823 14 3 6481 144 0        
K 0 0 43        
K 0 0 56        
A D 1 16        
J B 3 873 1 82 6913 144 0        
J F 0 894 109 1 1 0 0        
K 0 0 206        
J N 6 894 42 3 1 0 1 2        
K 0 0 43        
K 24 -6 44        
A D 3 16        
J N 5 955 42 2 1297 432 1 2        
K 0 0 43        
A D 1 16        
J F 0 991 102 1 1729 144 0        
K 0 0 205        
J N 6 991 -7 3 1729 0 1 2        
K 0 0 43        
K 25 0 44        
A D 3 16        
J N 5 1078 -7 2 3025 432 1 2        
K 0 0 43        
A D 1 16        
H 2 B -45 -2 108 4 2 51 1 53        
J F 0 1114 98 2 3457 144 0        
K 0 0 203        
K 0 21 201        
J N 7 1114 -7 4 3457 0 0        
K 0 0 43        
K 0 0 60        
K 0 21 60        
A D 4 16        
J F 0 1212 98 1 5185 576 0        
K 0 0 205        
J N 7 1212 0 4 5185 0 0        
K 0 0 43        
K 0 0 60        
K 0 21 60        
A D 4 16        
J B 4 1337 1 82 6913 576 0        
J F 0 1358 98 1 1 0 0        
K 0 0 206        
J N 7 1358 7 4 1 0 0        
K 0 0 43        
K 0 0 60        
K 0 21 60        
A D 4 16        
J F 0 1479 98 1 1729 576 0        
K 0 0 206        
J N 7 1479 35 4 1729 0 0        
K 0 0 43        
K 0 0 59        
K 0 -21 59        
A D 4 16        
J N 7 1576 14 5 3457 576 0        
K 0 0 43        
K 24 -6 44        
K 0 0 60        
K 0 21 60        
A D 6 16        
J R 5 1663 28 3 6049 864 0        
K 0 14 49        
K 4 0 50        
A D 1 16        
J N 5 1701 14 3 6481 144 0        
K 0 0 43        
K 0 0 56        
A D 1 16        
J B 5 1750 1 82 6913 144 0        
E *        
L 530 0 0 0 0 * 0 14 0        
J D 0 -300 21 2 6913 0 0        
W 0 0 39 Violino 1        
W 0 42 33 concerto grosso        
J D 1 75 -37 1 6913 0 0        
W 0 -56 0 (44) I. Preludio:  Violino 1 concerto grosso        
J C 4 5 42 2 6913 0 0        
K 0 0 33        
K 0 0 34        
J K -1 57 0 1 6913 0 0        
K 0 28 65        
J D 5 86 -42 1 6913 0 0        
W 0 0 0 (37) Largo        
J T 101 86 42 1 6913 0 0        
K 0 0 37        
J N 7 134 21 5 1 0 0        
K 0 0 43        
K 25 0 44        
K 0 0 60        
K 0 21 60        
A D 6 16        
J R 5 222 28 3 2593 864 0        
K 0 14 49        
K 4 0 50        
A D 1 16        
J N 5 261 21 3 3025 144 0        
K 0 0 43        
K 0 0 56        
A D 1 16        
J N 7 300 21 5 3457 144 0        
K 0 0 43        
K 25 0 44        
K 0 0 60        
K 0 21 60        
A D 6 16        
J R 5 388 28 3 6049 864 0        
K 0 14 49        
K 4 0 50        
A D 1 16        
J N 5 427 21 3 6481 144 0        
K 0 0 43        
K 0 0 56        
A D 1 16        
J B 2 477 1 82 6913 144 0        
J N 6 498 21 3 1 0 1 1        
K 0 0 43        
K 25 0 44        
A D 3 16        
J N 5 560 49 2 1297 432 1 1        
K 0 0 43        
A D 1 16        
J N 6 597 28 3 1729 144 1 1        
K 0 0 43        
K 24 -6 44        
A D 3 16        
J N 5 659 28 2 3025 432 1 1        
K 0 0 43        
A D 1 16        
H 1 B 45 0 108 4 2 51 1 53        
J N 7 696 28 5 3457 144 0        
K 0 0 43        
K 24 -6 44        
K 0 0 60        
K 0 21 60        
A D 6 16        
J R 5 784 28 3 6049 864 0        
K 0 14 49        
K 4 0 50        
A D 1 16        
J N 5 823 35 3 6481 144 0        
K 0 0 43        
K 0 0 55        
A D 1 16        
J B 3 873 1 82 6913 144 0        
J N 6 894 35 3 1 0 1 2        
K 0 0 43        
K 25 0 44        
A D 3 16        
J N 5 955 63 2 1297 432 1 2        
K 0 0 43        
A D 1 16        
J N 6 991 42 3 1729 144 1 2        
K 0 0 43        
K 24 -6 44        
A D 3 16        
J N 5 1078 49 2 3025 432 1 2        
K 0 0 43        
A D 1 16        
H 2 B 50 0 108 4 2 51 1 53        
J N 7 1114 56 4 3457 144 0        
K 0 0 43        
K 0 0 59        
K 0 -21 59        
A D 4 16        
J R 6 1212 28 2 5185 576 0        
K 0 0 49        
A D 2 16        
J N 6 1261 49 3 6049 288 0        
K 0 0 43        
K 0 0 53        
A D 2 16        
J B 4 1337 1 82 6913 288 0        
J N 6 1358 28 2 1 0 2 3 4        
K 0 0 43        
A D 2 16        
J N 5 1407 21 2 865 288 1 4        
K 0 0 43        
A D 1 16        
J N 5 1443 14 2 1297 144 2 4 3        
K 0 0 43        
A D 1 16        
H 4 B -45 -2 108 3 2 21 33        
H 3 S 0 0 0 0 0 0 0 0 0        
J N 6 1479 21 3 1729 144 1 5        
K 0 0 43        
K 25 0 44        
A D 3 16        
J N 5 1540 28 2 3025 432 1 5        
K 0 0 43        
A D 1 16        
H 5 B -48 2 108 2 2 53        
J N 7 1576 35 5 3457 144 0        
K 0 0 43        
K 25 0 44        
K 0 0 59        
K 0 -21 59        
A D 6 16        
J R 5 1663 28 3 6049 864 0        
K 0 14 49        
K 4 0 50        
A D 1 16        
J N 5 1701 21 3 6481 144 0        
K 0 0 43        
K 0 0 56        
A D 1 16        
J B 5 1750 1 82 6913 144 0        
E *        
L 690 0 0 0 0 * 0 14 0        
J D 0 -300 21 2 6913 0 0        
W 0 0 39 Violino 2        
W 0 42 33 concerto grosso        
J D 1 75 -37 1 6913 0 0        
W 0 -56 0 (44) I. Preludio:  Violino 2 concerto grosso        
J C 4 5 42 2 6913 0 0        
K 0 0 33        
K 0 0 34        
J K -1 57 0 1 6913 0 0        
K 0 28 65        
J D 5 86 -42 1 6913 0 0        
W 0 0 0 (37) Largo        
J T 101 86 42 1 6913 0 0        
K 0 0 37        
J N 7 134 35 5 1 0 0        
K 0 0 43        
K 25 0 44        
K 0 0 59        
K 0 -21 59        
A D 6 16        
J R 5 222 28 3 2593 864 0        
K 0 14 49        
K 4 0 50        
A D 1 16        
J N 5 261 35 3 3025 144 0        
K 0 0 43        
K 0 0 55        
A D 1 16        
J N 7 300 42 5 3457 144 0        
K 0 0 43        
K 24 -6 44        
K 0 0 59        
K 0 -21 59        
A D 6 16        
J R 5 388 28 3 6049 864 0        
K 0 14 49        
K 4 0 50        
A D 1 16        
J N 5 427 35 3 6481 144 0        
K 0 0 43        
K 0 0 55        
A D 1 16        
J B 2 477 1 82 6913 144 0        
J N 6 498 49 3 1 0 1 1        
K 0 0 43        
K 25 0 44        
A D 3 16        
J N 5 560 49 2 1297 432 1 1        
K 0 0 43        
A D 1 16        
J N 6 597 49 3 1729 144 1 1        
K 0 0 43        
K 25 0 44        
A D 3 16        
J N 5 659 42 2 3025 432 1 1        
K 0 0 43        
A D 1 16        
H 1 B 53 0 108 4 2 51 1 53        
J N 7 696 56 5 3457 144 0        
K 0 0 43        
K 24 -6 44        
K 0 0 59        
K 0 -21 59        
A D 6 16        
J R 5 784 28 3 6049 864 0        
K 0 14 49        
K 4 0 50        
A D 1 16        
J N 5 823 21 3 6481 144 0        
K 0 0 43        
K 0 0 56        
A D 1 16        
J B 3 873 1 82 6913 144 0        
J N 7 894 14 5 1 0 0        
K 0 0 43        
K 24 -6 44        
K 0 0 60        
K 0 21 60        
A D 6 16        
J R 5 1040 28 3 2593 864 0        
K 0 14 49        
K 4 0 50        
A D 1 16        
J N 5 1078 14 3 3025 144 0        
K 0 0 43        
K 0 0 56        
A D 1 16        
J N 6 1114 21 2 3457 144 1 2        
K 0 0 43        
A D 2 16        
J N 6 1163 70 5 4321 288 1 2        
K 1 0 45        
K 0 0 43        
K -1 0 45        
K 2 0 45        
A D 2 16        
H 2 B 41 11 108 2 2 3        
J N 7 1212 49 4 5185 288 1 3        
K 0 0 43        
K 0 0 59        
K 0 -21 59        
A D 4 16        
J B 4 1337 1 82 6913 576 0        
J N 7 1358 49 4 1 0 1 3        
K 0 0 43        
K 0 0 59        
K 0 -21 59        
A D 4 16        
H 3 T 49 0 0 0 0 0 9 0        
J N 7 1479 56 4 1729 576 0        
K 0 0 43        
K 0 0 59        
K 0 -21 59        
A D 4 16        
J N 7 1576 49 5 3457 576 0        
K 0 0 43        
K 25 0 44        
K 0 0 59        
K 0 -21 59        
A D 6 16        
J R 5 1663 28 3 6049 864 0        
K 0 14 49        
K 4 0 50        
A D 1 16        
J N 5 1701 35 3 6481 144 0        
K 0 0 43        
K 0 0 55        
A D 1 16        
J B 5 1750 1 82 6913 144 0        
E *        
L 850 0 0 0 0 * 0 14 0        
J D 0 -300 42 1 6913 0 0        
W 0 0 39 Viola        
J D 1 75 -37 1 6913 0 0        
W 0 -56 0 (44) I. Preludio:  Viola        
J C 13 5 28 35 6913 0 0        
J K -1 57 0 1 6913 0 0        
K 0 35 65        
J D 5 86 -42 1 6913 0 0        
W 0 0 0 (37) Largo        
J T 101 86 42 1 6913 0 0        
K 0 0 37        
J N 7 134 7 5 1 0 0        
K 0 0 43        
K 25 0 44        
K 0 0 60        
K 0 21 60        
A D 6 16        
J R 5 222 28 3 2593 864 0        
K 0 14 49        
K 4 0 50        
A D 1 16        
J N 5 261 7 3 3025 144 0        
K 0 0 43        
K 0 0 56        
A D 1 16        
J N 7 300 28 5 3457 144 0        
K 0 0 43        
K 24 -6 44        
K 0 0 60        
K 0 21 60        
A D 6 16        
J R 5 388 28 3 6049 864 0        
K 0 14 49        
K 4 0 50        
A D 1 16        
J N 5 427 28 3 6481 144 0        
K 0 0 43        
K 0 0 56        
A D 1 16        
J B 2 477 1 82 6913 144 0        
J N 6 498 7 3 1 0 1 1        
K 0 0 43        
K 25 0 44        
A D 3 16        
J N 5 560 0 2 1297 432 1 1        
K 0 0 43        
A D 1 16        
J N 6 597 0 3 1729 144 1 1        
K 0 0 43        
K 24 -6 44        
A D 3 16        
J N 5 659 0 2 3025 432 1 1        
K 0 0 43        
A D 1 16        
H 1 B -50 0 108 4 2 51 1 53        
J N 7 696 0 5 3457 144 0        
K 0 0 43        
K 24 -6 44        
K 0 0 60        
K 0 21 60        
A D 6 16        
J R 5 784 28 3 6049 864 0        
K 0 14 49        
K 4 0 50        
A D 1 16        
J N 5 823 7 3 6481 144 0        
K 0 0 43        
K 0 0 56        
A D 1 16        
J B 3 873 1 82 6913 144 0        
J N 6 894 7 3 1 0 1 2        
K 0 0 43        
K 25 0 44        
A D 3 16        
J N 5 955 7 2 1297 432 1 2        
K 0 0 43        
A D 1 16        
J N 6 991 21 3 1729 144 1 2        
K 0 0 43        
K 25 0 44        
A D 3 16        
J N 5 1078 21 2 3025 432 1 2        
K 0 0 43        
A D 1 16        
H 2 B -64 0 108 4 2 51 1 53        
J N 7 1114 0 5 3457 144 0        
K 0 0 43        
K 24 -6 44        
K 0 0 60        
K 0 21 60        
A D 6 16        
J R 5 1261 28 3 6049 864 0        
K 0 14 49        
K 4 0 50        
A D 1 16        
J N 5 1299 28 3 6481 144 0        
K 0 0 43        
K 0 0 56        
A D 1 16        
J B 4 1337 1 82 6913 144 0        
J N 6 1358 21 3 1 0 1 3        
K 0 0 43        
K 25 0 44        
A D 3 16        
J N 5 1443 35 2 1297 432 1 3        
K 0 0 43        
A D 1 16        
H 3 B -51 3 108 2 2 53        
J N 7 1479 28 4 1729 144 0        
K 0 0 43        
K 0 0 60        
K 0 21 60        
A D 4 16        
J N 7 1576 28 5 3457 576 0        
K 0 0 43        
K 24 -6 44        
K 0 0 60        
K 0 21 60        
A D 6 16        
J R 5 1663 28 3 6049 864 0        
K 0 14 49        
K 4 0 50        
A D 1 16        
J N 5 1701 7 3 6481 144 0        
K 0 0 43        
K 0 0 56        
A D 1 16        
J B 5 1750 1 82 6913 144 0        
E *        
L 1010 0 0 0 0 * 0 14 0        
J D 0 -300 21 2 6913 0 0        
W 0 0 39 Basso    
W 0 42 33 concerto grosso        
J D 1 75 -37 1 6913 0 0        
W 0 -56 0 (44) I. Preludio:  Basso concerto grosso        
J C 22 5 14 36 6913 0 0        
J K -1 57 0 1 6913 0 0        
K 0 42 65        
J D 5 86 -42 1 6913 0 0        
W 0 0 0 (37) Largo        
J T 101 86 42 1 6913 0 0        
K 0 0 37        
J N 7 134 14 5 1 0 0        
K 0 0 43        
K 24 -6 44        
K 0 0 60        
K 0 21 60        
A D 6 16        
J R 5 222 28 3 2593 864 0        
K 0 14 49        
K 4 0 50        
A D 1 16        
J N 5 261 14 3 3025 144 0        
K 0 0 43        
K 0 0 56        
A D 1 16        
J F 0 300 98 1 3457 144 0        
K 0 0 205        
J N 7 300 21 5 3457 0 0        
K 0 0 43        
K 25 0 44        
K 0 0 60        
K 0 21 60        
A D 6 16        
J R 5 388 28 3 6049 864 0        
K 0 14 49        
K 4 0 50        
A D 1 16        
J N 5 427 14 3 6481 144 0        
K 0 0 43        
K 0 0 56        
A D 1 16        
J B 2 477 1 82 6913 144 0        
J F 0 498 98 1 1 0 0        
K 0 0 206        
J N 6 498 28 3 1 0 1 1        
K 0 0 43        
K 24 -6 44        
A D 3 16        
J N 5 560 28 2 1297 432 1 1        
K 0 0 43        
A D 1 16        
J F 0 597 98 1 1729 144 0        
K 0 0 206        
J N 6 597 7 3 1729 0 1 1        
K 0 0 43        
K 25 0 44        
A D 3 16        
J N 5 659 7 2 3025 432 1 1        
K 0 0 43        
A D 1 16        
H 1 B -45 -1 108 4 2 51 1 53        
J F 0 696 98 1 3457 144 0        
K 0 0 206        
J N 7 696 35 5 3457 0 0        
K 0 0 43        
K 25 0 44        
K 0 0 59        
K 0 -21 59        
A D 6 16        
J R 5 784 28 3 6049 864 0        
K 0 14 49        
K 4 0 50        
A D 1 16        
J N 5 823 14 3 6481 144 0        
K 0 0 43        
K 0 0 56        
A D 1 16        
J B 3 873 1 82 6913 144 0        
J F 0 894 109 1 1 0 0        
K 0 0 206        
J N 6 894 42 3 1 0 1 2        
K 0 0 43        
K 24 -6 44        
A D 3 16        
J N 5 955 42 2 1297 432 1 2        
K 0 0 43        
A D 1 16        
J F 0 991 102 1 1729 144 0        
K 0 0 205        
J N 6 991 -7 3 1729 0 1 2        
K 0 0 43        
K 25 0 44        
A D 3 16        
J N 5 1078 -7 2 3025 432 1 2        
K 0 0 43        
A D 1 16        
H 2 B -45 -2 108 4 2 51 1 53        
J F 0 1114 98 2 3457 144 0        
K 0 0 203        
K 0 21 201        
J N 7 1114 -7 4 3457 0 0        
K 0 0 43        
K 0 0 60        
K 0 21 60        
A D 4 16        
J F 0 1212 98 1 5185 576 0        
K 0 0 205        
J N 7 1212 0 4 5185 0 0        
K 0 0 43        
K 0 0 60        
K 0 21 60        
A D 4 16        
J B 4 1337 1 82 6913 576 0        
J F 0 1358 98 1 1 0 0        
K 0 0 206        
J N 7 1358 7 4 1 0 0        
K 0 0 43        
K 0 0 60        
K 0 21 60        
A D 4 16        
J F 0 1479 98 1 1729 576 0        
K 0 0 206        
J N 7 1479 35 4 1729 0 0        
K 0 0 43        
K 0 0 59        
K 0 -21 59        
A D 4 16        
J N 7 1576 14 5 3457 576 0        
K 0 0 43        
K 24 -6 44        
K 0 0 60        
K 0 21 60        
A D 6 16        
J R 5 1663 28 3 6049 864 0        
K 0 14 49        
K 4 0 50        
A D 1 16        
J N 5 1701 14 3 6481 144 0        
K 0 0 43        
K 0 0 56        
A D 1 16        
J B 5 1750 1 82 6913 144 0        
E *        
B 1 477 0        
B 1 873 0        
B 1 1337 0        
B 1 1750 0        
S 0 200 1730 2050 1066 7 "[...][....]"        
L 0 0 0 313 313 * 0 14 0        
J C 4 5 42 2 6913 0 0        
K 0 0 33        
K 0 0 34        
J K -1 57 0 1 6913 0 0        
K 0 28 65        
J D 0 5 -14 1 6913 0 0        
W 0 0 37 \05        
J N 6 119 21 4 1 0 1 6        
K -18 0 63        
K 0 0 43        
K 25 0 44        
A D 3 16        
J N 5 186 21 2 1297 432 1 6        
K 0 0 43        
A D 1 16        
J N 6 224 14 3 1729 144 1 6        
K 0 0 43        
K 24 -6 44        
A D 3 16        
J N 5 291 14 2 3025 432 1 6        
K 0 0 43        
A D 1 16        
H 6 B -50 0 108 4 2 51 1 53        
J N 7 329 7 4 3457 144 0        
K 0 0 43        
K 0 0 60        
K 0 21 60        
A D 4 16        
J R 5 410 28 3 5185 576 0        
K 0 14 49        
K 4 0 50        
A D 1 16        
J N 5 451 7 2 5617 144 1 7        
K 0 0 43        
A D 1 16        
J N 5 489 0 2 6049 144 1 7        
K 0 0 43        
A D 1 16        
J N 5 530 -7 2 6481 144 1 7        
K 0 0 43        
A D 1 16        
H 7 B -40 -2 108 3 22 11 33        
J B 6 582 1 82 6913 144 0        
J N 6 603 0 3 1 0 1 8        
K 0 0 43        
K 24 -6 44        
A D 3 16        
J N 5 670 14 2 1297 432 1 8        
K 0 0 43        
A D 1 16        
J N 6 708 -21 6 1729 144 1 8        
K 0 7 45        
K 0 0 43        
K 0 7 45        
K 1 7 45        
K 25 0 44        
A D 3 16        
J N 5 794 -21 5 3025 432 1 8        
K 0 7 45        
K 0 0 43        
K 0 7 45        
K 1 7 45        
A D 1 16        
H 8 B -60 0 108 4 2 51 1 53        
J N 6 832 -21 5 3457 144 1 9        
K 0 7 45        
K 0 0 43        
K 0 7 45        
K 1 7 45        
A D 2 16        
J N 6 887 7 2 4321 288 1 9        
K 0 0 43        
A D 2 16        
H 9 B -51 10 108 2 2 3        
J N 7 942 -14 7 5185 288 1 10        
K 0 0 45        
K 0 0 43        
K -1 0 45        
K 2 0 45        
K 0 0 60        
K 0 21 60        
A D 4 16        
J B 7 1052 1 82 6913 576 0        
J N 6 1073 -14 5 1 0 2 11 10        
K 0 0 45        
K 0 0 43        
K -1 0 45        
K 2 0 45        
A D 2 16        
H 10 T -14 0 0 0 0 0 5 0        
J N 5 1128 -7 2 865 288 2 12 11        
K 0 0 43        
A D 1 16        
J N 5 1165 0 2 1297 144 2 11 12        
K 0 0 43        
A D 1 16        
H 11 B -58 1 108 3 2 21 33        
H 12 S 0 0 0 0 0 0 0 0 0        
J N 6 1202 -7 3 1729 144 1 13        
K 0 0 43        
K 25 0 44        
A D 3 16        
J N 5 1286 -14 5 3025 432 1 13        
K 0 0 45        
K 0 0 43        
K -1 0 45        
K 2 0 45        
A D 1 16        
H 13 B -40 0 108 2 2 53        
J N 7 1337 -14 7 3457 144 0        
K 0 0 45        
K 0 0 43        
K -1 0 45        
K 2 0 45        
K 0 0 60        
K 0 21 60        
A D 4 16        
J R 6 1440 28 2 5185 576 0        
K 0 0 49        
A D 2 16        
J N 6 1495 21 4 6049 288 0        
K -18 0 63        
K 0 0 43        
K 0 0 54        
A D 2 16        
J B 8 1560 1 82 6913 288 0        
J N 6 1583 14 3 1 0 1 14        
K 0 0 43        
K 24 -6 44        
A D 3 16        
J N 5 1649 -14 5 1297 432 1 14        
K 0 0 45        
K 0 0 43        
K -1 0 45        
K 2 0 45        
A D 1 16        
J N 6 1686 21 4 1729 144 1 14        
K -14 0 64        
K 0 0 43        
K 25 0 44        
A D 3 16        
J N 5 1770 21 2 3025 432 1 14        
K 0 0 43        
A D 1 16        
H 14 B -57 0 108 4 2 51 1 53        
J N 6 1807 21 3 3457 144 2 15 16        
K 0 0 43        
K 0 -31 236        
A D 2 16        
J N 6 1862 28 3 4321 288 2 16 15        
K -14 0 64        
K 0 0 43        
A D 2 16        
H 16 B -50 2 108 2 2 3        
H 15 S 0 0 0 0 0 0 0 0 0        
J R 6 1928 28 2 5185 288 0        
K 0 0 49        
A D 2 16        
J N 6 1983 28 3 6049 288 0        
K 0 0 43        
K 0 0 54        
A D 2 16        
J B 9 2050 1 82 6913 288 0        
E *        
L 160 0 0 313 313 * 0 14 0        
J C 4 5 42 2 6913 0 0        
K 0 0 33        
K 0 0 34        
J K -1 57 0 1 6913 0 0        
K 0 28 65        
J D 0 5 -14 1 6913 0 0        
W 0 0 0 \05        
J N 6 119 42 3 1 0 1 4        
K 0 0 43        
K 24 -6 44        
A D 3 16        
J N 5 186 42 2 1297 432 1 4        
K 0 0 43        
A D 1 16        
J N 6 224 49 3 1729 144 1 4        
K 0 0 43        
K 25 0 44        
A D 3 16        
J N 5 291 49 2 3025 432 1 4        
K 0 0 43        
A D 1 16        
H 4 B 46 0 108 4 2 51 1 53        
J N 7 329 35 5 3457 144 0        
K 0 0 43        
K 25 0 44        
K 0 0 59        
K 0 -21 59        
A D 6 16        
J R 5 489 28 3 6049 864 0        
K 0 14 49        
K 4 0 50        
A D 1 16        
J N 5 530 7 3 6481 144 0        
K 0 0 43        
K 0 0 56        
A D 1 16        
J B 6 582 1 82 6913 144 0        
J N 7 603 35 4 1 0 0        
K 0 0 43        
K 0 0 59        
K 0 -21 59        
A D 4 16        
J R 6 708 28 2 1729 576 0        
K 0 0 49        
A D 2 16        
J N 6 764 14 3 2593 288 0        
K 0 0 43        
K 0 0 54        
A D 2 16        
J N 7 832 7 4 3457 288 0        
K 0 0 43        
K 0 0 60        
K 0 21 60        
A D 4 16        
J R 6 942 28 2 5185 576 0        
K 0 0 49        
A D 2 16        
J N 6 997 35 3 6049 288 0        
K 0 0 43        
K 0 0 53        
A D 2 16        
J B 7 1052 1 82 6913 288 0        
J N 6 1073 14 2 1 0 2 5 6        
K 0 0 43        
A D 2 16        
J N 5 1128 7 2 865 288 1 6        
K 0 0 43        
A D 1 16        
J N 5 1165 0 2 1297 144 2 6 5        
K 0 0 43        
A D 1 16        
H 6 B -47 -1 108 3 2 21 33        
H 5 S 0 0 0 0 0 0 0 0 0        
J N 6 1202 7 3 1729 144 1 7        
K 0 0 43        
K 25 0 44        
A D 3 16        
J N 5 1286 14 2 3025 432 1 7        
K 0 0 43        
A D 1 16        
H 7 B -52 1 108 2 2 53        
J N 7 1337 21 5 3457 144 0        
K -18 0 63        
K 0 0 43        
K 0 0 60        
K 0 21 60        
A D 4 16        
J R 6 1440 28 2 5185 576 0        
K 0 0 49        
A D 2 16        
J N 6 1495 7 3 6049 288 0        
K 0 0 43        
K 0 0 54        
A D 2 16        
J B 8 1560 1 82 6913 288 0        
J N 7 1583 35 5 1 0 0        
K 0 0 43        
K 25 0 44        
K 0 0 59        
K 0 -21 59        
A D 6 16        
J N 6 1741 -14 6 2593 864 0        
K 0 0 45        
K 0 0 43        
K -1 0 45        
K 2 0 45        
K 0 0 54        
A D 2 16        
J N 7 1807 14 4 3457 288 0        
K 0 0 43        
K 0 0 60        
K 0 21 60        
A D 4 16        
J R 6 1928 28 2 5185 576 0        
K 0 0 49        
A D 2 16        
J N 6 1983 14 3 6049 288 0        
K 0 0 43        
K 0 0 54        
A D 2 16        
J B 9 2050 1 82 6913 288 0        
E *        
L 320 0 0 313 313 * 0 14 0        
J C 22 5 14 36 6913 0 0        
J K -1 57 0 1 6913 0 0        
K 0 42 65        
J D 0 5 -14 1 6913 0 0        
W 0 0 0 \05        
J F 0 119 98 1 1 0 0        
K 0 0 216        
J N 7 119 21 4 1 0 0        
K 0 0 43        
K 0 0 60        
K 0 21 60        
A D 4 16        
J N 7 224 28 4 1729 576 0        
K 0 0 43        
K 0 0 60        
K 0 21 60        
A D 4 16        
J F 0 329 98 1 3457 576 0        
K 0 0 205        
J N 7 329 35 6 3457 0 0        
K -18 0 63        
K 0 0 43        
K 25 0 44        
K 0 0 59        
K 0 -21 59        
A D 6 16        
J R 5 489 28 3 6049 864 0        
K 0 14 49        
K 4 0 50        
A D 1 16        
J N 5 530 35 3 6481 144 0        
K 0 0 43        
K 0 0 55        
A D 1 16        
J B 6 582 1 82 6913 144 0        
J N 7 603 28 4 1 0 0        
K 0 0 43        
K 0 0 60        
K 0 21 60        
A D 4 16        
J N 7 708 7 4 1729 576 0        
K 0 0 43        
K 0 0 60        
K 0 21 60        
A D 4 16        
J F 0 832 98 1 3457 576 0        
K 0 0 206        
J N 7 832 35 4 3457 0 0        
K 0 0 43        
K 0 0 59        
K 0 -21 59        
A D 4 16        
J F 0 942 98 1 5185 576 0        
K 0 0 206        
J N 7 942 14 4 5185 0 0        
K 0 0 43        
K 0 0 60        
K 0 21 60        
A D 4 16        
J B 7 1052 1 82 6913 576 0        
J F 0 1073 98 1 1 0 0        
K 0 0 206        
J N 8 1073 42 4 1 0 0        
K 0 0 42        
K 0 0 59        
K 0 -21 59        
A D 8 16        
J F 0 1202 98 1 1729 576 0        
K 0 0 205        
J F 0 1337 118 1 3457 576 0        
K 0 0 213        
J N 6 1337 49 3 3457 0 1 3        
K 0 0 43        
K 25 0 44        
A D 3 16        
J N 5 1403 0 2 4753 432 1 3        
K 0 0 43        
A D 1 16        
J N 6 1440 0 3 5185 144 1 3        
K 0 0 43        
K 24 -6 44        
A D 3 16        
J N 5 1520 7 2 6481 432 1 3        
K 0 0 43        
A D 1 16        
H 3 B -45 -4 108 4 2 51 1 53        
J B 8 1560 1 82 6913 144 0        
J F 0 1583 98 1 1 0 0        
K 0 0 205        
J N 7 1583 14 6 1 0 0        
K -18 0 63        
K 0 0 43        
K 24 -6 44        
K 0 0 60        
K 0 21 60        
A D 6 16        
J F 0 1686 98 1 1729 576 0        
K 0 0 204        
J N 6 1741 14 3 2593 288 0        
K 0 0 43        
K 0 0 54        
A D 2 16        
J F 0 1807 98 1 3457 288 0        
K 0 0 203        
J N 6 1807 7 3 3457 0 1 4        
K 0 0 43        
K 25 0 44        
A D 3 16        
J N 5 1891 0 2 4753 432 1 4        
K 0 0 43        
A D 1 16        
J F 0 1928 98 1 5185 144 0        
K 0 0 218        
J N 6 1928 7 3 5185 0 1 4        
K 0 0 43        
K 25 0 44        
A D 3 16        
J N 5 2010 14 3 6481 432 1 4        
K -14 0 64        
K 0 0 43        
A D 1 16        
H 4 B -53 0 108 4 2 51 1 53        
J B 9 2050 1 82 6913 144 0        
E *        
L 530 0 0 313 313 * 0 14 0        
J C 4 5 42 2 6913 0 0        
K 0 0 33        
K 0 0 34        
J K -1 57 0 1 6913 0 0        
K 0 28 65        
J D 0 5 -14 1 6913 0 0        
W 0 0 0 \05        
J N 6 119 21 4 1 0 1 6        
K -18 0 63        
K 0 0 43        
K 25 0 44        
A D 3 16        
J N 5 186 21 2 1297 432 1 6        
K 0 0 43        
A D 1 16        
J N 6 224 14 3 1729 144 1 6        
K 0 0 43        
K 24 -6 44        
A D 3 16        
J N 5 291 14 2 3025 432 1 6        
K 0 0 43        
A D 1 16        
H 6 B -50 0 108 4 2 51 1 53        
J N 7 329 7 4 3457 144 0        
K 0 0 43        
K 0 0 60        
K 0 21 60        
A D 4 16        
J R 5 410 28 3 5185 576 0        
K 0 14 49        
K 4 0 50        
A D 1 16        
J N 5 451 7 2 5617 144 1 7        
K 0 0 43        
A D 1 16        
J N 5 489 0 2 6049 144 1 7        
K 0 0 43        
A D 1 16        
J N 5 530 -7 2 6481 144 1 7        
K 0 0 43        
A D 1 16        
H 7 B -40 -2 108 3 22 11 33        
J B 6 582 1 82 6913 144 0        
J N 6 603 0 3 1 0 1 8        
K 0 0 43        
K 24 -6 44        
A D 3 16        
J N 5 670 14 2 1297 432 1 8        
K 0 0 43        
A D 1 16        
J N 6 708 -21 6 1729 144 1 8        
K 0 7 45        
K 0 0 43        
K 0 7 45        
K 1 7 45        
K 25 0 44        
A D 3 16        
J N 5 794 -21 5 3025 432 1 8        
K 0 7 45        
K 0 0 43        
K 0 7 45        
K 1 7 45        
A D 1 16        
H 8 B -60 0 108 4 2 51 1 53        
J N 6 832 -21 5 3457 144 1 9        
K 0 7 45        
K 0 0 43        
K 0 7 45        
K 1 7 45        
A D 2 16        
J N 6 887 7 2 4321 288 1 9        
K 0 0 43        
A D 2 16        
H 9 B -51 10 108 2 2 3        
J N 7 942 -14 7 5185 288 1 10        
K 0 0 45        
K 0 0 43        
K -1 0 45        
K 2 0 45        
K 0 0 60        
K 0 21 60        
A D 4 16        
J B 7 1052 1 82 6913 576 0        
J N 6 1073 -14 5 1 0 2 11 10        
K 0 0 45        
K 0 0 43        
K -1 0 45        
K 2 0 45        
A D 2 16        
H 10 T -14 0 0 0 0 0 5 0        
J N 5 1128 -7 2 865 288 2 12 11        
K 0 0 43        
A D 1 16        
J N 5 1165 0 2 1297 144 2 11 12        
K 0 0 43        
A D 1 16        
H 11 B -58 1 108 3 2 21 33        
H 12 S 0 0 0 0 0 0 0 0 0        
J N 6 1202 -7 3 1729 144 1 13        
K 0 0 43        
K 25 0 44        
A D 3 16        
J N 5 1286 -14 5 3025 432 1 13        
K 0 0 45        
K 0 0 43        
K -1 0 45        
K 2 0 45        
A D 1 16        
H 13 B -40 0 108 2 2 53        
J N 7 1337 -14 7 3457 144 0        
K 0 0 45        
K 0 0 43        
K -1 0 45        
K 2 0 45        
K 0 0 60        
K 0 21 60        
A D 4 16        
J R 6 1440 28 2 5185 576 0        
K 0 0 49        
A D 2 16        
J N 6 1495 21 4 6049 288 0        
K -18 0 63        
K 0 0 43        
K 0 0 54        
A D 2 16        
J B 8 1560 1 82 6913 288 0        
J N 6 1583 14 3 1 0 1 14        
K 0 0 43        
K 24 -6 44        
A D 3 16        
J N 5 1649 -14 5 1297 432 1 14        
K 0 0 45        
K 0 0 43        
K -1 0 45        
K 2 0 45        
A D 1 16        
J N 6 1686 21 4 1729 144 1 14        
K -14 0 64        
K 0 0 43        
K 25 0 44        
A D 3 16        
J N 5 1770 21 2 3025 432 1 14        
K 0 0 43        
A D 1 16        
H 14 B -57 0 108 4 2 51 1 53        
J N 6 1807 21 3 3457 144 2 15 16        
K 0 0 43        
K 0 -31 236        
A D 2 16        
J N 6 1862 28 3 4321 288 2 16 15        
K -14 0 64        
K 0 0 43        
A D 2 16        
H 16 B -50 2 108 2 2 3        
H 15 S 0 0 0 0 0 0 0 0 0        
J R 6 1928 28 2 5185 288 0        
K 0 0 49        
A D 2 16        
J N 6 1983 28 3 6049 288 0        
K 0 0 43        
K 0 0 54        
A D 2 16        
J B 9 2050 1 82 6913 288 0        
E *        
L 690 0 0 313 313 * 0 14 0        
J C 4 5 42 2 6913 0 0        
K 0 0 33        
K 0 0 34        
J K -1 57 0 1 6913 0 0        
K 0 28 65        
J D 0 5 -14 1 6913 0 0        
W 0 0 0 \05        
J N 6 119 42 3 1 0 1 4        
K 0 0 43        
K 24 -6 44        
A D 3 16        
J N 5 186 42 2 1297 432 1 4        
K 0 0 43        
A D 1 16        
J N 6 224 49 3 1729 144 1 4        
K 0 0 43        
K 25 0 44        
A D 3 16        
J N 5 291 49 2 3025 432 1 4        
K 0 0 43        
A D 1 16        
H 4 B 46 0 108 4 2 51 1 53        
J N 7 329 35 5 3457 144 0        
K 0 0 43        
K 25 0 44        
K 0 0 59        
K 0 -21 59        
A D 6 16        
J R 5 489 28 3 6049 864 0        
K 0 14 49        
K 4 0 50        
A D 1 16        
J N 5 530 7 3 6481 144 0        
K 0 0 43        
K 0 0 56        
A D 1 16        
J B 6 582 1 82 6913 144 0        
J N 7 603 35 4 1 0 0        
K 0 0 43        
K 0 0 59        
K 0 -21 59        
A D 4 16        
J R 6 708 28 2 1729 576 0        
K 0 0 49        
A D 2 16        
J N 6 764 14 3 2593 288 0        
K 0 0 43        
K 0 0 54        
A D 2 16        
J N 7 832 7 4 3457 288 0        
K 0 0 43        
K 0 0 60        
K 0 21 60        
A D 4 16        
J R 6 942 28 2 5185 576 0        
K 0 0 49        
A D 2 16        
J N 6 997 35 3 6049 288 0        
K 0 0 43        
K 0 0 53        
A D 2 16        
J B 7 1052 1 82 6913 288 0        
J N 6 1073 14 2 1 0 2 5 6        
K 0 0 43        
A D 2 16        
J N 5 1128 7 2 865 288 1 6        
K 0 0 43        
A D 1 16        
J N 5 1165 0 2 1297 144 2 6 5        
K 0 0 43        
A D 1 16        
H 6 B -47 -1 108 3 2 21 33        
H 5 S 0 0 0 0 0 0 0 0 0        
J N 6 1202 7 3 1729 144 1 7        
K 0 0 43        
K 25 0 44        
A D 3 16        
J N 5 1286 14 2 3025 432 1 7        
K 0 0 43        
A D 1 16        
H 7 B -52 1 108 2 2 53        
J N 7 1337 21 5 3457 144 0        
K -18 0 63        
K 0 0 43        
K 0 0 60        
K 0 21 60        
A D 4 16        
J R 6 1440 28 2 5185 576 0        
K 0 0 49        
A D 2 16        
J N 6 1495 7 3 6049 288 0        
K 0 0 43        
K 0 0 54        
A D 2 16        
J B 8 1560 1 82 6913 288 0        
J N 7 1583 35 5 1 0 0        
K 0 0 43        
K 25 0 44        
K 0 0 59        
K 0 -21 59        
A D 6 16        
J N 6 1741 -14 6 2593 864 0        
K 0 0 45        
K 0 0 43        
K -1 0 45        
K 2 0 45        
K 0 0 54        
A D 2 16        
J N 7 1807 14 4 3457 288 0        
K 0 0 43        
K 0 0 60        
K 0 21 60        
A D 4 16        
J R 6 1928 28 2 5185 576 0        
K 0 0 49        
A D 2 16        
J N 6 1983 14 3 6049 288 0        
K 0 0 43        
K 0 0 54        
A D 2 16        
J B 9 2050 1 82 6913 288 0        
E *        
L 850 0 0 313 313 * 0 14 0        
J C 13 5 28 35 6913 0 0        
J K -1 57 0 1 6913 0 0        
K 0 35 65        
J D 0 5 -14 1 6913 0 0        
W 0 0 0 \05        
J N 6 119 0 3 1 0 1 4        
K 0 0 43        
K 24 -6 44        
A D 3 16        
J N 5 186 0 2 1297 432 1 4        
K 0 0 43        
A D 1 16        
J N 6 224 -7 3 1729 144 1 4        
K 0 0 43        
K 25 0 44        
A D 3 16        
J N 5 291 -7 2 3025 432 1 4        
K 0 0 43        
A D 1 16        
H 4 B -46 0 108 4 2 51 1 53        
J N 7 329 -7 5 3457 144 0        
K 0 0 43        
K 25 0 44        
K 0 0 60        
K 0 21 60        
A D 6 16        
J R 5 489 28 3 6049 864 0        
K 0 14 49        
K 4 0 50        
A D 1 16        
J N 5 530 -7 3 6481 144 0        
K 0 0 43        
K 0 0 56        
A D 1 16        
J B 6 582 1 82 6913 144 0        
J N 7 603 -7 4 1 0 0        
K 0 0 43        
K 0 0 60        
K 0 21 60        
A D 4 16        
J N 7 708 0 4 1729 576 0        
K 0 0 43        
K 0 0 60        
K 0 21 60        
A D 4 16        
J N 7 832 0 4 3457 576 0        
K 0 0 43        
K 0 0 60        
K 0 21 60        
A D 4 16        
J R 6 942 28 2 5185 576 0        
K 0 0 49        
A D 2 16        
J N 6 997 7 3 6049 288 0        
K 0 0 43        
K 0 0 54        
A D 2 16        
J B 7 1052 1 82 6913 288 0        
J N 7 1073 21 4 1 0 0        
K 0 0 43        
K 0 0 60        
K 0 21 60        
A D 4 16        
J R 6 1202 28 2 1729 576 0        
K 0 0 49        
A D 2 16        
J N 6 1257 21 3 2593 288 0        
K 0 0 43        
K 0 0 54        
A D 2 16        
J N 7 1337 14 4 3457 288 0        
K 0 0 43        
K 0 0 60        
K 0 21 60        
A D 4 16        
J R 7 1440 28 2 5185 576 0        
K 0 0 48        
A D 4 16        
J B 8 1560 1 82 6913 576 0        
J N 7 1583 21 5 1 0 0        
K 0 0 43        
K 25 0 44        
K 0 0 60        
K 0 21 60        
A D 6 16        
J N 6 1741 21 3 2593 864 0        
K 0 0 43        
K 0 0 54        
A D 2 16        
J N 7 1807 21 4 3457 288 0        
K 0 0 43        
K 0 0 60        
K 0 21 60        
A D 4 16        
J R 7 1928 28 2 5185 576 0        
K 0 0 48        
A D 4 16        
J B 9 2050 1 82 6913 576 0        
E *        
L 1010 0 0 313 313 * 0 14 0        
J C 22 5 14 36 6913 0 0        
J K -1 57 0 1 6913 0 0        
K 0 42 65        
J D 0 5 -14 1 6913 0 0        
W 0 0 0 \05        
J F 0 119 98 1 1 0 0        
K 0 0 216        
J N 7 119 21 4 1 0 0        
K 0 0 43        
K 0 0 60        
K 0 21 60        
A D 4 16        
J N 7 224 28 4 1729 576 0        
K 0 0 43        
K 0 0 60        
K 0 21 60        
A D 4 16        
J F 0 329 98 1 3457 576 0        
K 0 0 205        
J N 7 329 35 6 3457 0 0        
K -18 0 63        
K 0 0 43        
K 25 0 44        
K 0 0 59        
K 0 -21 59        
A D 6 16        
J R 5 489 28 3 6049 864 0        
K 0 14 49        
K 4 0 50        
A D 1 16        
J N 5 530 35 3 6481 144 0        
K 0 0 43        
K 0 0 55        
A D 1 16        
J B 6 582 1 82 6913 144 0        
J N 7 603 28 4 1 0 0        
K 0 0 43        
K 0 0 60        
K 0 21 60        
A D 4 16        
J N 7 708 7 4 1729 576 0        
K 0 0 43        
K 0 0 60        
K 0 21 60        
A D 4 16        
J F 0 832 98 1 3457 576 0        
K 0 0 206        
J N 7 832 35 4 3457 0 0        
K 0 0 43        
K 0 0 59        
K 0 -21 59        
A D 4 16        
J F 0 942 98 1 5185 576 0        
K 0 0 206        
J N 7 942 14 4 5185 0 0        
K 0 0 43        
K 0 0 60        
K 0 21 60        
A D 4 16        
J B 7 1052 1 82 6913 576 0        
J F 0 1073 98 1 1 0 0        
K 0 0 206        
J N 8 1073 42 4 1 0 0        
K 0 0 42        
K 0 0 59        
K 0 -21 59        
A D 8 16        
J F 0 1202 98 1 1729 576 0        
K 0 0 205        
J F 0 1337 118 1 3457 576 0        
K 0 0 213        
J N 6 1337 49 3 3457 0 1 3        
K 0 0 43        
K 25 0 44        
A D 3 16        
J N 5 1403 0 2 4753 432 1 3        
K 0 0 43        
A D 1 16        
J N 6 1440 0 3 5185 144 1 3        
K 0 0 43        
K 24 -6 44        
A D 3 16        
J N 5 1520 7 2 6481 432 1 3        
K 0 0 43        
A D 1 16        
H 3 B -45 -4 108 4 2 51 1 53        
J B 8 1560 1 82 6913 144 0        
J F 0 1583 98 1 1 0 0        
K 0 0 205        
J N 7 1583 14 6 1 0 0        
K -18 0 63        
K 0 0 43        
K 24 -6 44        
K 0 0 60        
K 0 21 60        
A D 6 16        
J F 0 1686 98 1 1729 576 0        
K 0 0 204        
J N 6 1741 14 3 2593 288 0        
K 0 0 43        
K 0 0 54        
A D 2 16        
J F 0 1807 98 1 3457 288 0        
K 0 0 203        
J N 6 1807 7 3 3457 0 1 4        
K 0 0 43        
K 25 0 44        
A D 3 16        
J N 5 1891 0 2 4753 432 1 4        
K 0 0 43        
A D 1 16        
J F 0 1928 98 1 5185 144 0        
K 0 0 218        
J N 6 1928 7 3 5185 0 1 4        
K 0 0 43        
K 25 0 44        
A D 3 16        
J N 5 2010 14 3 6481 432 1 4        
K -14 0 64        
K 0 0 43        
A D 1 16        
H 4 B -53 0 108 4 2 51 1 53        
J B 9 2050 1 82 6913 144 0        
E *        
B 1 582 0        
B 1 1052 0        
B 1 1560 0        
B 1 2050 0        
