@ SOURCE: not identified 
L 0 0 14 !39Violino 2 concertino
J D 4 500 -120 1 6913 0 0
W 0 0 44 V
J D 1 75 -37 1 6913 0 0
W 0 -56 44 V:  Violino 2 concertino
J C 4 5 42 2 6913 0 0
K 0 0 33
K 0 0 34
J K -1 57 0 1 6913 0 0
K 0 28 65
J D 5 86 -42 1 6913 0 0
W 0 0 37 Allegro
J T 204 95 0 2 6913 0 0
K -10 28 73
K -10 56 75
J N 7 134 -28 8 1 0 0
K 0 14 45
K 0 0 45
K 0 0 43
K -1 0 45
K 2 0 45
K 0 0 60
K 0 28 60
A D 2 8
J N 7 172 -7 4 3457 576 0
K 0 0 43
K 0 0 60
K 0 21 60
A D 2 8
J B 2 214 1 82 6913 576 0
J N 7 235 -14 7 1 0 0
K 0 0 45
K 0 0 43
K -1 0 45
K 2 0 45
K 0 0 60
K 0 21 60
A D 2 8
J N 7 273 0 4 3457 576 1 1
K 0 0 43
K 0 0 60
K 0 21 60
A D 2 8
J B 3 315 1 82 6913 576 0
J N 7 336 0 4 1 0 1 1
K 0 0 43
K 0 0 60
K 0 21 60
A D 2 8
H 1 T 0 0 0 0 0 0 5 0
J N 7 374 7 4 3457 576 0
K 0 0 43
K 0 0 60
K 0 21 60
A D 2 8
J B 4 416 1 82 6913 576 0
J N 8 437 0 4 1 0 0
K 0 0 42
K 0 0 60
K 0 21 60
A D 4 8
J B 5 494 1 82 6913 1152 0
J N 7 515 21 4 1 0 0
K 0 0 43
K 0 0 60
K 0 21 60
A D 2 8
J N 7 553 0 4 3457 576 0
K 0 0 43
K 0 0 60
K 0 21 60
A D 2 8
J B 6 595 1 82 6913 576 0
J R 7 616 28 2 1 0 0
K 0 0 48
A D 2 8
J N 7 654 7 4 3457 576 0
K 0 0 43
K 0 0 60
K 0 21 60
A D 2 8
J B 7 696 1 82 6913 576 0
J R 7 717 28 2 1 0 0
K 0 0 48
A D 2 8
J N 7 755 14 4 3457 576 0
K 0 0 43
K 0 0 60
K 0 21 60
A D 2 8
J B 8 797 1 82 6913 576 0
J R 7 818 28 2 1 0 0
K 0 0 48
A D 2 8
J N 7 856 -7 4 3457 576 0
K 0 0 43
K 0 0 60
K 0 21 60
A D 2 8
J B 9 898 1 82 6913 576 0
J R 7 919 28 2 1 0 0
K 0 0 48
A D 2 8
J N 7 957 0 4 3457 576 0
K 0 0 43
K 0 0 60
K 0 21 60
A D 2 8
J B 10 999 1 82 6913 576 0
J R 7 1020 28 2 1 0 0
K 0 0 48
A D 2 8
J N 7 1058 7 4 3457 576 0
K 0 0 43
K 0 0 60
K 0 21 60
A D 2 8
J B 11 1100 1 82 6913 576 0
J N 8 1121 14 4 1 0 0
K 0 0 42
K 0 0 60
K 0 21 60
A D 4 8
J B 12 1178 1 82 6913 1152 0
J N 8 1199 21 4 1 0 0
K 0 0 42
K 0 0 60
K 0 21 60
A D 4 8
J B 13 1278 10 6 6913 1152 0
K -22 21 44
K -22 35 44
K -12 0 84
K 0 0 84
K 11 21 44
K 11 35 44
J N 7 1315 7 4 1 0 0
K 0 0 43
K 0 0 60
K 0 21 60
A D 2 8
J R 7 1353 28 2 3457 576 0
K 0 0 48
A D 2 8
J B 14 1395 1 82 6913 576 0
J N 7 1416 14 4 1 0 0
K 0 0 43
K 0 0 60
K 0 21 60
A D 2 8
J R 7 1454 28 2 3457 576 0
K 0 0 48
A D 2 8
J B 15 1496 1 82 6913 576 0
J N 7 1517 7 4 1 0 0
K 0 0 43
K 0 0 60
K 0 21 60
A D 2 8
J R 7 1555 28 2 3457 576 0
K 0 0 48
A D 2 8
J B 16 1597 1 82 6913 576 0
J N 7 1618 14 4 1 0 0
K 0 0 43
K 0 0 60
K 0 21 60
A D 2 8
J R 7 1656 28 2 3457 576 0
K 0 0 48
A D 2 8
J B 17 1698 1 82 6913 576 0
J N 7 1719 0 4 1 0 0
K 0 0 43
K 0 0 60
K 0 21 60
A D 2 8
J R 7 1757 28 2 3457 576 0
K 0 0 48
A D 2 8
J B 18 1799 1 82 6913 576 0
J N 7 1820 7 4 1 0 0
K 0 0 43
K 0 0 60
K 0 21 60
A D 2 8
J R 7 1858 28 2 3457 576 0
K 0 0 48
A D 2 8
J B 19 1900 1 82 6913 576 0
J N 7 1921 0 4 1 0 0
K 0 0 43
K 0 0 60
K 0 21 60
A D 2 8
J R 7 1959 28 2 3457 576 0
K 0 0 48
A D 2 8
J B 20 2001 1 82 6913 576 0
J N 7 2022 7 4 1 0 0
K 0 0 43
K 0 0 60
K 0 21 60
A D 2 8
J R 7 2060 28 2 3457 576 0
K 0 0 48
A D 2 8
J B 21 2102 1 82 6913 576 0
J N 7 2123 0 4 1 0 0
K 0 0 43
K 0 0 60
K 0 21 60
A D 2 8
J N 7 2161 7 4 3457 576 0
K 0 0 43
K 0 0 60
K 0 21 60
A D 2 8
J B 22 2203 1 82 6913 576 0
J N 7 2224 14 4 1 0 0
K 0 0 43
K 0 0 60
K 0 21 60
A D 2 8
J N 7 2262 21 4 3457 576 0
K 0 0 43
K 0 0 60
K 0 21 60
A D 2 8
J B 23 2304 1 82 6913 576 0
J N 7 2325 28 4 1 0 0
K 0 0 43
K 0 0 60
K 0 21 60
A D 2 8
J N 7 2363 35 4 3457 576 0
K 0 0 43
K 0 0 59
K 0 -21 59
A D 2 8
J B 24 2405 1 82 6913 576 0
J N 7 2426 42 4 1 0 0
K 0 0 43
K 0 0 59
K 0 -21 59
A D 2 8
J N 6 2464 49 2 3457 576 1 2
K 0 0 43
A D 1 8
J N 6 2493 56 2 5185 288 1 2
K 0 0 43
A D 1 8
H 2 B 0 0 108 2 2 3
J B 25 2526 1 82 6913 288 0
J N 7 2547 49 4 1 0 0
K 0 0 43
K 0 0 59
K 0 -21 59
A D 2 8
J N 7 2585 56 4 3457 576 0
K 0 0 43
K 0 0 59
K 0 -21 59
A D 2 8
J B 26 2627 1 82 6913 576 0
J R 7 2648 28 2 1 0 0
K 0 0 48
A D 2 8
J N 7 2686 63 5 3457 576 0
K 0 0 43
K 0 29 108
K 0 0 59
K 0 -21 59
A D 2 8
J B 27 2728 1 82 6913 576 0
J N 7 2755 70 8 1 0 0
K 1 0 45
K -18 0 63
K 0 0 43
K -1 0 45
K 2 0 45
K 0 0 59
K 0 -21 59
A D 2 8
J N 7 2795 70 8 3457 576 0
K 1 0 45
K -14 0 64
K 0 0 43
K -1 0 45
K 2 0 45
K 0 0 59
K 0 -21 59
A D 2 8
J B 28 2837 1 82 6913 576 0
J N 7 2860 77 8 1 0 0
K 1 -7 45
K -14 0 64
K 0 0 43
K 0 -7 45
K 1 -7 45
K 0 0 59
K 0 -21 59
A D 2 8
J N 7 2901 77 8 3457 576 0
K 1 -7 45
K -15 0 65
K 0 0 43
K 0 -7 45
K 1 -7 45
K 0 0 59
K 0 -21 59
A D 2 8
J B 29 2943 1 82 6913 576 0
J N 7 2964 84 8 1 0 0
K 1 -14 45
K 1 0 45
K 0 0 43
K -1 0 45
K 2 0 45
K 0 0 59
K 0 -28 59
A D 2 8
J N 7 3002 63 4 3457 576 0
K 0 0 43
K 0 0 59
K 0 -21 59
A D 2 8
J B 30 3044 1 82 6913 576 0
J N 7 3065 91 9 1 0 0
K 1 -21 45
K 1 -7 45
K 0 0 43
K 0 -7 45
K 1 -7 45
K 0 0 59
K 0 -28 59
K 0 -35 59
A D 2 8
J N 7 3103 84 8 3457 576 0
K 1 -14 45
K 1 0 45
K 0 0 43
K -1 0 45
K 2 0 45
K 0 0 59
K 0 -28 59
A D 2 8
J B 31 3145 1 82 6913 576 0
J N 7 3166 63 4 1 0 0
K 0 0 43
K 0 0 59
K 0 -21 59
A D 2 8
J R 7 3204 28 2 3457 576 0
K 0 0 48
A D 2 8
J B 32 3246 1 82 6913 576 0
J R 9 3267 28 2 1 10000 0
K 0 0 46
A D 4 8
J B 33 3372 1 82 6913 1152 0
J R 6 3393 28 2 1 0 0
K 0 0 49
A D 1 8
J N 6 3422 -14 5 1729 288 1 3
K 0 0 45
K 0 0 43
K -1 0 45
K 2 0 45
A D 1 8
J N 6 3451 0 2 3457 288 1 3
K 0 0 43
A D 1 8
J N 6 3480 14 2 5185 288 1 3
K 0 0 43
A D 1 8
H 3 B 1 0 108 3 2 1 3
J B 34 3513 1 82 6913 288 0
J N 6 3534 7 2 1 0 1 4
K 0 0 43
A D 1 8
J N 6 3563 35 2 1729 288 1 4
K 0 0 43
A D 1 8
J N 6 3592 7 2 3457 288 1 4
K 0 0 43
A D 1 8
J N 6 3621 -14 5 5185 288 1 4
K 0 0 45
K 0 0 43
K -1 0 45
K 2 0 45
A D 1 8
H 4 B 1 0 108 4 2 1 1 3
J B 35 3654 1 82 6913 288 0
J N 7 3675 0 4 1 0 0
K 0 0 43
K 0 0 60
K 0 21 60
A D 2 8
J R 7 3713 28 2 3457 576 0
K 0 0 48
A D 2 8
J B 36 3755 1 82 6913 576 0
J N 7 3776 14 4 1 0 0
K 0 0 43
K 0 0 60
K 0 21 60
A D 2 8
J R 7 3814 28 2 3457 576 0
K 0 0 48
A D 2 8
J B 37 3856 1 82 6913 576 0
J R 6 3877 28 2 1 0 0
K 0 0 49
A D 1 8
J N 6 3906 -35 6 1729 288 1 5
K 0 21 45
K 0 7 45
K 0 0 43
K 0 7 45
K 1 7 45
A D 1 8
J N 6 3935 -21 5 3457 288 1 5
K 0 7 45
K 0 0 43
K 0 7 45
K 1 7 45
A D 1 8
J N 6 3964 -7 2 5185 288 1 5
K 0 0 43
A D 1 8
H 5 B 1 0 108 3 2 1 3
J B 38 3997 1 82 6913 288 0
J N 6 4018 -14 5 1 0 1 6
K 0 0 45
K 0 0 43
K -1 0 45
K 2 0 45
A D 1 8
J N 6 4047 14 2 1729 288 1 6
K 0 0 43
A D 1 8
J N 6 4076 -14 5 3457 288 1 6
K 0 0 45
K 0 0 43
K -1 0 45
K 2 0 45
A D 1 8
J N 6 4105 -35 6 5185 288 1 6
K 0 21 45
K 0 7 45
K 0 0 43
K 0 7 45
K 1 7 45
A D 1 8
H 6 B 1 0 108 4 2 1 1 3
J B 39 4138 1 82 6913 288 0
J N 7 4159 -21 7 1 0 0
K 0 7 45
K 0 0 43
K 0 7 45
K 1 7 45
K 0 0 60
K 0 21 60
A D 2 8
J R 7 4197 28 2 3457 576 0
K 0 0 48
A D 2 8
J B 40 4239 1 82 6913 576 0
J N 8 4263 -42 11 1 0 0
K 0 28 45
K 0 14 45
K 0 0 45
K -15 0 65
K 0 0 42
K -1 0 45
K 2 0 45
K 0 0 60
K 0 28 60
K 0 42 60
A D 4 8
J B 41 4320 1 82 6913 1152 0
J N 7 4347 0 5 1 0 0
K -18 0 63
K 0 0 43
K 0 0 60
K 0 21 60
A D 2 8
J N 7 4385 -7 4 3457 576 1 7
K 0 0 43
K 0 0 60
K 0 21 60
A D 2 8
J B 42 4427 1 82 6913 576 0
J N 7 4448 -7 4 1 0 1 7
K 0 0 43
K 0 0 60
K 0 21 60
A D 2 8
H 7 T -7 0 0 0 0 0 1 0
J N 7 4492 0 5 3457 576 0
K -18 0 63
K 0 0 43
K 0 0 60
K 0 21 60
A D 2 8
J B 43 4534 1 82 6913 576 0
J N 7 4555 -7 4 1 0 0
K 0 0 43
K 0 0 60
K 0 21 60
A D 2 8
J N 7 4593 42 5 3457 576 0
K 0 0 43
K 0 37 108
K 0 0 59
K 0 -21 59
A D 2 8
J B 44 4635 1 82 6913 576 0
J N 7 4662 49 5 1 0 0
K -18 0 63
K 0 0 43
K 0 0 59
K 0 -21 59
A D 2 8
J N 7 4702 49 5 3457 576 0
K -14 0 64
K 0 0 43
K 0 0 59
K 0 -21 59
A D 2 8
J B 45 4744 1 82 6913 576 0
J N 7 4765 56 4 1 0 0
K 0 0 43
K 0 0 59
K 0 -21 59
A D 2 8
J N 7 4806 56 5 3457 576 0
K -15 0 65
K 0 0 43
K 0 0 59
K 0 -21 59
A D 2 8
J B 46 4848 1 82 6913 576 0
J N 7 4869 63 4 1 0 0
K 0 0 43
K 0 0 59
K 0 -21 59
A D 2 8
J N 7 4907 42 4 3457 576 0
K 0 0 43
K 0 0 59
K 0 -21 59
A D 2 8
J B 47 4949 1 82 6913 576 0
J N 7 4970 70 7 1 0 0
K 1 0 45
K 0 0 43
K -1 0 45
K 2 0 45
K 0 0 59
K 0 -21 59
A D 2 8
J N 7 5008 63 4 3457 576 0
K 0 0 43
K 0 0 59
K 0 -21 59
A D 2 8
J B 48 5050 1 82 6913 576 0
J N 7 5071 91 9 1 0 0
K 1 -21 45
K 1 -7 45
K 0 0 43
K 0 -7 45
K 1 -7 45
K 0 0 59
K 0 -28 59
K 0 -35 59
A D 2 8
J R 7 5109 28 2 3457 576 0
K 0 0 48
A D 2 8
J B 49 5151 1 82 6913 576 0
J R 9 5172 28 2 1 10000 0
K 0 0 46
A D 4 8
J B 50 5277 1 82 6913 1152 0
J R 6 5298 28 2 1 0 0
K 0 0 49
A D 1 8
J N 6 5327 14 3 1729 288 1 8
K 0 0 43
K 0 77 110
A D 1 8
J N 6 5356 -7 2 3457 288 1 8
K 0 0 43
A D 1 8
J N 6 5385 14 2 5185 288 1 8
K 0 0 43
A D 1 8
H 8 B 1 0 108 3 2 1 3
J B 51 5418 1 82 6913 288 0
J N 6 5439 -14 5 1 0 1 9
K 0 0 45
K 0 0 43
K -1 0 45
K 2 0 45
A D 1 8
J N 6 5468 14 2 1729 288 1 9
K 0 0 43
A D 1 8
J N 6 5497 -14 5 3457 288 1 9
K 0 0 45
K 0 0 43
K -1 0 45
K 2 0 45
A D 1 8
J N 6 5526 14 2 5185 288 1 9
K 0 0 43
A D 1 8
H 9 B 1 0 108 4 2 1 1 3
J B 52 5559 1 82 6913 288 0
J N 7 5580 -21 7 1 0 0
K 0 7 45
K 0 0 43
K 0 7 45
K 1 7 45
K 0 0 60
K 0 21 60
A D 2 8
J N 7 5618 -14 7 3457 576 0
K 0 0 45
K 0 0 43
K -1 0 45
K 2 0 45
K 0 0 60
K 0 21 60
A D 2 8
J B 53 5660 1 82 6913 576 0
J N 6 5687 -7 3 1 0 2 10 11
K -18 0 63
K 0 0 43
A D 1 8
J N 6 5716 -14 5 1729 288 2 11 10
K 0 0 45
K 0 0 43
K -1 0 45
K 2 0 45
A D 1 8
H 10 S 0 0 0 0 0 0 0 0 0
J N 6 5756 -21 6 3457 288 2 12 11
K 0 7 45
K -14 0 64
K 0 0 43
K 0 7 45
K 1 7 45
A D 1 8
J N 6 5785 -14 5 5185 288 2 11 12
K 0 0 45
K 0 0 43
K -1 0 45
K 2 0 45
A D 1 8
H 11 B 1 0 108 4 2 1 1 3
H 12 S 0 0 0 0 0 0 0 0 0
J B 54 5818 1 82 6913 288 0
J N 6 5845 -7 3 1 0 2 13 14
K -18 0 63
K 0 0 43
A D 1 8
J N 6 5874 -14 5 1729 288 2 14 13
K 0 0 45
K 0 0 43
K -1 0 45
K 2 0 45
A D 1 8
H 13 S 0 0 0 0 0 0 0 0 0
J N 6 5914 -21 6 3457 288 2 15 14
K 0 7 45
K -14 0 64
K 0 0 43
K 0 7 45
K 1 7 45
A D 1 8
J N 6 5943 -14 5 5185 288 2 14 15
K 0 0 45
K 0 0 43
K -1 0 45
K 2 0 45
A D 1 8
H 14 B 1 0 108 4 2 1 1 3
H 15 S 0 0 0 0 0 0 0 0 0
J B 55 5976 1 82 6913 288 0
J N 6 6003 -7 3 1 0 2 16 17
K -18 0 63
K 0 0 43
A D 1 8
J N 6 6036 28 3 1729 288 2 17 16
K -14 0 64
K 0 0 43
A D 1 8
H 17 B 1 0 108 2 2 3
H 16 S 0 0 0 0 0 0 0 0 0
J N 7 6065 21 4 3457 288 0
K 0 0 43
K 0 0 60
K 0 21 60
A D 2 8
J B 56 6107 1 82 6913 576 0
J R 6 6128 28 2 1 0 0
K 0 0 49
A D 1 8
J N 6 6157 35 3 1729 288 0
K 0 0 43
K 0 0 53
A D 1 8
J N 7 6194 14 4 3457 288 0
K 0 0 43
K 0 0 60
K 0 21 60
A D 2 8
J B 57 6236 1 82 6913 576 0
J R 6 6257 28 2 1 0 0
K 0 0 49
A D 1 8
J N 6 6293 28 4 1729 288 0
K -14 0 64
K 0 0 43
K 0 0 54
A D 1 8
J N 7 6322 7 4 3457 288 0
K 0 0 43
K 0 0 60
K 0 21 60
A D 2 8
J B 58 6364 1 82 6913 576 0
J R 6 6385 28 2 1 0 0
K 0 0 49
A D 1 8
J N 6 6414 56 3 1729 288 0
K 0 0 43
K 0 0 53
A D 1 8
J N 7 6451 35 4 3457 288 1 18
K 0 0 43
K 0 0 59
K 0 -21 59
A D 2 8
J B 59 6493 1 82 6913 576 0
J N 7 6514 35 4 1 0 1 18
K 0 0 43
K 0 0 59
K 0 -21 59
A D 2 8
H 18 T 35 0 0 0 0 0 9 0
J N 7 6558 42 5 3457 576 0
K -18 0 63
K 0 0 43
K 0 0 59
K 0 -21 59
A D 2 8
J B 60 6600 1 82 6913 576 0
J N 6 6621 35 2 1 0 2 19 20
K 0 0 43
A D 1 8
J N 6 6661 28 4 1729 288 2 20 19
K -14 0 64
K 0 0 43
K 0 53 108
A D 1 8
H 20 B 0 0 108 2 2 3
H 19 S 12 0 0 0 0 0 0 0 0
J N 7 6690 21 4 3457 288 0
K 0 0 43
K 0 0 60
K 0 21 60
A D 2 8
J B 61 6732 1 82 6913 576 0
J R 6 6753 28 2 1 0 0
K 0 0 49
A D 1 8
J N 6 6782 35 3 1729 288 0
K 0 0 43
K 0 0 53
A D 1 8
J N 7 6819 14 4 3457 288 0
K 0 0 43
K 0 0 60
K 0 21 60
A D 2 8
J B 62 6861 1 82 6913 576 0
J R 6 6882 28 2 1 0 0
K 0 0 49
A D 1 8
J N 6 6918 28 4 1729 288 0
K -14 0 64
K 0 0 43
K 0 0 54
A D 1 8
J N 7 6947 7 4 3457 288 0
K 0 0 43
K 0 0 60
K 0 21 60
A D 2 8
J B 63 6989 1 82 6913 576 0
J R 6 7010 28 2 1 0 0
K 0 0 49
A D 1 8
J N 6 7039 56 3 1729 288 0
K 0 0 43
K 0 0 53
A D 1 8
J N 7 7076 35 4 3457 288 1 21
K 0 0 43
K 0 0 59
K 0 -21 59
A D 2 8
J B 64 7118 1 82 6913 576 0
J N 7 7139 35 4 1 0 1 21
K 0 0 43
K 0 0 59
K 0 -21 59
A D 2 8
H 21 T 35 0 0 0 0 0 9 0
J N 7 7183 42 5 3457 576 0
K -18 0 63
K 0 0 43
K 0 0 59
K 0 -21 59
A D 2 8
J B 65 7225 1 82 6913 576 0
J N 8 7246 35 4 1 0 0
K 0 0 42
K 0 0 59
K 0 -21 59
A D 4 8
J B 66 7303 1 82 6913 1152 0
J N 7 7324 -28 8 1 0 0
K 0 14 45
K 0 0 45
K 0 0 43
K -1 0 45
K 2 0 45
K 0 0 60
K 0 28 60
A D 2 8
J N 7 7362 -7 4 3457 576 0
K 0 0 43
K 0 0 60
K 0 21 60
A D 2 8
J B 67 7404 1 82 6913 576 0
J N 7 7425 -14 7 1 0 0
K 0 0 45
K 0 0 43
K -1 0 45
K 2 0 45
K 0 0 60
K 0 21 60
A D 2 8
J N 7 7463 0 4 3457 576 1 22
K 0 0 43
K 0 0 60
K 0 21 60
A D 2 8
J B 68 7505 1 82 6913 576 0
J N 7 7526 0 4 1 0 1 22
K 0 0 43
K 0 0 60
K 0 21 60
A D 2 8
H 22 T 0 0 0 0 0 0 5 0
J N 7 7564 7 4 3457 576 0
K 0 0 43
K 0 0 60
K 0 21 60
A D 2 8
J B 69 7606 1 82 6913 576 0
J N 8 7627 0 4 1 0 0
K 0 0 42
K 0 0 60
K 0 21 60
A D 4 8
J B 70 7684 1 82 6913 1152 0
J N 7 7705 21 7 1 0 0
K 0 0 43
K -11 72 195
K 0 77 253
K 22 72 196
K 0 0 60
K 0 21 60
A D 2 8
J N 7 7743 0 4 3457 576 0
K 0 0 43
K 0 0 60
K 0 21 60
A D 2 8
J B 71 7785 1 82 6913 576 0
J R 7 7806 28 2 1 0 0
K 0 0 48
A D 2 8
J N 7 7844 7 4 3457 576 0
K 0 0 43
K 0 0 60
K 0 21 60
A D 2 8
J B 72 7886 1 82 6913 576 0
J R 7 7907 28 2 1 0 0
K 0 0 48
A D 2 8
J N 7 7945 14 4 3457 576 0
K 0 0 43
K 0 0 60
K 0 21 60
A D 2 8
J B 73 7987 1 82 6913 576 0
J R 7 8008 28 2 1 0 0
K 0 0 48
A D 2 8
J N 7 8046 -7 4 3457 576 0
K 0 0 43
K 0 0 60
K 0 21 60
A D 2 8
J B 74 8088 1 82 6913 576 0
J R 7 8109 28 2 1 0 0
K 0 0 48
A D 2 8
J N 7 8147 0 4 3457 576 0
K 0 0 43
K 0 0 60
K 0 21 60
A D 2 8
J B 75 8189 1 82 6913 576 0
J R 7 8210 28 2 1 0 0
K 0 0 48
A D 2 8
J N 7 8248 7 4 3457 576 0
K 0 0 43
K 0 0 60
K 0 21 60
A D 2 8
J B 76 8290 1 82 6913 576 0
J N 8 8311 14 4 1 0 0
K 0 0 42
K 0 0 60
K 0 21 60
A D 4 8
J B 77 8368 1 82 6913 1152 0
J N 8 8389 21 4 1 0 0
K 0 0 42
K 0 0 60
K 0 21 60
A D 4 8
J B 78 8446 1 82 6913 1152 0
J R 9 8467 28 2 1 10000 0
K 0 0 46
A D 4 8
J B 79 8572 1 82 6913 1152 0
J N 7 8593 0 4 1 0 0
K 0 0 43
K 0 0 60
K 0 21 60
A D 2 8
J N 7 8631 63 4 3457 576 0
K 0 0 43
K 0 0 59
K 0 -21 59
A D 2 8
J B 80 8673 1 82 6913 576 0
J R 9 8694 28 2 1 10000 0
K 0 0 46
A D 4 8
J B 81 8799 1 82 6913 1152 0
J N 7 8820 -7 4 1 0 0
K 0 0 43
K 0 0 60
K 0 21 60
A D 2 8
J N 7 8858 56 4 3457 576 0
K 0 0 43
K 0 0 59
K 0 -21 59
A D 2 8
J B 82 8900 1 82 6913 576 0
J R 9 8921 28 2 1 10000 0
K 0 0 46
A D 4 8
J B 83 9026 1 82 6913 1152 0
J N 7 9047 -14 7 1 0 0
K 0 0 45
K 0 0 43
K -1 0 45
K 2 0 45
K 0 0 60
K 0 21 60
A D 2 8
J N 7 9085 14 4 3457 576 0
K 0 0 43
K 0 0 60
K 0 21 60
A D 2 8
J B 84 9127 1 82 6913 576 0
J N 7 9148 21 4 1 0 0
K 0 0 43
K 0 0 60
K 0 21 60
A D 2 8
J N 7 9186 28 4 3457 576 0
K 0 0 43
K 0 0 60
K 0 21 60
A D 2 8
J B 85 9228 1 82 6913 576 0
J N 7 9249 35 4 1 0 0
K 0 0 43
K 0 0 59
K 0 -21 59
A D 2 8
J N 7 9287 14 4 3457 576 1 23
K 0 0 43
K 0 0 60
K 0 21 60
A D 2 8
J B 86 9329 1 82 6913 576 0
J N 7 9350 14 4 1 0 1 23
K 0 0 43
K 0 0 60
K 0 21 60
A D 2 8
H 23 T 14 0 0 0 0 0 5 0
J N 7 9388 21 4 3457 576 1 24
K 0 0 43
K 0 0 60
K 0 21 60
A D 2 8
J B 87 9430 1 82 6913 576 0
J N 7 9451 21 4 1 0 1 24
K 0 0 43
K 0 0 60
K 0 21 60
A D 2 8
H 24 T 21 0 0 0 0 0 1 0
J N 7 9489 28 4 3457 576 1 25
K 0 0 43
K 0 0 60
K 0 21 60
A D 2 8
J B 88 9531 1 82 6913 576 0
J N 7 9552 28 4 1 0 1 25
K 0 0 43
K 0 0 60
K 0 21 60
A D 2 8
H 25 T 28 0 0 0 0 0 5 0
J N 7 9590 35 4 3457 576 1 26
K 0 0 43
K 0 0 59
K 0 -21 59
A D 2 8
J B 89 9632 1 82 6913 576 0
J N 6 9653 35 2 1 0 2 27 26
K 0 0 43
A D 1 8
H 26 T 35 0 0 0 0 0 3 0
J N 6 9682 14 2 1729 288 1 27
K 0 0 43
A D 1 8
J N 6 9711 -7 2 3457 288 1 27
K 0 0 43
A D 1 8
J N 6 9740 0 2 5185 288 1 27
K 0 0 43
A D 1 8
H 27 B 1 0 108 4 2 1 1 3
J B 90 9773 1 82 6913 288 0
J N 6 9794 7 2 1 0 1 28
K 0 0 43
A D 1 8
J N 6 9823 21 2 1729 288 1 28
K 0 0 43
A D 1 8
H 28 B 1 0 108 2 2 3
J N 7 9852 0 4 3457 288 1 29
K 0 0 43
K 0 0 60
K 0 21 60
A D 2 8
J B 91 9894 1 82 6913 576 0
J N 7 9915 0 4 1 0 1 29
K 0 0 43
K 0 0 60
K 0 21 60
A D 2 8
H 29 T 0 0 0 0 0 0 5 0
J N 7 9953 7 4 3457 576 0
K 0 0 43
K 0 0 60
K 0 21 60
A D 2 8
J B 92 9995 1 82 6913 576 0
J N 7 10016 0 4 1 0 0
K 0 0 43
K 0 0 60
K 0 21 60
A D 2 8
J R 7 10054 28 2 3457 576 0
K 0 0 48
A D 2 8
J B 93 10096 1 82 6913 576 0
J N 7 10117 -7 4 1 0 0
K 0 0 43
K 0 0 60
K 0 21 60
A D 2 8
J R 7 10155 28 2 3457 576 0
K 0 0 48
A D 2 8
J B 94 10197 1 82 6913 576 0
J N 7 10218 0 4 1 0 0
K 0 0 43
K 0 0 60
K 0 21 60
A D 2 8
J R 7 10256 28 2 3457 576 0
K 0 0 48
A D 2 8
J B 95 10298 1 82 6913 576 0
J N 7 10319 7 4 1 0 0
K 0 0 43
K 0 0 60
K 0 21 60
A D 2 8
J R 7 10357 28 2 3457 576 0
K 0 0 48
A D 2 8
J B 96 10399 1 82 6913 576 0
J N 7 10420 14 4 1 0 0
K 0 0 43
K 0 0 60
K 0 21 60
A D 2 8
J R 7 10458 28 2 3457 576 0
K 0 0 48
A D 2 8
J B 97 10500 1 82 6913 576 0
J N 6 10521 56 2 1 0 1 30
K 0 0 43
A D 1 8
J N 6 10550 70 5 1729 288 1 30
K 1 0 45
K 0 0 43
K -1 0 45
K 2 0 45
A D 1 8
H 30 B 0 0 108 2 2 3
J N 7 10579 49 4 3457 288 1 31
K 0 0 43
K 0 0 59
K 0 -21 59
A D 2 8
J B 98 10621 1 82 6913 576 0
J N 7 10642 49 4 1 0 1 31
K 0 0 43
K 0 0 59
K 0 -21 59
A D 2 8
H 31 T 49 0 0 0 0 0 9 0
J N 7 10680 56 4 3457 576 0
K 0 0 43
K 0 0 59
K 0 -21 59
A D 2 8
J B 99 10722 1 82 6913 576 0
J N 7 10743 49 4 1 0 0
K 0 0 43
K 0 0 59
K 0 -21 59
A D 2 8
J R 7 10781 28 2 3457 576 0
K 0 0 48
A D 2 8
J B 100 10823 1 82 6913 576 0
J N 7 10844 -7 5 1 0 0
K 0 0 43
K 0 86 108
K 0 0 60
K 0 21 60
A D 2 8
J R 7 10882 28 2 3457 576 0
K 0 0 48
A D 2 8
J B 101 10924 1 82 6913 576 0
J N 7 10945 0 4 1 0 0
K 0 0 43
K 0 0 60
K 0 21 60
A D 2 8
J R 7 10983 28 2 3457 576 0
K 0 0 48
A D 2 8
J B 102 11025 1 82 6913 576 0
J N 7 11046 7 4 1 0 0
K 0 0 43
K 0 0 60
K 0 21 60
A D 2 8
J R 7 11084 28 2 3457 576 0
K 0 0 48
A D 2 8
J B 103 11126 1 82 6913 576 0
J N 7 11147 14 4 1 0 0
K 0 0 43
K 0 0 60
K 0 21 60
A D 2 8
J R 7 11185 28 2 3457 576 0
K 0 0 48
A D 2 8
J B 104 11227 1 82 6913 576 0
J N 6 11248 56 3 1 0 1 32
K 0 0 43
K 0 36 110
A D 1 8
J N 6 11277 70 5 1729 288 1 32
K 1 0 45
K 0 0 43
K -1 0 45
K 2 0 45
A D 1 8
H 32 B 0 0 108 2 2 3
J N 7 11306 49 4 3457 288 1 33
K 0 0 43
K 0 0 59
K 0 -21 59
A D 2 8
J B 105 11348 1 82 6913 576 0
J N 7 11369 49 4 1 0 1 33
K 0 0 43
K 0 0 59
K 0 -21 59
A D 2 8
H 33 T 49 0 0 0 0 0 9 0
J N 7 11407 56 4 3457 576 0
K 0 0 43
K 0 0 59
K 0 -21 59
A D 2 8
J B 106 11449 1 82 6913 576 0
J N 7 11470 49 4 1 0 0
K 0 0 43
K 0 0 59
K 0 -21 59
A D 2 8
J R 6 11508 28 2 3457 576 0
K 0 0 49
A D 1 8
J N 6 11537 28 3 5185 288 0
K 0 0 43
K 0 0 54
A D 1 8
J B 107 11570 1 82 6913 288 0
J N 7 11591 42 4 1 0 0
K 0 0 43
K 0 0 59
K 0 -21 59
A D 2 8
J R 6 11629 28 2 3457 576 0
K 0 0 49
A D 1 8
J N 6 11658 35 3 5185 288 0
K 0 0 43
K 0 0 53
A D 1 8
J B 108 11702 1 82 6913 288 0
J N 6 11723 63 2 1 0 1 34
K 0 0 43
A D 1 8
J N 6 11752 56 2 1729 288 1 34
K 0 0 43
A D 1 8
H 34 B 0 0 108 2 2 3
J N 7 11781 49 4 3457 288 1 35
K 0 0 43
K 0 0 59
K 0 -21 59
A D 2 8
J B 109 11823 1 82 6913 576 0
J N 7 11844 49 4 1 0 1 35
K 0 0 43
K 0 0 59
K 0 -21 59
A D 2 8
H 35 T 49 0 0 0 0 0 9 0
J N 7 11882 56 4 3457 576 0
K 0 0 43
K 0 0 59
K 0 -21 59
A D 2 8
J B 110 11924 1 82 6913 576 0
J N 8 11945 49 4 1 0 0
K 0 0 42
K 0 0 59
K 0 -21 59
A D 4 8
J B 0 12025 6 4 6913 1152 0
K -23 21 44
K -23 35 44
K -13 0 82
K -6 0 84
J M 0 12025 0 0 10000 0 0
