@ SOURCE: not identified 
L 0 0 14 !39Violino 2 concerto grosso
J D 4 500 -120 1 6913 0 0
W 0 0 44 V
J D 1 75 -37 1 6913 0 0
W 0 -56 44 V:  Violino 2 concerto grosso
J C 4 5 42 2 6913 0 0
K 0 0 33
K 0 0 34
J K -1 57 0 1 6913 0 0
K 0 28 65
J D 5 86 -42 1 6913 0 0
W 0 0 37 Allegro
J T 204 95 0 2 6913 0 0
K -10 28 73
K -10 56 75
J R 9 137 28 2 1 10000 0
K 0 0 46
A D 4 8
J B 2 242 1 82 6913 1152 0
J R 9 263 28 2 1 10000 0
K 0 0 46
A D 4 8
J B 3 368 1 82 6913 1152 0
J R 9 389 28 2 1 10000 0
K 0 0 46
A D 4 8
J B 4 494 1 82 6913 1152 0
J R 9 515 28 2 1 10000 0
K 0 0 46
A D 4 8
J B 5 620 1 82 6913 1152 0
J N 7 641 21 4 1 0 0
K 0 0 43
K 0 0 60
K 0 21 60
A D 2 8
J N 7 679 0 4 3457 576 0
K 0 0 43
K 0 0 60
K 0 21 60
A D 2 8
J B 6 721 1 82 6913 576 0
J R 7 742 28 2 1 0 0
K 0 0 48
A D 2 8
J N 7 780 7 4 3457 576 0
K 0 0 43
K 0 0 60
K 0 21 60
A D 2 8
J B 7 822 1 82 6913 576 0
J R 7 843 28 2 1 0 0
K 0 0 48
A D 2 8
J N 7 881 14 4 3457 576 0
K 0 0 43
K 0 0 60
K 0 21 60
A D 2 8
J B 8 923 1 82 6913 576 0
J R 7 944 28 2 1 0 0
K 0 0 48
A D 2 8
J N 7 982 -7 4 3457 576 0
K 0 0 43
K 0 0 60
K 0 21 60
A D 2 8
J B 9 1024 1 82 6913 576 0
J R 7 1045 28 2 1 0 0
K 0 0 48
A D 2 8
J N 7 1083 0 4 3457 576 0
K 0 0 43
K 0 0 60
K 0 21 60
A D 2 8
J B 10 1125 1 82 6913 576 0
J R 7 1146 28 2 1 0 0
K 0 0 48
A D 2 8
J N 7 1184 7 4 3457 576 0
K 0 0 43
K 0 0 60
K 0 21 60
A D 2 8
J B 11 1226 1 82 6913 576 0
J N 8 1247 14 4 1 0 0
K 0 0 42
K 0 0 60
K 0 21 60
A D 4 8
J B 12 1304 1 82 6913 1152 0
J N 8 1325 21 4 1 0 0
K 0 0 42
K 0 0 60
K 0 21 60
A D 4 8
J B 13 1404 10 6 6913 1152 0
K -22 21 44
K -22 35 44
K -12 0 84
K 0 0 84
K 11 21 44
K 11 35 44
J R 9 1441 28 2 1 10000 0
K 0 0 46
A D 4 8
J B 14 1546 1 82 6913 1152 0
J R 9 1567 28 2 1 10000 0
K 0 0 46
A D 4 8
J B 15 1672 1 82 6913 1152 0
J R 9 1693 28 2 1 10000 0
K 0 0 46
A D 4 8
J B 16 1798 1 82 6913 1152 0
J R 9 1819 28 2 1 10000 0
K 0 0 46
A D 4 8
J B 17 1924 1 82 6913 1152 0
J R 9 1945 28 2 1 10000 0
K 0 0 46
A D 4 8
J B 18 2050 1 82 6913 1152 0
J R 9 2071 28 2 1 10000 0
K 0 0 46
A D 4 8
J B 19 2176 1 82 6913 1152 0
J R 9 2197 28 2 1 10000 0
K 0 0 46
A D 4 8
J B 20 2302 1 82 6913 1152 0
J R 9 2323 28 2 1 10000 0
K 0 0 46
A D 4 8
J B 21 2428 1 82 6913 1152 0
J N 7 2449 0 4 1 0 0
K 0 0 43
K 0 0 60
K 0 21 60
A D 2 8
J N 7 2487 7 4 3457 576 0
K 0 0 43
K 0 0 60
K 0 21 60
A D 2 8
J B 22 2529 1 82 6913 576 0
J N 7 2550 14 4 1 0 0
K 0 0 43
K 0 0 60
K 0 21 60
A D 2 8
J N 7 2588 21 4 3457 576 0
K 0 0 43
K 0 0 60
K 0 21 60
A D 2 8
J B 23 2630 1 82 6913 576 0
J N 7 2651 28 4 1 0 0
K 0 0 43
K 0 0 60
K 0 21 60
A D 2 8
J N 7 2689 35 4 3457 576 0
K 0 0 43
K 0 0 59
K 0 -21 59
A D 2 8
J B 24 2731 1 82 6913 576 0
J N 7 2752 42 4 1 0 0
K 0 0 43
K 0 0 59
K 0 -21 59
A D 2 8
J N 6 2790 49 2 3457 576 1 1
K 0 0 43
A D 1 8
J N 6 2819 56 2 5185 288 1 1
K 0 0 43
A D 1 8
H 1 B 0 0 108 2 2 3
J B 25 2852 1 82 6913 288 0
J N 7 2873 49 4 1 0 0
K 0 0 43
K 0 0 59
K 0 -21 59
A D 2 8
J N 7 2911 56 4 3457 576 0
K 0 0 43
K 0 0 59
K 0 -21 59
A D 2 8
J B 26 2953 1 82 6913 576 0
J R 7 2974 28 2 1 0 0
K 0 0 48
A D 2 8
J N 7 3012 63 5 3457 576 0
K 0 0 43
K 0 29 108
K 0 0 59
K 0 -21 59
A D 2 8
J B 27 3054 1 82 6913 576 0
J N 7 3081 70 8 1 0 0
K 1 0 45
K -18 0 63
K 0 0 43
K -1 0 45
K 2 0 45
K 0 0 59
K 0 -21 59
A D 2 8
J N 7 3121 70 8 3457 576 0
K 1 0 45
K -14 0 64
K 0 0 43
K -1 0 45
K 2 0 45
K 0 0 59
K 0 -21 59
A D 2 8
J B 28 3163 1 82 6913 576 0
J N 7 3186 77 8 1 0 0
K 1 -7 45
K -14 0 64
K 0 0 43
K 0 -7 45
K 1 -7 45
K 0 0 59
K 0 -21 59
A D 2 8
J N 7 3227 77 8 3457 576 0
K 1 -7 45
K -15 0 65
K 0 0 43
K 0 -7 45
K 1 -7 45
K 0 0 59
K 0 -21 59
A D 2 8
J B 29 3269 1 82 6913 576 0
J N 7 3290 84 8 1 0 0
K 1 -14 45
K 1 0 45
K 0 0 43
K -1 0 45
K 2 0 45
K 0 0 59
K 0 -28 59
A D 2 8
J N 7 3328 63 4 3457 576 0
K 0 0 43
K 0 0 59
K 0 -21 59
A D 2 8
J B 30 3370 1 82 6913 576 0
J N 7 3391 91 9 1 0 0
K 1 -21 45
K 1 -7 45
K 0 0 43
K 0 -7 45
K 1 -7 45
K 0 0 59
K 0 -28 59
K 0 -35 59
A D 2 8
J N 7 3429 84 8 3457 576 0
K 1 -14 45
K 1 0 45
K 0 0 43
K -1 0 45
K 2 0 45
K 0 0 59
K 0 -28 59
A D 2 8
J B 31 3471 1 82 6913 576 0
J N 7 3492 63 4 1 0 0
K 0 0 43
K 0 0 59
K 0 -21 59
A D 2 8
J R 7 3530 28 2 3457 576 0
K 0 0 48
A D 2 8
J B 32 3572 1 82 6913 576 0
J R 9 3593 28 2 1 10000 0
K 0 0 46
A D 4 8
J B 33 3698 1 82 6913 1152 0
J R 6 3719 28 2 1 0 0
K 0 0 49
A D 1 8
J N 6 3748 -14 5 1729 288 1 2
K 0 0 45
K 0 0 43
K -1 0 45
K 2 0 45
A D 1 8
J N 6 3777 0 2 3457 288 1 2
K 0 0 43
A D 1 8
J N 6 3806 14 2 5185 288 1 2
K 0 0 43
A D 1 8
H 2 B 1 0 108 3 2 1 3
J B 34 3839 1 82 6913 288 0
J N 6 3860 7 2 1 0 1 3
K 0 0 43
A D 1 8
J N 6 3889 35 2 1729 288 1 3
K 0 0 43
A D 1 8
J N 6 3918 7 2 3457 288 1 3
K 0 0 43
A D 1 8
J N 6 3947 -14 5 5185 288 1 3
K 0 0 45
K 0 0 43
K -1 0 45
K 2 0 45
A D 1 8
H 3 B 1 0 108 4 2 1 1 3
J B 35 3980 1 82 6913 288 0
J N 7 4001 0 4 1 0 0
K 0 0 43
K 0 0 60
K 0 21 60
A D 2 8
J R 7 4039 28 2 3457 576 0
K 0 0 48
A D 2 8
J B 36 4081 1 82 6913 576 0
J N 7 4102 14 4 1 0 0
K 0 0 43
K 0 0 60
K 0 21 60
A D 2 8
J R 7 4140 28 2 3457 576 0
K 0 0 48
A D 2 8
J B 37 4182 1 82 6913 576 0
J R 6 4203 28 2 1 0 0
K 0 0 49
A D 1 8
J N 6 4232 -35 6 1729 288 1 4
K 0 21 45
K 0 7 45
K 0 0 43
K 0 7 45
K 1 7 45
A D 1 8
J N 6 4261 -21 5 3457 288 1 4
K 0 7 45
K 0 0 43
K 0 7 45
K 1 7 45
A D 1 8
J N 6 4290 -7 2 5185 288 1 4
K 0 0 43
A D 1 8
H 4 B 1 0 108 3 2 1 3
J B 38 4323 1 82 6913 288 0
J N 6 4344 -14 5 1 0 1 5
K 0 0 45
K 0 0 43
K -1 0 45
K 2 0 45
A D 1 8
J N 6 4373 14 2 1729 288 1 5
K 0 0 43
A D 1 8
J N 6 4402 -14 5 3457 288 1 5
K 0 0 45
K 0 0 43
K -1 0 45
K 2 0 45
A D 1 8
J N 6 4431 -35 6 5185 288 1 5
K 0 21 45
K 0 7 45
K 0 0 43
K 0 7 45
K 1 7 45
A D 1 8
H 5 B 1 0 108 4 2 1 1 3
J B 39 4464 1 82 6913 288 0
J N 7 4485 -21 7 1 0 0
K 0 7 45
K 0 0 43
K 0 7 45
K 1 7 45
K 0 0 60
K 0 21 60
A D 2 8
J R 7 4523 28 2 3457 576 0
K 0 0 48
A D 2 8
J B 40 4565 1 82 6913 576 0
J N 8 4589 -42 11 1 0 0
K 0 28 45
K 0 14 45
K 0 0 45
K -15 0 65
K 0 0 42
K -1 0 45
K 2 0 45
K 0 0 60
K 0 28 60
K 0 42 60
A D 4 8
J B 41 4646 1 82 6913 1152 0
J N 7 4673 0 5 1 0 0
K -18 0 63
K 0 0 43
K 0 0 60
K 0 21 60
A D 2 8
J N 7 4711 -7 4 3457 576 1 6
K 0 0 43
K 0 0 60
K 0 21 60
A D 2 8
J B 42 4753 1 82 6913 576 0
J N 7 4774 -7 4 1 0 1 6
K 0 0 43
K 0 0 60
K 0 21 60
A D 2 8
H 6 T -7 0 0 0 0 0 1 0
J N 7 4818 0 5 3457 576 0
K -18 0 63
K 0 0 43
K 0 0 60
K 0 21 60
A D 2 8
J B 43 4860 1 82 6913 576 0
J N 7 4881 -7 4 1 0 0
K 0 0 43
K 0 0 60
K 0 21 60
A D 2 8
J N 7 4919 42 5 3457 576 0
K 0 0 43
K 0 37 108
K 0 0 59
K 0 -21 59
A D 2 8
J B 44 4961 1 82 6913 576 0
J N 7 4988 49 5 1 0 0
K -18 0 63
K 0 0 43
K 0 0 59
K 0 -21 59
A D 2 8
J N 7 5028 49 5 3457 576 0
K -14 0 64
K 0 0 43
K 0 0 59
K 0 -21 59
A D 2 8
J B 45 5070 1 82 6913 576 0
J N 7 5091 56 4 1 0 0
K 0 0 43
K 0 0 59
K 0 -21 59
A D 2 8
J N 7 5132 56 5 3457 576 0
K -15 0 65
K 0 0 43
K 0 0 59
K 0 -21 59
A D 2 8
J B 46 5174 1 82 6913 576 0
J N 7 5195 63 4 1 0 0
K 0 0 43
K 0 0 59
K 0 -21 59
A D 2 8
J N 7 5233 42 4 3457 576 0
K 0 0 43
K 0 0 59
K 0 -21 59
A D 2 8
J B 47 5275 1 82 6913 576 0
J N 7 5296 70 7 1 0 0
K 1 0 45
K 0 0 43
K -1 0 45
K 2 0 45
K 0 0 59
K 0 -21 59
A D 2 8
J N 7 5334 63 4 3457 576 0
K 0 0 43
K 0 0 59
K 0 -21 59
A D 2 8
J B 48 5376 1 82 6913 576 0
J N 7 5397 91 9 1 0 0
K 1 -21 45
K 1 -7 45
K 0 0 43
K 0 -7 45
K 1 -7 45
K 0 0 59
K 0 -28 59
K 0 -35 59
A D 2 8
J R 7 5435 28 2 3457 576 0
K 0 0 48
A D 2 8
J B 49 5477 1 82 6913 576 0
J R 9 5498 28 2 1 10000 0
K 0 0 46
A D 4 8
J B 50 5603 1 82 6913 1152 0
J R 6 5624 28 2 1 0 0
K 0 0 49
A D 1 8
J N 6 5653 14 3 1729 288 1 7
K 0 0 43
K 0 77 110
A D 1 8
J N 6 5682 -7 2 3457 288 1 7
K 0 0 43
A D 1 8
J N 6 5711 14 2 5185 288 1 7
K 0 0 43
A D 1 8
H 7 B 1 0 108 3 2 1 3
J B 51 5744 1 82 6913 288 0
J N 6 5765 -14 5 1 0 1 8
K 0 0 45
K 0 0 43
K -1 0 45
K 2 0 45
A D 1 8
J N 6 5794 14 2 1729 288 1 8
K 0 0 43
A D 1 8
J N 6 5823 -14 5 3457 288 1 8
K 0 0 45
K 0 0 43
K -1 0 45
K 2 0 45
A D 1 8
J N 6 5852 14 2 5185 288 1 8
K 0 0 43
A D 1 8
H 8 B 1 0 108 4 2 1 1 3
J B 52 5885 1 82 6913 288 0
J N 7 5906 -21 7 1 0 0
K 0 7 45
K 0 0 43
K 0 7 45
K 1 7 45
K 0 0 60
K 0 21 60
A D 2 8
J N 7 5944 -14 7 3457 576 0
K 0 0 45
K 0 0 43
K -1 0 45
K 2 0 45
K 0 0 60
K 0 21 60
A D 2 8
J B 53 5986 1 82 6913 576 0
J N 6 6013 -7 3 1 0 2 9 10
K -18 0 63
K 0 0 43
A D 1 8
J N 6 6042 -14 5 1729 288 2 10 9
K 0 0 45
K 0 0 43
K -1 0 45
K 2 0 45
A D 1 8
H 9 S 0 0 0 0 0 0 0 0 0
J N 6 6082 -21 6 3457 288 2 11 10
K 0 7 45
K -14 0 64
K 0 0 43
K 0 7 45
K 1 7 45
A D 1 8
J N 6 6111 -14 5 5185 288 2 10 11
K 0 0 45
K 0 0 43
K -1 0 45
K 2 0 45
A D 1 8
H 10 B 1 0 108 4 2 1 1 3
H 11 S 0 0 0 0 0 0 0 0 0
J B 54 6144 1 82 6913 288 0
J N 6 6171 -7 3 1 0 2 12 13
K -18 0 63
K 0 0 43
A D 1 8
J N 6 6200 -14 5 1729 288 2 13 12
K 0 0 45
K 0 0 43
K -1 0 45
K 2 0 45
A D 1 8
H 12 S 0 0 0 0 0 0 0 0 0
J N 6 6240 -21 6 3457 288 2 14 13
K 0 7 45
K -14 0 64
K 0 0 43
K 0 7 45
K 1 7 45
A D 1 8
J N 6 6269 -14 5 5185 288 2 13 14
K 0 0 45
K 0 0 43
K -1 0 45
K 2 0 45
A D 1 8
H 13 B 1 0 108 4 2 1 1 3
H 14 S 0 0 0 0 0 0 0 0 0
J B 55 6302 1 82 6913 288 0
J N 6 6329 -7 3 1 0 2 15 16
K -18 0 63
K 0 0 43
A D 1 8
J N 6 6362 28 3 1729 288 2 16 15
K -14 0 64
K 0 0 43
A D 1 8
H 16 B 1 0 108 2 2 3
H 15 S 0 0 0 0 0 0 0 0 0
J N 7 6391 21 5 3457 288 0
K 0 0 43
K 0 0 43
K 0 0 60
K 0 21 60
A D 2 8
J B 56 6433 1 82 6913 576 0
J R 6 6454 28 2 1 0 0
K 0 0 49
A D 1 8
J N 6 6483 35 3 1729 288 0
K 0 0 43
K 0 0 53
A D 1 8
J N 7 6520 14 4 3457 288 0
K 0 0 43
K 0 0 60
K 0 21 60
A D 2 8
J B 57 6562 1 82 6913 576 0
J R 6 6583 28 2 1 0 0
K 0 0 49
A D 1 8
J N 6 6619 28 4 1729 288 0
K -14 0 64
K 0 0 43
K 0 0 54
A D 1 8
J N 7 6648 7 4 3457 288 0
K 0 0 43
K 0 0 60
K 0 21 60
A D 2 8
J B 58 6690 1 82 6913 576 0
J R 6 6711 28 2 1 0 0
K 0 0 49
A D 1 8
J N 6 6740 56 3 1729 288 0
K 0 0 43
K 0 0 53
A D 1 8
J N 7 6777 35 4 3457 288 1 17
K 0 0 43
K 0 0 59
K 0 -21 59
A D 2 8
J B 59 6819 1 82 6913 576 0
J N 7 6840 35 4 1 0 1 17
K 0 0 43
K 0 0 59
K 0 -21 59
A D 2 8
H 17 T 35 0 0 0 0 0 9 0
J N 7 6884 42 5 3457 576 0
K -18 0 63
K 0 0 43
K 0 0 59
K 0 -21 59
A D 2 8
J B 60 6926 1 82 6913 576 0
J N 6 6947 35 2 1 0 2 18 19
K 0 0 43
A D 1 8
J N 6 6987 28 4 1729 288 2 19 18
K -14 0 64
K 0 0 43
K 0 53 108
A D 1 8
H 19 B 0 0 108 2 2 3
H 18 S 12 0 0 0 0 0 0 0 0
J N 7 7016 21 4 3457 288 0
K 0 0 43
K 0 0 60
K 0 21 60
A D 2 8
J B 61 7058 1 82 6913 576 0
J R 6 7079 28 2 1 0 0
K 0 0 49
A D 1 8
J N 6 7108 35 3 1729 288 0
K 0 0 43
K 0 0 53
A D 1 8
J N 7 7145 14 4 3457 288 0
K 0 0 43
K 0 0 60
K 0 21 60
A D 2 8
J B 62 7187 1 82 6913 576 0
J R 6 7208 28 2 1 0 0
K 0 0 49
A D 1 8
J N 6 7244 28 4 1729 288 0
K -14 0 64
K 0 0 43
K 0 0 54
A D 1 8
J N 7 7273 7 4 3457 288 0
K 0 0 43
K 0 0 60
K 0 21 60
A D 2 8
J B 63 7315 1 82 6913 576 0
J R 6 7336 28 2 1 0 0
K 0 0 49
A D 1 8
J N 6 7365 56 3 1729 288 0
K 0 0 43
K 0 0 53
A D 1 8
J N 7 7402 35 4 3457 288 1 20
K 0 0 43
K 0 0 59
K 0 -21 59
A D 2 8
J B 64 7444 1 82 6913 576 0
J N 7 7465 35 4 1 0 1 20
K 0 0 43
K 0 0 59
K 0 -21 59
A D 2 8
H 20 T 35 0 0 0 0 0 9 0
J N 7 7509 42 5 3457 576 0
K -18 0 63
K 0 0 43
K 0 0 59
K 0 -21 59
A D 2 8
J B 65 7551 1 82 6913 576 0
J N 8 7572 35 4 1 0 0
K 0 0 42
K 0 0 59
K 0 -21 59
A D 4 8
J B 66 7629 1 82 6913 1152 0
J R 9 7650 28 2 1 10000 0
K 0 0 46
A D 4 8
J B 67 7755 1 82 6913 1152 0
J R 9 7776 28 2 1 10000 0
K 0 0 46
A D 4 8
J B 68 7881 1 82 6913 1152 0
J R 9 7902 28 2 1 10000 0
K 0 0 46
A D 4 8
J B 69 8007 1 82 6913 1152 0
J R 9 8028 28 2 1 10000 0
K 0 0 46
A D 4 8
J B 70 8133 1 82 6913 1152 0
J N 7 8154 21 7 1 0 0
K 0 0 43
K -11 72 195
K 0 77 253
K 22 72 196
K 0 0 60
K 0 21 60
A D 2 8
J N 7 8192 0 4 3457 576 0
K 0 0 43
K 0 0 60
K 0 21 60
A D 2 8
J B 71 8234 1 82 6913 576 0
J R 7 8255 28 2 1 0 0
K 0 0 48
A D 2 8
J N 7 8293 7 4 3457 576 0
K 0 0 43
K 0 0 60
K 0 21 60
A D 2 8
J B 72 8335 1 82 6913 576 0
J R 7 8356 28 2 1 0 0
K 0 0 48
A D 2 8
J N 7 8394 14 4 3457 576 0
K 0 0 43
K 0 0 60
K 0 21 60
A D 2 8
J B 73 8436 1 82 6913 576 0
J R 7 8457 28 2 1 0 0
K 0 0 48
A D 2 8
J N 7 8495 -7 4 3457 576 0
K 0 0 43
K 0 0 60
K 0 21 60
A D 2 8
J B 74 8537 1 82 6913 576 0
J R 7 8558 28 2 1 0 0
K 0 0 48
A D 2 8
J N 7 8596 0 4 3457 576 0
K 0 0 43
K 0 0 60
K 0 21 60
A D 2 8
J B 75 8638 1 82 6913 576 0
J R 7 8659 28 2 1 0 0
K 0 0 48
A D 2 8
J N 7 8697 7 4 3457 576 0
K 0 0 43
K 0 0 60
K 0 21 60
A D 2 8
J B 76 8739 1 82 6913 576 0
J N 8 8760 14 4 1 0 0
K 0 0 42
K 0 0 60
K 0 21 60
A D 4 8
J B 77 8817 1 82 6913 1152 0
J N 8 8838 21 4 1 0 0
K 0 0 42
K 0 0 60
K 0 21 60
A D 4 8
J B 78 8895 1 82 6913 1152 0
J R 9 8916 28 2 1 10000 0
K 0 0 46
A D 4 8
J B 79 9021 1 82 6913 1152 0
J N 7 9042 0 4 1 0 0
K 0 0 43
K 0 0 60
K 0 21 60
A D 2 8
J N 7 9080 63 4 3457 576 0
K 0 0 43
K 0 0 59
K 0 -21 59
A D 2 8
J B 80 9122 1 82 6913 576 0
J R 9 9143 28 2 1 10000 0
K 0 0 46
A D 4 8
J B 81 9248 1 82 6913 1152 0
J N 7 9269 -7 4 1 0 0
K 0 0 43
K 0 0 60
K 0 21 60
A D 2 8
J N 7 9307 56 4 3457 576 0
K 0 0 43
K 0 0 59
K 0 -21 59
A D 2 8
J B 82 9349 1 82 6913 576 0
J R 9 9370 28 2 1 10000 0
K 0 0 46
A D 4 8
J B 83 9475 1 82 6913 1152 0
J N 7 9496 -14 7 1 0 0
K 0 0 45
K 0 0 43
K -1 0 45
K 2 0 45
K 0 0 60
K 0 21 60
A D 2 8
J N 7 9534 14 4 3457 576 0
K 0 0 43
K 0 0 60
K 0 21 60
A D 2 8
J B 84 9576 1 82 6913 576 0
J N 7 9597 21 4 1 0 0
K 0 0 43
K 0 0 60
K 0 21 60
A D 2 8
J N 7 9635 28 4 3457 576 0
K 0 0 43
K 0 0 60
K 0 21 60
A D 2 8
J B 85 9677 1 82 6913 576 0
J N 7 9698 35 4 1 0 0
K 0 0 43
K 0 0 59
K 0 -21 59
A D 2 8
J R 7 9736 28 2 3457 576 0
K 0 0 48
A D 2 8
J B 86 9778 1 82 6913 576 0
J R 9 9799 28 2 1 10000 0
K 0 0 46
A D 4 8
J B 87 9904 1 82 6913 1152 0
J R 9 9925 28 2 1 10000 0
K 0 0 46
A D 4 8
J B 88 10030 1 82 6913 1152 0
J R 9 10051 28 2 1 10000 0
K 0 0 46
A D 4 8
J B 89 10156 1 82 6913 1152 0
J R 7 10177 28 2 1 0 0
K 0 0 48
A D 2 8
J N 6 10215 -7 2 3457 576 1 21
K 0 0 43
A D 1 8
J N 6 10244 0 2 5185 288 1 21
K 0 0 43
A D 1 8
H 21 B 1 0 108 2 2 3
J B 90 10277 1 82 6913 288 0
J N 6 10298 7 2 1 0 1 22
K 0 0 43
A D 1 8
J N 6 10327 21 2 1729 288 1 22
K 0 0 43
A D 1 8
H 22 B 1 0 108 2 2 3
J N 7 10356 0 4 3457 288 1 23
K 0 0 43
K 0 0 60
K 0 21 60
A D 2 8
J B 91 10398 1 82 6913 576 0
J N 7 10419 0 4 1 0 1 23
K 0 0 43
K 0 0 60
K 0 21 60
A D 2 8
H 23 T 0 0 0 0 0 0 5 0
J N 7 10457 7 4 3457 576 0
K 0 0 43
K 0 0 60
K 0 21 60
A D 2 8
J B 92 10499 1 82 6913 576 0
J N 7 10520 0 4 1 0 0
K 0 0 43
K 0 0 60
K 0 21 60
A D 2 8
J R 7 10558 28 2 3457 576 0
K 0 0 48
A D 2 8
J B 93 10600 1 82 6913 576 0
J N 7 10621 -7 4 1 0 0
K 0 0 43
K 0 0 60
K 0 21 60
A D 2 8
J R 7 10659 28 2 3457 576 0
K 0 0 48
A D 2 8
J B 94 10701 1 82 6913 576 0
J N 7 10722 0 4 1 0 0
K 0 0 43
K 0 0 60
K 0 21 60
A D 2 8
J R 7 10760 28 2 3457 576 0
K 0 0 48
A D 2 8
J B 95 10802 1 82 6913 576 0
J N 7 10823 7 4 1 0 0
K 0 0 43
K 0 0 60
K 0 21 60
A D 2 8
J R 7 10861 28 2 3457 576 0
K 0 0 48
A D 2 8
J B 96 10903 1 82 6913 576 0
J N 7 10924 14 4 1 0 0
K 0 0 43
K 0 0 60
K 0 21 60
A D 2 8
J R 7 10962 28 2 3457 576 0
K 0 0 48
A D 2 8
J B 97 11004 1 82 6913 576 0
J N 6 11025 56 2 1 0 1 24
K 0 0 43
A D 1 8
J N 6 11054 70 5 1729 288 1 24
K 1 0 45
K 0 0 43
K -1 0 45
K 2 0 45
A D 1 8
H 24 B 0 0 108 2 2 3
J N 7 11083 49 4 3457 288 1 25
K 0 0 43
K 0 0 59
K 0 -21 59
A D 2 8
J B 98 11125 1 82 6913 576 0
J N 7 11146 49 4 1 0 1 25
K 0 0 43
K 0 0 59
K 0 -21 59
A D 2 8
H 25 T 49 0 0 0 0 0 9 0
J N 7 11184 56 4 3457 576 0
K 0 0 43
K 0 0 59
K 0 -21 59
A D 2 8
J B 99 11226 1 82 6913 576 0
J N 7 11247 49 4 1 0 0
K 0 0 43
K 0 0 59
K 0 -21 59
A D 2 8
J R 7 11285 28 2 3457 576 0
K 0 0 48
A D 2 8
J B 100 11327 1 82 6913 576 0
J N 7 11348 -7 5 1 0 0
K 0 0 43
K 0 86 108
K 0 0 60
K 0 21 60
A D 2 8
J R 7 11386 28 2 3457 576 0
K 0 0 48
A D 2 8
J B 101 11428 1 82 6913 576 0
J N 7 11449 0 4 1 0 0
K 0 0 43
K 0 0 60
K 0 21 60
A D 2 8
J R 7 11487 28 2 3457 576 0
K 0 0 48
A D 2 8
J B 102 11529 1 82 6913 576 0
J N 7 11550 7 4 1 0 0
K 0 0 43
K 0 0 60
K 0 21 60
A D 2 8
J R 7 11588 28 2 3457 576 0
K 0 0 48
A D 2 8
J B 103 11630 1 82 6913 576 0
J N 7 11651 14 4 1 0 0
K 0 0 43
K 0 0 60
K 0 21 60
A D 2 8
J R 7 11689 28 2 3457 576 0
K 0 0 48
A D 2 8
J B 104 11731 1 82 6913 576 0
J N 6 11752 56 3 1 0 1 26
K 0 0 43
K 0 36 110
A D 1 8
J N 6 11781 70 5 1729 288 1 26
K 1 0 45
K 0 0 43
K -1 0 45
K 2 0 45
A D 1 8
H 26 B 0 0 108 2 2 3
J N 7 11810 49 4 3457 288 1 27
K 0 0 43
K 0 0 59
K 0 -21 59
A D 2 8
J B 105 11852 1 82 6913 576 0
J N 7 11873 49 4 1 0 1 27
K 0 0 43
K 0 0 59
K 0 -21 59
A D 2 8
H 27 T 49 0 0 0 0 0 9 0
J N 7 11911 56 4 3457 576 0
K 0 0 43
K 0 0 59
K 0 -21 59
A D 2 8
J B 106 11953 1 82 6913 576 0
J N 7 11974 49 4 1 0 0
K 0 0 43
K 0 0 59
K 0 -21 59
A D 2 8
J R 6 12012 28 2 3457 576 0
K 0 0 49
A D 1 8
J N 6 12041 28 3 5185 288 0
K 0 0 43
K 0 0 54
A D 1 8
J B 107 12074 1 82 6913 288 0
J N 7 12095 42 4 1 0 0
K 0 0 43
K 0 0 59
K 0 -21 59
A D 2 8
J R 6 12133 28 2 3457 576 0
K 0 0 49
A D 1 8
J N 6 12162 35 3 5185 288 0
K 0 0 43
K 0 0 53
A D 1 8
J B 108 12206 1 82 6913 288 0
J N 6 12227 63 2 1 0 1 28
K 0 0 43
A D 1 8
J N 6 12256 56 2 1729 288 1 28
K 0 0 43
A D 1 8
H 28 B 0 0 108 2 2 3
J N 7 12285 49 4 3457 288 1 29
K 0 0 43
K 0 0 59
K 0 -21 59
A D 2 8
J B 109 12327 1 82 6913 576 0
J N 7 12348 49 4 1 0 1 29
K 0 0 43
K 0 0 59
K 0 -21 59
A D 2 8
H 29 T 49 0 0 0 0 0 9 0
J N 7 12386 56 4 3457 576 0
K 0 0 43
K 0 0 59
K 0 -21 59
A D 2 8
J B 110 12428 1 82 6913 576 0
J N 8 12449 49 4 1 0 0
K 0 0 42
K 0 0 59
K 0 -21 59
A D 4 8
J B 0 12529 6 4 6913 1152 0
K -23 21 44
K -23 35 44
K -13 0 82
K -6 0 84
J M 0 12529 0 0 10000 0 0
