@ SOURCE: not identified 
L 0 0 14 !39Viola
J D 4 500 -120 1 6913 0 0
W 0 0 44 V
J D 1 75 -37 1 6913 0 0
W 0 -56 44 V:  Viola
J C 13 5 28 35 6913 0 0
J K -1 57 0 1 6913 0 0
K 0 35 65
J D 5 86 -42 1 6913 0 0
W 0 0 37 Allegro
J T 204 95 0 2 6913 0 0
K -10 28 73
K -10 56 75
J R 9 137 28 2 1 10000 0
K 0 0 46
A D 4 8
J B 2 242 1 82 6913 1152 0
J R 9 263 28 2 1 10000 0
K 0 0 46
A D 4 8
J B 3 368 1 82 6913 1152 0
J R 9 389 28 2 1 10000 0
K 0 0 46
A D 4 8
J B 4 494 1 82 6913 1152 0
J R 9 515 28 2 1 10000 0
K 0 0 46
A D 4 8
J B 5 620 1 82 6913 1152 0
J N 7 641 -21 7 1 0 0
K 0 7 45
K 0 0 43
K 0 7 45
K 1 7 45
K 0 0 60
K 0 21 60
A D 2 8
J N 7 679 -21 7 3457 576 0
K 0 7 45
K 0 0 43
K 0 7 45
K 1 7 45
K 0 0 60
K 0 21 60
A D 2 8
J B 6 721 1 82 6913 576 0
J N 7 742 -21 8 1 0 0
K 0 7 45
K 0 0 43
K 0 7 45
K 1 7 45
K 25 0 44
K 0 0 60
K 0 21 60
A D 3 8
J N 6 788 -21 7 5185 864 0
K 0 7 45
K 0 0 43
K 0 7 45
K 1 7 45
K 0 0 60
K 0 0 54
A D 1 8
J B 7 821 1 82 6913 288 0
J N 7 842 -7 4 1 0 0
K 0 0 43
K 0 0 60
K 0 21 60
A D 2 8
J N 7 880 0 4 3457 576 0
K 0 0 43
K 0 0 60
K 0 21 60
A D 2 8
J B 8 922 1 82 6913 576 0
J N 8 943 0 4 1 0 0
K 0 0 42
K 0 0 60
K 0 21 60
A D 4 8
J B 9 1000 1 82 6913 1152 0
J N 7 1021 28 4 1 0 0
K 0 0 43
K 0 0 60
K 0 21 60
A D 2 8
J N 7 1059 7 4 3457 576 0
K 0 0 43
K 0 0 60
K 0 21 60
A D 2 8
J B 10 1101 1 82 6913 576 0
J N 7 1122 21 4 1 0 0
K 0 0 43
K 0 0 60
K 0 21 60
A D 2 8
J R 6 1160 28 2 3457 576 0
K 0 0 49
A D 1 8
J N 6 1189 0 3 5185 288 0
K 0 0 43
K 0 0 54
A D 1 8
J B 11 1222 1 82 6913 288 0
J N 6 1243 -7 2 1 0 1 1
K 0 0 43
A D 1 8
J N 6 1272 7 2 1729 288 1 1
K 0 0 43
A D 1 8
H 1 B 1 0 108 2 2 3
J N 7 1301 0 4 3457 288 0
K 0 0 43
K 0 0 60
K 0 21 60
A D 2 8
J B 12 1343 1 82 6913 576 0
J N 8 1364 14 4 1 0 0
K 0 0 42
K 0 0 60
K 0 21 60
A D 4 8
J B 13 1443 10 6 6913 1152 0
K -22 21 44
K -22 35 44
K -12 0 84
K 0 0 84
K 11 21 44
K 11 35 44
J R 9 1480 28 2 1 10000 0
K 0 0 46
A D 4 8
J B 14 1585 1 82 6913 1152 0
J R 9 1606 28 2 1 10000 0
K 0 0 46
A D 4 8
J B 15 1711 1 82 6913 1152 0
J R 9 1732 28 2 1 10000 0
K 0 0 46
A D 4 8
J B 16 1837 1 82 6913 1152 0
J R 9 1858 28 2 1 10000 0
K 0 0 46
A D 4 8
J B 17 1963 1 82 6913 1152 0
J R 9 1984 28 2 1 10000 0
K 0 0 46
A D 4 8
J B 18 2089 1 82 6913 1152 0
J R 9 2110 28 2 1 10000 0
K 0 0 46
A D 4 8
J B 19 2215 1 82 6913 1152 0
J R 9 2236 28 2 1 10000 0
K 0 0 46
A D 4 8
J B 20 2341 1 82 6913 1152 0
J R 9 2362 28 2 1 10000 0
K 0 0 46
A D 4 8
J B 21 2467 1 82 6913 1152 0
J N 7 2488 -28 8 1 0 0
K 0 14 45
K 0 0 45
K 0 0 43
K -1 0 45
K 2 0 45
K 0 0 60
K 0 28 60
A D 2 8
J N 7 2526 -7 4 3457 576 0
K 0 0 43
K 0 0 60
K 0 21 60
A D 2 8
J B 22 2568 1 82 6913 576 0
J N 7 2589 -14 7 1 0 0
K 0 0 45
K 0 0 43
K -1 0 45
K 2 0 45
K 0 0 60
K 0 21 60
A D 2 8
J N 7 2627 7 4 3457 576 0
K 0 0 43
K 0 0 60
K 0 21 60
A D 2 8
J B 23 2669 1 82 6913 576 0
J N 7 2690 0 4 1 0 0
K 0 0 43
K 0 0 60
K 0 21 60
A D 2 8
J N 7 2728 21 4 3457 576 0
K 0 0 43
K 0 0 60
K 0 21 60
A D 2 8
J B 24 2770 1 82 6913 576 0
J N 7 2791 14 4 1 0 0
K 0 0 43
K 0 0 60
K 0 21 60
A D 2 8
J N 6 2829 7 2 3457 576 1 2
K 0 0 43
A D 1 8
J N 6 2858 0 2 5185 288 1 2
K 0 0 43
A D 1 8
H 2 B 1 0 108 2 2 3
J B 25 2891 1 82 6913 288 0
J N 7 2912 -7 5 1 0 0
K 0 0 43
K 25 0 44
K 0 0 60
K 0 21 60
A D 3 8
J N 6 2958 -7 3 5185 864 0
K 0 0 43
K 0 0 54
A D 1 8
J B 26 2991 1 82 6913 288 0
J N 7 3012 -7 4 1 0 0
K 0 0 43
K 0 0 60
K 0 21 60
A D 2 8
J R 7 3050 28 2 3457 576 0
K 0 0 48
A D 2 8
J B 27 3092 1 82 6913 576 0
J R 9 3113 28 2 1 10000 0
K 0 0 46
A D 4 8
J B 28 3218 1 82 6913 1152 0
J R 7 3239 28 2 1 0 0
K 0 0 48
A D 2 8
J N 7 3277 21 5 3457 576 0
K 0 0 43
K 0 68 108
K 0 0 60
K 0 21 60
A D 2 8
J B 29 3319 1 82 6913 576 0
J N 7 3346 28 5 1 0 0
K -18 0 63
K 0 0 43
K 0 0 60
K 0 21 60
A D 2 8
J N 7 3384 21 4 3457 576 1 3
K 0 0 43
K 0 0 60
K 0 21 60
A D 2 8
J B 30 3426 1 82 6913 576 0
J N 7 3447 21 4 1 0 1 3
K 0 0 43
K 0 0 60
K 0 21 60
A D 2 8
H 3 T 21 0 0 0 0 0 1 0
J N 7 3491 28 5 3457 576 0
K -18 0 63
K 0 0 43
K 0 0 60
K 0 21 60
A D 2 8
J B 31 3533 1 82 6913 576 0
J N 7 3554 21 4 1 0 0
K 0 0 43
K 0 0 60
K 0 21 60
A D 2 8
J N 7 3592 -7 5 3457 576 0
K 0 0 43
K 0 92 110
K 0 0 60
K 0 21 60
A D 2 8
J B 32 3634 1 82 6913 576 0
J N 7 3655 -7 4 1 0 0
K 0 0 43
K 0 0 60
K 0 21 60
A D 2 8
J N 7 3693 -7 4 3457 576 0
K 0 0 43
K 0 0 60
K 0 21 60
A D 2 8
J B 33 3735 1 82 6913 576 0
J R 7 3756 28 2 1 0 0
K 0 0 48
A D 2 8
J N 7 3794 42 4 3457 576 0
K 0 0 43
K 0 0 59
K 0 -21 59
A D 2 8
J B 34 3836 1 82 6913 576 0
J N 7 3857 42 4 1 0 0
K 0 0 43
K 0 0 59
K 0 -21 59
A D 2 8
J N 7 3895 42 4 3457 576 0
K 0 0 43
K 0 0 59
K 0 -21 59
A D 2 8
J B 35 3937 1 82 6913 576 0
J R 7 3958 28 2 1 0 0
K 0 0 48
A D 2 8
J N 7 3996 -28 8 3457 576 0
K 0 14 45
K 0 0 45
K 0 0 43
K -1 0 45
K 2 0 45
K 0 0 60
K 0 28 60
A D 2 8
J B 36 4038 1 82 6913 576 0
J N 7 4059 -28 8 1 0 0
K 0 14 45
K 0 0 45
K 0 0 43
K -1 0 45
K 2 0 45
K 0 0 60
K 0 28 60
A D 2 8
J N 7 4097 -28 8 3457 576 0
K 0 14 45
K 0 0 45
K 0 0 43
K -1 0 45
K 2 0 45
K 0 0 60
K 0 28 60
A D 2 8
J B 37 4139 1 82 6913 576 0
J R 7 4160 28 2 1 0 0
K 0 0 48
A D 2 8
J N 7 4198 21 4 3457 576 0
K 0 0 43
K 0 0 60
K 0 21 60
A D 2 8
J B 38 4240 1 82 6913 576 0
J N 7 4261 21 4 1 0 0
K 0 0 43
K 0 0 60
K 0 21 60
A D 2 8
J N 7 4299 21 4 3457 576 0
K 0 0 43
K 0 0 60
K 0 21 60
A D 2 8
J B 39 4341 1 82 6913 576 0
J R 7 4362 28 2 1 0 0
K 0 0 48
A D 2 8
J N 7 4400 0 4 3457 576 0
K 0 0 43
K 0 0 60
K 0 21 60
A D 2 8
J B 40 4442 1 82 6913 576 0
J N 7 4463 0 5 1 0 0
K 0 0 43
K 24 -6 44
K 0 0 60
K 0 21 60
A D 3 8
J N 6 4509 -21 7 5185 864 0
K 0 7 45
K 0 0 43
K 0 7 45
K 1 7 45
K 0 0 60
K 0 0 54
A D 1 8
J B 41 4542 1 82 6913 288 0
J N 7 4563 -7 4 1 0 0
K 0 0 43
K 0 0 60
K 0 21 60
A D 2 8
J N 6 4601 -14 5 3457 576 1 4
K 0 0 45
K 0 0 43
K -1 0 45
K 2 0 45
A D 1 8
J N 6 4630 -21 5 5185 288 1 4
K 0 7 45
K 0 0 43
K 0 7 45
K 1 7 45
A D 1 8
H 4 B 1 0 108 2 2 3
J B 42 4663 1 82 6913 288 0
J N 7 4684 -28 9 1 0 0
K 0 14 45
K 0 0 45
K 0 0 43
K -1 0 45
K 2 0 45
K 24 -6 44
K 0 0 60
K 0 28 60
A D 3 8
J N 6 4730 -28 8 5185 864 0
K 0 14 45
K 0 0 45
K 0 0 43
K -1 0 45
K 2 0 45
K 0 0 60
K 0 7 54
A D 1 8
J B 43 4763 1 82 6913 288 0
J N 7 4784 -28 8 1 0 0
K 0 14 45
K 0 0 45
K 0 0 43
K -1 0 45
K 2 0 45
K 0 0 60
K 0 28 60
A D 2 8
J R 7 4822 28 2 3457 576 0
K 0 0 48
A D 2 8
J B 44 4864 1 82 6913 576 0
J R 9 4885 28 2 1 10000 0
K 0 0 46
A D 4 8
J B 45 4990 1 82 6913 1152 0
J R 7 5011 28 2 1 0 0
K 0 0 48
A D 2 8
J N 7 5049 0 4 3457 576 0
K 0 0 43
K 0 0 60
K 0 21 60
A D 2 8
J B 46 5091 1 82 6913 576 0
J N 7 5118 7 5 1 0 0
K -18 0 63
K 0 0 43
K 0 0 60
K 0 21 60
A D 2 8
J N 7 5156 0 4 3457 576 1 5
K 0 0 43
K 0 0 60
K 0 21 60
A D 2 8
J B 47 5198 1 82 6913 576 0
J N 7 5219 0 4 1 0 1 5
K 0 0 43
K 0 0 60
K 0 21 60
A D 2 8
H 5 T 0 0 0 0 0 0 5 0
J N 7 5263 7 5 3457 576 0
K -18 0 63
K 0 0 43
K 0 0 60
K 0 21 60
A D 2 8
J B 48 5305 1 82 6913 576 0
J N 7 5326 0 4 1 0 0
K 0 0 43
K 0 0 60
K 0 21 60
A D 2 8
J N 7 5364 21 5 3457 576 0
K 0 0 43
K 0 77 110
K 0 0 60
K 0 21 60
A D 2 8
J B 49 5406 1 82 6913 576 0
J N 7 5427 21 4 1 0 0
K 0 0 43
K 0 0 60
K 0 21 60
A D 2 8
J N 7 5465 21 4 3457 576 0
K 0 0 43
K 0 0 60
K 0 21 60
A D 2 8
J B 50 5507 1 82 6913 576 0
J R 7 5528 28 2 1 0 0
K 0 0 48
A D 2 8
J N 7 5566 21 4 3457 576 0
K 0 0 43
K 0 0 60
K 0 21 60
A D 2 8
J B 51 5608 1 82 6913 576 0
J N 7 5629 21 4 1 0 0
K 0 0 43
K 0 0 60
K 0 21 60
A D 2 8
J N 7 5667 21 4 3457 576 0
K 0 0 43
K 0 0 60
K 0 21 60
A D 2 8
J B 52 5709 1 82 6913 576 0
J N 7 5730 21 4 1 0 0
K 0 0 43
K 0 0 60
K 0 21 60
A D 2 8
J N 7 5768 21 4 3457 576 0
K 0 0 43
K 0 0 60
K 0 21 60
A D 2 8
J B 53 5810 1 82 6913 576 0
J N 7 5831 14 4 1 0 0
K 0 0 43
K 0 0 60
K 0 21 60
A D 2 8
J R 7 5869 28 2 3457 576 0
K 0 0 48
A D 2 8
J B 54 5911 1 82 6913 576 0
J N 7 5932 14 4 1 0 0
K 0 0 43
K 0 0 60
K 0 21 60
A D 2 8
J R 7 5970 28 2 3457 576 0
K 0 0 48
A D 2 8
J B 55 6012 1 82 6913 576 0
J N 7 6033 14 4 1 0 0
K 0 0 43
K 0 0 60
K 0 21 60
A D 2 8
J R 6 6071 28 2 3457 576 0
K 0 0 49
A D 1 8
J N 6 6110 0 4 5185 288 0
K -18 0 63
K 0 0 43
K 0 0 54
A D 1 8
J B 56 6143 1 82 6913 288 0
J N 7 6164 -7 4 1 0 0
K 0 0 43
K 0 0 60
K 0 21 60
A D 2 8
J R 6 6202 28 2 3457 576 0
K 0 0 49
A D 1 8
J N 6 6231 -7 3 5185 288 0
K 0 0 43
K 0 0 54
A D 1 8
J B 57 6264 1 82 6913 288 0
J N 7 6287 -14 8 1 0 0
K 0 0 45
K -14 0 64
K 0 0 43
K -1 0 45
K 2 0 45
K 0 0 60
K 0 21 60
A D 2 8
J R 6 6325 28 2 3457 576 0
K 0 0 49
A D 1 8
J N 6 6354 -14 6 5185 288 0
K 0 0 45
K 0 0 43
K -1 0 45
K 2 0 45
K 0 0 54
A D 1 8
J B 58 6387 1 82 6913 288 0
J N 7 6408 -21 7 1 0 0
K 0 7 45
K 0 0 43
K 0 7 45
K 1 7 45
K 0 0 60
K 0 21 60
A D 2 8
J N 6 6446 14 2 3457 576 1 6
K 0 0 43
A D 1 8
J N 6 6475 7 2 5185 288 1 6
K 0 0 43
A D 1 8
H 6 B 1 0 108 2 2 3
J B 59 6508 1 82 6913 288 0
J N 7 6529 14 4 1 0 0
K 0 0 43
K 0 0 60
K 0 21 60
A D 2 8
J N 7 6567 14 4 3457 576 0
K 0 0 43
K 0 0 60
K 0 21 60
A D 2 8
J B 60 6609 1 82 6913 576 0
J N 7 6630 14 4 1 0 0
K 0 0 43
K 0 0 60
K 0 21 60
A D 2 8
J R 6 6668 28 2 3457 576 0
K 0 0 49
A D 1 8
J N 6 6707 0 5 5185 288 0
K -18 0 63
K 0 0 43
K 0 79 108
K 0 0 54
A D 1 8
J B 61 6740 1 82 6913 288 0
J N 7 6761 -7 4 1 0 0
K 0 0 43
K 0 0 60
K 0 21 60
A D 2 8
J R 6 6799 28 2 3457 576 0
K 0 0 49
A D 1 8
J N 6 6828 -7 3 5185 288 0
K 0 0 43
K 0 0 54
A D 1 8
J B 62 6861 1 82 6913 288 0
J N 7 6884 -14 8 1 0 0
K 0 0 45
K -14 0 64
K 0 0 43
K -1 0 45
K 2 0 45
K 0 0 60
K 0 21 60
A D 2 8
J R 6 6922 28 2 3457 576 0
K 0 0 49
A D 1 8
J N 6 6951 -14 6 5185 288 0
K 0 0 45
K 0 0 43
K -1 0 45
K 2 0 45
K 0 0 54
A D 1 8
J B 63 6984 1 82 6913 288 0
J N 7 7005 -21 7 1 0 0
K 0 7 45
K 0 0 43
K 0 7 45
K 1 7 45
K 0 0 60
K 0 21 60
A D 2 8
J N 6 7043 14 2 3457 576 1 7
K 0 0 43
A D 1 8
J N 6 7072 7 2 5185 288 1 7
K 0 0 43
A D 1 8
H 7 B 1 0 108 2 2 3
J B 64 7105 1 82 6913 288 0
J N 7 7126 14 4 1 0 0
K 0 0 43
K 0 0 60
K 0 21 60
A D 2 8
J N 7 7164 14 4 3457 576 0
K 0 0 43
K 0 0 60
K 0 21 60
A D 2 8
J B 65 7206 1 82 6913 576 0
J N 8 7227 14 4 1 0 0
K 0 0 42
K 0 0 60
K 0 21 60
A D 4 8
J B 66 7284 1 82 6913 1152 0
J R 9 7305 28 2 1 10000 0
K 0 0 46
A D 4 8
J B 67 7410 1 82 6913 1152 0
J R 9 7431 28 2 1 10000 0
K 0 0 46
A D 4 8
J B 68 7536 1 82 6913 1152 0
J R 9 7557 28 2 1 10000 0
K 0 0 46
A D 4 8
J B 69 7662 1 82 6913 1152 0
J R 9 7683 28 2 1 10000 0
K 0 0 46
A D 4 8
J B 70 7788 1 82 6913 1152 0
J N 7 7809 -21 10 1 0 0
K 0 7 45
K 0 0 43
K 0 7 45
K 1 7 45
K -11 107 195
K 0 112 253
K 22 107 196
K 0 0 60
K 0 21 60
A D 2 8
J N 7 7847 -21 7 3457 576 0
K 0 7 45
K 0 0 43
K 0 7 45
K 1 7 45
K 0 0 60
K 0 21 60
A D 2 8
J B 71 7889 1 82 6913 576 0
J N 7 7910 -21 8 1 0 0
K 0 7 45
K 0 0 43
K 0 7 45
K 1 7 45
K 25 0 44
K 0 0 60
K 0 21 60
A D 3 8
J N 6 7956 -21 7 5185 864 0
K 0 7 45
K 0 0 43
K 0 7 45
K 1 7 45
K 0 0 60
K 0 0 54
A D 1 8
J B 72 7989 1 82 6913 288 0
J N 7 8010 -7 4 1 0 0
K 0 0 43
K 0 0 60
K 0 21 60
A D 2 8
J N 7 8048 0 4 3457 576 0
K 0 0 43
K 0 0 60
K 0 21 60
A D 2 8
J B 73 8090 1 82 6913 576 0
J N 8 8111 0 4 1 0 0
K 0 0 42
K 0 0 60
K 0 21 60
A D 4 8
J B 74 8168 1 82 6913 1152 0
J N 7 8189 28 4 1 0 0
K 0 0 43
K 0 0 60
K 0 21 60
A D 2 8
J N 7 8227 7 4 3457 576 0
K 0 0 43
K 0 0 60
K 0 21 60
A D 2 8
J B 75 8269 1 82 6913 576 0
J N 7 8290 21 4 1 0 0
K 0 0 43
K 0 0 60
K 0 21 60
A D 2 8
J R 6 8328 28 2 3457 576 0
K 0 0 49
A D 1 8
J N 6 8357 0 3 5185 288 0
K 0 0 43
K 0 0 54
A D 1 8
J B 76 8390 1 82 6913 288 0
J N 6 8411 -7 2 1 0 1 8
K 0 0 43
A D 1 8
J N 6 8440 7 2 1729 288 1 8
K 0 0 43
A D 1 8
H 8 B 1 0 108 2 2 3
J N 7 8469 0 4 3457 288 0
K 0 0 43
K 0 0 60
K 0 21 60
A D 2 8
J B 77 8511 1 82 6913 576 0
J N 8 8532 14 4 1 0 0
K 0 0 42
K 0 0 60
K 0 21 60
A D 4 8
J B 78 8589 1 82 6913 1152 0
J R 9 8610 28 2 1 10000 0
K 0 0 46
A D 4 8
J B 79 8715 1 82 6913 1152 0
J N 7 8736 -14 7 1 0 0
K 0 0 45
K 0 0 43
K -1 0 45
K 2 0 45
K 0 0 60
K 0 21 60
A D 2 8
J N 7 8774 7 4 3457 576 0
K 0 0 43
K 0 0 60
K 0 21 60
A D 2 8
J B 80 8816 1 82 6913 576 0
J R 9 8837 28 2 1 10000 0
K 0 0 46
A D 4 8
J B 81 8942 1 82 6913 1152 0
J N 7 8963 -21 7 1 0 0
K 0 7 45
K 0 0 43
K 0 7 45
K 1 7 45
K 0 0 60
K 0 21 60
A D 2 8
J N 7 9001 0 4 3457 576 0
K 0 0 43
K 0 0 60
K 0 21 60
A D 2 8
J B 82 9043 1 82 6913 576 0
J R 9 9064 28 2 1 10000 0
K 0 0 46
A D 4 8
J B 83 9169 1 82 6913 1152 0
J N 7 9190 21 4 1 0 0
K 0 0 43
K 0 0 60
K 0 21 60
A D 2 8
J N 7 9228 7 4 3457 576 0
K 0 0 43
K 0 0 60
K 0 21 60
A D 2 8
J B 84 9270 1 82 6913 576 0
J N 8 9291 28 4 1 0 0
K 0 0 42
K 0 0 60
K 0 21 60
A D 4 8
J B 85 9348 1 82 6913 1152 0
J N 7 9369 28 4 1 0 0
K 0 0 43
K 0 0 60
K 0 21 60
A D 2 8
J R 7 9407 28 2 3457 576 0
K 0 0 48
A D 2 8
J B 86 9449 1 82 6913 576 0
J R 9 9470 28 2 1 10000 0
K 0 0 46
A D 4 8
J B 87 9575 1 82 6913 1152 0
J R 9 9596 28 2 1 10000 0
K 0 0 46
A D 4 8
J B 88 9701 1 82 6913 1152 0
J R 9 9722 28 2 1 10000 0
K 0 0 46
A D 4 8
J B 89 9827 1 82 6913 1152 0
J R 7 9848 28 2 1 0 0
K 0 0 48
A D 2 8
J N 7 9886 -14 7 3457 576 0
K 0 0 45
K 0 0 43
K -1 0 45
K 2 0 45
K 0 0 60
K 0 21 60
A D 2 8
J B 90 9928 1 82 6913 576 0
J N 7 9949 0 4 1 0 0
K 0 0 43
K 0 0 60
K 0 21 60
A D 2 8
J N 6 9987 -21 5 3457 576 1 9
K 0 7 45
K 0 0 43
K 0 7 45
K 1 7 45
A D 1 8
J N 6 10016 -28 6 5185 288 1 9
K 0 14 45
K 0 0 45
K 0 0 43
K -1 0 45
K 2 0 45
A D 1 8
H 9 B 1 0 108 2 2 3
J B 91 10049 1 82 6913 288 0
J N 7 10070 -21 8 1 0 0
K 0 7 45
K 0 0 43
K 0 7 45
K 1 7 45
K 25 0 44
K 0 0 60
K 0 21 60
A D 3 8
J N 6 10116 -21 7 5185 864 0
K 0 7 45
K 0 0 43
K 0 7 45
K 1 7 45
K 0 0 60
K 0 0 54
A D 1 8
J B 92 10149 1 82 6913 288 0
J N 7 10170 -7 4 1 0 0
K 0 0 43
K 0 0 60
K 0 21 60
A D 2 8
J R 7 10208 28 2 3457 576 0
K 0 0 48
A D 2 8
J B 93 10250 1 82 6913 576 0
J N 7 10271 14 4 1 0 0
K 0 0 43
K 0 0 60
K 0 21 60
A D 2 8
J R 7 10309 28 2 3457 576 0
K 0 0 48
A D 2 8
J B 94 10351 1 82 6913 576 0
J N 7 10372 7 4 1 0 0
K 0 0 43
K 0 0 60
K 0 21 60
A D 2 8
J R 7 10410 28 2 3457 576 0
K 0 0 48
A D 2 8
J B 95 10452 1 82 6913 576 0
J N 7 10473 0 4 1 0 0
K 0 0 43
K 0 0 60
K 0 21 60
A D 2 8
J R 7 10511 28 2 3457 576 0
K 0 0 48
A D 2 8
J B 96 10553 1 82 6913 576 0
J N 7 10574 -14 7 1 0 0
K 0 0 45
K 0 0 43
K -1 0 45
K 2 0 45
K 0 0 60
K 0 21 60
A D 2 8
J N 7 10612 21 4 3457 576 0
K 0 0 43
K 0 0 60
K 0 21 60
A D 2 8
J B 97 10654 1 82 6913 576 0
J N 7 10675 0 4 1 0 0
K 0 0 43
K 0 0 60
K 0 21 60
A D 2 8
J N 6 10713 28 2 3457 576 1 10
K 0 0 43
A D 1 8
J N 6 10742 21 2 5185 288 1 10
K 0 0 43
A D 1 8
H 10 B 1 0 108 2 2 3
J B 98 10775 1 82 6913 288 0
J N 7 10796 28 5 1 0 0
K 0 0 43
K 24 -6 44
K 0 0 60
K 0 21 60
A D 3 8
J N 6 10842 28 3 5185 864 0
K 0 0 43
K 0 0 54
A D 1 8
J B 99 10875 1 82 6913 288 0
J N 7 10896 42 4 1 0 0
K 0 0 43
K 0 0 59
K 0 -21 59
A D 2 8
J R 7 10934 28 2 3457 576 0
K 0 0 48
A D 2 8
J B 100 10976 1 82 6913 576 0
J N 7 10997 14 5 1 0 0
K 0 0 43
K 0 70 108
K 0 0 60
K 0 21 60
A D 2 8
J R 7 11035 28 2 3457 576 0
K 0 0 48
A D 2 8
J B 101 11077 1 82 6913 576 0
J N 7 11098 7 4 1 0 0
K 0 0 43
K 0 0 60
K 0 21 60
A D 2 8
J R 7 11136 28 2 3457 576 0
K 0 0 48
A D 2 8
J B 102 11178 1 82 6913 576 0
J N 7 11199 0 4 1 0 0
K 0 0 43
K 0 0 60
K 0 21 60
A D 2 8
J R 7 11237 28 2 3457 576 0
K 0 0 48
A D 2 8
J B 103 11279 1 82 6913 576 0
J N 7 11300 -14 7 1 0 0
K 0 0 45
K 0 0 43
K -1 0 45
K 2 0 45
K 0 0 60
K 0 21 60
A D 2 8
J N 7 11338 21 5 3457 576 0
K 0 0 43
K 0 77 110
K 0 0 60
K 0 21 60
A D 2 8
J B 104 11380 1 82 6913 576 0
J N 7 11401 0 4 1 0 0
K 0 0 43
K 0 0 60
K 0 21 60
A D 2 8
J N 6 11439 28 2 3457 576 1 11
K 0 0 43
A D 1 8
J N 6 11468 21 2 5185 288 1 11
K 0 0 43
A D 1 8
H 11 B 1 0 108 2 2 3
J B 105 11501 1 82 6913 288 0
J N 7 11522 28 5 1 0 0
K 0 0 43
K 24 -6 44
K 0 0 60
K 0 21 60
A D 3 8
J N 6 11568 28 3 5185 864 0
K 0 0 43
K 0 0 54
A D 1 8
J B 106 11601 1 82 6913 288 0
J N 7 11622 42 4 1 0 0
K 0 0 43
K 0 0 59
K 0 -21 59
A D 2 8
J N 7 11660 7 4 3457 576 0
K 0 0 43
K 0 0 60
K 0 21 60
A D 2 8
J B 107 11702 1 82 6913 576 0
J N 7 11723 28 4 1 0 0
K 0 0 43
K 0 0 60
K 0 21 60
A D 2 8
J R 6 11761 28 2 3457 576 0
K 0 0 49
A D 1 8
J N 6 11790 7 3 5185 288 0
K 0 0 43
K 0 0 54
A D 1 8
J B 108 11823 1 82 6913 288 0
J N 7 11844 7 4 1 0 0
K 0 0 43
K 0 0 60
K 0 21 60
A D 2 8
J N 6 11882 42 2 3457 576 1 12
K 0 0 43
A D 1 8
J N 6 11911 35 2 5185 288 1 12
K 0 0 43
A D 1 8
H 12 B 0 0 108 2 2 3
J B 109 11944 1 82 6913 288 0
J N 7 11965 28 5 1 0 0
K 0 0 43
K 24 -6 44
K 0 0 60
K 0 21 60
A D 3 8
J N 6 12011 28 3 5185 864 0
K 0 0 43
K 0 0 54
A D 1 8
J B 110 12044 1 82 6913 288 0
J N 8 12065 42 4 1 0 0
K 0 0 42
K 0 0 59
K 0 -21 59
A D 4 8
J B 0 12145 6 4 6913 1152 0
K -23 21 44
K -23 35 44
K -13 0 82
K -6 0 84
J M 0 12145 0 0 10000 0 0
