X 46 1200C 120 III.        
S 0 500 240 1750 1066 7 "[...][....]"        
L 0 0 0 0 0 * 0 14 0        
J D 0 -300 21 2 6913 0 0        
W 0 0 39 Violino 1        
W 0 42 33 concertino        
J D 1 75 -37 1 6913 0 0        
W 0 -56 0 (44) III.:  Violino 1 concertino        
J C 4 5 42 2 6913 0 0        
K 0 0 33        
K 0 0 34        
J K -1 57 0 1 6913 0 0        
K 0 28 65        
J D 5 86 -42 1 6913 0 0        
W 0 0 37 Adagio        
J T 304 95 0 2 6913 0 0        
K -10 28 74        
K -10 56 75        
J R 7 137 28 2 1 0 0        
K 0 0 48        
A D 1 4        
J R 7 204 28 2 2305 576 0        
K 0 0 48        
A D 1 4        
J N 7 271 14 4 4609 576 0        
K 0 0 43        
K 0 0 60        
K 0 21 60        
A D 1 4        
J B 2 340 1 82 6913 576 0        
J N 8 364 7 6 1 0 0        
K -15 0 65        
K 0 0 42        
K 25 0 44        
K 0 0 60        
K 0 21 60        
A D 3 4        
J B 3 460 1 82 6913 1728 0        
J R 7 481 28 2 1 0 0        
K 0 0 48        
A D 1 4        
J R 7 548 28 2 2305 576 0        
K 0 0 48        
A D 1 4        
J N 7 615 14 4 4609 576 0        
K 0 0 43        
K 0 0 60        
K 0 21 60        
A D 1 4        
J B 4 684 1 82 6913 576 0        
J N 8 707 28 6 1 0 0        
K -14 0 64        
K 0 0 42        
K 24 -6 44        
K 0 0 60        
K 0 21 60        
A D 3 4        
J B 5 802 1 82 6913 1728 0        
J R 7 823 28 2 1 0 0        
K 0 0 48        
A D 1 4        
J R 7 889 28 2 2305 576 0        
K 0 0 48        
A D 1 4        
J N 7 957 21 4 4609 576 0        
K 0 0 43        
K 0 0 60        
K 0 21 60        
A D 1 4        
J B 6 1025 1 82 6913 576 0        
J N 8 1046 14 5 1 0 0        
K 0 0 42        
K 24 -6 44        
K 0 0 60        
K 0 21 60        
A D 3 4        
J B 7 1141 1 82 6913 1728 0        
J R 7 1162 28 2 1 0 0        
K 0 0 48        
A D 1 4        
J R 7 1228 28 2 2305 576 0        
K 0 0 48        
A D 1 4        
J N 7 1300 7 5 4609 576 0        
K -15 0 65        
K 0 0 43        
K 0 0 60        
K 0 21 60        
A D 1 4        
J B 8 1368 1 82 6913 576 0        
J N 8 1391 14 4 1 0 0        
K 0 0 42        
K 0 0 60        
K 0 21 60        
A D 2 4        
J N 8 1470 28 4 2305 1152 0        
K 0 0 42        
K 0 0 60        
K 0 21 60        
A D 2 4        
J N 8 1549 21 4 4609 1152 0        
K 0 0 42        
K 0 0 60        
K 0 21 60        
A D 2 4        
J B 10 1628 1 82 6913 1152 0        
J N 8 1655 14 5 1 0 0        
K 0 0 42        
K 24 -6 44        
K 0 0 60        
K 0 21 60        
A D 3 4        
J B 0 1750 5 2 6913 1728 0        
K -8 0 82        
K 0 0 82        
E *        
L 160 0 0 0 0 * 0 14 0        
J D 0 -300 21 2 6913 0 0        
W 0 0 39 Violino 2        
W 0 42 33 concertino        
J D 1 75 -37 1 6913 0 0        
W 0 -56 0 (44) III.:  Violino 2 concertino        
J C 4 5 42 2 6913 0 0        
K 0 0 33        
K 0 0 34        
J K -1 57 0 1 6913 0 0        
K 0 28 65        
J D 5 86 -42 1 6913 0 0        
W 0 0 0 (37) Adagio        
J T 304 95 0 2 6913 0 0        
K -10 28 74        
K -10 56 75        
J R 7 137 28 2 1 0 0        
K 0 0 48        
A D 1 4        
J R 7 204 28 2 2305 576 0        
K 0 0 48        
A D 1 4        
J N 7 271 28 4 4609 576 0        
K 0 0 43        
K 0 0 60        
K 0 21 60        
A D 1 4        
J B 2 340 1 82 6913 576 0        
J N 8 364 21 5 1 0 0        
K 0 0 42        
K 25 0 44        
K 0 0 60        
K 0 21 60        
A D 3 4        
J B 3 460 1 82 6913 1728 0        
J R 7 481 28 2 1 0 0        
K 0 0 48        
A D 1 4        
J R 7 548 28 2 2305 576 0        
K 0 0 48        
A D 1 4        
J N 7 615 28 4 4609 576 0        
K 0 0 43        
K 0 0 60        
K 0 21 60        
A D 1 4        
J B 4 684 1 82 6913 576 0        
J N 8 707 14 5 1 0 0        
K 0 0 42        
K 24 -6 44        
K 0 0 60        
K 0 21 60        
A D 3 4        
J B 5 802 1 82 6913 1728 0        
J R 7 823 28 2 1 0 0        
K 0 0 48        
A D 1 4        
J R 7 889 28 2 2305 576 0        
K 0 0 48        
A D 1 4        
J N 7 957 42 4 4609 576 0        
K 0 0 43        
K 0 0 59        
K 0 -21 59        
A D 1 4        
J B 6 1025 1 82 6913 576 0        
J N 8 1046 42 5 1 0 0        
K 0 0 42        
K 24 -6 44        
K 0 0 59        
K 0 -21 59        
A D 3 4        
J B 7 1141 1 82 6913 1728 0        
J R 7 1162 28 2 1 0 0        
K 0 0 48        
A D 1 4        
J R 7 1228 28 2 2305 576 0        
K 0 0 48        
A D 1 4        
J N 7 1300 42 4 4609 576 0        
K 0 0 43        
K 0 0 59        
K 0 -21 59        
A D 1 4        
J B 8 1368 1 82 6913 576 0        
J N 8 1391 35 4 1 0 0        
K 0 0 42        
K 0 0 59        
K 0 -21 59        
A D 2 4        
J N 8 1470 63 4 2305 1152 0        
K 0 0 42        
K 0 0 59        
K 0 -21 59        
A D 2 4        
J N 8 1549 42 4 4609 1152 0        
K 0 0 42        
K 0 0 59        
K 0 -21 59        
A D 2 4        
J B 10 1628 1 82 6913 1152 0        
J N 8 1655 49 6 1 0 0        
K -18 0 63        
K 0 0 42        
K 25 0 44        
K 0 0 59        
K 0 -21 59        
A D 3 4        
J B 0 1750 5 2 6913 1728 0        
K -8 0 82        
K 0 0 82        
E *        
L 320 0 0 0 0 * 0 14 0        
J D 0 -300 21 2 6913 0 0        
W 0 0 39 Violoncello        
W 0 42 33 concertino        
J D 1 75 -37 1 6913 0 0        
W 0 -56 0 (44) III.:  Violoncello concertino        
J C 22 5 14 36 6913 0 0        
J K -1 57 0 1 6913 0 0        
K 0 42 65        
J D 5 86 -42 1 6913 0 0        
W 0 0 0 (37) Adagio        
J T 304 95 0 2 6913 0 0        
K -10 28 74        
K -10 56 75        
J R 7 137 28 2 1 0 0        
K 0 0 48        
A D 1 4        
J R 7 204 28 2 2305 576 0        
K 0 0 48        
A D 1 4        
J N 7 271 7 4 4609 576 0        
K 0 0 43        
K 0 0 60        
K 0 21 60        
A D 1 4        
J B 2 340 1 82 6913 576 0        
J F 0 364 98 3 1 0 0        
K 0 0 206        
K 15 0 219        
K 0 21 204        
J N 8 364 14 6 1 0 0        
K -18 0 63        
K 0 0 42        
K 24 -6 44        
K 0 0 60        
K 0 21 60        
A D 3 4        
J B 3 460 1 82 6913 1728 0        
J R 7 481 28 2 1 0 0        
K 0 0 48        
A D 1 4        
J R 7 548 28 2 2305 576 0        
K 0 0 48        
A D 1 4        
J N 7 615 7 4 4609 576 0        
K 0 0 43        
K 0 0 60        
K 0 21 60        
A D 1 4        
J B 4 684 1 82 6913 576 0        
J F 0 707 98 3 1 0 0        
K 0 0 203        
K 15 0 218        
K 0 21 201        
J N 8 707 14 6 1 0 0        
K -14 0 64        
K 0 0 42        
K 24 -6 44        
K 0 0 60        
K 0 21 60        
A D 3 4        
J B 5 802 1 82 6913 1728 0        
J R 7 823 28 2 1 0 0        
K 0 0 48        
A D 1 4        
J R 7 889 28 2 2305 576 0        
K 0 0 48        
A D 1 4        
J F 0 957 98 1 4609 576 0        
K 0 0 205        
J N 7 957 21 5 4609 0 0        
K -15 0 65        
K 0 0 43        
K 0 0 60        
K 0 21 60        
A D 1 4        
J B 6 1025 1 82 6913 576 0        
J F 0 1046 98 1 1 0 0        
K 0 0 205        
J N 8 1046 42 6 1 0 0        
K -14 0 64        
K 0 0 42        
K 24 -6 44        
K 0 0 59        
K 0 -21 59        
A D 3 4        
J B 7 1141 1 82 6913 1728 0        
J R 7 1162 28 2 1 0 0        
K 0 0 48        
A D 1 4        
J R 7 1228 28 2 2305 576 0        
K 0 0 48        
A D 1 4        
J F 0 1300 98 1 4609 576 0        
K 0 0 219        
J N 7 1300 -14 7 4609 0 0        
K 0 0 45        
K 0 0 43        
K -1 0 45        
K 2 0 45        
K 0 0 60        
K 0 21 60        
A D 1 4        
J B 8 1368 1 82 6913 576 0        
J F 0 1391 98 2 1 0 0        
K 0 0 205        
K 0 21 204        
J N 8 1391 14 5 1 0 0        
K -18 0 63        
K 0 0 42        
K 0 0 60        
K 0 21 60        
A D 2 4        
J N 8 1470 7 4 2305 1152 0        
K 0 0 42        
K 0 0 60        
K 0 21 60        
A D 2 4        
J F 0 1549 98 1 4609 1152 0        
K 0 0 205        
J N 8 1549 21 5 4609 0 0        
K -15 0 65        
K 0 0 42        
K 0 0 60        
K 0 21 60        
A D 2 4        
J B 10 1628 1 82 6913 1152 0        
J F 0 1655 98 1 1 0 0        
K 0 0 213        
J N 8 1655 28 5 1 0 0        
K 0 0 42        
K 24 -6 44        
K 0 0 60        
K 0 21 60        
A D 3 4        
J B 0 1750 5 2 6913 1728 0        
K -8 0 82        
K 0 0 82        
E *        
L 530 0 0 0 0 * 0 14 0        
J D 0 -300 21 2 6913 0 0        
W 0 0 39 Violino 1        
W 0 42 33 concerto grosso        
J D 1 75 -37 1 6913 0 0        
W 0 -56 0 (44) III.:  Violino 1 concerto grosso        
J C 4 5 42 2 6913 0 0        
K 0 0 33        
K 0 0 34        
J K -1 57 0 1 6913 0 0        
K 0 28 65        
J D 5 86 -42 1 6913 0 0        
W 0 0 0 (37) Adagio        
J T 304 95 0 2 6913 0 0        
K -10 28 74        
K -10 56 75        
J R 7 137 28 2 1 0 0        
K 0 0 48        
A D 1 4        
J R 7 204 28 2 2305 576 0        
K 0 0 48        
A D 1 4        
J N 7 271 14 4 4609 576 0        
K 0 0 43        
K 0 0 60        
K 0 21 60        
A D 1 4        
J B 2 340 1 82 6913 576 0        
J N 8 364 7 6 1 0 0        
K -15 0 65        
K 0 0 42        
K 25 0 44        
K 0 0 60        
K 0 21 60        
A D 3 4        
J B 3 460 1 82 6913 1728 0        
J R 7 481 28 2 1 0 0        
K 0 0 48        
A D 1 4        
J R 7 548 28 2 2305 576 0        
K 0 0 48        
A D 1 4        
J N 7 615 14 4 4609 576 0        
K 0 0 43        
K 0 0 60        
K 0 21 60        
A D 1 4        
J B 4 684 1 82 6913 576 0        
J N 8 707 28 6 1 0 0        
K -14 0 64        
K 0 0 42        
K 24 -6 44        
K 0 0 60        
K 0 21 60        
A D 3 4        
J B 5 802 1 82 6913 1728 0        
J R 7 823 28 2 1 0 0        
K 0 0 48        
A D 1 4        
J R 7 889 28 2 2305 576 0        
K 0 0 48        
A D 1 4        
J N 7 957 21 4 4609 576 0        
K 0 0 43        
K 0 0 60        
K 0 21 60        
A D 1 4        
J B 6 1025 1 82 6913 576 0        
J N 8 1046 14 5 1 0 0        
K 0 0 42        
K 24 -6 44        
K 0 0 60        
K 0 21 60        
A D 3 4        
J B 7 1141 1 82 6913 1728 0        
J R 7 1162 28 2 1 0 0        
K 0 0 48        
A D 1 4        
J R 7 1228 28 2 2305 576 0        
K 0 0 48        
A D 1 4        
J N 7 1300 7 5 4609 576 0        
K -15 0 65        
K 0 0 43        
K 0 0 60        
K 0 21 60        
A D 1 4        
J B 8 1368 1 82 6913 576 0        
J N 8 1391 14 4 1 0 0        
K 0 0 42        
K 0 0 60        
K 0 21 60        
A D 2 4        
J N 8 1470 28 4 2305 1152 0        
K 0 0 42        
K 0 0 60        
K 0 21 60        
A D 2 4        
J N 8 1549 21 4 4609 1152 0        
K 0 0 42        
K 0 0 60        
K 0 21 60        
A D 2 4        
J B 10 1628 1 82 6913 1152 0        
J N 8 1655 14 5 1 0 0        
K 0 0 42        
K 24 -6 44        
K 0 0 60        
K 0 21 60        
A D 3 4        
J B 0 1750 5 2 6913 1728 0        
K -8 0 82        
K 0 0 82        
E *        
L 690 0 0 0 0 * 0 14 0        
J D 0 -300 21 2 6913 0 0        
W 0 0 39 Violino 2        
W 0 42 33 concerto grosso        
J D 1 75 -37 1 6913 0 0        
W 0 -56 0 (44) III.:  Violino 2 concerto grosso        
J C 4 5 42 2 6913 0 0        
K 0 0 33        
K 0 0 34        
J K -1 57 0 1 6913 0 0        
K 0 28 65        
J D 5 86 -42 1 6913 0 0        
W 0 0 0 (37) Adagio        
J T 304 95 0 2 6913 0 0        
K -10 28 74        
K -10 56 75        
J R 7 137 28 2 1 0 0        
K 0 0 48        
A D 1 4        
J R 7 204 28 2 2305 576 0        
K 0 0 48        
A D 1 4        
J N 7 271 28 4 4609 576 0        
K 0 0 43        
K 0 0 60        
K 0 21 60        
A D 1 4        
J B 2 340 1 82 6913 576 0        
J N 8 364 21 5 1 0 0        
K 0 0 42        
K 25 0 44        
K 0 0 60        
K 0 21 60        
A D 3 4        
J B 3 460 1 82 6913 1728 0        
J R 7 481 28 2 1 0 0        
K 0 0 48        
A D 1 4        
J R 7 548 28 2 2305 576 0        
K 0 0 48        
A D 1 4        
J N 7 615 28 4 4609 576 0        
K 0 0 43        
K 0 0 60        
K 0 21 60        
A D 1 4        
J B 4 684 1 82 6913 576 0        
J N 8 707 14 5 1 0 0        
K 0 0 42        
K 24 -6 44        
K 0 0 60        
K 0 21 60        
A D 3 4        
J B 5 802 1 82 6913 1728 0        
J R 7 823 28 2 1 0 0        
K 0 0 48        
A D 1 4        
J R 7 889 28 2 2305 576 0        
K 0 0 48        
A D 1 4        
J N 7 957 42 4 4609 576 0        
K 0 0 43        
K 0 0 59        
K 0 -21 59        
A D 1 4        
J B 6 1025 1 82 6913 576 0        
J N 8 1046 42 5 1 0 0        
K 0 0 42        
K 24 -6 44        
K 0 0 59        
K 0 -21 59        
A D 3 4        
J B 7 1141 1 82 6913 1728 0        
J R 7 1162 28 2 1 0 0        
K 0 0 48        
A D 1 4        
J R 7 1228 28 2 2305 576 0        
K 0 0 48        
A D 1 4        
J N 7 1300 42 4 4609 576 0        
K 0 0 43        
K 0 0 59        
K 0 -21 59        
A D 1 4        
J B 8 1368 1 82 6913 576 0        
J N 8 1391 35 4 1 0 0        
K 0 0 42        
K 0 0 59        
K 0 -21 59        
A D 2 4        
J N 8 1470 63 4 2305 1152 0        
K 0 0 42        
K 0 0 59        
K 0 -21 59        
A D 2 4        
J N 8 1549 42 4 4609 1152 0        
K 0 0 42        
K 0 0 59        
K 0 -21 59        
A D 2 4        
J B 10 1628 1 82 6913 1152 0        
J N 8 1655 49 6 1 0 0        
K -18 0 63        
K 0 0 42        
K 25 0 44        
K 0 0 59        
K 0 -21 59        
A D 3 4        
J B 0 1750 5 2 6913 1728 0        
K -8 0 82        
K 0 0 82        
E *        
L 850 0 0 0 0 * 0 14 0        
J D 0 -300 42 1 6913 0 0        
W 0 0 39 Viola        
J D 1 75 -37 1 6913 0 0        
W 0 -56 0 (44) III.:  Viola        
J C 13 5 28 35 6913 0 0        
J K -1 57 0 1 6913 0 0        
K 0 35 65        
J D 5 86 -42 1 6913 0 0        
W 0 0 0 (37) Adagio        
J T 304 95 0 2 6913 0 0        
K -10 28 74        
K -10 56 75        
J R 7 137 28 2 1 0 0        
K 0 0 48        
A D 1 4        
J R 7 204 28 2 2305 576 0        
K 0 0 48        
A D 1 4        
J N 7 271 -7 4 4609 576 0        
K 0 0 43        
K 0 0 60        
K 0 21 60        
A D 1 4        
J B 2 340 1 82 6913 576 0        
J N 8 364 -7 5 1 0 0        
K 0 0 42        
K 25 0 44        
K 0 0 60        
K 0 21 60        
A D 3 4        
J B 3 460 1 82 6913 1728 0        
J R 7 481 28 2 1 0 0        
K 0 0 48        
A D 1 4        
J R 7 548 28 2 2305 576 0        
K 0 0 48        
A D 1 4        
J N 7 615 0 4 4609 576 0        
K 0 0 43        
K 0 0 60        
K 0 21 60        
A D 1 4        
J B 4 684 1 82 6913 576 0        
J N 8 707 0 5 1 0 0        
K 0 0 42        
K 24 -6 44        
K 0 0 60        
K 0 21 60        
A D 3 4        
J B 5 802 1 82 6913 1728 0        
J R 7 823 28 2 1 0 0        
K 0 0 48        
A D 1 4        
J R 7 889 28 2 2305 576 0        
K 0 0 48        
A D 1 4        
J N 7 957 0 4 4609 576 0        
K 0 0 43        
K 0 0 60        
K 0 21 60        
A D 1 4        
J B 6 1025 1 82 6913 576 0        
J N 8 1046 0 5 1 0 0        
K 0 0 42        
K 24 -6 44        
K 0 0 60        
K 0 21 60        
A D 3 4        
J B 7 1141 1 82 6913 1728 0        
J R 7 1162 28 2 1 0 0        
K 0 0 48        
A D 1 4        
J R 7 1228 28 2 2305 576 0        
K 0 0 48        
A D 1 4        
J N 7 1300 -21 7 4609 576 0        
K 0 7 45        
K 0 0 43        
K 0 7 45        
K 1 7 45        
K 0 0 60        
K 0 21 60        
A D 1 4        
J B 8 1368 1 82 6913 576 0        
J N 8 1391 -21 7 1 0 0        
K 0 7 45        
K 0 0 42        
K 0 7 45        
K 1 7 45        
K 0 0 60        
K 0 21 60        
A D 2 4        
J N 8 1470 -14 7 2305 1152 0        
K 0 0 45        
K 0 0 42        
K -1 0 45        
K 2 0 45        
K 0 0 60        
K 0 21 60        
A D 2 4        
J N 8 1549 14 5 4609 1152 0        
K -15 0 65        
K 0 0 42        
K 0 0 60        
K 0 21 60        
A D 2 4        
J B 10 1628 1 82 6913 1152 0        
J N 8 1655 42 6 1 0 0        
K -14 0 64        
K 0 0 42        
K 24 -6 44        
K 0 0 59        
K 0 -21 59        
A D 3 4        
J B 0 1750 5 2 6913 1728 0        
K -8 0 82        
K 0 0 82        
E *        
L 1010 0 0 0 0 * 0 14 0        
J D 0 -300 21 2 6913 0 0        
W 0 0 39 Basso    
W 0 42 33 concerto grosso        
J D 1 75 -37 1 6913 0 0        
W 0 -56 0 (44) III.:  Basso concerto grosso        
J C 22 5 14 36 6913 0 0        
J K -1 57 0 1 6913 0 0        
K 0 42 65        
J D 5 86 -42 1 6913 0 0        
W 0 0 0 (37) Adagio        
J T 304 95 0 2 6913 0 0        
K -10 28 74        
K -10 56 75        
J R 7 137 28 2 1 0 0        
K 0 0 48        
A D 1 4        
J R 7 204 28 2 2305 576 0        
K 0 0 48        
A D 1 4        
J N 7 271 7 4 4609 576 0        
K 0 0 43        
K 0 0 60        
K 0 21 60        
A D 1 4        
J B 2 340 1 82 6913 576 0        
J F 0 364 98 3 1 0 0        
K 0 0 206        
K 15 0 219        
K 0 21 204        
J N 8 364 14 6 1 0 0        
K -18 0 63        
K 0 0 42        
K 24 -6 44        
K 0 0 60        
K 0 21 60        
A D 3 4        
J B 3 460 1 82 6913 1728 0        
J R 7 481 28 2 1 0 0        
K 0 0 48        
A D 1 4        
J R 7 548 28 2 2305 576 0        
K 0 0 48        
A D 1 4        
J N 7 615 7 4 4609 576 0        
K 0 0 43        
K 0 0 60        
K 0 21 60        
A D 1 4        
J B 4 684 1 82 6913 576 0        
J F 0 707 98 3 1 0 0        
K 0 0 203        
K 15 0 218        
K 0 21 201        
J N 8 707 14 6 1 0 0        
K -14 0 64        
K 0 0 42        
K 24 -6 44        
K 0 0 60        
K 0 21 60        
A D 3 4        
J B 5 802 1 82 6913 1728 0        
J R 7 823 28 2 1 0 0        
K 0 0 48        
A D 1 4        
J R 7 889 28 2 2305 576 0        
K 0 0 48        
A D 1 4        
J F 0 957 98 1 4609 576 0        
K 0 0 205        
J N 7 957 21 5 4609 0 0        
K -15 0 65        
K 0 0 43        
K 0 0 60        
K 0 21 60        
A D 1 4        
J B 6 1025 1 82 6913 576 0        
J F 0 1046 98 1 1 0 0        
K 0 0 205        
J N 8 1046 42 6 1 0 0        
K -14 0 64        
K 0 0 42        
K 24 -6 44        
K 0 0 59        
K 0 -21 59        
A D 3 4        
J B 7 1141 1 82 6913 1728 0        
J R 7 1162 28 2 1 0 0        
K 0 0 48        
A D 1 4        
J R 7 1228 28 2 2305 576 0        
K 0 0 48        
A D 1 4        
J F 0 1300 98 1 4609 576 0        
K 0 0 219        
J N 7 1300 -14 7 4609 0 0        
K 0 0 45        
K 0 0 43        
K -1 0 45        
K 2 0 45        
K 0 0 60        
K 0 21 60        
A D 1 4        
J B 8 1368 1 82 6913 576 0        
J F 0 1391 98 2 1 0 0        
K 0 0 205        
K 0 21 204        
J N 8 1391 14 5 1 0 0        
K -18 0 63        
K 0 0 42        
K 0 0 60        
K 0 21 60        
A D 2 4        
J N 8 1470 7 4 2305 1152 0        
K 0 0 42        
K 0 0 60        
K 0 21 60        
A D 2 4        
J F 0 1549 98 1 4609 1152 0        
K 0 0 205        
J N 8 1549 21 5 4609 0 0        
K -15 0 65        
K 0 0 42        
K 0 0 60        
K 0 21 60        
A D 2 4        
J B 10 1628 1 82 6913 1152 0        
J F 0 1655 98 1 1 0 0        
K 0 0 213        
J N 8 1655 28 5 1 0 0        
K 0 0 42        
K 24 -6 44        
K 0 0 60        
K 0 21 60        
A D 3 4        
J B 0 1750 5 2 6913 1728 0        
K -8 0 82        
K 0 0 82        
E *        
B 1 340 0        
B 1 460 0        
B 1 684 0        
B 1 802 0        
B 1 1025 0        
B 1 1141 0        
B 1 1368 0        
B 1 1628 0        
B 5 1750 0        
