@ SOURCE: not identified 
L 0 0 14 !39Viola
J D 4 500 -120 1 6913 0 0
W 0 0 44 
J D 1 75 -37 1 6913 0 0
W 0 -56 44 :  Viola
J C 13 5 28 35 6913 0 0
J K -1 57 0 1 6913 0 0
K 0 35 65
J D 5 86 -42 1 6913 0 0
W 0 0 37 Grave
J T 101 86 42 1 6913 0 0
K 0 0 37
J N 7 134 21 4 1 0 0
K 0 0 43
K 0 0 60
K 0 21 60
A D 2 8
J R 6 172 28 2 1729 576 0
K 0 0 49
A D 1 8
J N 6 201 21 3 2593 288 0
K 0 0 43
K 0 0 54
A D 1 8
J N 7 230 21 4 3457 288 0
K 0 0 43
K 0 0 60
K 0 21 60
A D 2 8
J R 6 268 28 2 5185 576 0
K 0 0 49
A D 1 8
J N 6 297 21 3 6049 288 0
K 0 0 43
K 0 0 54
A D 1 8
J B 2 330 1 82 6913 288 0
J N 8 351 14 4 1 0 0
K 0 0 42
K 0 0 60
K 0 21 60
A D 4 8
J R 8 404 28 3 3457 1152 0
K 0 0 47
K 2 -35 101
A D 4 8
J B 3 461 1 82 6913 1152 0
J N 7 482 21 4 1 0 0
K 0 0 43
K 0 0 60
K 0 21 60
A D 2 8
J N 7 523 14 5 1729 576 0
K -15 0 65
K 0 0 43
K 0 0 60
K 0 21 60
A D 2 8
J N 7 561 21 4 3457 576 0
K 0 0 43
K 0 0 60
K 0 21 60
A D 2 8
J N 7 599 21 4 5185 576 0
K 0 0 43
K 0 0 60
K 0 21 60
A D 2 8
J B 4 641 1 82 6913 576 0
J N 7 662 21 5 1 0 0
K 0 0 43
K 25 0 44
K 0 0 60
K 0 21 60
A D 3 8
J N 6 708 21 3 2593 864 0
K 0 0 43
K 0 0 54
A D 1 8
J N 7 737 14 4 3457 288 0
K 0 0 43
K 0 0 60
K 0 21 60
A D 2 8
J N 6 775 21 2 5185 576 1 1
K 0 0 43
A D 1 8
J N 6 804 14 2 6049 288 1 1
K 0 0 43
A D 1 8
H 1 B 1 0 108 2 2 3
J B 5 837 1 82 6913 288 0
J N 7 858 7 4 1 0 0
K 0 0 43
K 0 0 60
K 0 21 60
A D 2 8
J N 6 896 14 2 1729 576 1 2
K 0 0 43
A D 1 8
J N 6 925 21 2 2593 288 1 2
K 0 0 43
A D 1 8
H 2 B 1 0 108 2 2 3
J N 8 954 14 4 3457 288 0
K 0 0 42
K 0 0 60
K 0 21 60
A D 4 8
J B 6 1011 1 82 6913 1152 0
J D 5 1032 -42 1 1 0 0
W 0 0 37 Andante largo
J R 8 1032 28 2 1 0 0
K 0 0 47
A D 4 8
J N 7 1085 -7 5 3457 1152 0
K 0 0 43
K 25 0 44
K 0 0 60
K 0 21 60
A D 3 8
J N 6 1131 -7 3 6049 864 0
K 0 0 43
K 0 0 54
A D 1 8
J B 7 1164 1 82 6913 288 0
J N 7 1185 -7 5 1 0 0
K 0 0 43
K 25 0 44
K 0 0 60
K 0 21 60
A D 3 8
J N 6 1231 14 3 2593 864 0
K 0 0 43
K 0 0 54
A D 1 8
J N 7 1260 7 4 3457 288 0
K 0 0 43
K 0 0 60
K 0 21 60
A D 2 8
J N 7 1298 28 4 5185 576 0
K 0 0 43
K 0 0 60
K 0 21 60
A D 2 8
J B 8 1340 1 82 6913 576 0
J N 7 1361 28 5 1 0 0
K 0 0 43
K 24 -6 44
K 0 0 60
K 0 21 60
A D 3 8
J N 6 1407 -21 7 2593 864 0
K 0 7 45
K 0 0 43
K 0 7 45
K 1 7 45
K 0 0 60
K 0 0 54
A D 1 8
J N 7 1436 -28 8 3457 288 0
K 0 14 45
K 0 0 45
K 0 0 43
K -1 0 45
K 2 0 45
K 0 0 60
K 0 28 60
A D 2 8
J R 6 1474 28 2 5185 576 0
K 0 0 49
A D 1 8
J N 6 1503 -28 8 6049 288 0
K 0 14 45
K 0 0 45
K 0 0 43
K -1 0 45
K 2 0 45
K 0 0 60
K 0 7 54
A D 1 8
J B 9 1536 1 82 6913 288 0
J N 7 1557 0 4 1 0 0
K 0 0 43
K 0 0 60
K 0 21 60
A D 2 8
J R 6 1595 28 2 1729 576 0
K 0 0 49
A D 1 8
J N 6 1624 14 3 2593 288 0
K 0 0 43
K 0 0 54
A D 1 8
J N 7 1653 7 4 3457 288 0
K 0 0 43
K 0 0 60
K 0 21 60
A D 2 8
J N 7 1691 -21 7 5185 576 0
K 0 7 45
K 0 0 43
K 0 7 45
K 1 7 45
K 0 0 60
K 0 21 60
A D 2 8
J B 10 1733 1 82 6913 576 0
J N 7 1754 -21 7 1 0 0
K 0 7 45
K 0 0 43
K 0 7 45
K 1 7 45
K 0 0 60
K 0 21 60
A D 2 8
J R 6 1792 28 2 1729 576 0
K 0 0 49
A D 1 8
J N 6 1821 7 3 2593 288 0
K 0 0 43
K 0 0 54
A D 1 8
J N 7 1850 7 4 3457 288 0
K 0 0 43
K 0 0 60
K 0 21 60
A D 2 8
J N 7 1888 21 4 5185 576 0
K 0 0 43
K 0 0 60
K 0 21 60
A D 2 8
J B 11 1930 1 82 6913 576 0
J N 7 1951 0 4 1 0 0
K 0 0 43
K 0 0 60
K 0 21 60
A D 2 8
J N 7 1989 28 4 1729 576 0
K 0 0 43
K 0 0 60
K 0 21 60
A D 2 8
J N 7 2027 7 4 3457 576 0
K 0 0 43
K 0 0 60
K 0 21 60
A D 2 8
J N 7 2065 35 4 5185 576 0
K 0 0 43
K 0 0 59
K 0 -21 59
A D 2 8
J B 12 2107 1 82 6913 576 0
J N 7 2131 14 5 1 0 0
K -15 0 65
K 0 0 43
K 0 0 60
K 0 21 60
A D 2 8
J N 7 2169 42 5 1729 576 0
K -15 0 65
K 0 0 43
K 0 0 59
K 0 -21 59
A D 2 8
J N 7 2210 21 5 3457 576 0
K -15 0 65
K 0 0 43
K 0 0 60
K 0 21 60
A D 2 8
J N 7 2248 49 4 5185 576 0
K 0 0 43
K 0 0 59
K 0 -21 59
A D 2 8
J B 13 2290 1 82 6913 576 0
J N 7 2311 0 4 1 0 0
K 0 0 43
K 0 0 60
K 0 21 60
A D 2 8
J N 7 2349 7 4 1729 576 0
K 0 0 43
K 0 0 60
K 0 21 60
A D 2 8
J N 7 2387 35 4 3457 576 0
K 0 0 43
K 0 0 59
K 0 -21 59
A D 2 8
J N 7 2425 0 4 5185 576 1 3
K 0 0 43
K 0 0 60
K 0 21 60
A D 2 8
J B 14 2467 1 82 6913 576 0
J N 7 2488 0 4 1 0 1 3
K 0 0 43
K 0 0 60
K 0 21 60
A D 2 8
H 3 T 0 0 0 0 0 0 5 0
J N 7 2526 7 4 1729 576 0
K 0 0 43
K 0 0 60
K 0 21 60
A D 2 8
J N 7 2564 -21 7 3457 576 0
K 0 7 45
K 0 0 43
K 0 7 45
K 1 7 45
K 0 0 60
K 0 21 60
A D 2 8
J N 7 2602 7 4 5185 576 0
K 0 0 43
K 0 0 60
K 0 21 60
A D 2 8
J B 15 2644 1 82 6913 576 0
J N 7 2665 -21 7 1 0 0
K 0 7 45
K 0 0 43
K 0 7 45
K 1 7 45
K 0 0 60
K 0 21 60
A D 2 8
J N 7 2703 7 4 1729 576 0
K 0 0 43
K 0 0 60
K 0 21 60
A D 2 8
J N 7 2741 0 4 3457 576 0
K 0 0 43
K 0 0 60
K 0 21 60
A D 2 8
J R 7 2779 28 3 5185 576 0
K 0 0 48
K -2 -35 101
A D 2 8
J B 16 2821 1 82 6913 576 0
J N 7 2842 21 4 1 0 0
K 0 0 43
K 0 0 60
K 0 21 60
A D 2 8
J R 7 2880 28 2 1729 576 0
K 0 0 48
A D 2 8
J N 8 2918 28 4 3457 576 0
K 0 0 42
K 0 0 60
K 0 21 60
A D 4 8
J B 17 2975 1 82 6913 1152 0
J N 8 2996 28 4 1 0 0
K 0 0 42
K 0 0 60
K 0 21 60
A D 4 8
J N 7 3049 28 4 3457 1152 0
K 0 0 43
K 0 0 60
K 0 21 60
A D 2 8
J R 7 3087 28 2 5185 576 0
K 0 0 48
A D 2 8
J B 18 3129 1 82 6913 576 0
J N 7 3150 7 4 1 0 0
K 0 0 43
K 0 0 60
K 0 21 60
A D 2 8
J R 7 3188 28 2 1729 576 0
K 0 0 48
A D 2 8
J N 8 3226 0 4 3457 576 0
K 0 0 42
K 0 0 60
K 0 21 60
A D 4 8
J B 0 3291 5 2 6913 1152 0
K -8 0 82
K 0 0 82
J M 0 3291 0 0 10000 0 0
