@ SOURCE: not identified 
L 0 0 14 !39Violino 2 concerto grosso
J D 4 500 -120 1 6913 0 0
W 0 0 44 I. Preludio
J D 1 75 -37 1 6913 0 0
W 0 -56 44 I. Preludio:  Violino 2 concerto grosso
J C 4 5 42 2 6913 0 0
K 0 0 33
K 0 0 34
J K -1 57 0 1 6913 0 0
K 0 28 65
J D 5 86 -42 1 6913 0 0
W 0 0 37 Adagio
J T 101 86 42 1 6913 0 0
K 0 0 37
J R 9 137 28 2 1 10000 0
K 0 0 46
A D 16 16
J B 2 242 1 82 6913 2304 0
J R 9 263 28 2 1 10000 0
K 0 0 46
A D 16 16
J B 3 368 1 82 6913 2304 0
J R 7 389 28 2 1 0 0
K 0 0 48
A D 4 16
J R 6 442 28 2 1729 576 0
K 0 0 49
A D 2 16
J N 6 480 21 3 2593 288 0
K 0 0 43
K 0 0 54
A D 2 16
J N 7 518 0 5 3457 288 0
K 0 0 43
K 24 -6 44
K 0 0 60
K 0 21 60
A D 6 16
J N 6 586 -7 3 6049 864 0
K 0 0 43
K 0 0 54
A D 2 16
J B 4 628 1 82 6913 288 0
J N 6 649 7 3 1 0 0
K 0 0 43
K 0 0 54
A D 2 16
J N 7 687 21 4 865 288 0
K 0 0 43
K 0 0 60
K 0 21 60
A D 4 16
J N 6 740 28 3 2593 576 1 1
K 0 0 43
K 0 0 51
A D 2 16
J N 6 782 28 2 3457 288 2 2 1
K 0 0 43
A D 2 16
H 1 T 28 0 0 0 0 0 13 0
J N 6 820 35 2 4321 288 1 2
K 0 0 43
A D 2 16
H 2 B 0 0 108 2 2 3
J N 7 858 42 4 5185 288 0
K 0 0 43
K 0 0 59
K 0 -21 59
A D 4 16
J B 5 915 1 82 6913 576 0
J N 8 936 49 4 1 0 0
K 0 0 42
K 0 0 59
K 0 -21 59
A D 8 16
J R 8 1015 28 2 3457 1152 0
K 0 0 47
A D 8 16
J B 6 1098 1 82 6913 1152 0
J R 9 1119 28 2 1 10000 0
K 0 0 46
A D 16 16
J B 7 1224 1 82 6913 2304 0
J R 9 1245 28 2 1 10000 0
K 0 0 46
A D 16 16
J B 8 1350 1 82 6913 2304 0
J R 9 1371 28 2 1 10000 0
K 0 0 46
A D 16 16
J B 9 1476 1 82 6913 2304 0
J R 8 1497 28 2 1 0 0
K 0 0 47
A D 8 16
J R 7 1576 28 2 3457 1152 0
K 0 0 48
A D 4 16
J R 6 1629 28 2 5185 576 0
K 0 0 49
A D 2 16
J N 6 1667 21 3 6049 288 0
K 0 0 43
K 0 0 54
A D 2 16
J B 10 1709 1 82 6913 288 0
J N 7 1730 -7 5 1 0 0
K 0 0 43
K 25 0 44
K 0 0 60
K 0 21 60
A D 6 16
J N 6 1798 21 3 2593 864 0
K 0 0 43
K 0 0 54
A D 2 16
J N 7 1836 -14 8 3457 288 0
K 0 0 45
K 0 0 43
K -1 0 45
K 2 0 45
K 24 -6 44
K 0 0 60
K 0 21 60
A D 6 16
J N 6 1904 -14 6 6049 864 0
K 0 0 45
K 0 0 43
K -1 0 45
K 2 0 45
K 0 0 54
A D 2 16
J B 11 1946 1 82 6913 288 0
J N 7 1967 -7 5 1 0 0
K 0 0 43
K 25 0 44
K 0 0 60
K 0 21 60
A D 6 16
J N 5 2035 -14 5 2593 864 2 3 4
K 0 0 45
K 0 0 43
K -1 0 45
K 2 0 45
A D 1 16
J N 5 2064 -7 2 3025 144 2 4 3
K 0 0 43
A D 1 16
H 4 B 1 0 108 2 22 33
H 3 S 0 0 0 0 0 0 0 0 0
J N 7 2093 0 5 3457 144 0
K 0 0 43
K 24 -6 44
K 0 0 60
K 0 21 60
A D 6 16
J N 6 2161 -14 6 6049 864 0
K 0 0 45
K 0 0 43
K -1 0 45
K 2 0 45
K 0 0 54
A D 2 16
J B 12 2203 1 82 6913 288 0
J N 5 2224 -21 5 1 0 2 5 6
K 0 7 45
K 0 0 43
K 0 7 45
K 1 7 45
A D 1 16
J N 5 2253 -14 5 433 144 2 6 5
K 0 0 45
K 0 0 43
K -1 0 45
K 2 0 45
A D 1 16
H 5 S 0 0 0 0 0 0 0 0 0
J N 5 2282 -7 2 865 144 2 7 6
K 0 0 43
A D 1 16
J N 5 2311 0 2 1297 144 2 6 7
K 0 0 43
A D 1 16
H 6 B 1 0 108 4 22 11 11 33
H 7 S 0 0 0 0 0 0 0 0 0
J N 7 2340 7 4 1729 144 0
K 0 0 43
K 0 0 60
K 0 21 60
A D 4 16
J N 7 2393 14 4 3457 576 0
K 0 0 43
K 0 0 60
K 0 21 60
A D 4 16
J R 7 2446 28 2 5185 576 0
K 0 0 48
A D 4 16
J B 13 2503 1 82 6913 576 0
J R 9 2524 28 2 1 10000 0
K 0 0 46
A D 16 16
J B 14 2629 1 82 6913 2304 0
J R 9 2650 28 2 1 10000 0
K 0 0 46
A D 16 16
J B 15 2755 1 82 6913 2304 0
J R 7 2776 28 2 1 0 0
K 0 0 48
A D 4 16
J R 6 2829 28 2 1729 576 0
K 0 0 49
A D 2 16
J N 6 2867 21 3 2593 288 0
K 0 0 43
K 0 0 54
A D 2 16
J N 7 2905 0 5 3457 288 0
K 0 0 43
K 24 -6 44
K 0 0 60
K 0 21 60
A D 6 16
J N 5 2973 7 2 6049 864 2 8 9
K 0 0 43
A D 1 16
J N 5 3002 14 2 6481 144 2 9 8
K 0 0 43
A D 1 16
H 9 B 1 0 108 2 22 33
H 8 S 0 0 0 0 0 0 0 0 0
J B 16 3035 1 82 6913 144 0
J N 7 3056 7 5 1 0 0
K 0 0 43
K 25 0 44
K 0 0 60
K 0 21 60
A D 6 16
J N 5 3124 14 2 2593 864 2 10 11
K 0 0 43
A D 1 16
J N 5 3153 21 2 3025 144 2 11 10
K 0 0 43
A D 1 16
H 11 B 1 0 108 2 22 33
H 10 S 0 0 0 0 0 0 0 0 0
J N 7 3182 14 5 3457 144 0
K 0 0 43
K 24 -6 44
K 0 0 60
K 0 21 60
A D 6 16
J N 5 3250 21 2 6049 864 2 12 13
K 0 0 43
A D 1 16
J N 5 3279 28 2 6481 144 2 13 12
K 0 0 43
A D 1 16
H 13 B 1 0 108 2 22 33
H 12 S 0 0 0 0 0 0 0 0 0
J B 17 3312 1 82 6913 144 0
J N 7 3333 21 5 1 0 0
K 0 0 43
K 25 0 44
K 0 0 60
K 0 21 60
A D 6 16
J N 5 3401 0 2 2593 864 2 14 15
K 0 0 43
A D 1 16
J N 5 3430 21 2 3025 144 2 15 14
K 0 0 43
A D 1 16
H 15 B 1 0 108 2 22 33
H 14 S 0 0 0 0 0 0 0 0 0
J N 5 3459 14 2 3457 144 2 16 17
K 0 0 43
A D 1 16
J N 5 3488 21 2 3889 144 2 17 16
K 0 0 43
A D 1 16
H 16 S 0 0 0 0 0 0 0 0 0
J N 5 3517 28 2 4321 144 2 18 17
K 0 0 43
A D 1 16
J N 5 3546 35 2 4753 144 2 17 18
K 0 0 43
A D 1 16
H 17 B 1 0 108 4 22 11 11 33
H 18 S 0 0 0 0 0 0 0 0 0
J N 7 3575 42 4 5185 144 0
K 0 0 43
K 0 0 59
K 0 -21 59
A D 4 16
J B 18 3632 1 82 6913 576 0
J N 6 3653 49 2 1 0 1 19
K 0 0 43
A D 2 16
J N 6 3691 35 3 865 288 1 19
K 0 0 43
K 0 44 108
A D 2 16
H 19 B 0 0 108 2 2 3
J N 7 3729 42 4 1729 288 0
K 0 0 43
K 0 0 59
K 0 -21 59
A D 4 16
J R 6 3782 28 2 3457 576 0
K 0 0 49
A D 2 16
J N 6 3820 49 3 4321 288 0
K 0 0 43
K 0 0 53
A D 2 16
J N 7 3862 56 4 5185 288 0
K 0 0 43
K 0 0 59
K 0 -21 59
A D 4 16
J B 19 3919 1 82 6913 576 0
J R 6 3940 28 2 1 0 0
K 0 0 49
A D 2 16
J N 6 3978 63 3 865 288 0
K 0 0 43
K 0 0 53
A D 2 16
J N 7 4020 70 7 1729 288 0
K 1 0 45
K 0 0 43
K -1 0 45
K 2 0 45
K 0 0 59
K 0 -21 59
A D 4 16
J R 6 4073 28 2 3457 576 0
K 0 0 49
A D 2 16
J N 6 4111 35 2 4321 288 1 20
K 0 0 43
A D 2 16
J N 6 4149 42 2 5185 288 1 20
K 0 0 43
A D 2 16
J N 6 4187 21 2 6049 288 1 20
K 0 0 43
A D 2 16
H 20 B 0 0 108 3 2 1 3
J B 20 4229 1 82 6913 288 0
J N 7 4250 35 6 1 0 0
K 0 0 43
K 25 0 44
K 0 51 110
K 0 0 59
K 0 -21 59
A D 6 16
J N 6 4318 21 3 2593 864 0
K 0 0 43
K 0 0 54
A D 2 16
J N 7 4356 14 5 3457 288 0
K 0 0 43
K 24 -6 44
K 0 0 60
K 0 21 60
A D 6 16
J N 6 4424 -7 3 6049 864 0
K 0 0 43
K 0 0 54
A D 2 16
J B 21 4466 1 82 6913 288 0
J N 6 4487 7 3 1 0 0
K 0 0 43
K 0 0 54
A D 2 16
J N 7 4525 21 4 865 288 0
K 0 0 43
K 0 0 60
K 0 21 60
A D 4 16
J N 6 4578 28 3 2593 576 1 21
K 0 0 43
K 0 0 51
A D 2 16
J N 6 4620 28 2 3457 288 2 22 21
K 0 0 43
A D 2 16
H 21 T 28 0 0 0 0 0 13 0
J N 6 4658 35 2 4321 288 1 22
K 0 0 43
A D 2 16
H 22 B 0 0 108 2 2 3
J N 7 4696 42 4 5185 288 0
K 0 0 43
K 0 0 59
K 0 -21 59
A D 4 16
J B 22 4753 1 82 6913 576 0
J N 7 4774 49 4 1 0 0
K 0 0 43
K 0 0 59
K 0 -21 59
A D 4 16
J R 7 4827 28 2 1729 576 0
K 0 0 48
A D 4 16
J N 8 4880 49 4 3457 576 1 23
K 0 0 42
K 0 0 59
K 0 -21 59
A D 8 16
J B 23 4963 1 82 6913 1152 0
J N 8 4984 49 4 1 0 1 23
K 0 0 42
K 0 0 59
K 0 -21 59
A D 8 16
H 23 T 49 0 0 0 0 0 9 0
J N 7 5063 56 4 3457 1152 0
K 0 0 43
K 0 0 59
K 0 -21 59
A D 4 16
J N 7 5116 49 4 5185 576 1 24
K 0 0 43
K 0 0 59
K 0 -21 59
A D 4 16
J B 24 5173 1 82 6913 576 0
J N 7 5194 49 4 1 0 1 24
K 0 0 43
K 0 0 59
K 0 -21 59
A D 4 16
H 24 T 49 0 0 0 0 0 9 0
J N 7 5247 56 4 1729 576 0
K 0 0 43
K 0 0 59
K 0 -21 59
A D 4 16
J N 8 5300 49 4 3457 576 0
K 0 0 42
K 0 0 59
K 0 -21 59
A D 8 16
J B 0 5396 6 2 6913 1152 0
K -13 0 82
K -6 0 84
J M 0 5396 0 0 10000 0 0
