@ SOURCE: not identified 
L 0 0 14 !39Basso concerto grosso
J D 4 500 -120 1 6913 0 0
W 0 0 44 I. Preludio
J D 1 75 -37 1 6913 0 0
W 0 -56 44 I. Preludio:  Basso concerto grosso
J C 22 5 14 36 6913 0 0
J K -1 57 0 1 6913 0 0
K 0 42 65
J D 5 86 -42 1 6913 0 0
W 0 0 37 Adagio
J T 101 86 42 1 6913 0 0
K 0 0 37
J R 9 137 28 2 1 10000 0
K 0 0 46
A D 16 16
J B 2 242 1 82 6913 2304 0
J R 9 263 28 2 1 10000 0
K 0 0 46
A D 16 16
J B 3 368 1 82 6913 2304 0
J R 7 389 28 2 1 0 0
K 0 0 48
A D 4 16
J R 6 427 28 2 1729 576 0
K 0 0 49
A D 2 16
J N 6 456 49 3 2593 288 0
K 0 0 43
K 0 0 53
A D 2 16
J F 0 490 98 1 3457 288 0
K 0 0 206
J N 7 490 28 4 3457 0 0
K 0 0 43
K 0 0 60
K 0 21 60
A D 4 16
J R 6 528 28 2 5185 576 0
K 0 0 49
A D 2 16
J F 0 557 98 1 6049 288 0
K 0 0 206
J N 6 557 56 3 6049 0 0
K 0 0 43
K 0 0 53
A D 2 16
J B 4 601 1 82 6913 288 0
J F 0 622 98 1 1 0 0
K 0 0 206
J N 6 622 35 2 1 0 1 1
K 0 0 43
A D 2 16
J N 6 651 14 2 865 288 1 1
K 0 0 43
A D 2 16
J F 0 680 98 1 1729 288 0
K 0 0 208
J N 6 680 -7 2 1729 0 1 1
K 0 0 43
A D 2 16
J F 0 709 98 1 2593 288 0
K 0 0 207
J N 6 709 42 2 2593 0 1 1
K 0 0 43
A D 2 16
H 1 B 1 0 108 4 2 1 1 3
J F 0 738 98 1 3457 288 0
K 0 0 206
J N 6 738 35 2 3457 0 1 2
K 0 0 43
A D 2 16
J N 6 767 14 2 4321 288 1 2
K 0 0 43
A D 2 16
J F 0 796 98 1 5185 288 0
K 0 0 203
J N 6 796 -14 5 5185 0 1 2
K 0 0 45
K 0 0 43
K -1 0 45
K 2 0 45
A D 2 16
J F 0 825 98 1 6049 288 0
K 0 0 202
J N 6 825 35 2 6049 0 1 2
K 0 0 43
A D 2 16
H 2 B 1 0 108 4 2 1 1 3
J B 5 858 1 82 6913 288 0
J N 8 879 14 4 1 0 0
K 0 0 42
K 0 0 60
K 0 21 60
A D 8 16
J R 8 932 28 2 3457 1152 0
K 0 0 47
A D 8 16
J B 6 989 1 82 6913 1152 0
J R 9 1010 28 2 1 10000 0
K 0 0 46
A D 16 16
J B 7 1115 1 82 6913 2304 0
J R 9 1136 28 2 1 10000 0
K 0 0 46
A D 16 16
J B 8 1241 1 82 6913 2304 0
J R 9 1262 28 2 1 10000 0
K 0 0 46
A D 16 16
J B 9 1367 1 82 6913 2304 0
J R 8 1388 28 2 1 0 0
K 0 0 47
A D 8 16
J R 6 1441 28 2 3457 1152 0
K 0 0 49
A D 2 16
J N 6 1470 -14 5 4321 288 1 3
K 0 0 45
K 0 0 43
K -1 0 45
K 2 0 45
A D 2 16
J F 0 1499 98 1 5185 288 0
K 0 0 205
J N 6 1499 0 2 5185 0 1 3
K 0 0 43
A D 2 16
J N 6 1528 14 2 6049 288 1 3
K 0 0 43
A D 2 16
H 3 B 1 0 108 3 2 1 3
J B 10 1561 1 82 6913 288 0
J F 0 1582 98 2 1 0 0
K 0 0 205
K 0 21 204
J N 6 1582 -7 2 1 0 1 4
K 0 0 43
A D 2 16
J N 6 1611 7 2 865 288 1 4
K 0 0 43
A D 2 16
J F 0 1640 98 2 1729 288 0
K 0 0 205
K 0 21 204
J N 6 1640 21 2 1729 0 1 4
K 0 0 43
A D 2 16
J N 6 1669 35 2 2593 288 1 4
K 0 0 43
A D 2 16
H 4 B 1 0 108 4 2 1 1 3
J F 0 1698 98 1 3457 288 0
K 0 0 208
J N 6 1698 14 2 3457 0 1 5
K 0 0 43
A D 2 16
J N 6 1727 7 2 4321 288 1 5
K 0 0 43
A D 2 16
J F 0 1756 98 1 5185 288 0
K 0 0 205
J N 6 1756 0 2 5185 0 1 5
K 0 0 43
A D 2 16
J N 6 1785 14 2 6049 288 1 5
K 0 0 43
A D 2 16
H 5 B 1 0 108 4 2 1 1 3
J B 11 1818 1 82 6913 288 0
J F 0 1843 98 2 1 0 0
K 0 0 205
K 0 21 204
J N 6 1843 42 3 1 0 1 6
K -14 0 64
K 0 0 43
A D 2 16
J N 6 1872 42 2 865 288 1 6
K 0 0 43
A D 2 16
J F 0 1912 98 2 1729 288 0
K 0 0 205
K 0 21 204
J N 6 1912 35 3 1729 0 1 6
K -18 0 63
K 0 0 43
A D 2 16
J N 6 1941 49 2 2593 288 1 6
K 0 0 43
A D 2 16
H 6 B 0 0 108 4 2 1 1 3
J F 0 1970 98 1 3457 288 0
K 0 0 208
J N 6 1970 28 2 3457 0 1 7
K 0 0 43
A D 2 16
J N 6 1999 21 2 4321 288 1 7
K 0 0 43
A D 2 16
J F 0 2028 98 1 5185 288 0
K 0 0 205
J N 6 2028 14 2 5185 0 1 7
K 0 0 43
A D 2 16
J N 6 2057 28 2 6049 288 1 7
K 0 0 43
A D 2 16
H 7 B 1 0 108 4 2 1 1 3
J B 12 2090 1 82 6913 288 0
J F 0 2111 98 2 1 0 0
K 0 0 205
K 0 21 204
J N 6 2111 7 2 1 0 1 8
K 0 0 43
A D 2 16
J N 6 2140 21 2 865 288 1 8
K 0 0 43
A D 2 16
J F 0 2169 98 1 1729 288 0
K 0 0 213
J N 6 2169 0 2 1729 0 1 8
K 0 0 43
A D 2 16
J N 6 2198 49 2 2593 288 1 8
K 0 0 43
A D 2 16
H 8 B 1 0 108 4 2 1 1 3
J N 7 2227 28 4 3457 288 0
K 0 0 43
K 0 0 60
K 0 21 60
A D 4 16
J R 7 2265 28 2 5185 576 0
K 0 0 48
A D 4 16
J B 13 2307 1 82 6913 576 0
J R 9 2328 28 2 1 10000 0
K 0 0 46
A D 16 16
J B 14 2433 1 82 6913 2304 0
J R 9 2454 28 2 1 10000 0
K 0 0 46
A D 16 16
J B 15 2559 1 82 6913 2304 0
J R 7 2580 28 2 1 0 0
K 0 0 48
A D 4 16
J R 6 2618 28 2 1729 576 0
K 0 0 49
A D 2 16
J F 0 2647 98 1 2593 288 0
K 0 0 205
J N 6 2647 49 3 2593 0 0
K 0 0 43
K 0 0 53
A D 2 16
J F 0 2681 98 1 3457 288 0
K 0 0 206
J N 7 2681 28 5 3457 0 0
K 0 0 43
K 24 -6 44
K 0 0 60
K 0 21 60
A D 6 16
J F 0 2719 98 1 5185 576 0
K 0 0 205
J N 6 2748 7 3 6049 288 0
K 0 0 43
K 0 0 54
A D 2 16
J B 16 2781 1 82 6913 288 0
J F 0 2802 98 1 1 0 0
K 0 0 206
J N 7 2802 35 5 1 0 0
K 0 0 43
K 25 0 44
K 0 0 59
K 0 -21 59
A D 6 16
J F 0 2840 98 1 1729 576 0
K 0 0 205
J N 6 2869 14 3 2593 288 0
K 0 0 43
K 0 0 54
A D 2 16
J F 0 2898 98 1 3457 288 0
K 0 0 206
J N 7 2898 42 5 3457 0 0
K 0 0 43
K 24 -6 44
K 0 0 59
K 0 -21 59
A D 6 16
J N 5 2944 49 2 6049 864 2 9 10
K 0 0 43
A D 1 16
J N 5 2973 56 2 6481 144 2 10 9
K 0 0 43
A D 1 16
H 10 B 0 0 108 2 22 33
H 9 S 12 0 0 0 0 0 0 0 0
J B 17 3006 1 82 6913 144 0
J F 0 3027 98 1 1 0 0
K 0 0 206
J N 7 3027 49 5 1 0 0
K 0 0 43
K 25 0 44
K 0 0 59
K 0 -21 59
A D 6 16
J F 0 3065 98 1 1729 576 0
K 0 0 205
J N 6 3094 0 3 2593 288 0
K 0 0 43
K 0 0 54
A D 2 16
J F 0 3123 98 2 3457 288 0
K 0 0 205
K 0 21 204
J N 6 3123 -7 2 3457 0 1 11
K 0 0 43
A D 2 16
J N 6 3152 7 2 4321 288 1 11
K 0 0 43
A D 2 16
J F 0 3181 98 1 5185 288 0
K 0 0 202
J N 6 3181 -14 5 5185 0 1 11
K 0 0 45
K 0 0 43
K -1 0 45
K 2 0 45
A D 2 16
J N 6 3210 35 2 6049 288 1 11
K 0 0 43
A D 2 16
H 11 B 1 0 108 4 2 1 1 3
J B 18 3243 1 82 6913 288 0
J N 7 3264 14 4 1 0 0
K 0 0 43
K 0 0 60
K 0 21 60
A D 4 16
J R 7 3302 28 2 1729 576 0
K 0 0 48
A D 4 16
J R 8 3340 28 2 3457 576 0
K 0 0 47
A D 8 16
J B 19 3397 1 82 6913 1152 0
J R 9 3418 28 2 1 10000 0
K 0 0 46
A D 16 16
J B 20 3523 1 82 6913 2304 0
J N 6 3544 14 3 1 0 1 12
K 0 0 43
K 0 91 110
A D 2 16
J N 6 3573 7 2 865 288 1 12
K 0 0 43
A D 2 16
J N 6 3602 0 2 1729 288 1 12
K 0 0 43
A D 2 16
J N 6 3631 49 2 2593 288 1 12
K 0 0 43
A D 2 16
H 12 B 1 0 108 4 2 1 1 3
J F 0 3660 98 1 3457 288 0
K 0 0 208
J N 6 3660 42 2 3457 0 1 13
K 0 0 43
A D 2 16
J N 6 3689 35 2 4321 288 1 13
K 0 0 43
A D 2 16
J F 0 3718 98 1 5185 288 0
K 0 0 205
J N 6 3718 28 2 5185 0 1 13
K 0 0 43
A D 2 16
J N 6 3747 42 2 6049 288 1 13
K 0 0 43
A D 2 16
H 13 B 0 0 108 4 2 1 1 3
J B 21 3780 1 82 6913 288 0
J F 0 3801 98 1 1 0 0
K 0 0 206
J N 6 3801 35 2 1 0 1 14
K 0 0 43
A D 2 16
J N 6 3830 14 2 865 288 1 14
K 0 0 43
A D 2 16
J F 0 3859 98 1 1729 288 0
K 0 0 208
J N 6 3859 -7 2 1729 0 1 14
K 0 0 43
A D 2 16
J F 0 3888 98 1 2593 288 0
K 0 0 207
J N 6 3888 42 2 2593 0 1 14
K 0 0 43
A D 2 16
H 14 B 1 0 108 4 2 1 1 3
J F 0 3917 98 1 3457 288 0
K 0 0 206
J N 6 3917 35 2 3457 0 1 15
K 0 0 43
A D 2 16
J N 6 3946 14 2 4321 288 1 15
K 0 0 43
A D 2 16
J F 0 3975 98 1 5185 288 0
K 0 0 203
J N 6 3975 -14 5 5185 0 1 15
K 0 0 45
K 0 0 43
K -1 0 45
K 2 0 45
A D 2 16
J F 0 4004 98 1 6049 288 0
K 0 0 202
J N 6 4004 35 2 6049 0 1 15
K 0 0 43
A D 2 16
H 15 B 1 0 108 4 2 1 1 3
J B 22 4037 1 82 6913 288 0
J N 7 4058 14 4 1 0 0
K 0 0 43
K 0 0 60
K 0 21 60
A D 4 16
J F 0 4096 98 3 1729 576 0
K 0 0 205
K 0 21 203
K 0 42 201
J N 7 4096 21 4 1729 0 0
K 0 0 43
K 0 0 60
K 0 21 60
A D 4 16
J F 0 4134 98 2 3457 576 0
K 0 0 206
K 0 21 204
J N 7 4134 28 4 3457 0 0
K 0 0 43
K 0 0 60
K 0 21 60
A D 4 16
J F 0 4172 98 2 5185 576 0
K 0 0 207
K 0 21 205
J N 7 4172 35 4 5185 0 0
K 0 0 43
K 0 0 59
K 0 -21 59
A D 4 16
J B 23 4214 1 82 6913 576 0
J F 0 4235 98 1 1 0 0
K 0 0 204
J N 7 4235 42 4 1 0 0
K 0 0 43
K 0 0 59
K 0 -21 59
A D 4 16
J F 0 4273 98 1 1729 576 0
K 0 0 205
J N 7 4273 49 4 1729 0 0
K 0 0 43
K 0 0 59
K 0 -21 59
A D 4 16
J F 0 4311 98 1 3457 576 0
K 0 0 205
J N 7 4311 56 4 3457 0 0
K 0 0 43
K 0 0 59
K 0 -21 59
A D 4 16
J N 7 4349 63 4 5185 576 0
K 0 0 43
K 0 0 59
K 0 -21 59
A D 4 16
J B 24 4391 1 82 6913 576 0
J F 0 4412 98 1 1 0 0
K 0 0 203
J N 7 4412 35 4 1 0 0
K 0 0 43
K 0 0 59
K 0 -21 59
A D 4 16
J F 0 4450 98 1 1729 576 0
K 0 0 202
J N 7 4450 84 8 1729 0 0
K 1 -14 45
K 1 0 45
K 0 0 43
K -1 0 45
K 2 0 45
K 0 0 59
K 0 -28 59
A D 4 16
J N 8 4488 63 4 3457 576 0
K 0 0 42
K 0 0 59
K 0 -21 59
A D 8 16
J B 0 4558 6 2 6913 1152 0
K -13 0 82
K -6 0 84
J M 0 4558 0 0 10000 0 0
