@ SOURCE: not identified 
L 0 0 14 !39Violino 2 concertino
J D 4 500 -120 1 6913 0 0
W 0 0 44 IV. Sarabanda
J D 1 75 -37 1 6913 0 0
W 0 -56 44 IV. Sarabanda:  Violino 2 concertino
J C 4 5 42 2 6913 0 0
K 0 0 33
K 0 0 34
J K -1 57 0 1 6913 0 0
K 0 28 65
J D 5 86 -42 1 6913 0 0
W 0 0 37 Vivace
J T 304 95 0 2 6913 0 0
K -10 28 74
K -10 56 75
J N 8 134 0 4 1 0 0
K 0 0 42
K 0 0 60
K 0 21 60
A D 4 8
J R 7 187 28 2 4609 1152 0
K 0 0 48
A D 2 8
J B 2 229 1 82 6913 576 0
J N 8 250 7 4 1 0 0
K 0 0 42
K 0 0 60
K 0 21 60
A D 4 8
J R 7 303 28 2 4609 1152 0
K 0 0 48
A D 2 8
J B 3 345 1 82 6913 576 0
J N 7 366 21 4 1 0 0
K 0 0 43
K 0 0 60
K 0 21 60
A D 2 8
J N 7 404 0 5 2305 576 0
K 0 0 43
K 24 -6 44
K 0 0 60
K 0 21 60
A D 3 8
J N 6 450 -7 3 5761 864 0
K 0 0 43
K 0 0 54
A D 1 8
J B 4 483 1 82 6913 288 0
J N 8 504 7 5 1 0 0
K 0 0 42
K 25 0 44
K 0 0 60
K 0 21 60
A D 6 8
J B 5 576 1 82 6913 1728 0
J N 7 597 0 4 1 0 0
K 0 0 43
K 0 0 60
K 0 21 60
A D 2 8
J N 7 635 -14 7 2305 576 0
K 0 0 45
K 0 0 43
K -1 0 45
K 2 0 45
K 0 0 60
K 0 21 60
A D 2 8
J N 7 673 21 4 4609 576 0
K 0 0 43
K 0 0 60
K 0 21 60
A D 2 8
J B 6 715 1 82 6913 576 0
J N 7 736 21 4 1 0 0
K 0 0 43
K 0 0 60
K 0 21 60
A D 2 8
J N 7 774 42 4 2305 576 0
K 0 0 43
K 0 0 59
K 0 -21 59
A D 2 8
J N 7 812 21 4 4609 576 1 1
K 0 0 43
K 0 0 60
K 0 21 60
A D 2 8
J B 7 854 1 82 6913 576 0
J N 7 875 21 4 1 0 1 1
K 0 0 43
K 0 0 60
K 0 21 60
A D 2 8
H 1 T 21 0 0 0 0 0 1 0
J N 7 913 21 5 2305 576 0
K 0 0 43
K 25 0 44
K 0 0 60
K 0 21 60
A D 3 8
J N 6 965 28 4 5761 864 0
K -14 0 64
K 0 0 43
K 0 0 54
A D 1 8
J B 8 998 1 82 6913 288 0
J N 8 1019 21 5 1 0 0
K 0 0 42
K 25 0 44
K 0 0 60
K 0 21 60
A D 6 8
J B 9 1113 10 6 6913 1728 0
K -22 21 44
K -22 35 44
K -12 0 84
K 0 0 84
K 11 21 44
K 11 35 44
J R 9 1150 28 2 1 10000 0
K 0 0 46
A D 6 8
J B 10 1255 1 82 6913 1728 0
J N 7 1276 0 4 1 0 0
K 0 0 43
K 0 0 60
K 0 21 60
A D 2 8
J N 7 1314 14 4 2305 576 0
K 0 0 43
K 0 0 60
K 0 21 60
A D 2 8
J N 7 1352 77 7 4609 576 0
K 1 -7 45
K 0 0 43
K 0 -7 45
K 1 -7 45
K 0 0 59
K 0 -21 59
A D 2 8
J B 11 1394 1 82 6913 576 0
J R 9 1415 28 2 1 10000 0
K 0 0 46
A D 6 8
J B 12 1520 1 82 6913 1728 0
J N 7 1541 -7 4 1 0 0
K 0 0 43
K 0 0 60
K 0 21 60
A D 2 8
J N 7 1579 7 4 2305 576 0
K 0 0 43
K 0 0 60
K 0 21 60
A D 2 8
J N 7 1617 70 7 4609 576 0
K 1 0 45
K 0 0 43
K -1 0 45
K 2 0 45
K 0 0 59
K 0 -21 59
A D 2 8
J B 13 1659 1 82 6913 576 0
J R 9 1680 28 2 1 10000 0
K 0 0 46
A D 6 8
J B 14 1785 1 82 6913 1728 0
J N 7 1806 -14 7 1 0 0
K 0 0 45
K 0 0 43
K -1 0 45
K 2 0 45
K 0 0 60
K 0 21 60
A D 2 8
J N 7 1844 0 4 2305 576 0
K 0 0 43
K 0 0 60
K 0 21 60
A D 2 8
J N 7 1882 63 4 4609 576 0
K 0 0 43
K 0 0 59
K 0 -21 59
A D 2 8
J B 15 1924 1 82 6913 576 0
J R 7 1945 28 2 1 0 0
K 0 0 48
A D 2 8
J N 7 1983 21 4 2305 576 0
K 0 0 43
K 0 0 60
K 0 21 60
A D 2 8
J N 7 2021 56 4 4609 576 0
K 0 0 43
K 0 0 59
K 0 -21 59
A D 2 8
J B 16 2063 1 82 6913 576 0
J R 7 2084 28 2 1 0 0
K 0 0 48
A D 2 8
J N 7 2122 21 4 2305 576 0
K 0 0 43
K 0 0 60
K 0 21 60
A D 2 8
J N 7 2160 49 4 4609 576 0
K 0 0 43
K 0 0 59
K 0 -21 59
A D 2 8
J B 17 2202 1 82 6913 576 0
J R 7 2223 28 2 1 0 0
K 0 0 48
A D 2 8
J N 7 2261 14 4 2305 576 0
K 0 0 43
K 0 0 60
K 0 21 60
A D 2 8
J N 7 2299 42 4 4609 576 0
K 0 0 43
K 0 0 59
K 0 -21 59
A D 2 8
J B 18 2341 1 82 6913 576 0
J N 7 2362 0 5 1 0 0
K 0 0 43
K 24 -6 44
K 0 0 60
K 0 21 60
A D 3 8
J N 6 2408 -7 2 3457 864 1 2
K 0 0 43
A D 1 8
J N 6 2437 -14 5 4609 288 2 3 2
K 0 0 45
K 0 0 43
K -1 0 45
K 2 0 45
A D 1 8
J N 6 2466 -7 2 5761 288 2 2 3
K 0 0 43
A D 1 8
H 2 B 1 0 108 3 2 1 3
H 3 S 0 0 0 0 0 0 0 0 0
J B 19 2499 1 82 6913 288 0
J N 7 2520 0 4 1 0 0
K 0 0 43
K 0 0 60
K 0 21 60
A D 2 8
J N 7 2558 0 5 2305 576 0
K 0 0 43
K 24 -6 44
K 0 0 60
K 0 21 60
A D 3 8
J N 6 2604 7 3 5761 864 0
K 0 0 43
K 0 0 54
A D 1 8
J B 20 2637 1 82 6913 288 0
J N 8 2658 0 5 1 0 0
K 0 0 42
K 24 -6 44
K 0 0 60
K 0 21 60
A D 6 8
J B 21 2753 6 4 6913 1728 0
K -23 21 44
K -23 35 44
K -13 0 82
K -6 0 84
J N 7 2774 49 6 1 0 0
K 0 0 43
K 25 0 44
K 0 32 108
K 0 0 59
K 0 -21 59
A D 3 8
J N 6 2820 42 3 3457 864 0
K 0 0 43
K 0 0 53
A D 1 8
J N 7 2857 35 4 4609 288 0
K 0 0 43
K 0 0 59
K 0 -21 59
A D 2 8
J B 22 2899 1 82 6913 576 0
J N 7 2920 49 4 1 0 0
K 0 0 43
K 0 0 59
K 0 -21 59
A D 2 8
J N 7 2958 49 5 2305 576 0
K 0 0 43
K 25 0 44
K 0 0 59
K 0 -21 59
A D 3 8
J N 6 3004 56 3 5761 864 0
K 0 0 43
K 0 0 53
A D 1 8
J B 23 3048 1 82 6913 288 0
J N 8 3069 49 5 1 0 0
K 0 0 42
K 25 0 44
K 0 0 59
K 0 -21 59
A D 6 8
J B 0 3154 6 2 6913 1728 0
K -13 0 82
K -6 0 84
J M 0 3154 0 0 10000 0 0
