@ SOURCE: not identified 
L 0 0 14 !39Violoncello concertino
J D 4 500 -120 1 6913 0 0
W 0 0 44 IV. Sarabanda
J D 1 75 -37 1 6913 0 0
W 0 -56 44 IV. Sarabanda:  Violoncello concertino
J C 22 5 14 36 6913 0 0
J K -1 57 0 1 6913 0 0
K 0 42 65
J D 5 86 -42 1 6913 0 0
W 0 0 37 Vivace
J T 304 95 0 2 6913 0 0
K -10 28 74
K -10 56 75
J N 6 134 14 2 1 0 1 1
K 0 0 43
A D 1 8
J N 6 163 21 2 1153 288 1 1
K 0 0 43
A D 1 8
J N 6 192 14 2 2305 288 1 1
K 0 0 43
A D 1 8
J N 6 221 7 2 3457 288 1 1
K 0 0 43
A D 1 8
J N 6 250 0 2 4609 288 1 1
K 0 0 43
A D 1 8
J N 6 279 14 2 5761 288 1 1
K 0 0 43
A D 1 8
H 1 B 1 0 108 6 2 1 1 1 1 3
J B 2 312 1 82 6913 288 0
J N 6 333 -14 5 1 0 1 2
K 0 0 45
K 0 0 43
K -1 0 45
K 2 0 45
A D 1 8
J N 6 362 35 2 1153 288 1 2
K 0 0 43
A D 1 8
J N 6 391 21 2 2305 288 1 2
K 0 0 43
A D 1 8
J N 6 420 7 2 3457 288 1 2
K 0 0 43
A D 1 8
J N 6 449 21 2 4609 288 1 2
K 0 0 43
A D 1 8
J N 6 478 35 2 5761 288 1 2
K 0 0 43
A D 1 8
H 2 B 1 0 108 6 2 1 1 1 1 3
J B 3 511 1 82 6913 288 0
J N 6 532 14 2 1 0 1 3
K 0 0 43
A D 1 8
J N 6 561 21 2 1153 288 1 3
K 0 0 43
A D 1 8
J N 6 590 14 2 2305 288 1 3
K 0 0 43
A D 1 8
J N 6 619 7 2 3457 288 1 3
K 0 0 43
A D 1 8
J N 6 648 0 2 4609 288 1 3
K 0 0 43
A D 1 8
J N 6 677 14 2 5761 288 1 3
K 0 0 43
A D 1 8
H 3 B 1 0 108 6 2 1 1 1 1 3
J B 4 710 1 82 6913 288 0
J N 6 731 -14 5 1 0 1 4
K 0 0 45
K 0 0 43
K -1 0 45
K 2 0 45
A D 1 8
J N 6 760 -21 5 1153 288 1 4
K 0 7 45
K 0 0 43
K 0 7 45
K 1 7 45
A D 1 8
J N 6 789 -14 5 2305 288 1 4
K 0 0 45
K 0 0 43
K -1 0 45
K 2 0 45
A D 1 8
J N 6 818 -7 2 3457 288 1 4
K 0 0 43
A D 1 8
J N 6 847 0 2 4609 288 1 4
K 0 0 43
A D 1 8
J N 6 876 7 2 5761 288 1 4
K 0 0 43
A D 1 8
H 4 B 1 0 108 6 2 1 1 1 1 3
J B 5 909 1 82 6913 288 0
J N 6 930 14 2 1 0 1 5
K 0 0 43
A D 1 8
J N 6 959 21 2 1153 288 1 5
K 0 0 43
A D 1 8
J N 6 988 14 2 2305 288 1 5
K 0 0 43
A D 1 8
J N 6 1017 7 2 3457 288 1 5
K 0 0 43
A D 1 8
J N 6 1046 0 2 4609 288 1 5
K 0 0 43
A D 1 8
J N 6 1075 14 2 5761 288 1 5
K 0 0 43
A D 1 8
H 5 B 1 0 108 6 2 1 1 1 1 3
J B 6 1108 1 82 6913 288 0
J F 0 1129 98 1 1 0 0
K 0 0 205
J N 6 1129 21 2 1 0 1 6
K 0 0 43
A D 1 8
J N 6 1158 28 2 1153 288 1 6
K 0 0 43
A D 1 8
J N 6 1187 21 2 2305 288 1 6
K 0 0 43
A D 1 8
J N 6 1216 14 2 3457 288 1 6
K 0 0 43
A D 1 8
J N 6 1245 7 2 4609 288 1 6
K 0 0 43
A D 1 8
J N 6 1274 21 2 5761 288 1 6
K 0 0 43
A D 1 8
H 6 B 1 0 108 6 2 1 1 1 1 3
J B 7 1307 1 82 6913 288 0
J F 0 1328 98 2 1 0 0
K 0 0 205
K 0 21 204
J N 6 1328 14 2 1 0 1 7
K 0 0 43
A D 1 8
J N 6 1357 28 2 1153 288 1 7
K 0 0 43
A D 1 8
J F 0 1386 98 1 2305 288 0
K 0 0 203
J N 6 1386 7 2 2305 0 1 7
K 0 0 43
A D 1 8
J N 6 1415 14 2 3457 288 1 7
K 0 0 43
A D 1 8
J F 0 1444 98 1 4609 288 0
K 0 0 218
J N 6 1444 7 2 4609 0 1 7
K 0 0 43
A D 1 8
J N 6 1473 56 2 5761 288 1 7
K 0 0 43
A D 1 8
H 7 B 0 0 108 6 2 1 1 1 1 3
J B 8 1506 1 82 6913 288 0
J N 8 1527 35 5 1 0 0
K 0 0 42
K 25 0 44
K 0 0 59
K 0 -21 59
A D 6 8
J B 9 1621 10 6 6913 1728 0
K -22 21 44
K -22 35 44
K -12 0 84
K 0 0 84
K 11 21 44
K 11 35 44
J F 0 1658 98 1 1 0 0
K 0 0 205
J N 6 1658 0 2 1 0 1 8
K 0 0 43
A D 1 8
J N 6 1687 7 2 1153 288 1 8
K 0 0 43
A D 1 8
J N 6 1716 0 2 2305 288 1 8
K 0 0 43
A D 1 8
J N 6 1745 14 2 3457 288 1 8
K 0 0 43
A D 1 8
J N 6 1774 7 2 4609 288 1 8
K 0 0 43
A D 1 8
J N 6 1803 0 2 5761 288 1 8
K 0 0 43
A D 1 8
H 8 B 1 0 108 6 2 1 1 1 1 3
J B 10 1836 1 82 6913 288 0
J N 6 1857 -7 2 1 0 1 9
K 0 0 43
A D 1 8
J N 6 1886 0 2 1153 288 1 9
K 0 0 43
A D 1 8
J N 6 1915 -7 2 2305 288 1 9
K 0 0 43
A D 1 8
J N 6 1944 -14 5 3457 288 1 9
K 0 0 45
K 0 0 43
K -1 0 45
K 2 0 45
A D 1 8
J N 6 1973 -7 2 4609 288 1 9
K 0 0 43
A D 1 8
J N 6 2002 0 2 5761 288 1 9
K 0 0 43
A D 1 8
H 9 B 1 0 108 6 2 1 1 1 1 3
J B 11 2035 1 82 6913 288 0
J N 6 2056 7 2 1 0 1 10
K 0 0 43
A D 1 8
J N 6 2085 14 2 1153 288 1 10
K 0 0 43
A D 1 8
J N 6 2114 7 2 2305 288 1 10
K 0 0 43
A D 1 8
J N 6 2143 0 2 3457 288 1 10
K 0 0 43
A D 1 8
J N 6 2172 -7 2 4609 288 1 10
K 0 0 43
A D 1 8
J N 6 2201 7 2 5761 288 1 10
K 0 0 43
A D 1 8
H 10 B 1 0 108 6 2 1 1 1 1 3
J B 12 2234 1 82 6913 288 0
J N 6 2255 -14 5 1 0 1 11
K 0 0 45
K 0 0 43
K -1 0 45
K 2 0 45
A D 1 8
J N 6 2284 -7 2 1153 288 1 11
K 0 0 43
A D 1 8
J N 6 2313 -14 5 2305 288 1 11
K 0 0 45
K 0 0 43
K -1 0 45
K 2 0 45
A D 1 8
J N 6 2342 -21 5 3457 288 1 11
K 0 7 45
K 0 0 43
K 0 7 45
K 1 7 45
A D 1 8
J N 6 2371 -14 5 4609 288 1 11
K 0 0 45
K 0 0 43
K -1 0 45
K 2 0 45
A D 1 8
J N 6 2400 -7 2 5761 288 1 11
K 0 0 43
A D 1 8
H 11 B 1 0 108 6 2 1 1 1 1 3
J B 13 2433 1 82 6913 288 0
J N 6 2454 0 2 1 0 1 12
K 0 0 43
A D 1 8
J N 6 2483 7 2 1153 288 1 12
K 0 0 43
A D 1 8
J N 6 2512 0 2 2305 288 1 12
K 0 0 43
A D 1 8
J N 6 2541 -7 2 3457 288 1 12
K 0 0 43
A D 1 8
J N 6 2570 -14 5 4609 288 1 12
K 0 0 45
K 0 0 43
K -1 0 45
K 2 0 45
A D 1 8
J N 6 2599 0 2 5761 288 1 12
K 0 0 43
A D 1 8
H 12 B 1 0 108 6 2 1 1 1 1 3
J B 14 2632 1 82 6913 288 0
J N 6 2653 -21 5 1 0 1 13
K 0 7 45
K 0 0 43
K 0 7 45
K 1 7 45
A D 1 8
J N 6 2682 28 2 1153 288 1 13
K 0 0 43
A D 1 8
J N 6 2711 14 2 2305 288 1 13
K 0 0 43
A D 1 8
J N 6 2740 21 2 3457 288 1 13
K 0 0 43
A D 1 8
J N 6 2769 14 2 4609 288 1 13
K 0 0 43
A D 1 8
J N 6 2798 28 2 5761 288 1 13
K 0 0 43
A D 1 8
H 13 B 1 0 108 6 2 1 1 1 1 3
J B 15 2831 1 82 6913 288 0
J F 0 2852 98 1 1 0 0
K 0 0 205
J N 6 2852 21 2 1 0 1 14
K 0 0 43
A D 1 8
J N 6 2881 28 2 1153 288 1 14
K 0 0 43
A D 1 8
J N 6 2910 21 2 2305 288 1 14
K 0 0 43
A D 1 8
J N 6 2939 14 2 3457 288 1 14
K 0 0 43
A D 1 8
J N 6 2968 7 2 4609 288 1 14
K 0 0 43
A D 1 8
J N 6 2997 21 2 5761 288 1 14
K 0 0 43
A D 1 8
H 14 B 1 0 108 6 2 1 1 1 1 3
J B 16 3030 1 82 6913 288 0
J N 6 3051 14 2 1 0 1 15
K 0 0 43
A D 1 8
J N 6 3080 21 2 1153 288 1 15
K 0 0 43
A D 1 8
J N 6 3109 14 2 2305 288 1 15
K 0 0 43
A D 1 8
J N 6 3138 7 2 3457 288 1 15
K 0 0 43
A D 1 8
J N 6 3167 0 2 4609 288 1 15
K 0 0 43
A D 1 8
J N 6 3196 14 2 5761 288 1 15
K 0 0 43
A D 1 8
H 15 B 1 0 108 6 2 1 1 1 1 3
J B 17 3229 1 82 6913 288 0
J N 6 3250 7 2 1 0 1 16
K 0 0 43
A D 1 8
J N 6 3279 14 2 1153 288 1 16
K 0 0 43
A D 1 8
J N 6 3308 7 2 2305 288 1 16
K 0 0 43
A D 1 8
J N 6 3337 0 2 3457 288 1 16
K 0 0 43
A D 1 8
J N 6 3366 -7 2 4609 288 1 16
K 0 0 43
A D 1 8
J N 6 3395 7 2 5761 288 1 16
K 0 0 43
A D 1 8
H 16 B 1 0 108 6 2 1 1 1 1 3
J B 18 3428 1 82 6913 288 0
J F 0 3449 98 1 1 0 0
K 0 0 205
J N 6 3449 0 2 1 0 1 17
K 0 0 43
A D 1 8
J N 6 3478 -7 2 1153 288 1 17
K 0 0 43
A D 1 8
J N 6 3507 0 2 2305 288 1 17
K 0 0 43
A D 1 8
J N 6 3536 7 2 3457 288 1 17
K 0 0 43
A D 1 8
J N 6 3565 14 2 4609 288 1 17
K 0 0 43
A D 1 8
J N 6 3594 21 2 5761 288 1 17
K 0 0 43
A D 1 8
H 17 B 1 0 108 6 2 1 1 1 1 3
J B 19 3627 1 82 6913 288 0
J N 6 3648 14 2 1 0 1 18
K 0 0 43
A D 1 8
J N 6 3677 42 2 1153 288 1 18
K 0 0 43
A D 1 8
H 18 B 1 0 108 2 2 3
J F 0 3706 98 1 2305 288 0
K 0 0 203
J N 7 3706 35 4 2305 0 0
K 0 0 43
K 0 0 59
K 0 -21 59
A D 2 8
J F 0 3744 98 1 4609 576 0
K 0 0 202
J N 7 3744 84 8 4609 0 0
K 1 -14 45
K 1 0 45
K 0 0 43
K -1 0 45
K 2 0 45
K 0 0 59
K 0 -28 59
A D 2 8
J B 20 3786 1 82 6913 576 0
J N 8 3807 63 5 1 0 0
K 0 0 42
K 25 0 44
K 0 0 59
K 0 -21 59
A D 6 8
J B 21 3902 6 4 6913 1728 0
K -23 21 44
K -23 35 44
K -13 0 82
K -6 0 84
J N 8 3923 49 5 1 0 0
K 0 0 42
K 0 32 108
K 0 0 59
K 0 -21 59
A D 4 8
J N 7 3976 49 4 4609 1152 0
K 0 0 43
K 0 0 59
K 0 -21 59
A D 2 8
J B 22 4018 1 82 6913 576 0
J F 0 4039 98 2 1 0 0
K 0 0 205
K 0 21 204
J N 7 4039 42 4 1 0 0
K 0 0 43
K 0 0 59
K 0 -21 59
A D 2 8
J F 0 4077 98 2 2305 576 0
K 0 0 204
K 0 21 203
J N 7 4077 35 4 2305 0 0
K 0 0 43
K 0 0 59
K 0 -21 59
A D 2 8
J F 0 4115 98 1 4609 576 0
K 0 21 202
J N 7 4115 84 8 4609 0 0
K 1 -14 45
K 1 0 45
K 0 0 43
K -1 0 45
K 2 0 45
K 0 0 59
K 0 -28 59
A D 2 8
J B 23 4157 1 82 6913 576 0
J N 8 4178 63 5 1 0 0
K 0 0 42
K 25 0 44
K 0 0 59
K 0 -21 59
A D 6 8
J B 0 4263 6 2 6913 1728 0
K -13 0 82
K -6 0 84
J M 0 4263 0 0 10000 0 0
