X 46 1200C 120 Concerto in Bb Major, Op. 6, No. 11                             
X 37 1200C 170 for Strings and Basso continuo                             
X 43 1200C 240 I. Preludio 
S 0 500 360 1750 1066 7 "[...][....]"            
L 0 0 0 0 0 * 0 14 0            
J D 0 -300 21 2 6913 0 0            
W 0 0 39 Violino 1            
W 0 42 33 concertino            
J D 1 75 -37 1 6913 0 0            
W 0 -56 0 (44) I. Preludio:  Violino 1 concertino            
J C 4 5 42 2 6913 0 0            
K 0 0 33            
K 0 0 34            
J K -1 57 0 1 6913 0 0            
K 0 28 65            
J D 5 95 -42 1 6913 0 0            
W 0 0 37 Andante largo            
J T 101 95 42 1 6913 0 0            
K 0 0 37            
J N 8 146 28 4 1 0 0            
K 0 0 42            
K 0 0 60            
K 0 21 60            
A D 8 16            
J N 8 306 21 4 3457 1152 1 1            
K 0 0 42            
K 0 0 60            
K 0 21 60            
A D 8 16            
J B 2 452 1 82 6913 1152 0            
J N 6 473 21 2 1 0 2 2 1            
K 0 0 43            
A D 2 16            
H 1 T 21 0 0 0 0 0 1 0            
J N 6 516 49 2 865 288 1 2            
K 0 0 43            
A D 2 16            
H 2 B 41 13 108 2 2 3            
J N 8 559 28 4 1729 288 0            
K 0 0 42            
K 0 0 60            
K 0 21 60            
A D 8 16            
J N 7 703 35 4 5185 1152 0            
K 0 0 43            
K 0 0 59            
K 0 -21 59            
A D 4 16            
J B 3 777 1 82 6913 576 0            
J N 8 798 42 4 1 0 0            
K 0 0 42            
K 0 0 59            
K 0 -21 59            
A D 8 16            
J N 8 896 70 7 3457 1152 0            
K 1 0 45            
K 0 0 42            
K -1 0 45            
K 2 0 45            
K 0 0 59            
K 0 -21 59            
A D 8 16            
J B 4 986 1 82 6913 1152 0            
J R 9 1038 28 3 1 10000 0            
K 0 0 46            
K 3 -35 101            
A D 16 16            
J B 5 1119 1 82 6913 2304 0            
J N 8 1140 0 4 1 0 0            
K 0 0 42            
K 0 0 60            
K 0 21 60            
A D 8 16            
J N 8 1282 -7 4 3457 1152 1 3            
K 0 0 42            
K 0 0 60            
K 0 21 60            
A D 8 16            
J B 6 1424 1 82 6913 1152 0            
J N 6 1445 -7 2 1 0 2 4 3            
K 0 0 43            
A D 2 16            
H 3 T -7 0 0 0 0 0 1 0            
J N 6 1487 21 2 865 288 1 4            
K 0 0 43            
A D 2 16            
H 4 B -65 4 108 2 2 3            
J N 8 1529 0 4 1729 288 0            
K 0 0 42            
K 0 0 60            
K 0 21 60            
A D 8 16            
J N 7 1678 7 4 5185 1152 0            
K 0 0 43            
K 0 0 60            
K 0 21 60            
A D 4 16            
J B 7 1750 1 82 6913 576 0            
E *            
L 160 0 0 0 0 * 0 14 0            
J D 0 -300 21 2 6913 0 0            
W 0 0 39 Violino 2            
W 0 42 33 concertino            
J D 1 75 -37 1 6913 0 0            
W 0 -56 0 (44) I. Preludio:  Violino 2 concertino            
J C 4 5 42 2 6913 0 0            
K 0 0 33            
K 0 0 34            
J K -1 57 0 1 6913 0 0            
K 0 28 65            
J D 5 95 -42 1 6913 0 0            
W 0 0 0 (37) Andante largo            
J T 101 95 42 1 6913 0 0            
K 0 0 37            
J R 7 146 28 2 1 0 0            
K 0 0 48            
A D 4 16            
J N 8 228 28 4 1729 576 0            
K 0 0 42            
K 0 0 60            
K 0 21 60            
A D 8 16            
J N 7 378 35 4 5185 1152 0            
K 0 0 43            
K 0 0 59            
K 0 -21 59            
A D 4 16            
J B 2 452 1 82 6913 576 0            
J N 8 473 14 4 1 0 0            
K 0 0 42            
K 0 0 60            
K 0 21 60            
A D 8 16            
J N 8 631 21 4 3457 1152 0            
K 0 0 42            
K 0 0 60            
K 0 21 60            
A D 8 16            
J B 3 777 1 82 6913 1152 0            
J N 8 798 28 4 1 0 0            
K 0 0 42            
K 0 0 60            
K 0 21 60            
A D 8 16            
J N 8 896 35 4 3457 1152 0            
K 0 0 42            
K 0 0 59            
K 0 -21 59            
A D 8 16            
J B 4 986 1 82 6913 1152 0            
J R 9 1038 28 3 1 10000 0            
K 0 0 46            
K 3 -35 101            
A D 16 16            
J B 5 1119 1 82 6913 2304 0            
J R 7 1140 28 2 1 0 0            
K 0 0 48            
A D 4 16            
J N 8 1212 0 4 1729 576 0            
K 0 0 42            
K 0 0 60            
K 0 21 60            
A D 8 16            
J N 7 1352 7 4 5185 1152 0            
K 0 0 43            
K 0 0 60            
K 0 21 60            
A D 4 16            
J B 6 1424 1 82 6913 576 0            
J N 8 1445 -14 7 1 0 0            
K 0 0 45            
K 0 0 42            
K -1 0 45            
K 2 0 45            
K 0 0 60            
K 0 21 60            
A D 8 16            
J N 8 1608 -7 4 3457 1152 0            
K 0 0 42            
K 0 0 60            
K 0 21 60            
A D 8 16            
J B 7 1750 1 82 6913 1152 0            
E *            
L 320 0 0 0 0 * 0 14 0            
J D 0 -300 21 2 6913 0 0            
W 0 0 39 Violoncello            
W 0 42 33 concertino            
J D 1 75 -37 1 6913 0 0            
W 0 -56 0 (44) I. Preludio:  Violoncello concertino            
J C 22 5 14 36 6913 0 0            
J K -1 57 0 1 6913 0 0            
K 0 42 65            
J D 5 95 -42 1 6913 0 0            
W 0 0 0 (37) Andante largo            
J T 101 95 42 1 6913 0 0            
K 0 0 37            
J N 6 146 42 2 1 0 1 1            
K 0 0 43            
A D 1 8            
J N 6 192 35 2 865 288 1 1            
K 0 0 43            
A D 1 8            
J N 6 228 28 2 1729 288 1 1            
K 0 0 43            
A D 1 8            
J N 6 264 42 2 2593 288 1 1            
K 0 0 43            
A D 1 8            
H 1 B 56 0 108 4 2 1 1 3            
J F 0 306 98 2 3457 288 0            
K 0 0 205            
K 0 21 204            
J N 6 306 21 3 3457 0 1 2            
K -15 0 65            
K 0 0 43            
A D 1 8            
J N 6 342 35 2 4321 288 1 2            
K 0 0 43            
A D 1 8            
J F 0 378 98 1 5185 288 0            
K 0 0 202            
J N 6 378 14 2 5185 0 1 2            
K 0 0 43            
A D 1 8            
J N 6 414 63 2 6049 288 1 2            
K 0 0 43            
A D 1 8            
H 2 B 49 3 108 4 2 1 1 3            
J B 2 452 1 82 6913 288 0            
J F 0 473 98 1 1 0 0            
K 0 0 208            
J N 6 473 42 2 1 0 1 3            
K 0 0 43            
A D 1 8            
J N 6 516 35 2 865 288 1 3            
K 0 0 43            
A D 1 8            
J F 0 559 98 1 1729 288 0            
K 0 0 205            
J N 6 559 28 2 1729 0 1 3            
K 0 0 43            
A D 1 8            
J N 6 595 21 2 2593 288 1 3            
K 0 0 43            
A D 1 8            
H 3 B 50 -3 108 4 2 1 1 3            
J F 0 631 98 1 3457 288 0            
K 0 0 203            
J N 6 631 14 2 3457 0 1 4            
K 0 0 43            
A D 1 8            
J N 6 667 35 2 4321 288 1 4            
K 0 0 43            
A D 1 8            
H 4 B -59 4 108 2 2 3            
J F 0 703 98 1 5185 288 0            
K 0 0 202            
J N 7 703 14 4 5185 0 1 5            
K 0 0 43            
K 0 0 60            
K 0 21 60            
A D 2 8            
J B 3 777 1 82 6913 576 0            
J F 0 798 98 2 1 0 0            
K 0 0 203            
K 0 21 201            
J N 7 798 14 4 1 0 1 5            
K 0 0 43            
K 0 0 60            
K 0 21 60            
A D 2 8            
H 5 T 14 0 0 0 0 0 5 0            
J F 0 847 98 2 1729 576 0            
K 0 0 205            
K 0 21 204            
J N 7 847 21 4 1729 0 0            
K 0 0 43            
K 0 0 60            
K 0 21 60            
A D 2 8            
J N 8 896 14 4 3457 576 0            
K 0 0 42            
K 0 0 60            
K 0 21 60            
A D 4 8            
J B 4 986 1 82 6913 1152 0            
J R 9 1038 28 3 1 10000 0            
K 0 0 46            
K 3 -35 101            
A D 8 8            
J B 5 1119 1 82 6913 2304 0            
J N 6 1140 14 2 1 0 1 6            
K 0 0 43            
A D 1 8            
J N 6 1176 7 2 865 288 1 6            
K 0 0 43            
A D 1 8            
J N 6 1212 0 2 1729 288 1 6            
K 0 0 43            
A D 1 8            
J N 6 1247 14 2 2593 288 1 6            
K 0 0 43            
A D 1 8            
H 6 B -46 0 108 4 2 1 1 3            
J F 0 1282 98 2 3457 288 0            
K 0 0 205            
K 0 21 204            
J N 6 1282 -7 2 3457 0 1 7            
K 0 0 43            
A D 1 8            
J N 6 1317 7 2 4321 288 1 7            
K 0 0 43            
A D 1 8            
J F 0 1352 103 1 5185 288 0            
K 0 0 202            
J N 6 1352 -14 5 5185 0 1 7            
K 0 0 45            
K 0 0 43            
K -1 0 45            
K 2 0 45            
A D 1 8            
J N 6 1387 35 2 6049 288 1 7            
K 0 0 43            
A D 1 8            
H 7 B -69 7 108 4 2 1 1 3            
J B 6 1424 1 82 6913 288 0            
J F 0 1445 98 1 1 0 0            
K 0 0 208            
J N 6 1445 14 2 1 0 1 8            
K 0 0 43            
A D 1 8            
J N 6 1487 7 2 865 288 1 8            
K 0 0 43            
A D 1 8            
J F 0 1529 98 1 1729 288 0            
K 0 0 205            
J N 6 1529 0 2 1729 0 1 8            
K 0 0 43            
A D 1 8            
J N 6 1573 -7 3 2593 288 1 8            
K -14 0 64            
K 0 0 43            
A D 1 8            
H 8 B -45 -3 108 4 2 1 1 3            
J F 0 1608 98 1 3457 288 0            
K 0 0 203            
J N 6 1608 -14 5 3457 0 1 9            
K 0 0 45            
K 0 0 43            
K -1 0 45            
K 2 0 45            
A D 1 8            
J N 6 1643 7 2 4321 288 1 9            
K 0 0 43            
A D 1 8            
H 9 B -59 4 108 2 2 3            
J F 0 1678 98 1 5185 288 0            
K 0 0 202            
J N 7 1678 -14 7 5185 0 1 10            
K 0 0 45            
K 0 0 43            
K -1 0 45            
K 2 0 45            
K 0 0 60            
K 0 21 60            
A D 2 8            
J B 7 1750 1 82 6913 576 0            
J M 0 1750 0 0 6913 0 1 10            
H 10 T -14 0 0 0 0 0 5 0            
E *            
L 530 0 0 0 0 * 0 14 0            
J D 0 -300 21 2 6913 0 0            
W 0 0 39 Violino 1            
W 0 42 33 concerto grosso            
J D 1 75 -37 1 6913 0 0            
W 0 -56 0 (44) I. Preludio:  Violino 1 concerto grosso            
J C 4 5 42 2 6913 0 0            
K 0 0 33            
K 0 0 34            
J K -1 57 0 1 6913 0 0            
K 0 28 65            
J D 5 95 -42 1 6913 0 0            
W 0 0 0 (37) Andante largo            
J T 101 95 42 1 6913 0 0            
K 0 0 37            
J N 8 146 28 4 1 0 0            
K 0 0 42            
K 0 0 60            
K 0 21 60            
A D 8 16            
J N 8 306 21 4 3457 1152 1 1            
K 0 0 42            
K 0 0 60            
K 0 21 60            
A D 8 16            
J B 2 452 1 82 6913 1152 0            
J N 6 473 21 2 1 0 2 2 1            
K 0 0 43            
A D 2 16            
H 1 T 21 0 0 0 0 0 1 0            
J N 6 516 49 2 865 288 1 2            
K 0 0 43            
A D 2 16            
H 2 B 41 13 108 2 2 3            
J N 8 559 28 4 1729 288 0            
K 0 0 42            
K 0 0 60            
K 0 21 60            
A D 8 16            
J N 7 703 35 4 5185 1152 0            
K 0 0 43            
K 0 0 59            
K 0 -21 59            
A D 4 16            
J B 3 777 1 82 6913 576 0            
J N 8 798 42 4 1 0 0            
K 0 0 42            
K 0 0 59            
K 0 -21 59            
A D 8 16            
J N 8 896 70 7 3457 1152 0            
K 1 0 45            
K 0 0 42            
K -1 0 45            
K 2 0 45            
K 0 0 59            
K 0 -21 59            
A D 8 16            
J B 4 986 1 82 6913 1152 0            
J R 9 1038 28 3 1 10000 0            
K 0 0 46            
K 3 -35 101            
A D 16 16            
J B 5 1119 1 82 6913 2304 0            
J N 8 1140 0 4 1 0 0            
K 0 0 42            
K 0 0 60            
K 0 21 60            
A D 8 16            
J N 8 1282 -7 4 3457 1152 1 3            
K 0 0 42            
K 0 0 60            
K 0 21 60            
A D 8 16            
J B 6 1424 1 82 6913 1152 0            
J N 6 1445 -7 2 1 0 2 4 3            
K 0 0 43            
A D 2 16            
H 3 T -7 0 0 0 0 0 1 0            
J N 6 1487 21 2 865 288 1 4            
K 0 0 43            
A D 2 16            
H 4 B -65 4 108 2 2 3            
J N 8 1529 0 4 1729 288 0            
K 0 0 42            
K 0 0 60            
K 0 21 60            
A D 8 16            
J N 7 1678 7 4 5185 1152 0            
K 0 0 43            
K 0 0 60            
K 0 21 60            
A D 4 16            
J B 7 1750 1 82 6913 576 0            
E *            
L 690 0 0 0 0 * 0 14 0            
J D 0 -300 21 2 6913 0 0            
W 0 0 39 Violino 2            
W 0 42 33 concerto grosso            
J D 1 75 -37 1 6913 0 0            
W 0 -56 0 (44) I. Preludio:  Violino 2 concerto grosso            
J C 4 5 42 2 6913 0 0            
K 0 0 33            
K 0 0 34            
J K -1 57 0 1 6913 0 0            
K 0 28 65            
J D 5 95 -42 1 6913 0 0            
W 0 0 0 (37) Andante largo            
J T 101 95 42 1 6913 0 0            
K 0 0 37            
J R 7 146 28 2 1 0 0            
K 0 0 48            
A D 4 16            
J N 8 228 28 4 1729 576 0            
K 0 0 42            
K 0 0 60            
K 0 21 60            
A D 8 16            
J N 7 378 35 4 5185 1152 0            
K 0 0 43            
K 0 0 59            
K 0 -21 59            
A D 4 16            
J B 2 452 1 82 6913 576 0            
J N 8 473 14 4 1 0 0            
K 0 0 42            
K 0 0 60            
K 0 21 60            
A D 8 16            
J N 8 631 21 4 3457 1152 0            
K 0 0 42            
K 0 0 60            
K 0 21 60            
A D 8 16            
J B 3 777 1 82 6913 1152 0            
J N 8 798 28 4 1 0 0            
K 0 0 42            
K 0 0 60            
K 0 21 60            
A D 8 16            
J N 8 896 35 4 3457 1152 0            
K 0 0 42            
K 0 0 59            
K 0 -21 59            
A D 8 16            
J B 4 986 1 82 6913 1152 0            
J R 9 1038 28 3 1 10000 0            
K 0 0 46            
K 3 -35 101            
A D 16 16            
J B 5 1119 1 82 6913 2304 0            
J R 7 1140 28 2 1 0 0            
K 0 0 48            
A D 4 16            
J N 8 1212 0 4 1729 576 0            
K 0 0 42            
K 0 0 60            
K 0 21 60            
A D 8 16            
J N 7 1352 7 4 5185 1152 0            
K 0 0 43            
K 0 0 60            
K 0 21 60            
A D 4 16            
J B 6 1424 1 82 6913 576 0            
J N 8 1445 -14 7 1 0 0            
K 0 0 45            
K 0 0 42            
K -1 0 45            
K 2 0 45            
K 0 0 60            
K 0 21 60            
A D 8 16            
J N 8 1608 -7 4 3457 1152 0            
K 0 0 42            
K 0 0 60            
K 0 21 60            
A D 8 16            
J B 7 1750 1 82 6913 1152 0            
E *            
L 850 0 0 0 0 * 0 14 0            
J D 0 -300 42 1 6913 0 0            
W 0 0 39 Viola            
J D 1 75 -37 1 6913 0 0            
W 0 -56 0 (44) I. Preludio:  Viola            
J C 13 5 28 35 6913 0 0            
J K -1 57 0 1 6913 0 0            
K 0 35 65            
J D 5 95 -42 1 6913 0 0            
W 0 0 0 (37) Andante largo            
J T 101 95 42 1 6913 0 0            
K 0 0 37            
J N 6 146 21 2 1 0 1 1            
K 0 0 43            
A D 1 8            
J N 6 192 14 3 865 288 1 1            
K -15 0 65            
K 0 0 43            
A D 1 8            
J N 6 228 7 2 1729 288 1 1            
K 0 0 43            
A D 1 8            
J N 6 264 21 2 2593 288 1 1            
K 0 0 43            
A D 1 8            
H 1 B -42 0 108 4 2 1 1 3            
J N 6 306 0 2 3457 288 1 2            
K 0 0 43            
A D 1 8            
J N 6 342 14 2 4321 288 1 2            
K 0 0 43            
A D 1 8            
H 2 B -57 4 108 2 2 3            
J N 7 378 7 4 5185 288 0            
K 0 0 43            
K 0 0 60            
K 0 21 60            
A D 2 8            
J B 2 452 1 82 6913 576 0            
J N 7 473 7 4 1 0 0            
K 0 0 43            
K 0 0 60            
K 0 21 60            
A D 2 8            
J R 7 559 28 2 1729 576 0            
K 0 0 48            
A D 2 8            
J N 6 631 7 2 3457 576 1 3            
K 0 0 43            
A D 1 8            
J N 6 667 0 2 4321 288 1 3            
K 0 0 43            
A D 1 8            
J N 6 703 -7 2 5185 288 1 3            
K 0 0 43            
A D 1 8            
J N 6 739 7 2 6049 288 1 3            
K 0 0 43            
A D 1 8            
H 3 B -49 0 108 4 2 1 1 3            
J B 3 777 1 82 6913 288 0            
J N 7 798 0 4 1 0 0            
K 0 0 43            
K 0 0 60            
K 0 21 60            
A D 2 8            
J N 7 847 28 4 1729 576 0            
K 0 0 43            
K 0 0 60            
K 0 21 60            
A D 2 8            
J N 8 896 28 4 3457 576 0            
K 0 0 42            
K 0 0 60            
K 0 21 60            
A D 4 8            
J B 4 986 1 82 6913 1152 0            
J R 9 1038 28 3 1 10000 0            
K 0 0 46            
K 3 -35 101            
A D 8 8            
J B 5 1119 1 82 6913 2304 0            
J N 6 1140 -7 2 1 0 1 4            
K 0 0 43            
A D 1 8            
J N 6 1176 -14 5 865 288 1 4            
K 0 0 45            
K 0 0 43            
K -1 0 45            
K 2 0 45            
A D 1 8            
J N 6 1212 -21 5 1729 288 1 4            
K 0 7 45            
K 0 0 43            
K 0 7 45            
K 1 7 45            
A D 1 8            
J N 6 1247 -7 2 2593 288 1 4            
K 0 0 43            
A D 1 8            
H 4 B -49 0 108 4 2 1 1 3            
J N 6 1282 -28 6 3457 288 1 5            
K 0 14 45            
K 0 0 45            
K 0 0 43            
K -1 0 45            
K 2 0 45            
A D 1 8            
J N 6 1317 -14 5 4321 288 1 5            
K 0 0 45            
K 0 0 43            
K -1 0 45            
K 2 0 45            
A D 1 8            
H 5 B -57 3 108 2 2 3            
J N 7 1352 -21 7 5185 288 0            
K 0 7 45            
K 0 0 43            
K 0 7 45            
K 1 7 45            
K 0 0 60            
K 0 21 60            
A D 2 8            
J B 6 1424 1 82 6913 576 0            
J N 7 1445 -21 7 1 0 0            
K 0 7 45            
K 0 0 43            
K 0 7 45            
K 1 7 45            
K 0 0 60            
K 0 21 60            
A D 2 8            
J R 7 1529 28 2 1729 576 0            
K 0 0 48            
A D 2 8            
J N 6 1608 28 2 3457 576 1 6            
K 0 0 43            
A D 1 8            
J N 6 1643 21 2 4321 288 1 6            
K 0 0 43            
A D 1 8            
J N 6 1678 14 2 5185 288 1 6            
K 0 0 43            
A D 1 8            
J N 6 1713 28 2 6049 288 1 6            
K 0 0 43            
A D 1 8            
H 6 B -42 0 108 4 2 1 1 3            
J B 7 1750 1 82 6913 288 0            
E *            
L 1010 0 0 0 0 * 0 14 0            
J D 0 -300 21 2 6913 0 0            
W 0 0 39 Basso            
W 0 42 33 concerto grosso            
J D 1 75 -37 1 6913 0 0            
W 0 -56 0 (44) I. Preludio:  Basso concerto grosso            
J C 22 5 14 36 6913 0 0            
J K -1 57 0 1 6913 0 0            
K 0 42 65            
J D 5 86 -42 1 6913 0 0            
W 0 0 0 (37) Andante largo            
J T 404 95 0 2 6913 0 0            
K -10 28 75            
K -10 56 75            
J N 6 146 42 2 1 0 1 1            
K 0 0 43            
A D 1 8            
J N 6 192 35 2 865 288 1 1            
K 0 0 43            
A D 1 8            
J N 6 228 28 2 1729 288 1 1            
K 0 0 43            
A D 1 8            
J N 6 264 42 2 2593 288 1 1            
K 0 0 43            
A D 1 8            
H 1 B 56 0 108 4 2 1 1 3            
J F 0 306 98 2 3457 288 0            
K 0 0 205            
K 0 21 204            
J N 6 306 21 3 3457 0 1 2            
K -15 0 65            
K 0 0 43            
A D 1 8            
J N 6 342 35 2 4321 288 1 2            
K 0 0 43            
A D 1 8            
J F 0 378 98 1 5185 288 0            
K 0 0 202            
J N 6 378 14 2 5185 0 1 2            
K 0 0 43            
A D 1 8            
J N 6 414 63 2 6049 288 1 2            
K 0 0 43            
A D 1 8            
H 2 B 49 3 108 4 2 1 1 3            
J B 2 452 1 82 6913 288 0            
J F 0 473 98 1 1 0 0            
K 0 0 208            
J N 6 473 42 2 1 0 1 3            
K 0 0 43            
A D 1 8            
J N 6 516 35 2 865 288 1 3            
K 0 0 43            
A D 1 8            
J F 0 559 98 1 1729 288 0            
K 0 0 205            
J N 6 559 28 2 1729 0 1 3            
K 0 0 43            
A D 1 8            
J N 6 595 21 2 2593 288 1 3            
K 0 0 43            
A D 1 8            
H 3 B 50 -3 108 4 2 1 1 3            
J F 0 631 98 1 3457 288 0            
K 0 0 203            
J N 6 631 14 2 3457 0 1 4            
K 0 0 43            
A D 1 8            
J N 6 667 35 2 4321 288 1 4            
K 0 0 43            
A D 1 8            
H 4 B -59 4 108 2 2 3            
J F 0 703 98 1 5185 288 0            
K 0 0 202            
J N 7 703 14 4 5185 0 1 5            
K 0 0 43            
K 0 0 60            
K 0 21 60            
A D 2 8            
J B 3 777 1 82 6913 576 0            
J F 0 798 98 2 1 0 0            
K 0 0 203            
K 0 21 201            
J N 7 798 14 4 1 0 1 5            
K 0 0 43            
K 0 0 60            
K 0 21 60            
A D 2 8            
H 5 T 14 0 0 0 0 0 5 0            
J F 0 847 98 2 1729 576 0            
K 0 0 205            
K 0 21 204            
J N 7 847 21 4 1729 0 0            
K 0 0 43            
K 0 0 60            
K 0 21 60            
A D 2 8            
J N 8 896 14 4 3457 576 0            
K 0 0 42            
K 0 0 60            
K 0 21 60            
A D 4 8            
J B 4 986 1 82 6913 1152 0            
J R 9 1038 28 3 1 10000 0            
K 0 0 46            
K 3 -35 101            
A D 8 8            
J B 5 1119 1 82 6913 2304 0            
J N 6 1140 14 2 1 0 1 6            
K 0 0 43            
A D 1 8            
J N 6 1176 7 2 865 288 1 6            
K 0 0 43            
A D 1 8            
J N 6 1212 0 2 1729 288 1 6            
K 0 0 43            
A D 1 8            
J N 6 1247 14 2 2593 288 1 6            
K 0 0 43            
A D 1 8            
H 6 B -46 0 108 4 2 1 1 3            
J F 0 1282 98 2 3457 288 0            
K 0 0 205            
K 0 21 204            
J N 6 1282 -7 2 3457 0 1 7            
K 0 0 43            
A D 1 8            
J N 6 1317 7 2 4321 288 1 7            
K 0 0 43            
A D 1 8            
J F 0 1352 104 1 5185 288 0            
K 0 0 202            
J N 6 1352 -14 5 5185 0 1 7            
K 0 0 45            
K 0 0 43            
K -1 0 45            
K 2 0 45            
A D 1 8            
J N 6 1387 35 2 6049 288 1 7            
K 0 0 43            
A D 1 8            
H 7 B -69 7 108 4 2 1 1 3            
J B 6 1424 1 82 6913 288 0            
J F 0 1445 98 1 1 0 0            
K 0 0 208            
J N 6 1445 14 2 1 0 1 8            
K 0 0 43            
A D 1 8            
J N 6 1487 7 2 865 288 1 8            
K 0 0 43            
A D 1 8            
J F 0 1529 98 1 1729 288 0            
K 0 0 205            
J N 6 1529 0 2 1729 0 1 8            
K 0 0 43            
A D 1 8            
J N 6 1573 -7 3 2593 288 1 8            
K -14 0 64            
K 0 0 43            
A D 1 8            
H 8 B -45 -3 108 4 2 1 1 3            
J F 0 1608 98 1 3457 288 0            
K 0 0 203            
J N 6 1608 -14 5 3457 0 1 9            
K 0 0 45            
K 0 0 43            
K -1 0 45            
K 2 0 45            
A D 1 8            
J N 6 1643 7 2 4321 288 1 9            
K 0 0 43            
A D 1 8            
H 9 B -59 4 108 2 2 3            
J F 0 1678 98 1 5185 288 0            
K 0 0 202            
J N 7 1678 -14 7 5185 0 1 10            
K 0 0 45            
K 0 0 43            
K -1 0 45            
K 2 0 45            
K 0 0 60            
K 0 21 60            
A D 2 8            
J B 7 1750 1 82 6913 576 0            
J M 0 1750 0 0 6913 0 1 10            
H 10 T -14 0 0 0 0 0 5 0            
E *            
B 1 452 0            
B 1 777 0            
B 1 986 0            
B 1 1119 0            
B 1 1424 0            
B 1 1750 0            
S 0 200 1730 2050 1066 7 "[...][....]"            
L 0 0 0 313 313 * 0 14 0            
J C 4 5 42 2 6913 0 0            
K 0 0 33            
K 0 0 34            
J K -1 57 0 1 6913 0 0            
K 0 28 65            
J D 0 5 -14 1 6913 0 0            
W 0 0 37 \07            
J N 8 113 14 4 1 0 0            
K 0 0 42            
K 0 0 60            
K 0 21 60            
A D 8 16            
J N 8 228 42 4 3457 1152 0            
K 0 0 42            
K 0 0 59            
K 0 -21 59            
A D 8 16            
J B 8 316 1 82 6913 1152 0            
J R 9 373 28 3 1 10000 0            
K 0 0 46            
K 3 -35 101            
A D 16 16            
J B 9 458 1 82 6913 2304 0            
J R 7 479 28 2 1 0 0            
K 0 0 48            
A D 4 16            
J N 7 565 -7 4 1729 576 1 5            
K 0 0 43            
K 0 0 60            
K 0 21 60            
A D 4 16            
J N 6 651 -7 2 3457 576 2 6 5            
K 0 0 43            
A D 2 16            
H 5 T -7 0 0 0 0 0 1 0            
J N 6 694 21 2 4321 288 1 6            
K 0 0 43            
A D 2 16            
H 6 B -51 13 108 2 2 3            
J N 7 737 0 4 5185 288 1 7            
K 0 0 43            
K 0 0 60            
K 0 21 60            
A D 4 16            
J B 10 857 1 82 6913 576 0            
J N 6 878 0 2 1 0 2 8 7            
K 0 0 43            
A D 2 16            
H 7 T 0 0 0 0 0 0 5 0            
J N 6 921 7 2 865 288 1 8            
K 0 0 43            
A D 2 16            
H 8 B -45 3 108 2 2 3            
J N 6 964 7 2 1729 288 1 9            
K 0 0 43            
A D 2 16            
J N 5 1007 14 2 2593 288 2 10 9            
K 0 0 43            
A D 1 16            
J N 5 1036 21 2 3025 144 2 9 10            
K 0 0 43            
A D 1 16            
H 9 B -51 2 108 3 2 21 33            
H 10 S 0 0 0 0 0 0 0 0 0            
J N 6 1065 14 2 3457 144 1 11            
K 0 0 43            
A D 2 16            
J N 6 1108 42 2 4321 288 1 11            
K 0 0 43            
A D 2 16            
H 11 B -52 13 108 2 2 3            
J N 7 1151 -7 4 5185 288 1 12            
K 0 0 43            
K 0 0 60            
K 0 21 60            
A D 4 16            
J B 11 1256 1 82 6913 576 0            
J N 6 1277 -7 2 1 0 2 13 12            
K 0 0 43            
A D 2 16            
H 12 T -7 0 0 0 0 0 1 0            
J N 6 1320 0 2 865 288 1 13            
K 0 0 43            
A D 2 16            
H 13 B -50 3 108 2 2 3            
J N 6 1363 0 2 1729 288 1 14            
K 0 0 43            
A D 2 16            
J N 5 1406 7 2 2593 288 2 15 14            
K 0 0 43            
A D 1 16            
J N 5 1435 14 2 3025 144 2 14 15            
K 0 0 43            
A D 1 16            
H 14 B -58 2 108 3 2 21 33            
H 15 S 0 0 0 0 0 0 0 0 0            
J N 6 1464 7 2 3457 144 1 16            
K 0 0 43            
A D 2 16            
J N 6 1507 35 2 4321 288 1 16            
K 0 0 43            
A D 2 16            
H 16 B -51 13 108 2 2 3            
J N 7 1550 -14 7 5185 288 1 17            
K 0 0 45            
K 0 0 43            
K -1 0 45            
K 2 0 45            
K 0 0 60            
K 0 21 60            
A D 4 16            
J B 12 1655 1 82 6913 576 0            
J N 6 1676 -14 5 1 0 2 18 17            
K 0 0 45            
K 0 0 43            
K -1 0 45            
K 2 0 45            
A D 2 16            
H 17 T -14 0 0 0 0 0 5 0            
J N 5 1719 -7 2 865 288 2 19 18            
K 0 0 43            
A D 1 16            
J N 5 1748 0 2 1297 144 2 18 19            
K 0 0 43            
A D 1 16            
H 18 B -58 2 108 3 2 21 33            
H 19 S 0 0 0 0 0 0 0 0 0            
J N 7 1777 -7 4 1729 144 1 20            
K 0 0 43            
K 0 0 60            
K 0 21 60            
A D 4 16            
J N 6 1878 -7 2 3457 576 2 21 20            
K 0 0 43            
A D 2 16            
H 20 T -7 0 0 0 0 0 1 0            
J N 6 1921 21 2 4321 288 1 21            
K 0 0 43            
A D 2 16            
H 21 B -51 13 108 2 2 3            
J N 7 1964 0 4 5185 288 1 22            
K 0 0 43            
K 0 0 60            
K 0 21 60            
A D 4 16            
J B 13 2050 1 82 6913 576 0            
J M 0 2050 0 0 6913 0 1 22            
H 22 T 0 0 0 0 0 0 5 0            
E *            
L 160 0 0 313 313 * 0 14 0            
J C 4 5 42 2 6913 0 0            
K 0 0 33            
K 0 0 34            
J K -1 57 0 1 6913 0 0            
K 0 28 65            
J D 0 5 -14 1 6913 0 0            
W 0 0 0 \07            
J N 8 113 0 4 1 0 0            
K 0 0 42            
K 0 0 60            
K 0 21 60            
A D 8 16            
J N 8 228 7 4 3457 1152 0            
K 0 0 42            
K 0 0 60            
K 0 21 60            
A D 8 16            
J B 8 316 1 82 6913 1152 0            
J R 9 373 28 3 1 10000 0            
K 0 0 46            
K 3 -35 101            
A D 16 16            
J B 9 458 1 82 6913 2304 0            
J N 7 479 21 5 1 0 0            
K 0 0 43            
K 25 0 44            
K 0 0 60            
K 0 21 60            
A D 6 16            
J N 6 608 28 3 2593 864 0            
K 0 0 43            
K 0 0 54            
A D 2 16            
J N 7 651 35 4 3457 288 1 1            
K 0 0 43            
K 0 0 59            
K 0 -21 59            
A D 4 16            
J N 5 737 35 2 5185 576 2 2 1            
K 0 0 43            
A D 1 16            
H 1 T 35 0 0 0 0 0 9 0            
J N 5 766 21 2 5617 144 1 2            
K 0 0 43            
A D 1 16            
J N 5 795 28 2 6049 144 1 2            
K 0 0 43            
A D 1 16            
J N 5 824 35 2 6481 144 1 2            
K 0 0 43            
A D 1 16            
H 2 B 59 0 108 4 22 11 11 33            
J B 10 857 1 82 6913 144 0            
J N 6 878 42 2 1 0 1 3            
K 0 0 43            
A D 2 16            
J N 6 921 70 5 865 288 1 3            
K 1 0 45            
K 0 0 43            
K -1 0 45            
K 2 0 45            
A D 2 16            
H 3 B 48 13 108 2 2 3            
J N 7 964 21 4 1729 288 1 4            
K 0 0 43            
K 0 0 60            
K 0 21 60            
A D 4 16            
J N 6 1065 21 2 3457 576 2 5 4            
K 0 0 43            
A D 2 16            
H 4 T 21 0 0 0 0 0 1 0            
J N 6 1108 28 2 4321 288 1 5            
K 0 0 43            
A D 2 16            
H 5 B -50 3 108 2 2 3            
J N 6 1151 28 2 5185 288 1 6            
K 0 0 43            
A D 2 16            
J N 5 1194 35 2 6049 288 2 7 6            
K 0 0 43            
A D 1 16            
J N 5 1223 42 2 6481 144 2 6 7            
K 0 0 43            
A D 1 16            
H 6 B 45 2 108 3 2 21 33            
H 7 S 12 0 0 0 0 0 0 0 0            
J B 11 1256 1 82 6913 144 0            
J N 6 1277 35 2 1 0 1 8            
K 0 0 43            
A D 2 16            
J N 6 1320 63 2 865 288 1 8            
K 0 0 43            
A D 2 16            
H 8 B 41 13 108 2 2 3            
J N 7 1363 14 4 1729 288 1 9            
K 0 0 43            
K 0 0 60            
K 0 21 60            
A D 4 16            
J N 6 1464 14 2 3457 576 2 10 9            
K 0 0 43            
A D 2 16            
H 9 T 14 0 0 0 0 0 5 0            
J N 6 1507 21 2 4321 288 1 10            
K 0 0 43            
A D 2 16            
H 10 B -45 3 108 2 2 3            
J N 6 1550 21 2 5185 288 1 11            
K 0 0 43            
A D 2 16            
J N 5 1593 28 2 6049 288 2 12 11            
K 0 0 43            
A D 1 16            
J N 5 1622 35 2 6481 144 2 11 12            
K 0 0 43            
A D 1 16            
H 11 B -52 3 108 3 2 21 33            
H 12 S 0 0 0 0 0 0 0 0 0            
J B 12 1655 1 82 6913 144 0            
J N 7 1676 28 5 1 0 0            
K 0 0 43            
K 24 -6 44            
K 0 0 60            
K 0 21 60            
A D 6 16            
J N 5 1820 35 2 2593 864 2 13 14            
K 0 0 43            
A D 1 16            
J N 5 1849 42 2 3025 144 2 14 13            
K 0 0 43            
A D 1 16            
H 14 B 40 4 108 2 22 33            
H 13 S 12 0 0 0 0 0 0 0 0            
J N 7 1878 35 5 3457 144 0            
K 0 0 43            
K 25 0 44            
K 0 0 59            
K 0 -21 59            
A D 6 16            
J N 6 2007 21 3 6049 864 0            
K 0 0 43            
K 0 0 54            
A D 2 16            
J B 13 2050 1 82 6913 288 0            
E *            
L 320 0 0 313 313 * 0 14 0            
J C 22 5 14 36 6913 0 0            
J K -1 57 0 1 6913 0 0            
K 0 42 65            
J D 0 5 -14 1 6913 0 0            
W 0 0 0 \07            
J F 0 113 98 2 1 0 0            
K 0 0 203            
K 0 21 201            
J N 7 113 -14 7 1 0 1 10            
K 0 0 45            
K 0 0 43            
K -1 0 45            
K 2 0 45            
K 0 0 60            
K 0 21 60            
A D 2 8            
J M 0 61 0 0 6913 0 1 10            
H 10 T -14 0 0 0 0 0 5 0            
J F 0 171 98 2 1729 576 0            
K 0 0 205            
K 0 21 204            
J N 7 171 -7 5 1729 0 0            
K -14 0 64            
K 0 0 43            
K 0 0 60            
K 0 21 60            
A D 2 8            
J N 8 228 -14 7 3457 576 0            
K 0 0 45            
K 0 0 42            
K -1 0 45            
K 2 0 45            
K 0 0 60            
K 0 21 60            
A D 4 8            
J B 8 316 1 82 6913 1152 0            
J R 9 373 28 3 1 10000 0            
K 0 0 46            
K 3 -35 101            
A D 8 8            
J B 9 458 1 82 6913 2304 0            
J N 6 479 35 2 1 0 1 11            
K 0 0 43            
A D 1 8            
J N 6 522 28 2 865 288 1 11            
K 0 0 43            
A D 1 8            
J N 6 565 21 2 1729 288 1 11            
K 0 0 43            
A D 1 8            
J N 6 608 35 2 2593 288 1 11            
K 0 0 43            
A D 1 8            
H 11 B -42 0 108 4 2 1 1 3            
J F 0 651 98 1 3457 288 0            
K 0 0 208            
J N 6 651 14 2 3457 0 1 12            
K 0 0 43            
A D 1 8            
J N 6 694 7 2 4321 288 1 12            
K 0 0 43            
A D 1 8            
J F 0 737 98 1 5185 288 0            
K 0 0 205            
J N 6 737 0 2 5185 0 1 12            
K 0 0 43            
A D 1 8            
J N 6 795 14 2 6049 288 1 12            
K 0 0 43            
A D 1 8            
H 12 B -46 0 108 4 2 1 1 3            
J B 10 857 1 82 6913 288 0            
J F 0 878 98 1 1 0 0            
K 0 0 203            
J N 7 878 -14 7 1 0 0            
K 0 0 45            
K 0 0 43            
K -1 0 45            
K 2 0 45            
K 0 0 60            
K 0 21 60            
A D 2 8            
J R 6 964 28 2 1729 576 0            
K 0 0 49            
A D 1 8            
J F 0 1007 98 1 2593 288 0            
K 0 0 202            
J N 6 1007 35 3 2593 0 0            
K 0 0 43            
K 0 0 53            
A D 1 8            
J F 0 1065 98 1 3457 288 0            
K 0 0 203            
J N 7 1065 7 4 3457 0 0            
K 0 0 43            
K 0 0 60            
K 0 21 60            
A D 2 8            
J R 6 1151 28 2 5185 576 0            
K 0 0 49            
A D 1 8            
J F 0 1194 98 1 6049 288 0            
K 0 0 202            
J N 6 1194 7 3 6049 0 0            
K 0 0 43            
K 0 0 54            
A D 1 8            
J B 11 1256 1 82 6913 288 0            
J F 0 1277 98 1 1 0 0            
K 0 0 203            
J N 7 1277 -21 7 1 0 0            
K 0 7 45            
K 0 0 43            
K 0 7 45            
K 1 7 45            
K 0 0 60            
K 0 21 60            
A D 2 8            
J R 6 1363 28 2 1729 576 0            
K 0 0 49            
A D 1 8            
J F 0 1406 98 1 2593 288 0            
K 0 0 202            
J N 6 1406 28 3 2593 0 0            
K 0 0 43            
K 0 0 54            
A D 1 8            
J F 0 1464 98 1 3457 288 0            
K 0 0 203            
J N 7 1464 0 4 3457 0 0            
K 0 0 43            
K 0 0 60            
K 0 21 60            
A D 2 8            
J R 6 1550 28 2 5185 576 0            
K 0 0 49            
A D 1 8            
J F 0 1593 98 1 6049 288 0            
K 0 0 202            
J N 6 1593 49 3 6049 0 0            
K 0 0 43            
K 0 0 53            
A D 1 8            
J B 12 1655 1 82 6913 288 0            
J F 0 1676 98 2 1 0 0            
K 0 0 205            
K 0 21 204            
J N 6 1676 28 2 1 0 1 13            
K 0 0 43            
A D 1 8            
J N 6 1719 28 2 865 288 1 13            
K 0 0 43            
A D 1 8            
J F 0 1777 98 2 1729 288 0            
K 0 0 205            
K 0 21 204            
J N 6 1777 21 2 1729 0 1 13            
K 0 0 43            
A D 1 8            
J N 6 1820 35 2 2593 288 1 13            
K 0 0 43            
A D 1 8            
H 13 B 49 0 108 4 2 1 1 3            
J F 0 1878 98 1 3457 288 0            
K 0 0 208            
J N 6 1878 14 2 3457 0 1 14            
K 0 0 43            
A D 1 8            
J N 6 1921 7 2 4321 288 1 14            
K 0 0 43            
A D 1 8            
J F 0 1964 98 1 5185 288 0            
K 0 0 205            
J N 6 1964 0 2 5185 0 1 14            
K 0 0 43            
A D 1 8            
J N 6 2007 14 2 6049 288 1 14            
K 0 0 43            
A D 1 8            
H 14 B -46 0 108 4 2 1 1 3            
J B 13 2050 1 82 6913 288 0            
E *            
L 530 0 0 313 313 * 0 14 0            
J C 4 5 42 2 6913 0 0            
K 0 0 33            
K 0 0 34            
J K -1 57 0 1 6913 0 0            
K 0 28 65            
J D 0 5 -14 1 6913 0 0            
W 0 0 0 \07            
J N 8 113 14 4 1 0 0            
K 0 0 42            
K 0 0 60            
K 0 21 60            
A D 8 16            
J N 8 228 42 4 3457 1152 0            
K 0 0 42            
K 0 0 59            
K 0 -21 59            
A D 8 16            
J B 8 316 1 82 6913 1152 0            
J R 9 373 28 3 1 10000 0            
K 0 0 46            
K 3 -35 101            
A D 16 16            
J B 9 458 1 82 6913 2304 0            
J R 7 479 28 2 1 0 0            
K 0 0 48            
A D 4 16            
J N 7 565 -7 4 1729 576 1 5            
K 0 0 43            
K 0 0 60            
K 0 21 60            
A D 4 16            
J N 6 651 -7 2 3457 576 2 6 5            
K 0 0 43            
A D 2 16            
H 5 T -7 0 0 0 0 0 1 0            
J N 6 694 21 2 4321 288 1 6            
K 0 0 43            
A D 2 16            
H 6 B -51 13 108 2 2 3            
J N 7 737 0 4 5185 288 1 7            
K 0 0 43            
K 0 0 60            
K 0 21 60            
A D 4 16            
J B 10 857 1 82 6913 576 0            
J N 6 878 0 2 1 0 2 8 7            
K 0 0 43            
A D 2 16            
H 7 T 0 0 0 0 0 0 5 0            
J N 6 921 7 2 865 288 1 8            
K 0 0 43            
A D 2 16            
H 8 B -45 3 108 2 2 3            
J N 6 964 7 2 1729 288 1 9            
K 0 0 43            
A D 2 16            
J N 5 1007 14 2 2593 288 2 10 9            
K 0 0 43            
A D 1 16            
J N 5 1036 21 2 3025 144 2 9 10            
K 0 0 43            
A D 1 16            
H 9 B -51 2 108 3 2 21 33            
H 10 S 0 0 0 0 0 0 0 0 0            
J N 6 1065 14 2 3457 144 1 11            
K 0 0 43            
A D 2 16            
J N 6 1108 42 2 4321 288 1 11            
K 0 0 43            
A D 2 16            
H 11 B -52 13 108 2 2 3            
J N 7 1151 -7 4 5185 288 1 12            
K 0 0 43            
K 0 0 60            
K 0 21 60            
A D 4 16            
J B 11 1256 1 82 6913 576 0            
J N 6 1277 -7 2 1 0 2 13 12            
K 0 0 43            
A D 2 16            
H 12 T -7 0 0 0 0 0 1 0            
J N 6 1320 0 2 865 288 1 13            
K 0 0 43            
A D 2 16            
H 13 B -50 3 108 2 2 3            
J N 6 1363 0 2 1729 288 1 14            
K 0 0 43            
A D 2 16            
J N 5 1406 7 2 2593 288 2 15 14            
K 0 0 43            
A D 1 16            
J N 5 1435 14 2 3025 144 2 14 15            
K 0 0 43            
A D 1 16            
H 14 B -58 2 108 3 2 21 33            
H 15 S 0 0 0 0 0 0 0 0 0            
J N 6 1464 7 2 3457 144 1 16            
K 0 0 43            
A D 2 16            
J N 6 1507 35 2 4321 288 1 16            
K 0 0 43            
A D 2 16            
H 16 B -51 13 108 2 2 3            
J N 7 1550 -14 7 5185 288 1 17            
K 0 0 45            
K 0 0 43            
K -1 0 45            
K 2 0 45            
K 0 0 60            
K 0 21 60            
A D 4 16            
J B 12 1655 1 82 6913 576 0            
J N 6 1676 -14 5 1 0 2 18 17            
K 0 0 45            
K 0 0 43            
K -1 0 45            
K 2 0 45            
A D 2 16            
H 17 T -14 0 0 0 0 0 5 0            
J N 5 1719 -7 2 865 288 2 19 18            
K 0 0 43            
A D 1 16            
J N 5 1748 0 2 1297 144 2 18 19            
K 0 0 43            
A D 1 16            
H 18 B -58 2 108 3 2 21 33            
H 19 S 0 0 0 0 0 0 0 0 0            
J N 7 1777 -7 4 1729 144 1 20            
K 0 0 43            
K 0 0 60            
K 0 21 60            
A D 4 16            
J N 6 1878 -7 2 3457 576 2 21 20            
K 0 0 43            
A D 2 16            
H 20 T -7 0 0 0 0 0 1 0            
J N 6 1921 21 2 4321 288 1 21            
K 0 0 43            
A D 2 16            
H 21 B -51 13 108 2 2 3            
J N 7 1964 0 4 5185 288 1 22            
K 0 0 43            
K 0 0 60            
K 0 21 60            
A D 4 16            
J B 13 2050 1 82 6913 576 0            
J M 0 2050 0 0 6913 0 1 22            
H 22 T 0 0 0 0 0 0 5 0            
E *            
L 690 0 0 313 313 * 0 14 0            
J C 4 5 42 2 6913 0 0            
K 0 0 33            
K 0 0 34            
J K -1 57 0 1 6913 0 0            
K 0 28 65            
J D 0 5 -14 1 6913 0 0            
W 0 0 0 \07            
J N 8 113 0 4 1 0 0            
K 0 0 42            
K 0 0 60            
K 0 21 60            
A D 8 16            
J N 8 228 7 4 3457 1152 0            
K 0 0 42            
K 0 0 60            
K 0 21 60            
A D 8 16            
J B 8 316 1 82 6913 1152 0            
J R 9 373 28 3 1 10000 0            
K 0 0 46            
K 3 -35 101            
A D 16 16            
J B 9 458 1 82 6913 2304 0            
J N 7 479 21 5 1 0 0            
K 0 0 43            
K 25 0 44            
K 0 0 60            
K 0 21 60            
A D 6 16            
J N 6 608 28 3 2593 864 0            
K 0 0 43            
K 0 0 54            
A D 2 16            
J N 7 651 35 4 3457 288 1 1            
K 0 0 43            
K 0 0 59            
K 0 -21 59            
A D 4 16            
J N 5 737 35 2 5185 576 2 2 1            
K 0 0 43            
A D 1 16            
H 1 T 35 0 0 0 0 0 9 0            
J N 5 766 21 2 5617 144 1 2            
K 0 0 43            
A D 1 16            
J N 5 795 28 2 6049 144 1 2            
K 0 0 43            
A D 1 16            
J N 5 824 35 2 6481 144 1 2            
K 0 0 43            
A D 1 16            
H 2 B 59 0 108 4 22 11 11 33            
J B 10 857 1 82 6913 144 0            
J N 6 878 42 2 1 0 1 3            
K 0 0 43            
A D 2 16            
J N 6 921 70 5 865 288 1 3            
K 1 0 45            
K 0 0 43            
K -1 0 45            
K 2 0 45            
A D 2 16            
H 3 B 48 13 108 2 2 3            
J N 7 964 21 4 1729 288 1 4            
K 0 0 43            
K 0 0 60            
K 0 21 60            
A D 4 16            
J N 6 1065 21 2 3457 576 2 5 4            
K 0 0 43            
A D 2 16            
H 4 T 21 0 0 0 0 0 1 0            
J N 6 1108 28 2 4321 288 1 5            
K 0 0 43            
A D 2 16            
H 5 B -50 3 108 2 2 3            
J N 6 1151 28 2 5185 288 1 6            
K 0 0 43            
A D 2 16            
J N 5 1194 35 2 6049 288 2 7 6            
K 0 0 43            
A D 1 16            
J N 5 1223 42 2 6481 144 2 6 7            
K 0 0 43            
A D 1 16            
H 6 B 45 2 108 3 2 21 33            
H 7 S 12 0 0 0 0 0 0 0 0            
J B 11 1256 1 82 6913 144 0            
J N 6 1277 35 2 1 0 1 8            
K 0 0 43            
A D 2 16            
J N 6 1320 63 2 865 288 1 8            
K 0 0 43            
A D 2 16            
H 8 B 41 13 108 2 2 3            
J N 7 1363 14 4 1729 288 1 9            
K 0 0 43            
K 0 0 60            
K 0 21 60            
A D 4 16            
J N 6 1464 14 2 3457 576 2 10 9            
K 0 0 43            
A D 2 16            
H 9 T 14 0 0 0 0 0 5 0            
J N 6 1507 21 2 4321 288 1 10            
K 0 0 43            
A D 2 16            
H 10 B -45 3 108 2 2 3            
J N 6 1550 21 2 5185 288 1 11            
K 0 0 43            
A D 2 16            
J N 5 1593 28 2 6049 288 2 12 11            
K 0 0 43            
A D 1 16            
J N 5 1622 35 2 6481 144 2 11 12            
K 0 0 43            
A D 1 16            
H 11 B -52 3 108 3 2 21 33            
H 12 S 0 0 0 0 0 0 0 0 0            
J B 12 1655 1 82 6913 144 0            
J N 7 1676 28 5 1 0 0            
K 0 0 43            
K 24 -6 44            
K 0 0 60            
K 0 21 60            
A D 6 16            
J N 5 1820 35 2 2593 864 2 13 14            
K 0 0 43            
A D 1 16            
J N 5 1849 42 2 3025 144 2 14 13            
K 0 0 43            
A D 1 16            
H 14 B 40 4 108 2 22 33            
H 13 S 12 0 0 0 0 0 0 0 0            
J N 7 1878 35 5 3457 144 0            
K 0 0 43            
K 25 0 44            
K 0 0 59            
K 0 -21 59            
A D 6 16            
J N 6 2007 21 3 6049 864 0            
K 0 0 43            
K 0 0 54            
A D 2 16            
J B 13 2050 1 82 6913 288 0            
E *            
L 850 0 0 313 313 * 0 14 0            
J C 13 5 28 35 6913 0 0            
J K -1 57 0 1 6913 0 0            
K 0 35 65            
J D 0 5 -14 1 6913 0 0            
W 0 0 0 \07            
J N 7 113 21 4 1 0 0            
K 0 0 43            
K 0 0 60            
K 0 21 60            
A D 2 8            
J N 7 171 0 4 1729 576 0            
K 0 0 43            
K 0 0 60            
K 0 21 60            
A D 2 8            
J N 8 228 0 4 3457 576 0            
K 0 0 42            
K 0 0 60            
K 0 21 60            
A D 4 8            
J B 8 316 1 82 6913 1152 0            
J R 9 373 28 3 1 10000 0            
K 0 0 46            
K 3 -35 101            
A D 8 8            
J B 9 458 1 82 6913 2304 0            
J N 6 479 14 2 1 0 1 7            
K 0 0 43            
A D 1 8            
J N 6 522 7 2 865 288 1 7            
K 0 0 43            
A D 1 8            
J N 6 565 0 2 1729 288 1 7            
K 0 0 43            
A D 1 8            
J N 6 608 14 2 2593 288 1 7            
K 0 0 43            
A D 1 8            
H 7 B -46 0 108 4 2 1 1 3            
J N 7 651 28 4 3457 288 0            
K 0 0 43            
K 0 0 60            
K 0 21 60            
A D 2 8            
J N 7 737 -21 7 5185 576 0            
K 0 7 45            
K 0 0 43            
K 0 7 45            
K 1 7 45            
K 0 0 60            
K 0 21 60            
A D 2 8            
J B 10 857 1 82 6913 576 0            
J R 6 878 28 2 1 0 0            
K 0 0 49            
A D 1 8            
J N 6 921 28 2 865 288 1 8            
K 0 0 43            
A D 1 8            
J N 6 964 14 2 1729 288 1 8            
K 0 0 43            
A D 1 8            
J N 6 1007 28 2 2593 288 1 8            
K 0 0 43            
A D 1 8            
H 8 B -42 0 108 3 2 1 3            
J R 6 1065 28 2 3457 288 0            
K 0 0 49            
A D 1 8            
J N 6 1108 0 2 4321 288 1 9            
K 0 0 43            
A D 1 8            
J N 6 1151 -14 5 5185 288 1 9            
K 0 0 45            
K 0 0 43            
K -1 0 45            
K 2 0 45            
A D 1 8            
J N 6 1194 0 2 6049 288 1 9            
K 0 0 43            
A D 1 8            
H 9 B -46 0 108 3 2 1 3            
J B 11 1256 1 82 6913 288 0            
J R 6 1277 28 2 1 0 0            
K 0 0 49            
A D 1 8            
J N 6 1320 21 2 865 288 1 10            
K 0 0 43            
A D 1 8            
J N 6 1363 7 2 1729 288 1 10            
K 0 0 43            
A D 1 8            
J N 6 1406 21 2 2593 288 1 10            
K 0 0 43            
A D 1 8            
H 10 B -42 0 108 3 2 1 3            
J R 6 1464 28 2 3457 288 0            
K 0 0 49            
A D 1 8            
J N 6 1507 -7 2 4321 288 1 11            
K 0 0 43            
A D 1 8            
J N 6 1550 -21 5 5185 288 1 11            
K 0 7 45            
K 0 0 43            
K 0 7 45            
K 1 7 45            
A D 1 8            
J N 6 1593 -7 2 6049 288 1 11            
K 0 0 43            
A D 1 8            
H 11 B -49 0 108 3 2 1 3            
J B 12 1655 1 82 6913 288 0            
J N 7 1676 7 4 1 0 0            
K 0 0 43            
K 0 0 60            
K 0 21 60            
A D 2 8            
J N 7 1777 28 4 1729 576 0            
K 0 0 43            
K 0 0 60            
K 0 21 60            
A D 2 8            
J N 7 1878 28 4 3457 576 0            
K 0 0 43            
K 0 0 60            
K 0 21 60            
A D 2 8            
J N 7 1964 -21 7 5185 576 1 12            
K 0 7 45            
K 0 0 43            
K 0 7 45            
K 1 7 45            
K 0 0 60            
K 0 21 60            
A D 2 8            
J B 13 2050 1 82 6913 576 0            
J M 0 2050 0 0 6913 0 1 12            
H 12 T -21 0 0 0 0 0 1 0            
E *            
L 1010 0 0 313 313 * 0 14 0            
J C 22 5 14 36 6913 0 0            
J K -1 57 0 1 6913 0 0            
K 0 42 65            
J D 0 5 -14 1 6913 0 0            
W 0 0 0 \07            
J F 0 113 98 2 1 0 0            
K 0 0 203            
K 0 21 201            
J N 7 113 -14 7 1 0 1 10            
K 0 0 45            
K 0 0 43            
K -1 0 45            
K 2 0 45            
K 0 0 60            
K 0 21 60            
A D 2 8            
J M 0 61 0 0 6913 0 1 10            
H 10 T -14 0 0 0 0 0 5 0            
J F 0 171 98 2 1729 576 0            
K 0 0 205            
K 0 21 204            
J N 7 171 -7 5 1729 0 0            
K -14 0 64            
K 0 0 43            
K 0 0 60            
K 0 21 60            
A D 2 8            
J N 8 228 -14 7 3457 576 0            
K 0 0 45            
K 0 0 42            
K -1 0 45            
K 2 0 45            
K 0 0 60            
K 0 21 60            
A D 4 8            
J B 8 316 1 82 6913 1152 0            
J R 9 373 28 3 1 10000 0            
K 0 0 46            
K 3 -35 101            
A D 8 8            
J B 9 458 1 82 6913 2304 0            
J N 6 479 35 2 1 0 1 11            
K 0 0 43            
A D 1 8            
J N 6 522 28 2 865 288 1 11            
K 0 0 43            
A D 1 8            
J N 6 565 21 2 1729 288 1 11            
K 0 0 43            
A D 1 8            
J N 6 608 35 2 2593 288 1 11            
K 0 0 43            
A D 1 8            
H 11 B -42 0 108 4 2 1 1 3            
J F 0 651 98 1 3457 288 0            
K 0 0 208            
J N 6 651 14 2 3457 0 1 12            
K 0 0 43            
A D 1 8            
J N 6 694 7 2 4321 288 1 12            
K 0 0 43            
A D 1 8            
J F 0 737 98 1 5185 288 0            
K 0 0 205            
J N 6 737 0 2 5185 0 1 12            
K 0 0 43            
A D 1 8            
J N 6 795 14 2 6049 288 1 12            
K 0 0 43            
A D 1 8            
H 12 B -46 0 108 4 2 1 1 3            
J B 10 857 1 82 6913 288 0            
J F 0 878 98 1 1 0 0            
K 0 0 203            
J N 7 878 -14 7 1 0 0            
K 0 0 45            
K 0 0 43            
K -1 0 45            
K 2 0 45            
K 0 0 60            
K 0 21 60            
A D 2 8            
J R 6 964 28 2 1729 576 0            
K 0 0 49            
A D 1 8            
J F 0 1007 98 1 2593 288 0            
K 0 0 202            
J N 6 1007 35 3 2593 0 0            
K 0 0 43            
K 0 0 53            
A D 1 8            
J F 0 1065 98 1 3457 288 0            
K 0 0 203            
J N 7 1065 7 4 3457 0 0            
K 0 0 43            
K 0 0 60            
K 0 21 60            
A D 2 8            
J R 6 1151 28 2 5185 576 0            
K 0 0 49            
A D 1 8            
J F 0 1194 98 1 6049 288 0            
K 0 0 202            
J N 6 1194 7 3 6049 0 0            
K 0 0 43            
K 0 0 54            
A D 1 8            
J B 11 1256 1 82 6913 288 0            
J F 0 1277 98 1 1 0 0            
K 0 0 203            
J N 7 1277 -21 7 1 0 0            
K 0 7 45            
K 0 0 43            
K 0 7 45            
K 1 7 45            
K 0 0 60            
K 0 21 60            
A D 2 8            
J R 6 1363 28 2 1729 576 0            
K 0 0 49            
A D 1 8            
J F 0 1406 98 1 2593 288 0            
K 0 0 202            
J N 6 1406 28 3 2593 0 0            
K 0 0 43            
K 0 0 54            
A D 1 8            
J F 0 1464 98 1 3457 288 0            
K 0 0 203            
J N 7 1464 0 4 3457 0 0            
K 0 0 43            
K 0 0 60            
K 0 21 60            
A D 2 8            
J R 6 1550 28 2 5185 576 0            
K 0 0 49            
A D 1 8            
J F 0 1593 98 1 6049 288 0            
K 0 0 202            
J N 6 1593 49 3 6049 0 0            
K 0 0 43            
K 0 0 53            
A D 1 8            
J B 12 1655 1 82 6913 288 0            
J F 0 1676 98 2 1 0 0            
K 0 0 205            
K 0 21 204            
J N 6 1676 28 2 1 0 1 13            
K 0 0 43            
A D 1 8            
J N 6 1719 28 2 865 288 1 13            
K 0 0 43            
A D 1 8            
J F 0 1777 98 2 1729 288 0            
K 0 0 205            
K 0 21 204            
J N 6 1777 21 2 1729 0 1 13            
K 0 0 43            
A D 1 8            
J N 6 1820 35 2 2593 288 1 13            
K 0 0 43            
A D 1 8            
H 13 B 49 0 108 4 2 1 1 3            
J F 0 1878 98 1 3457 288 0            
K 0 0 208            
J N 6 1878 14 2 3457 0 1 14            
K 0 0 43            
A D 1 8            
J N 6 1921 7 2 4321 288 1 14            
K 0 0 43            
A D 1 8            
J F 0 1964 98 1 5185 288 0            
K 0 0 205            
J N 6 1964 0 2 5185 0 1 14            
K 0 0 43            
A D 1 8            
J N 6 2007 14 2 6049 288 1 14            
K 0 0 43            
A D 1 8            
H 14 B -46 0 108 4 2 1 1 3            
J B 13 2050 1 82 6913 288 0            
E *            
B 1 316 0            
B 1 458 0            
B 1 857 0            
B 1 1256 0            
B 1 1655 0            
B 1 2050 0            
