S 0 200 140 2050 1066 7 "[...][....]" 
L 0 0 0 300 300 * 0 14 0 
J C 4 5 42 2 6913 0 0 
K 0 0 33 
K 0 0 34 
J K 0 57 0 0 6913 0 0 
J D 0 -11 -14 1 6913 0 0 
W 0 0 37 \02\01 
J N 7 100 -7 4 1 0 0 
K 0 0 43 
K 0 0 60 
K 0 21 60 
A D 4 16 
J N 7 149 0 5 1729 576 0 
K -18 0 63 
K 0 0 43 
K 0 0 60 
K 0 21 60 
A D 4 16 
J N 8 198 7 4 3457 576 1 47 
K 0 0 42 
K 0 0 60 
K 0 21 60 
A D 8 16 
J B 22 310 1 82 6913 1152 0 
J N 9 331 7 2 1 0 1 47 
K 0 0 41 
A D 16 16 
H 47 T 7 0 0 0 0 0 1 0 
J B 23 568 1 82 6913 2304 0 
J N 7 595 -14 7 1 0 0 
K 0 0 45 
K 0 0 43 
K -1 0 45 
K 2 0 45 
K 0 0 60 
K 0 21 60 
A D 4 16 
J N 6 651 -7 2 1729 576 2 48 49 
K 0 0 43 
A D 2 16 
J N 6 695 0 3 2593 288 2 49 48 
K -18 0 63 
K 0 0 43 
A D 2 16 
H 49 B -50 3 108 2 2 3 
H 48 S 0 0 0 0 0 0 0 0 0 
J N 7 730 -7 4 3457 288 0 
K 0 0 43 
K 0 0 60 
K 0 21 60 
A D 4 16 
J N 7 779 0 4 5185 576 0 
K 0 0 43 
K 0 0 60 
K 0 21 60 
A D 4 16 
J B 24 832 1 82 6913 576 0 
J N 8 853 7 4 1 0 0 
K 0 0 42 
K 0 0 60 
K 0 21 60 
A D 8 16 
J N 5 926 7 2 3457 1152 1 50 
K 0 0 43 
A D 1 16 
J N 5 952 -7 2 3889 144 1 50 
K 0 0 43 
A D 1 16 
J N 5 978 7 2 4321 144 1 50 
K 0 0 43 
A D 1 16 
J N 5 1004 -7 2 4753 144 1 50 
K 0 0 43 
A D 1 16 
H 50 B -53 -1 108 4 22 11 11 33 
J N 5 1030 14 2 5185 144 1 51 
K 0 0 43 
A D 1 16 
J N 5 1056 -7 2 5617 144 1 51 
K 0 0 43 
A D 1 16 
J N 5 1082 14 2 6049 144 1 51 
K 0 0 43 
A D 1 16 
J N 5 1108 -7 2 6481 144 1 51 
K 0 0 43 
A D 1 16 
H 51 B -47 -2 108 4 22 11 11 33 
J B 25 1139 1 82 6913 144 0 
J N 5 1160 7 2 1 0 1 52 
K 0 0 43 
A D 1 16 
J N 5 1186 -7 2 433 144 1 52 
K 0 0 43 
A D 1 16 
J N 5 1212 7 2 865 144 1 52 
K 0 0 43 
A D 1 16 
J N 5 1238 -7 2 1297 144 1 52 
K 0 0 43 
A D 1 16 
H 52 B -53 -1 108 4 22 11 11 33 
J N 5 1265 14 2 1729 144 1 53 
K 0 0 43 
A D 1 16 
J N 5 1292 -7 2 2161 144 1 53 
K 0 0 43 
A D 1 16 
J N 5 1319 14 2 2593 144 1 53 
K 0 0 43 
A D 1 16 
J N 5 1346 -7 2 3025 144 1 53 
K 0 0 43 
A D 1 16 
H 53 B -47 -2 108 4 22 11 11 33 
J N 5 1373 21 2 3457 144 1 54 
K 0 0 43 
A D 1 16 
J N 5 1400 7 2 3889 144 1 54 
K 0 0 43 
A D 1 16 
J N 5 1427 21 2 4321 144 1 54 
K 0 0 43 
A D 1 16 
J N 5 1454 7 2 4753 144 1 54 
K 0 0 43 
A D 1 16 
H 54 B -53 -1 108 4 22 11 11 33 
J N 5 1481 28 2 5185 144 1 55 
K 0 0 43 
A D 1 16 
J N 5 1508 7 2 5617 144 1 55 
K 0 0 43 
A D 1 16 
J N 5 1535 28 2 6049 144 1 55 
K 0 0 43 
A D 1 16 
J N 5 1562 7 2 6481 144 1 55 
K 0 0 43 
A D 1 16 
H 55 B -47 -2 108 4 22 11 11 33 
J B 26 1593 1 82 6913 144 0 
J N 5 1614 21 2 1 0 1 56 
K 0 0 43 
A D 1 16 
J N 5 1641 7 2 433 144 1 56 
K 0 0 43 
A D 1 16 
J N 5 1668 21 2 865 144 1 56 
K 0 0 43 
A D 1 16 
J N 5 1695 7 2 1297 144 1 56 
K 0 0 43 
A D 1 16 
H 56 B -53 -1 108 4 22 11 11 33 
J N 5 1722 28 2 1729 144 1 57 
K 0 0 43 
A D 1 16 
J N 5 1749 7 2 2161 144 1 57 
K 0 0 43 
A D 1 16 
J N 5 1776 28 2 2593 144 1 57 
K 0 0 43 
A D 1 16 
J N 5 1803 7 2 3025 144 1 57 
K 0 0 43 
A D 1 16 
H 57 B -47 -2 108 4 22 11 11 33 
J N 5 1830 35 2 3457 144 1 58 
K 0 0 43 
A D 1 16 
J N 5 1857 21 2 3889 144 1 58 
K 0 0 43 
A D 1 16 
J N 5 1884 35 2 4321 144 1 58 
K 0 0 43 
A D 1 16 
J N 5 1911 21 2 4753 144 1 58 
K 0 0 43 
A D 1 16 
H 58 B 64 -1 108 4 22 11 11 33 
J N 5 1938 42 2 5185 144 1 59 
K 0 0 43 
A D 1 16 
J N 5 1965 21 2 5617 144 1 59 
K 0 0 43 
A D 1 16 
J N 5 1992 42 2 6049 144 1 59 
K 0 0 43 
A D 1 16 
J N 5 2019 21 2 6481 144 1 59 
K 0 0 43 
A D 1 16 
H 59 B 70 -2 108 4 22 11 11 33 
J B 27 2050 1 82 6913 144 0 
E * 
L 160 0 0 300 300 * 0 14 0 
J C 4 5 42 2 6913 0 0 
K 0 0 33 
K 0 0 34 
J K 0 57 0 0 6913 0 0 
J D 0 -11 -14 1 6913 0 0 
W 0 0 0 \02\01 
J N 7 100 7 4 1 0 1 16 
K 0 0 43 
K 0 0 60 
K 0 21 60 
A D 4 16 
J M 0 48 0 0 6913 0 1 16 
H 16 T 7 0 0 0 0 0 1 0 
J N 7 149 14 5 1729 576 0 
K -18 0 63 
K 0 0 43 
K 0 0 60 
K 0 21 60 
A D 4 16 
J N 8 198 7 4 3457 576 1 17 
K 0 0 42 
K 0 0 60 
K 0 21 60 
A D 8 16 
J B 22 310 1 82 6913 1152 0 
J N 9 331 7 2 1 0 1 17 
K 0 0 41 
A D 16 16 
H 17 T 7 0 0 0 0 0 1 0 
J B 23 568 1 82 6913 2304 0 
J N 7 595 14 5 1 0 0 
K -18 0 63 
K 0 0 43 
K 0 0 60 
K 0 21 60 
A D 4 16 
J N 8 651 7 4 1729 576 0 
K 0 0 42 
K 0 0 60 
K 0 21 60 
A D 8 16 
J N 7 779 14 4 5185 1152 0 
K 0 0 43 
K 0 0 60 
K 0 21 60 
A D 4 16 
J B 24 832 1 82 6913 576 0 
J N 8 853 7 4 1 0 0 
K 0 0 42 
K 0 0 60 
K 0 21 60 
A D 8 16 
J N 7 926 -7 4 3457 1152 0 
K 0 0 43 
K 0 0 60 
K 0 21 60 
A D 4 16 
J R 6 1030 28 2 5185 576 0 
K 0 0 49 
A D 2 16 
J N 6 1082 -7 3 6049 288 0 
K 0 0 43 
K 0 0 54 
A D 2 16 
J B 25 1139 1 82 6913 288 0 
J N 6 1160 -7 2 1 0 1 18 
K 0 0 43 
A D 2 16 
J N 6 1212 21 2 865 288 1 18 
K 0 0 43 
A D 2 16 
H 18 B -51 10 108 2 2 3 
J R 7 1265 28 2 1729 288 0 
K 0 0 48 
A D 4 16 
J N 7 1373 7 4 3457 576 0 
K 0 0 43 
K 0 0 60 
K 0 21 60 
A D 4 16 
J R 6 1481 28 2 5185 576 0 
K 0 0 49 
A D 2 16 
J N 6 1535 7 3 6049 288 0 
K 0 0 43 
K 0 0 54 
A D 2 16 
J B 26 1593 1 82 6913 288 0 
J N 6 1614 7 2 1 0 1 19 
K 0 0 43 
A D 2 16 
J N 6 1668 35 2 865 288 1 19 
K 0 0 43 
A D 2 16 
H 19 B -51 10 108 2 2 3 
J R 7 1722 28 2 1729 288 0 
K 0 0 48 
A D 4 16 
J N 7 1830 21 4 3457 576 0 
K 0 0 43 
K 0 0 60 
K 0 21 60 
A D 4 16 
J R 6 1938 28 2 5185 576 0 
K 0 0 49 
A D 2 16 
J N 6 1992 21 3 6049 288 0 
K 0 0 43 
K 0 0 54 
A D 2 16 
J B 27 2050 1 82 6913 288 0 
E * 
L 320 0 0 300 300 * 0 14 0 
J C 22 5 14 36 6913 0 0 
J K 0 57 0 0 6913 0 0 
J D 0 -11 -14 1 6913 0 0 
W 0 0 0 \02\01 
J F 0 100 98 2 1 0 0 
K 0 0 205 
K 0 21 203 
J N 7 100 -7 4 1 0 0 
K 0 0 43 
K 0 0 60 
K 0 21 60 
A D 2 8 
J F 0 149 98 2 1729 576 0 
K 0 0 215 
K 0 21 213 
J N 7 149 42 4 1729 0 0 
K 0 0 43 
K 0 0 59 
K 0 -21 59 
A D 2 8 
J N 6 198 21 2 3457 576 2 34 35 
K 0 0 43 
A D 1 8 
J N 6 225 -14 5 4321 288 2 35 34 
K 0 0 45 
K 0 0 43 
K -1 0 45 
K 2 0 45 
A D 1 8 
H 34 S 0 0 0 0 0 0 0 0 0 
J F 0 252 98 2 5185 288 0 
K 0 0 203 
K 0 21 201 
J N 6 252 28 2 5185 0 2 36 35 
K 0 0 43 
A D 1 8 
J N 6 279 -7 2 6049 288 2 35 36 
K 0 0 43 
A D 1 8 
H 35 B -49 0 108 4 2 1 1 3 
H 36 S 0 2 0 0 0 0 0 -2 0 
J B 22 310 1 82 6913 288 0 
J F 0 331 98 1 1 0 0 
K 0 0 205 
J N 6 331 35 2 1 0 2 37 38 
K 0 0 43 
A D 1 8 
J N 6 358 0 2 865 288 2 38 37 
K 0 0 43 
A D 1 8 
H 37 S 0 0 0 0 0 0 0 0 0 
J N 6 385 42 2 1729 288 2 39 38 
K 0 0 43 
A D 1 8 
J N 6 412 7 2 2593 288 2 38 39 
K 0 0 43 
A D 1 8 
H 38 B -42 0 108 4 2 1 1 3 
H 39 S 0 2 0 0 0 0 0 -2 0 
J N 6 439 49 2 3457 288 2 40 41 
K 0 0 43 
A D 1 8 
J N 6 483 14 3 4321 288 2 41 40 
K -18 0 63 
K 0 0 43 
A D 1 8 
H 40 S 12 3 0 0 0 0 0 0 0 
J N 6 510 56 2 5185 288 2 42 41 
K 0 0 43 
A D 1 8 
J N 6 537 21 2 6049 288 2 41 42 
K 0 0 43 
A D 1 8 
H 41 B 70 0 108 4 2 1 1 3 
H 42 S 12 -2 0 0 0 0 0 4 0 
J B 23 568 1 82 6913 288 0 
J F 0 595 98 1 1 0 0 
K 0 0 216 
J N 6 595 63 3 1 0 1 43 
K -18 0 63 
K 0 0 43 
A D 1 8 
J N 6 624 42 2 865 288 1 43 
K 0 0 43 
A D 1 8 
J N 6 651 35 2 1729 288 1 43 
K 0 0 43 
A D 1 8 
J F 0 695 98 2 2593 288 0 
K 0 0 216 
K 0 21 204 
J N 6 695 49 2 2593 0 1 43 
K 0 0 43 
A D 1 8 
H 43 B 66 -1 108 4 2 1 1 3 
J F 0 730 98 2 3457 288 0 
K 0 0 205 
K 0 21 203 
J N 8 730 42 4 3457 0 0 
K 0 0 42 
K 0 0 59 
K 0 -21 59 
A D 4 8 
J F 0 779 98 2 5185 576 0 
K 0 0 215 
K 0 21 213 
J B 24 832 1 82 6913 576 0 
J N 8 853 21 4 1 0 0 
K 0 0 42 
K 0 0 60 
K 0 21 60 
A D 4 8 
J N 6 926 35 2 3457 1152 1 44 
K 0 0 43 
A D 1 8 
J N 6 978 -14 5 4321 288 1 44 
K 0 0 45 
K 0 0 43 
K -1 0 45 
K 2 0 45 
A D 1 8 
J F 0 1030 98 1 5185 288 0 
K 0 0 205 
J N 6 1030 -7 2 5185 0 1 44 
K 0 0 43 
A D 1 8 
J N 6 1082 7 2 6049 288 1 44 
K 0 0 43 
A D 1 8 
H 44 B -42 -3 108 4 2 1 1 3 
J B 25 1139 1 82 6913 288 0 
J R 6 1160 28 2 1 0 0 
K 0 0 49 
A D 1 8 
J N 6 1212 -14 5 865 288 1 45 
K 0 0 45 
K 0 0 43 
K -1 0 45 
K 2 0 45 
A D 1 8 
J F 0 1265 98 1 1729 288 0 
K 0 0 205 
J N 6 1265 -7 2 1729 0 1 45 
K 0 0 43 
A D 1 8 
J N 6 1319 7 2 2593 288 1 45 
K 0 0 43 
A D 1 8 
H 45 B -59 1 108 3 2 1 3 
J R 6 1373 28 2 3457 288 0 
K 0 0 49 
A D 1 8 
J N 6 1427 0 2 4321 288 1 46 
K 0 0 43 
A D 1 8 
J F 0 1481 98 1 5185 288 0 
K 0 0 205 
J N 6 1481 7 3 5185 0 1 46 
K -18 0 63 
K 0 0 43 
A D 1 8 
J N 6 1535 21 2 6049 288 1 46 
K 0 0 43 
A D 1 8 
H 46 B -59 1 108 3 2 1 3 
J B 26 1593 1 82 6913 288 0 
J R 6 1614 28 2 1 0 0 
K 0 0 49 
A D 1 8 
J N 6 1668 0 2 865 288 1 47 
K 0 0 43 
A D 1 8 
J F 0 1722 98 1 1729 288 0 
K 0 0 205 
J N 6 1722 7 3 1729 0 1 47 
K -18 0 63 
K 0 0 43 
A D 1 8 
J N 6 1776 21 2 2593 288 1 47 
K 0 0 43 
A D 1 8 
H 47 B -59 1 108 3 2 1 3 
J R 6 1830 28 2 3457 288 0 
K 0 0 49 
A D 1 8 
J N 6 1884 14 2 4321 288 1 48 
K 0 0 43 
A D 1 8 
J F 0 1938 98 1 5185 288 0 
K 0 0 205 
J N 6 1938 21 2 5185 0 1 48 
K 0 0 43 
A D 1 8 
J N 6 1992 35 2 6049 288 1 48 
K 0 0 43 
A D 1 8 
H 48 B -53 3 108 3 2 1 3 
J B 27 2050 1 82 6913 288 0 
E * 
L 530 0 0 300 300 * 0 14 0 
J C 4 5 42 2 6913 0 0 
K 0 0 33 
K 0 0 34 
J K 0 57 0 0 6913 0 0 
J D 0 -11 -14 1 6913 0 0 
W 0 0 0 \02\01 
J N 7 100 -7 4 1 0 0 
K 0 0 43 
K 0 0 60 
K 0 21 60 
A D 4 16 
J N 7 149 0 5 1729 576 0 
K -18 0 63 
K 0 0 43 
K 0 0 60 
K 0 21 60 
A D 4 16 
J N 8 198 7 4 3457 576 1 24 
K 0 0 42 
K 0 0 60 
K 0 21 60 
A D 8 16 
J B 22 310 1 82 6913 1152 0 
J N 9 331 7 2 1 0 1 24 
K 0 0 41 
A D 16 16 
H 24 T 7 0 0 0 0 0 1 0 
J B 23 568 1 82 6913 2304 0 
J N 7 595 -14 7 1 0 0 
K 0 0 45 
K 0 0 43 
K -1 0 45 
K 2 0 45 
K 0 0 60 
K 0 21 60 
A D 4 16 
J N 6 651 -7 2 1729 576 2 25 26 
K 0 0 43 
A D 2 16 
J N 6 695 0 3 2593 288 2 26 25 
K -18 0 63 
K 0 0 43 
A D 2 16 
H 26 B -50 3 108 2 2 3 
H 25 S 0 0 0 0 0 0 0 0 0 
J N 7 730 -7 4 3457 288 0 
K 0 0 43 
K 0 0 60 
K 0 21 60 
A D 4 16 
J N 7 779 0 4 5185 576 0 
K 0 0 43 
K 0 0 60 
K 0 21 60 
A D 4 16 
J B 24 832 1 82 6913 576 0 
J N 8 853 7 4 1 0 0 
K 0 0 42 
K 0 0 60 
K 0 21 60 
A D 8 16 
J R 8 926 28 2 3457 1152 0 
K 0 0 47 
A D 8 16 
J B 25 1139 1 82 6913 1152 0 
J R 8 1160 28 2 1 0 0 
K 0 0 47 
A D 8 16 
J N 5 1373 21 2 3457 1152 1 27 
K 0 0 43 
A D 1 16 
J N 5 1400 7 2 3889 144 1 27 
K 0 0 43 
A D 1 16 
J N 5 1427 21 2 4321 144 1 27 
K 0 0 43 
A D 1 16 
J N 5 1454 7 2 4753 144 1 27 
K 0 0 43 
A D 1 16 
H 27 B -53 -1 108 4 22 11 11 33 
J N 5 1481 28 2 5185 144 1 28 
K 0 0 43 
A D 1 16 
J N 5 1508 7 2 5617 144 1 28 
K 0 0 43 
A D 1 16 
J N 5 1535 28 2 6049 144 1 28 
K 0 0 43 
A D 1 16 
J N 5 1562 7 2 6481 144 1 28 
K 0 0 43 
A D 1 16 
H 28 B -47 -2 108 4 22 11 11 33 
J B 26 1593 1 82 6913 144 0 
J N 5 1614 21 2 1 0 1 29 
K 0 0 43 
A D 1 16 
J N 5 1641 7 2 433 144 1 29 
K 0 0 43 
A D 1 16 
J N 5 1668 21 2 865 144 1 29 
K 0 0 43 
A D 1 16 
J N 5 1695 7 2 1297 144 1 29 
K 0 0 43 
A D 1 16 
H 29 B -53 -1 108 4 22 11 11 33 
J N 7 1722 28 4 1729 144 0 
K 0 0 43 
K 0 0 60 
K 0 21 60 
A D 4 16 
J R 8 1830 28 2 3457 576 0 
K 0 0 47 
A D 8 16 
J B 27 2050 1 82 6913 1152 0 
E * 
L 690 0 0 300 300 * 0 14 0 
J C 4 5 42 2 6913 0 0 
K 0 0 33 
K 0 0 34 
J K 0 57 0 0 6913 0 0 
J D 0 -11 -14 1 6913 0 0 
W 0 0 0 \02\01 
J N 7 100 7 4 1 0 1 12 
K 0 0 43 
K 0 0 60 
K 0 21 60 
A D 4 16 
J M 0 48 0 0 6913 0 1 12 
H 12 T 7 0 0 0 0 0 1 0 
J N 7 149 14 5 1729 576 0 
K -18 0 63 
K 0 0 43 
K 0 0 60 
K 0 21 60 
A D 4 16 
J N 8 198 7 4 3457 576 1 13 
K 0 0 42 
K 0 0 60 
K 0 21 60 
A D 8 16 
J B 22 310 1 82 6913 1152 0 
J N 9 331 7 2 1 0 1 13 
K 0 0 41 
A D 16 16 
H 13 T 7 0 0 0 0 0 1 0 
J B 23 568 1 82 6913 2304 0 
J N 7 595 14 5 1 0 0 
K -18 0 63 
K 0 0 43 
K 0 0 60 
K 0 21 60 
A D 4 16 
J N 8 651 7 4 1729 576 0 
K 0 0 42 
K 0 0 60 
K 0 21 60 
A D 8 16 
J N 7 779 14 4 5185 1152 0 
K 0 0 43 
K 0 0 60 
K 0 21 60 
A D 4 16 
J B 24 832 1 82 6913 576 0 
J N 8 853 7 4 1 0 0 
K 0 0 42 
K 0 0 60 
K 0 21 60 
A D 8 16 
J R 8 926 28 2 3457 1152 0 
K 0 0 47 
A D 8 16 
J B 25 1139 1 82 6913 1152 0 
J R 8 1160 28 2 1 0 0 
K 0 0 47 
A D 8 16 
J N 7 1373 7 4 3457 1152 0 
K 0 0 43 
K 0 0 60 
K 0 21 60 
A D 4 16 
J R 6 1481 28 2 5185 576 0 
K 0 0 49 
A D 2 16 
J N 6 1535 7 3 6049 288 0 
K 0 0 43 
K 0 0 54 
A D 2 16 
J B 26 1593 1 82 6913 288 0 
J N 6 1614 7 2 1 0 1 14 
K 0 0 43 
A D 2 16 
J N 6 1668 35 2 865 288 1 14 
K 0 0 43 
A D 2 16 
H 14 B -51 10 108 2 2 3 
J R 7 1722 28 2 1729 288 0 
K 0 0 48 
A D 4 16 
J R 8 1830 28 2 3457 576 0 
K 0 0 47 
A D 8 16 
J B 27 2050 1 82 6913 1152 0 
E * 
L 850 0 0 300 300 * 0 14 0 
J C 13 5 28 35 6913 0 0 
J K 0 57 0 0 6913 0 0 
J D 0 -11 -14 1 6913 0 0 
W 0 0 0 \02\01 
J N 8 100 -14 7 1 0 0 
K 0 0 45 
K 0 0 42 
K -1 0 45 
K 2 0 45 
K 0 0 60 
K 0 21 60 
A D 4 8 
J N 7 198 -14 7 3457 1152 0 
K 0 0 45 
K 0 0 43 
K -1 0 45 
K 2 0 45 
K 0 0 60 
K 0 21 60 
A D 2 8 
J R 7 252 28 2 5185 576 0 
K 0 0 48 
A D 2 8 
J B 22 310 1 82 6913 576 0 
J N 7 331 14 4 1 0 0 
K 0 0 43 
K 0 0 60 
K 0 21 60 
A D 2 8 
J N 7 385 21 4 1729 576 0 
K 0 0 43 
K 0 0 60 
K 0 21 60 
A D 2 8 
J N 7 439 28 4 3457 576 0 
K 0 0 43 
K 0 0 60 
K 0 21 60 
A D 2 8 
J N 7 510 35 4 5185 576 0 
K 0 0 43 
K 0 0 59 
K 0 -21 59 
A D 2 8 
J B 23 568 1 82 6913 576 0 
J N 7 595 7 5 1 0 0 
K -18 0 63 
K 0 0 43 
K 0 0 60 
K 0 21 60 
A D 2 8 
J N 6 651 0 2 1729 576 1 4 
K 0 0 43 
A D 1 8 
J N 6 695 -21 5 2593 288 1 4 
K 0 7 45 
K 0 0 43 
K 0 7 45 
K 1 7 45 
A D 1 8 
H 4 B -45 -9 108 2 2 3 
J N 7 730 -14 7 3457 288 0 
K 0 0 45 
K 0 0 43 
K -1 0 45 
K 2 0 45 
K 0 0 60 
K 0 21 60 
A D 2 8 
J N 7 779 35 4 5185 576 0 
K 0 0 43 
K 0 0 59 
K 0 -21 59 
A D 2 8 
J B 24 832 1 82 6913 576 0 
J N 8 853 35 4 1 0 0 
K 0 0 42 
K 0 0 59 
K 0 -21 59 
A D 4 8 
J R 8 926 28 2 3457 1152 0 
K 0 0 47 
A D 4 8 
J B 25 1139 1 82 6913 1152 0 
J R 8 1160 28 2 1 0 0 
K 0 0 47 
A D 4 8 
J R 6 1373 28 2 3457 1152 0 
K 0 0 49 
A D 1 8 
J N 6 1427 42 3 4321 288 0 
K 0 0 43 
K 0 0 53 
A D 1 8 
J N 7 1481 14 4 5185 288 0 
K 0 0 43 
K 0 0 60 
K 0 21 60 
A D 2 8 
J B 26 1593 1 82 6913 576 0 
J R 6 1614 28 2 1 0 0 
K 0 0 49 
A D 1 8 
J N 6 1668 42 3 865 288 0 
K 0 0 43 
K 0 0 53 
A D 1 8 
J N 7 1722 14 4 1729 288 0 
K 0 0 43 
K 0 0 60 
K 0 21 60 
A D 2 8 
J R 8 1830 28 2 3457 576 0 
K 0 0 47 
A D 4 8 
J B 27 2050 1 82 6913 1152 0 
E * 
L 1010 0 0 300 300 * 0 14 0 
J C 22 5 14 36 6913 0 0 
J K 0 57 0 0 6913 0 0 
J D 0 -11 -14 1 6913 0 0 
W 0 0 0 \02\01 
J F 0 100 98 2 1 0 0 
K 0 0 205 
K 0 21 203 
J N 7 100 -7 4 1 0 0 
K 0 0 43 
K 0 0 60 
K 0 21 60 
A D 2 8 
J F 0 149 98 2 1729 576 0 
K 0 0 215 
K 0 21 213 
J N 7 149 42 4 1729 0 0 
K 0 0 43 
K 0 0 59 
K 0 -21 59 
A D 2 8 
J N 7 198 21 4 3457 576 0 
K 0 0 43 
K 0 0 60 
K 0 21 60 
A D 2 8 
J F 0 252 98 2 5185 576 0 
K 0 0 203 
K 0 21 201 
J N 7 252 28 4 5185 0 0 
K 0 0 43 
K 0 0 60 
K 0 21 60 
A D 2 8 
J B 22 310 1 82 6913 576 0 
J F 0 331 98 1 1 0 0 
K 0 0 205 
J N 7 331 35 4 1 0 0 
K 0 0 43 
K 0 0 59 
K 0 -21 59 
A D 2 8 
J N 7 385 42 4 1729 576 0 
K 0 0 43 
K 0 0 59 
K 0 -21 59 
A D 2 8 
J N 7 439 49 4 3457 576 0 
K 0 0 43 
K 0 0 59 
K 0 -21 59 
A D 2 8 
J N 7 510 56 4 5185 576 0 
K 0 0 43 
K 0 0 59 
K 0 -21 59 
A D 2 8 
J B 23 568 1 82 6913 576 0 
J F 0 595 98 1 1 0 0 
K 0 0 216 
J N 6 595 63 3 1 0 1 21 
K -18 0 63 
K 0 0 43 
A D 1 8 
J N 6 624 42 2 865 288 1 21 
K 0 0 43 
A D 1 8 
J N 6 651 35 2 1729 288 1 21 
K 0 0 43 
A D 1 8 
J F 0 695 98 2 2593 288 0 
K 0 0 216 
K 0 21 204 
J N 6 695 49 2 2593 0 1 21 
K 0 0 43 
A D 1 8 
H 21 B 66 -1 108 4 2 1 1 3 
J F 0 730 98 2 3457 288 0 
K 0 0 205 
K 0 21 203 
J N 8 730 42 4 3457 0 0 
K 0 0 42 
K 0 0 59 
K 0 -21 59 
A D 4 8 
J F 0 779 98 2 5185 576 0 
K 0 0 215 
K 0 21 213 
J B 24 832 1 82 6913 576 0 
J N 8 853 70 7 1 0 0 
K 1 0 45 
K 0 0 42 
K -1 0 45 
K 2 0 45 
K 0 0 59 
K 0 -21 59 
A D 4 8 
J R 8 926 28 2 3457 1152 0 
K 0 0 47 
A D 4 8 
J B 25 1139 1 82 6913 1152 0 
J R 8 1160 28 2 1 0 0 
K 0 0 47 
A D 4 8 
J R 6 1373 28 2 3457 1152 0 
K 0 0 49 
A D 1 8 
J N 6 1427 0 2 4321 288 1 22 
K 0 0 43 
A D 1 8 
J F 0 1481 98 1 5185 288 0 
K 0 0 205 
J N 6 1481 7 3 5185 0 1 22 
K -18 0 63 
K 0 0 43 
A D 1 8 
J N 6 1535 21 2 6049 288 1 22 
K 0 0 43 
A D 1 8 
H 22 B -59 1 108 3 2 1 3 
J B 26 1593 1 82 6913 288 0 
J R 6 1614 28 2 1 0 0 
K 0 0 49 
A D 1 8 
J N 6 1668 0 2 865 288 1 23 
K 0 0 43 
A D 1 8 
J F 0 1722 98 1 1729 288 0 
K 0 0 205 
J N 6 1722 7 3 1729 0 1 23 
K -18 0 63 
K 0 0 43 
A D 1 8 
J N 6 1776 21 2 2593 288 1 23 
K 0 0 43 
A D 1 8 
H 23 B -59 1 108 3 2 1 3 
J R 8 1830 28 2 3457 288 0 
K 0 0 47 
A D 4 8 
J B 27 2050 1 82 6913 1152 0 
E * 
B 1 310 0 
B 1 568 0 
B 1 832 0 
B 1 1139 0 
B 1 1593 0 
B 1 2050 0 
S 0 200 1510 2050 1066 7 "[...][....]" 
L 0 0 0 300 300 * 0 14 0 
J C 4 5 42 2 6913 0 0 
K 0 0 33 
K 0 0 34 
J K 0 57 0 0 6913 0 0 
J D 0 -11 -14 1 6913 0 0 
W 0 0 37 \02\07 
J N 5 100 35 2 1 0 1 60 
K 0 0 43 
A D 1 16 
J N 5 131 21 2 433 144 1 60 
K 0 0 43 
A D 1 16 
J N 5 162 35 2 865 144 1 60 
K 0 0 43 
A D 1 16 
J N 5 193 21 2 1297 144 1 60 
K 0 0 43 
A D 1 16 
H 60 B 64 -1 108 4 22 11 11 33 
J N 5 224 42 2 1729 144 1 61 
K 0 0 43 
A D 1 16 
J N 5 255 21 2 2161 144 1 61 
K 0 0 43 
A D 1 16 
J N 5 286 42 2 2593 144 1 61 
K 0 0 43 
A D 1 16 
J N 5 317 21 2 3025 144 1 61 
K 0 0 43 
A D 1 16 
H 61 B 71 -1 108 4 22 11 11 33 
J N 5 348 -14 5 3457 144 1 62 
K 0 0 45 
K 0 0 43 
K -1 0 45 
K 2 0 45 
A D 1 16 
J N 5 379 -21 5 3889 144 1 62 
K 0 7 45 
K 0 0 43 
K 0 7 45 
K 1 7 45 
A D 1 16 
J N 5 410 -14 5 4321 144 1 62 
K 0 0 45 
K 0 0 43 
K -1 0 45 
K 2 0 45 
A D 1 16 
J N 5 441 -21 5 4753 144 1 62 
K 0 7 45 
K 0 0 43 
K 0 7 45 
K 1 7 45 
A D 1 16 
H 62 B -46 0 108 4 22 11 11 33 
J N 5 472 -7 2 5185 144 1 63 
K 0 0 43 
A D 1 16 
J N 5 503 -14 5 5617 144 1 63 
K 0 0 45 
K 0 0 43 
K -1 0 45 
K 2 0 45 
A D 1 16 
J N 5 534 -7 2 6049 144 1 63 
K 0 0 43 
A D 1 16 
J N 5 565 -14 5 6481 144 1 63 
K 0 0 45 
K 0 0 43 
K -1 0 45 
K 2 0 45 
A D 1 16 
H 63 B -50 0 108 4 22 11 11 33 
J B 28 598 1 82 6913 144 0 
J N 5 619 0 2 1 0 1 64 
K 0 0 43 
A D 1 16 
J N 5 650 -7 2 433 144 1 64 
K 0 0 43 
A D 1 16 
J N 5 681 0 2 865 144 1 64 
K 0 0 43 
A D 1 16 
J N 5 712 -7 2 1297 144 1 64 
K 0 0 43 
A D 1 16 
H 64 B -46 0 108 4 22 11 11 33 
J N 5 743 7 2 1729 144 1 65 
K 0 0 43 
A D 1 16 
J N 5 774 -7 2 2161 144 1 65 
K 0 0 43 
A D 1 16 
J N 5 805 0 2 2593 144 1 65 
K 0 0 43 
A D 1 16 
J N 5 836 7 2 3025 144 1 65 
K 0 0 43 
A D 1 16 
H 65 B -50 0 108 4 22 11 11 33 
J N 7 867 14 4 3457 144 0 
K 0 0 43 
K 0 0 60 
K 0 21 60 
A D 4 16 
J N 7 953 42 4 5185 576 0 
K 0 0 43 
K 0 0 59 
K 0 -21 59 
A D 4 16 
J B 29 1039 1 82 6913 576 0 
J N 5 1060 21 2 1 0 1 66 
K 0 0 43 
A D 1 16 
J N 5 1091 7 2 433 144 1 66 
K 0 0 43 
A D 1 16 
J N 5 1122 21 2 865 144 1 66 
K 0 0 43 
A D 1 16 
J N 5 1153 7 2 1297 144 1 66 
K 0 0 43 
A D 1 16 
H 66 B -53 -1 108 4 22 11 11 33 
J N 5 1184 21 2 1729 144 1 67 
K 0 0 43 
A D 1 16 
J N 5 1215 7 2 2161 144 1 67 
K 0 0 43 
A D 1 16 
J N 5 1245 21 2 2593 144 1 67 
K 0 0 43 
A D 1 16 
J N 5 1275 7 2 3025 144 1 67 
K 0 0 43 
A D 1 16 
H 67 B -53 -1 108 4 22 11 11 33 
J N 5 1305 35 2 3457 144 1 68 
K 0 0 43 
A D 1 16 
J N 5 1335 21 2 3889 144 1 68 
K 0 0 43 
A D 1 16 
J N 5 1365 35 2 4321 144 1 68 
K 0 0 43 
A D 1 16 
J N 5 1395 21 2 4753 144 1 68 
K 0 0 43 
A D 1 16 
H 68 B -53 -1 108 4 22 11 11 33 
J N 5 1425 35 2 5185 144 1 69 
K 0 0 43 
A D 1 16 
J N 5 1455 21 2 5617 144 1 69 
K 0 0 43 
A D 1 16 
J N 5 1485 35 2 6049 144 1 69 
K 0 0 43 
A D 1 16 
J N 5 1515 21 2 6481 144 1 69 
K 0 0 43 
A D 1 16 
H 69 B -53 -1 108 4 22 11 11 33 
J B 30 1547 1 82 6913 144 0 
J N 5 1568 14 2 1 0 1 70 
K 0 0 43 
A D 1 16 
J N 5 1598 0 2 433 144 1 70 
K 0 0 43 
A D 1 16 
J N 5 1628 14 2 865 144 1 70 
K 0 0 43 
A D 1 16 
J N 5 1658 0 2 1297 144 1 70 
K 0 0 43 
A D 1 16 
H 70 B -46 -1 108 4 22 11 11 33 
J N 5 1688 14 2 1729 144 1 71 
K 0 0 43 
A D 1 16 
J N 5 1718 0 2 2161 144 1 71 
K 0 0 43 
A D 1 16 
J N 5 1748 14 2 2593 144 1 71 
K 0 0 43 
A D 1 16 
J N 5 1778 0 2 3025 144 1 71 
K 0 0 43 
A D 1 16 
H 71 B -46 -1 108 4 22 11 11 33 
J N 5 1808 28 2 3457 144 1 72 
K 0 0 43 
A D 1 16 
J N 5 1838 14 2 3889 144 1 72 
K 0 0 43 
A D 1 16 
J N 5 1868 28 2 4321 144 1 72 
K 0 0 43 
A D 1 16 
J N 5 1898 14 2 4753 144 1 72 
K 0 0 43 
A D 1 16 
H 72 B -46 -1 108 4 22 11 11 33 
J N 5 1928 28 2 5185 144 1 73 
K 0 0 43 
A D 1 16 
J N 5 1958 14 2 5617 144 1 73 
K 0 0 43 
A D 1 16 
J N 5 1988 28 2 6049 144 1 73 
K 0 0 43 
A D 1 16 
J N 5 2018 14 2 6481 144 1 73 
K 0 0 43 
A D 1 16 
H 73 B -46 -1 108 4 22 11 11 33 
J B 31 2050 1 82 6913 144 0 
E * 
L 160 0 0 300 300 * 0 14 0 
J C 4 5 42 2 6913 0 0 
K 0 0 33 
K 0 0 34 
J K 0 57 0 0 6913 0 0 
J D 0 -11 -14 1 6913 0 0 
W 0 0 0 \02\07 
J N 6 100 21 2 1 0 1 20 
K 0 0 43 
A D 2 16 
J N 6 162 49 2 865 288 1 20 
K 0 0 43 
A D 2 16 
H 20 B 41 9 108 2 2 3 
J R 7 224 28 2 1729 288 0 
K 0 0 48 
A D 4 16 
J N 7 348 21 4 3457 576 0 
K 0 0 43 
K 0 0 60 
K 0 21 60 
A D 4 16 
J R 6 472 28 2 5185 576 0 
K 0 0 49 
A D 2 16 
J N 6 534 7 3 6049 288 0 
K 0 0 43 
K 0 0 54 
A D 2 16 
J B 28 598 1 82 6913 288 0 
J N 6 619 35 2 1 0 1 21 
K 0 0 43 
A D 2 16 
J N 6 681 28 2 865 288 1 21 
K 0 0 43 
A D 2 16 
H 21 B 49 -2 108 2 2 3 
J N 5 743 21 2 1729 288 1 22 
K 0 0 43 
A D 1 16 
J N 5 774 7 2 2161 144 1 22 
K 0 0 43 
A D 1 16 
J N 5 805 14 2 2593 144 1 22 
K 0 0 43 
A D 1 16 
J N 5 836 21 2 3025 144 1 22 
K 0 0 43 
A D 1 16 
H 22 B -50 0 108 4 22 11 11 33 
J N 8 867 28 4 3457 144 0 
K 0 0 42 
K 0 0 60 
K 0 21 60 
A D 8 16 
J B 29 1039 1 82 6913 1152 0 
J N 7 1060 7 4 1 0 0 
K 0 0 43 
K 0 0 60 
K 0 21 60 
A D 4 16 
J R 6 1184 28 2 1729 576 0 
K 0 0 49 
A D 2 16 
J N 6 1245 7 3 2593 288 0 
K 0 0 43 
K 0 0 54 
A D 2 16 
J N 6 1305 7 2 3457 288 1 23 
K 0 0 43 
A D 2 16 
J N 6 1365 35 2 4321 288 1 23 
K 0 0 43 
A D 2 16 
H 23 B -51 9 108 2 2 3 
J R 7 1425 28 2 5185 288 0 
K 0 0 48 
A D 4 16 
J B 30 1547 1 82 6913 576 0 
J N 7 1568 0 4 1 0 0 
K 0 0 43 
K 0 0 60 
K 0 21 60 
A D 4 16 
J R 6 1688 28 2 1729 576 0 
K 0 0 49 
A D 2 16 
J N 6 1748 0 3 2593 288 0 
K 0 0 43 
K 0 0 54 
A D 2 16 
J N 6 1808 0 2 3457 288 1 24 
K 0 0 43 
A D 2 16 
J N 6 1868 28 2 4321 288 1 24 
K 0 0 43 
A D 2 16 
H 24 B -58 9 108 2 2 3 
J R 7 1928 28 2 5185 288 0 
K 0 0 48 
A D 4 16 
J B 31 2050 1 82 6913 576 0 
E * 
L 320 0 0 300 300 * 0 14 0 
J C 22 5 14 36 6913 0 0 
J K 0 57 0 0 6913 0 0 
J D 0 -11 -14 1 6913 0 0 
W 0 0 0 \02\07 
J R 6 100 28 2 1 0 0 
K 0 0 49 
A D 1 8 
J N 6 162 14 2 865 288 1 49 
K 0 0 43 
A D 1 8 
J F 0 224 98 1 1729 288 0 
K 0 0 205 
J N 6 224 21 2 1729 0 1 49 
K 0 0 43 
A D 1 8 
J N 6 286 35 2 2593 288 1 49 
K 0 0 43 
A D 1 8 
H 49 B -51 3 108 3 2 1 3 
J N 7 348 14 4 3457 288 0 
K 0 0 43 
K 0 0 60 
K 0 21 60 
A D 2 8 
J F 0 472 98 1 5185 576 0 
K 0 0 205 
J N 7 472 21 4 5185 0 0 
K 0 0 43 
K 0 0 60 
K 0 21 60 
A D 2 8 
J B 28 598 1 82 6913 576 0 
J F 0 619 98 1 1 0 0 
K 0 0 204 
J N 7 619 28 4 1 0 0 
K 0 0 43 
K 0 0 60 
K 0 21 60 
A D 2 8 
J F 0 681 98 1 865 288 0 
K 0 0 205 
J N 7 743 35 4 1729 288 0 
K 0 0 43 
K 0 0 59 
K 0 -21 59 
A D 2 8 
J N 6 867 7 2 3457 576 1 50 
K 0 0 43 
A D 1 8 
J N 6 910 0 2 4321 288 1 50 
K 0 0 43 
A D 1 8 
J N 6 953 7 2 5185 288 1 50 
K 0 0 43 
A D 1 8 
J N 6 996 14 2 6049 288 1 50 
K 0 0 43 
A D 1 8 
H 50 B -50 1 108 4 2 1 1 3 
J B 29 1039 1 82 6913 288 0 
J N 6 1060 21 2 1 0 1 51 
K 0 0 43 
A D 1 8 
J N 6 1122 -14 5 865 288 1 51 
K 0 0 45 
K 0 0 43 
K -1 0 45 
K 2 0 45 
A D 1 8 
J N 6 1184 -14 5 1729 288 1 51 
K 0 0 45 
K 0 0 43 
K -1 0 45 
K 2 0 45 
A D 1 8 
J N 6 1245 35 2 2593 288 1 51 
K 0 0 43 
A D 1 8 
H 51 B -50 1 108 4 2 1 1 3 
J R 6 1305 28 2 3457 288 0 
K 0 0 49 
A D 1 8 
J N 6 1365 14 2 4321 288 1 52 
K 0 0 43 
A D 1 8 
J N 6 1425 0 2 5185 288 1 52 
K 0 0 43 
A D 1 8 
J N 6 1485 14 2 6049 288 1 52 
K 0 0 43 
A D 1 8 
H 52 B -46 0 108 3 2 1 3 
J B 30 1547 1 82 6913 288 0 
J R 6 1568 28 2 1 0 0 
K 0 0 49 
A D 1 8 
J N 6 1628 -21 5 865 288 1 53 
K 0 7 45 
K 0 0 43 
K 0 7 45 
K 1 7 45 
A D 1 8 
J N 6 1688 -21 5 1729 288 1 53 
K 0 7 45 
K 0 0 43 
K 0 7 45 
K 1 7 45 
A D 1 8 
J N 6 1748 28 2 2593 288 1 53 
K 0 0 43 
A D 1 8 
H 53 B -69 6 108 3 2 1 3 
J R 6 1808 28 2 3457 288 0 
K 0 0 49 
A D 1 8 
J N 6 1868 7 2 4321 288 1 54 
K 0 0 43 
A D 1 8 
J N 6 1928 -7 2 5185 288 1 54 
K 0 0 43 
A D 1 8 
J N 6 1988 7 2 6049 288 1 54 
K 0 0 43 
A D 1 8 
H 54 B -49 0 108 3 2 1 3 
J B 31 2050 1 82 6913 288 0 
E * 
L 530 0 0 300 300 * 0 14 0 
J C 4 5 42 2 6913 0 0 
K 0 0 33 
K 0 0 34 
J K 0 57 0 0 6913 0 0 
J D 0 -11 -14 1 6913 0 0 
W 0 0 0 \02\07 
J R 8 100 28 2 1 0 0 
K 0 0 47 
A D 8 16 
J N 5 348 -14 5 3457 1152 1 30 
K 0 0 45 
K 0 0 43 
K -1 0 45 
K 2 0 45 
A D 1 16 
J N 5 379 -21 5 3889 144 1 30 
K 0 7 45 
K 0 0 43 
K 0 7 45 
K 1 7 45 
A D 1 16 
J N 5 410 -14 5 4321 144 1 30 
K 0 0 45 
K 0 0 43 
K -1 0 45 
K 2 0 45 
A D 1 16 
J N 5 441 -21 5 4753 144 1 30 
K 0 7 45 
K 0 0 43 
K 0 7 45 
K 1 7 45 
A D 1 16 
H 30 B -46 0 108 4 22 11 11 33 
J N 5 472 -7 2 5185 144 1 31 
K 0 0 43 
A D 1 16 
J N 5 503 -14 5 5617 144 1 31 
K 0 0 45 
K 0 0 43 
K -1 0 45 
K 2 0 45 
A D 1 16 
J N 5 534 -7 2 6049 144 1 31 
K 0 0 43 
A D 1 16 
J N 5 565 -14 5 6481 144 1 31 
K 0 0 45 
K 0 0 43 
K -1 0 45 
K 2 0 45 
A D 1 16 
H 31 B -50 0 108 4 22 11 11 33 
J B 28 598 1 82 6913 144 0 
J N 5 619 0 2 1 0 1 32 
K 0 0 43 
A D 1 16 
J N 5 650 -7 2 433 144 1 32 
K 0 0 43 
A D 1 16 
J N 5 681 0 2 865 144 1 32 
K 0 0 43 
A D 1 16 
J N 5 712 -7 2 1297 144 1 32 
K 0 0 43 
A D 1 16 
H 32 B -46 0 108 4 22 11 11 33 
J N 5 743 7 2 1729 144 1 33 
K 0 0 43 
A D 1 16 
J N 5 774 -7 2 2161 144 1 33 
K 0 0 43 
A D 1 16 
J N 5 805 0 2 2593 144 1 33 
K 0 0 43 
A D 1 16 
J N 5 836 7 2 3025 144 1 33 
K 0 0 43 
A D 1 16 
H 33 B -50 0 108 4 22 11 11 33 
J N 7 867 14 4 3457 144 0 
K 0 0 43 
K 0 0 60 
K 0 21 60 
A D 4 16 
J N 7 953 42 4 5185 576 0 
K 0 0 43 
K 0 0 59 
K 0 -21 59 
A D 4 16 
J B 29 1039 1 82 6913 576 0 
J R 8 1060 28 2 1 0 0 
K 0 0 47 
A D 8 16 
J N 7 1305 21 4 3457 1152 0 
K 0 0 43 
K 0 0 60 
K 0 21 60 
A D 4 16 
J N 7 1425 35 4 5185 576 0 
K 0 0 43 
K 0 0 59 
K 0 -21 59 
A D 4 16 
J B 30 1547 1 82 6913 576 0 
J R 8 1568 28 2 1 0 0 
K 0 0 47 
A D 8 16 
J N 7 1808 14 4 3457 1152 0 
K 0 0 43 
K 0 0 60 
K 0 21 60 
A D 4 16 
J N 7 1928 28 4 5185 576 0 
K 0 0 43 
K 0 0 60 
K 0 21 60 
A D 4 16 
J B 31 2050 1 82 6913 576 0 
E * 
L 690 0 0 300 300 * 0 14 0 
J C 4 5 42 2 6913 0 0 
K 0 0 33 
K 0 0 34 
J K 0 57 0 0 6913 0 0 
J D 0 -11 -14 1 6913 0 0 
W 0 0 0 \02\07 
J R 8 100 28 2 1 0 0 
K 0 0 47 
A D 8 16 
J N 7 348 21 4 3457 1152 0 
K 0 0 43 
K 0 0 60 
K 0 21 60 
A D 4 16 
J R 6 472 28 2 5185 576 0 
K 0 0 49 
A D 2 16 
J N 6 534 7 3 6049 288 0 
K 0 0 43 
K 0 0 54 
A D 2 16 
J B 28 598 1 82 6913 288 0 
J N 6 619 35 2 1 0 1 15 
K 0 0 43 
A D 2 16 
J N 6 681 28 2 865 288 1 15 
K 0 0 43 
A D 2 16 
H 15 B 49 -2 108 2 2 3 
J N 5 743 21 2 1729 288 1 16 
K 0 0 43 
A D 1 16 
J N 5 774 7 2 2161 144 1 16 
K 0 0 43 
A D 1 16 
J N 5 805 14 2 2593 144 1 16 
K 0 0 43 
A D 1 16 
J N 5 836 21 2 3025 144 1 16 
K 0 0 43 
A D 1 16 
H 16 B -50 0 108 4 22 11 11 33 
J N 8 867 28 4 3457 144 0 
K 0 0 42 
K 0 0 60 
K 0 21 60 
A D 8 16 
J B 29 1039 1 82 6913 1152 0 
J R 8 1060 28 2 1 0 0 
K 0 0 47 
A D 8 16 
J N 7 1305 35 4 3457 1152 0 
K 0 0 43 
K 0 0 59 
K 0 -21 59 
A D 4 16 
J N 7 1425 49 4 5185 576 0 
K 0 0 43 
K 0 0 59 
K 0 -21 59 
A D 4 16 
J B 30 1547 1 82 6913 576 0 
J R 8 1568 28 2 1 0 0 
K 0 0 47 
A D 8 16 
J N 7 1808 28 4 3457 1152 0 
K 0 0 43 
K 0 0 60 
K 0 21 60 
A D 4 16 
J N 7 1928 42 4 5185 576 0 
K 0 0 43 
K 0 0 59 
K 0 -21 59 
A D 4 16 
J B 31 2050 1 82 6913 576 0 
E * 
L 850 0 0 300 300 * 0 14 0 
J C 13 5 28 35 6913 0 0 
J K 0 57 0 0 6913 0 0 
J D 0 -11 -14 1 6913 0 0 
W 0 0 0 \02\07 
J R 8 100 28 2 1 0 0 
K 0 0 47 
A D 4 8 
J N 7 348 7 4 3457 1152 0 
K 0 0 43 
K 0 0 60 
K 0 21 60 
A D 2 8 
J N 7 472 28 4 5185 576 0 
K 0 0 43 
K 0 0 60 
K 0 21 60 
A D 2 8 
J B 28 598 1 82 6913 576 0 
J N 7 619 21 4 1 0 0 
K 0 0 43 
K 0 0 60 
K 0 21 60 
A D 2 8 
J N 7 743 0 4 1729 576 0 
K 0 0 43 
K 0 0 60 
K 0 21 60 
A D 2 8 
J N 8 867 0 4 3457 576 0 
K 0 0 42 
K 0 0 60 
K 0 21 60 
A D 4 8 
J B 29 1039 1 82 6913 1152 0 
J R 8 1060 28 2 1 0 0 
K 0 0 47 
A D 4 8 
J N 7 1305 42 4 3457 1152 0 
K 0 0 43 
K 0 0 59 
K 0 -21 59 
A D 2 8 
J N 7 1425 28 4 5185 576 0 
K 0 0 43 
K 0 0 60 
K 0 21 60 
A D 2 8 
J B 30 1547 1 82 6913 576 0 
J R 8 1568 28 2 1 0 0 
K 0 0 47 
A D 4 8 
J N 7 1808 35 4 3457 1152 0 
K 0 0 43 
K 0 0 59 
K 0 -21 59 
A D 2 8 
J N 7 1928 21 4 5185 576 0 
K 0 0 43 
K 0 0 60 
K 0 21 60 
A D 2 8 
J B 31 2050 1 82 6913 576 0 
E * 
L 1010 0 0 300 300 * 0 14 0 
J C 22 5 14 36 6913 0 0 
J K 0 57 0 0 6913 0 0 
J D 0 -11 -14 1 6913 0 0 
W 0 0 0 \02\07 
J R 8 100 28 2 1 0 0 
K 0 0 47 
A D 4 8 
J N 7 348 14 4 3457 1152 0 
K 0 0 43 
K 0 0 60 
K 0 21 60 
A D 2 8 
J F 0 472 98 1 5185 576 0 
K 0 0 205 
J N 7 472 21 4 5185 0 0 
K 0 0 43 
K 0 0 60 
K 0 21 60 
A D 2 8 
J B 28 598 1 82 6913 576 0 
J F 0 619 98 1 1 0 0 
K 0 0 204 
J N 7 619 28 4 1 0 0 
K 0 0 43 
K 0 0 60 
K 0 21 60 
A D 2 8 
J F 0 681 98 1 865 288 0 
K 0 0 205 
J N 7 743 35 4 1729 288 0 
K 0 0 43 
K 0 0 59 
K 0 -21 59 
A D 2 8 
J N 8 867 7 4 3457 576 0 
K 0 0 42 
K 0 0 60 
K 0 21 60 
A D 4 8 
J B 29 1039 1 82 6913 1152 0 
J R 8 1060 28 2 1 0 0 
K 0 0 47 
A D 4 8 
J N 7 1305 14 4 3457 1152 0 
K 0 0 43 
K 0 0 60 
K 0 21 60 
A D 2 8 
J N 7 1425 63 4 5185 576 0 
K 0 0 43 
K 0 0 59 
K 0 -21 59 
A D 2 8 
J B 30 1547 1 82 6913 576 0 
J R 8 1568 28 2 1 0 0 
K 0 0 47 
A D 4 8 
J N 7 1808 7 4 3457 1152 0 
K 0 0 43 
K 0 0 60 
K 0 21 60 
A D 2 8 
J N 7 1928 56 4 5185 576 0 
K 0 0 43 
K 0 0 59 
K 0 -21 59 
A D 2 8 
J B 31 2050 1 82 6913 576 0 
E * 
B 1 598 0 
B 1 1039 0 
B 1 1547 0 
B 1 2050 0 
