S 0 200 140 2050 1066 7 "[...][....]"            
L 0 0 0 300 300 * 0 14 0            
J C 4 5 42 2 6913 0 0            
K 0 0 33            
K 0 0 34            
J K 0 57 0 0 6913 0 0            
J D 0 -11 -14 1 6913 0 0            
W 0 0 37 \03\01            
J N 5 100 7 2 1 0 1 74            
K 0 0 43            
A D 1 16            
J N 5 127 -7 2 433 144 1 74            
K 0 0 43            
A D 1 16            
J N 5 154 7 2 865 144 1 74            
K 0 0 43            
A D 1 16            
J N 5 181 -7 2 1297 144 1 74            
K 0 0 43            
A D 1 16            
H 74 B -53 -1 108 4 22 11 11 33            
J N 5 208 7 2 1729 144 1 75            
K 0 0 43            
A D 1 16            
J N 5 235 -7 2 2161 144 1 75            
K 0 0 43            
A D 1 16            
J N 5 262 7 2 2593 144 1 75            
K 0 0 43            
A D 1 16            
J N 5 289 -7 2 3025 144 1 75            
K 0 0 43            
A D 1 16            
H 75 B -53 -1 108 4 22 11 11 33            
J N 5 316 21 2 3457 144 1 76            
K 0 0 43            
A D 1 16            
J N 5 343 7 2 3889 144 1 76            
K 0 0 43            
A D 1 16            
J N 5 370 21 2 4321 144 1 76            
K 0 0 43            
A D 1 16            
J N 5 397 7 2 4753 144 1 76            
K 0 0 43            
A D 1 16            
H 76 B -53 -1 108 4 22 11 11 33            
J N 5 424 21 2 5185 144 1 77            
K 0 0 43            
A D 1 16            
J N 5 451 7 2 5617 144 1 77            
K 0 0 43            
A D 1 16            
J N 5 478 21 2 6049 144 1 77            
K 0 0 43            
A D 1 16            
J N 5 505 7 2 6481 144 1 77            
K 0 0 43            
A D 1 16            
H 77 B -53 -1 108 4 22 11 11 33            
J B 32 536 1 82 6913 144 0            
J N 5 557 0 2 1 0 1 78            
K 0 0 43            
A D 1 16            
J N 5 584 -14 5 433 144 1 78            
K 0 0 45            
K 0 0 43            
K -1 0 45            
K 2 0 45            
A D 1 16            
J N 5 611 0 2 865 144 1 78            
K 0 0 43            
A D 1 16            
J N 5 638 -14 5 1297 144 1 78            
K 0 0 45            
K 0 0 43            
K -1 0 45            
K 2 0 45            
A D 1 16            
H 78 B -46 -1 108 4 22 11 11 33            
J N 5 665 0 2 1729 144 1 79            
K 0 0 43            
A D 1 16            
J N 5 692 -14 5 2161 144 1 79            
K 0 0 45            
K 0 0 43            
K -1 0 45            
K 2 0 45            
A D 1 16            
J N 5 719 0 2 2593 144 1 79            
K 0 0 43            
A D 1 16            
J N 5 746 -14 5 3025 144 1 79            
K 0 0 45            
K 0 0 43            
K -1 0 45            
K 2 0 45            
A D 1 16            
H 79 B -46 -1 108 4 22 11 11 33            
J N 6 773 28 2 3457 144 1 80            
K 0 0 43            
A D 2 16            
J N 6 809 42 2 4321 288 1 80            
K 0 0 43            
A D 2 16            
H 80 B 47 4 108 2 2 3            
J N 7 845 21 4 5185 288 1 81            
K 0 0 43            
K 0 0 60            
K 0 21 60            
A D 4 16            
J B 33 903 1 82 6913 576 0            
J N 7 924 21 4 1 0 1 81            
K 0 0 43            
K 0 0 60            
K 0 21 60            
A D 4 16            
H 81 T 21 0 0 0 0 0 1 0            
J N 7 973 28 4 1729 576 0            
K 0 0 43            
K 0 0 60            
K 0 21 60            
A D 4 16            
J N 8 1024 21 4 3457 576 0            
K 0 0 42            
K 0 0 60            
K 0 21 60            
A D 8 16            
J B 34 1136 1 82 6913 1152 0            
J N 5 1157 21 2 1 0 1 82            
K 0 0 43            
A D 1 16            
J N 5 1184 7 2 433 144 1 82            
K 0 0 43            
A D 1 16            
J N 5 1211 21 2 865 144 1 82            
K 0 0 43            
A D 1 16            
J N 5 1238 7 2 1297 144 1 82            
K 0 0 43            
A D 1 16            
H 82 B -53 -1 108 4 22 11 11 33            
J N 5 1265 21 2 1729 144 1 83            
K 0 0 43            
A D 1 16            
J N 5 1292 7 2 2161 144 1 83            
K 0 0 43            
A D 1 16            
J N 5 1319 21 2 2593 144 1 83            
K 0 0 43            
A D 1 16            
J N 5 1346 7 2 3025 144 1 83            
K 0 0 43            
A D 1 16            
H 83 B -53 -1 108 4 22 11 11 33            
J N 5 1373 35 2 3457 144 1 84            
K 0 0 43            
A D 1 16            
J N 5 1400 21 2 3889 144 1 84            
K 0 0 43            
A D 1 16            
J N 5 1427 35 2 4321 144 1 84            
K 0 0 43            
A D 1 16            
J N 5 1454 21 2 4753 144 1 84            
K 0 0 43            
A D 1 16            
H 84 B -53 -1 108 4 22 11 11 33            
J N 5 1481 35 2 5185 144 1 85            
K 0 0 43            
A D 1 16            
J N 5 1508 21 2 5617 144 1 85            
K 0 0 43            
A D 1 16            
J N 5 1535 35 2 6049 144 1 85            
K 0 0 43            
A D 1 16            
J N 5 1562 21 2 6481 144 1 85            
K 0 0 43            
A D 1 16            
H 85 B -53 -1 108 4 22 11 11 33            
J B 35 1593 1 82 6913 144 0            
J N 5 1614 14 2 1 0 1 86            
K 0 0 43            
A D 1 16            
J N 5 1641 0 2 433 144 1 86            
K 0 0 43            
A D 1 16            
J N 5 1668 14 2 865 144 1 86            
K 0 0 43            
A D 1 16            
J N 5 1695 0 2 1297 144 1 86            
K 0 0 43            
A D 1 16            
H 86 B -46 -1 108 4 22 11 11 33            
J N 5 1722 14 2 1729 144 1 87            
K 0 0 43            
A D 1 16            
J N 5 1749 0 2 2161 144 1 87            
K 0 0 43            
A D 1 16            
J N 5 1776 14 2 2593 144 1 87            
K 0 0 43            
A D 1 16            
J N 5 1803 0 2 3025 144 1 87            
K 0 0 43            
A D 1 16            
H 87 B -46 -1 108 4 22 11 11 33            
J N 5 1830 28 2 3457 144 1 88            
K 0 0 43            
A D 1 16            
J N 5 1857 14 2 3889 144 1 88            
K 0 0 43            
A D 1 16            
J N 5 1884 28 2 4321 144 1 88            
K 0 0 43            
A D 1 16            
J N 5 1911 14 2 4753 144 1 88            
K 0 0 43            
A D 1 16            
H 88 B -46 -1 108 4 22 11 11 33            
J N 5 1938 28 2 5185 144 1 89            
K 0 0 43            
A D 1 16            
J N 5 1965 14 2 5617 144 1 89            
K 0 0 43            
A D 1 16            
J N 5 1992 28 2 6049 144 1 89            
K 0 0 43            
A D 1 16            
J N 5 2019 14 2 6481 144 1 89            
K 0 0 43            
A D 1 16            
H 89 B -46 -1 108 4 22 11 11 33            
J B 36 2050 1 82 6913 144 0            
E *            
L 160 0 0 300 300 * 0 14 0            
J C 4 5 42 2 6913 0 0            
K 0 0 33            
K 0 0 34            
J K 0 57 0 0 6913 0 0            
J D 0 -11 -14 1 6913 0 0            
W 0 0 0 \03\01            
J N 7 100 -7 4 1 0 0            
K 0 0 43            
K 0 0 60            
K 0 21 60            
A D 4 16            
J R 6 208 28 2 1729 576 0            
K 0 0 49            
A D 2 16            
J N 6 262 -7 3 2593 288 0            
K 0 0 43            
K 0 0 54            
A D 2 16            
J N 6 316 -7 2 3457 288 1 25            
K 0 0 43            
A D 2 16            
J N 6 370 21 2 4321 288 1 25            
K 0 0 43            
A D 2 16            
H 25 B -51 10 108 2 2 3            
J R 7 424 28 2 5185 288 0            
K 0 0 48            
A D 4 16            
J B 32 536 1 82 6913 576 0            
J N 6 557 -14 5 1 0 1 26            
K 0 0 45            
K 0 0 43            
K -1 0 45            
K 2 0 45            
A D 2 16            
J N 6 611 21 2 865 288 1 26            
K 0 0 43            
A D 2 16            
H 26 B -58 10 108 2 2 3            
J N 8 665 0 4 1729 288 0            
K 0 0 42            
K 0 0 60            
K 0 21 60            
A D 8 16            
J N 6 845 7 2 5185 1152 2 27 28            
K 0 0 43            
A D 2 16            
J N 6 872 14 2 6049 288 2 28 27            
K 0 0 43            
A D 2 16            
H 28 B -50 4 108 2 2 3            
H 27 S 0 0 0 0 0 0 0 0 0            
J B 33 903 1 82 6913 288 0            
J N 7 924 7 4 1 0 0            
K 0 0 43            
K 0 0 60            
K 0 21 60            
A D 4 16            
J N 7 973 14 4 1729 576 0            
K 0 0 43            
K 0 0 60            
K 0 21 60            
A D 4 16            
J N 8 1024 21 4 3457 576 0            
K 0 0 42            
K 0 0 60            
K 0 21 60            
A D 8 16            
J B 34 1136 1 82 6913 1152 0            
J N 7 1157 7 4 1 0 0            
K 0 0 43            
K 0 0 60            
K 0 21 60            
A D 4 16            
J R 6 1265 28 2 1729 576 0            
K 0 0 49            
A D 2 16            
J N 6 1319 7 3 2593 288 0            
K 0 0 43            
K 0 0 54            
A D 2 16            
J N 6 1373 7 2 3457 288 1 29            
K 0 0 43            
A D 2 16            
J N 6 1427 35 2 4321 288 1 29            
K 0 0 43            
A D 2 16            
H 29 B -51 10 108 2 2 3            
J R 7 1481 28 2 5185 288 0            
K 0 0 48            
A D 4 16            
J B 35 1593 1 82 6913 576 0            
J N 7 1614 0 4 1 0 0            
K 0 0 43            
K 0 0 60            
K 0 21 60            
A D 4 16            
J R 6 1722 28 2 1729 576 0            
K 0 0 49            
A D 2 16            
J N 6 1776 0 3 2593 288 0            
K 0 0 43            
K 0 0 54            
A D 2 16            
J N 6 1830 0 2 3457 288 1 30            
K 0 0 43            
A D 2 16            
J N 6 1884 28 2 4321 288 1 30            
K 0 0 43            
A D 2 16            
H 30 B -58 10 108 2 2 3            
J R 7 1938 28 2 5185 288 0            
K 0 0 48            
A D 4 16            
J B 36 2050 1 82 6913 576 0            
E *            
L 320 0 0 300 300 * 0 14 0            
J C 22 5 14 36 6913 0 0            
J K 0 57 0 0 6913 0 0            
J D 0 -11 -14 1 6913 0 0            
W 0 0 0 \03\01            
J R 6 100 28 2 1 0 0            
K 0 0 49            
A D 1 8            
J N 6 154 -28 6 865 288 1 55            
K 0 14 45            
K 0 0 45            
K 0 0 43            
K -1 0 45            
K 2 0 45            
A D 1 8            
J N 6 208 -28 6 1729 288 1 55            
K 0 14 45            
K 0 0 45            
K 0 0 43            
K -1 0 45            
K 2 0 45            
A D 1 8            
J N 6 262 21 2 2593 288 1 55            
K 0 0 43            
A D 1 8            
H 55 B -72 5 108 3 2 1 3            
J R 6 316 28 2 3457 288 0            
K 0 0 49            
A D 1 8            
J N 6 370 0 2 4321 288 1 56            
K 0 0 43            
A D 1 8            
J N 6 424 -14 5 5185 288 1 56            
K 0 0 45            
K 0 0 43            
K -1 0 45            
K 2 0 45            
A D 1 8            
J N 6 478 0 2 6049 288 1 56            
K 0 0 43            
A D 1 8            
H 56 B -46 0 108 3 2 1 3            
J B 32 536 1 82 6913 288 0            
J R 6 557 28 2 1 0 0            
K 0 0 49            
A D 1 8            
J N 6 611 -35 6 865 288 1 57            
K 0 21 45            
K 0 7 45            
K 0 0 43            
K 0 7 45            
K 1 7 45            
A D 1 8            
J N 6 665 -35 6 1729 288 1 57            
K 0 21 45            
K 0 7 45            
K 0 0 43            
K 0 7 45            
K 1 7 45            
A D 1 8            
J N 6 719 -21 5 2593 288 1 57            
K 0 7 45            
K 0 0 43            
K 0 7 45            
K 1 7 45            
A D 1 8            
H 57 B -63 1 108 3 2 1 3            
J F 0 773 98 1 3457 288 0            
K 0 0 206            
J N 6 773 -42 7 3457 0 1 58            
K 0 28 45            
K 0 14 45            
K 0 0 45            
K 0 0 43            
K -1 0 45            
K 2 0 45            
A D 1 8            
J N 6 809 -7 2 4321 288 1 58            
K 0 0 43            
A D 1 8            
J N 6 845 -14 5 5185 288 1 58            
K 0 0 45            
K 0 0 43            
K -1 0 45            
K 2 0 45            
A D 1 8            
J N 6 872 14 2 6049 288 1 58            
K 0 0 43            
A D 1 8            
H 58 B -87 5 108 4 2 1 1 3            
J B 33 903 1 82 6913 288 0            
J F 0 924 98 2 1 0 0            
K 0 0 205            
K 0 21 203            
J N 7 924 7 4 1 0 0            
K 0 0 43            
K 0 0 60            
K 0 21 60            
A D 2 8            
J F 0 973 98 2 1729 576 0            
K 0 0 204            
K 0 21 202            
J N 7 973 56 4 1729 0 0            
K 0 0 43            
K 0 0 59            
K 0 -21 59            
A D 2 8            
J N 6 1024 35 2 3457 576 1 59            
K 0 0 43            
A D 1 8            
J N 6 1051 7 2 4321 288 1 59            
K 0 0 43            
A D 1 8            
J N 6 1078 7 2 5185 288 1 59            
K 0 0 43            
A D 1 8            
J N 6 1105 14 2 6049 288 1 59            
K 0 0 43            
A D 1 8            
H 59 B -42 -5 108 4 2 1 1 3            
J B 34 1136 1 82 6913 288 0            
J N 6 1157 21 2 1 0 1 60            
K 0 0 43            
A D 1 8            
J N 6 1211 -14 5 865 288 1 60            
K 0 0 45            
K 0 0 43            
K -1 0 45            
K 2 0 45            
A D 1 8            
J N 6 1265 -14 5 1729 288 1 60            
K 0 0 45            
K 0 0 43            
K -1 0 45            
K 2 0 45            
A D 1 8            
J N 6 1319 35 2 2593 288 1 60            
K 0 0 43            
A D 1 8            
H 60 B -51 1 108 4 2 1 1 3            
J R 6 1373 28 2 3457 288 0            
K 0 0 49            
A D 1 8            
J N 6 1427 14 2 4321 288 1 61            
K 0 0 43            
A D 1 8            
J N 6 1481 0 2 5185 288 1 61            
K 0 0 43            
A D 1 8            
J N 6 1535 14 2 6049 288 1 61            
K 0 0 43            
A D 1 8            
H 61 B -46 0 108 3 2 1 3            
J B 35 1593 1 82 6913 288 0            
J R 6 1614 28 2 1 0 0            
K 0 0 49            
A D 1 8            
J N 6 1668 -21 5 865 288 1 62            
K 0 7 45            
K 0 0 43            
K 0 7 45            
K 1 7 45            
A D 1 8            
J N 6 1722 -21 5 1729 288 1 62            
K 0 7 45            
K 0 0 43            
K 0 7 45            
K 1 7 45            
A D 1 8            
J N 6 1776 28 2 2593 288 1 62            
K 0 0 43            
A D 1 8            
H 62 B -79 5 108 3 2 1 3            
J R 6 1830 28 2 3457 288 0            
K 0 0 49            
A D 1 8            
J N 6 1884 7 2 4321 288 1 63            
K 0 0 43            
A D 1 8            
J N 6 1938 -7 2 5185 288 1 63            
K 0 0 43            
A D 1 8            
J N 6 1992 7 2 6049 288 1 63            
K 0 0 43            
A D 1 8            
H 63 B -49 0 108 3 2 1 3            
J B 36 2050 1 82 6913 288 0            
E *            
L 530 0 0 300 300 * 0 14 0            
J C 4 5 42 2 6913 0 0            
K 0 0 33            
K 0 0 34            
J K 0 57 0 0 6913 0 0            
J D 0 -11 -14 1 6913 0 0            
W 0 0 0 \03\01            
J R 8 100 28 2 1 0 0            
K 0 0 47            
A D 8 16            
J N 7 316 7 4 3457 1152 0            
K 0 0 43            
K 0 0 60            
K 0 21 60            
A D 4 16            
J N 7 424 21 4 5185 576 0            
K 0 0 43            
K 0 0 60            
K 0 21 60            
A D 4 16            
J B 32 536 1 82 6913 576 0            
J N 7 557 0 4 1 0 0            
K 0 0 43            
K 0 0 60            
K 0 21 60            
A D 4 16            
J R 6 665 28 2 1729 576 0            
K 0 0 49            
A D 2 16            
J N 6 719 -14 6 2593 288 0            
K 0 0 45            
K 0 0 43            
K -1 0 45            
K 2 0 45            
K 0 0 54            
A D 2 16            
J N 6 773 28 2 3457 288 1 34            
K 0 0 43            
A D 2 16            
J N 6 809 42 2 4321 288 1 34            
K 0 0 43            
A D 2 16            
H 34 B 47 4 108 2 2 3            
J N 7 845 21 4 5185 288 1 35            
K 0 0 43            
K 0 0 60            
K 0 21 60            
A D 4 16            
J B 33 903 1 82 6913 576 0            
J N 7 924 21 4 1 0 1 35            
K 0 0 43            
K 0 0 60            
K 0 21 60            
A D 4 16            
H 35 T 21 0 0 0 0 0 1 0            
J N 7 973 28 4 1729 576 0            
K 0 0 43            
K 0 0 60            
K 0 21 60            
A D 4 16            
J N 8 1024 21 4 3457 576 0            
K 0 0 42            
K 0 0 60            
K 0 21 60            
A D 8 16            
J B 34 1136 1 82 6913 1152 0            
J R 8 1157 28 2 1 0 0            
K 0 0 47            
A D 8 16            
J N 7 1373 21 4 3457 1152 0            
K 0 0 43            
K 0 0 60            
K 0 21 60            
A D 4 16            
J N 7 1481 35 4 5185 576 0            
K 0 0 43            
K 0 0 59            
K 0 -21 59            
A D 4 16            
J B 35 1593 1 82 6913 576 0            
J R 8 1614 28 2 1 0 0            
K 0 0 47            
A D 8 16            
J N 7 1830 14 4 3457 1152 0            
K 0 0 43            
K 0 0 60            
K 0 21 60            
A D 4 16            
J N 7 1938 28 4 5185 576 0            
K 0 0 43            
K 0 0 60            
K 0 21 60            
A D 4 16            
J B 36 2050 1 82 6913 576 0            
E *            
L 690 0 0 300 300 * 0 14 0            
J C 4 5 42 2 6913 0 0            
K 0 0 33            
K 0 0 34            
J K 0 57 0 0 6913 0 0            
J D 0 -11 -14 1 6913 0 0            
W 0 0 0 \03\01            
J R 8 100 28 2 1 0 0            
K 0 0 47            
A D 8 16            
J N 7 316 21 4 3457 1152 0            
K 0 0 43            
K 0 0 60            
K 0 21 60            
A D 4 16            
J N 7 424 35 4 5185 576 0            
K 0 0 43            
K 0 0 59            
K 0 -21 59            
A D 4 16            
J B 32 536 1 82 6913 576 0            
J N 6 557 -14 5 1 0 1 17            
K 0 0 45            
K 0 0 43            
K -1 0 45            
K 2 0 45            
A D 2 16            
J N 6 611 21 2 865 288 1 17            
K 0 0 43            
A D 2 16            
H 17 B -58 10 108 2 2 3            
J N 8 665 0 4 1729 288 0            
K 0 0 42            
K 0 0 60            
K 0 21 60            
A D 8 16            
J N 6 845 7 2 5185 1152 2 18 19            
K 0 0 43            
A D 2 16            
J N 6 872 14 2 6049 288 2 19 18            
K 0 0 43            
A D 2 16            
H 19 B -50 4 108 2 2 3            
H 18 S 0 0 0 0 0 0 0 0 0            
J B 33 903 1 82 6913 288 0            
J N 7 924 7 4 1 0 0            
K 0 0 43            
K 0 0 60            
K 0 21 60            
A D 4 16            
J N 7 973 14 4 1729 576 0            
K 0 0 43            
K 0 0 60            
K 0 21 60            
A D 4 16            
J N 8 1024 21 4 3457 576 0            
K 0 0 42            
K 0 0 60            
K 0 21 60            
A D 8 16            
J B 34 1136 1 82 6913 1152 0            
J R 8 1157 28 2 1 0 0            
K 0 0 47            
A D 8 16            
J N 7 1373 35 4 3457 1152 0            
K 0 0 43            
K 0 0 59            
K 0 -21 59            
A D 4 16            
J N 7 1481 49 4 5185 576 0            
K 0 0 43            
K 0 0 59            
K 0 -21 59            
A D 4 16            
J B 35 1593 1 82 6913 576 0            
J R 8 1614 28 2 1 0 0            
K 0 0 47            
A D 8 16            
J N 7 1830 28 4 3457 1152 0            
K 0 0 43            
K 0 0 60            
K 0 21 60            
A D 4 16            
J N 7 1938 42 4 5185 576 0            
K 0 0 43            
K 0 0 59            
K 0 -21 59            
A D 4 16            
J B 36 2050 1 82 6913 576 0            
E *            
L 850 0 0 300 300 * 0 14 0            
J C 13 5 28 35 6913 0 0            
J K 0 57 0 0 6913 0 0            
J D 0 -11 -14 1 6913 0 0            
W 0 0 0 \03\01            
J R 8 100 28 2 1 0 0            
K 0 0 47            
A D 4 8            
J N 7 316 28 4 3457 1152 0            
K 0 0 43            
K 0 0 60            
K 0 21 60            
A D 2 8            
J N 7 424 14 4 5185 576 0            
K 0 0 43            
K 0 0 60            
K 0 21 60            
A D 2 8            
J B 32 536 1 82 6913 576 0            
J N 7 557 28 4 1 0 0            
K 0 0 43            
K 0 0 60            
K 0 21 60            
A D 2 8            
J R 6 665 28 2 1729 576 0            
K 0 0 49            
A D 1 8            
J N 6 719 7 3 2593 288 0            
K 0 0 43            
K 0 0 54            
A D 1 8            
J N 7 773 21 4 3457 288 0            
K 0 0 43            
K 0 0 60            
K 0 21 60            
A D 2 8            
J N 6 845 14 2 5185 576 1 5            
K 0 0 43            
A D 1 8            
J N 6 872 -7 2 6049 288 1 5            
K 0 0 43            
A D 1 8            
H 5 B -46 -4 108 2 2 3            
J B 33 903 1 82 6913 288 0            
J N 7 924 0 5 1 0 0            
K 0 0 43            
K 24 -6 44            
K 0 0 60            
K 0 21 60            
A D 3 8            
J N 6 997 0 3 2593 864 0            
K 0 0 43            
K 0 0 54            
A D 1 8            
J N 8 1024 14 4 3457 288 0            
K 0 0 42            
K 0 0 60            
K 0 21 60            
A D 4 8            
J B 34 1136 1 82 6913 1152 0            
J R 8 1157 28 2 1 0 0            
K 0 0 47            
A D 4 8            
J N 7 1373 42 4 3457 1152 0            
K 0 0 43            
K 0 0 59            
K 0 -21 59            
A D 2 8            
J N 7 1481 28 4 5185 576 0            
K 0 0 43            
K 0 0 60            
K 0 21 60            
A D 2 8            
J B 35 1593 1 82 6913 576 0            
J R 8 1614 28 2 1 0 0            
K 0 0 47            
A D 4 8            
J N 7 1830 35 4 3457 1152 0            
K 0 0 43            
K 0 0 59            
K 0 -21 59            
A D 2 8            
J N 7 1938 21 4 5185 576 0            
K 0 0 43            
K 0 0 60            
K 0 21 60            
A D 2 8            
J B 36 2050 1 82 6913 576 0            
E *            
L 1010 0 0 300 300 * 0 14 0            
J C 22 5 14 36 6913 0 0            
J K 0 57 0 0 6913 0 0            
J D 0 -11 -14 1 6913 0 0            
W 0 0 0 \03\01            
J R 8 100 28 2 1 0 0            
K 0 0 47            
A D 4 8            
J N 7 316 0 4 3457 1152 0            
K 0 0 43            
K 0 0 60            
K 0 21 60            
A D 2 8            
J N 7 424 49 4 5185 576 0            
K 0 0 43            
K 0 0 59            
K 0 -21 59            
A D 2 8            
J B 32 536 1 82 6913 576 0            
J N 7 557 14 4 1 0 0            
K 0 0 43            
K 0 0 60            
K 0 21 60            
A D 2 8            
J R 6 665 28 2 1729 576 0            
K 0 0 49            
A D 1 8            
J N 6 719 14 3 2593 288 0            
K 0 0 43            
K 0 0 54            
A D 1 8            
J F 0 773 98 1 3457 288 0            
K 0 0 206            
J N 6 773 7 2 3457 0 1 24            
K 0 0 43            
A D 1 8            
J N 6 809 -7 2 4321 288 1 24            
K 0 0 43            
A D 1 8            
J N 6 845 -14 5 5185 288 1 24            
K 0 0 45            
K 0 0 43            
K -1 0 45            
K 2 0 45            
A D 1 8            
J F 0 872 98 2 6049 288 0            
K 0 0 205            
K 0 21 204            
J N 6 872 14 2 6049 0 1 24            
K 0 0 43            
A D 1 8            
H 24 B -50 1 108 4 2 1 1 3            
J B 33 903 1 82 6913 288 0            
J F 0 924 98 2 1 0 0            
K 0 0 205            
K 0 21 203            
J N 7 924 7 4 1 0 0            
K 0 0 43            
K 0 0 60            
K 0 21 60            
A D 2 8            
J F 0 973 98 2 1729 576 0            
K 0 0 204            
K 0 21 202            
J N 7 973 56 4 1729 0 0            
K 0 0 43            
K 0 0 59            
K 0 -21 59            
A D 2 8            
J N 8 1024 35 4 3457 576 0            
K 0 0 42            
K 0 0 59            
K 0 -21 59            
A D 4 8            
J B 34 1136 1 82 6913 1152 0            
J R 8 1157 28 2 1 0 0            
K 0 0 47            
A D 4 8            
J N 7 1373 14 4 3457 1152 0            
K 0 0 43            
K 0 0 60            
K 0 21 60            
A D 2 8            
J N 7 1481 63 4 5185 576 0            
K 0 0 43            
K 0 0 59            
K 0 -21 59            
A D 2 8            
J B 35 1593 1 82 6913 576 0            
J R 8 1614 28 2 1 0 0            
K 0 0 47            
A D 4 8            
J N 7 1830 7 4 3457 1152 0            
K 0 0 43            
K 0 0 60            
K 0 21 60            
A D 2 8            
J N 7 1938 56 4 5185 576 0            
K 0 0 43            
K 0 0 59            
K 0 -21 59            
A D 2 8            
J B 36 2050 1 82 6913 576 0            
E *            
B 1 536 0            
B 1 903 0            
B 1 1136 0            
B 1 1593 0            
B 1 2050 0            
S 0 200 1510 2050 1066 7 "[...][....]"            
L 0 0 0 300 300 * 0 14 0            
J C 4 5 42 2 6913 0 0            
K 0 0 33            
K 0 0 34            
J K 0 57 0 0 6913 0 0            
J D 0 -11 -14 1 6913 0 0            
W 0 0 37 \03\06            
J N 5 100 7 2 1 0 1 90            
K 0 0 43            
A D 1 16            
J N 5 131 -7 2 433 144 1 90            
K 0 0 43            
A D 1 16            
J N 5 162 7 2 865 144 1 90            
K 0 0 43            
A D 1 16            
J N 5 193 -7 2 1297 144 1 90            
K 0 0 43            
A D 1 16            
H 90 B -53 -1 108 4 22 11 11 33            
J N 5 224 7 2 1729 144 1 91            
K 0 0 43            
A D 1 16            
J N 5 255 -7 2 2161 144 1 91            
K 0 0 43            
A D 1 16            
J N 5 286 7 2 2593 144 1 91            
K 0 0 43            
A D 1 16            
J N 5 317 -7 2 3025 144 1 91            
K 0 0 43            
A D 1 16            
H 91 B -53 -1 108 4 22 11 11 33            
J N 5 347 21 2 3457 144 1 92            
K 0 0 43            
A D 1 16            
J N 5 377 7 2 3889 144 1 92            
K 0 0 43            
A D 1 16            
J N 5 407 21 2 4321 144 1 92            
K 0 0 43            
A D 1 16            
J N 5 437 7 2 4753 144 1 92            
K 0 0 43            
A D 1 16            
H 92 B -53 -1 108 4 22 11 11 33            
J N 5 467 21 2 5185 144 1 93            
K 0 0 43            
A D 1 16            
J N 5 497 7 2 5617 144 1 93            
K 0 0 43            
A D 1 16            
J N 5 527 21 2 6049 144 1 93            
K 0 0 43            
A D 1 16            
J N 5 557 7 2 6481 144 1 93            
K 0 0 43            
A D 1 16            
H 93 B -53 -1 108 4 22 11 11 33            
J B 37 589 1 82 6913 144 0            
J N 5 610 0 2 1 0 1 94            
K 0 0 43            
A D 1 16            
J N 5 640 -14 5 433 144 1 94            
K 0 0 45            
K 0 0 43            
K -1 0 45            
K 2 0 45            
A D 1 16            
J N 5 670 0 2 865 144 1 94            
K 0 0 43            
A D 1 16            
J N 5 700 -14 5 1297 144 1 94            
K 0 0 45            
K 0 0 43            
K -1 0 45            
K 2 0 45            
A D 1 16            
H 94 B -46 -1 108 4 22 11 11 33            
J N 5 730 0 2 1729 144 1 95            
K 0 0 43            
A D 1 16            
J N 5 760 -14 5 2161 144 1 95            
K 0 0 45            
K 0 0 43            
K -1 0 45            
K 2 0 45            
A D 1 16            
J N 5 790 0 2 2593 144 1 95            
K 0 0 43            
A D 1 16            
J N 5 820 -14 5 3025 144 1 95            
K 0 0 45            
K 0 0 43            
K -1 0 45            
K 2 0 45            
A D 1 16            
H 95 B -46 -1 108 4 22 11 11 33            
J N 6 850 28 2 3457 144 1 96            
K 0 0 43            
A D 2 16            
J N 6 892 42 2 4321 288 1 96            
K 0 0 43            
A D 2 16            
H 96 B 48 4 108 2 2 3            
J N 7 934 21 4 5185 288 1 97            
K 0 0 43            
K 0 0 60            
K 0 21 60            
A D 4 16            
J B 38 1018 1 82 6913 576 0            
J N 7 1039 21 4 1 0 1 97            
K 0 0 43            
K 0 0 60            
K 0 21 60            
A D 4 16            
H 97 T 21 0 0 0 0 0 1 0            
J N 7 1100 28 4 1729 576 0            
K 0 0 43            
K 0 0 60            
K 0 21 60            
A D 4 16            
J N 8 1184 21 4 3457 576 0            
K 0 0 42            
K 0 0 60            
K 0 21 60            
A D 8 16            
J B 39 1352 1 82 6913 1152 0            
J N 5 1373 -14 5 1 0 2 98 99            
K 0 0 45            
K 0 0 43            
K -1 0 45            
K 2 0 45            
A D 1 16            
J N 5 1403 -21 5 433 144 1 99            
K 0 7 45            
K 0 0 43            
K 0 7 45            
K 1 7 45            
A D 1 16            
J N 5 1433 -14 5 865 144 1 99            
K 0 0 45            
K 0 0 43            
K -1 0 45            
K 2 0 45            
A D 1 16            
J N 5 1463 -7 2 1297 144 1 99            
K 0 0 43            
A D 1 16            
H 99 B -57 1 108 4 22 11 11 33            
J N 5 1493 0 2 1729 144 1 100            
K 0 0 43            
A D 1 16            
J N 5 1523 7 2 2161 144 1 100            
K 0 0 43            
A D 1 16            
J N 5 1553 14 2 2593 144 1 100            
K 0 0 43            
A D 1 16            
J N 5 1583 21 2 3025 144 1 100            
K 0 0 43            
A D 1 16            
H 100 B -60 4 108 4 22 11 11 33            
J N 6 1613 28 2 3457 144 2 101 98            
K 0 0 43            
A D 2 16            
H 98 S 0 -1 0 0 0 3 0 0 -2    
J N 6 1655 42 2 4321 288 1 101            
K 0 0 43            
A D 2 16            
H 101 B 48 4 108 2 2 3            
J N 7 1697 21 4 5185 288 1 102            
K 0 0 43            
K 0 0 60            
K 0 21 60            
A D 4 16            
J B 40 1781 1 82 6913 576 0            
J N 7 1802 21 4 1 0 1 102            
K 0 0 43            
K 0 0 60            
K 0 21 60            
A D 4 16            
H 102 T 21 0 0 0 0 0 1 0            
J N 7 1863 28 4 1729 576 0            
K 0 0 43            
K 0 0 60            
K 0 21 60            
A D 4 16            
J N 8 1947 21 4 3457 576 0            
K 0 0 42            
K 0 0 60            
K 0 21 60            
A D 8 16            
J B 0 2050 6 4 6913 1152 0            
K -23 21 44            
K -23 35 44            
K -13 0 82            
K -6 0 84            
E *            
L 160 0 0 300 300 * 0 14 0            
J C 4 5 42 2 6913 0 0            
K 0 0 33            
K 0 0 34            
J K 0 57 0 0 6913 0 0            
J D 0 -11 -14 1 6913 0 0            
W 0 0 0 \03\06            
J N 7 100 -7 4 1 0 0            
K 0 0 43            
K 0 0 60            
K 0 21 60            
A D 4 16            
J R 6 224 28 2 1729 576 0            
K 0 0 49            
A D 2 16            
J N 6 286 -7 3 2593 288 0            
K 0 0 43            
K 0 0 54            
A D 2 16            
J N 6 347 -7 2 3457 288 1 31            
K 0 0 43            
A D 2 16            
J N 6 407 21 2 4321 288 1 31            
K 0 0 43            
A D 2 16            
H 31 B -51 9 108 2 2 3            
J R 7 467 28 2 5185 288 0            
K 0 0 48            
A D 4 16            
J B 37 589 1 82 6913 576 0            
J N 6 610 -14 5 1 0 1 32            
K 0 0 45            
K 0 0 43            
K -1 0 45            
K 2 0 45            
A D 2 16            
J N 6 670 21 2 865 288 1 32            
K 0 0 43            
A D 2 16            
H 32 B -58 9 108 2 2 3            
J N 8 730 0 4 1729 288 0            
K 0 0 42            
K 0 0 60            
K 0 21 60            
A D 8 16            
J N 6 934 7 2 5185 1152 2 33 34            
K 0 0 43            
A D 2 16            
J N 6 976 14 2 6049 288 2 34 33            
K 0 0 43            
A D 2 16            
H 34 B -50 3 108 2 2 3            
H 33 S 0 0 0 0 0 0 0 0 0            
J B 38 1018 1 82 6913 288 0            
J N 7 1039 7 4 1 0 0            
K 0 0 43            
K 0 0 60            
K 0 21 60            
A D 4 16            
J N 7 1100 14 4 1729 576 0            
K 0 0 43            
K 0 0 60            
K 0 21 60            
A D 4 16            
J N 8 1184 21 4 3457 576 0            
K 0 0 42            
K 0 0 60            
K 0 21 60            
A D 8 16            
J B 39 1352 1 82 6913 1152 0            
J N 6 1373 -28 6 1 0 1 35            
K 0 14 45            
K 0 0 45            
K 0 0 43            
K -1 0 45            
K 2 0 45            
A D 2 16            
J N 6 1433 21 2 865 288 1 35            
K 0 0 43            
A D 2 16            
H 35 B -72 9 108 2 2 3            
J N 8 1493 0 4 1729 288 0            
K 0 0 42            
K 0 0 60            
K 0 21 60            
A D 8 16            
J N 6 1697 7 2 5185 1152 2 36 37            
K 0 0 43            
A D 2 16            
J N 6 1739 14 2 6049 288 2 37 36            
K 0 0 43            
A D 2 16            
H 37 B -50 3 108 2 2 3            
H 36 S 0 0 0 0 0 0 0 0 0            
J B 40 1781 1 82 6913 288 0            
J N 7 1802 7 4 1 0 0            
K 0 0 43            
K 0 0 60            
K 0 21 60            
A D 4 16            
J N 7 1863 14 4 1729 576 0            
K 0 0 43            
K 0 0 60            
K 0 21 60            
A D 4 16            
J N 8 1947 21 4 3457 576 0            
K 0 0 42            
K 0 0 60            
K 0 21 60            
A D 8 16            
J B 0 2050 6 4 6913 1152 0            
K -23 21 44            
K -23 35 44            
K -13 0 82            
K -6 0 84            
E *            
L 320 0 0 300 300 * 0 14 0            
J C 22 5 14 36 6913 0 0            
J K 0 57 0 0 6913 0 0            
J D 0 -11 -14 1 6913 0 0            
W 0 0 0 \03\06            
J R 6 100 28 2 1 0 0            
K 0 0 49            
A D 1 8            
J N 6 162 -28 6 865 288 1 64            
K 0 14 45            
K 0 0 45            
K 0 0 43            
K -1 0 45            
K 2 0 45            
A D 1 8            
J N 6 224 -28 6 1729 288 1 64            
K 0 14 45            
K 0 0 45            
K 0 0 43            
K -1 0 45            
K 2 0 45            
A D 1 8            
J N 6 286 21 2 2593 288 1 64            
K 0 0 43            
A D 1 8            
H 64 B -76 6 108 3 2 1 3            
J R 6 347 28 2 3457 288 0            
K 0 0 49            
A D 1 8            
J N 6 407 0 2 4321 288 1 65            
K 0 0 43            
A D 1 8            
J N 6 467 -14 5 5185 288 1 65            
K 0 0 45            
K 0 0 43            
K -1 0 45            
K 2 0 45            
A D 1 8            
J N 6 527 0 2 6049 288 1 65            
K 0 0 43            
A D 1 8            
H 65 B -46 0 108 3 2 1 3            
J B 37 589 1 82 6913 288 0            
J R 6 610 28 2 1 0 0            
K 0 0 49            
A D 1 8            
J N 6 670 -35 6 865 288 1 66            
K 0 21 45            
K 0 7 45            
K 0 0 43            
K 0 7 45            
K 1 7 45            
A D 1 8            
J N 6 730 -35 6 1729 288 1 66            
K 0 21 45            
K 0 7 45            
K 0 0 43            
K 0 7 45            
K 1 7 45            
A D 1 8            
J N 6 790 -21 5 2593 288 1 66            
K 0 7 45            
K 0 0 43            
K 0 7 45            
K 1 7 45            
A D 1 8            
H 66 B -63 1 108 3 2 1 3            
J F 0 850 98 1 3457 288 0            
K 0 0 206            
J N 6 850 -42 7 3457 0 1 67            
K 0 28 45            
K 0 14 45            
K 0 0 45            
K 0 0 43            
K -1 0 45            
K 2 0 45            
A D 1 8            
J N 6 892 -7 2 4321 288 1 67            
K 0 0 43            
A D 1 8            
J N 6 934 -14 5 5185 288 1 67            
K 0 0 45            
K 0 0 43            
K -1 0 45            
K 2 0 45            
A D 1 8            
J F 0 976 98 2 6049 288 0            
K 0 0 205            
K 0 21 204            
J N 6 976 14 2 6049 0 1 67            
K 0 0 43            
A D 1 8            
H 67 B -75 6 108 4 2 1 1 3            
J B 38 1018 1 82 6913 288 0            
J F 0 1039 98 2 1 0 0            
K 0 0 205            
K 0 21 203            
J N 7 1039 7 4 1 0 0            
K 0 0 43            
K 0 0 60            
K 0 21 60            
A D 2 8            
J F 0 1100 98 2 1729 576 0            
K 0 0 204            
K 0 21 202            
J N 7 1100 56 4 1729 0 0            
K 0 0 43            
K 0 0 59            
K 0 -21 59            
A D 2 8            
J N 6 1184 35 2 3457 576 1 68            
K 0 0 43            
A D 1 8            
J N 6 1226 28 2 4321 288 1 68            
K 0 0 43            
A D 1 8            
J N 6 1268 21 2 5185 288 1 68            
K 0 0 43            
A D 1 8            
J N 6 1310 35 2 6049 288 1 68            
K 0 0 43            
A D 1 8            
H 68 B -42 0 108 4 2 1 1 3            
J B 39 1352 1 82 6913 288 0            
J N 7 1373 14 4 1 0 0            
K 0 0 43            
K 0 0 60            
K 0 21 60            
A D 2 8            
J R 6 1493 28 2 1729 576 0            
K 0 0 49            
A D 1 8            
J N 6 1553 14 3 2593 288 0            
K 0 0 43            
K 0 0 54            
A D 1 8            
J F 0 1613 98 1 3457 288 0            
K 0 0 206            
J N 6 1613 7 2 3457 0 1 69            
K 0 0 43            
A D 1 8            
J N 6 1655 -7 2 4321 288 1 69            
K 0 0 43            
A D 1 8            
J N 6 1697 -14 5 5185 288 1 69            
K 0 0 45            
K 0 0 43            
K -1 0 45            
K 2 0 45            
A D 1 8            
J F 0 1739 98 2 6049 288 0            
K 0 0 205            
K 0 21 204            
J N 6 1739 14 2 6049 0 1 69            
K 0 0 43            
A D 1 8            
H 69 B -50 1 108 4 2 1 1 3            
J B 40 1781 1 82 6913 288 0            
J F 0 1802 98 2 1 0 0            
K 0 0 205            
K 0 21 203            
J N 7 1802 7 4 1 0 0            
K 0 0 43            
K 0 0 60            
K 0 21 60            
A D 2 8            
J F 0 1863 98 2 1729 576 0            
K 0 0 204            
K 0 21 202            
J N 7 1863 56 4 1729 0 0            
K 0 0 43            
K 0 0 59            
K 0 -21 59            
A D 2 8            
J N 8 1947 35 4 3457 576 0            
K 0 0 42            
K 0 0 59            
K 0 -21 59            
A D 4 8            
J B 0 2050 6 4 6913 1152 0            
K -23 21 44            
K -23 35 44            
K -13 0 82            
K -6 0 84            
E *            
L 530 0 0 300 300 * 0 14 0            
J C 4 5 42 2 6913 0 0            
K 0 0 33            
K 0 0 34            
J K 0 57 0 0 6913 0 0            
J D 0 -11 -14 1 6913 0 0            
W 0 0 0 \03\06            
J R 8 100 28 2 1 0 0            
K 0 0 47            
A D 8 16            
J N 7 347 7 4 3457 1152 0            
K 0 0 43            
K 0 0 60            
K 0 21 60            
A D 4 16            
J N 7 467 21 4 5185 576 0            
K 0 0 43            
K 0 0 60            
K 0 21 60            
A D 4 16            
J B 37 589 1 82 6913 576 0            
J N 7 610 0 4 1 0 0            
K 0 0 43            
K 0 0 60            
K 0 21 60            
A D 4 16            
J R 6 730 28 2 1729 576 0            
K 0 0 49            
A D 2 16            
J N 6 790 -14 6 2593 288 0            
K 0 0 45            
K 0 0 43            
K -1 0 45            
K 2 0 45            
K 0 0 54            
A D 2 16            
J N 6 850 28 2 3457 288 1 36            
K 0 0 43            
A D 2 16            
J N 6 892 42 2 4321 288 1 36            
K 0 0 43            
A D 2 16            
H 36 B 48 4 108 2 2 3            
J N 7 934 21 4 5185 288 1 37            
K 0 0 43            
K 0 0 60            
K 0 21 60            
A D 4 16            
J B 38 1018 1 82 6913 576 0            
J N 7 1039 21 4 1 0 1 37            
K 0 0 43            
K 0 0 60            
K 0 21 60            
A D 4 16            
H 37 T 21 0 0 0 0 0 1 0            
J N 7 1100 28 4 1729 576 0            
K 0 0 43            
K 0 0 60            
K 0 21 60            
A D 4 16            
J N 8 1184 21 4 3457 576 0            
K 0 0 42            
K 0 0 60            
K 0 21 60            
A D 8 16            
J B 39 1352 1 82 6913 1152 0            
J N 7 1373 -14 7 1 0 0            
K 0 0 45            
K 0 0 43            
K -1 0 45            
K 2 0 45            
K 0 0 60            
K 0 21 60            
A D 4 16            
J R 6 1493 28 2 1729 576 0            
K 0 0 49            
A D 2 16            
J N 6 1553 -14 6 2593 288 0            
K 0 0 45            
K 0 0 43            
K -1 0 45            
K 2 0 45            
K 0 0 54            
A D 2 16            
J N 6 1613 28 2 3457 288 1 38            
K 0 0 43            
A D 2 16            
J N 6 1655 42 2 4321 288 1 38            
K 0 0 43            
A D 2 16            
H 38 B 48 4 108 2 2 3            
J N 7 1697 21 4 5185 288 1 39            
K 0 0 43            
K 0 0 60            
K 0 21 60            
A D 4 16            
J B 40 1781 1 82 6913 576 0            
J N 7 1802 21 4 1 0 1 39            
K 0 0 43            
K 0 0 60            
K 0 21 60            
A D 4 16            
H 39 T 21 0 0 0 0 0 1 0            
J N 7 1863 28 4 1729 576 0            
K 0 0 43            
K 0 0 60            
K 0 21 60            
A D 4 16            
J N 8 1947 21 4 3457 576 0            
K 0 0 42            
K 0 0 60            
K 0 21 60            
A D 8 16            
J B 0 2050 6 4 6913 1152 0            
K -23 21 44            
K -23 35 44            
K -13 0 82            
K -6 0 84            
E *            
L 690 0 0 300 300 * 0 14 0            
J C 4 5 42 2 6913 0 0            
K 0 0 33            
K 0 0 34            
J K 0 57 0 0 6913 0 0            
J D 0 -11 -14 1 6913 0 0            
W 0 0 0 \03\06            
J R 8 100 28 2 1 0 0            
K 0 0 47            
A D 8 16            
J N 7 347 21 4 3457 1152 0            
K 0 0 43            
K 0 0 60            
K 0 21 60            
A D 4 16            
J N 7 467 35 4 5185 576 0            
K 0 0 43            
K 0 0 59            
K 0 -21 59            
A D 4 16            
J B 37 589 1 82 6913 576 0            
J N 6 610 -14 5 1 0 1 20            
K 0 0 45            
K 0 0 43            
K -1 0 45            
K 2 0 45            
A D 2 16            
J N 6 670 21 2 865 288 1 20            
K 0 0 43            
A D 2 16            
H 20 B -58 9 108 2 2 3            
J N 8 730 0 4 1729 288 0            
K 0 0 42            
K 0 0 60            
K 0 21 60            
A D 8 16            
J N 6 934 7 2 5185 1152 2 21 22            
K 0 0 43            
A D 2 16            
J N 6 976 14 2 6049 288 2 22 21            
K 0 0 43            
A D 2 16            
H 22 B -50 3 108 2 2 3            
H 21 S 0 0 0 0 0 0 0 0 0            
J B 38 1018 1 82 6913 288 0            
J N 7 1039 7 4 1 0 0            
K 0 0 43            
K 0 0 60            
K 0 21 60            
A D 4 16            
J N 7 1100 14 4 1729 576 0            
K 0 0 43            
K 0 0 60            
K 0 21 60            
A D 4 16            
J N 8 1184 21 4 3457 576 0            
K 0 0 42            
K 0 0 60            
K 0 21 60            
A D 8 16            
J B 39 1352 1 82 6913 1152 0            
J N 6 1373 -28 6 1 0 1 23            
K 0 14 45            
K 0 0 45            
K 0 0 43            
K -1 0 45            
K 2 0 45            
A D 2 16            
J N 6 1433 21 2 865 288 1 23            
K 0 0 43            
A D 2 16            
H 23 B -72 9 108 2 2 3            
J N 8 1493 0 4 1729 288 0            
K 0 0 42            
K 0 0 60            
K 0 21 60            
A D 8 16            
J N 6 1697 7 2 5185 1152 2 24 25            
K 0 0 43            
A D 2 16            
J N 6 1739 14 2 6049 288 2 25 24            
K 0 0 43            
A D 2 16            
H 25 B -50 3 108 2 2 3            
H 24 S 0 0 0 0 0 0 0 0 0            
J B 40 1781 1 82 6913 288 0            
J N 7 1802 7 4 1 0 0            
K 0 0 43            
K 0 0 60            
K 0 21 60            
A D 4 16            
J N 7 1863 14 4 1729 576 0            
K 0 0 43            
K 0 0 60            
K 0 21 60            
A D 4 16            
J N 8 1947 21 4 3457 576 0            
K 0 0 42            
K 0 0 60            
K 0 21 60            
A D 8 16            
J B 0 2050 6 4 6913 1152 0            
K -23 21 44            
K -23 35 44            
K -13 0 82            
K -6 0 84            
E *            
L 850 0 0 300 300 * 0 14 0            
J C 13 5 28 35 6913 0 0            
J K 0 57 0 0 6913 0 0            
J D 0 -11 -14 1 6913 0 0            
W 0 0 0 \03\06            
J R 8 100 28 2 1 0 0            
K 0 0 47            
A D 4 8            
J N 7 347 28 4 3457 1152 0            
K 0 0 43            
K 0 0 60            
K 0 21 60            
A D 2 8            
J N 7 467 14 4 5185 576 0            
K 0 0 43            
K 0 0 60            
K 0 21 60            
A D 2 8            
J B 37 589 1 82 6913 576 0            
J N 7 610 28 4 1 0 0            
K 0 0 43            
K 0 0 60            
K 0 21 60            
A D 2 8            
J R 6 730 28 2 1729 576 0            
K 0 0 49            
A D 1 8            
J N 6 790 7 3 2593 288 0            
K 0 0 43            
K 0 0 54            
A D 1 8            
J N 7 850 21 4 3457 288 0            
K 0 0 43            
K 0 0 60            
K 0 21 60            
A D 2 8            
J N 6 934 14 2 5185 576 1 6            
K 0 0 43            
A D 1 8            
J N 6 976 -7 2 6049 288 1 6            
K 0 0 43            
A D 1 8            
H 6 B -47 -4 108 2 2 3            
J B 38 1018 1 82 6913 288 0            
J N 7 1039 0 5 1 0 0            
K 0 0 43            
K 24 -6 44            
K 0 0 60            
K 0 21 60            
A D 3 8            
J N 6 1142 0 3 2593 864 0            
K 0 0 43            
K 0 0 54            
A D 1 8            
J N 6 1184 14 2 3457 288 1 7            
K 0 0 43            
A D 1 8            
J N 6 1226 7 2 4321 288 1 7            
K 0 0 43            
A D 1 8            
J N 6 1268 0 2 5185 288 1 7            
K 0 0 43            
A D 1 8            
J N 6 1310 14 2 6049 288 1 7            
K 0 0 43            
A D 1 8            
H 7 B -46 0 108 4 2 1 1 3            
J B 39 1352 1 82 6913 288 0            
J N 7 1373 7 4 1 0 0            
K 0 0 43            
K 0 0 60            
K 0 21 60            
A D 2 8            
J R 6 1493 28 2 1729 576 0            
K 0 0 49            
A D 1 8            
J N 6 1553 7 3 2593 288 0            
K 0 0 43            
K 0 0 54            
A D 1 8            
J N 7 1613 21 4 3457 288 0            
K 0 0 43            
K 0 0 60            
K 0 21 60            
A D 2 8            
J N 6 1697 14 2 5185 576 1 8            
K 0 0 43            
A D 1 8            
J N 6 1739 -7 2 6049 288 1 8            
K 0 0 43            
A D 1 8            
H 8 B -47 -4 108 2 2 3            
J B 40 1781 1 82 6913 288 0            
J N 7 1802 0 5 1 0 0            
K 0 0 43            
K 24 -6 44            
K 0 0 60            
K 0 21 60            
A D 3 8            
J N 6 1905 0 3 2593 864 0            
K 0 0 43            
K 0 0 54            
A D 1 8            
J N 8 1947 14 4 3457 288 0            
K 0 0 42            
K 0 0 60            
K 0 21 60            
A D 4 8            
J B 0 2050 6 4 6913 1152 0            
K -23 21 44            
K -23 35 44            
K -13 0 82            
K -6 0 84            
E *            
L 1010 0 0 300 300 * 0 14 0            
J C 22 5 14 36 6913 0 0            
J K 0 57 0 0 6913 0 0            
J D 0 -11 -14 1 6913 0 0            
W 0 0 0 \03\06            
J R 8 100 28 2 1 0 0            
K 0 0 47            
A D 4 8            
J N 7 347 0 4 3457 1152 0            
K 0 0 43            
K 0 0 60            
K 0 21 60            
A D 2 8            
J N 7 467 49 4 5185 576 0            
K 0 0 43            
K 0 0 59            
K 0 -21 59            
A D 2 8            
J B 37 589 1 82 6913 576 0            
J N 7 610 14 4 1 0 0            
K 0 0 43            
K 0 0 60            
K 0 21 60            
A D 2 8            
J R 6 730 28 2 1729 576 0            
K 0 0 49            
A D 1 8            
J N 6 790 14 3 2593 288 0            
K 0 0 43            
K 0 0 54            
A D 1 8            
J F 0 850 98 1 3457 288 0            
K 0 0 206            
J N 6 850 7 2 3457 0 1 25            
K 0 0 43            
A D 1 8            
J N 6 892 -7 2 4321 288 1 25            
K 0 0 43            
A D 1 8            
J N 6 934 -14 5 5185 288 1 25            
K 0 0 45            
K 0 0 43            
K -1 0 45            
K 2 0 45            
A D 1 8            
J F 0 976 98 2 6049 288 0            
K 0 0 205            
K 0 21 204            
J N 6 976 14 2 6049 0 1 25            
K 0 0 43            
A D 1 8            
H 25 B -50 1 108 4 2 1 1 3            
J B 38 1018 1 82 6913 288 0            
J F 0 1039 98 2 1 0 0            
K 0 0 205            
K 0 21 203            
J N 7 1039 7 4 1 0 0            
K 0 0 43            
K 0 0 60            
K 0 21 60            
A D 2 8            
J F 0 1100 98 2 1729 576 0            
K 0 0 204            
K 0 21 202            
J N 7 1100 56 4 1729 0 0            
K 0 0 43            
K 0 0 59            
K 0 -21 59            
A D 2 8            
J N 6 1184 35 2 3457 576 1 26            
K 0 0 43            
A D 1 8            
J N 6 1226 28 2 4321 288 1 26            
K 0 0 43            
A D 1 8            
J N 6 1268 21 2 5185 288 1 26            
K 0 0 43            
A D 1 8            
J N 6 1310 35 2 6049 288 1 26            
K 0 0 43            
A D 1 8            
H 26 B -42 0 108 4 2 1 1 3            
J B 39 1352 1 82 6913 288 0            
J N 7 1373 14 4 1 0 0            
K 0 0 43            
K 0 0 60            
K 0 21 60            
A D 2 8            
J R 6 1493 28 2 1729 576 0            
K 0 0 49            
A D 1 8            
J N 6 1553 14 3 2593 288 0            
K 0 0 43            
K 0 0 54            
A D 1 8            
J F 0 1613 98 1 3457 288 0            
K 0 0 206            
J N 6 1613 7 2 3457 0 1 27            
K 0 0 43            
A D 1 8            
J N 6 1655 -7 2 4321 288 1 27            
K 0 0 43            
A D 1 8            
J N 6 1697 -14 5 5185 288 1 27            
K 0 0 45            
K 0 0 43            
K -1 0 45            
K 2 0 45            
A D 1 8            
J F 0 1739 98 2 6049 288 0            
K 0 0 205            
K 0 21 204            
J N 6 1739 14 2 6049 0 1 27            
K 0 0 43            
A D 1 8            
H 27 B -50 1 108 4 2 1 1 3            
J B 40 1781 1 82 6913 288 0            
J F 0 1802 98 2 1 0 0            
K 0 0 205            
K 0 21 203            
J N 7 1802 7 4 1 0 0            
K 0 0 43            
K 0 0 60            
K 0 21 60            
A D 2 8            
J F 0 1863 98 2 1729 576 0            
K 0 0 204            
K 0 21 202            
J N 7 1863 56 4 1729 0 0            
K 0 0 43            
K 0 0 59            
K 0 -21 59            
A D 2 8            
J N 8 1947 35 4 3457 576 0            
K 0 0 42            
K 0 0 59            
K 0 -21 59            
A D 4 8            
J B 0 2050 6 4 6913 1152 0            
K -23 21 44            
K -23 35 44            
K -13 0 82            
K -6 0 84            
E *            
B 1 589 0            
B 1 1018 0            
B 1 1352 0            
B 1 1781 0            
B 6 2050 0            
