S 0 200 140 2050 1066 7 "[...][....]"                
L 0 0 0 330 330 * 0 14 0                
J C 4 5 42 2 6913 0 0                
K 0 0 33                
K 0 0 34                
J K 2 57 0 2 6913 0 0                
K 0 0 63                
K 15 21 63                
J D 0 -11 -14 1 6913 0 0                
W 0 0 37 \05\06                
J N 8 136 -28 8 1 0 0                
K 0 14 45                
K 0 0 45                
K 0 0 42                
K -1 0 45                
K 2 0 45                
K 0 0 60                
K 0 28 60                
A D 12 24                
J B 57 304 1 82 6913 1152 0                
J N 8 325 -28 9 1 0 1 82                
K 0 14 45                
K 0 0 45                
K 0 0 42                
K -1 0 45                
K 2 0 45                
K 0 -17 236                
K 0 0 60                
K 0 28 60                
A D 12 24                
J B 58 493 1 82 6913 1152 0                
J N 8 520 -28 8 1 0 2 83 82                
K 0 14 45                
K 0 0 45                
K 0 0 42                
K -1 0 45                
K 2 0 45                
K 0 0 60                
K 0 28 60                
A D 12 24                
H 82 T -28 0 0 0 0 0 5 0                
J B 59 688 1 82 6913 1152 0                
J N 8 709 -28 8 1 0 1 83                
K 0 14 45                
K 0 0 45                
K 0 0 42                
K -1 0 45                
K 2 0 45                
K 0 0 60                
K 0 28 60                
A D 12 24                
H 83 T -28 0 0 0 0 0 5 0                
J B 60 797 1 82 6913 1152 0                
J N 8 820 -21 7 1 0 0                
K 0 7 45                
K 0 0 42                
K 0 7 45                
K 1 7 45                
K 0 0 60                
K 0 21 60                
A D 12 24                
J B 61 988 1 82 6913 1152 0                
J N 8 1009 -21 8 1 0 1 84                
K 0 7 45                
K 0 0 42                
K 0 7 45                
K 1 7 45                
K 0 -17 236                
K 0 0 60                
K 0 21 60                
A D 12 24                
J B 62 1177 1 82 6913 1152 0                
J N 8 1200 -21 7 1 0 2 85 84                
K 0 7 45                
K 0 0 42                
K 0 7 45                
K 1 7 45                
K 0 0 60                
K 0 21 60                
A D 12 24                
H 84 T -21 0 0 0 0 0 1 0                
J B 63 1368 1 82 6913 1152 0                
J N 8 1389 -21 7 1 0 1 85                
K 0 7 45                
K 0 0 42                
K 0 7 45                
K 1 7 45                
K 0 0 60                
K 0 21 60                
A D 12 24                
H 85 T -21 0 0 0 0 0 1 0                
J B 64 1477 1 82 6913 1152 0                
J N 8 1498 -14 7 1 0 0                
K 0 0 45                
K 0 0 42                
K -1 0 45                
K 2 0 45                
K 0 0 60                
K 0 21 60                
A D 12 24                
J B 65 1666 1 82 6913 1152 0                
J N 8 1687 -14 8 1 0 1 86                
K 0 0 45                
K 0 0 42                
K -1 0 45                
K 2 0 45                
K 0 -17 236                
K 0 0 60                
K 0 21 60                
A D 12 24                
J B 66 1856 1 82 6913 1152 0                
J N 8 1877 -14 7 1 0 2 87 86                
K 0 0 45                
K 0 0 42                
K -1 0 45                
K 2 0 45                
K 0 0 60                
K 0 21 60                
A D 12 24                
H 86 T -14 0 0 0 0 0 5 0                
J B 67 2050 1 82 6913 1152 0                
J M 0 2050 0 0 6913 0 1 87                
H 87 T -14 0 0 0 0 0 5 0                
E *                
L 160 0 0 330 330 * 0 14 0                
J C 4 5 42 2 6913 0 0                
K 0 0 33                
K 0 0 34                
J K 2 57 0 2 6913 0 0                
K 0 0 63                
K 15 21 63                
J D 0 -11 -14 1 6913 0 0                
W 0 0 0 \05\06                
J N 6 136 -7 3 1 0 1 21                
K -18 0 63                
K 0 0 43                
A D 2 24                
J N 6 163 21 2 1153 192 1 21                
K 0 0 43                
A D 2 24                
J N 6 190 -7 2 2305 192 1 21                
K 0 0 43                
A D 2 24                
H 21 B -70 0 108 3 2 1 3                
J N 6 217 -7 2 3457 192 1 22                
K 0 0 43                
A D 2 24                
J N 6 244 21 2 4609 192 1 22                
K 0 0 43                
A D 2 24                
J N 6 271 -7 2 5761 192 1 22                
K 0 0 43                
A D 2 24                
H 22 B -70 0 108 3 2 1 3                
J B 57 304 1 82 6913 192 0                
J N 6 325 -14 5 1 0 1 23                
K 0 0 45                
K 0 0 43                
K -1 0 45                
K 2 0 45                
A D 2 24                
J N 6 352 21 2 1153 192 1 23                
K 0 0 43                
A D 2 24                
J N 6 379 -14 5 2305 192 1 23                
K 0 0 45                
K 0 0 43                
K -1 0 45                
K 2 0 45                
A D 2 24                
H 23 B -77 0 108 3 2 1 3                
J N 6 406 -14 5 3457 192 1 24                
K 0 0 45                
K 0 0 43                
K -1 0 45                
K 2 0 45                
A D 2 24                
J N 6 433 21 2 4609 192 1 24                
K 0 0 43                
A D 2 24                
J N 6 460 -14 5 5761 192 1 24                
K 0 0 45                
K 0 0 43                
K -1 0 45                
K 2 0 45                
A D 2 24                
H 24 B -77 0 108 3 2 1 3                
J B 58 493 1 82 6913 192 0                
J N 6 520 -7 3 1 0 1 25                
K -18 0 63                
K 0 0 43                
A D 2 24                
J N 6 547 21 2 1153 192 1 25                
K 0 0 43                
A D 2 24                
J N 6 574 -7 2 2305 192 1 25                
K 0 0 43                
A D 2 24                
H 25 B -70 0 108 3 2 1 3                
J N 6 601 -7 2 3457 192 1 26                
K 0 0 43                
A D 2 24                
J N 6 628 21 2 4609 192 1 26                
K 0 0 43                
A D 2 24                
J N 6 655 -7 2 5761 192 1 26                
K 0 0 43                
A D 2 24                
H 26 B -70 0 108 3 2 1 3                
J B 59 688 1 82 6913 192 0                
J N 7 709 -14 7 1 0 0                
K 0 0 45                
K 0 0 43                
K -1 0 45                
K 2 0 45                
K 0 0 60                
K 0 21 60                
A D 6 24                
J N 7 751 49 4 3457 576 0                
K 0 0 43                
K 0 0 59                
K 0 -21 59                
A D 6 24                
J B 60 797 1 82 6913 576 0                
J N 6 820 0 2 1 0 1 27                
K 0 0 43                
A D 2 24                
J N 6 847 28 2 1153 192 1 27                
K 0 0 43                
A D 2 24                
J N 6 874 0 2 2305 192 1 27                
K 0 0 43                
A D 2 24                
H 27 B -70 0 108 3 2 1 3                
J N 6 901 0 2 3457 192 1 28                
K 0 0 43                
A D 2 24                
J N 6 928 28 2 4609 192 1 28                
K 0 0 43                
A D 2 24                
J N 6 955 0 2 5761 192 1 28                
K 0 0 43                
A D 2 24                
H 28 B -70 0 108 3 2 1 3                
J B 61 988 1 82 6913 192 0                
J N 6 1009 -7 2 1 0 1 29                
K 0 0 43                
A D 2 24                
J N 6 1036 28 2 1153 192 1 29                
K 0 0 43                
A D 2 24                
J N 6 1063 -7 2 2305 192 1 29                
K 0 0 43                
A D 2 24                
H 29 B -77 0 108 3 2 1 3                
J N 6 1090 -7 2 3457 192 1 30                
K 0 0 43                
A D 2 24                
J N 6 1117 28 2 4609 192 1 30                
K 0 0 43                
A D 2 24                
J N 6 1144 -7 2 5761 192 1 30                
K 0 0 43                
A D 2 24                
H 30 B -77 0 108 3 2 1 3                
J B 62 1177 1 82 6913 192 0                
J N 6 1200 0 2 1 0 1 31                
K 0 0 43                
A D 2 24                
J N 6 1227 28 2 1153 192 1 31                
K 0 0 43                
A D 2 24                
J N 6 1254 0 2 2305 192 1 31                
K 0 0 43                
A D 2 24                
H 31 B -70 0 108 3 2 1 3                
J N 6 1281 0 2 3457 192 1 32                
K 0 0 43                
A D 2 24                
J N 6 1308 28 2 4609 192 1 32                
K 0 0 43                
A D 2 24                
J N 6 1335 0 2 5761 192 1 32                
K 0 0 43                
A D 2 24                
H 32 B -70 0 108 3 2 1 3                
J B 63 1368 1 82 6913 192 0                
J N 7 1389 -7 4 1 0 0                
K 0 0 43                
K 0 0 60                
K 0 21 60                
A D 6 24                
J N 7 1431 56 4 3457 576 0                
K 0 0 43                
K 0 0 59                
K 0 -21 59                
A D 6 24                
J B 64 1477 1 82 6913 576 0                
J N 6 1498 7 2 1 0 1 33                
K 0 0 43                
A D 2 24                
J N 6 1525 35 2 1153 192 1 33                
K 0 0 43                
A D 2 24                
J N 6 1552 7 2 2305 192 1 33                
K 0 0 43                
A D 2 24                
H 33 B -70 0 108 3 2 1 3                
J N 6 1579 7 2 3457 192 1 34                
K 0 0 43                
A D 2 24                
J N 6 1606 35 2 4609 192 1 34                
K 0 0 43                
A D 2 24                
J N 6 1633 7 2 5761 192 1 34                
K 0 0 43                
A D 2 24                
H 34 B -70 0 108 3 2 1 3                
J B 65 1666 1 82 6913 192 0                
J N 6 1687 0 2 1 0 1 35                
K 0 0 43                
A D 2 24                
J N 6 1714 35 2 1153 192 1 35                
K 0 0 43                
A D 2 24                
J N 6 1741 0 2 2305 192 1 35                
K 0 0 43                
A D 2 24                
H 35 B -77 0 108 3 2 1 3                
J N 6 1768 0 2 3457 192 1 36                
K 0 0 43                
A D 2 24                
J N 6 1795 35 2 4609 192 1 36                
K 0 0 43                
A D 2 24                
J N 6 1823 0 2 5761 192 1 36                
K 0 0 43                
A D 2 24                
H 36 B -77 0 108 3 2 1 3                
J B 66 1856 1 82 6913 192 0                
J N 6 1877 7 2 1 0 1 37                
K 0 0 43                
A D 2 24                
J N 6 1905 35 2 1153 192 1 37                
K 0 0 43                
A D 2 24                
J N 6 1933 7 2 2305 192 1 37                
K 0 0 43                
A D 2 24                
H 37 B -70 0 108 3 2 1 3                
J N 6 1961 7 2 3457 192 1 38                
K 0 0 43                
A D 2 24                
J N 6 1989 35 2 4609 192 1 38                
K 0 0 43                
A D 2 24                
J N 6 2017 7 2 5761 192 1 38                
K 0 0 43                
A D 2 24                
H 38 B -70 0 108 3 2 1 3                
J B 67 2050 1 82 6913 192 0                
E *                
L 320 0 0 330 330 * 0 14 0                
J C 22 5 14 36 6913 0 0                
J K 2 57 0 2 6913 0 0                
K 0 14 63                
K 15 35 63                
J D 0 -11 -14 1 6913 0 0                
W 0 0 0 \05\06                
J F 0 136 98 1 1 0 0                
K 0 0 205                
J N 7 136 -28 9 1 0 0                
K 0 14 45                
K 0 0 45                
K -18 0 63                
K 0 0 43                
K -1 0 45                
K 2 0 45                
K 0 0 60                
K 0 28 60                
A D 6 24                
J F 0 217 98 1 3457 576 0                
K 0 0 213                
J N 7 217 -14 7 3457 0 0                
K 0 0 45                
K 0 0 43                
K -1 0 45                
K 2 0 45                
K 0 0 60                
K 0 21 60                
A D 6 24                
J B 57 304 1 82 6913 576 0                
J R 7 325 28 2 1 0 0                
K 0 0 48                
A D 6 24                
J N 7 406 -35 9 3457 576 0                
K 0 21 45                
K 0 7 45                
K 0 0 43                
K 0 7 45                
K 1 7 45                
K 0 0 60                
K 0 28 60                
K 0 35 60                
A D 6 24                
J B 58 493 1 82 6913 576 0                
J F 0 520 98 1 1 0 0                
K 0 0 205                
J N 7 520 -28 9 1 0 0                
K 0 14 45                
K 0 0 45                
K -18 0 63                
K 0 0 43                
K -1 0 45                
K 2 0 45                
K 0 0 60                
K 0 28 60                
A D 6 24                
J F 0 601 98 1 3457 576 0                
K 0 0 213                
J N 7 601 -14 7 3457 0 0                
K 0 0 45                
K 0 0 43                
K -1 0 45                
K 2 0 45                
K 0 0 60                
K 0 21 60                
A D 6 24                
J B 59 688 1 82 6913 576 0                
J R 7 709 28 2 1 0 0                
K 0 0 48                
A D 6 24                
J N 7 751 -35 9 3457 576 0                
K 0 21 45                
K 0 7 45                
K 0 0 43                
K 0 7 45                
K 1 7 45                
K 0 0 60                
K 0 28 60                
K 0 35 60                
A D 6 24                
J B 60 797 1 82 6913 576 0                
J F 0 820 98 1 1 0 0                
K 0 0 205                
J N 7 820 -21 8 1 0 0                
K 0 7 45                
K -18 0 63                
K 0 0 43                
K 0 7 45                
K 1 7 45                
K 0 0 60                
K 0 21 60                
A D 6 24                
J F 0 901 98 1 3457 576 0                
K 0 0 213                
J N 7 901 -7 4 3457 0 0                
K 0 0 43                
K 0 0 60                
K 0 21 60                
A D 6 24                
J B 61 988 1 82 6913 576 0                
J R 7 1009 28 2 1 0 0                
K 0 0 48                
A D 6 24                
J N 7 1090 -28 8 3457 576 0                
K 0 14 45                
K 0 0 45                
K 0 0 43                
K -1 0 45                
K 2 0 45                
K 0 0 60                
K 0 28 60                
A D 6 24                
J B 62 1177 1 82 6913 576 0                
J F 0 1200 98 1 1 0 0                
K 0 0 205                
J N 7 1200 -21 8 1 0 0                
K 0 7 45                
K -18 0 63                
K 0 0 43                
K 0 7 45                
K 1 7 45                
K 0 0 60                
K 0 21 60                
A D 6 24                
J F 0 1281 98 1 3457 576 0                
K 0 0 213                
J N 7 1281 -7 4 3457 0 0                
K 0 0 43                
K 0 0 60                
K 0 21 60                
A D 6 24                
J B 63 1368 1 82 6913 576 0                
J R 7 1389 28 2 1 0 0                
K 0 0 48                
A D 6 24                
J N 7 1431 -28 8 3457 576 0                
K 0 14 45                
K 0 0 45                
K 0 0 43                
K -1 0 45                
K 2 0 45                
K 0 0 60                
K 0 28 60                
A D 6 24                
J B 64 1477 1 82 6913 576 0                
J F 0 1498 98 1 1 0 0                
K 0 0 205                
J N 7 1498 -14 7 1 0 0                
K 0 0 45                
K 0 0 43                
K -1 0 45                
K 2 0 45                
K 0 0 60                
K 0 21 60                
A D 6 24                
J N 7 1579 0 4 3457 576 0                
K 0 0 43                
K 0 0 60                
K 0 21 60                
A D 6 24                
J B 65 1666 1 82 6913 576 0                
J R 7 1687 28 2 1 0 0                
K 0 0 48                
A D 6 24                
J N 7 1768 -21 7 3457 576 0                
K 0 7 45                
K 0 0 43                
K 0 7 45                
K 1 7 45                
K 0 0 60                
K 0 21 60                
A D 6 24                
J B 66 1856 1 82 6913 576 0                
J F 0 1877 98 1 1 0 0                
K 0 0 205                
J N 7 1877 -14 7 1 0 0                
K 0 0 45                
K 0 0 43                
K -1 0 45                
K 2 0 45                
K 0 0 60                
K 0 21 60                
A D 6 24                
J N 7 1961 0 4 3457 576 0                
K 0 0 43                
K 0 0 60                
K 0 21 60                
A D 6 24                
J B 67 2050 1 82 6913 576 0                
E *                
L 530 0 0 330 330 * 0 14 0                
J C 4 5 42 2 6913 0 0                
K 0 0 33                
K 0 0 34                
J K 2 57 0 2 6913 0 0                
K 0 0 63                
K 15 21 63                
J D 0 -11 -14 1 6913 0 0                
W 0 0 0 \05\06                
J R 7 136 28 2 1 0 0                
K 0 0 48                
A D 6 24                
J N 7 217 7 5 3457 576 0                
K -18 0 63                
K 0 0 43                
K 0 0 60                
K 0 21 60                
A D 6 24                
J B 57 304 1 82 6913 576 0                
J N 8 325 0 4 1 0 0                
K 0 0 42                
K 0 0 60                
K 0 21 60                
A D 12 24                
J B 58 493 1 82 6913 1152 0                
J R 7 520 28 2 1 0 0                
K 0 0 48                
A D 6 24                
J N 7 601 7 5 3457 576 0                
K -18 0 63                
K 0 0 43                
K 0 0 60                
K 0 21 60                
A D 6 24                
J B 59 688 1 82 6913 576 0                
J N 8 709 0 4 1 0 0                
K 0 0 42                
K 0 0 60                
K 0 21 60                
A D 12 24                
J B 60 797 1 82 6913 1152 0                
J R 7 820 28 2 1 0 0                
K 0 0 48                
A D 6 24                
J N 7 901 14 5 3457 576 0                
K -18 0 63                
K 0 0 43                
K 0 0 60                
K 0 21 60                
A D 6 24                
J B 61 988 1 82 6913 576 0                
J N 8 1009 7 4 1 0 0                
K 0 0 42                
K 0 0 60                
K 0 21 60                
A D 12 24                
J B 62 1177 1 82 6913 1152 0                
J R 7 1200 28 2 1 0 0                
K 0 0 48                
A D 6 24                
J N 7 1281 14 5 3457 576 0                
K -18 0 63                
K 0 0 43                
K 0 0 60                
K 0 21 60                
A D 6 24                
J B 63 1368 1 82 6913 576 0                
J N 8 1389 7 4 1 0 0                
K 0 0 42                
K 0 0 60                
K 0 21 60                
A D 12 24                
J B 64 1477 1 82 6913 1152 0                
J R 7 1498 28 2 1 0 0                
K 0 0 48                
A D 6 24                
J N 7 1579 21 4 3457 576 0                
K 0 0 43                
K 0 0 60                
K 0 21 60                
A D 6 24                
J B 65 1666 1 82 6913 576 0                
J N 8 1687 14 4 1 0 0                
K 0 0 42                
K 0 0 60                
K 0 21 60                
A D 12 24                
J B 66 1856 1 82 6913 1152 0                
J R 7 1877 28 2 1 0 0                
K 0 0 48                
A D 6 24                
J N 7 1961 21 4 3457 576 0                
K 0 0 43                
K 0 0 60                
K 0 21 60                
A D 6 24                
J B 67 2050 1 82 6913 576 0                
E *                
L 690 0 0 330 330 * 0 14 0                
J C 4 5 42 2 6913 0 0                
K 0 0 33                
K 0 0 34                
J K 2 57 0 2 6913 0 0                
K 0 0 63                
K 15 21 63                
J D 0 -11 -14 1 6913 0 0                
W 0 0 0 \05\06                
J R 7 136 28 2 1 0 0                
K 0 0 48                
A D 6 24                
J N 7 217 -7 5 3457 576 0                
K -18 0 63                
K 0 0 43                
K 0 0 60                
K 0 21 60                
A D 6 24                
J B 57 304 1 82 6913 576 0                
J N 8 325 -14 7 1 0 0                
K 0 0 45                
K 0 0 42                
K -1 0 45                
K 2 0 45                
K 0 0 60                
K 0 21 60                
A D 12 24                
J B 58 493 1 82 6913 1152 0                
J R 7 520 28 2 1 0 0                
K 0 0 48                
A D 6 24                
J N 7 601 -7 5 3457 576 0                
K -18 0 63                
K 0 0 43                
K 0 0 60                
K 0 21 60                
A D 6 24                
J B 59 688 1 82 6913 576 0                
J N 8 709 -14 7 1 0 0                
K 0 0 45                
K 0 0 42                
K -1 0 45                
K 2 0 45                
K 0 0 60                
K 0 21 60                
A D 12 24                
J B 60 797 1 82 6913 1152 0                
J R 7 820 28 2 1 0 0                
K 0 0 48                
A D 6 24                
J N 7 901 0 4 3457 576 0                
K 0 0 43                
K 0 0 60                
K 0 21 60                
A D 6 24                
J B 61 988 1 82 6913 576 0                
J N 8 1009 -7 4 1 0 0                
K 0 0 42                
K 0 0 60                
K 0 21 60                
A D 12 24                
J B 62 1177 1 82 6913 1152 0                
J R 7 1200 28 2 1 0 0                
K 0 0 48                
A D 6 24                
J N 7 1281 0 4 3457 576 0                
K 0 0 43                
K 0 0 60                
K 0 21 60                
A D 6 24                
J B 63 1368 1 82 6913 576 0                
J N 8 1389 -7 4 1 0 0                
K 0 0 42                
K 0 0 60                
K 0 21 60                
A D 12 24                
J B 64 1477 1 82 6913 1152 0                
J R 7 1498 28 2 1 0 0                
K 0 0 48                
A D 6 24                
J N 7 1579 7 4 3457 576 0                
K 0 0 43                
K 0 0 60                
K 0 21 60                
A D 6 24                
J B 65 1666 1 82 6913 576 0                
J N 8 1687 0 4 1 0 0                
K 0 0 42                
K 0 0 60                
K 0 21 60                
A D 12 24                
J B 66 1856 1 82 6913 1152 0                
J R 7 1877 28 2 1 0 0                
K 0 0 48                
A D 6 24                
J N 7 1961 7 4 3457 576 0                
K 0 0 43                
K 0 0 60                
K 0 21 60                
A D 6 24                
J B 67 2050 1 82 6913 576 0                
E *                
L 850 0 0 330 330 * 0 14 0                
J C 13 5 28 35 6913 0 0                
J K 2 57 0 2 6913 0 0                
K 0 7 63                
K 15 28 63                
J D 0 -11 -14 1 6913 0 0                
W 0 0 0 \05\06                
J R 7 136 28 2 1 0 0                
K 0 0 48                
A D 6 24                
J N 7 217 -21 7 3457 576 0                
K 0 7 45                
K 0 0 43                
K 0 7 45                
K 1 7 45                
K 0 0 60                
K 0 21 60                
A D 6 24                
J B 57 304 1 82 6913 576 0                
J N 8 325 -21 7 1 0 0                
K 0 7 45                
K 0 0 42                
K 0 7 45                
K 1 7 45                
K 0 0 60                
K 0 21 60                
A D 12 24                
J B 58 493 1 82 6913 1152 0                
J R 7 520 28 2 1 0 0                
K 0 0 48                
A D 6 24                
J N 7 601 -21 7 3457 576 0                
K 0 7 45                
K 0 0 43                
K 0 7 45                
K 1 7 45                
K 0 0 60                
K 0 21 60                
A D 6 24                
J B 59 688 1 82 6913 576 0                
J N 8 709 -21 7 1 0 0                
K 0 7 45                
K 0 0 42                
K 0 7 45                
K 1 7 45                
K 0 0 60                
K 0 21 60                
A D 12 24                
J B 60 797 1 82 6913 1152 0                
J R 7 820 28 2 1 0 0                
K 0 0 48                
A D 6 24                
J N 7 901 -14 7 3457 576 0                
K 0 0 45                
K 0 0 43                
K -1 0 45                
K 2 0 45                
K 0 0 60                
K 0 21 60                
A D 6 24                
J B 61 988 1 82 6913 576 0                
J N 8 1009 -14 7 1 0 0                
K 0 0 45                
K 0 0 42                
K -1 0 45                
K 2 0 45                
K 0 0 60                
K 0 21 60                
A D 12 24                
J B 62 1177 1 82 6913 1152 0                
J R 7 1200 28 2 1 0 0                
K 0 0 48                
A D 6 24                
J N 7 1281 -14 7 3457 576 0                
K 0 0 45                
K 0 0 43                
K -1 0 45                
K 2 0 45                
K 0 0 60                
K 0 21 60                
A D 6 24                
J B 63 1368 1 82 6913 576 0                
J N 8 1389 -14 7 1 0 0                
K 0 0 45                
K 0 0 42                
K -1 0 45                
K 2 0 45                
K 0 0 60                
K 0 21 60                
A D 12 24                
J B 64 1477 1 82 6913 1152 0                
J R 7 1498 28 2 1 0 0                
K 0 0 48                
A D 6 24                
J N 7 1579 -7 4 3457 576 0                
K 0 0 43                
K 0 0 60                
K 0 21 60                
A D 6 24                
J B 65 1666 1 82 6913 576 0                
J N 8 1687 -7 4 1 0 0                
K 0 0 42                
K 0 0 60                
K 0 21 60                
A D 12 24                
J B 66 1856 1 82 6913 1152 0                
J R 7 1877 28 2 1 0 0                
K 0 0 48                
A D 6 24                
J N 7 1961 -7 4 3457 576 0                
K 0 0 43                
K 0 0 60                
K 0 21 60                
A D 6 24                
J B 67 2050 1 82 6913 576 0                
E *                
L 1010 0 0 330 330 * 0 14 0                
J C 22 5 14 36 6913 0 0                
J K 2 57 0 2 6913 0 0                
K 0 14 63                
K 15 35 63                
J D 0 -11 -14 1 6913 0 0                
W 0 0 0 \05\06                
J R 7 136 28 2 1 0 0                
K 0 0 48                
A D 2 8                
J F 0 217 98 1 3457 576 0                
K 0 0 213                
J N 7 217 -14 7 3457 0 0                
K 0 0 45                
K 0 0 43                
K -1 0 45                
K 2 0 45                
K 0 0 60                
K 0 21 60                
A D 2 8                
J B 57 304 1 82 6913 576 0                
J N 8 325 14 4 1 0 0                
K 0 0 42                
K 0 0 60                
K 0 21 60                
A D 4 8                
J B 58 493 1 82 6913 1152 0                
J R 7 520 28 2 1 0 0                
K 0 0 48                
A D 2 8                
J F 0 601 98 1 3457 576 0                
K 0 0 213                
J N 7 601 -14 7 3457 0 0                
K 0 0 45                
K 0 0 43                
K -1 0 45                
K 2 0 45                
K 0 0 60                
K 0 21 60                
A D 2 8                
J B 59 688 1 82 6913 576 0                
J N 8 709 14 4 1 0 0                
K 0 0 42                
K 0 0 60                
K 0 21 60                
A D 4 8                
J B 60 797 1 82 6913 1152 0                
J R 7 820 28 2 1 0 0                
K 0 0 48                
A D 2 8                
J F 0 901 98 1 3457 576 0                
K 0 0 213                
J N 7 901 -7 4 3457 0 0                
K 0 0 43                
K 0 0 60                
K 0 21 60                
A D 2 8                
J B 61 988 1 82 6913 576 0                
J N 8 1009 21 4 1 0 0                
K 0 0 42                
K 0 0 60                
K 0 21 60                
A D 4 8                
J B 62 1177 1 82 6913 1152 0                
J R 7 1200 28 2 1 0 0                
K 0 0 48                
A D 2 8                
J F 0 1281 98 1 3457 576 0                
K 0 0 213                
J N 7 1281 -7 4 3457 0 0                
K 0 0 43                
K 0 0 60                
K 0 21 60                
A D 2 8                
J B 63 1368 1 82 6913 576 0                
J N 8 1389 21 4 1 0 0                
K 0 0 42                
K 0 0 60                
K 0 21 60                
A D 4 8                
J B 64 1477 1 82 6913 1152 0                
J R 7 1498 28 2 1 0 0                
K 0 0 48                
A D 2 8                
J N 7 1579 0 4 3457 576 0                
K 0 0 43                
K 0 0 60                
K 0 21 60                
A D 2 8                
J B 65 1666 1 82 6913 576 0                
J N 8 1687 28 4 1 0 0                
K 0 0 42                
K 0 0 60                
K 0 21 60                
A D 4 8                
J B 66 1856 1 82 6913 1152 0                
J R 7 1877 28 2 1 0 0                
K 0 0 48                
A D 2 8                
J N 7 1961 0 4 3457 576 0                
K 0 0 43                
K 0 0 60                
K 0 21 60                
A D 2 8                
J B 67 2050 1 82 6913 576 0                
E *                
B 1 304 0                
B 1 493 0                
B 1 688 0                
B 1 797 0                
B 1 988 0                
B 1 1177 0                
B 1 1368 0                
B 1 1477 0                
B 1 1666 0                
B 1 1856 0                
B 1 2050 0                
S 0 200 1510 2050 1066 7 "[...][....]"                
L 0 0 0 330 330 * 0 14 0                
J C 4 5 42 2 6913 0 0                
K 0 0 33                
K 0 0 34                
J K 2 57 0 2 6913 0 0                
K 0 0 63                
K 15 21 63                
J D 0 -11 -14 1 6913 0 0                
W 0 0 37 \06\07                
J N 8 130 -14 7 1 0 1 87                
K 0 0 45                
K 0 0 42                
K -1 0 45                
K 2 0 45                
K 0 0 60                
K 0 21 60                
A D 12 24                
J M 0 78 0 0 6913 0 1 87                
H 87 T -14 0 0 0 0 0 5 0                
J B 68 221 1 82 6913 1152 0                
J N 6 242 -21 5 1 0 1 88                
K 0 7 45                
K 0 0 43                
K 0 7 45                
K 1 7 45                
A D 2 24                
J N 6 271 14 2 1153 192 1 88                
K 0 0 43                
A D 2 24                
J N 6 300 -21 5 2305 192 1 88                
K 0 7 45                
K 0 0 43                
K 0 7 45                
K 1 7 45                
A D 2 24                
H 88 B -81 0 108 3 2 1 3                
J N 6 329 -14 5 3457 192 1 89                
K 0 0 45                
K 0 0 43                
K -1 0 45                
K 2 0 45                
A D 2 24                
J N 6 358 14 2 4609 192 1 89                
K 0 0 43                
A D 2 24                
J N 6 387 -14 5 5761 192 1 89                
K 0 0 45                
K 0 0 43                
K -1 0 45                
K 2 0 45                
A D 2 24                
H 89 B -74 0 108 3 2 1 3                
J B 69 420 1 82 6913 192 0                
J N 6 441 -21 5 1 0 1 90                
K 0 7 45                
K 0 0 43                
K 0 7 45                
K 1 7 45                
A D 2 24                
J N 6 470 14 2 1153 192 1 90                
K 0 0 43                
A D 2 24                
J N 6 499 -21 5 2305 192 1 90                
K 0 7 45                
K 0 0 43                
K 0 7 45                
K 1 7 45                
A D 2 24                
H 90 B -81 0 108 3 2 1 3                
J N 6 528 -14 5 3457 192 1 91                
K 0 0 45                
K 0 0 43                
K -1 0 45                
K 2 0 45                
A D 2 24                
J N 6 557 14 2 4609 192 1 91                
K 0 0 43                
A D 2 24                
J N 6 586 -14 5 5761 192 1 91                
K 0 0 45                
K 0 0 43                
K -1 0 45                
K 2 0 45                
A D 2 24                
H 91 B -74 0 108 3 2 1 3                
J B 70 619 1 82 6913 192 0                
J N 6 640 -7 2 1 0 2 92 93                
K 0 0 43                
A D 2 24                
J N 6 669 7 2 1153 192 2 93 92                
K 0 0 43                
A D 2 24                
H 92 S 0 0 0 0 0 0 0 0 0                
J N 6 698 -7 2 2305 192 1 93                
K 0 0 43                
A D 2 24                
H 93 B -63 0 108 3 2 1 3                
J N 6 727 0 2 3457 192 2 94 95                
K 0 0 43                
A D 2 24                
J N 6 756 14 2 4609 192 2 95 94                
K 0 0 43                
A D 2 24                
H 94 S 0 0 0 0 0 0 0 0 0                
J N 6 785 0 2 5761 192 1 95                
K 0 0 43                
A D 2 24                
H 95 B -60 0 108 3 2 1 3                
J B 71 818 1 82 6913 192 0                
J N 7 839 7 4 1 0 0                
K 0 0 43                
K 0 0 60                
K 0 21 60                
A D 6 24                
J N 7 882 35 4 3457 576 0                
K 0 0 43                
K 0 0 59                
K 0 -21 59                
A D 6 24                
J B 72 928 1 82 6913 576 0                
J N 6 949 0 2 1 0 1 96                
K 0 0 43                
A D 2 24                
J N 6 978 -7 2 1153 192 1 96                
K 0 0 43                
A D 2 24                
J N 6 1007 -14 5 2305 192 1 96                
K 0 0 45                
K 0 0 43                
K -1 0 45                
K 2 0 45                
A D 2 24                
H 96 B -47 -3 108 3 2 1 3                
J N 6 1036 0 2 3457 192 1 97                
K 0 0 43                
A D 2 24                
J N 6 1065 -7 2 4609 192 1 97                
K 0 0 43                
A D 2 24                
J N 6 1094 -14 5 5761 192 1 97                
K 0 0 45                
K 0 0 43                
K -1 0 45                
K 2 0 45                
A D 2 24                
H 97 B -47 -3 108 3 2 1 3                
J B 73 1127 1 82 6913 192 0                
J N 6 1148 0 2 1 0 1 98                
K 0 0 43                
A D 2 24                
J N 6 1177 -7 2 1153 192 1 98                
K 0 0 43                
A D 2 24                
J N 6 1206 -14 5 2305 192 1 98                
K 0 0 45                
K 0 0 43                
K -1 0 45                
K 2 0 45                
A D 2 24                
H 98 B -47 -3 108 3 2 1 3                
J N 6 1235 0 2 3457 192 1 99                
K 0 0 43                
A D 2 24                
J N 6 1264 -7 2 4609 192 1 99                
K 0 0 43                
A D 2 24                
J N 6 1293 -14 5 5761 192 1 99                
K 0 0 45                
K 0 0 43                
K -1 0 45                
K 2 0 45                
A D 2 24                
H 99 B -47 -3 108 3 2 1 3                
J B 74 1326 1 82 6913 192 0                
J N 6 1347 0 2 1 0 1 100                
K 0 0 43                
A D 2 24                
J N 6 1376 -7 2 1153 192 1 100                
K 0 0 43                
A D 2 24                
J N 6 1405 -14 5 2305 192 1 100                
K 0 0 45                
K 0 0 43                
K -1 0 45                
K 2 0 45                
A D 2 24                
H 100 B -47 -3 108 3 2 1 3                
J N 6 1434 0 2 3457 192 1 101                
K 0 0 43                
A D 2 24                
J N 6 1463 -7 2 4609 192 1 101                
K 0 0 43                
A D 2 24                
J N 6 1492 -14 5 5761 192 1 101                
K 0 0 45                
K 0 0 43                
K -1 0 45                
K 2 0 45                
A D 2 24                
H 101 B -47 -3 108 3 2 1 3                
J B 75 1525 1 82 6913 192 0                
J N 8 1546 0 4 1 0 0                
K 0 0 42                
K 0 0 60                
K 0 21 60                
A D 12 24                
J B 76 1652 1 82 6913 1152 0                
J N 6 1673 -14 5 1 0 2 102 103                
K 0 0 45                
K 0 0 43                
K -1 0 45                
K 2 0 45                
A D 2 24                
J N 6 1702 -7 2 1153 192 1 103                
K 0 0 43                
A D 2 24                
J N 6 1731 0 2 2305 192 2 103 102                
K 0 0 43                
A D 2 24                
H 103 B -56 3 108 3 2 1 3                
H 102 S 0 0 0 0 0 0 0 0 0                
J N 6 1760 -14 5 3457 192 2 104 105                
K 0 0 45                
K 0 0 43                
K -1 0 45                
K 2 0 45                
A D 2 24                
J N 6 1789 -7 2 4609 192 1 105                
K 0 0 43                
A D 2 24                
J N 6 1818 0 2 5761 192 2 105 104                
K 0 0 43                
A D 2 24                
H 105 B -56 3 108 3 2 1 3                
H 104 S 0 0 0 0 0 0 0 0 0                
J B 77 1851 1 82 6913 192 0                
J N 6 1872 -21 5 1 0 2 106 107                
K 0 7 45                
K 0 0 43                
K 0 7 45                
K 1 7 45                
A D 2 24                
J N 6 1901 -14 5 1153 192 1 107                
K 0 0 45                
K 0 0 43                
K -1 0 45                
K 2 0 45                
A D 2 24                
J N 6 1930 -21 5 2305 192 2 107 106                
K 0 7 45                
K 0 0 43                
K 0 7 45                
K 1 7 45                
A D 2 24                
H 107 B -53 0 108 3 2 1 3                
H 106 S 0 0 0 0 0 0 0 0 0                
J N 6 1959 -7 2 3457 192 2 108 109                
K 0 0 43                
A D 2 24                
J N 6 1988 -14 5 4609 192 1 109                
K 0 0 45                
K 0 0 43                
K -1 0 45                
K 2 0 45                
A D 2 24                
J N 6 2017 0 2 5761 192 2 109 108                
K 0 0 43                
A D 2 24                
H 109 B -50 2 108 3 2 1 3                
H 108 S 0 0 -7 0 -7 0 0 0 0                
J B 78 2050 1 82 6913 192 0                
E *                
L 160 0 0 330 330 * 0 14 0                
J C 4 5 42 2 6913 0 0                
K 0 0 33                
K 0 0 34                
J K 2 57 0 2 6913 0 0                
K 0 0 63                
K 15 21 63                
J D 0 -11 -14 1 6913 0 0                
W 0 0 0 \06\07                
J N 7 130 0 4 1 0 0                
K 0 0 43                
K 0 0 60                
K 0 21 60                
A D 6 24                
J N 7 174 63 4 3457 576 0                
K 0 0 43                
K 0 0 59                
K 0 -21 59                
A D 6 24                
J B 68 221 1 82 6913 576 0                
J N 7 242 21 4 1 0 0                
K 0 0 43                
K 0 0 60                
K 0 21 60                
A D 6 24                
J R 7 329 28 2 3457 576 0                
K 0 0 48                
A D 6 24                
J B 69 420 1 82 6913 576 0                
J N 7 441 14 4 1 0 0                
K 0 0 43                
K 0 0 60                
K 0 21 60                
A D 6 24                
J R 7 528 28 2 3457 576 0                
K 0 0 48                
A D 6 24                
J B 70 619 1 82 6913 576 0                
J N 7 640 21 4 1 0 0                
K 0 0 43                
K 0 0 60                
K 0 21 60                
A D 6 24                
J N 7 727 14 4 3457 576 0                
K 0 0 43                
K 0 0 60                
K 0 21 60                
A D 6 24                
J B 71 818 1 82 6913 576 0                
J N 8 839 21 4 1 0 0                
K 0 0 42                
K 0 0 60                
K 0 21 60                
A D 12 24                
J B 72 928 1 82 6913 1152 0                
J N 6 949 14 2 1 0 1 39                
K 0 0 43                
A D 2 24                
J N 6 978 7 2 1153 192 1 39                
K 0 0 43                
A D 2 24                
J N 6 1007 0 2 2305 192 1 39                
K 0 0 43                
A D 2 24                
H 39 B -47 -3 108 3 2 1 3                
J N 6 1036 14 2 3457 192 1 40                
K 0 0 43                
A D 2 24                
J N 6 1065 7 2 4609 192 1 40                
K 0 0 43                
A D 2 24                
J N 6 1094 0 2 5761 192 1 40                
K 0 0 43                
A D 2 24                
H 40 B -47 -3 108 3 2 1 3                
J B 73 1127 1 82 6913 192 0                
J N 6 1148 14 2 1 0 1 41                
K 0 0 43                
A D 2 24                
J N 6 1177 7 2 1153 192 1 41                
K 0 0 43                
A D 2 24                
J N 6 1206 0 2 2305 192 1 41                
K 0 0 43                
A D 2 24                
H 41 B -47 -3 108 3 2 1 3                
J N 6 1235 14 2 3457 192 1 42                
K 0 0 43                
A D 2 24                
J N 6 1264 7 2 4609 192 1 42                
K 0 0 43                
A D 2 24                
J N 6 1293 0 2 5761 192 1 42                
K 0 0 43                
A D 2 24                
H 42 B -47 -3 108 3 2 1 3                
J B 74 1326 1 82 6913 192 0                
J N 6 1347 14 2 1 0 1 43                
K 0 0 43                
A D 2 24                
J N 6 1376 7 2 1153 192 1 43                
K 0 0 43                
A D 2 24                
J N 6 1405 0 2 2305 192 1 43                
K 0 0 43                
A D 2 24                
H 43 B -47 -3 108 3 2 1 3                
J N 6 1434 14 2 3457 192 1 44                
K 0 0 43                
A D 2 24                
J N 6 1463 7 2 4609 192 1 44                
K 0 0 43                
A D 2 24                
J N 6 1492 0 2 5761 192 1 44                
K 0 0 43                
A D 2 24                
H 44 B -47 -3 108 3 2 1 3                
J B 75 1525 1 82 6913 192 0                
J N 8 1546 14 4 1 0 0                
K 0 0 42                
K 0 0 60                
K 0 21 60                
A D 12 24                
J B 76 1652 1 82 6913 1152 0                
J N 6 1673 0 2 1 0 2 45 46                
K 0 0 43                
A D 2 24                
J N 6 1702 7 2 1153 192 1 46                
K 0 0 43                
A D 2 24                
J N 6 1731 14 2 2305 192 2 46 45                
K 0 0 43                
A D 2 24                
H 46 B -56 3 108 3 2 1 3                
H 45 S 0 0 0 0 0 0 0 0 0                
J N 6 1760 0 2 3457 192 2 47 48                
K 0 0 43                
A D 2 24                
J N 6 1789 7 2 4609 192 1 48                
K 0 0 43                
A D 2 24                
J N 6 1818 14 2 5761 192 2 48 47                
K 0 0 43                
A D 2 24                
H 48 B -56 3 108 3 2 1 3                
H 47 S 0 0 0 0 0 0 0 0 0                
J B 77 1851 1 82 6913 192 0                
J N 6 1872 28 2 1 0 2 49 50                
K 0 0 43                
A D 3 24                
J N 6 1915 21 2 1729 288 2 50 49                
K 0 0 43                
A D 3 24                
H 50 B -47 -3 108 2 2 3                
H 49 S 0 0 0 0 0 0 0 0 0                
J N 7 1959 14 4 3457 288 0                
K 0 0 43                
K 0 0 60                
K 0 21 60                
A D 6 24                
J B 78 2050 1 82 6913 576 0                
E *                
L 320 0 0 330 330 * 0 14 0                
J C 22 5 14 36 6913 0 0                
J K 2 57 0 2 6913 0 0                
K 0 14 63                
K 15 35 63                
J D 0 -11 -14 1 6913 0 0                
W 0 0 0 \06\07                
J R 7 130 28 2 1 0 0                
K 0 0 48                
A D 6 24                
J N 7 174 -21 7 3457 576 0                
K 0 7 45                
K 0 0 43                
K 0 7 45                
K 1 7 45                
K 0 0 60                
K 0 21 60                
A D 6 24                
J B 68 221 1 82 6913 576 0                
J N 7 242 7 4 1 0 0                
K 0 0 43                
K 0 0 60                
K 0 21 60                
A D 6 24                
J F 0 329 98 1 3457 576 0                
K 0 0 205                
J N 7 329 14 4 3457 0 0                
K 0 0 43                
K 0 0 60                
K 0 21 60                
A D 6 24                
J B 69 420 1 82 6913 576 0                
J N 7 441 7 4 1 0 0                
K 0 0 43                
K 0 0 60                
K 0 21 60                
A D 6 24                
J F 0 528 98 1 3457 576 0                
K 0 0 205                
J N 7 528 14 4 3457 0 0                
K 0 0 43                
K 0 0 60                
K 0 21 60                
A D 6 24                
J B 70 619 1 82 6913 576 0                
J F 0 640 98 1 1 0 0                
K 0 0 205                
J N 7 640 21 4 1 0 0                
K 0 0 43                
K 0 0 60                
K 0 21 60                
A D 6 24                
J N 7 727 28 4 3457 576 0                
K 0 0 43                
K 0 0 60                
K 0 21 60                
A D 6 24                
J B 71 818 1 82 6913 576 0                
J N 8 839 0 4 1 0 0                
K 0 0 42                
K 0 0 60                
K 0 21 60                
A D 12 24                
J B 72 928 1 82 6913 1152 0                
J F 0 949 98 1 1 0 0                
K 0 0 205                
J N 8 949 14 4 1 0 0                
K 0 0 42                
K 0 0 60                
K 0 21 60                
A D 12 24                
J B 73 1127 1 82 6913 1152 0                
J F 0 1148 98 3 1 0 0                
K 0 0 206                
K 0 21 204                
K 0 42 202                
J N 8 1148 7 4 1 0 0                
K 0 0 42                
K 0 0 60                
K 0 21 60                
A D 12 24                
J B 74 1326 1 82 6913 1152 0                
J F 0 1347 98 3 1 0 0                
K 0 0 205                
K 0 21 203                
K 0 42 202                
J N 8 1347 0 4 1 0 0                
K 0 0 42                
K 0 0 60                
K 0 21 60                
A D 12 24                
J B 75 1525 1 82 6913 1152 0                
J F 0 1546 98 1 1 0 0                
K 0 0 204                
J N 8 1546 -7 4 1 0 0                
K 0 0 42                
K 0 0 60                
K 0 21 60                
A D 12 24                
J B 76 1652 1 82 6913 1152 0                
J F 0 1673 98 1 1 0 0                
K 0 0 205                
J N 7 1673 14 5 1 0 0                
K 0 0 43                
K 24 -6 44                
K 0 0 60                
K 0 21 60                
A D 9 24                
J N 6 1803 14 3 5185 864 0                
K 0 0 43                
K 0 0 54                
A D 3 24                
J B 77 1851 1 82 6913 288 0                
J N 7 1872 7 4 1 0 0                
K 0 0 43                
K 0 0 60                
K 0 21 60                
A D 6 24                
J N 7 1959 28 4 3457 576 0                
K 0 0 43                
K 0 0 60                
K 0 21 60                
A D 6 24                
J B 78 2050 1 82 6913 576 0                
E *                
L 530 0 0 330 330 * 0 14 0                
J C 4 5 42 2 6913 0 0                
K 0 0 33                
K 0 0 34                
J K 2 57 0 2 6913 0 0                
K 0 0 63                
K 15 21 63                
J D 0 -11 -14 1 6913 0 0                
W 0 0 0 \06\07                
J N 8 130 14 4 1 0 0                
K 0 0 42                
K 0 0 60                
K 0 21 60                
A D 12 24                
J B 68 221 1 82 6913 1152 0                
J N 7 242 -21 7 1 0 0                
K 0 7 45                
K 0 0 43                
K 0 7 45                
K 1 7 45                
K 0 0 60                
K 0 21 60                
A D 6 24                
J N 7 329 -14 7 3457 576 0                
K 0 0 45                
K 0 0 43                
K -1 0 45                
K 2 0 45                
K 0 0 60                
K 0 21 60                
A D 6 24                
J B 69 420 1 82 6913 576 0                
J N 7 441 -21 7 1 0 0                
K 0 7 45                
K 0 0 43                
K 0 7 45                
K 1 7 45                
K 0 0 60                
K 0 21 60                
A D 6 24                
J N 7 528 -14 7 3457 576 0                
K 0 0 45                
K 0 0 43                
K -1 0 45                
K 2 0 45                
K 0 0 60                
K 0 21 60                
A D 6 24                
J B 70 619 1 82 6913 576 0                
J N 7 640 -7 4 1 0 0                
K 0 0 43                
K 0 0 60                
K 0 21 60                
A D 6 24                
J N 7 727 0 4 3457 576 0                
K 0 0 43                
K 0 0 60                
K 0 21 60                
A D 6 24                
J B 71 818 1 82 6913 576 0                
J N 7 839 7 4 1 0 0                
K 0 0 43                
K 0 0 60                
K 0 21 60                
A D 6 24                
J N 7 882 35 4 3457 576 0                
K 0 0 43                
K 0 0 59                
K 0 -21 59                
A D 6 24                
J B 72 928 1 82 6913 576 0                
J N 7 949 -35 9 1 0 0                
K 0 21 45                
K 0 7 45                
K 0 0 43                
K 0 7 45                
K 1 7 45                
K 0 0 60                
K 0 28 60                
K 0 35 60                
A D 6 24                
J N 7 1036 14 4 3457 576 0                
K 0 0 43                
K 0 0 60                
K 0 21 60                
A D 6 24                
J B 73 1127 1 82 6913 576 0                
J R 9 1212 28 2 1 10000 0                
K 0 0 46                
A D 12 24                
J B 74 1326 1 82 6913 1152 0                
J N 7 1347 -35 9 1 0 0                
K 0 21 45                
K 0 7 45                
K 0 0 43                
K 0 7 45                
K 1 7 45                
K 0 0 60                
K 0 28 60                
K 0 35 60                
A D 6 24                
J N 7 1434 14 4 3457 576 0                
K 0 0 43                
K 0 0 60                
K 0 21 60                
A D 6 24                
J B 75 1525 1 82 6913 576 0                
J R 9 1574 28 2 1 10000 0                
K 0 0 46                
A D 12 24                
J B 76 1652 1 82 6913 1152 0                
J N 6 1673 -14 5 1 0 2 31 32                
K 0 0 45                
K 0 0 43                
K -1 0 45                
K 2 0 45                
A D 2 24                
J N 6 1702 -7 2 1153 192 1 32                
K 0 0 43                
A D 2 24                
J N 6 1731 0 2 2305 192 2 32 31                
K 0 0 43                
A D 2 24                
H 32 B -56 3 108 3 2 1 3                
H 31 S 0 0 0 0 0 0 0 0 0                
J N 6 1760 -14 5 3457 192 2 33 34                
K 0 0 45                
K 0 0 43                
K -1 0 45                
K 2 0 45                
A D 2 24                
J N 6 1789 -7 2 4609 192 1 34                
K 0 0 43                
A D 2 24                
J N 6 1818 0 2 5761 192 2 34 33                
K 0 0 43                
A D 2 24                
H 34 B -56 3 108 3 2 1 3                
H 33 S 0 0 0 0 0 0 0 0 0                
J B 77 1851 1 82 6913 192 0                
J N 6 1872 -21 5 1 0 2 35 36                
K 0 7 45                
K 0 0 43                
K 0 7 45                
K 1 7 45                
A D 2 24                
J N 6 1901 -14 5 1153 192 1 36                
K 0 0 45                
K 0 0 43                
K -1 0 45                
K 2 0 45                
A D 2 24                
J N 6 1930 -21 5 2305 192 2 36 35                
K 0 7 45                
K 0 0 43                
K 0 7 45                
K 1 7 45                
A D 2 24                
H 36 B -53 0 108 3 2 1 3                
H 35 S 0 0 0 0 0 0 0 0 0                
J N 6 1959 -7 2 3457 192 2 37 38                
K 0 0 43                
A D 2 24                
J N 6 1988 -14 5 4609 192 1 38                
K 0 0 45                
K 0 0 43                
K -1 0 45                
K 2 0 45                
A D 2 24                
J N 6 2017 0 2 5761 192 2 38 37                
K 0 0 43                
A D 2 24                
H 38 B -50 2 108 3 2 1 3                
H 37 S 0 0 -7 0 -7 0 0 0 0                
J B 78 2050 1 82 6913 192 0                
E *                
L 690 0 0 330 330 * 0 14 0                
J C 4 5 42 2 6913 0 0                
K 0 0 33                
K 0 0 34                
J K 2 57 0 2 6913 0 0                
K 0 0 63                
K 15 21 63                
J D 0 -11 -14 1 6913 0 0                
W 0 0 0 \06\07                
J N 8 130 0 4 1 0 0                
K 0 0 42                
K 0 0 60                
K 0 21 60                
A D 12 24                
J B 68 221 1 82 6913 1152 0                
J N 7 242 14 4 1 0 0                
K 0 0 43                
K 0 0 60                
K 0 21 60                
A D 6 24                
J R 7 329 28 2 3457 576 0                
K 0 0 48                
A D 6 24                
J B 69 420 1 82 6913 576 0                
J N 7 441 14 4 1 0 0                
K 0 0 43                
K 0 0 60                
K 0 21 60                
A D 6 24                
J R 7 528 28 2 3457 576 0                
K 0 0 48                
A D 6 24                
J B 70 619 1 82 6913 576 0                
J N 7 640 21 4 1 0 0                
K 0 0 43                
K 0 0 60                
K 0 21 60                
A D 6 24                
J N 7 727 14 4 3457 576 0                
K 0 0 43                
K 0 0 60                
K 0 21 60                
A D 6 24                
J B 71 818 1 82 6913 576 0                
J N 8 839 21 4 1 0 0                
K 0 0 42                
K 0 0 60                
K 0 21 60                
A D 12 24                
J B 72 928 1 82 6913 1152 0                
J R 9 1013 28 2 1 10000 0                
K 0 0 46                
A D 12 24                
J B 73 1127 1 82 6913 1152 0                
J N 7 1148 -35 9 1 0 0                
K 0 21 45                
K 0 7 45                
K 0 0 43                
K 0 7 45                
K 1 7 45                
K 0 0 60                
K 0 28 60                
K 0 35 60                
A D 6 24                
J N 7 1235 14 4 3457 576 0                
K 0 0 43                
K 0 0 60                
K 0 21 60                
A D 6 24                
J B 74 1326 1 82 6913 576 0                
J R 9 1411 28 2 1 10000 0                
K 0 0 46                
A D 12 24                
J B 75 1525 1 82 6913 1152 0                
J N 7 1546 -35 9 1 0 0                
K 0 21 45                
K 0 7 45                
K 0 0 43                
K 0 7 45                
K 1 7 45                
K 0 0 60                
K 0 28 60                
K 0 35 60                
A D 6 24                
J N 7 1585 14 4 3457 576 0                
K 0 0 43                
K 0 0 60                
K 0 21 60                
A D 6 24                
J B 76 1652 1 82 6913 576 0                
J N 6 1673 0 2 1 0 2 14 15                
K 0 0 43                
A D 2 24                
J N 6 1702 7 2 1153 192 1 15                
K 0 0 43                
A D 2 24                
J N 6 1731 14 2 2305 192 2 15 14                
K 0 0 43                
A D 2 24                
H 15 B -56 3 108 3 2 1 3                
H 14 S 0 0 0 0 0 0 0 0 0                
J N 6 1760 0 2 3457 192 2 16 17                
K 0 0 43                
A D 2 24                
J N 6 1789 7 2 4609 192 1 17                
K 0 0 43                
A D 2 24                
J N 6 1818 14 2 5761 192 2 17 16                
K 0 0 43                
A D 2 24                
H 17 B -56 3 108 3 2 1 3                
H 16 S 0 0 0 0 0 0 0 0 0                
J B 77 1851 1 82 6913 192 0                
J N 6 1872 28 2 1 0 2 18 19                
K 0 0 43                
A D 3 24                
J N 6 1915 21 2 1729 288 2 19 18                
K 0 0 43                
A D 3 24                
H 19 B -47 -3 108 2 2 3                
H 18 S 0 0 0 0 0 0 0 0 0                
J N 7 1959 14 4 3457 288 0                
K 0 0 43                
K 0 0 60                
K 0 21 60                
A D 6 24                
J B 78 2050 1 82 6913 576 0                
E *                
L 850 0 0 330 330 * 0 14 0                
J C 13 5 28 35 6913 0 0                
J K 2 57 0 2 6913 0 0                
K 0 7 63                
K 15 28 63                
J D 0 -11 -14 1 6913 0 0                
W 0 0 0 \06\07                
J N 8 130 -7 4 1 0 0                
K 0 0 42                
K 0 0 60                
K 0 21 60                
A D 12 24                
J B 68 221 1 82 6913 1152 0                
J N 7 242 0 4 1 0 0                
K 0 0 43                
K 0 0 60                
K 0 21 60                
A D 6 24                
J N 7 329 21 4 3457 576 0                
K 0 0 43                
K 0 0 60                
K 0 21 60                
A D 6 24                
J B 69 420 1 82 6913 576 0                
J N 7 441 0 4 1 0 0                
K 0 0 43                
K 0 0 60                
K 0 21 60                
A D 6 24                
J N 7 528 21 4 3457 576 0                
K 0 0 43                
K 0 0 60                
K 0 21 60                
A D 6 24                
J B 70 619 1 82 6913 576 0                
J N 7 640 14 4 1 0 0                
K 0 0 43                
K 0 0 60                
K 0 21 60                
A D 6 24                
J N 6 727 7 2 3457 576 1 4                
K 0 0 43                
A D 3 24                
J N 6 770 0 2 5185 288 1 4                
K 0 0 43                
A D 3 24                
H 4 B -42 -3 108 2 2 3                
J B 71 818 1 82 6913 288 0                
J N 8 839 -7 4 1 0 0                
K 0 0 42                
K 0 0 60                
K 0 21 60                
A D 12 24                
J B 72 928 1 82 6913 1152 0                
J N 8 949 -7 4 1 0 0                
K 0 0 42                
K 0 0 60                
K 0 21 60                
A D 12 24                
J B 73 1127 1 82 6913 1152 0                
J N 8 1148 -14 7 1 0 0                
K 0 0 45                
K 0 0 42                
K -1 0 45                
K 2 0 45                
K 0 0 60                
K 0 21 60                
A D 12 24                
J B 74 1326 1 82 6913 1152 0                
J N 8 1347 -21 7 1 0 0                
K 0 7 45                
K 0 0 42                
K 0 7 45                
K 1 7 45                
K 0 0 60                
K 0 21 60                
A D 12 24                
J B 75 1525 1 82 6913 1152 0                
J N 8 1546 -28 8 1 0 0                
K 0 14 45                
K 0 0 45                
K 0 0 42                
K -1 0 45                
K 2 0 45                
K 0 0 60                
K 0 28 60                
A D 12 24                
J B 76 1652 1 82 6913 1152 0                
J N 7 1673 21 5 1 0 0                
K 0 0 43                
K 25 0 44                
K 0 0 60                
K 0 21 60                
A D 9 24                
J N 6 1803 21 3 5185 864 0                
K 0 0 43                
K 0 0 54                
A D 3 24                
J B 77 1851 1 82 6913 288 0                
J N 7 1872 21 4 1 0 0                
K 0 0 43                
K 0 0 60                
K 0 21 60                
A D 6 24                
J N 6 1959 7 2 3457 576 2 5 6                
K 0 0 43                
A D 3 24                
J N 6 2002 0 2 5185 288 2 6 5                
K 0 0 43                
A D 3 24                
H 6 B -42 -3 108 2 2 3                
H 5 S 0 0 0 0 0 0 0 0 0                
J B 78 2050 1 82 6913 288 0                
E *                
L 1010 0 0 330 330 * 0 14 0                
J C 22 5 14 36 6913 0 0                
J K 2 57 0 2 6913 0 0                
K 0 14 63                
K 15 35 63                
J D 0 -11 -14 1 6913 0 0                
W 0 0 0 \06\07                
J N 8 130 28 4 1 0 0                
K 0 0 42                
K 0 0 60                
K 0 21 60                
A D 4 8                
J B 68 221 1 82 6913 1152 0                
J N 7 242 7 4 1 0 0                
K 0 0 43                
K 0 0 60                
K 0 21 60                
A D 2 8                
J F 0 329 98 1 3457 576 0                
K 0 0 205                
J N 7 329 14 4 3457 0 0                
K 0 0 43                
K 0 0 60                
K 0 21 60                
A D 2 8                
J B 69 420 1 82 6913 576 0                
J N 7 441 7 4 1 0 0                
K 0 0 43                
K 0 0 60                
K 0 21 60                
A D 2 8                
J F 0 528 98 1 3457 576 0                
K 0 0 205                
J N 7 528 14 4 3457 0 0                
K 0 0 43                
K 0 0 60                
K 0 21 60                
A D 2 8                
J B 70 619 1 82 6913 576 0                
J F 0 640 98 1 1 0 0                
K 0 0 205                
J N 7 640 21 4 1 0 0                
K 0 0 43                
K 0 0 60                
K 0 21 60                
A D 2 8                
J N 7 727 28 4 3457 576 0                
K 0 0 43                
K 0 0 60                
K 0 21 60                
A D 2 8                
J B 71 818 1 82 6913 576 0                
J N 8 839 0 4 1 0 0                
K 0 0 42                
K 0 0 60                
K 0 21 60                
A D 4 8                
J B 72 928 1 82 6913 1152 0                
J F 0 949 98 1 1 0 0                
K 0 0 205                
J N 8 949 14 4 1 0 0                
K 0 0 42                
K 0 0 60                
K 0 21 60                
A D 4 8                
J B 73 1127 1 82 6913 1152 0                
J F 0 1148 98 3 1 0 0                
K 0 0 206                
K 0 21 204                
K 0 42 202                
J N 8 1148 7 4 1 0 0                
K 0 0 42                
K 0 0 60                
K 0 21 60                
A D 4 8                
J B 74 1326 1 82 6913 1152 0                
J F 0 1347 98 3 1 0 0                
K 0 0 205                
K 0 21 203                
K 0 42 202                
J N 8 1347 0 4 1 0 0                
K 0 0 42                
K 0 0 60                
K 0 21 60                
A D 4 8                
J B 75 1525 1 82 6913 1152 0                
J F 0 1546 98 1 1 0 0                
K 0 0 204                
J N 8 1546 -7 4 1 0 0                
K 0 0 42                
K 0 0 60                
K 0 21 60                
A D 4 8                
J B 76 1652 1 82 6913 1152 0                
J F 0 1673 98 1 1 0 0                
K 0 0 205                
J N 7 1673 14 5 1 0 0                
K 0 0 43                
K 24 -6 44                
K 0 0 60                
K 0 21 60                
A D 3 8                
J N 6 1803 14 3 5185 864 0                
K 0 0 43                
K 0 0 54                
A D 1 8                
J B 77 1851 1 82 6913 288 0                
J N 7 1872 7 4 1 0 0                
K 0 0 43                
K 0 0 60                
K 0 21 60                
A D 2 8                
J N 7 1959 28 4 3457 576 0                
K 0 0 43                
K 0 0 60                
K 0 21 60                
A D 2 8                
J B 78 2050 1 82 6913 576 0                
E *                
B 1 221 0                
B 1 420 0                
B 1 619 0                
B 1 818 0                
B 1 928 0                
B 1 1127 0                
B 1 1326 0                
B 1 1525 0                
B 1 1652 0                
B 1 1851 0                
B 1 2050 0                
