S 0 200 140 2050 1066 7 "[...][....]"                            
L 0 0 0 330 330 * 0 14 0                            
J C 4 5 42 2 6913 0 0                            
K 0 0 33                            
K 0 0 34                            
J K 2 57 0 2 6913 0 0                            
K 0 0 63                            
K 15 21 63                            
J D 0 -11 -14 1 6913 0 0                            
W 0 0 37 \07\08                            
J N 7 130 7 5 1 0 0                            
K 0 0 43                            
K 25 0 44                            
K 0 0 60                            
K 0 21 60                            
A D 9 24                            
J N 6 195 -14 6 5185 864 0                            
K 0 0 45                            
K 0 0 43                            
K -1 0 45                            
K 2 0 45                            
K 0 0 54                            
A D 3 24                            
J B 79 232 1 82 6913 288 0                            
J N 8 253 0 4 1 0 0                            
K 0 0 42                            
K 0 0 60                            
K 0 21 60                            
A D 12 24                            
J B 80 319 1 82 6913 1152 0                            
J N 6 340 0 3 1 0 1 110                            
K 0 0 43                            
K 0 78 108                            
A D 2 24                            
J N 6 369 -7 2 1153 192 1 110                            
K 0 0 43                            
A D 2 24                            
J N 6 398 -14 5 2305 192 1 110                            
K 0 0 45                            
K 0 0 43                            
K -1 0 45                            
K 2 0 45                            
A D 2 24                            
H 110 B -47 -3 108 3 2 1 3                            
J N 6 427 0 2 3457 192 1 111                            
K 0 0 43                            
A D 2 24                            
J N 6 456 -7 2 4609 192 1 111                            
K 0 0 43                            
A D 2 24                            
J N 6 485 -14 5 5761 192 1 111                            
K 0 0 45                            
K 0 0 43                            
K -1 0 45                            
K 2 0 45                            
A D 2 24                            
H 111 B -47 -3 108 3 2 1 3                            
J B 81 518 1 82 6913 192 0                            
J N 6 539 0 2 1 0 1 112                            
K 0 0 43                            
A D 2 24                            
J N 6 568 -7 2 1153 192 1 112                            
K 0 0 43                            
A D 2 24                            
J N 6 597 -14 5 2305 192 1 112                            
K 0 0 45                            
K 0 0 43                            
K -1 0 45                            
K 2 0 45                            
A D 2 24                            
H 112 B -47 -3 108 3 2 1 3                            
J N 6 626 0 2 3457 192 1 113                            
K 0 0 43                            
A D 2 24                            
J N 6 655 -7 2 4609 192 1 113                            
K 0 0 43                            
A D 2 24                            
J N 6 684 -14 5 5761 192 1 113                            
K 0 0 45                            
K 0 0 43                            
K -1 0 45                            
K 2 0 45                            
A D 2 24                            
H 113 B -47 -3 108 3 2 1 3                            
J B 82 717 1 82 6913 192 0                            
J N 6 738 0 2 1 0 1 114                            
K 0 0 43                            
A D 2 24                            
J N 6 767 -7 2 1153 192 1 114                            
K 0 0 43                            
A D 2 24                            
J N 6 796 -14 5 2305 192 1 114                            
K 0 0 45                            
K 0 0 43                            
K -1 0 45                            
K 2 0 45                            
A D 2 24                            
H 114 B -47 -3 108 3 2 1 3                            
J N 6 825 0 2 3457 192 1 115                            
K 0 0 43                            
A D 2 24                            
J N 6 854 -7 2 4609 192 1 115                            
K 0 0 43                            
A D 2 24                            
J N 6 883 -14 5 5761 192 1 115                            
K 0 0 45                            
K 0 0 43                            
K -1 0 45                            
K 2 0 45                            
A D 2 24                            
H 115 B -47 -3 108 3 2 1 3                            
J B 83 916 1 82 6913 192 0                            
J N 8 937 0 4 1 0 0                            
K 0 0 42                            
K 0 0 60                            
K 0 21 60                            
A D 12 24                            
J B 84 1047 1 82 6913 1152 0                            
J N 6 1068 -14 6 1 0 2 116 117                            
K 0 0 45                            
K 0 0 43                            
K -1 0 45                            
K 2 0 45                            
K 0 98 110                            
A D 2 24                            
J N 6 1097 -7 2 1153 192 1 117                            
K 0 0 43                            
A D 2 24                            
J N 6 1126 0 2 2305 192 2 117 116                            
K 0 0 43                            
A D 2 24                            
H 117 B -56 3 108 3 2 1 3                            
H 116 S 0 0 0 0 0 0 0 0 0                            
J N 6 1155 -14 5 3457 192 2 118 119                            
K 0 0 45                            
K 0 0 43                            
K -1 0 45                            
K 2 0 45                            
A D 2 24                            
J N 6 1184 -7 2 4609 192 1 119                            
K 0 0 43                            
A D 2 24                            
J N 6 1213 0 2 5761 192 2 119 118                            
K 0 0 43                            
A D 2 24                            
H 119 B -56 3 108 3 2 1 3                            
H 118 S 0 0 0 0 0 0 0 0 0                            
J B 85 1246 1 82 6913 192 0                            
J N 6 1267 -21 5 1 0 2 120 121                            
K 0 7 45                            
K 0 0 43                            
K 0 7 45                            
K 1 7 45                            
A D 2 24                            
J N 6 1296 -14 5 1153 192 1 121                            
K 0 0 45                            
K 0 0 43                            
K -1 0 45                            
K 2 0 45                            
A D 2 24                            
J N 6 1325 -21 5 2305 192 2 121 120                            
K 0 7 45                            
K 0 0 43                            
K 0 7 45                            
K 1 7 45                            
A D 2 24                            
H 121 B -53 0 108 3 2 1 3                            
H 120 S 0 0 0 0 0 0 0 0 0                            
J N 6 1354 -7 2 3457 192 2 122 123                            
K 0 0 43                            
A D 2 24                            
J N 6 1383 -14 5 4609 192 1 123                            
K 0 0 45                            
K 0 0 43                            
K -1 0 45                            
K 2 0 45                            
A D 2 24                            
J N 6 1412 0 2 5761 192 2 123 122                            
K 0 0 43                            
A D 2 24                            
H 123 B -50 2 108 3 2 1 3                            
H 122 S 0 0 -7 0 -7 0 0 0 0                            
J B 86 1445 1 82 6913 192 0                            
J N 7 1466 7 5 1 0 0                            
K 0 0 43                            
K 25 0 44                            
K 0 0 60                            
K 0 21 60                            
A D 9 24                            
J N 6 1529 -14 6 5185 864 0                            
K 0 0 45                            
K 0 0 43                            
K -1 0 45                            
K 2 0 45                            
K 0 0 54                            
A D 3 24                            
J B 87 1565 1 82 6913 288 0                            
J N 8 1586 0 4 1 0 0                            
K 0 0 42                            
K 0 0 60                            
K 0 21 60                            
A D 12 24                            
J B 88 1652 1 82 6913 1152 0                            
J N 6 1673 -14 6 1 0 2 124 125                            
K 0 0 45                            
K 0 0 43                            
K -1 0 45                            
K 2 0 45                            
K 0 92 108                            
A D 2 24                            
J N 6 1702 -7 2 1153 192 1 125                            
K 0 0 43                            
A D 2 24                            
J N 6 1731 0 2 2305 192 2 125 124                            
K 0 0 43                            
A D 2 24                            
H 125 B -56 3 108 3 2 1 3                            
H 124 S 0 0 0 0 0 0 0 0 0                            
J N 6 1760 -14 5 3457 192 2 126 127                            
K 0 0 45                            
K 0 0 43                            
K -1 0 45                            
K 2 0 45                            
A D 2 24                            
J N 6 1789 -7 2 4609 192 1 127                            
K 0 0 43                            
A D 2 24                            
J N 6 1818 0 2 5761 192 2 127 126                            
K 0 0 43                            
A D 2 24                            
H 127 B -56 3 108 3 2 1 3                            
H 126 S 0 0 0 0 0 0 0 0 0                            
J B 89 1851 1 82 6913 192 0                            
J N 6 1872 -21 5 1 0 2 128 129                            
K 0 7 45                            
K 0 0 43                            
K 0 7 45                            
K 1 7 45                            
A D 2 24                            
J N 6 1901 -14 5 1153 192 1 129                            
K 0 0 45                            
K 0 0 43                            
K -1 0 45                            
K 2 0 45                            
A D 2 24                            
J N 6 1930 -21 5 2305 192 2 129 128                            
K 0 7 45                            
K 0 0 43                            
K 0 7 45                            
K 1 7 45                            
A D 2 24                            
H 129 B -53 0 108 3 2 1 3                            
H 128 S 0 0 0 0 0 0 0 0 0                            
J N 6 1959 -7 2 3457 192 2 130 131                            
K 0 0 43                            
A D 2 24                            
J N 6 1988 -14 5 4609 192 1 131                            
K 0 0 45                            
K 0 0 43                            
K -1 0 45                            
K 2 0 45                            
A D 2 24                            
J N 6 2017 0 2 5761 192 2 131 130                            
K 0 0 43                            
A D 2 24                            
H 131 B -50 2 108 3 2 1 3                            
H 130 S 0 0 -7 0 -7 0 0 0 0                            
J B 90 2050 1 82 6913 192 0                            
E *                            
L 160 0 0 330 330 * 0 14 0                            
J C 4 5 42 2 6913 0 0                            
K 0 0 33                            
K 0 0 34                            
J K 2 57 0 2 6913 0 0                            
K 0 0 63                            
K 15 21 63                            
J D 0 -11 -14 1 6913 0 0                            
W 0 0 0 \07\08                            
J N 7 130 14 5 1 0 0                            
K 0 0 43                            
K 24 -6 44                            
K 0 0 60                            
K 0 21 60                            
A D 9 24                            
J N 6 195 21 3 5185 864 0                            
K 0 0 43                            
K 0 0 54                            
A D 3 24                            
J B 79 232 1 82 6913 288 0                            
J N 8 253 14 4 1 0 0                            
K 0 0 42                            
K 0 0 60                            
K 0 21 60                            
A D 12 24                            
J B 80 319 1 82 6913 1152 0                            
J N 6 340 14 3 1 0 1 51                            
K 0 0 43                            
K 0 69 108                            
A D 2 24                            
J N 6 369 7 2 1153 192 1 51                            
K 0 0 43                            
A D 2 24                            
J N 6 398 0 2 2305 192 1 51                            
K 0 0 43                            
A D 2 24                            
H 51 B -47 -3 108 3 2 1 3                            
J N 6 427 14 2 3457 192 1 52                            
K 0 0 43                            
A D 2 24                            
J N 6 456 7 2 4609 192 1 52                            
K 0 0 43                            
A D 2 24                            
J N 6 485 0 2 5761 192 1 52                            
K 0 0 43                            
A D 2 24                            
H 52 B -47 -3 108 3 2 1 3                            
J B 81 518 1 82 6913 192 0                            
J N 6 539 14 2 1 0 1 53                            
K 0 0 43                            
A D 2 24                            
J N 6 568 7 2 1153 192 1 53                            
K 0 0 43                            
A D 2 24                            
J N 6 597 0 2 2305 192 1 53                            
K 0 0 43                            
A D 2 24                            
H 53 B -47 -3 108 3 2 1 3                            
J N 6 626 14 2 3457 192 1 54                            
K 0 0 43                            
A D 2 24                            
J N 6 655 7 2 4609 192 1 54                            
K 0 0 43                            
A D 2 24                            
J N 6 684 0 2 5761 192 1 54                            
K 0 0 43                            
A D 2 24                            
H 54 B -47 -3 108 3 2 1 3                            
J B 82 717 1 82 6913 192 0                            
J N 6 738 14 2 1 0 1 55                            
K 0 0 43                            
A D 2 24                            
J N 6 767 7 2 1153 192 1 55                            
K 0 0 43                            
A D 2 24                            
J N 6 796 0 2 2305 192 1 55                            
K 0 0 43                            
A D 2 24                            
H 55 B -47 -3 108 3 2 1 3                            
J N 6 825 14 2 3457 192 1 56                            
K 0 0 43                            
A D 2 24                            
J N 6 854 7 2 4609 192 1 56                            
K 0 0 43                            
A D 2 24                            
J N 6 883 0 2 5761 192 1 56                            
K 0 0 43                            
A D 2 24                            
H 56 B -47 -3 108 3 2 1 3                            
J B 83 916 1 82 6913 192 0                            
J N 8 937 14 4 1 0 0                            
K 0 0 42                            
K 0 0 60                            
K 0 21 60                            
A D 12 24                            
J B 84 1047 1 82 6913 1152 0                            
J N 6 1068 0 3 1 0 2 57 58                            
K 0 0 43                            
K 0 87 110                            
A D 2 24                            
J N 6 1097 7 2 1153 192 1 58                            
K 0 0 43                            
A D 2 24                            
J N 6 1126 14 2 2305 192 2 58 57                            
K 0 0 43                            
A D 2 24                            
H 58 B -56 3 108 3 2 1 3                            
H 57 S 0 0 0 0 0 0 0 0 0                            
J N 6 1155 0 2 3457 192 2 59 60                            
K 0 0 43                            
A D 2 24                            
J N 6 1184 7 2 4609 192 1 60                            
K 0 0 43                            
A D 2 24                            
J N 6 1213 14 2 5761 192 2 60 59                            
K 0 0 43                            
A D 2 24                            
H 60 B -56 3 108 3 2 1 3                            
H 59 S 0 0 0 0 0 0 0 0 0                            
J B 85 1246 1 82 6913 192 0                            
J N 6 1267 28 2 1 0 2 61 62                            
K 0 0 43                            
A D 3 24                            
J N 6 1310 21 2 1729 288 2 62 61                            
K 0 0 43                            
A D 3 24                            
H 62 B -47 -3 108 2 2 3                            
H 61 S 0 0 0 0 0 0 0 0 0                            
J N 7 1354 14 4 3457 288 0                            
K 0 0 43                            
K 0 0 60                            
K 0 21 60                            
A D 6 24                            
J B 86 1445 1 82 6913 576 0                            
J N 7 1466 14 5 1 0 0                            
K 0 0 43                            
K 24 -6 44                            
K 0 0 60                            
K 0 21 60                            
A D 9 24                            
J N 6 1529 21 3 5185 864 0                            
K 0 0 43                            
K 0 0 54                            
A D 3 24                            
J B 87 1565 1 82 6913 288 0                            
J N 8 1586 14 4 1 0 0                            
K 0 0 42                            
K 0 0 60                            
K 0 21 60                            
A D 12 24                            
J B 88 1652 1 82 6913 1152 0                            
J N 6 1673 14 3 1 0 2 63 64                            
K 0 0 43                            
K 0 68 108                            
A D 2 24                            
J N 6 1702 7 2 1153 192 1 64                            
K 0 0 43                            
A D 2 24                            
J N 6 1731 14 2 2305 192 2 64 63                            
K 0 0 43                            
A D 2 24                            
H 64 B -46 0 108 3 2 1 3                            
H 63 S 0 0 0 0 0 0 0 0 0                            
J N 6 1760 0 2 3457 192 2 65 66                            
K 0 0 43                            
A D 2 24                            
J N 6 1789 7 2 4609 192 1 66                            
K 0 0 43                            
A D 2 24                            
J N 6 1818 0 2 5761 192 2 66 65                            
K 0 0 43                            
A D 2 24                            
H 66 B -56 0 108 3 2 1 3                            
H 65 S 0 0 0 0 0 0 0 0 0                            
J B 89 1851 1 82 6913 192 0                            
J N 6 1872 28 2 1 0 2 67 68                            
K 0 0 43                            
A D 3 24                            
J N 6 1915 21 2 1729 288 2 68 67                            
K 0 0 43                            
A D 3 24                            
H 68 B -47 -3 108 2 2 3                            
H 67 S 0 0 0 0 0 0 0 0 0                            
J N 7 1959 14 4 3457 288 0                            
K 0 0 43                            
K 0 0 60                            
K 0 21 60                            
A D 6 24                            
J B 90 2050 1 82 6913 576 0                            
E *                            
L 320 0 0 330 330 * 0 14 0                            
J C 22 5 14 36 6913 0 0                            
J K 2 57 0 2 6913 0 0                            
K 0 14 63                            
K 15 35 63                            
J D 0 -11 -14 1 6913 0 0                            
W 0 0 0 \07\08                            
J F 0 130 98 1 1 0 0                            
K 0 0 203                            
J N 7 130 0 4 1 0 0                            
K 0 0 43                            
K 0 0 60                            
K 0 21 60                            
A D 6 24                            
J F 0 174 98 1 3457 576 0                            
K 0 0 202                            
J N 7 174 49 4 3457 0 0                            
K 0 0 43                            
K 0 0 59                            
K 0 -21 59                            
A D 6 24                            
J B 79 232 1 82 6913 576 0                            
J N 8 253 28 4 1 0 0                            
K 0 0 42                            
K 0 0 60                            
K 0 21 60                            
A D 12 24                            
J B 80 319 1 82 6913 1152 0                            
J F 0 340 112 1 1 0 0                            
K 0 0 205                            
J N 8 340 14 5 1 0 0                            
K 0 0 42                            
K 0 70 108                            
K 0 0 60                            
K 0 21 60                            
A D 12 24                            
J B 81 518 1 82 6913 1152 0                            
J F 0 539 98 3 1 0 0                            
K 0 0 206                            
K 0 21 204                            
K 0 42 202                            
J N 8 539 7 4 1 0 0                            
K 0 0 42                            
K 0 0 60                            
K 0 21 60                            
A D 12 24                            
J B 82 717 1 82 6913 1152 0                            
J F 0 738 98 3 1 0 0                            
K 0 0 205                            
K 0 21 203                            
K 0 42 202                            
J N 8 738 0 4 1 0 0                            
K 0 0 42                            
K 0 0 60                            
K 0 21 60                            
A D 12 24                            
J B 83 916 1 82 6913 1152 0                            
J F 0 937 98 1 1 0 0                            
K 0 0 204                            
J N 8 937 -7 4 1 0 0                            
K 0 0 42                            
K 0 0 60                            
K 0 21 60                            
A D 12 24                            
J B 84 1047 1 82 6913 1152 0                            
J F 0 1068 119 1 1 0 0                            
K 0 0 205                            
J N 7 1068 14 6 1 0 0                            
K 0 0 43                            
K 24 -6 44                            
K 0 77 110                            
K 0 0 60                            
K 0 21 60                            
A D 9 24                            
J N 6 1198 14 3 5185 864 0                            
K 0 0 43                            
K 0 0 54                            
A D 3 24                            
J B 85 1246 1 82 6913 288 0                            
J N 7 1267 7 4 1 0 0                            
K 0 0 43                            
K 0 0 60                            
K 0 21 60                            
A D 6 24                            
J N 7 1354 28 4 3457 576 0                            
K 0 0 43                            
K 0 0 60                            
K 0 21 60                            
A D 6 24                            
J B 86 1445 1 82 6913 576 0                            
J F 0 1466 98 1 1 0 0                            
K 0 0 203                            
J N 7 1466 0 4 1 0 0                            
K 0 0 43                            
K 0 0 60                            
K 0 21 60                            
A D 6 24                            
J F 0 1509 98 1 3457 576 0                            
K 0 0 202                            
J N 7 1509 49 4 3457 0 0                            
K 0 0 43                            
K 0 0 59                            
K 0 -21 59                            
A D 6 24                            
J B 87 1565 1 82 6913 576 0                            
J N 8 1586 28 4 1 0 0                            
K 0 0 42                            
K 0 0 60                            
K 0 21 60                            
A D 12 24                            
J B 88 1652 1 82 6913 1152 0                            
J F 0 1673 112 1 1 0 0                            
K 0 0 205                            
J N 7 1673 14 6 1 0 0                            
K 0 0 43                            
K 24 -6 44                            
K 0 70 108                            
K 0 0 60                            
K 0 21 60                            
A D 9 24                            
J N 6 1803 14 3 5185 864 0                            
K 0 0 43                            
K 0 0 54                            
A D 3 24                            
J B 89 1851 1 82 6913 288 0                            
J N 7 1872 7 4 1 0 0                            
K 0 0 43                            
K 0 0 60                            
K 0 21 60                            
A D 6 24                            
J N 7 1959 28 4 3457 576 0                            
K 0 0 43                            
K 0 0 60                            
K 0 21 60                            
A D 6 24                            
J B 90 2050 1 82 6913 576 0                            
E *                            
L 530 0 0 330 330 * 0 14 0                            
J C 4 5 42 2 6913 0 0                            
K 0 0 33                            
K 0 0 34                            
J K 2 57 0 2 6913 0 0                            
K 0 0 63                            
K 15 21 63                            
J D 0 -11 -14 1 6913 0 0                            
W 0 0 0 \07\08                            
J N 7 130 7 5 1 0 0                            
K 0 0 43                            
K 25 0 44                            
K 0 0 60                            
K 0 21 60                            
A D 9 24                            
J N 6 195 -14 6 5185 864 0                            
K 0 0 45                            
K 0 0 43                            
K -1 0 45                            
K 2 0 45                            
K 0 0 54                            
A D 3 24                            
J B 79 232 1 82 6913 288 0                            
J N 8 253 0 4 1 0 0                            
K 0 0 42                            
K 0 0 60                            
K 0 21 60                            
A D 12 24                            
J B 80 319 1 82 6913 1152 0                            
J N 7 340 -35 10 1 0 0                            
K 0 21 45                            
K 0 7 45                            
K 0 0 43                            
K 0 7 45                            
K 1 7 45                            
K 0 113 108                            
K 0 0 60                            
K 0 28 60                            
K 0 35 60                            
A D 6 24                            
J N 7 427 14 4 3457 576 0                            
K 0 0 43                            
K 0 0 60                            
K 0 21 60                            
A D 6 24                            
J B 81 518 1 82 6913 576 0                            
J R 9 603 28 2 1 10000 0                            
K 0 0 46                            
A D 12 24                            
J B 82 717 1 82 6913 1152 0                            
J N 7 738 -35 9 1 0 0                            
K 0 21 45                            
K 0 7 45                            
K 0 0 43                            
K 0 7 45                            
K 1 7 45                            
K 0 0 60                            
K 0 28 60                            
K 0 35 60                            
A D 6 24                            
J N 7 825 14 4 3457 576 0                            
K 0 0 43                            
K 0 0 60                            
K 0 21 60                            
A D 6 24                            
J B 83 916 1 82 6913 576 0                            
J R 9 967 28 2 1 10000 0                            
K 0 0 46                            
A D 12 24                            
J B 84 1047 1 82 6913 1152 0                            
J N 6 1068 -14 6 1 0 2 39 40                            
K 0 0 45                            
K 0 0 43                            
K -1 0 45                            
K 2 0 45                            
K 0 98 110                            
A D 2 24                            
J N 6 1097 -7 2 1153 192 1 40                            
K 0 0 43                            
A D 2 24                            
J N 6 1126 0 2 2305 192 2 40 39                            
K 0 0 43                            
A D 2 24                            
H 40 B -56 3 108 3 2 1 3                            
H 39 S 0 0 0 0 0 0 0 0 0                            
J N 6 1155 -14 5 3457 192 2 41 42                            
K 0 0 45                            
K 0 0 43                            
K -1 0 45                            
K 2 0 45                            
A D 2 24                            
J N 6 1184 -7 2 4609 192 1 42                            
K 0 0 43                            
A D 2 24                            
J N 6 1213 0 2 5761 192 2 42 41                            
K 0 0 43                            
A D 2 24                            
H 42 B -56 3 108 3 2 1 3                            
H 41 S 0 0 0 0 0 0 0 0 0                            
J B 85 1246 1 82 6913 192 0                            
J N 6 1267 -21 5 1 0 2 43 44                            
K 0 7 45                            
K 0 0 43                            
K 0 7 45                            
K 1 7 45                            
A D 2 24                            
J N 6 1296 -14 5 1153 192 1 44                            
K 0 0 45                            
K 0 0 43                            
K -1 0 45                            
K 2 0 45                            
A D 2 24                            
J N 6 1325 -21 5 2305 192 2 44 43                            
K 0 7 45                            
K 0 0 43                            
K 0 7 45                            
K 1 7 45                            
A D 2 24                            
H 44 B -53 0 108 3 2 1 3                            
H 43 S 0 0 0 0 0 0 0 0 0                            
J N 6 1354 -7 2 3457 192 2 45 46                            
K 0 0 43                            
A D 2 24                            
J N 6 1383 -14 5 4609 192 1 46                            
K 0 0 45                            
K 0 0 43                            
K -1 0 45                            
K 2 0 45                            
A D 2 24                            
J N 6 1412 0 2 5761 192 2 46 45                            
K 0 0 43                            
A D 2 24                            
H 46 B -50 2 108 3 2 1 3                            
H 45 S 0 0 -7 0 -7 0 0 0 0                            
J B 86 1445 1 82 6913 192 0                            
J N 7 1466 7 5 1 0 0                            
K 0 0 43                            
K 25 0 44                            
K 0 0 60                            
K 0 21 60                            
A D 9 24                            
J N 6 1529 -14 6 5185 864 0                            
K 0 0 45                            
K 0 0 43                            
K -1 0 45                            
K 2 0 45                            
K 0 0 54                            
A D 3 24                            
J B 87 1565 1 82 6913 288 0                            
J N 8 1586 0 4 1 0 0                            
K 0 0 42                            
K 0 0 60                            
K 0 21 60                            
A D 12 24                            
J B 88 1652 1 82 6913 1152 0                            
J N 6 1673 -14 6 1 0 2 47 48                            
K 0 0 45                            
K 0 0 43                            
K -1 0 45                            
K 2 0 45                            
K 0 92 108                            
A D 2 24                            
J N 6 1702 -7 2 1153 192 1 48                            
K 0 0 43                            
A D 2 24                            
J N 6 1731 0 2 2305 192 2 48 47                            
K 0 0 43                            
A D 2 24                            
H 48 B -56 3 108 3 2 1 3                            
H 47 S 0 0 0 0 0 0 0 0 0                            
J N 6 1760 -14 5 3457 192 2 49 50                            
K 0 0 45                            
K 0 0 43                            
K -1 0 45                            
K 2 0 45                            
A D 2 24                            
J N 6 1789 -7 2 4609 192 1 50                            
K 0 0 43                            
A D 2 24                            
J N 6 1818 0 2 5761 192 2 50 49                            
K 0 0 43                            
A D 2 24                            
H 50 B -56 3 108 3 2 1 3                            
H 49 S 0 0 0 0 0 0 0 0 0                            
J B 89 1851 1 82 6913 192 0                            
J N 6 1872 -21 5 1 0 2 51 52                            
K 0 7 45                            
K 0 0 43                            
K 0 7 45                            
K 1 7 45                            
A D 2 24                            
J N 6 1901 -14 5 1153 192 1 52                            
K 0 0 45                            
K 0 0 43                            
K -1 0 45                            
K 2 0 45                            
A D 2 24                            
J N 6 1930 -21 5 2305 192 2 52 51                            
K 0 7 45                            
K 0 0 43                            
K 0 7 45                            
K 1 7 45                            
A D 2 24                            
H 52 B -53 0 108 3 2 1 3                            
H 51 S 0 0 0 0 0 0 0 0 0                            
J N 6 1959 -7 2 3457 192 2 53 54                            
K 0 0 43                            
A D 2 24                            
J N 6 1988 -14 5 4609 192 1 54                            
K 0 0 45                            
K 0 0 43                            
K -1 0 45                            
K 2 0 45                            
A D 2 24                            
J N 6 2017 0 2 5761 192 2 54 53                            
K 0 0 43                            
A D 2 24                            
H 54 B -50 2 108 3 2 1 3                            
H 53 S 0 0 -7 0 -7 0 0 0 0                            
J B 90 2050 1 82 6913 192 0                            
E *                            
L 690 0 0 330 330 * 0 14 0                            
J C 4 5 42 2 6913 0 0                            
K 0 0 33                            
K 0 0 34                            
J K 2 57 0 2 6913 0 0                            
K 0 0 63                            
K 15 21 63                            
J D 0 -11 -14 1 6913 0 0                            
W 0 0 0 \07\08                            
J N 7 130 14 5 1 0 0                            
K 0 0 43                            
K 24 -6 44                            
K 0 0 60                            
K 0 21 60                            
A D 9 24                            
J N 6 195 21 3 5185 864 0                            
K 0 0 43                            
K 0 0 54                            
A D 3 24                            
J B 79 232 1 82 6913 288 0                            
J N 8 253 14 4 1 0 0                            
K 0 0 42                            
K 0 0 60                            
K 0 21 60                            
A D 12 24                            
J B 80 319 1 82 6913 1152 0                            
J R 9 404 28 2 1 10000 0                            
K 0 0 46                            
A D 12 24                            
J B 81 518 1 82 6913 1152 0                            
J N 7 539 -35 10 1 0 0                            
K 0 21 45                            
K 0 7 45                            
K 0 0 43                            
K 0 7 45                            
K 1 7 45                            
K 0 113 108                            
K 0 0 60                            
K 0 28 60                            
K 0 35 60                            
A D 6 24                            
J N 7 626 14 4 3457 576 0                            
K 0 0 43                            
K 0 0 60                            
K 0 21 60                            
A D 6 24                            
J B 82 717 1 82 6913 576 0                            
J R 9 802 28 2 1 10000 0                            
K 0 0 46                            
A D 12 24                            
J B 83 916 1 82 6913 1152 0                            
J N 7 937 -35 9 1 0 0                            
K 0 21 45                            
K 0 7 45                            
K 0 0 43                            
K 0 7 45                            
K 1 7 45                            
K 0 0 60                            
K 0 28 60                            
K 0 35 60                            
A D 6 24                            
J N 7 980 14 4 3457 576 0                            
K 0 0 43                            
K 0 0 60                            
K 0 21 60                            
A D 6 24                            
J B 84 1047 1 82 6913 576 0                            
J N 6 1068 0 3 1 0 2 20 21                            
K 0 0 43                            
K 0 87 110                            
A D 2 24                            
J N 6 1097 7 2 1153 192 1 21                            
K 0 0 43                            
A D 2 24                            
J N 6 1126 14 2 2305 192 2 21 20                            
K 0 0 43                            
A D 2 24                            
H 21 B -56 3 108 3 2 1 3                            
H 20 S 0 0 0 0 0 0 0 0 0                            
J N 6 1155 0 2 3457 192 2 22 23                            
K 0 0 43                            
A D 2 24                            
J N 6 1184 7 2 4609 192 1 23                            
K 0 0 43                            
A D 2 24                            
J N 6 1213 14 2 5761 192 2 23 22                            
K 0 0 43                            
A D 2 24                            
H 23 B -56 3 108 3 2 1 3                            
H 22 S 0 0 0 0 0 0 0 0 0                            
J B 85 1246 1 82 6913 192 0                            
J N 6 1267 28 2 1 0 2 24 25                            
K 0 0 43                            
A D 3 24                            
J N 6 1310 21 2 1729 288 2 25 24                            
K 0 0 43                            
A D 3 24                            
H 25 B -47 -3 108 2 2 3                            
H 24 S 0 0 0 0 0 0 0 0 0                    
J N 7 1354 14 4 3457 288 0                            
K 0 0 43                            
K 0 0 60                            
K 0 21 60                            
A D 6 24                            
J B 86 1445 1 82 6913 576 0                            
J N 7 1466 14 5 1 0 0                            
K 0 0 43                            
K 24 -6 44                            
K 0 0 60                            
K 0 21 60                            
A D 9 24                            
J N 6 1529 21 3 5185 864 0                            
K 0 0 43                            
K 0 0 54                            
A D 3 24                            
J B 87 1565 1 82 6913 288 0                            
J N 8 1586 14 4 1 0 0                            
K 0 0 42                            
K 0 0 60                            
K 0 21 60                            
A D 12 24                            
J B 88 1652 1 82 6913 1152 0                            
J N 6 1673 14 3 1 0 2 26 27                            
K 0 0 43                            
K 0 68 108                            
A D 2 24                            
J N 6 1702 7 2 1153 192 1 27                            
K 0 0 43                            
A D 2 24                            
J N 6 1731 14 2 2305 192 2 27 26                            
K 0 0 43                            
A D 2 24                            
H 27 B -46 0 108 3 2 1 3                            
H 26 S 0 0 0 0 0 0 0 0 0                            
J N 6 1760 0 2 3457 192 2 28 29                            
K 0 0 43                            
A D 2 24                            
J N 6 1789 7 2 4609 192 1 29                            
K 0 0 43                            
A D 2 24                            
J N 6 1818 0 2 5761 192 2 29 28                            
K 0 0 43                            
A D 2 24                            
H 29 B -56 0 108 3 2 1 3                            
H 28 S 0 0 0 0 0 0 0 0 0                            
J B 89 1851 1 82 6913 192 0                            
J N 6 1872 28 2 1 0 2 30 31                            
K 0 0 43                            
A D 3 24                            
J N 6 1915 21 2 1729 288 2 31 30                            
K 0 0 43                            
A D 3 24                            
H 31 B -47 -3 108 2 2 3                            
H 30 S 0 0 0 0 0 0 0 0 0                            
J N 7 1959 14 4 3457 288 0                            
K 0 0 43                            
K 0 0 60                            
K 0 21 60                            
A D 6 24                            
J B 90 2050 1 82 6913 576 0                            
E *                            
L 850 0 0 330 330 * 0 14 0                            
J C 13 5 28 35 6913 0 0                            
J K 2 57 0 2 6913 0 0                            
K 0 7 63                            
K 15 28 63                            
J D 0 -11 -14 1 6913 0 0                            
W 0 0 0 \07\08                            
J N 7 130 -7 5 1 0 0                            
K 0 0 43                            
K 25 0 44                            
K 0 0 60                            
K 0 21 60                            
A D 9 24                            
J N 6 195 -7 3 5185 864 0                            
K 0 0 43                            
K 0 0 54                            
A D 3 24                            
J B 79 232 1 82 6913 288 0                            
J N 8 253 -7 4 1 0 0                            
K 0 0 42                            
K 0 0 60                            
K 0 21 60                            
A D 12 24                            
J B 80 319 1 82 6913 1152 0                            
J N 8 340 -7 5 1 0 0                            
K 0 0 42                            
K 0 85 108                            
K 0 0 60                            
K 0 21 60                            
A D 12 24                            
J B 81 518 1 82 6913 1152 0                            
J N 8 539 -14 7 1 0 0                            
K 0 0 45                            
K 0 0 42                            
K -1 0 45                            
K 2 0 45                            
K 0 0 60                            
K 0 21 60                            
A D 12 24                            
J B 82 717 1 82 6913 1152 0                            
J N 8 738 -21 7 1 0 0                            
K 0 7 45                            
K 0 0 42                            
K 0 7 45                            
K 1 7 45                            
K 0 0 60                            
K 0 21 60                            
A D 12 24                            
J B 83 916 1 82 6913 1152 0                            
J N 8 937 -28 8 1 0 0                            
K 0 14 45                            
K 0 0 45                            
K 0 0 42                            
K -1 0 45                            
K 2 0 45                            
K 0 0 60                            
K 0 28 60                            
A D 12 24                            
J B 84 1047 1 82 6913 1152 0                            
J N 7 1068 21 6 1 0 0                            
K 0 0 43                            
K 25 0 44                            
K 0 77 110                            
K 0 0 60                            
K 0 21 60                            
A D 9 24                            
J N 6 1198 21 3 5185 864 0                            
K 0 0 43                            
K 0 0 54                            
A D 3 24                            
J B 85 1246 1 82 6913 288 0                            
J N 7 1267 21 4 1 0 0                            
K 0 0 43                            
K 0 0 60                            
K 0 21 60                            
A D 6 24                            
J N 6 1354 7 2 3457 576 2 7 8                            
K 0 0 43                            
A D 3 24                            
J N 6 1397 0 2 5185 288 2 8 7                            
K 0 0 43                            
A D 3 24                            
H 8 B -42 -3 108 2 2 3                            
H 7 S 0 0 0 0 0 0 0 0 3                    
J B 86 1445 1 82 6913 288 0                            
J N 7 1466 -7 5 1 0 0                            
K 0 0 43                            
K 25 0 44                            
K 0 0 60                            
K 0 21 60                            
A D 9 24                            
J N 6 1529 -7 3 5185 864 0                            
K 0 0 43                            
K 0 0 54                            
A D 3 24                            
J B 87 1565 1 82 6913 288 0                            
J N 8 1586 -7 4 1 0 0                            
K 0 0 42                            
K 0 0 60                            
K 0 21 60                            
A D 12 24                            
J B 88 1652 1 82 6913 1152 0                            
J N 7 1673 21 6 1 0 0                            
K 0 0 43                            
K 25 0 44                            
K 0 70 108                            
K 0 0 60                            
K 0 21 60                            
A D 9 24                            
J N 6 1803 21 3 5185 864 0                            
K 0 0 43                            
K 0 0 54                            
A D 3 24                            
J B 89 1851 1 82 6913 288 0                            
J N 7 1872 21 4 1 0 0                            
K 0 0 43                            
K 0 0 60                            
K 0 21 60                            
A D 6 24                            
J N 6 1959 7 2 3457 576 2 9 10                            
K 0 0 43                            
A D 3 24                            
J N 6 2002 0 2 5185 288 2 10 9                            
K 0 0 43                            
A D 3 24                            
H 10 B -42 -3 108 2 2 3                            
H 9 S 0 0 0 0 0 0 0 0 3                    
J B 90 2050 1 82 6913 288 0                            
E *                            
L 1010 0 0 330 330 * 0 14 0                            
J C 22 5 14 36 6913 0 0                            
J K 2 57 0 2 6913 0 0                            
K 0 14 63                            
K 15 35 63                            
J D 0 -11 -14 1 6913 0 0                            
W 0 0 0 \07\08                            
J F 0 130 98 1 1 0 0                            
K 0 0 203                            
J N 7 130 0 4 1 0 0                            
K 0 0 43                            
K 0 0 60                            
K 0 21 60                            
A D 2 8                            
J F 0 174 98 1 3457 576 0                            
K 0 0 202                            
J N 7 174 49 4 3457 0 0                            
K 0 0 43                            
K 0 0 59                            
K 0 -21 59                            
A D 2 8                            
J B 79 232 1 82 6913 576 0                            
J N 8 253 28 4 1 0 0                            
K 0 0 42                            
K 0 0 60                            
K 0 21 60                            
A D 4 8                            
J B 80 319 1 82 6913 1152 0                            
J F 0 340 112 1 1 0 0                            
K 0 0 205                            
J N 8 340 14 5 1 0 0                            
K 0 0 42                            
K 0 70 108                            
K 0 0 60                            
K 0 21 60                            
A D 4 8                            
J B 81 518 1 82 6913 1152 0                            
J F 0 539 98 3 1 0 0                            
K 0 0 206                            
K 0 21 204                            
K 0 42 202                            
J N 8 539 7 4 1 0 0                            
K 0 0 42                            
K 0 0 60                            
K 0 21 60                            
A D 4 8                            
J B 82 717 1 82 6913 1152 0                            
J F 0 738 98 3 1 0 0                            
K 0 0 205                            
K 0 21 203                            
K 0 42 202                            
J N 8 738 0 4 1 0 0                            
K 0 0 42                            
K 0 0 60                            
K 0 21 60                            
A D 4 8                            
J B 83 916 1 82 6913 1152 0                            
J F 0 937 98 1 1 0 0                            
K 0 0 204                            
J N 8 937 -7 4 1 0 0                            
K 0 0 42                            
K 0 0 60                            
K 0 21 60                            
A D 4 8                            
J B 84 1047 1 82 6913 1152 0                            
J F 0 1068 119 1 1 0 0                            
K 0 0 205                            
J N 7 1068 14 6 1 0 0                            
K 0 0 43                            
K 24 -6 44                            
K 0 77 110                            
K 0 0 60                            
K 0 21 60                            
A D 3 8                            
J N 6 1198 14 3 5185 864 0                            
K 0 0 43                            
K 0 0 54                            
A D 1 8                            
J B 85 1246 1 82 6913 288 0                            
J N 7 1267 7 4 1 0 0                            
K 0 0 43                            
K 0 0 60                            
K 0 21 60                            
A D 2 8                            
J N 7 1354 28 4 3457 576 0                            
K 0 0 43                            
K 0 0 60                            
K 0 21 60                            
A D 2 8                            
J B 86 1445 1 82 6913 576 0                            
J F 0 1466 98 1 1 0 0                            
K 0 0 203                            
J N 7 1466 0 4 1 0 0                            
K 0 0 43                            
K 0 0 60                            
K 0 21 60                            
A D 2 8                            
J F 0 1509 98 1 3457 576 0                            
K 0 0 202                            
J N 7 1509 49 4 3457 0 0                            
K 0 0 43                            
K 0 0 59                            
K 0 -21 59                            
A D 2 8                            
J B 87 1565 1 82 6913 576 0                            
J N 8 1586 28 4 1 0 0                            
K 0 0 42                            
K 0 0 60                            
K 0 21 60                            
A D 4 8                            
J B 88 1652 1 82 6913 1152 0                            
J F 0 1673 112 1 1 0 0                            
K 0 0 205                            
J N 7 1673 14 6 1 0 0                            
K 0 0 43                            
K 24 -6 44                            
K 0 70 108                            
K 0 0 60                            
K 0 21 60                            
A D 3 8                            
J N 6 1803 14 3 5185 864 0                            
K 0 0 43                            
K 0 0 54                            
A D 1 8                            
J B 89 1851 1 82 6913 288 0                            
J N 7 1872 7 4 1 0 0                            
K 0 0 43                            
K 0 0 60                            
K 0 21 60                            
A D 2 8                            
J N 7 1959 28 4 3457 576 0                            
K 0 0 43                            
K 0 0 60                            
K 0 21 60                            
A D 2 8                            
J B 90 2050 1 82 6913 576 0                            
E *                            
B 1 232 0                            
B 1 319 0                            
B 1 518 0                            
B 1 717 0                            
B 1 916 0                            
B 1 1047 0                            
B 1 1246 0                            
B 1 1445 0                            
B 1 1565 0                            
B 1 1652 0                            
B 1 1851 0                            
B 1 2050 0                            
S 0 200 1510 2050 1066 7 "[...][....]"                            
L 0 0 0 330 330 * 0 14 0                            
J C 4 5 42 2 6913 0 0                            
K 0 0 33                            
K 0 0 34                            
J K 2 57 0 2 6913 0 0                            
K 0 0 63                            
K 15 21 63                            
J D 0 -11 -14 1 6913 0 0                            
W 0 0 37 \09\00                            
J N 8 130 7 4 1 0 0                            
K 0 0 42                            
K 0 0 60                            
K 0 21 60                            
A D 12 24                            
J B 91 285 1 82 6913 1152 1 132                            
J N 8 306 14 4 1 0 0                            
K 0 0 42                            
K 0 0 60                            
K 0 21 60                            
A D 12 24                            
J B 92 403 6 4 6913 1152 2 132 133                            
K -23 21 44                            
K -23 35 44                            
K -13 0 82                            
K -6 0 84                            
H 132 E 1 0 -8 -42 21 21                            
J D 5 424 -42 1 6913 0 0                            
W 21 -14 37 Allegro                            
J T 101 424 42 1 6913 0 0                            
K 0 0 37                            
J N 5 472 63 2 1 0 1 134                            
K 0 0 43                            
A D 1 16                            
J N 5 504 49 2 433 144 1 134                            
K 0 0 43                            
A D 1 16                            
J N 5 536 35 2 865 144 1 134                            
K 0 0 43                            
A D 1 16                            
J N 5 568 49 2 1297 144 1 134                            
K 0 0 43                            
A D 1 16                            
H 134 B 78 -1 108 4 22 11 11 33                            
J N 5 600 63 2 1729 144 1 135                            
K 0 0 43                            
A D 1 16                            
J N 5 632 49 2 2161 144 1 135                            
K 0 0 43                            
A D 1 16                            
J N 5 664 35 2 2593 144 1 135                            
K 0 0 43                            
A D 1 16                            
J N 5 696 49 2 3025 144 1 135                            
K 0 0 43                            
A D 1 16                            
H 135 B 78 -1 108 4 22 11 11 33                            
J N 7 728 63 4 3457 144 0                            
K 0 0 43                            
K 0 0 59                            
K 0 -21 59                            
A D 4 16                            
J R 7 856 28 2 5185 576 0                            
K 0 0 48                            
A D 4 16                            
J B 93 986 1 82 6913 576 1 133                            
H 133 E 2 0 0 -42 21 0                            
J N 5 1007 49 2 1 0 1 136                            
K 0 0 43                            
A D 1 16                            
J N 5 1039 35 2 433 144 1 136                            
K 0 0 43                            
A D 1 16                            
J N 5 1071 14 2 865 144 1 136                            
K 0 0 43                            
A D 1 16                            
J N 5 1103 35 2 1297 144 1 136                            
K 0 0 43                            
A D 1 16                            
H 136 B 75 -2 108 4 22 11 11 33                            
J N 5 1135 49 2 1729 144 1 137                            
K 0 0 43                            
A D 1 16                            
J N 5 1167 35 2 2161 144 1 137                            
K 0 0 43                            
A D 1 16                            
J N 5 1199 14 2 2593 144 1 137                            
K 0 0 43                            
A D 1 16                            
J N 5 1231 35 2 3025 144 1 137                            
K 0 0 43                            
A D 1 16                            
H 137 B 75 -2 108 4 22 11 11 33                            
J N 7 1263 49 4 3457 144 0                            
K 0 0 43                            
K 0 0 59                            
K 0 -21 59                            
A D 4 16                            
J R 7 1391 28 2 5185 576 0                            
K 0 0 48                            
A D 4 16                            
J B 94 1521 1 82 6913 576 0                            
J N 5 1542 35 2 1 0 1 138                            
K 0 0 43                            
A D 1 16                            
J N 5 1574 14 2 433 144 1 138                            
K 0 0 43                            
A D 1 16                            
J N 5 1606 0 2 865 144 1 138                            
K 0 0 43                            
A D 1 16                            
J N 5 1638 14 2 1297 144 1 138                            
K 0 0 43                            
A D 1 16                            
H 138 B -51 -4 108 4 22 11 11 33                            
J N 5 1670 35 2 1729 144 1 139                            
K 0 0 43                            
A D 1 16                            
J N 5 1702 14 2 2161 144 1 139                            
K 0 0 43                            
A D 1 16                            
J N 5 1734 0 2 2593 144 1 139                            
K 0 0 43                            
A D 1 16                            
J N 5 1766 14 2 3025 144 1 139                            
K 0 0 43                            
A D 1 16                            
H 139 B -51 -4 108 4 22 11 11 33                            
J N 7 1798 35 4 3457 144 0                            
K 0 0 43                            
K 0 0 59                            
K 0 -21 59                            
A D 4 16                            
J R 7 1924 28 2 5185 576 0                            
K 0 0 48                            
A D 4 16                            
J B 95 2050 1 82 6913 576 0                            
E *                            
L 160 0 0 330 330 * 0 14 0                            
J C 4 5 42 2 6913 0 0                            
K 0 0 33                            
K 0 0 34                            
J K 2 57 0 2 6913 0 0                            
K 0 0 63                            
K 15 21 63                            
J D 0 -11 -14 1 6913 0 0                            
W 0 0 0 \09\00                            
J N 7 130 14 5 1 0 0                            
K 0 0 43                            
K 24 -6 44                            
K 0 0 60                            
K 0 21 60                            
A D 9 24                            
J N 6 240 21 3 5185 864 0                            
K 0 0 43                            
K 0 0 54                            
A D 3 24                            
J B 91 285 1 82 6913 288 1 69                            
J N 8 306 14 4 1 0 0                            
K 0 0 42                            
K 0 0 60                            
K 0 21 60                            
A D 12 24                            
J B 92 403 6 4 6913 1152 2 69 70                            
K -23 21 44                            
K -23 35 44                            
K -13 0 82                            
K -6 0 84                            
H 69 E 1 0 -8 -42 21 21                            
J D 5 424 -42 1 6913 0 0                            
W 0 0 0 (37) Allegro                            
J T 101 424 42 1 6913 0 0                            
K 0 0 37                            
J N 7 472 14 4 1 0 0                            
K 0 0 43                            
K 0 0 60                            
K 0 21 60                            
A D 4 16                            
J R 7 600 28 2 1729 576 0                            
K 0 0 48                            
A D 4 16                            
J N 5 728 63 2 3457 576 1 71                            
K 0 0 43                            
A D 1 16                            
J N 5 760 49 2 3889 144 1 71                            
K 0 0 43                            
A D 1 16                            
J N 5 792 35 2 4321 144 1 71                            
K 0 0 43                            
A D 1 16                            
J N 5 824 49 2 4753 144 1 71                            
K 0 0 43                            
A D 1 16                            
H 71 B 78 -1 108 4 22 11 11 33                            
J N 5 856 63 2 5185 144 1 72                            
K 0 0 43                            
A D 1 16                            
J N 5 888 49 2 5617 144 1 72                            
K 0 0 43                            
A D 1 16                            
J N 5 920 35 2 6049 144 1 72                            
K 0 0 43                            
A D 1 16                            
J N 5 952 49 2 6481 144 1 72                            
K 0 0 43                            
A D 1 16                            
H 72 B 78 -1 108 4 22 11 11 33                            
J B 93 986 1 82 6913 144 1 70                            
H 70 E 2 0 0 -42 21 0                            
J N 7 1007 63 4 1 0 0                            
K 0 0 43                            
K 0 0 59                            
K 0 -21 59                            
A D 4 16                            
J R 7 1135 28 2 1729 576 0                            
K 0 0 48                            
A D 4 16                            
J N 5 1263 49 2 3457 576 1 73                            
K 0 0 43                            
A D 1 16                            
J N 5 1295 35 2 3889 144 1 73                            
K 0 0 43                            
A D 1 16                            
J N 5 1327 14 2 4321 144 1 73                            
K 0 0 43                            
A D 1 16                            
J N 5 1359 35 2 4753 144 1 73                            
K 0 0 43                            
A D 1 16                            
H 73 B 75 -2 108 4 22 11 11 33                            
J N 5 1391 49 2 5185 144 1 74                            
K 0 0 43                            
A D 1 16                            
J N 5 1423 35 2 5617 144 1 74                            
K 0 0 43                            
A D 1 16                            
J N 5 1455 14 2 6049 144 1 74                            
K 0 0 43                            
A D 1 16                            
J N 5 1487 35 2 6481 144 1 74                            
K 0 0 43                            
A D 1 16                            
H 74 B 75 -2 108 4 22 11 11 33                            
J B 94 1521 1 82 6913 144 0                            
J N 7 1542 49 4 1 0 0                            
K 0 0 43                            
K 0 0 59                            
K 0 -21 59                            
A D 4 16                            
J R 7 1670 28 2 1729 576 0                            
K 0 0 48                            
A D 4 16                            
J N 5 1798 35 2 3457 576 1 75                            
K 0 0 43                            
A D 1 16                            
J N 5 1830 14 2 3889 144 1 75                            
K 0 0 43                            
A D 1 16                            
J N 5 1862 0 2 4321 144 1 75                            
K 0 0 43                            
A D 1 16                            
J N 5 1893 14 2 4753 144 1 75                            
K 0 0 43                            
A D 1 16                            
H 75 B -51 -4 108 4 22 11 11 33                            
J N 5 1924 35 2 5185 144 1 76                            
K 0 0 43                            
A D 1 16                            
J N 5 1955 14 2 5617 144 1 76                            
K 0 0 43                            
A D 1 16                            
J N 5 1986 0 2 6049 144 1 76                            
K 0 0 43                            
A D 1 16                            
J N 5 2017 14 2 6481 144 1 76                            
K 0 0 43                            
A D 1 16                            
H 76 B -51 -4 108 4 22 11 11 33                            
J B 95 2050 1 82 6913 144 0                            
E *                            
L 320 0 0 330 330 * 0 14 0                            
J C 22 5 14 36 6913 0 0                            
J K 2 57 0 2 6913 0 0                            
K 0 14 63                            
K 15 35 63                            
J D 0 -11 -14 1 6913 0 0                            
W 0 0 0 \09\00                            
J F 0 130 98 1 1 0 0                            
K 0 0 203                            
J N 7 130 0 4 1 0 0                            
K 0 0 43                            
K 0 0 60                            
K 0 21 60                            
A D 6 24                            
J F 0 195 98 1 3457 576 0                            
K 0 0 202                            
J N 7 195 49 4 3457 0 0                            
K 0 0 43                            
K 0 0 59                            
K 0 -21 59                            
A D 6 24                            
J B 91 285 1 82 6913 576 1 37                            
J N 8 306 28 4 1 0 0                            
K 0 0 42                            
K 0 0 60                            
K 0 21 60                            
A D 12 24                            
J B 92 403 6 4 6913 1152 2 37 38                            
K -23 21 44                            
K -23 35 44                            
K -13 0 82                            
K -6 0 84                            
H 37 E 1 0 -8 -42 21 21                            
J D 5 424 -42 1 6913 0 0                            
W 0 0 0 (37) Allegro                            
J T 101 424 42 1 6913 0 0                            
K 0 0 37                            
J N 7 472 28 4 1 0 0                            
K 0 0 43                            
K 0 0 60                            
K 0 21 60                            
A D 2 8                            
J R 7 600 28 2 1729 576 0                            
K 0 0 48                            
A D 2 8                            
J R 8 728 28 2 3457 576 0                            
K 0 0 47                            
A D 4 8                            
J B 93 986 1 82 6913 1152 1 38                            
H 38 E 2 0 0 -42 21 0                            
J R 9 1239 28 2 1 10000 0                            
K 0 0 46                            
A D 8 8                            
J B 94 1521 1 82 6913 2304 0                            
J R 9 1771 28 2 1 10000 0                            
K 0 0 46                            
A D 8 8                            
J B 95 2050 1 82 6913 2304 0                            
E *                            
L 530 0 0 330 330 * 0 14 0                            
J C 4 5 42 2 6913 0 0                            
K 0 0 33                            
K 0 0 34                            
J K 2 57 0 2 6913 0 0                            
K 0 0 63                            
K 15 21 63                            
J D 0 -11 -14 1 6913 0 0                            
W 0 0 0 \09\00                            
J N 8 130 7 4 1 0 0                            
K 0 0 42                            
K 0 0 60                            
K 0 21 60                            
A D 12 24                            
J B 91 285 1 82 6913 1152 1 55                            
J N 8 306 14 4 1 0 0                            
K 0 0 42                            
K 0 0 60                            
K 0 21 60                            
A D 12 24                            
J B 92 403 6 4 6913 1152 2 55 56                            
K -23 21 44                            
K -23 35 44                            
K -13 0 82                            
K -6 0 84                            
H 55 E 1 0 -8 -42 21 21                            
J D 5 424 -42 1 6913 0 0                            
W 0 0 0 (37) Allegro                            
J T 101 424 42 1 6913 0 0                            
K 0 0 37                            
J N 7 472 14 4 1 0 0                            
K 0 0 43                            
K 0 0 60                            
K 0 21 60                            
A D 4 16                            
J R 7 600 28 2 1729 576 0                            
K 0 0 48                            
A D 4 16                            
J R 8 728 28 2 3457 576 0                            
K 0 0 47                            
A D 8 16                            
J B 93 986 1 82 6913 1152 1 56                            
H 56 E 2 0 0 -42 21 0                            
J R 9 1239 28 2 1 10000 0                            
K 0 0 46                            
A D 16 16                            
J B 94 1521 1 82 6913 2304 0                            
J N 6 1542 14 2 1 0 1 57                            
K 0 0 43                            
A D 2 16                            
J N 6 1606 63 2 865 288 1 57                            
K 0 0 43                            
A D 2 16                            
J N 6 1670 63 2 1729 288 1 57                            
K 0 0 43                            
A D 2 16                            
J N 6 1734 63 2 2593 288 1 57                            
K 0 0 43                            
A D 2 16                            
H 57 B 42 4 108 4 2 1 1 3                            
J N 6 1798 14 2 3457 288 1 58                            
K 0 0 43                            
A D 2 16                            
J N 6 1862 63 2 4321 288 1 58                            
K 0 0 43                            
A D 2 16                            
J N 6 1924 63 2 5185 288 1 58                            
K 0 0 43                            
A D 2 16                            
J N 6 1986 63 2 6049 288 1 58                            
K 0 0 43                            
A D 2 16                            
H 58 B 42 4 108 4 2 1 1 3                            
J B 95 2050 1 82 6913 288 0                            
E *                            
L 690 0 0 330 330 * 0 14 0                            
J C 4 5 42 2 6913 0 0                            
K 0 0 33                            
K 0 0 34                            
J K 2 57 0 2 6913 0 0                            
K 0 0 63                            
K 15 21 63                            
J D 0 -11 -14 1 6913 0 0                            
W 0 0 0 \09\00                            
J N 7 130 14 5 1 0 0                            
K 0 0 43                            
K 24 -6 44                            
K 0 0 60                            
K 0 21 60                            
A D 9 24                            
J N 6 240 21 3 5185 864 0                            
K 0 0 43                            
K 0 0 54                            
A D 3 24                            
J B 91 285 1 82 6913 288 1 32                            
J N 8 306 14 4 1 0 0                            
K 0 0 42                            
K 0 0 60                            
K 0 21 60                            
A D 12 24                            
J B 92 403 6 4 6913 1152 2 32 33                            
K -23 21 44                            
K -23 35 44                            
K -13 0 82                            
K -6 0 84                            
H 32 E 1 0 -8 -42 21 21                            
J D 5 424 -42 1 6913 0 0                            
W 0 0 0 (37) Allegro                            
J T 101 424 42 1 6913 0 0                            
K 0 0 37                            
J N 7 472 14 4 1 0 0                            
K 0 0 43                            
K 0 0 60                            
K 0 21 60                            
A D 4 16                            
J R 7 600 28 2 1729 576 0                            
K 0 0 48                            
A D 4 16                            
J R 8 728 28 2 3457 576 0                            
K 0 0 47                            
A D 8 16                            
J B 93 986 1 82 6913 1152 1 33                            
H 33 E 2 0 0 -42 21 0                            
J R 9 1239 28 2 1 10000 0                            
K 0 0 46                            
A D 16 16                            
J B 94 1521 1 82 6913 2304 0                            
J R 9 1771 28 2 1 10000 0                            
K 0 0 46                            
A D 16 16                            
J B 95 2050 1 82 6913 2304 0                            
E *                            
L 850 0 0 330 330 * 0 14 0                            
J C 13 5 28 35 6913 0 0                            
J K 2 57 0 2 6913 0 0                            
K 0 7 63                            
K 15 28 63                            
J D 0 -11 -14 1 6913 0 0                            
W 0 0 0 \09\00                            
J N 7 130 -7 5 1 0 0                            
K 0 0 43                            
K 25 0 44                            
K 0 0 60                            
K 0 21 60                            
A D 9 24                            
J N 6 240 -7 3 5185 864 0                            
K 0 0 43                            
K 0 0 54                            
A D 3 24                            
J B 91 285 1 82 6913 288 1 11                            
J N 8 306 -7 4 1 0 0                            
K 0 0 42                            
K 0 0 60                            
K 0 21 60                            
A D 12 24                            
J B 92 403 6 4 6913 1152 2 11 12                            
K -23 21 44                            
K -23 35 44                            
K -13 0 82                            
K -6 0 84                            
H 11 E 1 0 -8 -42 21 21                            
J D 5 424 -42 1 6913 0 0                            
W 0 0 0 (37) Allegro                            
J T 101 424 42 1 6913 0 0                            
K 0 0 37                            
J N 7 472 7 4 1 0 0                            
K 0 0 43                            
K 0 0 60                            
K 0 21 60                            
A D 4 16                            
J R 7 600 28 2 1729 576 0                            
K 0 0 48                            
A D 4 16                            
J R 8 728 28 2 3457 576 0                            
K 0 0 47                            
A D 8 16                            
J B 93 986 1 82 6913 1152 1 12                            
H 12 E 2 0 0 -42 21 0                            
J R 9 1239 28 2 1 10000 0                            
K 0 0 46                            
A D 16 16                            
J B 94 1521 1 82 6913 2304 0                            
J R 9 1771 28 2 1 10000 0                            
K 0 0 46                            
A D 16 16                            
J B 95 2050 1 82 6913 2304 0                            
E *                            
L 1010 0 0 330 330 * 0 14 0                            
J C 22 5 14 36 6913 0 0                            
J K 2 57 0 2 6913 0 0                            
K 0 14 63                            
K 15 35 63                            
J D 0 -11 -14 1 6913 0 0                            
W 0 0 0 \09\00                            
J F 0 130 98 1 1 0 0                            
K 0 0 203                            
J N 7 130 0 4 1 0 0                            
K 0 0 43                            
K 0 0 60                            
K 0 21 60                            
A D 2 8                            
J F 0 195 98 1 3457 576 0                            
K 0 0 202                            
J N 7 195 49 4 3457 0 0                            
K 0 0 43                            
K 0 0 59                            
K 0 -21 59                            
A D 2 8                            
J B 91 285 1 82 6913 576 1 2                            
J N 8 306 28 4 1 0 0                            
K 0 0 42                            
K 0 0 60                            
K 0 21 60                            
A D 4 8                            
J B 92 403 6 4 6913 1152 2 2 3                            
K -23 21 44                            
K -23 35 44                            
K -13 0 82                            
K -6 0 84                            
H 2 E 1 0 -8 -42 21 21                            
J D 5 424 -42 1 6913 0 0                            
W 0 0 0 (37) Allegro                            
J T 101 424 42 1 6913 0 0                            
K 0 0 37                            
J N 7 472 28 4 1 0 0                            
K 0 0 43                            
K 0 0 60                            
K 0 21 60                            
A D 2 8                            
J R 7 600 28 2 1729 576 0                            
K 0 0 48                            
A D 2 8                            
J R 8 728 28 2 3457 576 0                            
K 0 0 47                            
A D 4 8                            
J B 93 986 1 82 6913 1152 1 3                            
H 3 E 2 0 0 -42 21 0                            
J R 9 1239 28 2 1 10000 0                            
K 0 0 46                            
A D 8 8                            
J B 94 1521 1 82 6913 2304 0                            
J R 9 1771 28 2 1 10000 0                            
K 0 0 46                            
A D 8 8                            
J B 95 2050 1 82 6913 2304 0                            
E *                            
B 1 285 0                            
B 6 403 0                            
B 1 986 0                            
B 1 1521 0                            
B 1 2050 0                            
