@ SOURCE: not identified 
L 0 0 14 !39Violino 1 concertino
J D 4 500 -120 1 6913 0 0
W 0 0 44 VI. Giga
J D 1 75 -37 1 6913 0 0
W 0 -56 44 VI. Giga:  Violino 1 concertino
J C 4 5 42 2 6913 0 0
K 0 0 33
K 0 0 34
J K -1 57 0 1 6913 0 0
K 0 28 65
J D 5 86 -42 1 6913 0 0
W 0 0 37 Vivace
J T 608 95 0 2 6913 0 0
K -10 28 77
K -10 56 79
J N 6 134 0 3 1 0 0
K 0 0 43
K 0 0 54
A D 1 8
J B 1 167 1 82 6913 288 0
J N 6 188 14 2 1 0 2 1 2
K 0 0 43
A D 1 8
J N 6 217 21 2 1153 288 1 2
K 0 0 43
A D 1 8
J N 6 246 28 2 2305 288 2 2 1
K 0 0 43
A D 1 8
H 2 B 1 0 108 3 2 1 3
H 1 S 0 0 0 0 0 0 0 0 0
J N 7 275 0 4 3457 288 0
K 0 0 43
K 0 0 60
K 0 21 60
A D 2 8
J N 6 313 -21 7 5761 576 0
K 0 7 45
K 0 0 43
K 0 7 45
K 1 7 45
K 0 0 60
K 0 0 54
A D 1 8
J B 2 346 1 82 6913 288 0
J N 7 367 -14 7 1 0 0
K 0 0 45
K 0 0 43
K -1 0 45
K 2 0 45
K 0 0 60
K 0 21 60
A D 2 8
J N 6 405 21 3 2305 576 0
K 0 0 43
K 0 0 54
A D 1 8
J N 7 434 49 4 3457 288 0
K 0 0 43
K 0 0 59
K 0 -21 59
A D 2 8
J N 6 472 0 3 5761 576 0
K 0 0 43
K 0 0 54
A D 1 8
J B 3 505 1 82 6913 288 0
J N 6 526 -7 2 1 0 2 3 4
K 0 0 43
A D 1 8
J N 6 555 0 2 1153 288 1 4
K 0 0 43
A D 1 8
J N 6 584 -7 2 2305 288 2 4 3
K 0 0 43
A D 1 8
H 4 B 1 0 108 3 2 1 3
H 3 S 0 0 0 0 0 0 0 0 0
J N 7 613 56 5 3457 288 0
K -15 0 65
K 0 0 43
K 0 0 59
K 0 -21 59
A D 2 8
J N 6 651 -7 3 5761 576 0
K 0 0 43
K 0 0 54
A D 1 8
J B 4 684 1 82 6913 288 0
J N 7 705 0 4 1 0 0
K 0 0 43
K 0 0 60
K 0 21 60
A D 2 8
J N 6 743 28 3 2305 576 0
K 0 0 43
K 0 0 54
A D 1 8
J N 7 772 63 4 3457 288 0
K 0 0 43
K 0 0 59
K 0 -21 59
A D 2 8
J N 6 810 0 3 5761 576 0
K 0 0 43
K 0 0 54
A D 1 8
J B 5 843 1 82 6913 288 0
J N 6 864 -21 5 1 0 2 5 6
K 0 7 45
K 0 0 43
K 0 7 45
K 1 7 45
A D 1 8
J N 6 893 -14 5 1153 288 1 6
K 0 0 45
K 0 0 43
K -1 0 45
K 2 0 45
A D 1 8
J N 6 922 -21 5 2305 288 2 6 5
K 0 7 45
K 0 0 43
K 0 7 45
K 1 7 45
A D 1 8
H 6 B 1 0 108 3 2 1 3
H 5 S 0 0 0 0 0 0 0 0 0
J N 7 951 42 4 3457 288 0
K 0 0 43
K 0 0 59
K 0 -21 59
A D 2 8
J N 6 989 -21 7 5761 576 0
K 0 7 45
K 0 0 43
K 0 7 45
K 1 7 45
K 0 0 60
K 0 0 54
A D 1 8
J B 6 1022 1 82 6913 288 0
J N 7 1045 56 5 1 0 0
K -14 0 64
K 0 0 43
K 0 0 59
K 0 -21 59
A D 2 8
J N 6 1083 -21 7 2305 576 0
K 0 7 45
K 0 0 43
K 0 7 45
K 1 7 45
K 0 0 60
K 0 0 54
A D 1 8
J N 7 1112 70 7 3457 288 0
K 1 0 45
K 0 0 43
K -1 0 45
K 2 0 45
K 0 0 59
K 0 -21 59
A D 2 8
J N 6 1150 -21 7 5761 576 0
K 0 7 45
K 0 0 43
K 0 7 45
K 1 7 45
K 0 0 60
K 0 0 54
A D 1 8
J B 7 1183 1 82 6913 288 0
J N 6 1204 -14 5 1 0 2 7 8
K 0 0 45
K 0 0 43
K -1 0 45
K 2 0 45
A D 1 8
J N 6 1233 -7 2 1153 288 1 8
K 0 0 43
A D 1 8
J N 6 1262 0 2 2305 288 2 8 7
K 0 0 43
A D 1 8
H 8 B 1 0 108 3 2 1 3
H 7 S 0 0 0 0 0 0 0 0 0
J N 6 1291 21 2 3457 288 2 9 10
K 0 0 43
A D 1 8
J N 6 1320 0 2 4609 288 1 10
K 0 0 43
A D 1 8
J N 6 1349 7 2 5761 288 2 10 9
K 0 0 43
A D 1 8
H 10 B 1 0 108 3 2 1 3
H 9 S 0 0 -7 0 -7 0 0 0 0
J B 8 1382 1 82 6913 288 0
J N 7 1403 0 4 1 0 0
K 0 0 43
K 0 0 60
K 0 21 60
A D 2 8
J N 6 1441 21 3 2305 576 0
K 0 0 43
K 0 0 54
A D 1 8
J N 7 1470 49 4 3457 288 0
K 0 0 43
K 0 0 59
K 0 -21 59
A D 2 8
J N 6 1508 0 3 5761 576 0
K 0 0 43
K 0 0 54
A D 1 8
J B 9 1541 1 82 6913 288 0
J N 6 1562 -7 2 1 0 2 11 12
K 0 0 43
A D 1 8
J N 6 1591 0 2 1153 288 1 12
K 0 0 43
A D 1 8
J N 6 1620 -7 2 2305 288 2 12 11
K 0 0 43
A D 1 8
H 12 B 1 0 108 3 2 1 3
H 11 S 0 0 0 0 0 0 0 0 0
J N 7 1649 56 5 3457 288 0
K -15 0 65
K 0 0 43
K 0 0 59
K 0 -21 59
A D 2 8
J N 6 1687 -7 3 5761 576 0
K 0 0 43
K 0 0 54
A D 1 8
J B 10 1720 1 82 6913 288 0
J N 7 1741 0 4 1 0 0
K 0 0 43
K 0 0 60
K 0 21 60
A D 2 8
J N 6 1779 28 3 2305 576 0
K 0 0 43
K 0 0 54
A D 1 8
J N 7 1808 63 4 3457 288 0
K 0 0 43
K 0 0 59
K 0 -21 59
A D 2 8
J N 6 1846 28 3 5761 576 0
K 0 0 43
K 0 0 54
A D 1 8
J B 11 1879 1 82 6913 288 0
J N 6 1900 21 2 1 0 2 13 14
K 0 0 43
A D 1 8
J N 6 1929 14 2 1153 288 1 14
K 0 0 43
A D 1 8
J N 6 1970 7 3 2305 288 2 14 13
K -15 0 65
K 0 0 43
A D 1 8
H 14 B 1 0 108 3 2 1 3
H 13 S 0 0 0 0 0 0 0 0 0
J N 7 1999 84 8 3457 288 0
K 1 -14 45
K 1 0 45
K 0 0 43
K -1 0 45
K 2 0 45
K 0 0 59
K 0 -28 59
A D 2 8
J N 6 2037 7 3 5761 576 0
K 0 0 43
K 0 0 54
A D 1 8
J B 12 2070 1 82 6913 288 0
J N 7 2091 14 4 1 0 0
K 0 0 43
K 0 0 60
K 0 21 60
A D 2 8
J N 6 2129 49 3 2305 576 0
K 0 0 43
K 0 0 53
A D 1 8
J N 7 2162 77 7 3457 288 0
K 1 -7 45
K 0 0 43
K 0 -7 45
K 1 -7 45
K 0 0 59
K 0 -21 59
A D 2 8
J N 6 2200 0 3 5761 576 0
K 0 0 43
K 0 0 54
A D 1 8
J B 13 2233 1 82 6913 288 0
J N 7 2254 -7 4 1 0 0
K 0 0 43
K 0 0 60
K 0 21 60
A D 2 8
J N 6 2292 28 3 2305 576 0
K 0 0 43
K 0 0 54
A D 1 8
J N 7 2325 56 5 3457 288 0
K -15 0 65
K 0 0 43
K 0 0 59
K 0 -21 59
A D 2 8
J N 6 2363 -7 3 5761 576 0
K 0 0 43
K 0 0 54
A D 1 8
J B 14 2396 1 82 6913 288 0
J N 7 2417 -14 7 1 0 0
K 0 0 45
K 0 0 43
K -1 0 45
K 2 0 45
K 0 0 60
K 0 21 60
A D 2 8
J N 6 2455 49 3 2305 576 0
K 0 0 43
K 0 0 53
A D 1 8
J N 7 2492 -21 7 3457 288 0
K 0 7 45
K 0 0 43
K 0 7 45
K 1 7 45
K 0 0 60
K 0 21 60
A D 2 8
J N 6 2534 7 4 5761 576 0
K -15 0 65
K 0 0 43
K 0 0 54
A D 1 8
J B 15 2567 1 82 6913 288 0
J N 6 2588 14 2 1 0 2 15 16
K 0 0 43
A D 1 8
J N 6 2617 21 2 1153 288 1 16
K 0 0 43
A D 1 8
J N 6 2646 28 2 2305 288 2 16 15
K 0 0 43
A D 1 8
H 16 B 1 0 108 3 2 1 3
H 15 S 0 0 0 0 0 0 0 0 0
J N 6 2675 49 2 3457 288 2 17 18
K 0 0 43
A D 1 8
J N 6 2704 28 2 4609 288 1 18
K 0 0 43
A D 1 8
J N 6 2733 35 2 5761 288 2 18 17
K 0 0 43
A D 1 8
H 18 B 0 0 108 3 2 1 3
H 17 S 12 0 0 0 0 0 0 0 0
J B 16 2766 1 82 6913 288 0
J N 7 2787 28 4 1 0 0
K 0 0 43
K 0 0 60
K 0 21 60
A D 2 8
J N 6 2825 49 3 2305 576 0
K 0 0 43
K 0 0 53
A D 1 8
J N 7 2858 77 7 3457 288 0
K 1 -7 45
K 0 0 43
K 0 -7 45
K 1 -7 45
K 0 0 59
K 0 -21 59
A D 2 8
J N 6 2896 0 3 5761 576 0
K 0 0 43
K 0 0 54
A D 1 8
J B 17 2929 10000001 82 6913 288 0
J N 6 2950 -7 2 1 0 2 19 20
K 0 0 43
A D 1 8
J N 6 2979 0 2 1153 288 1 20
K 0 0 43
A D 1 8
J N 6 3008 -7 2 2305 288 2 20 19
K 0 0 43
A D 1 8
H 20 B 1 0 108 3 2 1 3
H 19 S 0 0 0 0 0 0 0 0 0
J N 7 3037 56 5 3457 288 0
K -15 0 65
K 0 0 43
K 0 0 59
K 0 -21 59
A D 2 8
J N 6 3075 -7 3 5761 576 0
K 0 0 43
K 0 0 54
A D 1 8
J B 18 3108 1 82 6913 288 0
J N 7 3129 0 4 1 0 0
K 0 0 43
K 0 0 60
K 0 21 60
A D 2 8
J N 6 3167 28 3 2305 576 0
K 0 0 43
K 0 0 54
A D 1 8
J N 7 3196 63 4 3457 288 0
K 0 0 43
K 0 0 59
K 0 -21 59
A D 2 8
J N 6 3234 28 3 5761 576 0
K 0 0 43
K 0 0 54
A D 1 8
J B 19 3267 1 82 6913 288 0
J N 6 3288 21 2 1 0 2 21 22
K 0 0 43
A D 1 8
J N 6 3317 14 2 1153 288 1 22
K 0 0 43
A D 1 8
J N 6 3358 7 3 2305 288 2 22 21
K -15 0 65
K 0 0 43
A D 1 8
H 22 B 1 0 108 3 2 1 3
H 21 S 0 0 0 0 0 0 0 0 0
J N 7 3387 84 8 3457 288 0
K 1 -14 45
K 1 0 45
K 0 0 43
K -1 0 45
K 2 0 45
K 0 0 59
K 0 -28 59
A D 2 8
J N 6 3425 7 3 5761 576 0
K 0 0 43
K 0 0 54
A D 1 8
J B 20 3458 1 82 6913 288 0
J N 7 3479 14 4 1 0 0
K 0 0 43
K 0 0 60
K 0 21 60
A D 2 8
J N 6 3517 49 3 2305 576 0
K 0 0 43
K 0 0 53
A D 1 8
J N 7 3550 77 7 3457 288 0
K 1 -7 45
K 0 0 43
K 0 -7 45
K 1 -7 45
K 0 0 59
K 0 -21 59
A D 2 8
J N 6 3588 0 3 5761 576 0
K 0 0 43
K 0 0 54
A D 1 8
J B 21 3621 1 82 6913 288 0
J N 7 3642 -7 4 1 0 0
K 0 0 43
K 0 0 60
K 0 21 60
A D 2 8
J N 6 3680 28 3 2305 576 0
K 0 0 43
K 0 0 54
A D 1 8
J N 7 3713 56 5 3457 288 0
K -15 0 65
K 0 0 43
K 0 0 59
K 0 -21 59
A D 2 8
J N 6 3751 -7 3 5761 576 0
K 0 0 43
K 0 0 54
A D 1 8
J B 22 3784 1 82 6913 288 0
J N 7 3805 -14 7 1 0 0
K 0 0 45
K 0 0 43
K -1 0 45
K 2 0 45
K 0 0 60
K 0 21 60
A D 2 8
J N 6 3843 49 3 2305 576 0
K 0 0 43
K 0 0 53
A D 1 8
J N 7 3880 -21 7 3457 288 0
K 0 7 45
K 0 0 43
K 0 7 45
K 1 7 45
K 0 0 60
K 0 21 60
A D 2 8
J N 6 3922 7 4 5761 576 0
K -15 0 65
K 0 0 43
K 0 0 54
A D 1 8
J B 23 3955 1 82 6913 288 0
J N 6 3976 14 2 1 0 2 23 24
K 0 0 43
A D 1 8
J N 6 4005 21 2 1153 288 1 24
K 0 0 43
A D 1 8
J N 6 4034 28 2 2305 288 2 24 23
K 0 0 43
A D 1 8
H 24 B 1 0 108 3 2 1 3
H 23 S 0 0 0 0 0 0 0 0 0
J N 6 4063 49 2 3457 288 2 25 26
K 0 0 43
A D 1 8
J N 6 4092 28 2 4609 288 1 26
K 0 0 43
A D 1 8
J N 6 4121 35 2 5761 288 2 26 25
K 0 0 43
A D 1 8
H 26 B 0 0 108 3 2 1 3
H 25 S 12 0 0 0 0 0 0 0 0
J B 24 4154 1 82 6913 288 0
J N 7 4175 28 4 1 0 0
K 0 0 43
K 0 0 60
K 0 21 60
A D 2 8
J N 6 4217 7 4 2305 576 0
K -15 0 65
K 0 0 43
K 0 0 54
A D 1 8
J N 7 4246 14 5 3457 288 1 27
K 0 0 43
K 24 -6 44
K 0 0 60
K 0 21 60
A D 3 8
J B 25 4296 1 82 6913 864 0
J N 7 4317 14 4 1 0 1 27
K 0 0 43
K 0 0 60
K 0 21 60
A D 2 8
H 27 T 14 0 0 0 0 0 5 0
J N 6 4359 7 4 2305 576 0
K -15 0 65
K 0 0 43
K 0 0 54
A D 1 8
J N 7 4388 14 5 3457 288 1 28
K 0 0 43
K 24 -6 44
K 0 0 60
K 0 21 60
A D 3 8
J B 26 4438 1 82 6913 864 0
J N 7 4459 14 4 1 0 1 28
K 0 0 43
K 0 0 60
K 0 21 60
A D 2 8
H 28 T 14 0 0 0 0 0 5 0
J N 6 4501 7 4 2305 576 0
K -15 0 65
K 0 0 43
K 0 0 54
A D 1 8
J N 7 4530 14 5 3457 288 1 29
K 0 0 43
K 0 -24 236
K 0 0 60
K 0 21 60
A D 2 8
J N 6 4568 21 3 5761 576 1 29
K 0 0 43
K 0 0 54
A D 1 8
H 29 S 0 0 0 0 0 0 0 0 0
J B 27 4601 1 82 6913 288 0
J N 6 4622 28 2 1 0 2 30 31
K 0 0 43
A D 1 8
J N 6 4651 35 2 1153 288 1 31
K 0 0 43
A D 1 8
J N 6 4680 42 2 2305 288 2 31 30
K 0 0 43
A D 1 8
H 31 B 0 0 108 3 2 1 3
H 30 S 12 0 0 0 0 0 0 0 0
J N 6 4709 63 2 3457 288 2 32 33
K 0 0 43
A D 1 8
J N 6 4738 42 2 4609 288 1 33
K 0 0 43
A D 1 8
J N 6 4782 49 3 5761 288 2 33 32
K -18 0 63
K 0 0 43
A D 1 8
H 33 B 0 0 108 3 2 1 3
H 32 S 12 0 0 0 0 0 0 0 0
J B 28 4815 1 82 6913 288 0
J N 7 4836 42 4 1 0 0
K 0 0 43
K 0 0 59
K 0 -21 59
A D 2 8
J N 6 4878 -14 7 2305 576 0
K 0 0 45
K -15 0 65
K 0 0 43
K -1 0 45
K 2 0 45
K 0 0 54
A D 1 8
J N 7 4907 -7 5 3457 288 1 34
K 0 0 43
K 25 0 44
K 0 0 60
K 0 21 60
A D 3 8
J B 29 4957 1 82 6913 864 0
J N 7 4978 -7 4 1 0 1 34
K 0 0 43
K 0 0 60
K 0 21 60
A D 2 8
H 34 T -7 0 0 0 0 0 1 0
J N 6 5020 -14 7 2305 576 0
K 0 0 45
K -15 0 65
K 0 0 43
K -1 0 45
K 2 0 45
K 0 0 54
A D 1 8
J N 7 5049 -7 5 3457 288 1 35
K 0 0 43
K 25 0 44
K 0 0 60
K 0 21 60
A D 3 8
J B 30 5099 1 82 6913 864 0
J N 7 5120 -7 4 1 0 1 35
K 0 0 43
K 0 0 60
K 0 21 60
A D 2 8
H 35 T -7 0 0 0 0 0 1 0
J N 6 5162 -14 7 2305 576 0
K 0 0 45
K -15 0 65
K 0 0 43
K -1 0 45
K 2 0 45
K 0 0 54
A D 1 8
J N 7 5191 -7 5 3457 288 1 36
K 0 0 43
K 0 -22 236
K 0 0 60
K 0 21 60
A D 2 8
J N 6 5229 0 3 5761 576 1 36
K 0 0 43
K 0 0 54
A D 1 8
H 36 S 0 0 0 0 0 0 0 0 0
J B 31 5262 1 82 6913 288 0
J N 6 5287 7 3 1 0 2 37 38
K -15 0 65
K 0 0 43
A D 1 8
J N 6 5316 14 2 1153 288 1 38
K 0 0 43
A D 1 8
J N 6 5345 21 2 2305 288 2 38 37
K 0 0 43
A D 1 8
H 38 B 1 0 108 3 2 1 3
H 37 S 0 0 0 0 0 0 0 0 0
J N 6 5374 42 2 3457 288 2 39 40
K 0 0 43
A D 1 8
J N 6 5403 21 2 4609 288 1 40
K 0 0 43
A D 1 8
J N 6 5443 28 3 5761 288 2 40 39
K -14 0 64
K 0 0 43
A D 1 8
H 40 B 1 0 108 3 2 1 3
H 39 S 0 0 -7 0 -7 0 0 0 0
J B 32 5476 1 82 6913 288 0
J N 7 5497 21 5 1 0 0
K 0 0 43
K 25 0 44
K 0 0 60
K 0 21 60
A D 3 8
J R 7 5543 28 2 3457 864 0
K 0 0 48
A D 2 8
J N 6 5581 -7 3 5761 576 0
K 0 0 43
K 0 0 54
A D 1 8
J B 33 5614 1 82 6913 288 0
J N 6 5639 7 3 1 0 2 41 42
K -15 0 65
K 0 0 43
A D 1 8
J N 6 5668 14 2 1153 288 1 42
K 0 0 43
A D 1 8
J N 6 5697 21 2 2305 288 2 42 41
K 0 0 43
A D 1 8
H 42 B 1 0 108 3 2 1 3
H 41 S 1 0 0 0 0 0 0 0 0
J R 7 5726 28 2 3457 288 0
K 0 0 48
A D 2 8
J N 6 5764 -7 3 5761 576 0
K 0 0 43
K 0 0 54
A D 1 8
J B 34 5797 1 82 6913 288 0
J N 6 5822 7 3 1 0 2 43 44
K -15 0 65
K 0 0 43
A D 1 8
J N 6 5851 14 2 1153 288 1 44
K 0 0 43
A D 1 8
J N 6 5880 21 2 2305 288 2 44 43
K 0 0 43
A D 1 8
H 44 B 1 0 108 3 2 1 3
H 43 S 0 0 0 0 0 0 0 0 0
J R 7 5909 28 2 3457 288 0
K 0 0 48
A D 2 8
J N 6 5947 -7 3 5761 576 0
K 0 0 43
K 0 0 54
A D 1 8
J B 35 5980 10000001 82 6913 288 0
J N 7 6004 7 6 1 0 0
K -15 0 65
K 0 0 43
K 25 0 44
K 0 0 60
K 0 21 60
A D 3 8
J N 7 6050 14 5 3457 864 0
K 0 0 43
K 24 -6 44
K 0 0 60
K 0 21 60
A D 3 8
J B 36 6100 1 82 6913 864 0
J N 7 6127 21 6 1 0 0
K -18 0 63
K 0 0 43
K 25 0 44
K 0 0 60
K 0 21 60
A D 3 8
J R 7 6173 28 2 3457 864 0
K 0 0 48
A D 2 8
J N 6 6211 -14 6 5761 576 0
K 0 0 45
K 0 0 43
K -1 0 45
K 2 0 45
K 0 0 54
A D 1 8
J B 37 6244 1 82 6913 288 0
J N 6 6265 -7 2 1 0 2 45 46
K 0 0 43
A D 1 8
J N 6 6294 -14 5 1153 288 1 46
K 0 0 45
K 0 0 43
K -1 0 45
K 2 0 45
A D 1 8
J N 6 6323 0 2 2305 288 2 46 45
K 0 0 43
A D 1 8
H 46 B 1 0 108 3 2 1 3
H 45 S 0 0 -7 0 -7 0 0 0 0
J N 7 6352 7 5 3457 288 0
K 0 0 43
K 25 0 44
K 0 0 60
K 0 21 60
A D 3 8
J B 38 6402 1 82 6913 864 0
J N 7 6423 14 5 1 0 1 47
K 0 0 43
K 24 -6 44
K 0 0 60
K 0 21 60
A D 3 8
J N 6 6469 14 2 3457 864 2 48 47
K 0 0 43
A D 1 8
H 47 T 14 0 0 0 0 0 5 0
J N 6 6498 7 3 4609 288 2 49 48
K 0 0 43
K 6 -20 193 
A D 1 8 
J N 6 6527 21 2 5761 288 2 48 49
K 0 0 43
A D 1 8 
H 48 B 1 0 108 3 2 1 3
H 49 S 0 0 0 0 0 0 0 0 0
J B 39 6560 1 82 6913 288 0
J N 6 6581 28 2 1 0 2 50 51
K 0 0 43
A D 1 8
J N 6 6610 21 2 1153 288 1 51
K 0 0 43
A D 1 8
J N 6 6639 35 2 2305 288 2 51 50
K 0 0 43
A D 1 8
H 51 B 1 0 108 3 2 1 3
H 50 S 0 0 -7 0 -7 0 0 0 0
J N 6 6668 42 2 3457 288 2 52 53
K 0 0 43
A D 1 8
J N 6 6697 35 2 4609 288 1 53
K 0 0 43
A D 1 8
J N 6 6726 28 2 5761 288 2 53 52
K 0 0 43
A D 1 8
H 53 B 0 0 108 3 2 1 3
H 52 S 12 0 0 0 0 0 0 0 0
J B 40 6759 1 82 6913 288 0
J N 7 6786 70 8 1 0 0
K 1 0 45
K -18 0 63
K 0 0 43
K -1 0 45
K 2 0 45
K 0 0 59
K 0 -21 59
A D 2 8
J N 6 6824 35 3 2305 576 0
K 0 0 43
K 0 0 53
A D 1 8
J N 7 6857 49 4 3457 288 0
K 0 0 43
K 0 0 59
K 0 -21 59
A D 2 8
J N 6 6895 56 3 5761 576 0
K 0 0 43
K 0 0 53
A D 1 8
J B 41 6939 1 82 6913 288 0
J N 6 6960 49 2 1 0 2 54 55
K 0 0 43
A D 1 8
J N 6 6989 35 2 1153 288 1 55
K 0 0 43
A D 1 8
J N 6 7018 14 2 2305 288 2 55 54
K 0 0 43
A D 1 8
H 55 B 0 0 108 3 2 1 3
H 54 S 12 0 0 0 0 0 0 0 0
J N 7 7047 84 8 3457 288 0
K 1 -14 45
K 1 0 45
K 0 0 43
K -1 0 45
K 2 0 45
K 0 0 59
K 0 -28 59
A D 2 8
J N 6 7091 21 4 5761 576 0
K -18 0 63
K 0 0 43
K 0 0 54
A D 1 8
J B 42 7124 1 82 6913 288 0
J N 7 7145 63 5 1 0 1 56
K 0 0 43
K 25 0 44
K 0 0 59
K 0 -21 59
A D 3 8
J N 7 7191 63 4 3457 864 1 56
K 0 0 43
K 0 0 59
K 0 -21 59
A D 2 8
H 56 T 63 0 0 0 0 0 9 0
J N 6 7229 0 3 5761 576 0
K 0 0 43
K 0 0 54
A D 1 8
J B 43 7262 1 82 6913 288 0
J N 6 7283 14 2 1 0 2 57 58
K 0 0 43
A D 1 8
J N 6 7312 21 2 1153 288 1 58
K 0 0 43
A D 1 8
J N 6 7341 28 2 2305 288 2 58 57
K 0 0 43
A D 1 8
H 58 B 1 0 108 3 2 1 3
H 57 S 0 0 0 0 0 0 0 0 0
J N 7 7370 0 4 3457 288 0
K 0 0 43
K 0 0 60
K 0 21 60
A D 2 8
J N 6 7408 -21 7 5761 576 0
K 0 7 45
K 0 0 43
K 0 7 45
K 1 7 45
K 0 0 60
K 0 0 54
A D 1 8
J B 44 7441 1 82 6913 288 0
J N 7 7462 -14 7 1 0 0
K 0 0 45
K 0 0 43
K -1 0 45
K 2 0 45
K 0 0 60
K 0 21 60
A D 2 8
J N 6 7500 21 3 2305 576 0
K 0 0 43
K 0 0 54
A D 1 8
J N 7 7529 49 4 3457 288 0
K 0 0 43
K 0 0 59
K 0 -21 59
A D 2 8
J N 6 7567 0 3 5761 576 0
K 0 0 43
K 0 0 54
A D 1 8
J B 45 7600 1 82 6913 288 0
J N 6 7621 -7 2 1 0 2 59 60
K 0 0 43
A D 1 8
J N 6 7650 0 2 1153 288 1 60
K 0 0 43
A D 1 8
J N 6 7679 -7 2 2305 288 2 60 59
K 0 0 43
A D 1 8
H 60 B 1 0 108 3 2 1 3
H 59 S 0 0 0 0 0 0 0 0 0
J N 7 7708 56 5 3457 288 0
K -15 0 65
K 0 0 43
K 0 0 59
K 0 -21 59
A D 2 8
J N 6 7746 -7 3 5761 576 0
K 0 0 43
K 0 0 54
A D 1 8
J B 46 7779 1 82 6913 288 0
J N 7 7800 0 4 1 0 0
K 0 0 43
K 0 0 60
K 0 21 60
A D 2 8
J N 6 7838 28 3 2305 576 0
K 0 0 43
K 0 0 54
A D 1 8
J N 7 7867 63 4 3457 288 0
K 0 0 43
K 0 0 59
K 0 -21 59
A D 2 8
J N 6 7905 0 3 5761 576 0
K 0 0 43
K 0 0 54
A D 1 8
J B 47 7938 1 82 6913 288 0
J N 6 7959 -21 5 1 0 2 61 62
K 0 7 45
K 0 0 43
K 0 7 45
K 1 7 45
A D 1 8
J N 6 7988 -14 5 1153 288 1 62
K 0 0 45
K 0 0 43
K -1 0 45
K 2 0 45
A D 1 8
J N 6 8017 -21 5 2305 288 2 62 61
K 0 7 45
K 0 0 43
K 0 7 45
K 1 7 45
A D 1 8
H 62 B 1 0 108 3 2 1 3
H 61 S 0 0 0 0 0 0 0 0 0
J N 7 8046 42 4 3457 288 0
K 0 0 43
K 0 0 59
K 0 -21 59
A D 2 8
J N 6 8084 -21 7 5761 576 0
K 0 7 45
K 0 0 43
K 0 7 45
K 1 7 45
K 0 0 60
K 0 0 54
A D 1 8
J B 48 8117 1 82 6913 288 0
J N 7 8140 56 5 1 0 0
K -14 0 64
K 0 0 43
K 0 0 59
K 0 -21 59
A D 2 8
J N 6 8178 -21 7 2305 576 0
K 0 7 45
K 0 0 43
K 0 7 45
K 1 7 45
K 0 0 60
K 0 0 54
A D 1 8
J N 7 8207 70 7 3457 288 0
K 1 0 45
K 0 0 43
K -1 0 45
K 2 0 45
K 0 0 59
K 0 -21 59
A D 2 8
J N 6 8245 -21 7 5761 576 0
K 0 7 45
K 0 0 43
K 0 7 45
K 1 7 45
K 0 0 60
K 0 0 54
A D 1 8
J B 49 8278 1 82 6913 288 0
J N 6 8299 -14 5 1 0 2 63 64
K 0 0 45
K 0 0 43
K -1 0 45
K 2 0 45
A D 1 8
J N 6 8328 -7 2 1153 288 1 64
K 0 0 43
A D 1 8
J N 6 8357 0 2 2305 288 2 64 63
K 0 0 43
A D 1 8
H 64 B 1 0 108 3 2 1 3
H 63 S 0 0 0 0 0 0 0 0 0
J N 6 8386 21 2 3457 288 2 65 66
K 0 0 43
A D 1 8
J N 6 8415 0 2 4609 288 1 66
K 0 0 43
A D 1 8
J N 6 8444 7 2 5761 288 2 66 65
K 0 0 43
A D 1 8
H 66 B 1 0 108 3 2 1 3
H 65 S 0 0 -7 0 -7 0 0 0 0
J B 50 8477 1 82 6913 288 0
J N 7 8498 0 4 1 0 0
K 0 0 43
K 0 0 60
K 0 21 60
A D 2 8
J N 6 8536 21 3 2305 576 0
K 0 0 43
K 0 0 54
A D 1 8
J N 7 8565 49 4 3457 288 0
K 0 0 43
K 0 0 59
K 0 -21 59
A D 2 8
J N 6 8603 0 3 5761 576 0
K 0 0 43
K 0 0 54
A D 1 8
J B 51 8636 1 82 6913 288 0
J N 6 8657 -7 2 1 0 2 67 68
K 0 0 43
A D 1 8
J N 6 8686 0 2 1153 288 1 68
K 0 0 43
A D 1 8
J N 6 8715 -7 2 2305 288 2 68 67
K 0 0 43
A D 1 8
H 68 B 1 0 108 3 2 1 3
H 67 S 0 0 0 0 0 0 0 0 0
J N 7 8744 56 5 3457 288 0
K -15 0 65
K 0 0 43
K 0 0 59
K 0 -21 59
A D 2 8
J N 6 8782 -7 3 5761 576 0
K 0 0 43
K 0 0 54
A D 1 8
J B 52 8815 10000001 82 6913 288 0
J N 7 8836 0 4 1 0 0
K 0 0 43
K 0 0 60
K 0 21 60
A D 2 8
J N 6 8874 28 3 2305 576 0
K 0 0 43
K 0 0 54
A D 1 8
J N 7 8903 63 4 3457 288 0
K 0 0 43
K 0 0 59
K 0 -21 59
A D 2 8
J N 6 8941 28 3 5761 576 0
K 0 0 43
K 0 0 54
A D 1 8
J B 53 8974 1 82 6913 288 0
J N 6 8995 21 2 1 0 2 69 70
K 0 0 43
A D 1 8
J N 6 9024 14 2 1153 288 1 70
K 0 0 43
A D 1 8
J N 6 9065 7 3 2305 288 2 70 69
K -15 0 65
K 0 0 43
A D 1 8
H 70 B 1 0 108 3 2 1 3
H 69 S 0 0 0 0 0 0 0 0 0
J N 7 9094 84 8 3457 288 0
K 1 -14 45
K 1 0 45
K 0 0 43
K -1 0 45
K 2 0 45
K 0 0 59
K 0 -28 59
A D 2 8
J N 6 9132 7 3 5761 576 0
K 0 0 43
K 0 0 54
A D 1 8
J B 54 9165 1 82 6913 288 0
J N 7 9186 14 4 1 0 0
K 0 0 43
K 0 0 60
K 0 21 60
A D 2 8
J N 6 9224 49 3 2305 576 0
K 0 0 43
K 0 0 53
A D 1 8
J N 7 9257 77 7 3457 288 0
K 1 -7 45
K 0 0 43
K 0 -7 45
K 1 -7 45
K 0 0 59
K 0 -21 59
A D 2 8
J N 6 9295 0 3 5761 576 0
K 0 0 43
K 0 0 54
A D 1 8
J B 55 9328 1 82 6913 288 0
J N 7 9349 -7 4 1 0 0
K 0 0 43
K 0 0 60
K 0 21 60
A D 2 8
J N 6 9387 28 3 2305 576 0
K 0 0 43
K 0 0 54
A D 1 8
J N 7 9420 56 5 3457 288 0
K -15 0 65
K 0 0 43
K 0 0 59
K 0 -21 59
A D 2 8
J N 6 9458 -7 3 5761 576 0
K 0 0 43
K 0 0 54
A D 1 8
J B 56 9491 1 82 6913 288 0
J N 7 9512 -14 7 1 0 0
K 0 0 45
K 0 0 43
K -1 0 45
K 2 0 45
K 0 0 60
K 0 21 60
A D 2 8
J N 6 9550 49 3 2305 576 0
K 0 0 43
K 0 0 53
A D 1 8
J N 7 9587 -21 7 3457 288 0
K 0 7 45
K 0 0 43
K 0 7 45
K 1 7 45
K 0 0 60
K 0 21 60
A D 2 8
J N 6 9629 7 4 5761 576 0
K -15 0 65
K 0 0 43
K 0 0 54
A D 1 8
J B 57 9662 1 82 6913 288 0
J N 6 9683 14 2 1 0 2 71 72
K 0 0 43
A D 1 8
J N 6 9712 21 2 1153 288 1 72
K 0 0 43
A D 1 8
J N 6 9741 28 2 2305 288 2 72 71
K 0 0 43
A D 1 8
H 72 B 1 0 108 3 2 1 3
H 71 S 0 0 0 0 0 0 0 0 0
J N 6 9770 49 2 3457 288 2 73 74
K 0 0 43
A D 1 8
J N 6 9799 28 2 4609 288 1 74
K 0 0 43
A D 1 8
J N 6 9828 35 2 5761 288 2 74 73
K 0 0 43
A D 1 8
H 74 B 0 0 108 3 2 1 3
H 73 S 12 0 0 0 0 0 0 0 0
J B 58 9861 1 82 6913 288 0
J N 7 9882 28 4 1 0 0
K 0 0 43
K 0 0 60
K 0 21 60
A D 2 8
J N 6 9920 49 3 2305 576 0
K 0 0 43
K 0 0 53
A D 1 8
J N 7 9953 77 7 3457 288 0
K 1 -7 45
K 0 0 43
K 0 -7 45
K 1 -7 45
K 0 0 59
K 0 -21 59
A D 2 8
J N 6 9991 0 3 5761 576 0
K 0 0 43
K 0 0 54
A D 1 8
J B 59 10024 1 82 6913 288 0
J N 6 10045 -7 2 1 0 2 75 76
K 0 0 43
A D 1 8
J N 6 10074 0 2 1153 288 1 76
K 0 0 43
A D 1 8
J N 6 10103 -7 2 2305 288 2 76 75
K 0 0 43
A D 1 8
H 76 B 1 0 108 3 2 1 3
H 75 S 0 0 0 0 0 0 0 0 0
J N 7 10132 56 5 3457 288 0
K -15 0 65
K 0 0 43
K 0 0 59
K 0 -21 59
A D 2 8
J N 6 10170 -7 3 5761 576 0
K 0 0 43
K 0 0 54
A D 1 8
J B 60 10203 1 82 6913 288 0
J N 7 10224 0 4 1 0 0
K 0 0 43
K 0 0 60
K 0 21 60
A D 2 8
J N 6 10262 28 3 2305 576 0
K 0 0 43
K 0 0 54
A D 1 8
J N 7 10291 63 4 3457 288 0
K 0 0 43
K 0 0 59
K 0 -21 59
A D 2 8
J N 6 10329 28 3 5761 576 0
K 0 0 43
K 0 0 54
A D 1 8
J B 61 10362 1 82 6913 288 0
J N 6 10383 21 2 1 0 2 77 78
K 0 0 43
A D 1 8
J N 6 10412 14 2 1153 288 1 78
K 0 0 43
A D 1 8
J N 6 10453 7 3 2305 288 2 78 77
K -15 0 65
K 0 0 43
A D 1 8
H 78 B 1 0 108 3 2 1 3
H 77 S 0 0 0 0 0 0 0 0 0
J N 7 10482 84 8 3457 288 0
K 1 -14 45
K 1 0 45
K 0 0 43
K -1 0 45
K 2 0 45
K 0 0 59
K 0 -28 59
A D 2 8
J N 6 10520 7 3 5761 576 0
K 0 0 43
K 0 0 54
A D 1 8
J B 62 10553 1 82 6913 288 0
J N 7 10574 14 4 1 0 0
K 0 0 43
K 0 0 60
K 0 21 60
A D 2 8
J N 6 10612 49 3 2305 576 0
K 0 0 43
K 0 0 53
A D 1 8
J N 7 10645 77 7 3457 288 0
K 1 -7 45
K 0 0 43
K 0 -7 45
K 1 -7 45
K 0 0 59
K 0 -21 59
A D 2 8
J N 6 10683 0 3 5761 576 0
K 0 0 43
K 0 0 54
A D 1 8
J B 63 10716 1 82 6913 288 0
J N 7 10737 -7 4 1 0 0
K 0 0 43
K 0 0 60
K 0 21 60
A D 2 8
J N 6 10775 28 3 2305 576 0
K 0 0 43
K 0 0 54
A D 1 8
J N 7 10808 56 5 3457 288 0
K -15 0 65
K 0 0 43
K 0 0 59
K 0 -21 59
A D 2 8
J N 6 10846 -7 3 5761 576 0
K 0 0 43
K 0 0 54
A D 1 8
J B 64 10879 1 82 6913 288 0
J N 7 10900 -14 7 1 0 0
K 0 0 45
K 0 0 43
K -1 0 45
K 2 0 45
K 0 0 60
K 0 21 60
A D 2 8
J N 6 10938 49 3 2305 576 0
K 0 0 43
K 0 0 53
A D 1 8
J N 7 10975 -21 7 3457 288 0
K 0 7 45
K 0 0 43
K 0 7 45
K 1 7 45
K 0 0 60
K 0 21 60
A D 2 8
J N 6 11017 7 4 5761 576 0
K -15 0 65
K 0 0 43
K 0 0 54
A D 1 8
J B 65 11050 1 82 6913 288 0
J N 6 11071 14 2 1 0 2 79 80
K 0 0 43
A D 1 8
J N 6 11100 21 2 1153 288 1 80
K 0 0 43
A D 1 8
J N 6 11129 28 2 2305 288 2 80 79
K 0 0 43
A D 1 8
H 80 B 1 0 108 3 2 1 3
H 79 S 0 0 0 0 0 0 0 0 0
J N 6 11158 49 2 3457 288 2 81 82
K 0 0 43
A D 1 8
J N 6 11187 28 2 4609 288 1 82
K 0 0 43
A D 1 8
J N 6 11216 35 2 5761 288 2 82 81
K 0 0 43
A D 1 8
H 82 B 0 0 108 3 2 1 3
H 81 S 12 0 0 0 0 0 0 0 0
J B 66 11249 1 82 6913 288 0
J N 7 11270 28 5 1 0 0
K 0 0 43
K 24 -6 44
K 0 0 60
K 0 21 60
A D 3 8
J R 7 11316 28 2 3457 864 0
K 0 0 48
A D 2 8
J N 6 11354 42 3 5761 576 0
K 0 0 43
K 0 0 53
A D 1 8
J B 67 11398 1 82 6913 288 0
J N 7 11419 84 9 1 0 0
K 1 -14 45
K 1 0 45
K 0 0 43
K -1 0 45
K 2 0 45
K 24 -6 44
K 0 0 59
K 0 -28 59
A D 3 8
J R 7 11465 28 2 3457 864 0
K 0 0 48
A D 2 8
J N 6 11503 49 3 5761 576 0
K 0 0 43
K 0 0 53
A D 1 8
J B 68 11547 1 82 6913 288 0
J N 6 11572 56 3 1 0 2 83 84
K -15 0 65
K 0 0 43
A D 1 8
J N 6 11601 49 2 1153 288 1 84
K 0 0 43
A D 1 8
J N 6 11630 63 2 2305 288 2 84 83
K 0 0 43
A D 1 8
H 84 B 0 0 108 3 2 1 3
H 83 S 12 0 0 0 0 0 0 0 0
J N 7 11659 70 7 3457 288 0
K 1 0 45
K 0 0 43
K -1 0 45
K 2 0 45
K 0 0 59
K 0 -21 59
A D 2 8
J N 6 11697 49 3 5761 576 0
K 0 0 43
K 0 0 53
A D 1 8
J B 69 11741 1 82 6913 288 0
J N 7 11762 63 5 1 0 1 85
K 0 0 43
K 25 0 44
K 0 0 59
K 0 -21 59
A D 3 8
J N 7 11808 63 4 4147 864 1 85
K 0 0 43
K 0 0 59
K 0 -21 59
A D 2 8
H 85 T 63 0 0 0 0 0 9 0
J B 0 11863 6 2 6913 576 0
K -13 0 82
K -6 0 84
J M 0 11863 0 0 10000 0 0
