@ SOURCE: not identified 
L 0 0 14 !39Basso concerto grosso
J D 4 500 -120 1 6913 0 0
W 0 0 44 VI. Giga
J D 1 75 -37 1 6913 0 0
W 0 -56 44 VI. Giga:  Basso concerto grosso
J C 22 5 14 36 6913 0 0
J K -1 57 0 1 6913 0 0
K 0 42 65
J D 5 86 -42 1 6913 0 0
W 0 0 37 Vivace
J T 204 95 0 2 6913 0 0
K -10 28 73
K -10 56 75
J R 6 137 28 2 1 0 0
K 0 0 49
A D 2 16
J B 1 170 1 82 6913 288 0
J R 9 191 28 2 1 10000 0
K 0 0 46
A D 12 16
J B 2 296 1 82 6913 1728 0
J R 7 317 28 2 1 0 0
K 0 0 48
A D 6 16
J R 6 346 28 2 3457 864 0
K 0 0 49
A D 3 16
J F 0 375 98 1 5185 432 0
K 0 0 205
J N 6 375 28 3 5185 0 0
K 0 0 43
K 0 0 54
A D 3 16
J B 3 408 1 82 6913 432 0
J N 7 433 21 5 1 0 0
K -15 0 65
K 0 0 43
K 0 0 60
K 0 21 60
A D 6 16
J R 6 462 28 2 3457 864 0
K 0 0 49
A D 3 16
J N 6 491 21 3 5185 432 0
K 0 0 43
K 0 0 54
A D 3 16
J B 4 524 1 82 6913 432 0
J N 7 545 28 4 1 0 0
K 0 0 43
K 0 0 60
K 0 21 60
A D 6 16
J R 7 574 28 2 3457 864 0
K 0 0 48
A D 6 16
J B 5 607 1 82 6913 864 0
J R 9 628 28 2 1 10000 0
K 0 0 46
A D 12 16
J B 6 733 1 82 6913 1728 0
J R 7 754 28 2 1 0 0
K 0 0 48
A D 6 16
J R 6 783 28 2 3457 864 0
K 0 0 49
A D 3 16
J N 6 812 21 3 5185 432 0
K 0 0 43
K 0 0 54
A D 3 16
J B 7 845 1 82 6913 432 0
J N 6 866 14 2 1 0 1 1
K 0 0 43
A D 3 16
J N 6 895 -7 2 1729 432 1 1
K 0 0 43
A D 3 16
J F 0 924 98 1 3457 432 0
K 0 0 202
J N 6 924 -14 5 3457 0 1 1
K 0 0 45
K 0 0 43
K -1 0 45
K 2 0 45
A D 3 16
J N 6 953 35 2 5185 432 1 1
K 0 0 43
A D 3 16
H 1 B 1 0 108 4 2 1 1 3
J B 8 986 1 82 6913 432 0
J N 7 1007 14 4 1 0 0
K 0 0 43
K 0 0 60
K 0 21 60
A D 6 16
J R 7 1036 28 2 3457 864 0
K 0 0 48
A D 6 16
J B 9 1069 1 82 6913 864 0
J R 9 1090 28 2 1 10000 0
K 0 0 46
A D 12 16
J B 10 1195 1 82 6913 1728 0
J R 9 1216 28 2 1 10000 0
K 0 0 46
A D 12 16
J B 11 1321 1 82 6913 1728 0
J R 9 1342 28 2 1 10000 0
K 0 0 46
A D 12 16
J B 12 1447 1 82 6913 1728 0
J R 7 1468 28 2 1 0 0
K 0 0 48
A D 6 16
J R 6 1497 28 2 3457 864 0
K 0 0 49
A D 3 16
J N 6 1526 28 3 5185 432 0
K 0 0 43
K 0 0 54
A D 3 16
J B 13 1559 1 82 6913 432 0
J F 0 1580 98 1 1 0 0
K 0 0 206
J N 7 1580 21 5 1 0 0
K -15 0 65
K 0 0 43
K 0 0 60
K 0 21 60
A D 6 16
J R 6 1615 28 2 3457 864 0
K 0 0 49
A D 3 16
J F 0 1644 98 1 5185 432 0
K 0 0 205
J N 6 1644 21 3 5185 0 0
K 0 0 43
K 0 0 54
A D 3 16
J B 14 1677 1 82 6913 432 0
J F 0 1698 98 2 1 0 0
K 0 0 203
K 0 21 201
J N 7 1698 21 5 1 0 0
K -15 0 65
K 0 0 43
K 0 0 60
K 0 21 60
A D 6 16
J F 0 1733 98 1 3457 864 0
K 0 0 205
J N 6 1733 28 2 3457 0 1 2
K 0 0 43
A D 3 16
J N 6 1762 21 2 5185 432 1 2
K 0 0 43
A D 3 16
H 2 B 1 0 108 2 2 3
J B 15 1795 1 82 6913 432 0
J F 0 1816 98 2 1 0 0
K 0 0 205
K 0 21 203
J N 7 1816 14 4 1 0 0
K 0 0 43
K 0 0 60
K 0 21 60
A D 6 16
J F 0 1851 98 2 3457 864 0
K 0 0 204
K 0 21 202
J N 7 1851 63 4 3457 0 0
K 0 0 43
K 0 0 59
K 0 -21 59
A D 6 16
J B 16 1890 1 82 6913 864 0
J N 7 1911 42 4 1 0 0
K 0 0 43
K 0 0 59
K 0 -21 59
A D 6 16
J R 7 1940 28 2 3457 864 0
K 0 0 48
A D 6 16
J B 17 1973 1 82 6913 864 0
J R 9 1994 28 2 1 10000 0
K 0 0 46
A D 12 16
J B 18 2099 1 82 6913 1728 0
J R 9 2120 28 2 1 10000 0
K 0 0 46
A D 12 16
J B 19 2225 1 82 6913 1728 0
J R 9 2246 28 2 1 10000 0
K 0 0 46
A D 12 16
J B 20 2351 1 82 6913 1728 0
J R 7 2372 28 2 1 0 0
K 0 0 48
A D 6 16
J R 6 2401 28 2 3457 864 0
K 0 0 49
A D 3 16
J N 6 2430 28 3 5185 432 0
K 0 0 43
K 0 0 54
A D 3 16
J B 21 2463 1 82 6913 432 0
J F 0 2484 98 1 1 0 0
K 0 0 206
J N 7 2484 21 5 1 0 0
K -15 0 65
K 0 0 43
K 0 0 60
K 0 21 60
A D 6 16
J R 6 2519 28 2 3457 864 0
K 0 0 49
A D 3 16
J F 0 2548 98 1 5185 432 0
K 0 0 205
J N 6 2548 21 3 5185 0 0
K 0 0 43
K 0 0 54
A D 3 16
J B 22 2581 1 82 6913 432 0
J F 0 2602 98 2 1 0 0
K 0 0 203
K 0 21 201
J N 7 2602 21 5 1 0 0
K -15 0 65
K 0 0 43
K 0 0 60
K 0 21 60
A D 6 16
J F 0 2637 98 1 3457 864 0
K 0 0 205
J N 6 2637 28 2 3457 0 1 3
K 0 0 43
A D 3 16
J N 6 2666 21 2 5185 432 1 3
K 0 0 43
A D 3 16
H 3 B 1 0 108 2 2 3
J B 23 2699 1 82 6913 432 0
J F 0 2720 98 2 1 0 0
K 0 0 205
K 0 21 203
J N 7 2720 14 4 1 0 0
K 0 0 43
K 0 0 60
K 0 21 60
A D 6 16
J F 0 2755 98 2 3457 864 0
K 0 0 204
K 0 21 202
J N 7 2755 63 4 3457 0 0
K 0 0 43
K 0 0 59
K 0 -21 59
A D 6 16
J B 24 2794 1 82 6913 864 0
J N 7 2815 42 4 1 0 0
K 0 0 43
K 0 0 59
K 0 -21 59
A D 6 16
J R 7 2844 28 2 3457 864 0
K 0 0 48
A D 6 16
J B 25 2877 1 82 6913 864 0
J R 9 2898 28 2 1 10000 0
K 0 0 46
A D 12 16
J B 26 3003 1 82 6913 1728 0
J R 7 3024 28 2 1 0 0
K 0 0 48
A D 6 16
J R 6 3053 28 2 3457 864 0
K 0 0 49
A D 3 16
J F 0 3089 98 1 5185 432 0
K 0 0 205
J N 6 3089 14 4 5185 0 0
K -18 0 63
K 0 0 43
K 0 0 54
A D 3 16
J B 27 3122 1 82 6913 432 0
J N 6 3143 7 2 1 0 1 4
K 0 0 43
A D 3 16
J N 6 3172 35 2 1729 432 1 4
K 0 0 43
A D 3 16
J F 0 3201 98 1 3457 432 0
K 0 0 203
J N 6 3201 28 2 3457 0 1 4
K 0 0 43
A D 3 16
J F 0 3230 98 1 5185 432 0
K 0 0 213
J N 6 3230 77 5 5185 0 1 4
K 1 -7 45
K 0 0 43
K 0 -7 45
K 1 -7 45
A D 3 16
H 4 B 0 0 108 4 2 1 1 3
J B 28 3263 1 82 6913 432 0
J N 7 3284 56 4 1 0 0
K 0 0 43
K 0 0 59
K 0 -21 59
A D 6 16
J R 7 3313 28 2 3457 864 0
K 0 0 48
A D 6 16
J B 29 3346 1 82 6913 864 0
J R 9 3367 28 2 1 10000 0
K 0 0 46
A D 12 16
J B 30 3472 1 82 6913 1728 0
J R 7 3493 28 2 1 0 0
K 0 0 48
A D 6 16
J R 6 3522 28 2 3457 864 0
K 0 0 49
A D 3 16
J F 0 3555 98 1 5185 432 0
K 0 0 205
J N 6 3555 -7 4 5185 0 0
K -14 0 64
K 0 0 43
K 0 0 54
A D 3 16
J B 31 3588 1 82 6913 432 0
J F 0 3609 98 1 1 0 0
K 0 0 219
J N 6 3609 -14 5 1 0 1 5
K 0 0 45
K 0 0 43
K -1 0 45
K 2 0 45
A D 3 16
J N 6 3638 14 2 1729 432 1 5
K 0 0 43
A D 3 16
J F 0 3667 98 1 3457 432 0
K 0 0 203
J N 6 3667 7 2 3457 0 1 5
K 0 0 43
A D 3 16
J F 0 3696 98 1 5185 432 0
K 0 0 218
J N 6 3696 56 2 5185 0 1 5
K 0 0 43
A D 3 16
H 5 B 1 0 108 4 2 1 1 3
J B 32 3729 1 82 6913 432 0
J N 7 3750 35 4 1 0 0
K 0 0 43
K 0 0 59
K 0 -21 59
A D 6 16
J R 7 3779 28 2 3457 864 0
K 0 0 48
A D 6 16
J B 33 3812 1 82 6913 864 0
J R 9 3833 28 2 1 10000 0
K 0 0 46
A D 12 16
J B 34 3938 1 82 6913 1728 0
J R 7 3959 28 2 1 0 0
K 0 0 48
A D 6 16
J R 6 3988 28 2 3457 864 0
K 0 0 49
A D 3 16
J N 6 4017 7 3 5185 432 0
K 0 0 43
K 0 0 54
A D 3 16
J B 35 4050 1 82 6913 432 0
J F 0 4071 98 1 1 0 0
K 0 0 219
J N 7 4071 -14 7 1 0 0
K 0 0 45
K 0 0 43
K -1 0 45
K 2 0 45
K 0 0 60
K 0 21 60
A D 6 16
J F 0 4108 98 1 3457 864 0
K 0 0 205
J N 7 4108 -7 5 3457 0 0
K -15 0 65
K 0 0 43
K 0 0 60
K 0 21 60
A D 6 16
J B 36 4147 1 82 6913 864 0
J F 0 4168 98 2 1 0 0
K 0 0 206
K 0 21 213
J N 7 4168 0 4 1 0 0
K 0 0 43
K 0 0 60
K 0 21 60
A D 6 16
J R 6 4203 28 2 3457 864 0
K 0 0 49
A D 3 16
J F 0 4232 98 1 5185 432 0
K 0 0 205
J N 6 4232 14 3 5185 0 0
K 0 0 43
K 0 0 54
A D 3 16
J B 37 4265 1 82 6913 432 0
J N 6 4286 7 2 1 0 1 6
K 0 0 43
A D 3 16
J N 6 4315 28 2 1729 432 1 6
K 0 0 43
A D 3 16
J F 0 4344 98 1 3457 432 0
K 0 0 203
J N 6 4344 0 2 3457 0 1 6
K 0 0 43
A D 3 16
J F 0 4373 98 1 5185 432 0
K 0 0 213
J N 6 4373 49 2 5185 0 1 6
K 0 0 43
A D 3 16
H 6 B 1 0 108 4 2 1 1 3
J B 38 4406 1 82 6913 432 0
J N 7 4427 28 4 1 0 0
K 0 0 43
K 0 0 60
K 0 21 60
A D 6 16
J F 0 4467 98 1 3457 864 0
K 0 0 205
J N 7 4467 14 5 3457 0 0
K -18 0 63
K 0 0 43
K 0 0 60
K 0 21 60
A D 6 16
J B 39 4506 1 82 6913 864 0
J N 7 4527 7 4 1 0 0
K 0 0 43
K 0 0 60
K 0 21 60
A D 6 16
J R 6 4556 28 2 3457 864 0
K 0 0 49
A D 3 16
J N 6 4585 7 3 5185 432 0
K 0 0 43
K 0 0 54
A D 3 16
J B 40 4618 1 82 6913 432 0
J F 0 4639 98 1 1 0 0
K 0 0 213
J N 7 4639 0 4 1 0 0
K 0 0 43
K 0 0 60
K 0 21 60
A D 6 16
J R 6 4674 28 2 3457 864 0
K 0 0 49
A D 3 16
J N 6 4714 35 4 5185 432 0
K -18 0 63
K 0 0 43
K 0 0 53
A D 3 16
J B 41 4758 1 82 6913 432 0
J N 6 4779 28 2 1 0 1 7
K 0 0 43
A D 3 16
J N 6 4808 56 2 1729 432 1 7
K 0 0 43
A D 3 16
H 7 B 0 0 108 2 2 3
J F 0 4837 98 2 3457 432 0
K 0 0 205
K 0 21 203
J N 7 4837 49 4 3457 0 0
K 0 0 43
K 0 0 59
K 0 -21 59
A D 6 16
J F 0 4866 98 2 5761 576 0
K 0 0 204
K 0 21 213
J B 42 4899 1 82 6913 288 0
J N 7 4920 77 7 1 0 0
K 1 -7 45
K 0 0 43
K 0 -7 45
K 1 -7 45
K 0 0 59
K 0 -21 59
A D 6 16
J R 7 4949 28 2 3457 864 0
K 0 0 48
A D 6 16
J B 43 4982 1 82 6913 864 0
J R 9 5003 28 2 1 10000 0
K 0 0 46
A D 12 16
J B 44 5108 1 82 6913 1728 0
J R 7 5129 28 2 1 0 0
K 0 0 48
A D 6 16
J R 6 5158 28 2 3457 864 0
K 0 0 49
A D 3 16
J F 0 5187 98 1 5185 432 0
K 0 0 205
J N 6 5187 28 3 5185 0 0
K 0 0 43
K 0 0 54
A D 3 16
J B 45 5220 1 82 6913 432 0
J N 7 5245 21 5 1 0 0
K -15 0 65
K 0 0 43
K 0 0 60
K 0 21 60
A D 6 16
J R 6 5274 28 2 3457 864 0
K 0 0 49
A D 3 16
J N 6 5303 21 3 5185 432 0
K 0 0 43
K 0 0 54
A D 3 16
J B 46 5336 1 82 6913 432 0
J N 7 5357 28 4 1 0 0
K 0 0 43
K 0 0 60
K 0 21 60
A D 6 16
J R 7 5386 28 2 3457 864 0
K 0 0 48
A D 6 16
J B 47 5419 1 82 6913 864 0
J R 9 5440 28 2 1 10000 0
K 0 0 46
A D 12 16
J B 48 5545 1 82 6913 1728 0
J R 7 5566 28 2 1 0 0
K 0 0 48
A D 6 16
J R 6 5595 28 2 3457 864 0
K 0 0 49
A D 3 16
J N 6 5624 21 3 5185 432 0
K 0 0 43
K 0 0 54
A D 3 16
J B 49 5657 1 82 6913 432 0
J N 6 5678 14 2 1 0 1 8
K 0 0 43
A D 3 16
J N 6 5707 -7 2 1729 432 1 8
K 0 0 43
A D 3 16
J F 0 5736 98 1 3457 432 0
K 0 0 203
J N 6 5736 -14 5 3457 0 1 8
K 0 0 45
K 0 0 43
K -1 0 45
K 2 0 45
A D 3 16
J F 0 5765 98 1 5185 432 0
K 0 0 202
J N 6 5765 35 2 5185 0 1 8
K 0 0 43
A D 3 16
H 8 B 1 0 108 4 2 1 1 3
J B 50 5798 1 82 6913 432 0
J N 7 5819 14 4 1 0 0
K 0 0 43
K 0 0 60
K 0 21 60
A D 6 16
J R 7 5848 28 2 3457 864 0
K 0 0 48
A D 6 16
J B 51 5881 1 82 6913 864 0
J R 9 5902 28 2 1 10000 0
K 0 0 46
A D 12 16
J B 52 6007 1 82 6913 1728 0
J R 9 6028 28 2 1 10000 0
K 0 0 46
A D 12 16
J B 53 6133 1 82 6913 1728 0
J R 9 6154 28 2 1 10000 0
K 0 0 46
A D 12 16
J B 54 6259 1 82 6913 1728 0
J R 7 6280 28 2 1 0 0
K 0 0 48
A D 6 16
J R 6 6309 28 2 3457 864 0
K 0 0 49
A D 3 16
J N 6 6338 28 3 5185 432 0
K 0 0 43
K 0 0 54
A D 3 16
J B 55 6371 1 82 6913 432 0
J F 0 6392 98 1 1 0 0
K 0 0 206
J N 7 6392 21 5 1 0 0
K -15 0 65
K 0 0 43
K 0 0 60
K 0 21 60
A D 6 16
J R 6 6427 28 2 3457 864 0
K 0 0 49
A D 3 16
J F 0 6456 98 1 5185 432 0
K 0 0 205
J N 6 6456 21 3 5185 0 0
K 0 0 43
K 0 0 54
A D 3 16
J B 56 6489 1 82 6913 432 0
J F 0 6510 98 2 1 0 0
K 0 0 203
K 0 21 201
J N 7 6510 21 5 1 0 0
K -15 0 65
K 0 0 43
K 0 0 60
K 0 21 60
A D 6 16
J F 0 6545 98 1 3457 864 0
K 0 0 205
J N 6 6545 28 2 3457 0 1 9
K 0 0 43
A D 3 16
J N 6 6574 21 2 5185 432 1 9
K 0 0 43
A D 3 16
H 9 B 1 0 108 2 2 3
J B 57 6607 1 82 6913 432 0
J F 0 6628 98 2 1 0 0
K 0 0 205
K 0 21 203
J N 7 6628 14 4 1 0 0
K 0 0 43
K 0 0 60
K 0 21 60
A D 6 16
J F 0 6663 98 2 3457 864 0
K 0 0 204
K 0 21 202
J N 7 6663 63 4 3457 0 0
K 0 0 43
K 0 0 59
K 0 -21 59
A D 6 16
J B 58 6702 1 82 6913 864 0
J N 7 6723 42 4 1 0 0
K 0 0 43
K 0 0 59
K 0 -21 59
A D 6 16
J R 7 6752 28 2 3457 864 0
K 0 0 48
A D 6 16
J B 59 6785 1 82 6913 864 0
J R 9 6806 28 2 1 10000 0
K 0 0 46
A D 12 16
J B 60 6911 1 82 6913 1728 0
J R 9 6932 28 2 1 10000 0
K 0 0 46
A D 12 16
J B 61 7037 1 82 6913 1728 0
J R 9 7058 28 2 1 10000 0
K 0 0 46
A D 12 16
J B 62 7163 1 82 6913 1728 0
J R 7 7184 28 2 1 0 0
K 0 0 48
A D 6 16
J R 6 7213 28 2 3457 864 0
K 0 0 49
A D 3 16
J N 6 7242 28 3 5185 432 0
K 0 0 43
K 0 0 54
A D 3 16
J B 63 7275 1 82 6913 432 0
J F 0 7296 98 1 1 0 0
K 0 0 206
J N 7 7296 21 5 1 0 0
K -15 0 65
K 0 0 43
K 0 0 60
K 0 21 60
A D 6 16
J R 6 7331 28 2 3457 864 0
K 0 0 49
A D 3 16
J F 0 7360 98 1 5185 432 0
K 0 0 205
J N 6 7360 21 3 5185 0 0
K 0 0 43
K 0 0 54
A D 3 16
J B 64 7393 1 82 6913 432 0
J F 0 7414 98 2 1 0 0
K 0 0 203
K 0 21 201
J N 7 7414 21 5 1 0 0
K -15 0 65
K 0 0 43
K 0 0 60
K 0 21 60
A D 6 16
J F 0 7449 98 1 3457 864 0
K 0 0 205
J N 6 7449 28 2 3457 0 1 10
K 0 0 43
A D 3 16
J N 6 7478 21 2 5185 432 1 10
K 0 0 43
A D 3 16
H 10 B 1 0 108 2 2 3
J B 65 7511 1 82 6913 432 0
J F 0 7532 98 2 1 0 0
K 0 0 205
K 0 21 203
J N 7 7532 14 4 1 0 0
K 0 0 43
K 0 0 60
K 0 21 60
A D 6 16
J F 0 7567 98 2 3457 864 0
K 0 0 204
K 0 21 202
J N 7 7567 63 4 3457 0 0
K 0 0 43
K 0 0 59
K 0 -21 59
A D 6 16
J B 66 7606 1 82 6913 864 0
J N 7 7627 42 4 1 0 0
K 0 0 43
K 0 0 59
K 0 -21 59
A D 6 16
J N 7 7668 21 5 3457 864 1 11
K -15 0 65
K 0 0 43
K 0 0 60
K 0 21 60
A D 6 16
J B 67 7701 1 82 6913 864 0
J F 0 7722 98 2 1 0 0
K 0 0 203
K 0 21 201
J N 7 7722 21 5 1 0 1 11
k -15 0 65
K 0 0 43
K 0 0 60
K 0 21 60
A D 6 16
H 11 T 21 0 0 0 0 0 1 0
J F 0 7757 98 1 3457 864 0
K 0 0 205
J N 7 7757 28 4 3457 0 0
K 0 0 43
K 0 0 60
K 0 21 60
A D 6 16
J B 68 7796 1 82 6913 864 0
J F 0 7817 98 2 1 0 0
K 0 0 205
K 0 21 204
J N 7 7817 21 5 1 0 0
K -15 0 65
K 0 0 43
K 0 0 60
K 0 21 60
A D 6 16
J F 0 7852 98 1 3457 864 0
K 0 0 202
J N 7 7852 14 4 3457 0 0
K 0 0 43
K 0 0 60
K 0 21 60
A D 6 16
J B 69 7891 1 82 6913 864 0
J N 7 7912 42 5 1 0 0
K 0 0 43
K 24 -6 44
K 0 0 59
K 0 -21 59
A D 10 16
J B 0 7969 6 2 6913 1440 0
K -13 0 82
K -6 0 84
J M 0 7969 0 0 10000 0 0
