@ SOURCE: not identified 
L 0 0 14 !39Violoncello
J D 4 500 -120 1 6913 0 0
W 0 0 44 
J D 1 75 -37 1 6913 0 0
W 0 -56 44 :  Violoncello
J C 22 5 14 36 6913 0 0
J K 2 57 0 2 6913 0 0
K 0 14 63
K 15 35 63
J D 5 103 -42 1 6913 0 0
W 0 0 37 Allegro
J T 304 112 0 2 6913 0 0
K -10 28 74
K -10 56 75
J N 7 151 -21 7 1 0 0
K 0 7 45
K 0 0 43
K 0 7 45
K 1 7 45
K 0 0 60
K 0 21 60
A D 2 8
J N 7 180 28 4 2305 576 0
K 0 0 43
K 0 0 60
K 0 21 60
A D 2 8
J R 7 209 28 2 4609 576 0
K 0 0 48
A D 2 8
J B 2 242 1 82 6913 576 0
J N 7 263 0 4 1 0 0
K 0 0 43
K 0 0 60
K 0 21 60
A D 2 8
J N 7 292 49 4 2305 576 0
K 0 0 43
K 0 0 59
K 0 -21 59
A D 2 8
J R 7 321 28 2 4609 576 0
K 0 0 48
A D 2 8
J B 3 354 1 82 6913 576 0
J N 7 375 -21 7 1 0 0
K 0 7 45
K 0 0 43
K 0 7 45
K 1 7 45
K 0 0 60
K 0 21 60
A D 2 8
J N 7 404 28 4 2305 576 0
K 0 0 43
K 0 0 60
K 0 21 60
A D 2 8
J R 7 433 28 2 4609 576 0
K 0 0 48
A D 2 8
J B 4 466 1 82 6913 576 0
J N 7 487 0 4 1 0 0
K 0 0 43
K 0 0 60
K 0 21 60
A D 2 8
J N 7 516 49 4 2305 576 0
K 0 0 43
K 0 0 59
K 0 -21 59
A D 2 8
J R 7 545 28 2 4609 576 0
K 0 0 48
A D 2 8
J B 5 578 1 82 6913 576 0
J N 7 599 -21 7 1 0 0
K 0 7 45
K 0 0 43
K 0 7 45
K 1 7 45
K 0 0 60
K 0 21 60
A D 2 8
J N 7 628 28 4 2305 576 0
K 0 0 43
K 0 0 60
K 0 21 60
A D 2 8
J R 7 657 28 2 4609 576 0
K 0 0 48
A D 2 8
J B 6 690 1 82 6913 576 0
J F 0 711 98 2 1 0 0
K 0 0 206
K 0 21 213
J N 7 711 21 5 1 0 0
K 0 0 43
K 25 0 44
K 0 0 60
K 0 21 60
A D 3 8
J N 6 749 21 3 3457 864 0
K 0 0 43
K 0 0 54
A D 1 8
J F 0 778 98 1 4609 288 0
K 0 0 204
J N 7 778 14 4 4609 0 0
K 0 0 43
K 0 0 60
K 0 21 60
A D 2 8
J B 7 811 1 82 6913 576 0
J F 0 832 98 2 1 0 0
K 0 0 206
K 0 21 204
J N 7 832 28 4 1 0 0
K 0 0 43
K 0 0 60
K 0 21 60
A D 2 8
J F 0 861 98 1 2305 576 0
K 0 21 203
J N 7 861 21 4 2305 0 0
K 0 0 43
K 0 0 60
K 0 21 60
A D 2 8
J F 0 890 98 1 4609 576 0
K 0 21 213
J N 7 890 70 7 4609 0 0
K 1 0 45
K 0 0 43
K -1 0 45
K 2 0 45
K 0 0 59
K 0 -21 59
A D 2 8
J B 8 923 1 82 6913 576 0
J N 7 944 0 4 1 0 0
K 0 0 43
K 0 0 60
K 0 21 60
A D 2 8
J N 7 973 49 4 2305 576 0
K 0 0 43
K 0 0 59
K 0 -21 59
A D 2 8
J R 7 1002 28 2 4609 576 0
K 0 0 48
A D 2 8
J B 9 1035 1 82 6913 576 0
J N 7 1056 -21 7 1 0 0
K 0 7 45
K 0 0 43
K 0 7 45
K 1 7 45
K 0 0 60
K 0 21 60
A D 2 8
J N 7 1085 28 4 2305 576 0
K 0 0 43
K 0 0 60
K 0 21 60
A D 2 8
J R 7 1114 28 2 4609 576 0
K 0 0 48
A D 2 8
J B 10 1147 1 82 6913 576 0
J N 7 1168 7 4 1 0 0
K 0 0 43
K 0 0 60
K 0 21 60
A D 2 8
J N 7 1197 56 4 2305 576 0
K 0 0 43
K 0 0 59
K 0 -21 59
A D 2 8
J R 7 1226 28 2 4609 576 0
K 0 0 48
A D 2 8
J B 11 1259 1 82 6913 576 0
J F 0 1280 98 1 1 0 0
K 0 0 213
J N 7 1280 -28 8 1 0 0
K 0 14 45
K 0 0 45
K 0 0 43
K -1 0 45
K 2 0 45
K 0 0 60
K 0 28 60
A D 2 8
J N 7 1309 21 4 2305 576 0
K 0 0 43
K 0 0 60
K 0 21 60
A D 2 8
J R 7 1338 28 2 4609 576 0
K 0 0 48
A D 2 8
J B 12 1371 1 82 6913 576 0
J N 7 1392 0 4 1 0 0
K 0 0 43
K 0 0 60
K 0 21 60
A D 2 8
J N 7 1421 49 4 2305 576 0
K 0 0 43
K 0 0 59
K 0 -21 59
A D 2 8
J R 7 1450 28 2 4609 576 0
K 0 0 48
A D 2 8
J B 13 1483 1 82 6913 576 0
J F 0 1504 98 1 1 0 0
K 0 0 213
J N 7 1504 -35 9 1 0 0
K 0 21 45
K 0 7 45
K 0 0 43
K 0 7 45
K 1 7 45
K 0 0 60
K 0 28 60
K 0 35 60
A D 2 8
J N 7 1533 14 4 2305 576 0
K 0 0 43
K 0 0 60
K 0 21 60
A D 2 8
J R 7 1562 28 2 4609 576 0
K 0 0 48
A D 2 8
J B 14 1595 1 82 6913 576 0
J N 7 1616 -7 4 1 0 0
K 0 0 43
K 0 0 60
K 0 21 60
A D 2 8
J N 7 1645 42 4 2305 576 0
K 0 0 43
K 0 0 59
K 0 -21 59
A D 2 8
J R 7 1674 28 2 4609 576 0
K 0 0 48
A D 2 8
J B 15 1707 1 82 6913 576 0
J N 7 1728 7 4 1 0 0
K 0 0 43
K 0 0 60
K 0 21 60
A D 2 8
J N 7 1757 56 4 2305 576 0
K 0 0 43
K 0 0 59
K 0 -21 59
A D 2 8
J R 7 1786 28 2 4609 576 0
K 0 0 48
A D 2 8
J B 16 1819 1 82 6913 576 0
J F 0 1840 98 1 1 0 0
K 0 0 206
J N 7 1840 0 5 1 0 0
K 0 0 43
K 24 -6 44
K 0 0 60
K 0 21 60
A D 3 8
J N 6 1877 0 3 3457 864 0
K 0 0 43
K 0 0 54
A D 1 8
J F 0 1906 98 1 4609 288 0
K 0 0 204
J N 7 1906 -7 4 4609 0 0
K 0 0 43
K 0 0 60
K 0 21 60
A D 2 8
J B 17 1939 1 82 6913 576 0
J F 0 1960 98 2 1 0 0
K 0 0 206
K 0 21 204
J N 7 1960 7 4 1 0 0
K 0 0 43
K 0 0 60
K 0 21 60
A D 2 8
J F 0 1989 98 1 2305 576 0
K 0 21 203
J N 7 1989 0 4 2305 0 0
K 0 0 43
K 0 0 60
K 0 21 60
A D 2 8
J F 0 2018 98 1 4609 576 0
K 0 21 202
J N 7 2018 49 4 4609 0 0
K 0 0 43
K 0 0 59
K 0 -21 59
A D 2 8
J B 18 2051 1 82 6913 576 0
J N 8 2072 28 4 1 0 0
K 0 0 42
K 0 0 60
K 0 21 60
A D 4 8
J R 7 2110 28 2 4609 1152 0
K 0 0 48
A D 2 8
J B 19 2143 1 82 6913 576 0
J N 7 2164 0 4 1 0 0
K 0 0 43
K 0 0 60
K 0 21 60
A D 2 8
J N 7 2193 49 4 2305 576 0
K 0 0 43
K 0 0 59
K 0 -21 59
A D 2 8
J R 7 2222 28 2 4609 576 0
K 0 0 48
A D 2 8
J B 20 2255 1 82 6913 576 0
J N 7 2276 28 4 1 0 0
K 0 0 43
K 0 0 60
K 0 21 60
A D 2 8
J N 7 2305 77 7 2305 576 0
K 1 -7 45
K 0 0 43
K 0 -7 45
K 1 -7 45
K 0 0 59
K 0 -21 59
A D 2 8
J R 7 2334 28 2 4609 576 0
K 0 0 48
A D 2 8
J B 21 2367 1 82 6913 576 0
J F 0 2388 98 1 1 0 0
K 0 0 213
J N 7 2388 14 4 1 0 0
K 0 0 43
K 0 0 60
K 0 21 60
A D 2 8
J F 0 2428 98 1 2305 576 0
K 0 0 205
J N 7 2428 0 5 2305 0 0
K -18 0 63
K 0 0 43
K 0 0 60
K 0 21 60
A D 2 8
J N 7 2457 14 4 4609 576 0
K 0 0 43
K 0 0 60
K 0 21 60
A D 2 8
J B 22 2490 1 82 6913 576 0
J N 7 2511 -7 4 1 0 0
K 0 0 43
K 0 0 60
K 0 21 60
A D 2 8
J N 8 2540 42 4 2305 576 0
K 0 0 42
K 0 0 59
K 0 -21 59
A D 4 8
J B 23 2582 1 82 6913 1152 0
J F 0 2603 98 1 1 0 0
K 0 0 213
J N 7 2603 21 4 1 0 0
K 0 0 43
K 0 0 60
K 0 21 60
A D 2 8
J F 0 2643 98 1 2305 576 0
K 0 0 205
J N 7 2643 7 5 2305 0 0
K -18 0 63
K 0 0 43
K 0 0 60
K 0 21 60
A D 2 8
J N 7 2672 21 4 4609 576 0
K 0 0 43
K 0 0 60
K 0 21 60
A D 2 8
J B 24 2705 1 82 6913 576 0
J N 7 2726 0 4 1 0 0
K 0 0 43
K 0 0 60
K 0 21 60
A D 2 8
J N 8 2755 49 4 2305 576 0
K 0 0 42
K 0 0 59
K 0 -21 59
A D 4 8
J B 25 2797 1 82 6913 1152 0
J F 0 2818 98 1 1 0 0
K 0 0 213
J N 7 2818 35 4 1 0 0
K 0 0 43
K 0 0 59
K 0 -21 59
A D 2 8
J F 0 2858 98 1 2305 576 0
K 0 0 205
J N 7 2858 21 5 2305 0 0
K -18 0 63
K 0 0 43
K 0 0 60
K 0 21 60
A D 2 8
J N 7 2887 35 4 4609 576 0
K 0 0 43
K 0 0 59
K 0 -21 59
A D 2 8
J C 12 2916 14 163 6913 576 0
J B 26 2968 1 82 6913 0 0
J N 7 2989 -7 4 1 0 0
K 0 0 43
K 0 0 60
K 0 21 60
A D 2 8
J F 0 3018 98 1 2305 576 0
K 0 0 205
J N 7 3018 42 4 2305 0 0
K 0 0 43
K 0 0 59
K 0 -21 59
A D 2 8
J R 7 3047 28 2 4609 576 0
K 0 0 48
A D 2 8
J B 27 3080 1 82 6913 576 0
J F 0 3101 98 2 1 0 0
K 0 0 206
K 0 21 213
J N 7 3101 0 4 1 0 0
K 0 0 43
K 0 0 60
K 0 21 60
A D 2 8
J F 0 3130 98 1 2305 576 0
K 0 0 205
J N 7 3130 49 4 2305 0 0
K 0 0 43
K 0 0 59
K 0 -21 59
A D 2 8
J R 7 3159 28 2 4609 576 0
K 0 0 48
A D 2 8
J B 28 3192 1 82 6913 576 0
J F 0 3213 98 1 1 0 0
K 0 0 206
J N 7 3213 7 4 1 0 0
K 0 0 43
K 0 0 60
K 0 21 60
A D 2 8
J F 0 3242 98 1 2305 576 0
K 0 0 205
J N 7 3242 56 4 2305 0 0
K 0 0 43
K 0 0 59
K 0 -21 59
A D 2 8
J R 7 3271 28 2 4609 576 0
K 0 0 48
A D 2 8
J B 29 3304 1 82 6913 576 0
J F 0 3325 98 2 1 0 0
K 0 0 206
K 0 21 213
J N 7 3325 14 5 1 0 0
K 0 0 43
K 24 -6 44
K 0 0 60
K 0 21 60
A D 3 8
J F 0 3360 98 2 3457 864 0
K 0 0 205
K 0 21 204
J N 6 3360 49 4 3457 0 0
K -18 0 63
K 0 0 43
K 0 0 53
A D 1 8
J N 7 3397 42 4 4609 288 0
K 0 0 43
K 0 0 59
K 0 -21 59
A D 2 8
J C 22 3426 14 164 6913 576 0
J B 30 3478 1 82 6913 0 0
J F 0 3499 98 2 1 0 0
K 0 0 216
K 0 21 204
J N 7 3499 42 4 1 0 0
K 0 0 43
K 0 0 59
K 0 -21 59
A D 2 8
J F 0 3528 98 1 2305 576 0
K 0 21 203
J N 7 3528 35 4 2305 0 0
K 0 0 43
K 0 0 59
K 0 -21 59
A D 2 8
J F 0 3557 98 1 4609 576 0
K 0 21 213
J N 7 3557 84 8 4609 0 0
K 1 -14 45
K 1 0 45
K 0 0 43
K -1 0 45
K 2 0 45
K 0 0 59
K 0 -28 59
A D 2 8
J B 31 3590 1 82 6913 576 0
J F 0 3611 98 1 1 0 0
K 0 0 218
J N 7 3611 14 4 1 0 0
K 0 0 43
K 0 0 60
K 0 21 60
A D 2 8
J N 7 3640 63 4 2305 576 0
K 0 0 43
K 0 0 59
K 0 -21 59
A D 2 8
J R 7 3669 28 2 4609 576 0
K 0 0 48
A D 2 8
J B 32 3702 1 82 6913 576 0
J F 0 3723 98 1 1 0 0
K 0 0 213
J N 7 3723 -7 4 1 0 0
K 0 0 43
K 0 0 60
K 0 21 60
A D 2 8
J F 0 3756 98 1 2305 576 0
K 0 0 205
J N 7 3756 28 5 2305 0 0
K -18 0 63
K 0 0 43
K 0 0 60
K 0 21 60
A D 2 8
J N 7 3785 42 4 4609 576 0
K 0 0 43
K 0 0 59
K 0 -21 59
A D 2 8
J B 33 3818 1 82 6913 576 0
J N 7 3839 21 4 1 0 0
K 0 0 43
K 0 0 60
K 0 21 60
A D 2 8
J N 7 3868 70 7 2305 576 0
K 1 0 45
K 0 0 43
K -1 0 45
K 2 0 45
K 0 0 59
K 0 -21 59
A D 2 8
J R 7 3897 28 2 4609 576 0
K 0 0 48
A D 2 8
J B 34 3930 1 82 6913 576 0
J N 7 3951 0 4 1 0 0
K 0 0 43
K 0 0 60
K 0 21 60
A D 2 8
J F 0 3980 98 1 2305 576 0
K 0 0 205
J N 7 3980 35 4 2305 0 0
K 0 0 43
K 0 0 59
K 0 -21 59
A D 2 8
J N 7 4009 49 4 4609 576 0
K 0 0 43
K 0 0 59
K 0 -21 59
A D 2 8
J B 35 4042 1 82 6913 576 0
J N 7 4063 28 4 1 0 0
K 0 0 43
K 0 0 60
K 0 21 60
A D 2 8
J N 7 4092 77 7 2305 576 0
K 1 -7 45
K 0 0 43
K 0 -7 45
K 1 -7 45
K 0 0 59
K 0 -21 59
A D 2 8
J R 7 4121 28 2 4609 576 0
K 0 0 48
A D 2 8
J B 36 4154 1 82 6913 576 0
J F 0 4175 98 1 1 0 0
K 0 0 204
J N 7 4175 7 4 1 0 0
K 0 0 43
K 0 0 60
K 0 21 60
A D 2 8
J F 0 4204 98 1 2305 576 0
K 0 0 205
J N 7 4204 56 4 2305 0 0
K 0 0 43
K 0 0 59
K 0 -21 59
A D 2 8
J R 7 4233 28 2 4609 576 0
K 0 0 48
A D 2 8
J B 37 4266 1 82 6913 576 0
J F 0 4287 98 1 1 0 0
K 0 0 204
J N 7 4287 0 4 1 0 0
K 0 0 43
K 0 0 60
K 0 21 60
A D 2 8
J F 0 4316 98 1 2305 576 0
K 0 0 205
J N 7 4316 49 4 2305 0 0
K 0 0 43
K 0 0 59
K 0 -21 59
A D 2 8
J R 7 4345 28 2 4609 576 0
K 0 0 48
A D 2 8
J B 38 4378 1 82 6913 576 0
J F 0 4399 98 1 1 0 0
K 0 0 204
J N 7 4399 -7 4 1 0 0
K 0 0 43
K 0 0 60
K 0 21 60
A D 2 8
J F 0 4428 98 1 2305 576 0
K 0 0 205
J N 7 4428 42 4 2305 0 0
K 0 0 43
K 0 0 59
K 0 -21 59
A D 2 8
J R 7 4457 28 2 4609 576 0
K 0 0 48
A D 2 8
J B 39 4490 1 82 6913 576 0
J F 0 4511 98 1 1 0 0
K 0 0 204
J N 7 4511 -14 7 1 0 0
K 0 0 45
K 0 0 43
K -1 0 45
K 2 0 45
K 0 0 60
K 0 21 60
A D 2 8
J F 0 4540 98 1 2305 576 0
K 0 0 205
J N 7 4540 35 4 2305 0 0
K 0 0 43
K 0 0 59
K 0 -21 59
A D 2 8
J R 7 4569 28 2 4609 576 0
K 0 0 48
A D 2 8
J B 40 4602 1 82 6913 576 0
J F 0 4623 98 1 1 0 0
K 0 0 204
J N 7 4623 -21 7 1 0 0
K 0 7 45
K 0 0 43
K 0 7 45
K 1 7 45
K 0 0 60
K 0 21 60
A D 2 8
J N 7 4652 28 4 2305 576 0
K 0 0 43
K 0 0 60
K 0 21 60
A D 2 8
J F 0 4681 98 1 4609 576 0
K 0 0 205
J R 7 4681 28 2 4609 0 0
K 0 0 48
A D 2 8
J B 41 4714 1 82 6913 576 0
J F 0 4735 98 1 1 0 0
K 0 0 206
J N 7 4735 -14 7 1 0 0
K 0 0 45
K 0 0 43
K -1 0 45
K 2 0 45
K 0 0 60
K 0 21 60
A D 2 8
J F 0 4764 98 1 2305 576 0
K 0 0 205
J N 7 4764 35 4 2305 0 0
K 0 0 43
K 0 0 59
K 0 -21 59
A D 2 8
J R 7 4793 28 2 4609 576 0
K 0 0 48
A D 2 8
J B 42 4826 1 82 6913 576 0
J F 0 4847 98 1 1 0 0
K 0 0 206
J N 7 4847 -7 4 1 0 0
K 0 0 43
K 0 0 60
K 0 21 60
A D 2 8
J F 0 4876 98 1 2305 576 0
K 0 0 205
J N 7 4876 42 4 2305 0 0
K 0 0 43
K 0 0 59
K 0 -21 59
A D 2 8
J R 7 4905 28 2 4609 576 0
K 0 0 48
A D 2 8
J B 43 4938 1 82 6913 576 0
J F 0 4959 98 1 1 0 0
K 0 0 206
J N 7 4959 0 4 1 0 0
K 0 0 43
K 0 0 60
K 0 21 60
A D 2 8
J F 0 4988 98 1 2305 576 0
K 0 0 205
J N 7 4988 49 4 2305 0 0
K 0 0 43
K 0 0 59
K 0 -21 59
A D 2 8
J R 7 5017 28 2 4609 576 0
K 0 0 48
A D 2 8
J B 44 5050 1 82 6913 576 0
J F 0 5071 98 1 1 0 0
K 0 0 206
J N 7 5071 7 4 1 0 0
K 0 0 43
K 0 0 60
K 0 21 60
A D 2 8
J F 0 5100 98 1 2305 576 0
K 0 0 205
J N 7 5100 56 4 2305 0 0
K 0 0 43
K 0 0 59
K 0 -21 59
A D 2 8
J R 7 5129 28 2 4609 576 0
K 0 0 48
A D 2 8
J B 45 5162 1 82 6913 576 0
J F 0 5183 98 2 1 0 0
K 0 0 203
K 0 21 201
J N 8 5183 7 4 1 0 0
K 0 0 42
K 0 0 60
K 0 21 60
A D 4 8
J F 0 5221 98 1 4609 1152 0
K 0 0 205
J N 7 5221 14 4 4609 0 0
K 0 0 43
K 0 0 60
K 0 21 60
A D 2 8
J B 46 5254 1 82 6913 576 0
J F 0 5275 98 2 1 0 0
K 0 0 205
K 0 21 204
J N 7 5275 7 4 1 0 0
K 0 0 43
K 0 0 60
K 0 21 60
A D 2 8
J F 0 5304 98 1 2305 576 0
K 0 21 203
J N 7 5304 0 4 2305 0 0
K 0 0 43
K 0 0 60
K 0 21 60
A D 2 8
J F 0 5333 98 1 4609 576 0
K 0 21 202
J N 7 5333 49 4 4609 0 0
K 0 0 43
K 0 0 59
K 0 -21 59
A D 2 8
J B 47 5366 1 82 6913 576 0
J N 8 5387 28 4 1 0 0
K 0 0 42
K 0 0 60
K 0 21 60
A D 4 8
J N 7 5425 56 4 4609 1152 0
K 0 0 43
K 0 0 59
K 0 -21 59
A D 2 8
J B 48 5458 1 82 6913 576 0
J F 0 5479 98 2 1 0 0
K 0 0 203
K 0 21 201
J N 8 5479 56 4 1 0 0
K 0 0 42
K 0 0 59
K 0 -21 59
A D 4 8
J F 0 5517 98 1 4609 1152 0
K 0 0 205
J N 7 5517 63 4 4609 0 0
K 0 0 43
K 0 0 59
K 0 -21 59
A D 2 8
J B 49 5550 1 82 6913 576 0
J F 0 5571 98 2 1 0 0
K 0 0 206
K 0 21 204
J N 7 5571 56 4 1 0 0
K 0 0 43
K 0 0 59
K 0 -21 59
A D 2 8
J F 0 5600 98 1 2305 576 0
K 0 21 203
J N 8 5600 49 4 2305 0 0
K 0 0 42
K 0 0 59
K 0 -21 59
A D 4 8
J F 0 5629 98 1 4609 576 0
K 0 21 202
J B 50 5662 1 82 6913 576 0
J N 8 5683 77 8 1 0 0
K 1 -7 45
K 0 0 42
K 0 -7 45
K 1 -7 45
K 25 0 44
K 0 0 59
K 0 -21 59
A D 6 8
J B 0 5746 6 2 6913 1728 0
K -13 0 82
K -6 0 84
J M 0 5746 0 0 10000 0 0
