@ SOURCE: not identified 
L 0 0 14 !39Violino 1 concerto grosso
J D 4 500 -120 1 6913 0 0
W 0 0 44 IV
J D 1 75 -37 1 6913 0 0
W 0 -56 44 IV:  Violino 1 concerto grosso
J C 4 5 42 2 6913 0 0
K 0 0 33
K 0 0 34
J K -1 57 0 1 6913 0 0
K 0 28 65
J D 5 86 -42 1 6913 0 0
W 0 0 37 Largo
J T 304 95 0 2 6913 0 0
K -10 28 74
K -10 56 75
J R 7 137 28 2 1 0 0
K 0 0 48
A D 2 8
J R 7 166 28 2 2305 576 0
K 0 0 48
A D 2 8
J N 7 195 28 4 4609 576 0
K 0 0 43
K 0 0 60
K 0 21 60
A D 2 8
J B 2 228 1 82 6913 576 0
J N 8 249 35 4 1 0 0
K 0 0 42
K 0 0 59
K 0 -21 59
A D 4 8
J R 7 287 28 2 4609 1152 0
K 0 0 48
A D 2 8
J B 3 320 1 82 6913 576 0
J R 7 341 28 2 1 0 0
K 0 0 48
A D 2 8
J R 7 370 28 2 2305 576 0
K 0 0 48
A D 2 8
J N 7 399 -7 4 4609 576 0
K 0 0 43
K 0 0 60
K 0 21 60
A D 2 8
J B 4 432 1 82 6913 576 0
J N 8 459 0 5 1 0 0
K -18 0 63
K 0 0 42
K 0 0 60
K 0 21 60
A D 4 8
J R 7 497 28 2 4609 1152 0
K 0 0 48
A D 2 8
J B 5 530 1 82 6913 576 0
J R 9 551 28 2 1 10000 0
K 0 0 46
A D 6 8
J B 6 656 1 82 6913 1728 0
J N 7 681 7 5 1 0 0
K -15 0 65
K 0 0 43
K 0 0 60
K 0 21 60
A D 2 8
J N 7 710 14 4 2305 576 0
K 0 0 43
K 0 0 60
K 0 21 60
A D 2 8
J R 7 739 28 2 4609 576 0
K 0 0 48
A D 2 8
J B 7 772 1 82 6913 576 0
J R 9 793 28 2 1 10000 0
K 0 0 46
A D 6 8
J B 8 898 1 82 6913 1728 0
J N 7 919 -7 4 1 0 0
K 0 0 43
K 0 0 60
K 0 21 60
A D 2 8
J N 7 948 -14 7 2305 576 0
K 0 0 45
K 0 0 43
K -1 0 45
K 2 0 45
K 0 0 60
K 0 21 60
A D 2 8
J R 7 977 28 2 4609 576 0
K 0 0 48
A D 2 8
J B 9 1010 1 82 6913 576 0
J R 9 1031 28 2 1 10000 0
K 0 0 46
A D 6 8
J B 10 1136 1 82 6913 1728 0
J N 7 1157 0 4 1 0 0
K 0 0 43
K 0 0 60
K 0 21 60
A D 2 8
J N 7 1186 0 4 2305 576 0
K 0 0 43
K 0 0 60
K 0 21 60
A D 2 8
J R 7 1215 28 2 4609 576 0
K 0 0 48
A D 2 8
J B 11 1248 1 82 6913 576 0
J R 9 1269 28 2 1 10000 0
K 0 0 46
A D 6 8
J B 12 1374 1 82 6913 1728 0
J N 7 1395 14 4 1 0 0
K 0 0 43
K 0 0 60
K 0 21 60
A D 2 8
J N 7 1424 21 4 2305 576 0
K 0 0 43
K 0 0 60
K 0 21 60
A D 2 8
J R 7 1453 28 2 4609 576 0
K 0 0 48
A D 2 8
J B 13 1486 1 82 6913 576 0
J R 9 1507 28 2 1 10000 0
K 0 0 46
A D 6 8
J B 14 1612 1 82 6913 1728 0
J N 8 1639 49 5 1 0 0
K -18 0 63
K 0 0 42
K 0 0 59
K 0 -21 59
A D 4 8
J N 7 1677 14 4 4609 1152 0
K 0 0 43
K 0 0 60
K 0 21 60
A D 2 8
J B 15 1710 1 82 6913 576 0
J N 6 1731 21 2 1 0 2 1 2
K 0 0 43
A D 1 8
J N 6 1760 28 2 1153 288 2 2 1
K 0 0 43
A D 1 8
H 2 B 1 0 108 2 2 3
H 1 S 0 0 0 0 0 0 0 0 0
J N 8 1789 35 4 2305 288 0
K 0 0 42
K 0 0 59
K 0 -21 59
A D 4 8
J B 16 1831 1 82 6913 1152 0
J N 8 1852 42 4 1 0 0
K 0 0 42
K 0 0 59
K 0 -21 59
A D 4 8
J N 7 1890 14 4 4609 1152 1 3
K 0 0 43
K 0 0 60
K 0 21 60
A D 2 8
J B 17 1923 1 82 6913 576 0
J N 7 1944 14 4 1 0 1 3
K 0 0 43
K 0 0 60
K 0 21 60
A D 2 8
H 3 T 14 0 0 0 0 0 5 0
J N 8 1973 21 4 2305 576 0
K 0 0 42
K 0 0 60
K 0 21 60
A D 4 8
J B 18 2015 1 82 6913 1152 0
J N 8 2036 14 5 1 0 0
K 0 0 42
K 24 -6 44
K 0 0 60
K 0 21 60
A D 6 8
J B 0 2094 5 2 6913 1728 0
K -8 0 82
K 0 0 82
J M 0 2094 0 0 10000 0 0
