@ SOURCE: not identified 
L 0 0 14 !39Violino 2 concerto grosso
J D 4 500 -120 1 6913 0 0
W 0 0 44 IV
J D 1 75 -37 1 6913 0 0
W 0 -56 44 IV:  Violino 2 concerto grosso
J C 4 5 42 2 6913 0 0
K 0 0 33
K 0 0 34
J K -1 57 0 1 6913 0 0
K 0 28 65
J D 5 86 -42 1 6913 0 0
W 0 0 37 Largo
J T 304 95 0 2 6913 0 0
K -10 28 74
K -10 56 75
J R 7 137 28 2 1 0 0
K 0 0 48
A D 2 8
J R 7 166 28 2 2305 576 0
K 0 0 48
A D 2 8
J N 7 195 63 4 4609 576 0
K 0 0 43
K 0 0 59
K 0 -21 59
A D 2 8
J B 2 228 1 82 6913 576 0
J N 8 249 63 4 1 0 0
K 0 0 42
K 0 0 59
K 0 -21 59
A D 4 8
J R 7 287 28 2 4609 1152 0
K 0 0 48
A D 2 8
J B 3 320 1 82 6913 576 0
J R 7 341 28 2 1 0 0
K 0 0 48
A D 2 8
J R 7 370 28 2 2305 576 0
K 0 0 48
A D 2 8
J N 7 407 7 5 4609 576 0
K -15 0 65
K 0 0 43
K 0 0 60
K 0 21 60
A D 2 8
J B 4 440 1 82 6913 576 0
J N 8 461 14 4 1 0 0
K 0 0 42
K 0 0 60
K 0 21 60
A D 4 8
J R 7 499 28 2 4609 1152 0
K 0 0 48
A D 2 8
J B 5 532 1 82 6913 576 0
J R 9 553 28 2 1 10000 0
K 0 0 46
A D 6 8
J B 6 658 1 82 6913 1728 0
J N 7 679 28 4 1 0 0
K 0 0 43
K 0 0 60
K 0 21 60
A D 2 8
J N 7 708 35 4 2305 576 0
K 0 0 43
K 0 0 59
K 0 -21 59
A D 2 8
J R 7 737 28 2 4609 576 0
K 0 0 48
A D 2 8
J B 7 770 1 82 6913 576 0
J R 9 791 28 2 1 10000 0
K 0 0 46
A D 6 8
J B 8 896 1 82 6913 1728 0
J N 7 921 7 5 1 0 0
K -15 0 65
K 0 0 43
K 0 0 60
K 0 21 60
A D 2 8
J N 7 950 14 4 2305 576 0
K 0 0 43
K 0 0 60
K 0 21 60
A D 2 8
J R 7 979 28 2 4609 576 0
K 0 0 48
A D 2 8
J B 9 1012 1 82 6913 576 0
J R 9 1033 28 2 1 10000 0
K 0 0 46
A D 6 8
J B 10 1138 1 82 6913 1728 0
J N 7 1159 35 4 1 0 0
K 0 0 43
K 0 0 59
K 0 -21 59
A D 2 8
J N 7 1188 14 4 2305 576 0
K 0 0 43
K 0 0 60
K 0 21 60
A D 2 8
J R 7 1217 28 2 4609 576 0
K 0 0 48
A D 2 8
J B 11 1250 1 82 6913 576 0
J R 9 1271 28 2 1 10000 0
K 0 0 46
A D 6 8
J B 12 1376 1 82 6913 1728 0
J N 7 1397 49 4 1 0 0
K 0 0 43
K 0 0 59
K 0 -21 59
A D 2 8
J N 7 1426 35 4 2305 576 0
K 0 0 43
K 0 0 59
K 0 -21 59
A D 2 8
J R 7 1455 28 2 4609 576 0
K 0 0 48
A D 2 8
J B 13 1488 1 82 6913 576 0
J R 9 1509 28 2 1 10000 0
K 0 0 46
A D 6 8
J B 14 1614 1 82 6913 1728 0
J N 8 1635 63 4 1 0 0
K 0 0 42
K 0 0 59
K 0 -21 59
A D 4 8
J N 7 1673 42 4 4609 1152 0
K 0 0 43
K 0 0 59
K 0 -21 59
A D 2 8
J B 15 1706 1 82 6913 576 0
J N 7 1727 42 4 1 0 0
K 0 0 43
K 0 0 59
K 0 -21 59
A D 2 8
J N 7 1756 42 5 2305 576 0
K 0 0 43
K 24 -6 44
K 0 0 59
K 0 -21 59
A D 3 8
J N 6 1811 49 4 5761 864 0
K -18 0 63
K 0 0 43
K 0 0 53
A D 1 8
J B 16 1855 1 82 6913 288 0
J N 8 1876 42 4 1 0 0
K 0 0 42
K 0 0 59
K 0 -21 59
A D 4 8
J N 7 1914 35 4 4609 1152 1 1
K 0 0 43
K 0 0 59
K 0 -21 59
A D 2 8
J B 17 1947 1 82 6913 576 0
J N 7 1968 35 4 1 0 1 1
K 0 0 43
K 0 0 59
K 0 -21 59
A D 2 8
H 1 T 35 0 0 0 0 0 9 0
J N 8 1997 42 4 2305 576 0
K 0 0 42
K 0 0 59
K 0 -21 59
A D 4 8
J B 18 2039 1 82 6913 1152 0
J N 8 2066 49 6 1 0 0
K -18 0 63
K 0 0 42
K 25 0 44
K 0 0 59
K 0 -21 59
A D 6 8
J B 0 2124 5 2 6913 1728 0
K -8 0 82
K 0 0 82
J M 0 2124 0 0 10000 0 0
