@ SOURCE: not identified 
L 0 0 14 !39Viola
J D 4 500 -120 1 6913 0 0
W 0 0 44 IV
J D 1 75 -37 1 6913 0 0
W 0 -56 44 IV:  Viola
J C 13 5 28 35 6913 0 0
J K -1 57 0 1 6913 0 0
K 0 35 65
J D 5 86 -42 1 6913 0 0
W 0 0 37 Largo
J T 304 95 0 2 6913 0 0
K -10 28 74
K -10 56 75
J R 7 137 28 2 1 0 0
K 0 0 48
A D 2 8
J R 7 166 28 2 2305 576 0
K 0 0 48
A D 2 8
J N 7 195 0 4 4609 576 0
K 0 0 43
K 0 0 60
K 0 21 60
A D 2 8
J B 2 228 1 82 6913 576 0
J N 8 249 21 4 1 0 0
K 0 0 42
K 0 0 60
K 0 21 60
A D 4 8
J R 7 287 28 2 4609 1152 0
K 0 0 48
A D 2 8
J B 3 320 1 82 6913 576 0
J R 7 341 28 2 1 0 0
K 0 0 48
A D 2 8
J R 7 370 28 2 2305 576 0
K 0 0 48
A D 2 8
J N 7 399 -21 7 4609 576 0
K 0 7 45
K 0 0 43
K 0 7 45
K 1 7 45
K 0 0 60
K 0 21 60
A D 2 8
J B 4 432 1 82 6913 576 0
J N 8 453 -7 4 1 0 0
K 0 0 42
K 0 0 60
K 0 21 60
A D 4 8
J R 7 491 28 2 4609 1152 0
K 0 0 48
A D 2 8
J B 5 524 1 82 6913 576 0
J R 9 545 28 2 1 10000 0
K 0 0 46
A D 6 8
J B 6 650 1 82 6913 1728 0
J N 7 671 0 4 1 0 0
K 0 0 43
K 0 0 60
K 0 21 60
A D 2 8
J N 7 700 21 4 2305 576 0
K 0 0 43
K 0 0 60
K 0 21 60
A D 2 8
J R 7 729 28 2 4609 576 0
K 0 0 48
A D 2 8
J B 7 762 1 82 6913 576 0
J R 9 783 28 2 1 10000 0
K 0 0 46
A D 6 8
J B 8 888 1 82 6913 1728 0
J N 7 909 -21 7 1 0 0
K 0 7 45
K 0 0 43
K 0 7 45
K 1 7 45
K 0 0 60
K 0 21 60
A D 2 8
J N 7 938 -21 7 2305 576 0
K 0 7 45
K 0 0 43
K 0 7 45
K 1 7 45
K 0 0 60
K 0 21 60
A D 2 8
J R 7 967 28 2 4609 576 0
K 0 0 48
A D 2 8
J B 9 1000 1 82 6913 576 0
J R 9 1021 28 2 1 10000 0
K 0 0 46
A D 6 8
J B 10 1126 1 82 6913 1728 0
J N 7 1147 -7 4 1 0 0
K 0 0 43
K 0 0 60
K 0 21 60
A D 2 8
J N 7 1176 0 4 2305 576 0
K 0 0 43
K 0 0 60
K 0 21 60
A D 2 8
J R 7 1205 28 2 4609 576 0
K 0 0 48
A D 2 8
J B 11 1238 1 82 6913 576 0
J R 9 1259 28 2 1 10000 0
K 0 0 46
A D 6 8
J B 12 1364 1 82 6913 1728 0
J N 7 1385 21 4 1 0 0
K 0 0 43
K 0 0 60
K 0 21 60
A D 2 8
J N 7 1414 21 4 2305 576 0
K 0 0 43
K 0 0 60
K 0 21 60
A D 2 8
J R 7 1443 28 2 4609 576 0
K 0 0 48
A D 2 8
J B 13 1476 1 82 6913 576 0
J R 9 1497 28 2 1 10000 0
K 0 0 46
A D 6 8
J B 14 1602 1 82 6913 1728 0
J N 8 1623 -7 4 1 0 0
K 0 0 42
K 0 0 60
K 0 21 60
A D 4 8
J N 7 1661 21 4 4609 1152 0
K 0 0 43
K 0 0 60
K 0 21 60
A D 2 8
J B 15 1694 1 82 6913 576 0
J N 6 1719 14 3 1 0 2 1 2
K -15 0 65
K 0 0 43
A D 1 8
J N 6 1748 0 2 1153 288 2 2 1
K 0 0 43
A D 1 8
H 2 B 1 0 108 2 2 3
H 1 S 0 0 0 0 0 0 0 0 0
J N 7 1777 21 5 2305 288 0
K 0 0 43
K 25 0 44
K 0 0 60
K 0 21 60
A D 3 8
J N 6 1815 21 3 5761 864 0
K 0 0 43
K 0 0 54
A D 1 8
J B 16 1848 1 82 6913 288 0
J N 8 1869 21 4 1 0 0
K 0 0 42
K 0 0 60
K 0 21 60
A D 4 8
J N 7 1907 21 4 4609 1152 1 3
K 0 0 43
K 0 0 60
K 0 21 60
A D 2 8
J B 17 1940 1 82 6913 576 0
J N 7 1961 21 4 1 0 1 3
K 0 0 43
K 0 0 60
K 0 21 60
A D 2 8
H 3 T 21 0 0 0 0 0 1 0
J N 8 1990 49 4 2305 576 0
K 0 0 42
K 0 0 59
K 0 -21 59
A D 4 8
J B 18 2032 1 82 6913 1152 0
J N 8 2053 42 5 1 0 0
K 0 0 42
K 24 -6 44
K 0 0 59
K 0 -21 59
A D 6 8
J B 0 2111 5 2 6913 1728 0
K -8 0 82
K 0 0 82
J M 0 2111 0 0 10000 0 0
