@ SOURCE: not identified 
L 0 0 14 !39Violino 1 concertino
J D 4 500 -120 1 6913 0 0
W 0 0 44 VI. Minuetto
J D 1 75 -37 1 6913 0 0
W 0 -56 44 VI. Minuetto:  Violino 1 concertino
J C 4 5 42 2 6913 0 0
K 0 0 33
K 0 0 34
J K -1 57 0 1 6913 0 0
K 0 28 65
J D 5 86 -42 1 6913 0 0
W 0 0 37 Vivace
J T 308 95 0 2 6913 0 0
K -10 28 74
K -10 56 79
J N 6 134 0 2 1 0 1 1
K 0 0 43
A D 4 32
J N 5 172 7 2 2305 288 2 2 1
K 0 0 43
A D 2 32
J N 5 201 14 2 3457 144 1 1
K 0 0 43
A D 2 32
J N 5 230 21 2 4609 144 1 1
K 0 0 43
A D 2 32
J N 5 259 28 2 5761 144 2 1 2
K 0 0 43
A D 2 32
H 1 B 1 0 108 5 2 21 11 11 33
H 2 S 0 0 0 0 0 0 0 0 0
J B 2 292 1 82 6913 144 0
J N 6 313 35 2 1 0 1 3
K 0 0 43
A D 4 32
J N 6 351 49 2 2305 288 1 3
K 0 0 43
A D 4 32
J N 6 389 21 2 4609 288 1 3
K 0 0 43
A D 4 32
H 3 B 0 0 108 3 2 1 3
J B 3 431 1 82 6913 288 0
J N 6 452 0 2 1 0 1 4
K 0 0 43
A D 4 32
J N 6 490 -7 4 2305 288 2 5 4
K 0 0 43
K 25 0 44
K 0 -22 236
A D 6 32
J N 4 536 0 2 5761 432 1 4
K 0 0 43
A D 1 32
J N 4 565 -7 2 6337 72 2 4 5
K 0 0 43
A D 1 32
H 4 B 1 0 108 4 2 1 221 333
H 5 S 0 0 0 0 0 0 0 0 0
J B 4 598 1 82 6913 72 0
J N 6 619 -14 5 1 0 1 6
K 0 0 45
K 0 0 43
K -1 0 45
K 2 0 45
A D 4 32
J N 6 657 21 2 2305 288 1 6
K 0 0 43
A D 4 32
J N 6 695 49 2 4609 288 1 6
K 0 0 43
A D 4 32
H 6 B 1 0 108 3 2 1 3
J B 5 737 1 82 6913 288 0
J N 7 758 -14 7 1 0 0
K 0 0 45
K 0 0 43
K -1 0 45
K 2 0 45
K 0 0 60
K 0 21 60
A D 8 32
J R 6 811 28 2 4609 576 0
K 0 0 49
A D 4 32
J B 6 853 1 82 6913 288 0
J N 7 874 -7 4 1 0 0
K 0 0 43
K 0 0 60
K 0 21 60
A D 8 32
J R 6 927 28 2 4609 576 0
K 0 0 49
A D 4 32
J B 7 969 1 82 6913 288 0
J N 5 990 -14 5 1 0 2 7 8
K 0 0 45
K 0 0 43
K -1 0 45
K 2 0 45
A D 2 32
J N 5 1019 -7 2 1153 144 2 8 7
K 0 0 43
A D 2 32
H 8 B 1 0 108 2 22 33
H 7 S 0 0 0 0 0 0 0 0 0
J N 7 1048 0 4 2305 144 0
K 0 0 43
K 0 0 60
K 0 21 60
A D 8 32
J B 8 1105 1 82 6913 576 0
J N 7 1126 7 5 1 0 0
K 0 0 43
K 25 0 44
K 0 0 60
K 0 21 60
A D 12 32
J B 9 1220 10000010 6 6913 864 0
K -22 21 44
K -22 35 44
K -12 0 84
K 0 0 84
K 11 21 44
K 11 35 44
J N 6 1257 -28 6 1 0 1 9
K 0 14 45
K 0 0 45
K 0 0 43
K -1 0 45
K 2 0 45
A D 4 32
J N 5 1295 -21 5 2305 288 2 10 9
K 0 7 45
K 0 0 43
K 0 7 45
K 1 7 45
A D 2 32
J N 5 1324 -14 5 3457 144 1 9
K 0 0 45
K 0 0 43
K -1 0 45
K 2 0 45
A D 2 32
J N 5 1353 -7 2 4609 144 1 9
K 0 0 43
A D 2 32
J N 5 1382 0 2 5761 144 2 9 10
K 0 0 43
A D 2 32
H 9 B 1 0 108 5 2 21 11 11 33
H 10 S 0 0 0 0 0 0 0 0 0
J B 10 1415 1 82 6913 144 0
J N 6 1436 7 3 1 0 0
K 0 0 43
K 0 0 54
A D 4 32
J N 7 1474 0 4 2305 288 0
K 0 0 43
K 0 0 60
K 0 21 60
A D 8 32
J B 11 1531 1 82 6913 576 0
J N 6 1552 -7 3 1 0 0
K 0 0 43
K 0 0 54
A D 4 32
J N 7 1590 -14 7 2305 288 0
K 0 0 45
K 0 0 43
K -1 0 45
K 2 0 45
K 0 0 60
K 0 21 60
A D 8 32
J B 12 1647 1 82 6913 576 0
J N 6 1668 -7 3 1 0 0
K 0 0 43
K 0 0 54
A D 4 32
J N 7 1706 21 4 2305 288 0
K 0 0 43
K 0 0 60
K 0 21 60
A D 8 32
J B 13 1763 1 82 6913 576 0
J N 7 1784 -28 8 1 0 0
K 0 14 45
K 0 0 45
K 0 0 43
K -1 0 45
K 2 0 45
K 0 0 60
K 0 28 60
A D 8 32
J R 6 1837 28 2 4609 576 0
K 0 0 49
A D 4 32
J B 14 1879 1 82 6913 288 0
J N 7 1900 -21 7 1 0 0
K 0 7 45
K 0 0 43
K 0 7 45
K 1 7 45
K 0 0 60
K 0 21 60
A D 8 32
J R 6 1953 28 2 4609 576 0
K 0 0 49
A D 4 32
J B 15 1995 1 82 6913 288 0
J N 5 2016 -14 5 1 0 2 11 12
K 0 0 45
K 0 0 43
K -1 0 45
K 2 0 45
A D 2 32
J N 5 2045 -7 2 1153 144 2 12 11
K 0 0 43
A D 2 32
H 12 B 1 0 108 2 22 33
H 11 S 0 0 0 0 0 0 0 0 0
J N 7 2074 -7 4 2305 144 0
K 0 0 43
K 0 0 60
K 0 21 60
A D 8 32
J B 16 2131 1 82 6913 576 0
J N 7 2152 0 5 1 0 0
K 0 0 43
K 24 -6 44
K 0 0 60
K 0 21 60
A D 12 32
J B 17 2247 6 4 6913 864 0
K -23 21 44
K -23 35 44
K -13 0 82
K -6 0 84
J N 7 2268 -28 9 1 0 0
K 0 14 45
K 0 0 45
K 0 0 43
K -1 0 45
K 2 0 45
K 0 106 108
K 0 0 60
K 0 28 60
A D 8 32
J R 6 2321 28 2 4609 576 0
K 0 0 49
A D 4 32
J B 18 2363 1 82 6913 288 0
J N 7 2384 -21 7 1 0 0
K 0 7 45
K 0 0 43
K 0 7 45
K 1 7 45
K 0 0 60
K 0 21 60
A D 8 32
J R 6 2437 28 2 4609 576 0
K 0 0 49
A D 4 32
J B 19 2479 1 82 6913 288 0
J N 5 2500 -14 5 1 0 2 13 14
K 0 0 45
K 0 0 43
K -1 0 45
K 2 0 45
A D 2 32
J N 5 2529 -7 2 1153 144 2 14 13
K 0 0 43
A D 2 32
H 14 B 1 0 108 2 22 33
H 13 S 0 0 0 0 0 0 0 0 0
J N 7 2558 -7 4 2305 144 0
K 0 0 43
K 0 0 60
K 0 21 60
A D 8 32
J B 20 2615 1 82 6913 576 0
J N 7 2636 0 5 1 0 0
K 0 0 43
K 24 -6 44
K 0 0 60
K 0 21 60
A D 12 32
J B 21 2716 10000005 2 6913 864 0
K -8 0 82
K 0 0 82
J N 5 2737 7 2 1 0 1 15
K 0 0 43
A D 2 32
J N 5 2766 35 2 1153 144 1 15
K 0 0 43
A D 2 32
J N 5 2810 21 3 2305 144 1 15
K -18 0 63
K 0 0 43
A D 2 32
J N 5 2839 7 2 3457 144 1 15
K 0 0 43
A D 2 32
J N 5 2868 -14 5 4609 144 1 15
K 0 0 45
K 0 0 43
K -1 0 45
K 2 0 45
A D 2 32
J N 5 2897 7 2 5761 144 1 15
K 0 0 43
A D 2 32
H 15 B 1 0 108 6 22 11 11 11 11 33
J B 22 2930 1 82 6913 144 0
J N 7 2951 0 4 1 0 0
K 0 0 43
K 0 0 60
K 0 21 60
A D 8 32
J R 6 3004 28 2 4609 576 0
K 0 0 49
A D 4 32
J B 23 3046 1 82 6913 288 0
J N 5 3067 7 2 1 0 1 16
K 0 0 43
A D 2 32
J N 5 3096 35 2 1153 144 1 16
K 0 0 43
A D 2 32
J N 5 3140 21 3 2305 144 1 16
K -18 0 63
K 0 0 43
A D 2 32
J N 5 3169 7 2 3457 144 1 16
K 0 0 43
A D 2 32
J N 5 3198 -14 5 4609 144 1 16
K 0 0 45
K 0 0 43
K -1 0 45
K 2 0 45
A D 2 32
J N 5 3227 7 2 5761 144 1 16
K 0 0 43
A D 2 32
H 16 B 1 0 108 6 22 11 11 11 11 33
J B 24 3260 1 82 6913 144 0
J N 7 3281 0 4 1 0 0
K 0 0 43
K 0 0 60
K 0 21 60
A D 8 32
J R 6 3334 28 2 4609 576 0
K 0 0 49
A D 4 32
J B 25 3376 1 82 6913 288 0
J N 5 3397 -14 5 1 0 1 17
K 0 0 45
K 0 0 43
K -1 0 45
K 2 0 45
A D 2 32
J N 5 3426 14 2 1153 144 1 17
K 0 0 43
A D 2 32
J N 5 3470 0 3 2305 144 1 17
K -18 0 63
K 0 0 43
A D 2 32
J N 5 3499 -14 5 3457 144 1 17
K 0 0 45
K 0 0 43
K -1 0 45
K 2 0 45
A D 2 32
J N 5 3528 -35 6 4609 144 1 17
K 0 21 45
K 0 7 45
K 0 0 43
K 0 7 45
K 1 7 45
A D 2 32
J N 5 3557 -14 5 5761 144 1 17
K 0 0 45
K 0 0 43
K -1 0 45
K 2 0 45
A D 2 32
H 17 B 1 0 108 6 22 11 11 11 11 33
J B 26 3590 1 82 6913 144 0
J N 7 3611 -21 7 1 0 0
K 0 7 45
K 0 0 43
K 0 7 45
K 1 7 45
K 0 0 60
K 0 21 60
A D 8 32
J R 6 3664 28 2 4609 576 0
K 0 0 49
A D 4 32
J B 27 3706 1 82 6913 288 0
J N 5 3727 -14 5 1 0 1 18
K 0 0 45
K 0 0 43
K -1 0 45
K 2 0 45
A D 2 32
J N 5 3756 14 2 1153 144 1 18
K 0 0 43
A D 2 32
J N 5 3800 0 3 2305 144 1 18
K -18 0 63
K 0 0 43
A D 2 32
J N 5 3829 -14 5 3457 144 1 18
K 0 0 45
K 0 0 43
K -1 0 45
K 2 0 45
A D 2 32
J N 5 3858 -35 6 4609 144 1 18
K 0 21 45
K 0 7 45
K 0 0 43
K 0 7 45
K 1 7 45
A D 2 32
J N 5 3887 -14 5 5761 144 1 18
K 0 0 45
K 0 0 43
K -1 0 45
K 2 0 45
A D 2 32
H 18 B 1 0 108 6 22 11 11 11 11 33
J B 28 3920 1 82 6913 144 0
J N 7 3941 -21 7 1 0 0
K 0 7 45
K 0 0 43
K 0 7 45
K 1 7 45
K 0 0 60
K 0 21 60
A D 8 32
J R 6 3994 28 2 4609 576 0
K 0 0 49
A D 4 32
J B 29 4036 1 82 6913 288 0
J N 5 4063 -7 3 1 0 1 19
K -18 0 63
K 0 0 43
A D 2 32
J N 5 4092 7 2 1153 144 1 19
K 0 0 43
A D 2 32
J N 5 4121 -7 2 2305 144 1 19
K 0 0 43
A D 2 32
J N 5 4161 -21 6 3457 144 1 19
K 0 7 45
K -14 0 64
K 0 0 43
K 0 7 45
K 1 7 45
A D 2 32
J N 5 4190 -7 2 4609 144 1 19
K 0 0 43
A D 2 32
J N 5 4219 7 2 5761 144 1 19
K 0 0 43
A D 2 32
H 19 B 1 0 108 6 22 11 11 11 11 33
J B 30 4252 1 82 6913 144 0
J N 7 4273 -14 7 1 0 0
K 0 0 45
K 0 0 43
K -1 0 45
K 2 0 45
K 0 0 60
K 0 21 60
A D 8 32
J R 6 4326 28 2 4609 576 0
K 0 0 49
A D 4 32
J B 31 4368 1 82 6913 288 0
J N 5 4393 -21 6 1 0 1 20
K 0 7 45
K -14 0 64
K 0 0 43
K 0 7 45
K 1 7 45
A D 2 32
J N 5 4422 7 2 1153 144 1 20
K 0 0 43
A D 2 32
J N 5 4451 -21 5 2305 144 1 20
K 0 7 45
K 0 0 43
K 0 7 45
K 1 7 45
A D 2 32
J N 5 4480 -35 6 3457 144 1 20
K 0 21 45
K 0 7 45
K 0 0 43
K 0 7 45
K 1 7 45
A D 2 32
J N 5 4509 -28 6 4609 144 1 20
K 0 14 45
K 0 0 45
K 0 0 43
K -1 0 45
K 2 0 45
A D 2 32
J N 5 4538 -21 5 5761 144 1 20
K 0 7 45
K 0 0 43
K 0 7 45
K 1 7 45
A D 2 32
H 20 B 1 0 108 6 22 11 11 11 11 33
J B 32 4571 1 82 6913 144 0
J N 7 4592 -28 8 1 0 0
K 0 14 45
K 0 0 45
K 0 0 43
K -1 0 45
K 2 0 45
K 0 0 60
K 0 28 60
A D 8 32
J R 6 4645 28 2 4609 576 0
K 0 0 49
A D 4 32
J B 33 4687 1 82 6913 288 0
J N 5 4708 -35 6 1 0 1 21
K 0 21 45
K 0 7 45
K 0 0 43
K 0 7 45
K 1 7 45
A D 2 32
J N 5 4737 -14 5 1153 144 1 21
K 0 0 45
K 0 0 43
K -1 0 45
K 2 0 45
A D 2 32
J N 5 4766 -35 6 2305 144 1 21
K 0 21 45
K 0 7 45
K 0 0 43
K 0 7 45
K 1 7 45
A D 2 32
J N 5 4795 -28 6 3457 144 1 21
K 0 14 45
K 0 0 45
K 0 0 43
K -1 0 45
K 2 0 45
A D 2 32
J N 5 4835 -21 6 4609 144 1 21
K 0 7 45
K -14 0 64
K 0 0 43
K 0 7 45
K 1 7 45
A D 2 32
J N 5 4864 -14 5 5761 144 1 21
K 0 0 45
K 0 0 43
K -1 0 45
K 2 0 45
A D 2 32
H 21 B 1 0 108 6 22 11 11 11 11 33
J B 34 4897 1 82 6913 144 0
J N 7 4918 -42 10 1 0 0
K 0 28 45
K 0 14 45
K 0 0 45
K 0 0 43
K -1 0 45
K 2 0 45
K 0 0 60
K 0 28 60
K 0 42 60
A D 8 32
J N 6 4971 7 3 4609 576 0
K 0 0 43
K 0 0 54
A D 4 32
J B 35 5013 1 82 6913 288 0
J N 5 5034 14 2 1 0 2 22 23
K 0 0 43
A D 2 32
J N 5 5063 21 2 1153 144 2 23 22
K 0 0 43
A D 2 32
H 23 B 1 0 108 2 22 33
H 22 S 0 0 0 0 0 0 0 0 0
J N 7 5103 28 5 2305 144 0
K -14 0 64
K 0 0 43
K 0 0 60
K 0 21 60
A D 8 32
J B 36 5160 1 82 6913 576 0
J N 7 5181 35 5 1 0 0
K 0 0 43
K 25 0 44
K 0 0 59
K 0 -21 59
A D 12 32
J B 37 5253 1 82 6913 864 0
J N 5 5280 -7 6 1 0 2 24 25
K -18 0 63
K 0 0 43
K -8 93 195
K 0 98 251
K 18 93 196
A D 2 32
J N 5 5309 7 2 1153 144 2 25 24
K 0 0 43
A D 2 32
H 24 S 0 0 0 0 0 0 0 0 0
J N 5 5338 -7 2 2305 144 2 26 25
K 0 0 43
A D 2 32
J N 5 5378 -21 6 3457 144 1 25
K 0 7 45
K -14 0 64
K 0 0 43
K 0 7 45
K 1 7 45
A D 2 32
J N 5 5407 -7 2 4609 144 1 25
K 0 0 43
A D 2 32
J N 5 5436 7 2 5761 144 2 25 26
K 0 0 43
A D 2 32
H 25 B 1 0 108 6 22 11 11 11 11 33
H 26 S 0 0 -14 0 0 1 0 0 0
J B 38 5469 1 82 6913 144 0
J N 7 5490 -14 7 1 0 0
K 0 0 45
K 0 0 43
K -1 0 45
K 2 0 45
K 0 0 60
K 0 21 60
A D 8 32
J R 6 5543 28 2 4609 576 0
K 0 0 49
A D 4 32
J B 39 5585 1 82 6913 288 0
J N 5 5610 -21 6 1 0 2 27 28
K 0 7 45
K -14 0 64
K 0 0 43
K 0 7 45
K 1 7 45
A D 2 32
J N 5 5639 7 2 1153 144 2 28 27
K 0 0 43
A D 2 32
H 27 S 0 0 0 0 0 0 0 0 0
J N 5 5668 -21 5 2305 144 2 29 28
K 0 7 45
K 0 0 43
K 0 7 45
K 1 7 45
A D 2 32
J N 5 5697 -35 6 3457 144 1 28
K 0 21 45
K 0 7 45
K 0 0 43
K 0 7 45
K 1 7 45
A D 2 32
J N 5 5726 -28 6 4609 144 1 28
K 0 14 45
K 0 0 45
K 0 0 43
K -1 0 45
K 2 0 45
A D 2 32
J N 5 5755 -21 5 5761 144 2 28 29
K 0 7 45
K 0 0 43
K 0 7 45
K 1 7 45
A D 2 32
H 28 B 1 0 108 6 22 11 11 11 11 33
H 29 S 0 0 -7 0 -7 0 0 0 0
J B 40 5788 1 82 6913 144 0
J N 7 5809 -28 8 1 0 0
K 0 14 45
K 0 0 45
K 0 0 43
K -1 0 45
K 2 0 45
K 0 0 60
K 0 28 60
A D 8 32
J R 6 5862 28 2 4609 576 0
K 0 0 49
A D 4 32
J B 41 5904 1 82 6913 288 0
J N 5 5925 -35 6 1 0 2 30 31
K 0 21 45
K 0 7 45
K 0 0 43
K 0 7 45
K 1 7 45
A D 2 32
J N 5 5954 -14 5 1153 144 2 31 30
K 0 0 45
K 0 0 43
K -1 0 45
K 2 0 45
A D 2 32
H 30 S 0 0 0 0 0 0 0 0 0
J N 5 5983 -35 6 2305 144 2 32 31
K 0 21 45
K 0 7 45
K 0 0 43
K 0 7 45
K 1 7 45
A D 2 32
J N 5 6012 -28 6 3457 144 1 31
K 0 14 45
K 0 0 45
K 0 0 43
K -1 0 45
K 2 0 45
A D 2 32
J N 5 6052 -21 6 4609 144 1 31
K 0 7 45
K -14 0 64
K 0 0 43
K 0 7 45
K 1 7 45
A D 2 32
J N 5 6081 -14 5 5761 144 2 31 32
K 0 0 45
K 0 0 43
K -1 0 45
K 2 0 45
A D 2 32
H 31 B 1 0 108 6 22 11 11 11 11 33
H 32 S 0 0 0 0 0 0 0 0 0
J B 42 6114 1 82 6913 144 0
J N 7 6135 -42 10 1 0 0
K 0 28 45
K 0 14 45
K 0 0 45
K 0 0 43
K -1 0 45
K 2 0 45
K 0 0 60
K 0 28 60
K 0 42 60
A D 8 32
J N 6 6188 7 3 4609 576 0
K 0 0 43
K 0 0 54
A D 4 32
J B 43 6230 1 82 6913 288 0
J N 5 6251 14 2 1 0 2 33 34
K 0 0 43
A D 2 32
J N 5 6280 21 2 1153 144 2 34 33
K 0 0 43
A D 2 32
H 34 B 1 0 108 2 22 33
H 33 S 0 0 0 0 0 0 0 0 0
J N 7 6320 28 5 2305 144 0
K -14 0 64
K 0 0 43
K 0 0 60
K 0 21 60
A D 8 32
J B 44 6377 1 82 6913 576 0
J N 7 6398 35 5 1 0 0
K 0 0 43
K 25 0 44
K 0 0 59
K 0 -21 59
A D 12 32
J B 45 6470 9 4 6913 864 0
K 0 0 84
K 12 0 82
K 18 21 44
K 18 35 44
J N 6 6513 0 5 1 0 1 35
K 0 0 43
K -11 87 195
K 0 92 253
K 22 87 196
A D 4 32
J N 5 6551 7 2 2305 288 2 36 35
K 0 0 43
A D 2 32
J N 5 6580 14 2 3457 144 1 35
K 0 0 43
A D 2 32
J N 5 6609 21 2 4609 144 1 35
K 0 0 43
A D 2 32
J N 5 6638 28 2 5761 144 2 35 36
K 0 0 43
A D 2 32
H 35 B 1 0 108 5 2 21 11 11 33
H 36 S 0 0 0 0 0 0 0 0 0
J B 46 6671 1 82 6913 144 0
J N 6 6692 35 2 1 0 1 37
K 0 0 43
A D 4 32
J N 6 6730 49 2 2305 288 1 37
K 0 0 43
A D 4 32
J N 6 6768 21 2 4609 288 1 37
K 0 0 43
A D 4 32
H 37 B 0 0 108 3 2 1 3
J B 47 6810 1 82 6913 288 0
J N 6 6831 0 2 1 0 1 38
K 0 0 43
A D 4 32
J N 6 6869 -7 4 2305 288 2 39 38
K 0 0 43
K 25 0 44
K 0 -22 236
A D 6 32
J N 4 6915 0 2 5761 432 1 38
K 0 0 43
A D 1 32
J N 4 6944 -7 2 6337 72 2 38 39
K 0 0 43
A D 1 32
H 38 B 1 0 108 4 2 1 221 333
H 39 S 0 0 0 0 0 0 0 0 0
J B 48 6977 1 82 6913 72 0
J N 6 6998 -14 5 1 0 1 40
K 0 0 45
K 0 0 43
K -1 0 45
K 2 0 45
A D 4 32
J N 6 7036 21 2 2305 288 1 40
K 0 0 43
A D 4 32
J N 6 7074 49 2 4609 288 1 40
K 0 0 43
A D 4 32
H 40 B 1 0 108 3 2 1 3
J B 49 7116 1 82 6913 288 0
J N 7 7137 -14 7 1 0 0
K 0 0 45
K 0 0 43
K -1 0 45
K 2 0 45
K 0 0 60
K 0 21 60
A D 8 32
J R 6 7190 28 2 4609 576 0
K 0 0 49
A D 4 32
J B 50 7232 1 82 6913 288 0
J N 7 7253 -7 4 1 0 0
K 0 0 43
K 0 0 60
K 0 21 60
A D 8 32
J R 6 7306 28 2 4609 576 0
K 0 0 49
A D 4 32
J B 51 7348 1 82 6913 288 0
J N 5 7369 -14 5 1 0 2 41 42
K 0 0 45
K 0 0 43
K -1 0 45
K 2 0 45
A D 2 32
J N 5 7398 -7 2 1153 144 2 42 41
K 0 0 43
A D 2 32
H 42 B 1 0 108 2 22 33
H 41 S 0 0 0 0 0 0 0 0 0
J N 7 7427 0 4 2305 144 0
K 0 0 43
K 0 0 60
K 0 21 60
A D 8 32
J B 52 7484 1 82 6913 576 0
J N 7 7505 7 5 1 0 0
K 0 0 43
K 25 0 44
K 0 0 60
K 0 21 60
A D 12 32
J B 53 7599 10000010 6 6913 864 0
K -22 21 44
K -22 35 44
K -12 0 84
K 0 0 84
K 11 21 44
K 11 35 44
J N 6 7636 -28 6 1 0 1 43
K 0 14 45
K 0 0 45
K 0 0 43
K -1 0 45
K 2 0 45
A D 4 32
J N 5 7674 -21 5 2305 288 2 44 43
K 0 7 45
K 0 0 43
K 0 7 45
K 1 7 45
A D 2 32
J N 5 7703 -14 5 3457 144 1 43
K 0 0 45
K 0 0 43
K -1 0 45
K 2 0 45
A D 2 32
J N 5 7732 -7 2 4609 144 1 43
K 0 0 43
A D 2 32
J N 5 7761 0 2 5761 144 2 43 44
K 0 0 43
A D 2 32
H 43 B 1 0 108 5 2 21 11 11 33
H 44 S 0 0 0 0 0 0 0 0 0
J B 54 7794 1 82 6913 144 0
J N 6 7815 7 3 1 0 0
K 0 0 43
K 0 0 54
A D 4 32
J N 7 7853 0 4 2305 288 0
K 0 0 43
K 0 0 60
K 0 21 60
A D 8 32
J B 55 7910 1 82 6913 576 0
J N 6 7931 -7 3 1 0 0
K 0 0 43
K 0 0 54
A D 4 32
J N 7 7969 -14 7 2305 288 0
K 0 0 45
K 0 0 43
K -1 0 45
K 2 0 45
K 0 0 60
K 0 21 60
A D 8 32
J B 56 8026 1 82 6913 576 0
J N 6 8047 -7 3 1 0 0
K 0 0 43
K 0 0 54
A D 4 32
J N 7 8085 21 4 2305 288 0
K 0 0 43
K 0 0 60
K 0 21 60
A D 8 32
J B 57 8142 1 82 6913 576 0
J N 7 8163 -28 8 1 0 0
K 0 14 45
K 0 0 45
K 0 0 43
K -1 0 45
K 2 0 45
K 0 0 60
K 0 28 60
A D 8 32
J R 6 8216 28 2 4609 576 0
K 0 0 49
A D 4 32
J B 58 8258 1 82 6913 288 0
J N 7 8279 -21 7 1 0 0
K 0 7 45
K 0 0 43
K 0 7 45
K 1 7 45
K 0 0 60
K 0 21 60
A D 8 32
J R 6 8332 28 2 4609 576 0
K 0 0 49
A D 4 32
J B 59 8374 1 82 6913 288 0
J N 5 8395 -14 5 1 0 2 45 46
K 0 0 45
K 0 0 43
K -1 0 45
K 2 0 45
A D 2 32
J N 5 8424 -7 2 1153 144 2 46 45
K 0 0 43
A D 2 32
H 46 B 1 0 108 2 22 33
H 45 S 0 0 0 0 0 0 0 0 0
J N 7 8453 -7 4 2305 144 0
K 0 0 43
K 0 0 60
K 0 21 60
A D 8 32
J B 60 8510 1 82 6913 576 0
J N 7 8531 0 5 1 0 0
K 0 0 43
K 24 -6 44
K 0 0 60
K 0 21 60
A D 12 32
J B 61 8626 6 4 6913 864 0
K -23 21 44
K -23 35 44
K -13 0 82
K -6 0 84
J N 7 8647 -28 9 1 0 0
K 0 14 45
K 0 0 45
K 0 0 43
K -1 0 45
K 2 0 45
K 0 106 108
K 0 0 60
K 0 28 60
A D 8 32
J R 6 8700 28 2 4609 576 0
K 0 0 49
A D 4 32
J B 62 8742 1 82 6913 288 0
J N 7 8763 -21 7 1 0 0
K 0 7 45
K 0 0 43
K 0 7 45
K 1 7 45
K 0 0 60
K 0 21 60
A D 8 32
J R 6 8816 28 2 4609 576 0
K 0 0 49
A D 4 32
J B 63 8858 1 82 6913 288 0
J N 5 8879 -14 5 1 0 2 47 48
K 0 0 45
K 0 0 43
K -1 0 45
K 2 0 45
A D 2 32
J N 5 8908 -7 2 1153 144 2 48 47
K 0 0 43
A D 2 32
H 48 B 1 0 108 2 22 33
H 47 S 0 0 0 0 0 0 0 0 0
J N 7 8937 -7 4 2305 144 0
K 0 0 43
K 0 0 60
K 0 21 60
A D 8 32
J B 64 8994 1 82 6913 576 0
J N 7 9015 0 5 1 0 0
K 0 0 43
K 24 -6 44
K 0 0 60
K 0 21 60
A D 12 32
J B 0 9100 6 2 6913 864 0
K -13 0 82
K -6 0 84
J M 0 9100 0 0 10000 0 0
