@ SOURCE: not identified 
L 0 0 14 !39Violino 2 concertino
J D 4 500 -120 1 6913 0 0
W 0 0 44 VI. Minuetto
J D 1 75 -37 1 6913 0 0
W 0 -56 44 VI. Minuetto:  Violino 2 concertino
J C 4 5 42 2 6913 0 0
K 0 0 33
K 0 0 34
J K -1 57 0 1 6913 0 0
K 0 28 65
J D 5 86 -42 1 6913 0 0
W 0 0 37 Vivace
J T 308 95 0 2 6913 0 0
K -10 28 74
K -10 56 79
J N 6 134 35 3 1 0 0
K 0 0 43
K 0 0 53
A D 2 16
J N 7 176 42 4 2305 288 0
K 0 0 43
K 0 0 59
K 0 -21 59
A D 4 16
J B 2 233 1 82 6913 576 0
J N 7 254 49 5 1 0 0
K 0 0 43
K 25 0 44
K 0 0 59
K 0 -21 59
A D 6 16
J B 3 326 1 82 6913 864 0
J N 6 347 14 3 1 0 0
K 0 0 43
K 0 0 54
A D 2 16
J N 7 385 7 4 2305 288 0
K 0 0 43
K 0 0 60
K 0 21 60
A D 4 16
J B 4 442 1 82 6913 576 0
J N 7 463 0 5 1 0 0
K 0 0 43
K 24 -6 44
K 0 0 60
K 0 21 60
A D 6 16
J B 5 535 1 82 6913 864 0
J N 7 556 0 4 1 0 0
K 0 0 43
K 0 0 60
K 0 21 60
A D 4 16
J R 6 609 28 2 4609 576 0
K 0 0 49
A D 2 16
J B 6 651 1 82 6913 288 0
J N 7 672 7 4 1 0 0
K 0 0 43
K 0 0 60
K 0 21 60
A D 4 16
J R 6 725 28 2 4609 576 0
K 0 0 49
A D 2 16
J B 7 767 1 82 6913 288 0
J N 6 788 35 3 1 0 0
K 0 0 43
K 0 0 53
A D 2 16
J N 7 839 28 5 2305 288 0
K -14 0 64
K 0 0 43
K 0 0 60
K 0 21 60
A D 4 16
J B 8 896 1 82 6913 576 0
J N 7 917 21 5 1 0 0
K 0 0 43
K 25 0 44
K 0 0 60
K 0 21 60
A D 6 16
J B 9 1011 10 6 6913 864 0
K -22 21 44
K -22 35 44
K -12 0 84
K 0 0 84
K 11 21 44
K 11 35 44
J R 9 1048 28 2 1 10000 0
K 0 0 46
A D 6 16
J B 10 1153 1 82 6913 864 0
J N 6 1174 -28 6 1 0 1 1
K 0 14 45
K 0 0 45
K 0 0 43
K -1 0 45
K 2 0 45
A D 2 16
J N 5 1212 -21 5 2305 288 2 2 1
K 0 7 45
K 0 0 43
K 0 7 45
K 1 7 45
A D 1 16
J N 5 1241 -14 5 3457 144 1 1
K 0 0 45
K 0 0 43
K -1 0 45
K 2 0 45
A D 1 16
J N 5 1270 -7 2 4609 144 1 1
K 0 0 43
A D 1 16
J N 5 1299 0 2 5761 144 2 1 2
K 0 0 43
A D 1 16
H 1 B 1 0 108 5 2 21 11 11 33
H 2 S 0 0 0 0 0 0 0 0 0
J B 11 1332 1 82 6913 144 0
J N 6 1353 7 3 1 0 0
K 0 0 43
K 0 0 54
A D 2 16
J N 7 1391 0 4 2305 288 0
K 0 0 43
K 0 0 60
K 0 21 60
A D 4 16
J B 12 1448 1 82 6913 576 0
J N 7 1469 7 5 1 0 0
K 0 0 43
K 25 0 44
K 0 0 60
K 0 21 60
A D 6 16
J B 13 1541 1 82 6913 864 0
J N 7 1562 0 4 1 0 0
K 0 0 43
K 0 0 60
K 0 21 60
A D 4 16
J R 6 1615 28 2 4609 576 0
K 0 0 49
A D 2 16
J B 14 1657 1 82 6913 288 0
J N 7 1678 -7 4 1 0 0
K 0 0 43
K 0 0 60
K 0 21 60
A D 4 16
J R 6 1731 28 2 4609 576 0
K 0 0 49
A D 2 16
J B 15 1773 1 82 6913 288 0
J N 6 1794 0 3 1 0 0
K 0 0 43
K 0 0 54
A D 2 16
J N 7 1832 7 4 2305 288 0
K 0 0 43
K 0 0 60
K 0 21 60
A D 4 16
J B 16 1889 1 82 6913 576 0
J N 7 1910 0 5 1 0 0
K 0 0 43
K 24 -6 44
K 0 0 60
K 0 21 60
A D 6 16
J B 17 2005 6 4 6913 864 0
K -23 21 44
K -23 35 44
K -13 0 82
K -6 0 84
J N 7 2026 0 5 1 0 0
K 0 0 43
K 0 79 108
K 0 0 60
K 0 21 60
A D 4 16
J R 6 2079 28 2 4609 576 0
K 0 0 49
A D 2 16
J B 18 2121 1 82 6913 288 0
J N 7 2142 -7 4 1 0 0
K 0 0 43
K 0 0 60
K 0 21 60
A D 4 16
J R 6 2195 28 2 4609 576 0
K 0 0 49
A D 2 16
J B 19 2237 1 82 6913 288 0
J N 6 2258 0 3 1 0 0
K 0 0 43
K 0 0 54
A D 2 16
J N 7 2296 7 4 2305 288 0
K 0 0 43
K 0 0 60
K 0 21 60
A D 4 16
J B 20 2353 1 82 6913 576 0
J N 7 2374 0 5 1 0 0
K 0 0 43
K 24 -6 44
K 0 0 60
K 0 21 60
A D 6 16
J B 21 2454 5 2 6913 864 0
K -8 0 82
K 0 0 82
J R 9 2475 28 2 1 10000 0
K 0 0 46
A D 6 16
J B 22 2580 1 82 6913 864 0
J N 5 2601 0 2 1 0 1 3
K 0 0 43
A D 1 16
J N 5 2630 14 2 1153 144 1 3
K 0 0 43
A D 1 16
J N 5 2659 0 2 2305 144 1 3
K 0 0 43
A D 1 16
J N 5 2688 -14 5 3457 144 1 3
K 0 0 45
K 0 0 43
K -1 0 45
K 2 0 45
A D 1 16
J N 5 2717 0 2 4609 144 1 3
K 0 0 43
A D 1 16
J N 5 2746 14 2 5761 144 1 3
K 0 0 43
A D 1 16
H 3 B 1 0 108 6 22 11 11 11 11 33
J B 23 2779 1 82 6913 144 0
J N 7 2800 -14 7 1 0 0
K 0 0 45
K 0 0 43
K -1 0 45
K 2 0 45
K 0 0 60
K 0 21 60
A D 4 16
J R 6 2853 28 2 4609 576 0
K 0 0 49
A D 2 16
J B 24 2895 1 82 6913 288 0
J N 5 2916 0 2 1 0 1 4
K 0 0 43
A D 1 16
J N 5 2945 14 2 1153 144 1 4
K 0 0 43
A D 1 16
J N 5 2974 0 2 2305 144 1 4
K 0 0 43
A D 1 16
J N 5 3003 -14 5 3457 144 1 4
K 0 0 45
K 0 0 43
K -1 0 45
K 2 0 45
A D 1 16
J N 5 3032 0 2 4609 144 1 4
K 0 0 43
A D 1 16
J N 5 3061 14 2 5761 144 1 4
K 0 0 43
A D 1 16
H 4 B 1 0 108 6 22 11 11 11 11 33
J B 25 3094 1 82 6913 144 0
J N 7 3115 -14 7 1 0 0
K 0 0 45
K 0 0 43
K -1 0 45
K 2 0 45
K 0 0 60
K 0 21 60
A D 4 16
J R 6 3168 28 2 4609 576 0
K 0 0 49
A D 2 16
J B 26 3210 1 82 6913 288 0
J N 5 3231 -21 5 1 0 1 5
K 0 7 45
K 0 0 43
K 0 7 45
K 1 7 45
A D 1 16
J N 5 3260 -7 2 1153 144 1 5
K 0 0 43
A D 1 16
J N 5 3289 -21 5 2305 144 1 5
K 0 7 45
K 0 0 43
K 0 7 45
K 1 7 45
A D 1 16
J N 5 3318 -35 6 3457 144 1 5
K 0 21 45
K 0 7 45
K 0 0 43
K 0 7 45
K 1 7 45
A D 1 16
J N 5 3347 -21 5 4609 144 1 5
K 0 7 45
K 0 0 43
K 0 7 45
K 1 7 45
A D 1 16
J N 5 3376 -7 2 5761 144 1 5
K 0 0 43
A D 1 16
H 5 B 1 0 108 6 22 11 11 11 11 33
J B 27 3409 1 82 6913 144 0
J N 7 3430 -35 9 1 0 0
K 0 21 45
K 0 7 45
K 0 0 43
K 0 7 45
K 1 7 45
K 0 0 60
K 0 28 60
K 0 35 60
A D 4 16
J R 6 3483 28 2 4609 576 0
K 0 0 49
A D 2 16
J B 28 3525 1 82 6913 288 0
J N 5 3546 -7 2 1 0 1 6
K 0 0 43
A D 1 16
J N 5 3575 14 2 1153 144 1 6
K 0 0 43
A D 1 16
J N 5 3604 -7 2 2305 144 1 6
K 0 0 43
A D 1 16
J N 5 3633 -21 5 3457 144 1 6
K 0 7 45
K 0 0 43
K 0 7 45
K 1 7 45
A D 1 16
J N 5 3662 -7 2 4609 144 1 6
K 0 0 43
A D 1 16
J N 5 3691 -21 5 5761 144 1 6
K 0 7 45
K 0 0 43
K 0 7 45
K 1 7 45
A D 1 16
H 6 B 1 0 108 6 22 11 11 11 11 33
J B 29 3724 1 82 6913 144 0
J N 7 3745 7 4 1 0 0
K 0 0 43
K 0 0 60
K 0 21 60
A D 4 16
J R 6 3798 28 2 4609 576 0
K 0 0 49
A D 2 16
J B 30 3840 1 82 6913 288 0
J N 5 3861 7 2 1 0 1 7
K 0 0 43
A D 1 16
J N 5 3890 35 2 1153 144 1 7
K 0 0 43
A D 1 16
J N 5 3919 21 2 2305 144 1 7
K 0 0 43
A D 1 16
J N 5 3948 7 2 3457 144 1 7
K 0 0 43
A D 1 16
J N 5 3977 21 2 4609 144 1 7
K 0 0 43
A D 1 16
J N 5 4006 35 2 5761 144 1 7
K 0 0 43
A D 1 16
H 7 B 1 0 108 6 22 11 11 11 11 33
J B 31 4039 1 82 6913 144 0
J N 7 4060 7 4 1 0 0
K 0 0 43
K 0 0 60
K 0 21 60
A D 4 16
J R 6 4113 28 2 4609 576 0
K 0 0 49
A D 2 16
J B 32 4155 1 82 6913 288 0
J N 5 4176 7 2 1 0 1 8
K 0 0 43
A D 1 16
J N 5 4205 35 2 1153 144 1 8
K 0 0 43
A D 1 16
J N 5 4234 21 2 2305 144 1 8
K 0 0 43
A D 1 16
J N 5 4263 7 2 3457 144 1 8
K 0 0 43
A D 1 16
J N 5 4292 21 2 4609 144 1 8
K 0 0 43
A D 1 16
J N 5 4321 35 2 5761 144 1 8
K 0 0 43
A D 1 16
H 8 B 1 0 108 6 22 11 11 11 11 33
J B 33 4354 1 82 6913 144 0
J N 7 4375 -14 7 1 0 0
K 0 0 45
K 0 0 43
K -1 0 45
K 2 0 45
K 0 0 60
K 0 21 60
A D 4 16
J N 6 4428 0 3 4609 576 0
K 0 0 43
K 0 0 54
A D 2 16
J B 34 4470 1 82 6913 288 0
J N 7 4497 42 5 1 0 0
K -18 0 63
K 0 0 43
K 0 0 59
K 0 -21 59
A D 4 16
J N 6 4550 35 3 4609 576 1 9
K 0 0 43
K 0 0 53
A D 2 16
J B 35 4596 1 82 6913 288 0
J N 6 4617 35 2 1 0 2 10 9
K 0 0 43
A D 2 16
H 9 T 35 0 0 0 0 0 9 0
J N 6 4655 35 3 2305 288 1 10
K 0 0 43
K 25 0 44
A D 3 16
J N 5 4711 42 3 5761 432 1 10
K -18 0 63
K 0 0 43
A D 1 16
H 10 B 0 0 108 3 2 1 53
J B 36 4744 1 82 6913 144 0
J N 7 4765 35 5 1 0 0
K 0 0 43
K 25 0 44
K 0 0 59
K 0 -21 59
A D 6 16
J B 37 4837 1 82 6913 864 0
J R 9 4858 28 2 1 10000 0
K 0 0 46
A D 6 16
J B 38 4963 1 82 6913 864 0
J N 5 4984 7 3 1 0 2 11 12
K 0 0 43
K 0 96 108
A D 1 16
J N 5 5013 35 2 1153 144 2 12 11
K 0 0 43
A D 1 16
H 11 S 0 0 0 0 0 0 0 0 0
J N 5 5042 21 2 2305 144 2 13 12
K 0 0 43
A D 1 16
J N 5 5071 7 2 3457 144 1 12
K 0 0 43
A D 1 16
J N 5 5100 21 2 4609 144 1 12
K 0 0 43
A D 1 16
J N 5 5129 35 2 5761 144 2 12 13
K 0 0 43
A D 1 16
H 12 B 1 0 108 6 22 11 11 11 11 33
H 13 S 0 0 -14 0 0 1 0 0 0
J B 39 5162 1 82 6913 144 0
J N 7 5183 7 4 1 0 0
K 0 0 43
K 0 0 60
K 0 21 60
A D 4 16
J R 6 5236 28 2 4609 576 0
K 0 0 49
A D 2 16
J B 40 5278 1 82 6913 288 0
J N 5 5299 7 2 1 0 2 14 15
K 0 0 43
A D 1 16
J N 5 5328 35 2 1153 144 2 15 14
K 0 0 43
A D 1 16
H 14 S 0 0 0 0 0 0 0 0 0
J N 5 5357 21 2 2305 144 2 16 15
K 0 0 43
A D 1 16
J N 5 5386 7 2 3457 144 1 15
K 0 0 43
A D 1 16
J N 5 5415 21 2 4609 144 1 15
K 0 0 43
A D 1 16
J N 5 5444 35 2 5761 144 2 15 16
K 0 0 43
A D 1 16
H 15 B 1 0 108 6 22 11 11 11 11 33
H 16 S 0 0 -14 0 0 1 0 0 0
J B 41 5477 1 82 6913 144 0
J N 7 5498 -14 7 1 0 0
K 0 0 45
K 0 0 43
K -1 0 45
K 2 0 45
K 0 0 60
K 0 21 60
A D 4 16
J N 6 5551 0 3 4609 576 0
K 0 0 43
K 0 0 54
A D 2 16
J B 42 5593 1 82 6913 288 0
J N 7 5620 42 5 1 0 0
K -18 0 63
K 0 0 43
K 0 0 59
K 0 -21 59
A D 4 16
J N 6 5673 35 3 4609 576 1 17
K 0 0 43
K 0 0 53
A D 2 16
J B 43 5719 1 82 6913 288 0
J N 6 5740 35 2 1 0 2 18 17
K 0 0 43
A D 2 16
H 17 T 35 0 0 0 0 0 9 0
J N 6 5778 35 3 2305 288 1 18
K 0 0 43
K 25 0 44
A D 3 16
J N 5 5834 42 3 5761 432 1 18
K -18 0 63
K 0 0 43
A D 1 16
H 18 B 0 0 108 3 2 1 53
J B 44 5867 1 82 6913 144 0
J N 7 5888 35 5 1 0 0
K 0 0 43
K 25 0 44
K 0 0 59
K 0 -21 59
A D 6 16
J B 45 5960 9 4 6913 864 0
K 0 0 84
K 12 0 82
K 18 21 44
K 18 35 44
J N 6 6003 35 6 1 0 0
K 0 0 43
K -11 44 195
K 0 49 253
K 22 44 196
K 0 0 53
A D 2 16
J N 7 6045 42 4 2305 288 0
K 0 0 43
K 0 0 59
K 0 -21 59
A D 4 16
J B 46 6102 1 82 6913 576 0
J N 7 6123 49 5 1 0 0
K 0 0 43
K 25 0 44
K 0 0 59
K 0 -21 59
A D 6 16
J B 47 6195 1 82 6913 864 0
J N 6 6216 14 3 1 0 0
K 0 0 43
K 0 0 54
A D 2 16
J N 7 6254 7 4 2305 288 0
K 0 0 43
K 0 0 60
K 0 21 60
A D 4 16
J B 48 6311 1 82 6913 576 0
J N 7 6332 0 5 1 0 0
K 0 0 43
K 24 -6 44
K 0 0 60
K 0 21 60
A D 6 16
J B 49 6404 1 82 6913 864 0
J N 7 6425 0 4 1 0 0
K 0 0 43
K 0 0 60
K 0 21 60
A D 4 16
J R 6 6478 28 2 4609 576 0
K 0 0 49
A D 2 16
J B 50 6520 1 82 6913 288 0
J N 7 6541 7 4 1 0 0
K 0 0 43
K 0 0 60
K 0 21 60
A D 4 16
J R 6 6594 28 2 4609 576 0
K 0 0 49
A D 2 16
J B 51 6636 1 82 6913 288 0
J N 6 6657 35 3 1 0 0
K 0 0 43
K 0 0 53
A D 2 16
J N 7 6708 28 5 2305 288 0
K -14 0 64
K 0 0 43
K 0 0 60
K 0 21 60
A D 4 16
J B 52 6765 1 82 6913 576 0
J N 7 6786 21 5 1 0 0
K 0 0 43
K 25 0 44
K 0 0 60
K 0 21 60
A D 6 16
J B 53 6880 10 6 6913 864 0
K -22 21 44
K -22 35 44
K -12 0 84
K 0 0 84
K 11 21 44
K 11 35 44
J R 9 6917 28 2 1 10000 0
K 0 0 46
A D 6 16
J B 54 7022 1 82 6913 864 0
J N 6 7043 -28 6 1 0 1 19
K 0 14 45
K 0 0 45
K 0 0 43
K -1 0 45
K 2 0 45
A D 2 16
J N 5 7081 -21 5 2305 288 2 20 19
K 0 7 45
K 0 0 43
K 0 7 45
K 1 7 45
A D 1 16
J N 5 7110 -14 5 3457 144 1 19
K 0 0 45
K 0 0 43
K -1 0 45
K 2 0 45
A D 1 16
J N 5 7139 -7 2 4609 144 1 19
K 0 0 43
A D 1 16
J N 5 7168 0 2 5761 144 2 19 20
K 0 0 43
A D 1 16
H 19 B 1 0 108 5 2 21 11 11 33
H 20 S 0 0 0 0 0 0 0 0 0
J B 55 7201 1 82 6913 144 0
J N 6 7222 7 3 1 0 0
K 0 0 43
K 0 0 54
A D 2 16
J N 7 7260 0 4 2305 288 0
K 0 0 43
K 0 0 60
K 0 21 60
A D 4 16
J B 56 7317 1 82 6913 576 0
J N 7 7338 7 5 1 0 0
K 0 0 43
K 25 0 44
K 0 0 60
K 0 21 60
A D 6 16
J B 57 7410 1 82 6913 864 0
J N 7 7431 0 4 1 0 0
K 0 0 43
K 0 0 60
K 0 21 60
A D 4 16
J R 6 7484 28 2 4609 576 0
K 0 0 49
A D 2 16
J B 58 7526 1 82 6913 288 0
J N 7 7547 -7 4 1 0 0
K 0 0 43
K 0 0 60
K 0 21 60
A D 4 16
J R 6 7600 28 2 4609 576 0
K 0 0 49
A D 2 16
J B 59 7642 1 82 6913 288 0
J N 6 7663 0 3 1 0 0
K 0 0 43
K 0 0 54
A D 2 16
J N 7 7701 7 4 2305 288 0
K 0 0 43
K 0 0 60
K 0 21 60
A D 4 16
J B 60 7758 1 82 6913 576 0
J N 7 7779 0 5 1 0 0
K 0 0 43
K 24 -6 44
K 0 0 60
K 0 21 60
A D 6 16
J B 61 7874 6 4 6913 864 0
K -23 21 44
K -23 35 44
K -13 0 82
K -6 0 84
J N 7 7895 0 5 1 0 0
K 0 0 43
K 0 79 108
K 0 0 60
K 0 21 60
A D 4 16
J R 6 7948 28 2 4609 576 0
K 0 0 49
A D 2 16
J B 62 7990 1 82 6913 288 0
J N 7 8011 -7 4 1 0 0
K 0 0 43
K 0 0 60
K 0 21 60
A D 4 16
J R 6 8064 28 2 4609 576 0
K 0 0 49
A D 2 16
J B 63 8106 1 82 6913 288 0
J N 6 8127 0 3 1 0 0
K 0 0 43
K 0 0 54
A D 2 16
J N 7 8165 7 4 2305 288 0
K 0 0 43
K 0 0 60
K 0 21 60
A D 4 16
J B 64 8222 1 82 6913 576 0
J N 7 8243 0 5 1 0 0
K 0 0 43
K 24 -6 44
K 0 0 60
K 0 21 60
A D 6 16
J B 0 8328 6 2 6913 864 0
K -13 0 82
K -6 0 84
J M 0 8328 0 0 10000 0 0
