@ SOURCE: not identified 
L 0 0 14 !39Violino 2 concerto grosso
J D 4 500 -120 1 6913 0 0
W 0 0 44 VI. Minuetto
J D 1 75 -37 1 6913 0 0
W 0 -56 44 VI. Minuetto:  Violino 2 concerto grosso
J C 4 5 42 2 6913 0 0
K 0 0 33
K 0 0 34
J K -1 57 0 1 6913 0 0
K 0 28 65
J D 5 86 -42 1 6913 0 0
W 0 0 37 Vivace
J T 308 95 0 2 6913 0 0
K -10 28 74
K -10 56 79
J R 9 137 28 2 1 10000 0
K 0 0 46
A D 6 16
J B 2 242 1 82 6913 864 0
J R 9 263 28 2 1 10000 0
K 0 0 46
A D 6 16
J B 3 368 1 82 6913 864 0
J R 9 389 28 2 1 10000 0
K 0 0 46
A D 6 16
J B 4 494 1 82 6913 864 0
J R 9 515 28 2 1 10000 0
K 0 0 46
A D 6 16
J B 5 620 1 82 6913 864 0
J N 7 641 0 4 1 0 0
K 0 0 43
K 0 0 60
K 0 21 60
A D 4 16
J R 6 679 28 2 4609 576 0
K 0 0 49
A D 2 16
J B 6 712 1 82 6913 288 0
J N 7 733 7 4 1 0 0
K 0 0 43
K 0 0 60
K 0 21 60
A D 4 16
J R 6 771 28 2 4609 576 0
K 0 0 49
A D 2 16
J B 7 804 1 82 6913 288 0
J N 6 825 35 3 1 0 0
K 0 0 43
K 0 0 53
A D 2 16
J N 7 876 28 5 2305 288 0
K -14 0 64
K 0 0 43
K 0 0 60
K 0 21 60
A D 4 16
J B 8 918 1 82 6913 576 0
J N 7 939 21 5 1 0 0
K 0 0 43
K 25 0 44
K 0 0 60
K 0 21 60
A D 6 16
J B 9 1011 10 6 6913 864 0
K -22 21 44
K -22 35 44
K -12 0 84
K 0 0 84
K 11 21 44
K 11 35 44
J R 9 1048 28 2 1 10000 0
K 0 0 46
A D 6 16
J B 10 1153 1 82 6913 864 0
J R 9 1174 28 2 1 10000 0
K 0 0 46
A D 6 16
J B 11 1279 1 82 6913 864 0
J R 9 1300 28 2 1 10000 0
K 0 0 46
A D 6 16
J B 12 1405 1 82 6913 864 0
J R 9 1426 28 2 1 10000 0
K 0 0 46
A D 6 16
J B 13 1531 1 82 6913 864 0
J N 7 1552 0 4 1 0 0
K 0 0 43
K 0 0 60
K 0 21 60
A D 4 16
J R 6 1590 28 2 4609 576 0
K 0 0 49
A D 2 16
J B 14 1623 1 82 6913 288 0
J N 7 1644 -7 4 1 0 0
K 0 0 43
K 0 0 60
K 0 21 60
A D 4 16
J R 6 1682 28 2 4609 576 0
K 0 0 49
A D 2 16
J B 15 1715 1 82 6913 288 0
J N 6 1736 0 3 1 0 0
K 0 0 43
K 0 0 54
A D 2 16
J N 7 1765 7 4 2305 288 0
K 0 0 43
K 0 0 60
K 0 21 60
A D 4 16
J B 16 1807 1 82 6913 576 0
J N 7 1828 0 5 1 0 0
K 0 0 43
K 24 -6 44
K 0 0 60
K 0 21 60
A D 6 16
J B 17 1901 6 4 6913 864 0
K -23 21 44
K -23 35 44
K -13 0 82
K -6 0 84
J N 7 1922 0 5 1 0 0
K 0 0 43
K 0 79 108
K 0 0 60
K 0 21 60
A D 4 16
J R 6 1960 28 2 4609 576 0
K 0 0 49
A D 2 16
J B 18 1993 1 82 6913 288 0
J N 7 2014 -7 4 1 0 0
K 0 0 43
K 0 0 60
K 0 21 60
A D 4 16
J R 6 2052 28 2 4609 576 0
K 0 0 49
A D 2 16
J B 19 2085 1 82 6913 288 0
J N 6 2106 0 3 1 0 0
K 0 0 43
K 0 0 54
A D 2 16
J N 7 2135 7 4 2305 288 0
K 0 0 43
K 0 0 60
K 0 21 60
A D 4 16
J B 20 2177 1 82 6913 576 0
J N 7 2198 0 5 1 0 0
K 0 0 43
K 24 -6 44
K 0 0 60
K 0 21 60
A D 6 16
J B 21 2256 5 2 6913 864 0
K -8 0 82
K 0 0 82
J R 9 2277 28 2 1 10000 0
K 0 0 46
A D 6 16
J B 22 2382 1 82 6913 864 0
J R 9 2403 28 2 1 10000 0
K 0 0 46
A D 6 16
J B 23 2508 1 82 6913 864 0
J N 7 2529 7 4 1 0 0
K 0 0 43
K 0 0 60
K 0 21 60
A D 4 16
J N 6 2567 7 3 4609 576 0
K 0 0 43
K 0 0 54
A D 2 16
J B 24 2600 1 82 6913 288 0
J N 7 2621 35 4 1 0 0
K 0 0 43
K 0 0 59
K 0 -21 59
A D 4 16
J R 6 2659 28 2 4609 576 0
K 0 0 49
A D 2 16
J B 25 2692 1 82 6913 288 0
J R 9 2713 28 2 1 10000 0
K 0 0 46
A D 6 16
J B 26 2818 1 82 6913 864 0
J R 9 2839 28 2 1 10000 0
K 0 0 46
A D 6 16
J B 27 2944 1 82 6913 864 0
J N 7 2965 -14 7 1 0 0
K 0 0 45
K 0 0 43
K -1 0 45
K 2 0 45
K 0 0 60
K 0 21 60
A D 4 16
J N 6 3003 -14 6 4609 576 0
K 0 0 45
K 0 0 43
K -1 0 45
K 2 0 45
K 0 0 54
A D 2 16
J B 28 3036 1 82 6913 288 0
J N 7 3057 14 4 1 0 0
K 0 0 43
K 0 0 60
K 0 21 60
A D 4 16
J R 6 3095 28 2 4609 576 0
K 0 0 49
A D 2 16
J B 29 3128 1 82 6913 288 0
J R 9 3149 28 2 1 10000 0
K 0 0 46
A D 6 16
J B 30 3254 1 82 6913 864 0
J R 9 3275 28 2 1 10000 0
K 0 0 46
A D 6 16
J B 31 3380 1 82 6913 864 0
J N 7 3401 7 4 1 0 0
K 0 0 43
K 0 0 60
K 0 21 60
A D 4 16
J R 6 3439 28 2 4609 576 0
K 0 0 49
A D 2 16
J B 32 3472 1 82 6913 288 0
J N 5 3493 7 2 1 0 1 1
K 0 0 43
A D 1 16
J N 5 3522 35 2 1153 144 1 1
K 0 0 43
A D 1 16
J N 5 3551 21 2 2305 144 1 1
K 0 0 43
A D 1 16
J N 5 3580 7 2 3457 144 1 1
K 0 0 43
A D 1 16
J N 5 3609 21 2 4609 144 1 1
K 0 0 43
A D 1 16
J N 5 3638 35 2 5761 144 1 1
K 0 0 43
A D 1 16
H 1 B 1 0 108 6 22 11 11 11 11 33
J B 33 3671 1 82 6913 144 0
J N 7 3692 -14 7 1 0 0
K 0 0 45
K 0 0 43
K -1 0 45
K 2 0 45
K 0 0 60
K 0 21 60
A D 4 16
J N 6 3730 0 3 4609 576 0
K 0 0 43
K 0 0 54
A D 2 16
J B 34 3763 1 82 6913 288 0
J N 7 3790 42 5 1 0 0
K -18 0 63
K 0 0 43
K 0 0 59
K 0 -21 59
A D 4 16
J N 6 3828 35 3 4609 576 1 2
K 0 0 43
K 0 0 53
A D 2 16
J B 35 3872 1 82 6913 288 0
J N 6 3893 35 2 1 0 2 3 2
K 0 0 43
A D 2 16
H 2 T 35 0 0 0 0 0 9 0
J N 6 3922 35 3 2305 288 1 3
K 0 0 43
K 25 0 44
A D 3 16
J N 5 3978 42 3 5761 432 1 3
K -18 0 63
K 0 0 43
A D 1 16
H 3 B 0 0 108 3 2 1 53
J B 36 4011 1 82 6913 144 0
J N 7 4032 35 5 1 0 0
K 0 0 43
K 25 0 44
K 0 0 59
K 0 -21 59
A D 6 16
J B 37 4082 1 82 6913 864 0
J R 9 4103 28 2 1 10000 0
K 0 0 46
A D 6 16
J B 38 4208 1 82 6913 864 0
J R 9 4229 28 2 1 10000 0
K 0 0 46
A D 6 16
J B 39 4334 1 82 6913 864 0
J N 7 4355 7 5 1 0 0
K 0 0 43
K 0 74 108
K 0 0 60
K 0 21 60
A D 4 16
J R 6 4393 28 2 4609 576 0
K 0 0 49
A D 2 16
J B 40 4426 1 82 6913 288 0
J N 5 4447 7 2 1 0 2 4 5
K 0 0 43
A D 1 16
J N 5 4476 35 2 1153 144 2 5 4
K 0 0 43
A D 1 16
H 4 S 0 0 0 0 0 0 0 0 0
J N 5 4505 21 2 2305 144 2 6 5
K 0 0 43
A D 1 16
J N 5 4534 7 2 3457 144 1 5
K 0 0 43
A D 1 16
J N 5 4563 21 2 4609 144 1 5
K 0 0 43
A D 1 16
J N 5 4592 35 2 5761 144 2 5 6
K 0 0 43
A D 1 16
H 5 B 1 0 108 6 22 11 11 11 11 33
H 6 S 0 0 -14 0 0 1 0 0 0
J B 41 4625 1 82 6913 144 0
J N 7 4646 -14 7 1 0 0
K 0 0 45
K 0 0 43
K -1 0 45
K 2 0 45
K 0 0 60
K 0 21 60
A D 4 16
J N 6 4684 0 3 4609 576 0
K 0 0 43
K 0 0 54
A D 2 16
J B 42 4717 1 82 6913 288 0
J N 7 4744 42 5 1 0 0
K -18 0 63
K 0 0 43
K 0 0 59
K 0 -21 59
A D 4 16
J N 6 4782 35 3 4609 576 1 7
K 0 0 43
K 0 0 53
A D 2 16
J B 43 4826 1 82 6913 288 0
J N 6 4847 35 2 1 0 2 8 7
K 0 0 43
A D 2 16
H 7 T 35 0 0 0 0 0 9 0
J N 6 4876 35 3 2305 288 1 8
K 0 0 43
K 25 0 44
A D 3 16
J N 5 4932 42 3 5761 432 1 8
K -18 0 63
K 0 0 43
A D 1 16
H 8 B 0 0 108 3 2 1 53
J B 44 4965 1 82 6913 144 0
J N 7 4986 35 5 1 0 0
K 0 0 43
K 25 0 44
K 0 0 59
K 0 -21 59
A D 6 16
J B 45 5036 9 4 6913 864 0
K 0 0 84
K 12 0 82
K 18 21 44
K 18 35 44
J R 9 5079 28 2 1 10000 0
K 0 0 46
A D 6 16
J B 46 5184 1 82 6913 864 0
J R 9 5205 28 2 1 10000 0
K 0 0 46
A D 6 16
J B 47 5310 1 82 6913 864 0
J R 9 5331 28 2 1 10000 0
K 0 0 46
A D 6 16
J B 48 5436 1 82 6913 864 0
J R 9 5457 28 2 1 10000 0
K 0 0 46
A D 6 16
J B 49 5562 1 82 6913 864 0
J N 7 5583 0 7 1 0 0
K 0 0 43
K -11 86 195
K 0 91 253
K 22 86 196
K 0 0 60
K 0 21 60
A D 4 16
J R 6 5621 28 2 4609 576 0
K 0 0 49
A D 2 16
J B 50 5654 1 82 6913 288 0
J N 7 5675 7 4 1 0 0
K 0 0 43
K 0 0 60
K 0 21 60
A D 4 16
J R 6 5713 28 2 4609 576 0
K 0 0 49
A D 2 16
J B 51 5746 1 82 6913 288 0
J N 6 5767 35 3 1 0 0
K 0 0 43
K 0 0 53
A D 2 16
J N 7 5818 28 5 2305 288 0
K -14 0 64
K 0 0 43
K 0 0 60
K 0 21 60
A D 4 16
J B 52 5860 1 82 6913 576 0
J N 7 5881 21 5 1 0 0
K 0 0 43
K 25 0 44
K 0 0 60
K 0 21 60
A D 6 16
J B 53 5953 10 6 6913 864 0
K -22 21 44
K -22 35 44
K -12 0 84
K 0 0 84
K 11 21 44
K 11 35 44
J R 9 5990 28 2 1 10000 0
K 0 0 46
A D 6 16
J B 54 6095 1 82 6913 864 0
J R 9 6116 28 2 1 10000 0
K 0 0 46
A D 6 16
J B 55 6221 1 82 6913 864 0
J R 9 6242 28 2 1 10000 0
K 0 0 46
A D 6 16
J B 56 6347 1 82 6913 864 0
J R 9 6368 28 2 1 10000 0
K 0 0 46
A D 6 16
J B 57 6473 1 82 6913 864 0
J N 7 6494 0 4 1 0 0
K 0 0 43
K 0 0 60
K 0 21 60
A D 4 16
J R 6 6532 28 2 4609 576 0
K 0 0 49
A D 2 16
J B 58 6565 1 82 6913 288 0
J N 7 6586 -7 4 1 0 0
K 0 0 43
K 0 0 60
K 0 21 60
A D 4 16
J R 6 6624 28 2 4609 576 0
K 0 0 49
A D 2 16
J B 59 6657 1 82 6913 288 0
J N 6 6678 0 3 1 0 0
K 0 0 43
K 0 0 54
A D 2 16
J N 7 6707 7 4 2305 288 0
K 0 0 43
K 0 0 60
K 0 21 60
A D 4 16
J B 60 6749 1 82 6913 576 0
J N 7 6770 0 5 1 0 0
K 0 0 43
K 24 -6 44
K 0 0 60
K 0 21 60
A D 6 16
J B 61 6843 6 4 6913 864 0
K -23 21 44
K -23 35 44
K -13 0 82
K -6 0 84
J N 7 6864 0 5 1 0 0
K 0 0 43
K 0 79 108
K 0 0 60
K 0 21 60
A D 4 16
J R 6 6902 28 2 4609 576 0
K 0 0 49
A D 2 16
J B 62 6935 1 82 6913 288 0
J N 7 6956 -7 4 1 0 0
K 0 0 43
K 0 0 60
K 0 21 60
A D 4 16
J R 6 6994 28 2 4609 576 0
K 0 0 49
A D 2 16
J B 63 7027 1 82 6913 288 0
J N 6 7048 0 3 1 0 0
K 0 0 43
K 0 0 54
A D 2 16
J N 7 7077 7 4 2305 288 0
K 0 0 43
K 0 0 60
K 0 21 60
A D 4 16
J B 64 7119 1 82 6913 576 0
J N 7 7140 0 5 1 0 0
K 0 0 43
K 24 -6 44
K 0 0 60
K 0 21 60
A D 6 16
J B 0 7203 6 2 6913 864 0
K -13 0 82
K -6 0 84
J M 0 7203 0 0 10000 0 0
