@ SOURCE: not identified 
L 0 0 14 !39Viola
J D 4 500 -120 1 6913 0 0
W 0 0 44 VI. Minuetto
J D 1 75 -37 1 6913 0 0
W 0 -56 44 VI. Minuetto:  Viola
J C 13 5 28 35 6913 0 0
J K -1 57 0 1 6913 0 0
K 0 35 65
J D 5 86 -42 1 6913 0 0
W 0 0 37 Vivace
J T 308 95 0 2 6913 0 0
K -10 28 74
K -10 56 79
J R 9 137 28 2 1 10000 0
K 0 0 46
A D 6 16
J B 2 242 1 82 6913 864 0
J R 9 263 28 2 1 10000 0
K 0 0 46
A D 6 16
J B 3 368 1 82 6913 864 0
J R 9 389 28 2 1 10000 0
K 0 0 46
A D 6 16
J B 4 494 1 82 6913 864 0
J R 9 515 28 2 1 10000 0
K 0 0 46
A D 6 16
J B 5 620 1 82 6913 864 0
J N 7 641 -21 7 1 0 0
K 0 7 45
K 0 0 43
K 0 7 45
K 1 7 45
K 0 0 60
K 0 21 60
A D 4 16
J R 6 679 28 2 4609 576 0
K 0 0 49
A D 2 16
J B 6 712 1 82 6913 288 0
J N 7 733 -21 7 1 0 0
K 0 7 45
K 0 0 43
K 0 7 45
K 1 7 45
K 0 0 60
K 0 21 60
A D 4 16
J R 6 771 28 2 4609 576 0
K 0 0 49
A D 2 16
J B 7 804 1 82 6913 288 0
J N 6 825 28 3 1 0 0
K 0 0 43
K 0 0 54
A D 2 16
J N 7 854 21 4 2305 288 0
K 0 0 43
K 0 0 60
K 0 21 60
A D 4 16
J B 8 896 1 82 6913 576 0
J N 7 917 14 5 1 0 0
K 0 0 43
K 24 -6 44
K 0 0 60
K 0 21 60
A D 6 16
J B 9 989 10 6 6913 864 0
K -22 21 44
K -22 35 44
K -12 0 84
K 0 0 84
K 11 21 44
K 11 35 44
J R 9 1026 28 2 1 10000 0
K 0 0 46
A D 6 16
J B 10 1131 1 82 6913 864 0
J R 9 1152 28 2 1 10000 0
K 0 0 46
A D 6 16
J B 11 1257 1 82 6913 864 0
J R 9 1278 28 2 1 10000 0
K 0 0 46
A D 6 16
J B 12 1383 1 82 6913 864 0
J R 9 1404 28 2 1 10000 0
K 0 0 46
A D 6 16
J B 13 1509 1 82 6913 864 0
J N 7 1530 -21 7 1 0 0
K 0 7 45
K 0 0 43
K 0 7 45
K 1 7 45
K 0 0 60
K 0 21 60
A D 4 16
J R 6 1568 28 2 4609 576 0
K 0 0 49
A D 2 16
J B 14 1601 1 82 6913 288 0
J N 7 1622 -21 7 1 0 0
K 0 7 45
K 0 0 43
K 0 7 45
K 1 7 45
K 0 0 60
K 0 21 60
A D 4 16
J R 6 1660 28 2 4609 576 0
K 0 0 49
A D 2 16
J B 15 1693 1 82 6913 288 0
J N 6 1714 -21 7 1 0 0
K 0 7 45
K 0 0 43
K 0 7 45
K 1 7 45
K 0 0 60
K 0 0 54
A D 2 16
J N 7 1743 -21 7 2305 288 0
K 0 7 45
K 0 0 43
K 0 7 45
K 1 7 45
K 0 0 60
K 0 21 60
A D 4 16
J B 16 1785 1 82 6913 576 0
J N 7 1806 -7 5 1 0 0
K 0 0 43
K 25 0 44
K 0 0 60
K 0 21 60
A D 6 16
J B 17 1879 6 4 6913 864 0
K -23 21 44
K -23 35 44
K -13 0 82
K -6 0 84
J N 7 1900 -21 8 1 0 0
K 0 7 45
K 0 0 43
K 0 7 45
K 1 7 45
K 0 99 108
K 0 0 60
K 0 21 60
A D 4 16
J R 6 1938 28 2 4609 576 0
K 0 0 49
A D 2 16
J B 18 1971 1 82 6913 288 0
J N 7 1992 -21 7 1 0 0
K 0 7 45
K 0 0 43
K 0 7 45
K 1 7 45
K 0 0 60
K 0 21 60
A D 4 16
J R 6 2030 28 2 4609 576 0
K 0 0 49
A D 2 16
J B 19 2063 1 82 6913 288 0
J N 6 2084 28 3 1 0 0
K 0 0 43
K 0 0 54
A D 2 16
J N 7 2113 28 4 2305 288 0
K 0 0 43
K 0 0 60
K 0 21 60
A D 4 16
J B 20 2155 1 82 6913 576 0
J N 7 2176 42 5 1 0 0
K 0 0 43
K 24 -6 44
K 0 0 59
K 0 -21 59
A D 6 16
J B 21 2234 5 2 6913 864 0
K -8 0 82
K 0 0 82
J R 9 2255 28 2 1 10000 0
K 0 0 46
A D 6 16
J B 22 2360 1 82 6913 864 0
J R 9 2381 28 2 1 10000 0
K 0 0 46
A D 6 16
J B 23 2486 1 82 6913 864 0
J N 6 2507 -7 2 1 0 1 1
K 0 0 43
A D 2 16
J N 6 2536 -7 2 2305 288 1 1
K 0 0 43
A D 2 16
J N 6 2565 -7 2 4609 288 1 1
K 0 0 43
A D 2 16
H 1 B 1 0 108 3 2 1 3
J B 24 2598 1 82 6913 288 0
J N 7 2619 -7 4 1 0 0
K 0 0 43
K 0 0 60
K 0 21 60
A D 4 16
J R 6 2657 28 2 4609 576 0
K 0 0 49
A D 2 16
J B 25 2690 1 82 6913 288 0
J R 9 2711 28 2 1 10000 0
K 0 0 46
A D 6 16
J B 26 2816 1 82 6913 864 0
J R 9 2837 28 2 1 10000 0
K 0 0 46
A D 6 16
J B 27 2942 1 82 6913 864 0
J N 6 2963 21 2 1 0 1 2
K 0 0 43
A D 2 16
J N 6 2992 21 2 2305 288 1 2
K 0 0 43
A D 2 16
J N 6 3021 21 2 4609 288 1 2
K 0 0 43
A D 2 16
H 2 B 1 0 108 3 2 1 3
J B 28 3054 1 82 6913 288 0
J N 7 3075 21 4 1 0 0
K 0 0 43
K 0 0 60
K 0 21 60
A D 4 16
J R 6 3113 28 2 4609 576 0
K 0 0 49
A D 2 16
J B 29 3146 1 82 6913 288 0
J R 9 3167 28 2 1 10000 0
K 0 0 46
A D 6 16
J B 30 3272 1 82 6913 864 0
J R 9 3293 28 2 1 10000 0
K 0 0 46
A D 6 16
J B 31 3398 1 82 6913 864 0
J N 6 3419 14 2 1 0 1 3
K 0 0 43
A D 2 16
J N 6 3448 14 2 2305 288 1 3
K 0 0 43
A D 2 16
J N 6 3477 14 2 4609 288 1 3
K 0 0 43
A D 2 16
H 3 B 1 0 108 3 2 1 3
J B 32 3510 1 82 6913 288 0
J N 7 3531 14 4 1 0 0
K 0 0 43
K 0 0 60
K 0 21 60
A D 4 16
J R 6 3569 28 2 4609 576 0
K 0 0 49
A D 2 16
J B 33 3602 1 82 6913 288 0
J N 7 3623 7 4 1 0 0
K 0 0 43
K 0 0 60
K 0 21 60
A D 4 16
J N 6 3661 21 3 4609 576 0
K 0 0 43
K 0 0 54
A D 2 16
J B 34 3694 1 82 6913 288 0
J N 7 3717 35 5 1 0 0
K -14 0 64
K 0 0 43
K 0 0 59
K 0 -21 59
A D 4 16
J N 6 3755 42 3 4609 576 0
K 0 0 43
K 0 0 53
A D 2 16
J B 35 3799 1 82 6913 288 0
J N 6 3820 7 2 1 0 1 4
K 0 0 43
A D 2 16
J N 6 3849 35 4 2305 288 1 4
K -14 0 64
K 0 0 43
K 25 0 44
A D 3 16
J N 5 3887 14 2 5761 432 1 4
K 0 0 43
A D 1 16
H 4 B 1 0 108 3 2 1 53
J B 36 3920 1 82 6913 144 0
J N 7 3941 14 5 1 0 0
K 0 0 43
K 24 -6 44
K 0 0 60
K 0 21 60
A D 6 16
J B 37 3991 1 82 6913 864 0
J R 9 4012 28 2 1 10000 0
K 0 0 46
A D 6 16
J B 38 4117 1 82 6913 864 0
J R 9 4138 28 2 1 10000 0
K 0 0 46
A D 6 16
J B 39 4243 1 82 6913 864 0
J N 6 4264 14 3 1 0 1 5
K 0 0 43
K 0 70 108
A D 2 16
J N 6 4293 14 2 2305 288 1 5
K 0 0 43
A D 2 16
J N 6 4322 14 2 4609 288 1 5
K 0 0 43
A D 2 16
H 5 B 1 0 108 3 2 1 3
J B 40 4355 1 82 6913 288 0
J N 7 4376 14 4 1 0 0
K 0 0 43
K 0 0 60
K 0 21 60
A D 4 16
J R 6 4414 28 2 4609 576 0
K 0 0 49
A D 2 16
J B 41 4447 1 82 6913 288 0
J N 7 4468 7 4 1 0 0
K 0 0 43
K 0 0 60
K 0 21 60
A D 4 16
J N 6 4506 21 3 4609 576 0
K 0 0 43
K 0 0 54
A D 2 16
J B 42 4539 1 82 6913 288 0
J N 7 4562 35 5 1 0 0
K -14 0 64
K 0 0 43
K 0 0 59
K 0 -21 59
A D 4 16
J N 6 4600 42 3 4609 576 0
K 0 0 43
K 0 0 53
A D 2 16
J B 43 4644 1 82 6913 288 0
J N 6 4665 7 2 1 0 1 6
K 0 0 43
A D 2 16
J N 6 4694 35 4 2305 288 1 6
K -14 0 64
K 0 0 43
K 25 0 44
A D 3 16
J N 5 4732 14 2 5761 432 1 6
K 0 0 43
A D 1 16
H 6 B 1 0 108 3 2 1 53
J B 44 4765 1 82 6913 144 0
J N 7 4786 14 5 1 0 0
K 0 0 43
K 24 -6 44
K 0 0 60
K 0 21 60
A D 6 16
J B 45 4836 9 4 6913 864 0
K 0 0 84
K 12 0 82
K 18 21 44
K 18 35 44
J R 9 4879 28 2 1 10000 0
K 0 0 46
A D 6 16
J B 46 4984 1 82 6913 864 0
J R 9 5005 28 2 1 10000 0
K 0 0 46
A D 6 16
J B 47 5110 1 82 6913 864 0
J R 9 5131 28 2 1 10000 0
K 0 0 46
A D 6 16
J B 48 5236 1 82 6913 864 0
J R 9 5257 28 2 1 10000 0
K 0 0 46
A D 6 16
J B 49 5362 1 82 6913 864 0
J N 7 5383 -21 10 1 0 0
K 0 7 45
K 0 0 43
K 0 7 45
K 1 7 45
K -11 107 195
K 0 112 253
K 22 107 196
K 0 0 60
K 0 21 60
A D 4 16
J R 6 5421 28 2 4609 576 0
K 0 0 49
A D 2 16
J B 50 5454 1 82 6913 288 0
J N 7 5475 -21 7 1 0 0
K 0 7 45
K 0 0 43
K 0 7 45
K 1 7 45
K 0 0 60
K 0 21 60
A D 4 16
J R 6 5513 28 2 4609 576 0
K 0 0 49
A D 2 16
J B 51 5546 1 82 6913 288 0
J N 6 5567 28 3 1 0 0
K 0 0 43
K 0 0 54
A D 2 16
J N 7 5596 21 4 2305 288 0
K 0 0 43
K 0 0 60
K 0 21 60
A D 4 16
J B 52 5638 1 82 6913 576 0
J N 7 5659 14 5 1 0 0
K 0 0 43
K 24 -6 44
K 0 0 60
K 0 21 60
A D 6 16
J B 53 5731 10 6 6913 864 0
K -22 21 44
K -22 35 44
K -12 0 84
K 0 0 84
K 11 21 44
K 11 35 44
J R 9 5768 28 2 1 10000 0
K 0 0 46
A D 6 16
J B 54 5873 1 82 6913 864 0
J R 9 5894 28 2 1 10000 0
K 0 0 46
A D 6 16
J B 55 5999 1 82 6913 864 0
J R 9 6020 28 2 1 10000 0
K 0 0 46
A D 6 16
J B 56 6125 1 82 6913 864 0
J R 9 6146 28 2 1 10000 0
K 0 0 46
A D 6 16
J B 57 6251 1 82 6913 864 0
J N 7 6272 -21 7 1 0 0
K 0 7 45
K 0 0 43
K 0 7 45
K 1 7 45
K 0 0 60
K 0 21 60
A D 4 16
J R 6 6310 28 2 4609 576 0
K 0 0 49
A D 2 16
J B 58 6343 1 82 6913 288 0
J N 7 6364 -21 7 1 0 0
K 0 7 45
K 0 0 43
K 0 7 45
K 1 7 45
K 0 0 60
K 0 21 60
A D 4 16
J R 6 6402 28 2 4609 576 0
K 0 0 49
A D 2 16
J B 59 6435 1 82 6913 288 0
J N 6 6456 -21 7 1 0 0
K 0 7 45
K 0 0 43
K 0 7 45
K 1 7 45
K 0 0 60
K 0 0 54
A D 2 16
J N 7 6485 -21 7 2305 288 0
K 0 7 45
K 0 0 43
K 0 7 45
K 1 7 45
K 0 0 60
K 0 21 60
A D 4 16
J B 60 6527 1 82 6913 576 0
J N 7 6548 -7 5 1 0 0
K 0 0 43
K 25 0 44
K 0 0 60
K 0 21 60
A D 6 16
J B 61 6621 6 4 6913 864 0
K -23 21 44
K -23 35 44
K -13 0 82
K -6 0 84
J N 7 6642 -21 8 1 0 0
K 0 7 45
K 0 0 43
K 0 7 45
K 1 7 45
K 0 99 108
K 0 0 60
K 0 21 60
A D 4 16
J R 6 6680 28 2 4609 576 0
K 0 0 49
A D 2 16
J B 62 6713 1 82 6913 288 0
J N 7 6734 -21 7 1 0 0
K 0 7 45
K 0 0 43
K 0 7 45
K 1 7 45
K 0 0 60
K 0 21 60
A D 4 16
J R 6 6772 28 2 4609 576 0
K 0 0 49
A D 2 16
J B 63 6805 1 82 6913 288 0
J N 6 6826 28 3 1 0 0
K 0 0 43
K 0 0 54
A D 2 16
J N 7 6855 28 4 2305 288 0
K 0 0 43
K 0 0 60
K 0 21 60
A D 4 16
J B 64 6897 1 82 6913 576 0
J N 7 6918 42 5 1 0 0
K 0 0 43
K 24 -6 44
K 0 0 59
K 0 -21 59
A D 6 16
J B 0 6981 6 2 6913 864 0
K -13 0 82
K -6 0 84
J M 0 6981 0 0 10000 0 0
