@ SOURCE: not identified 
L 0 0 14 !39Violino 2 concertino
J D 4 500 -120 1 6913 0 0
W 0 0 44 II 
J D 1 75 -37 1 6913 0 0
W 0 -56 44 II :  Violino 2 concertino
J C 4 5 42 2 6913 0 0
K 0 0 33
K 0 0 34
J K -1 57 0 1 6913 0 0
K 0 28 65
J D 5 86 -42 1 6913 0 0
W 0 0 37 Adagio
J T 308 95 0 2 6913 0 0
K -10 28 74
K -10 56 79
J R 9 137 28 2 1 10000 0
K 0 0 46
A D 6 16
J B 2 242 1 82 6913 864 0
J R 5 263 28 3 1 0 0
K 0 14 49
K 4 0 50
A D 1 16
J N 5 296 0 2 1153 144 1 1
K 0 0 43
A D 1 16
J N 5 325 -21 5 2305 144 1 1
K 0 7 45
K 0 0 43
K 0 7 45
K 1 7 45
A D 1 16
J N 5 354 14 2 3457 144 1 1
K 0 0 43
A D 1 16
J N 5 383 21 2 4609 144 1 1
K 0 0 43
A D 1 16
J N 5 412 -14 5 5761 144 1 1
K 0 0 45
K 0 0 43
K -1 0 45
K 2 0 45
A D 1 16
H 1 B 1 0 108 5 22 11 11 11 33
J B 3 445 1 82 6913 144 0
J N 5 466 28 2 1 0 1 2
K 0 0 43
A D 1 16
J N 5 495 -21 5 1153 144 1 2
K 0 7 45
K 0 0 43
K 0 7 45
K 1 7 45
A D 1 16
J N 5 524 -14 5 2305 144 2 3 2
K 0 0 45
K 0 0 43
K -1 0 45
K 2 0 45
A D 1 16
J N 5 553 -7 2 3457 144 2 2 3
K 0 0 43
A D 1 16
H 3 S 0 0 0 0 0 0 0 0 0
J N 5 597 0 3 4609 144 2 4 2
K -18 0 63
K 0 0 43
A D 1 16
J N 5 626 -14 5 5761 144 2 2 4
K 0 0 45
K 0 0 43
K -1 0 45
K 2 0 45
A D 1 16
H 2 B 1 0 108 6 22 11 11 11 11 33
H 4 S 0 0 0 0 0 0 0 0 0
J B 4 659 1 82 6913 144 0
J R 5 680 28 3 1 0 0
K 0 14 49
K 4 0 50
A D 1 16
J N 5 713 14 2 1153 144 1 5
K 0 0 43
A D 1 16
J N 5 742 -7 2 2305 144 1 5
K 0 0 43
A D 1 16
J N 5 771 28 2 3457 144 1 5
K 0 0 43
A D 1 16
J N 5 800 35 2 4609 144 1 5
K 0 0 43
A D 1 16
J N 5 833 0 3 5761 144 1 5
K -18 0 63
K 0 0 43
A D 1 16
H 5 B 1 0 108 5 22 11 11 11 33
J B 5 866 1 82 6913 144 0
J N 5 887 42 2 1 0 1 6
K 0 0 43
A D 1 16
J N 5 920 7 3 1153 144 1 6
K -15 0 65
K 0 0 43
A D 1 16
J N 5 949 14 2 2305 144 2 7 6
K 0 0 43
A D 1 16
J N 5 978 21 2 3457 144 2 6 7
K 0 0 43
A D 1 16
H 7 S 0 0 0 0 0 0 0 0 0
J N 5 1018 28 3 4609 144 2 8 6
K -14 0 64
K 0 0 43
A D 1 16
J N 5 1047 14 2 5761 144 2 6 8
K 0 0 43
A D 1 16
H 6 B 1 0 108 6 22 11 11 11 11 33
H 8 S 0 0 0 0 0 0 0 0 0
J B 6 1080 1 82 6913 144 0
J R 5 1101 28 3 1 0 0
K 0 14 49
K 4 0 50
A D 1 16
J N 5 1134 -7 2 1153 144 1 9
K 0 0 43
A D 1 16
J N 5 1175 7 3 2305 144 2 10 9
K -15 0 65
K 0 0 43
A D 1 16
J N 5 1204 -7 2 3457 144 2 9 10
K 0 0 43
A D 1 16
H 10 S 0 0 0 0 0 0 0 0 0
J N 5 1233 0 2 4609 144 2 11 9
K 0 0 43
A D 1 16
J N 5 1262 7 2 5761 144 2 9 11
K 0 0 43
A D 1 16
H 9 B 1 0 108 5 22 11 11 11 33
H 11 S 0 0 0 0 0 0 0 0 0
J B 7 1295 1 82 6913 144 0
J N 6 1316 14 3 1 0 1 12
K 0 0 43
K 24 -6 44
A D 3 16
J N 5 1362 42 2 3457 432 1 12
K 0 0 43
A D 1 16
J N 6 1391 21 2 4609 144 1 12
K 0 0 43
A D 2 16
H 12 B 1 0 108 3 2 51 3
J B 8 1433 1 82 6913 288 0
J N 6 1454 21 2 1 0 1 13
K 0 0 43
A D 2 16
J N 6 1492 21 3 2305 288 1 13
K 0 0 43
K 25 0 44
A D 3 16
J N 5 1544 28 3 5761 432 1 13
K -14 0 64
K 0 0 43
A D 1 16
H 13 B 1 0 108 3 2 1 53
J B 9 1577 1 82 6913 144 0
J N 5 1598 21 2 1 0 1 14
K 0 0 43
A D 1 16
J N 5 1639 7 3 1153 144 1 14
K -15 0 65
K 0 0 43
A D 1 16
J N 5 1668 14 2 2305 144 2 15 14
K 0 0 43
A D 1 16
J N 5 1697 21 2 3457 144 2 14 15
K 0 0 43
A D 1 16
H 15 S 0 0 0 0 0 0 0 0 0
J N 5 1737 28 3 4609 144 2 16 14
K -14 0 64
K 0 0 43
A D 1 16
J N 5 1766 14 2 5761 144 2 14 16
K 0 0 43
A D 1 16
H 14 B 1 0 108 6 22 11 11 11 11 33
H 16 S 0 0 0 0 0 0 0 0 0
J B 10 1799 1 82 6913 144 0
J R 5 1820 28 3 1 0 0
K 0 14 49
K 4 0 50
A D 1 16
J N 5 1853 42 2 1153 144 1 17
K 0 0 43
A D 1 16
J N 5 1882 21 2 2305 144 1 17
K 0 0 43
A D 1 16
J N 5 1915 56 3 3457 144 1 17
K -15 0 65
K 0 0 43
A D 1 16
J N 5 1944 63 2 4609 144 1 17
K 0 0 43
A D 1 16
J N 5 1984 28 3 5761 144 1 17
K -14 0 64
K 0 0 43
A D 1 16
H 17 B 0 0 108 5 22 11 11 11 33
J B 11 2017 1 82 6913 144 0
J N 5 2038 70 5 1 0 1 18
K 0 0 45
K 0 0 43
K -1 0 45
K 2 0 45
A D 1 16
J N 5 2067 21 2 1153 144 1 18
K 0 0 43
A D 1 16
J N 5 2108 7 3 2305 144 2 19 18
K -15 0 65
K 0 0 43
A D 1 16
J N 5 2137 21 2 3457 144 2 18 19
K 0 0 43
A D 1 16
H 19 S 0 0 0 0 0 0 0 0 0
J N 5 2166 28 2 4609 144 2 20 18
K 0 0 43
A D 1 16
J N 5 2195 35 2 5761 144 2 18 20
K 0 0 43
A D 1 16
H 18 B 1 0 108 6 22 11 11 11 11 33
H 20 S 0 0 0 0 0 0 0 0 0
J B 12 2228 1 82 6913 144 0
J R 5 2249 28 3 1 0 0
K 0 14 49
K 4 0 50
A D 1 16
J N 5 2282 49 2 1153 144 1 21
K 0 0 43
A D 1 16
J N 5 2311 28 2 2305 144 1 21
K 0 0 43
A D 1 16
J N 5 2340 63 2 3457 144 1 21
K 0 0 43
A D 1 16
J N 5 2369 70 5 4609 144 1 21
K 1 0 45
K 0 0 43
K -1 0 45
K 2 0 45
A D 1 16
J N 5 2398 35 2 5761 144 1 21
K 0 0 43
A D 1 16
H 21 B 0 0 108 5 22 11 11 11 33
J B 13 2431 1 82 6913 144 0
J N 5 2452 77 5 1 0 1 22
K 1 -7 45
K 0 0 43
K 0 -7 45
K 1 -7 45
A D 1 16
J N 5 2481 28 2 1153 144 1 22
K 0 0 43
A D 1 16
J N 5 2510 35 2 2305 144 2 23 22
K 0 0 43
A D 1 16
J N 5 2539 42 2 3457 144 2 22 23
K 0 0 43
A D 1 16
H 23 S 12 0 0 0 0 0 0 0 0
J N 5 2583 49 3 4609 144 2 24 22
K -18 0 63
K 0 0 43
A D 1 16
J N 5 2612 35 2 5761 144 2 22 24
K 0 0 43
A D 1 16
H 22 B 0 0 108 6 22 11 11 11 11 33
H 24 S 12 0 0 0 0 0 0 0 0
J B 14 2645 1 82 6913 144 0
J R 5 2666 28 3 1 0 0
K 0 14 49
K 4 0 50
A D 1 16
J N 5 2699 63 2 1153 144 1 25
K 0 0 43
A D 1 16
J N 5 2728 42 2 2305 144 1 25
K 0 0 43
A D 1 16
J N 5 2757 77 5 3457 144 1 25
K 1 -7 45
K 0 0 43
K 0 -7 45
K 1 -7 45
A D 1 16
J N 5 2786 84 6 4609 144 1 25
K 1 -14 45
K 1 0 45
K 0 0 43
K -1 0 45
K 2 0 45
A D 1 16
J N 5 2830 49 3 5761 144 1 25
K -18 0 63
K 0 0 43
A D 1 16
H 25 B 0 0 108 5 22 11 11 11 33
J B 15 2863 1 82 6913 144 0
J N 5 2884 91 6 1 0 1 26
K 1 -21 45
K 1 -7 45
K 0 0 43
K 0 -7 45
K 1 -7 45
A D 1 16
J N 5 2913 14 2 1153 144 1 26
K 0 0 43
A D 1 16
J N 5 2942 28 2 2305 144 2 27 26
K 0 0 43
A D 1 16
J N 5 2971 14 2 3457 144 2 26 27
K 0 0 43
A D 1 16
H 27 S 12 0 0 0 0 0 0 0 0
J N 5 3000 21 2 4609 144 2 28 26
K 0 0 43
A D 1 16
J N 5 3029 28 2 5761 144 2 26 28
K 0 0 43
A D 1 16
H 26 B 0 0 108 6 22 11 11 11 11 33
H 28 S 12 0 0 0 0 0 0 0 0
J B 16 3062 1 82 6913 144 0
J N 6 3083 35 3 1 0 0
K 0 0 43
K 0 0 53
A D 2 16
J R 5 3125 28 3 2305 288 0
K 0 14 49
K 4 0 50
A D 1 16
J N 5 3158 -35 6 3457 144 1 29
K 0 21 45
K 0 7 45
K 0 0 43
K 0 7 45
K 1 7 45
A D 1 16
J N 5 3187 -14 5 4609 144 2 30 29
K 0 0 45
K 0 0 43
K -1 0 45
K 2 0 45
A D 1 16
J N 5 3216 -21 5 5761 144 2 29 30
K 0 7 45
K 0 0 43
K 0 7 45
K 1 7 45
A D 1 16
H 29 B 1 0 108 3 22 11 33
H 30 S 0 0 0 0 0 0 0 0 0
J B 17 3249 1 82 6913 144 0
J N 6 3276 0 4 1 0 0
K -18 0 63
K 0 0 43
K 0 0 54
A D 2 16
J R 5 3314 28 3 2305 288 0
K 0 14 49
K 4 0 50
A D 1 16
J N 5 3347 -35 6 3457 144 1 31
K 0 21 45
K 0 7 45
K 0 0 43
K 0 7 45
K 1 7 45
A D 1 16
J N 5 3376 -14 5 4609 144 2 32 31
K 0 0 45
K 0 0 43
K -1 0 45
K 2 0 45
A D 1 16
J N 5 3405 -21 5 5761 144 2 31 32
K 0 7 45
K 0 0 43
K 0 7 45
K 1 7 45
A D 1 16
H 31 B 1 0 108 3 22 11 33
H 32 S 0 0 0 0 0 0 0 0 0
J B 18 3438 1 82 6913 144 0
J N 5 3465 0 3 1 0 1 33
K -18 0 63
K 0 0 43
A D 1 16
J N 5 3494 -21 5 1153 144 1 33
K 0 7 45
K 0 0 43
K 0 7 45
K 1 7 45
A D 1 16
J N 5 3523 -14 5 2305 144 2 34 33
K 0 0 45
K 0 0 43
K -1 0 45
K 2 0 45
A D 1 16
J N 5 3552 -7 2 3457 144 2 33 34
K 0 0 43
A D 1 16
H 34 S 0 0 0 0 0 0 0 0 0
J N 5 3581 0 2 4609 144 2 35 33
K 0 0 43
A D 1 16
J N 5 3610 -7 2 5761 144 2 33 35
K 0 0 43
A D 1 16
H 33 B 1 0 108 6 22 11 11 11 11 33
H 35 S 0 0 0 0 0 0 0 0 0
J B 19 3643 1 82 6913 144 0
J N 6 3664 -14 6 1 0 1 36
K 0 0 45
K 0 0 43
K -1 0 45
K 2 0 45
K 24 -6 44
A D 3 16
J N 5 3710 -21 5 3457 432 1 36
K 0 7 45
K 0 0 43
K 0 7 45
K 1 7 45
A D 1 16
J N 5 3739 -7 2 4609 144 2 37 36
K 0 0 43
A D 1 16
J N 5 3783 0 3 5761 144 2 36 37
K -18 0 63
K 0 0 43
A D 1 16
H 36 B 1 0 108 4 2 21 11 33
H 37 S 0 0 0 0 0 0 0 0 0
J B 20 3816 1 82 6913 144 0
J N 6 3837 -7 2 1 0 1 38
K 0 0 43
A D 2 16
J N 6 3875 -7 3 2305 288 1 38
K 0 0 43
K 25 0 44
A D 3 16
J N 5 3931 0 3 5761 432 1 38
K -18 0 63
K 0 0 43
A D 1 16
H 38 B 1 0 108 3 2 1 53
J B 21 3964 1 82 6913 144 0
J N 7 3985 -7 4 1 0 0
K 0 0 43
K 0 0 60
K 0 21 60
A D 4 16
J N 6 4038 -7 3 4609 576 0
K 0 0 43
K 0 0 54
A D 2 16
J B 22 4080 1 82 6913 288 0
J N 7 4101 21 4 1 0 0
K 0 0 43
K 0 0 60
K 0 21 60
A D 4 16
J N 6 4154 -28 8 4609 576 0
K 0 14 45
K 0 0 45
K 0 0 43
K -1 0 45
K 2 0 45
K 0 0 60
K 0 7 54
A D 2 16
J B 23 4196 1 82 6913 288 0
J N 7 4217 -21 8 1 0 0
K 0 7 45
K 0 0 43
K 0 7 45
K 1 7 45
K 25 0 44
K 0 0 60
K 0 21 60
A D 6 16
J B 24 4289 1 82 6913 864 0
J N 7 4310 -14 8 1 0 0
K 0 0 45
K 0 0 43
K -1 0 45
K 2 0 45
K 24 -6 44
K 0 0 60
K 0 21 60
A D 6 16
J B 25 4382 1 82 6913 864 0
J N 7 4403 -7 5 1 0 0
K 0 0 43
K 25 0 44
K 0 0 60
K 0 21 60
A D 6 16
J B 26 4475 1 82 6913 864 0
J N 7 4496 0 5 1 0 0
K 0 0 43
K 24 -6 44
K 0 0 60
K 0 21 60
A D 6 16
J B 27 4568 1 82 6913 864 0
J N 7 4592 7 6 1 0 0
K -15 0 65
K 0 0 43
K 25 0 44
K 0 0 60
K 0 21 60
A D 6 16
J B 28 4664 1 82 6913 864 0
J N 7 4685 14 4 1 0 0
K 0 0 43
K 0 0 60
K 0 21 60
A D 4 16
J N 6 4738 0 3 4609 576 0
K 0 0 43
K 0 0 54
A D 2 16
J B 29 4780 1 82 6913 288 0
J N 6 4801 -7 3 1 0 0
K 0 0 43
K 0 0 54
A D 2 16
J N 7 4839 21 4 2305 288 0
K 0 0 43
K 0 0 60
K 0 21 60
A D 4 16
J B 30 4896 1 82 6913 576 0
J N 6 4917 28 3 1 0 0
K 0 0 43
K 0 0 54
A D 2 16
J N 7 4955 0 4 2305 288 1 39
K 0 0 43
K 0 0 60
K 0 21 60
A D 4 16
J B 31 5012 1 82 6913 576 0
J N 6 5033 0 2 1 0 2 40 39
K 0 0 43
A D 2 16
H 39 T 0 0 0 0 0 0 5 0
J N 6 5071 28 2 2305 288 1 40
K 0 0 43
A D 2 16
J N 6 5109 7 3 4609 288 1 40
K -15 0 65
K 0 0 43
A D 2 16
H 40 B 1 0 108 3 2 1 3
J B 32 5151 1 82 6913 288 0
J N 7 5175 7 5 1 0 0
K -15 0 65
K 0 0 43
K 0 0 60
K 0 21 60
A D 4 16
J N 6 5228 14 3 4609 576 1 41
K 0 0 43
K 0 0 54
A D 2 16
J B 33 5270 1 82 6913 288 0
J N 6 5291 14 3 1 0 1 41
K 0 0 43
K 0 0 54
A D 2 16
H 41 T 14 0 0 0 0 0 5 0
J N 7 5329 21 4 2305 288 0
K 0 0 43
K 0 0 60
K 0 21 60
A D 4 16
J B 34 5386 1 82 6913 576 0
J N 7 5407 28 4 1 0 0
K 0 0 43
K 0 0 60
K 0 21 60
A D 4 16
J N 6 5460 77 7 4609 576 0
K 1 -7 45
K 0 0 43
K 0 -7 45
K 1 -7 45
K 0 0 59
K 0 0 53
A D 2 16
J B 35 5506 1 82 6913 288 0
J N 7 5527 49 4 1 0 0
K 0 0 43
K 0 0 59
K 0 -21 59
A D 4 16
J N 6 5580 77 7 4609 576 1 42
K 1 -7 45
K 0 0 43
K 0 -7 45
K 1 -7 45
K 0 0 59
K 0 0 53
A D 2 16
J B 36 5626 1 82 6913 288 0
J N 6 5647 77 5 1 0 2 43 42
K 1 -7 45
K 0 0 43
K 0 -7 45
K 1 -7 45
A D 2 16
H 42 T 77 0 0 0 0 0 9 0
J N 6 5685 77 6 2305 288 1 43
K 1 -7 45
K 0 0 43
K 0 -7 45
K 1 -7 45
K 25 0 44
A D 3 16
J N 5 5731 84 6 5761 432 1 43
K 1 -14 45
K 1 0 45
K 0 0 43
K -1 0 45
K 2 0 45
A D 1 16
H 43 B 0 0 108 3 2 1 53
J B 37 5764 1 82 6913 144 0
J N 7 5785 77 8 1 0 0
K 1 -7 45
K 0 0 43
K 0 -7 45
K 1 -7 45
K 25 0 44
K 0 0 59
K 0 -21 59
A D 6 16
J B 0 5870 6 2 6913 864 0
K -13 0 82
K -6 0 84
J M 0 5870 0 0 10000 0 0
