@ SOURCE: not identified 
L 0 0 14 !39Violoncello concertino
J D 4 500 -120 1 6913 0 0
W 0 0 44 II 
J D 1 75 -37 1 6913 0 0
W 0 -56 44 II :  Violoncello concertino
J C 22 5 14 36 6913 0 0
J K -1 57 0 1 6913 0 0
K 0 42 65
J D 5 86 -42 1 6913 0 0
W 0 0 37 Adagio
J T 308 95 0 2 6913 0 0
K -10 28 74
K -10 56 79
J R 9 137 28 2 1 10000 0
K 0 0 46
A D 6 16
J B 2 242 1 82 6913 864 0
J N 6 263 -7 2 1 0 1 1
K 0 0 43
A D 2 16
J N 6 301 28 2 2305 288 1 1
K 0 0 43
A D 2 16
J N 6 339 14 2 4609 288 1 1
K 0 0 43
A D 2 16
H 1 B 1 0 108 3 2 1 3
J B 3 381 1 82 6913 288 0
J N 7 402 42 4 1 0 0
K 0 0 43
K 0 0 59
K 0 -21 59
A D 4 16
J R 6 455 28 2 4609 576 0
K 0 0 49
A D 2 16
J B 4 497 1 82 6913 288 0
J N 6 518 7 2 1 0 1 2
K 0 0 43
A D 2 16
J N 6 556 42 2 2305 288 1 2
K 0 0 43
A D 2 16
J F 0 594 98 1 4609 288 0
K 0 0 213
J N 6 594 28 2 4609 0 1 2
K 0 0 43
A D 2 16
H 2 B 1 0 108 3 2 1 3
J B 5 636 1 82 6913 288 0
J N 7 657 56 4 1 0 0
K 0 0 43
K 0 0 59
K 0 -21 59
A D 4 16
J R 6 710 28 2 4609 576 0
K 0 0 49
A D 2 16
J B 6 752 1 82 6913 288 0
J F 0 773 98 1 1 0 0
K 0 0 219
J N 6 773 -14 5 1 0 1 3
K 0 0 45
K 0 0 43
K -1 0 45
K 2 0 45
A D 2 16
J N 6 811 21 3 2305 288 1 3
K -15 0 65
K 0 0 43
A D 2 16
J N 6 849 14 2 4609 288 1 3
K 0 0 43
A D 2 16
H 3 B 1 0 108 3 2 1 3
J B 7 891 1 82 6913 288 0
J F 0 912 98 1 1 0 0
K 0 0 218
J N 6 912 7 3 1 0 1 4
K 0 0 43
K 25 0 44
A D 3 16
J N 5 965 21 3 3457 432 1 4
K -15 0 65
K 0 0 43
A D 1 16
J F 0 994 98 1 4609 144 0
K 0 0 219
J N 6 994 14 2 4609 0 1 4
K 0 0 43
A D 2 16
H 4 B 1 0 108 3 2 51 3
J B 8 1036 1 82 6913 288 0
J F 0 1057 98 1 1 0 0
K 0 0 219
J N 6 1057 35 2 1 0 1 5
K 0 0 43
A D 2 16
J F 0 1095 98 1 2305 288 0
K 0 0 203
J N 6 1095 7 2 2305 0 1 5
K 0 0 43
A D 2 16
J F 0 1133 98 1 4609 288 0
K 0 0 218
J N 6 1133 56 2 4609 0 1 5
K 0 0 43
A D 2 16
H 5 B 0 0 108 3 2 1 3
J B 9 1175 1 82 6913 288 0
J N 7 1196 35 4 1 0 0
K 0 0 43
K 0 0 59
K 0 -21 59
A D 4 16
J R 6 1249 28 2 4609 576 0
K 0 0 49
A D 2 16
J B 10 1291 1 82 6913 288 0
J N 6 1312 -14 5 1 0 1 6
K 0 0 45
K 0 0 43
K -1 0 45
K 2 0 45
A D 2 16
J N 6 1350 21 3 2305 288 1 6
K -15 0 65
K 0 0 43
A D 2 16
J F 0 1388 98 1 4609 288 0
K 0 0 218
J N 6 1388 7 2 4609 0 1 6
K 0 0 43
A D 2 16
H 6 B 1 0 108 3 2 1 3
J B 11 1430 1 82 6913 288 0
J F 0 1451 98 1 1 0 0
K 0 0 219
J N 7 1451 35 4 1 0 0
K 0 0 43
K 0 0 59
K 0 -21 59
A D 4 16
J R 6 1504 28 2 4609 576 0
K 0 0 49
A D 2 16
J B 12 1546 1 82 6913 288 0
J N 6 1567 -7 2 1 0 1 7
K 0 0 43
A D 2 16
J N 6 1605 28 2 2305 288 1 7
K 0 0 43
A D 2 16
J N 6 1643 14 2 4609 288 1 7
K 0 0 43
A D 2 16
H 7 B 1 0 108 3 2 1 3
J B 13 1685 1 82 6913 288 0
J N 7 1706 42 4 1 0 0
K 0 0 43
K 0 0 59
K 0 -21 59
A D 4 16
J R 6 1759 28 2 4609 576 0
K 0 0 49
A D 2 16
J B 14 1801 1 82 6913 288 0
J N 6 1822 7 2 1 0 1 8
K 0 0 43
A D 2 16
J N 6 1860 42 2 2305 288 1 8
K 0 0 43
A D 2 16
J F 0 1898 98 1 4609 288 0
K 0 0 213
J N 6 1898 28 2 4609 0 1 8
K 0 0 43
A D 2 16
H 8 B 1 0 108 3 2 1 3
J B 15 1940 1 82 6913 288 0
J N 6 1961 56 2 1 0 1 9
K 0 0 43
A D 2 16
J N 6 1999 42 2 2305 288 1 9
K 0 0 43
A D 2 16
J N 6 2037 35 2 4609 288 1 9
K 0 0 43
A D 2 16
H 9 B 0 0 108 3 2 1 3
J B 16 2079 1 82 6913 288 0
J F 0 2100 98 1 1 0 0
K 0 0 213
J N 7 2100 28 4 1 0 0
K 0 0 43
K 0 0 60
K 0 21 60
A D 4 16
J R 6 2153 28 2 4609 576 0
K 0 0 49
A D 2 16
J B 17 2195 1 82 6913 288 0
J F 0 2216 98 1 1 0 0
K 0 0 213
J N 7 2216 28 4 1 0 0
K 0 0 43
K 0 0 60
K 0 21 60
A D 4 16
J R 6 2269 28 2 4609 576 0
K 0 0 49
A D 2 16
J B 18 2311 1 82 6913 288 0
J F 0 2332 98 1 1 0 0
K 0 0 213
J N 7 2332 28 4 1 0 0
K 0 0 43
K 0 0 60
K 0 21 60
A D 4 16
J N 6 2385 -21 7 4609 576 0
K 0 7 45
K 0 0 43
K 0 7 45
K 1 7 45
K 0 0 60
K 0 0 54
A D 2 16
J B 19 2427 1 82 6913 288 0
J F 0 2448 98 2 1 0 0
K 0 0 205
K 0 21 219
J N 6 2448 -14 5 1 0 1 10
K 0 0 45
K 0 0 43
K -1 0 45
K 2 0 45
A D 2 16
J F 0 2486 98 2 2305 288 0
K 0 0 205
K 0 21 204
J N 6 2486 14 3 2305 0 1 10
K -18 0 63
K 0 0 43
A D 2 16
J N 6 2524 7 2 4609 288 1 10
K 0 0 43
A D 2 16
H 10 B 1 0 108 3 2 1 3
J B 20 2566 1 82 6913 288 0
J F 0 2587 98 3 1 0 0
K 0 0 206
K 0 21 204
K 0 42 219
J N 6 2587 35 2 1 0 1 11
K 0 0 43
A D 2 16
J F 0 2625 98 1 2305 288 0
K 0 21 203
J N 6 2625 28 2 2305 0 1 11
K 0 0 43
A D 2 16
J F 0 2663 98 1 4609 288 0
K 0 21 213
J N 6 2663 77 5 4609 0 1 11
K 1 -7 45
K 0 0 43
K 0 -7 45
K 1 -7 45
A D 2 16
H 11 B 0 0 108 3 2 1 3
J B 21 2705 1 82 6913 288 0
J N 6 2726 7 3 1 0 1 12
K 0 0 43
K 25 0 44
A D 3 16
J N 5 2772 14 2 3457 432 1 12
K 0 0 43
A D 1 16
J F 0 2801 98 1 4609 144 0
K 0 0 204
J N 5 2801 21 2 4609 0 1 12
K 0 0 43
A D 1 16
J N 5 2830 35 2 5761 144 1 12
K 0 0 43
A D 1 16
H 12 B 1 0 108 4 2 21 11 33
J B 22 2863 1 82 6913 144 0
J F 0 2884 98 1 1 0 0
K 0 0 203
J N 5 2884 14 2 1 0 1 13
K 0 0 43
A D 1 16
J N 5 2913 21 2 1153 144 1 13
K 0 0 43
A D 1 16
J F 0 2942 98 1 2305 144 0
K 0 0 202
J N 5 2942 14 2 2305 0 1 13
K 0 0 43
A D 1 16
J N 5 2971 7 2 3457 144 1 13
K 0 0 43
A D 1 16
J N 5 3000 0 2 4609 144 1 13
K 0 0 43
A D 1 16
J N 5 3029 14 2 5761 144 1 13
K 0 0 43
A D 1 16
H 13 B 1 0 108 6 22 11 11 11 11 33
J B 23 3062 1 82 6913 144 0
J F 0 3083 98 1 1 0 0
K 0 0 208
J N 5 3083 7 2 1 0 1 14
K 0 0 43
A D 1 16
J N 5 3127 14 3 1153 144 1 14
K -18 0 63
K 0 0 43
A D 1 16
J F 0 3156 98 1 2305 144 0
K 0 0 207
J N 5 3156 7 2 2305 0 1 14
K 0 0 43
A D 1 16
J N 5 3185 0 2 3457 144 1 14
K 0 0 43
A D 1 16
J N 5 3214 -7 2 4609 144 1 14
K 0 0 43
A D 1 16
J N 5 3243 -14 5 5761 144 1 14
K 0 0 45
K 0 0 43
K -1 0 45
K 2 0 45
A D 1 16
H 14 B 1 0 108 6 22 11 11 11 11 33
J B 24 3276 1 82 6913 144 0
J F 0 3297 98 1 1 0 0
K 0 0 203
J N 5 3297 -21 5 1 0 1 15
K 0 7 45
K 0 0 43
K 0 7 45
K 1 7 45
A D 1 16
J N 5 3326 -14 5 1153 144 1 15
K 0 0 45
K 0 0 43
K -1 0 45
K 2 0 45
A D 1 16
J F 0 3355 98 1 2305 144 0
K 0 0 202
J N 5 3355 -21 5 2305 0 1 15
K 0 7 45
K 0 0 43
K 0 7 45
K 1 7 45
A D 1 16
J N 5 3384 28 2 3457 144 1 15
K 0 0 43
A D 1 16
J N 5 3413 14 2 4609 144 1 15
K 0 0 43
A D 1 16
J N 5 3442 28 2 5761 144 1 15
K 0 0 43
A D 1 16
H 15 B 1 0 108 6 22 11 11 11 11 33
J B 25 3475 1 82 6913 144 0
J F 0 3500 98 1 1 0 0
K 0 0 208
J N 5 3500 21 3 1 0 1 16
K -15 0 65
K 0 0 43
A D 1 16
J N 5 3529 28 2 1153 144 1 16
K 0 0 43
A D 1 16
J F 0 3558 98 1 2305 144 0
K 0 0 207
J N 5 3558 21 2 2305 0 1 16
K 0 0 43
A D 1 16
J N 5 3587 14 2 3457 144 1 16
K 0 0 43
A D 1 16
J F 0 3616 98 2 4609 144 0
K 0 0 205
K 15 0 219
J N 5 3616 7 2 4609 0 1 16
K 0 0 43
A D 1 16
J N 5 3651 0 2 5761 144 1 16
K 0 0 43
A D 1 16
H 16 B 1 0 108 6 22 11 11 11 11 33
J B 26 3684 1 82 6913 144 0
J F 0 3705 98 2 1 0 0
K 0 0 203
K 15 0 219
J N 5 3705 -7 2 1 0 1 17
K 0 0 43
A D 1 16
J N 5 3740 0 2 1153 144 1 17
K 0 0 43
A D 1 16
J F 0 3769 98 1 2305 144 0
K 0 0 202
J N 5 3769 -7 2 2305 0 1 17
K 0 0 43
A D 1 16
J N 5 3798 -14 5 3457 144 1 17
K 0 0 45
K 0 0 43
K -1 0 45
K 2 0 45
A D 1 16
J F 0 3827 98 1 4609 144 0
K 0 0 205
J N 5 3827 -21 5 4609 0 1 17
K 0 7 45
K 0 0 43
K 0 7 45
K 1 7 45
A D 1 16
J N 5 3856 -7 2 5761 144 1 17
K 0 0 43
A D 1 16
H 17 B 1 0 108 6 22 11 11 11 11 33
J B 27 3889 1 82 6913 144 0
J F 0 3910 98 2 1 0 0
K 0 0 208
K 0 21 219
J N 5 3910 -14 5 1 0 1 18
K 0 0 45
K 0 0 43
K -1 0 45
K 2 0 45
A D 1 16
J N 5 3939 -21 5 1153 144 1 18
K 0 7 45
K 0 0 43
K 0 7 45
K 1 7 45
A D 1 16
J N 5 3968 -14 5 2305 144 1 18
K 0 0 45
K 0 0 43
K -1 0 45
K 2 0 45
A D 1 16
J N 5 3997 -7 2 3457 144 1 18
K 0 0 43
A D 1 16
J F 0 4026 98 3 4609 144 0
K 0 0 205
K 15 0 219
K 0 21 204
J N 5 4026 0 2 4609 0 1 18
K 0 0 43
A D 1 16
J N 5 4061 14 2 5761 144 1 18
K 0 0 43
A D 1 16
H 18 B 1 0 108 6 22 11 11 11 11 33
J B 28 4094 1 82 6913 144 0
J F 0 4115 98 1 1 0 0
K 0 0 208
J N 5 4115 -7 2 1 0 1 19
K 0 0 43
A D 1 16
J N 5 4144 0 2 1153 144 1 19
K 0 0 43
A D 1 16
J F 0 4173 98 1 2305 144 0
K 0 0 207
J N 5 4173 -7 2 2305 0 1 19
K 0 0 43
A D 1 16
J N 5 4202 -14 5 3457 144 1 19
K 0 0 45
K 0 0 43
K -1 0 45
K 2 0 45
A D 1 16
J N 5 4231 -21 5 4609 144 1 19
K 0 7 45
K 0 0 43
K 0 7 45
K 1 7 45
A D 1 16
J N 5 4260 28 2 5761 144 1 19
K 0 0 43
A D 1 16
H 19 B 1 0 108 6 22 11 11 11 11 33
J B 29 4293 1 82 6913 144 0
J F 0 4318 98 2 1 0 0
K 0 0 205
K 0 21 204
J N 5 4318 21 3 1 0 1 20
K -15 0 65
K 0 0 43
A D 1 16
J N 5 4347 35 2 1153 144 1 20
K 0 0 43
A D 1 16
J F 0 4376 98 2 2305 144 0
K 0 0 204
K 0 21 203
J N 5 4376 14 2 2305 0 1 20
K 0 0 43
A D 1 16
J N 5 4405 21 2 3457 144 1 20
K 0 0 43
A D 1 16
J F 0 4434 98 1 4609 144 0
K 0 21 202
J N 5 4434 14 2 4609 0 1 20
K 0 0 43
A D 1 16
J N 5 4463 63 2 5761 144 1 20
K 0 0 43
A D 1 16
H 20 B 0 0 108 6 22 11 11 11 11 33
J B 30 4496 1 82 6913 144 0
J N 5 4517 42 2 1 0 1 21
K 0 0 43
A D 1 16
J N 5 4546 49 2 1153 144 1 21
K 0 0 43
A D 1 16
J N 5 4575 42 2 2305 144 1 21
K 0 0 43
A D 1 16
J N 5 4604 35 2 3457 144 1 21
K 0 0 43
A D 1 16
J N 5 4633 28 2 4609 144 1 21
K 0 0 43
A D 1 16
J N 5 4662 42 2 5761 144 1 21
K 0 0 43
A D 1 16
H 21 B 0 0 108 6 22 11 11 11 11 33
J B 31 4695 1 82 6913 144 0
J F 0 4720 98 1 1 0 0
K 0 0 208
J N 5 4720 21 3 1 0 1 22
K -15 0 65
K 0 0 43
A D 1 16
J N 5 4749 28 2 1153 144 1 22
K 0 0 43
A D 1 16
J F 0 4778 98 1 2305 144 0
K 0 0 207
J N 5 4778 21 2 2305 0 1 22
K 0 0 43
A D 1 16
J N 5 4807 14 2 3457 144 1 22
K 0 0 43
A D 1 16
J F 0 4836 98 2 4609 144 0
K 0 0 205
K 15 0 219
J N 5 4836 7 2 4609 0 1 22
K 0 0 43
A D 1 16
J N 5 4871 21 2 5761 144 1 22
K 0 0 43
A D 1 16
H 22 B 1 0 108 6 22 11 11 11 11 33
J B 32 4904 1 82 6913 144 0
J F 0 4925 98 2 1 0 0
K 0 0 206
K 15 0 219
J N 7 4925 14 4 1 0 0
K 0 0 43
K 0 0 60
K 0 21 60
A D 4 16
J F 0 4978 98 1 4609 576 0
K 0 0 204
J N 6 4978 7 3 4609 0 0
K 0 0 43
K 0 0 54
A D 2 16
J B 33 5020 1 82 6913 288 0
J F 0 5041 98 2 1 0 0
K 0 0 206
K 0 21 204
J N 6 5041 21 3 1 0 1 23
K -15 0 65
K 0 0 43
A D 2 16
J F 0 5079 98 2 2305 288 0
K 0 0 204
K 0 21 203
J N 6 5079 14 2 2305 0 1 23
K 0 0 43
A D 2 16
J F 0 5117 98 1 4609 288 0
K 0 21 202
J N 6 5117 63 2 4609 0 1 23
K 0 0 43
A D 2 16
H 23 B 0 0 108 3 2 1 3
J B 34 5159 1 82 6913 288 0
J N 7 5180 42 4 1 0 0
K 0 0 43
K 0 0 59
K 0 -21 59
A D 4 16
J N 6 5233 21 4 4609 576 0
K -15 0 65
K 0 0 43
K 0 0 54
A D 2 16
J B 35 5275 1 82 6913 288 0
J F 0 5296 98 2 1 0 0
K 0 0 203
K 0 21 201
J N 7 5296 21 5 1 0 0
K -15 0 65
K 0 0 43
K 0 0 60
K 0 21 60
A D 4 16
J F 0 5349 98 1 4609 576 0
K 0 0 205
J N 6 5349 28 3 4609 0 0
K 0 0 43
K 0 0 54
A D 2 16
J B 36 5391 1 82 6913 288 0
J F 0 5412 98 2 1 0 0
K 0 0 205
K 0 21 204
J N 6 5412 21 3 1 0 1 24
K -15 0 65
K 0 0 43
A D 2 16
J F 0 5450 98 1 2305 288 0
K 0 21 203
J N 6 5450 14 2 2305 0 1 24
K 0 0 43
A D 2 16
J F 0 5488 98 1 4609 288 0
K 0 21 202
J N 6 5488 63 2 4609 0 1 24
K 0 0 43
A D 2 16
H 24 B 0 0 108 3 2 1 3
J B 37 5530 1 82 6913 288 0
J N 7 5551 42 5 1 0 0
K 0 0 43
K 24 -6 44
K 0 0 59
K 0 -21 59
A D 6 16
J B 0 5636 6 2 6913 864 0
K -13 0 82
K -6 0 84
J M 0 5636 0 0 10000 0 0
