@ SOURCE: not identified 
L 0 0 14 !39Violino 2 concerto grosso
J D 4 500 -120 1 6913 0 0
W 0 0 44 II 
J D 1 75 -37 1 6913 0 0
W 0 -56 44 II :  Violino 2 concerto grosso
J C 4 5 42 2 6913 0 0
K 0 0 33
K 0 0 34
J K -1 57 0 1 6913 0 0
K 0 28 65
J D 5 86 -42 1 6913 0 0
W 0 0 37 Adagio
J T 308 95 0 2 6913 0 0
K -10 28 74
K -10 56 79
J R 9 137 28 2 1 10000 0
K 0 0 46
A D 6 16
J B 2 242 1 82 6913 864 0
J R 6 263 28 2 1 0 0
K 0 0 49
A D 2 16
J R 6 292 28 2 2305 288 0
K 0 0 49
A D 2 16
J N 6 321 35 3 4609 288 0
K 0 0 43
K 0 0 53
A D 2 16
J B 3 365 1 82 6913 288 0
J N 7 386 28 4 1 0 0
K 0 0 43
K 0 0 60
K 0 21 60
A D 4 16
J R 6 424 28 2 4609 576 0
K 0 0 49
A D 2 16
J B 4 457 1 82 6913 288 0
J R 6 478 28 2 1 0 0
K 0 0 49
A D 2 16
J R 6 507 28 2 2305 288 0
K 0 0 49
A D 2 16
J N 6 547 49 4 4609 288 0
K -18 0 63
K 0 0 43
K 0 0 53
A D 2 16
J B 5 591 1 82 6913 288 0
J N 7 612 42 4 1 0 0
K 0 0 43
K 0 0 59
K 0 -21 59
A D 4 16
J R 6 650 28 2 4609 576 0
K 0 0 49
A D 2 16
J B 6 683 1 82 6913 288 0
J R 9 704 28 2 1 10000 0
K 0 0 46
A D 6 16
J B 7 809 1 82 6913 864 0
J N 6 830 14 3 1 0 1 1
K 0 0 43
K 24 -6 44
A D 3 16
J N 5 865 42 2 3457 432 1 1
K 0 0 43
A D 1 16
J N 6 894 21 2 4609 144 1 1
K 0 0 43
A D 2 16
H 1 B 1 0 108 3 2 51 3
J B 8 927 1 82 6913 288 0
J N 6 948 21 2 1 0 1 2
K 0 0 43
A D 2 16
J N 6 977 21 3 2305 288 1 2
K 0 0 43
K 25 0 44
A D 3 16
J N 5 1029 28 3 5761 432 1 2
K -14 0 64
K 0 0 43
A D 1 16
H 2 B 1 0 108 3 2 1 53
J B 9 1062 1 82 6913 144 0
J N 7 1083 21 4 1 0 0
K 0 0 43
K 0 0 60
K 0 21 60
A D 4 16
J R 6 1121 28 2 4609 576 0
K 0 0 49
A D 2 16
J B 10 1154 1 82 6913 288 0
J R 6 1175 28 2 1 0 0
K 0 0 49
A D 2 16
J R 6 1204 28 2 2305 288 0
K 0 0 49
A D 2 16
J N 6 1240 28 4 4609 288 0
K -14 0 64
K 0 0 43
K 0 0 54
A D 2 16
J B 11 1273 1 82 6913 288 0
J N 7 1294 21 4 1 0 0
K 0 0 43
K 0 0 60
K 0 21 60
A D 4 16
J R 6 1332 28 2 4609 576 0
K 0 0 49
A D 2 16
J B 12 1365 1 82 6913 288 0
J R 6 1386 28 2 1 0 0
K 0 0 49
A D 2 16
J R 6 1415 28 2 2305 288 0
K 0 0 49
A D 2 16
J N 6 1444 35 3 4609 288 0
K 0 0 43
K 0 0 53
A D 2 16
J B 13 1488 1 82 6913 288 0
J N 7 1509 28 4 1 0 0
K 0 0 43
K 0 0 60
K 0 21 60
A D 4 16
J R 6 1547 28 2 4609 576 0
K 0 0 49
A D 2 16
J B 14 1580 1 82 6913 288 0
J R 6 1601 28 2 1 0 0
K 0 0 49
A D 2 16
J R 6 1630 28 2 2305 288 0
K 0 0 49
A D 2 16
J N 6 1670 49 4 4609 288 0
K -18 0 63
K 0 0 43
K 0 0 53
A D 2 16
J B 15 1714 1 82 6913 288 0
J N 5 1735 42 2 1 0 1 3
K 0 0 43
A D 1 16
J N 5 1764 14 2 1153 144 1 3
K 0 0 43
A D 1 16
J N 5 1793 28 2 2305 144 2 4 3
K 0 0 43
A D 1 16
J N 5 1822 14 2 3457 144 2 3 4
K 0 0 43
A D 1 16
H 4 S 0 0 0 0 0 0 0 0 0
J N 5 1851 21 2 4609 144 2 5 3
K 0 0 43
A D 1 16
J N 5 1880 28 2 5761 144 2 3 5
K 0 0 43
A D 1 16
H 3 B 1 0 108 6 22 11 11 11 11 33
H 5 S 0 0 0 0 0 0 0 0 0
J B 16 1913 1 82 6913 144 0
J N 7 1934 35 4 1 0 0
K 0 0 43
K 0 0 59
K 0 -21 59
A D 4 16
J R 6 1972 28 2 4609 576 0
K 0 0 49
A D 2 16
J B 17 2005 1 82 6913 288 0
J N 7 2032 49 5 1 0 0
K -18 0 63
K 0 0 43
K 0 0 59
K 0 -21 59
A D 4 16
J R 6 2070 28 2 4609 576 0
K 0 0 49
A D 2 16
J B 18 2103 1 82 6913 288 0
J N 7 2130 49 5 1 0 0
K -18 0 63
K 0 0 43
K 0 0 59
K 0 -21 59
A D 4 16
J R 6 2168 28 2 4609 576 0
K 0 0 49
A D 2 16
J B 19 2201 1 82 6913 288 0
J R 6 2222 28 2 1 0 0
K 0 0 49
A D 2 16
J R 5 2251 28 3 2305 288 0
K 0 14 49
K 4 0 50
A D 1 16
J N 5 2284 14 2 3457 144 1 6
K 0 0 43
A D 1 16
J N 5 2313 -7 2 4609 144 2 7 6
K 0 0 43
A D 1 16
J N 5 2357 0 3 5761 144 2 6 7
K -18 0 63
K 0 0 43
A D 1 16
H 6 B 1 0 108 3 22 11 33
H 7 S 0 0 0 0 0 0 0 0 0
J B 20 2390 1 82 6913 144 0
J N 6 2411 -7 2 1 0 1 8
K 0 0 43
A D 2 16
J N 6 2440 -7 3 2305 288 1 8
K 0 0 43
K 25 0 44
A D 3 16
J N 5 2496 0 3 5761 432 1 8
K -18 0 63
K 0 0 43
A D 1 16
H 8 B 1 0 108 3 2 1 53
J B 21 2529 1 82 6913 144 0
J N 7 2550 -7 4 1 0 0
K 0 0 43
K 0 0 60
K 0 21 60
A D 4 16
J N 6 2588 -7 3 4609 576 0
K 0 0 43
K 0 0 54
A D 2 16
J B 22 2621 1 82 6913 288 0
J N 7 2642 21 4 1 0 0
K 0 0 43
K 0 0 60
K 0 21 60
A D 4 16
J N 6 2680 -28 8 4609 576 0
K 0 14 45
K 0 0 45
K 0 0 43
K -1 0 45
K 2 0 45
K 0 0 60
K 0 7 54
A D 2 16
J B 23 2713 1 82 6913 288 0
J N 7 2734 -21 8 1 0 0
K 0 7 45
K 0 0 43
K 0 7 45
K 1 7 45
K 25 0 44
K 0 0 60
K 0 21 60
A D 6 16
J B 24 2784 1 82 6913 864 0
J N 7 2805 -14 8 1 0 0
K 0 0 45
K 0 0 43
K -1 0 45
K 2 0 45
K 24 -6 44
K 0 0 60
K 0 21 60
A D 6 16
J B 25 2855 1 82 6913 864 0
J N 7 2876 -7 5 1 0 0
K 0 0 43
K 25 0 44
K 0 0 60
K 0 21 60
A D 6 16
J B 26 2926 1 82 6913 864 0
J N 7 2947 0 5 1 0 0
K 0 0 43
K 24 -6 44
K 0 0 60
K 0 21 60
A D 6 16
J B 27 2997 1 82 6913 864 0
J N 7 3021 7 6 1 0 0
K -15 0 65
K 0 0 43
K 25 0 44
K 0 0 60
K 0 21 60
A D 6 16
J B 28 3071 1 82 6913 864 0
J N 7 3092 14 4 1 0 0
K 0 0 43
K 0 0 60
K 0 21 60
A D 4 16
J N 6 3130 0 3 4609 576 0
K 0 0 43
K 0 0 54
A D 2 16
J B 29 3163 1 82 6913 288 0
J N 6 3184 -7 3 1 0 0
K 0 0 43
K 0 0 54
A D 2 16
J N 7 3213 21 4 2305 288 0
K 0 0 43
K 0 0 60
K 0 21 60
A D 4 16
J B 30 3255 1 82 6913 576 0
J N 6 3276 28 3 1 0 0
K 0 0 43
K 0 0 54
A D 2 16
J N 7 3305 0 4 2305 288 1 9
K 0 0 43
K 0 0 60
K 0 21 60
A D 4 16
J B 31 3347 1 82 6913 576 0
J N 6 3368 0 2 1 0 2 10 9
K 0 0 43
A D 2 16
H 9 T 0 0 0 0 0 0 5 0
J N 6 3397 28 2 2305 288 1 10
K 0 0 43
A D 2 16
J N 6 3430 7 3 4609 288 1 10
K -15 0 65
K 0 0 43
A D 2 16
H 10 B 1 0 108 3 2 1 3
J B 32 3463 1 82 6913 288 0
J N 7 3487 7 5 1 0 0
K -15 0 65
K 0 0 43
K 0 0 60
K 0 21 60
A D 4 16
J N 6 3525 14 3 4609 576 1 11
K 0 0 43
K 0 0 54
A D 2 16
J B 33 3558 1 82 6913 288 0
J N 6 3579 14 3 1 0 1 11
K 0 0 43
K 0 0 54
A D 2 16
H 11 T 14 0 0 0 0 0 5 0
J N 7 3608 21 4 2305 288 0
K 0 0 43
K 0 0 60
K 0 21 60
A D 4 16
J B 34 3650 1 82 6913 576 0
J N 7 3671 28 4 1 0 0
K 0 0 43
K 0 0 60
K 0 21 60
A D 4 16
J N 6 3709 77 7 4609 576 0
K 1 -7 45
K 0 0 43
K 0 -7 45
K 1 -7 45
K 0 0 59
K 0 0 53
A D 2 16
J B 35 3753 1 82 6913 288 0
J N 7 3774 49 4 1 0 0
K 0 0 43
K 0 0 59
K 0 -21 59
A D 4 16
J N 6 3812 77 7 4609 576 1 12
K 1 -7 45
K 0 0 43
K 0 -7 45
K 1 -7 45
K 0 0 59
K 0 0 53
A D 2 16
J B 36 3856 1 82 6913 288 0
J N 6 3877 77 5 1 0 2 13 12
K 1 -7 45
K 0 0 43
K 0 -7 45
K 1 -7 45
A D 2 16
H 12 T 77 0 0 0 0 0 9 0
J N 6 3906 77 6 2305 288 1 13
K 1 -7 45
K 0 0 43
K 0 -7 45
K 1 -7 45
K 25 0 44
A D 3 16
J N 5 3944 84 6 5761 432 1 13
K 1 -14 45
K 1 0 45
K 0 0 43
K -1 0 45
K 2 0 45
A D 1 16
H 13 B 0 0 108 3 2 1 53
J B 37 3977 1 82 6913 144 0
J N 7 3998 77 8 1 0 0
K 1 -7 45
K 0 0 43
K 0 -7 45
K 1 -7 45
K 25 0 44
K 0 0 59
K 0 -21 59
A D 6 16
J B 0 4061 6 2 6913 864 0
K -13 0 82
K -6 0 84
J M 0 4061 0 0 10000 0 0
