@ SOURCE: not identified 
L 0 0 14 !39Basso concerto grosso
J D 4 500 -120 1 6913 0 0
W 0 0 44 II 
J D 1 75 -37 1 6913 0 0
W 0 -56 44 II :  Basso concerto grosso
J C 22 5 14 36 6913 0 0
J K -1 57 0 1 6913 0 0
K 0 42 65
J D 5 86 -42 1 6913 0 0
W 0 0 37 Adagio
J T 308 95 0 2 6913 0 0
K -10 28 74
K -10 56 79
J R 9 137 28 2 1 10000 0
K 0 0 46
A D 6 16
J B 2 242 1 82 6913 864 0
J R 6 263 28 2 1 0 0
K 0 0 49
A D 2 16
J R 6 301 28 2 2305 288 0
K 0 0 49
A D 2 16
J N 6 339 14 3 4609 288 0
K 0 0 43
K 0 0 54
A D 2 16
J B 3 381 1 82 6913 288 0
J N 7 402 42 4 1 0 0
K 0 0 43
K 0 0 59
K 0 -21 59
A D 4 16
J R 6 455 28 2 4609 576 0
K 0 0 49
A D 2 16
J B 4 497 1 82 6913 288 0
J R 6 518 28 2 1 0 0
K 0 0 49
A D 2 16
J R 6 556 28 2 2305 288 0
K 0 0 49
A D 2 16
J F 0 594 98 1 4609 288 0
K 0 0 213
J N 6 594 28 3 4609 0 0
K 0 0 43
K 0 0 54
A D 2 16
J B 5 636 1 82 6913 288 0
J N 7 657 56 4 1 0 0
K 0 0 43
K 0 0 59
K 0 -21 59
A D 4 16
J R 6 710 28 2 4609 576 0
K 0 0 49
A D 2 16
J B 6 752 1 82 6913 288 0
J R 9 773 28 2 1 10000 0
K 0 0 46
A D 6 16
J B 7 878 1 82 6913 864 0
J F 0 899 98 1 1 0 0
K 0 0 218
J N 6 899 7 3 1 0 1 1
K 0 0 43
K 25 0 44
A D 3 16
J N 5 952 21 3 3457 432 1 1
K -15 0 65
K 0 0 43
A D 1 16
J F 0 981 98 1 4609 144 0
K 0 0 205
J N 6 981 14 2 4609 0 1 1
K 0 0 43
A D 2 16
H 1 B 1 0 108 3 2 51 3
J B 8 1023 1 82 6913 288 0
J F 0 1044 98 1 1 0 0
K 0 0 219
J N 6 1044 35 2 1 0 1 2
K 0 0 43
A D 2 16
J F 0 1082 98 1 2305 288 0
K 0 0 203
J N 6 1082 7 2 2305 0 1 2
K 0 0 43
A D 2 16
J F 0 1120 98 1 4609 288 0
K 0 0 218
J N 6 1120 56 2 4609 0 1 2
K 0 0 43
A D 2 16
H 2 B 0 0 108 3 2 1 3
J B 9 1162 1 82 6913 288 0
J F 0 1183 98 1 1 0 0
K 0 0 219
J N 7 1183 35 4 1 0 0
K 0 0 43
K 0 0 59
K 0 -21 59
A D 4 16
J R 6 1236 28 2 4609 576 0
K 0 0 49
A D 2 16
J B 10 1278 1 82 6913 288 0
J R 6 1299 28 2 1 0 0
K 0 0 49
A D 2 16
J R 6 1337 28 2 2305 288 0
K 0 0 49
A D 2 16
J F 0 1375 98 1 4609 288 0
K 0 0 218
J N 6 1375 7 3 4609 0 0
K 0 0 43
K 0 0 54
A D 2 16
J B 11 1417 1 82 6913 288 0
J F 0 1438 98 1 1 0 0
K 0 0 219
J N 7 1438 35 4 1 0 0
K 0 0 43
K 0 0 59
K 0 -21 59
A D 4 16
J R 6 1491 28 2 4609 576 0
K 0 0 49
A D 2 16
J B 12 1533 1 82 6913 288 0
J R 6 1554 28 2 1 0 0
K 0 0 49
A D 2 16
J R 6 1592 28 2 2305 288 0
K 0 0 49
A D 2 16
J N 6 1630 14 3 4609 288 0
K 0 0 43
K 0 0 54
A D 2 16
J B 13 1672 1 82 6913 288 0
J N 7 1693 42 4 1 0 0
K 0 0 43
K 0 0 59
K 0 -21 59
A D 4 16
J R 6 1746 28 2 4609 576 0
K 0 0 49
A D 2 16
J B 14 1788 1 82 6913 288 0
J R 6 1809 28 2 1 0 0
K 0 0 49
A D 2 16
J R 6 1847 28 2 2305 288 0
K 0 0 49
A D 2 16
J F 0 1885 98 1 4609 288 0
K 0 0 213
J N 6 1885 28 3 4609 0 0
K 0 0 43
K 0 0 54
A D 2 16
J B 15 1927 1 82 6913 288 0
J N 6 1948 56 2 1 0 1 3
K 0 0 43
A D 2 16
J N 6 1986 42 2 2305 288 1 3
K 0 0 43
A D 2 16
J N 6 2024 35 2 4609 288 1 3
K 0 0 43
A D 2 16
H 3 B 0 0 108 3 2 1 3
J B 16 2066 1 82 6913 288 0
J F 0 2087 98 1 1 0 0
K 0 0 213
J N 7 2087 28 4 1 0 0
K 0 0 43
K 0 0 60
K 0 21 60
A D 4 16
J R 6 2140 28 2 4609 576 0
K 0 0 49
A D 2 16
J B 17 2182 1 82 6913 288 0
J F 0 2203 98 1 1 0 0
K 0 0 213
J N 7 2203 28 4 1 0 0
K 0 0 43
K 0 0 60
K 0 21 60
A D 4 16
J R 6 2256 28 2 4609 576 0
K 0 0 49
A D 2 16
J B 18 2298 1 82 6913 288 0
J F 0 2319 98 1 1 0 0
K 0 0 213
J N 7 2319 28 4 1 0 0
K 0 0 43
K 0 0 60
K 0 21 60
A D 4 16
J R 6 2372 28 2 4609 576 0
K 0 0 49
A D 2 16
J B 19 2414 1 82 6913 288 0
J R 6 2435 28 2 1 0 0
K 0 0 49
A D 2 16
J R 6 2473 28 2 2305 288 0
K 0 0 49
A D 2 16
J N 6 2511 7 3 4609 288 0
K 0 0 43
K 0 0 54
A D 2 16
J B 20 2553 1 82 6913 288 0
J F 0 2574 98 3 1 0 0
K 0 0 206
K 0 21 204
K 0 42 219
J N 6 2574 35 2 1 0 1 4
K 0 0 43
A D 2 16
J F 0 2612 98 1 2305 288 0
K 0 21 203
J N 6 2612 28 2 2305 0 1 4
K 0 0 43
A D 2 16
J F 0 2650 98 1 4609 288 0
K 0 21 213
J N 6 2650 77 5 4609 0 1 4
K 1 -7 45
K 0 0 43
K 0 -7 45
K 1 -7 45
A D 2 16
H 4 B 0 0 108 3 2 1 3
J B 21 2692 1 82 6913 288 0
J N 6 2713 7 3 1 0 1 5
K 0 0 43
K 25 0 44
A D 3 16
J N 5 2759 14 2 3457 432 1 5
K 0 0 43
A D 1 16
J F 0 2788 98 1 4609 144 0
K 0 0 204
J N 5 2788 21 2 4609 0 1 5
K 0 0 43
A D 1 16
J N 5 2817 35 2 5761 144 1 5
K 0 0 43
A D 1 16
H 5 B 1 0 108 4 2 21 11 33
J B 22 2850 1 82 6913 144 0
J F 0 2871 98 1 1 0 0
K 0 0 203
J N 5 2871 14 2 1 0 1 6
K 0 0 43
A D 1 16
J N 5 2900 21 2 1153 144 1 6
K 0 0 43
A D 1 16
J F 0 2929 98 1 2305 144 0
K 0 0 202
J N 5 2929 14 2 2305 0 1 6
K 0 0 43
A D 1 16
J N 5 2958 7 2 3457 144 1 6
K 0 0 43
A D 1 16
J N 5 2987 0 2 4609 144 1 6
K 0 0 43
A D 1 16
J N 5 3016 14 2 5761 144 1 6
K 0 0 43
A D 1 16
H 6 B 1 0 108 6 22 11 11 11 11 33
J B 23 3049 1 82 6913 144 0
J F 0 3070 98 1 1 0 0
K 0 0 208
J N 5 3070 7 2 1 0 1 7
K 0 0 43
A D 1 16
J N 5 3114 14 3 1153 144 1 7
K -18 0 63
K 0 0 43
A D 1 16
J F 0 3143 98 1 2305 144 0
K 0 0 207
J N 5 3143 7 2 2305 0 1 7
K 0 0 43
A D 1 16
J N 5 3172 0 2 3457 144 1 7
K 0 0 43
A D 1 16
J N 5 3201 -7 2 4609 144 1 7
K 0 0 43
A D 1 16
J N 5 3230 -14 5 5761 144 1 7
K 0 0 45
K 0 0 43
K -1 0 45
K 2 0 45
A D 1 16
H 7 B 1 0 108 6 22 11 11 11 11 33
J B 24 3263 1 82 6913 144 0
J F 0 3284 98 1 1 0 0
K 0 0 203
J N 5 3284 -21 5 1 0 1 8
K 0 7 45
K 0 0 43
K 0 7 45
K 1 7 45
A D 1 16
J N 5 3313 -14 5 1153 144 1 8
K 0 0 45
K 0 0 43
K -1 0 45
K 2 0 45
A D 1 16
J F 0 3342 98 1 2305 144 0
K 0 0 202
J N 5 3342 -21 5 2305 0 1 8
K 0 7 45
K 0 0 43
K 0 7 45
K 1 7 45
A D 1 16
J N 5 3371 28 2 3457 144 1 8
K 0 0 43
A D 1 16
J N 5 3400 14 2 4609 144 1 8
K 0 0 43
A D 1 16
J N 5 3429 28 2 5761 144 1 8
K 0 0 43
A D 1 16
H 8 B 1 0 108 6 22 11 11 11 11 33
J B 25 3462 1 82 6913 144 0
J F 0 3487 98 1 1 0 0
K 0 0 208
J N 5 3487 21 3 1 0 1 9
K -15 0 65
K 0 0 43
A D 1 16
J N 5 3516 28 2 1153 144 1 9
K 0 0 43
A D 1 16
J F 0 3545 98 1 2305 144 0
K 0 0 207
J N 5 3545 21 2 2305 0 1 9
K 0 0 43
A D 1 16
J N 5 3574 14 2 3457 144 1 9
K 0 0 43
A D 1 16
J F 0 3603 98 2 4609 144 0
K 0 0 205
K 15 0 219
J N 5 3603 7 2 4609 0 1 9
K 0 0 43
A D 1 16
J N 5 3638 0 2 5761 144 1 9
K 0 0 43
A D 1 16
H 9 B 1 0 108 6 22 11 11 11 11 33
J B 26 3671 1 82 6913 144 0
J F 0 3692 98 2 1 0 0
K 0 0 203
K 15 0 219
J N 5 3692 -7 2 1 0 1 10
K 0 0 43
A D 1 16
J N 5 3727 0 2 1153 144 1 10
K 0 0 43
A D 1 16
J F 0 3756 98 1 2305 144 0
K 0 0 202
J N 5 3756 -7 2 2305 0 1 10
K 0 0 43
A D 1 16
J N 5 3785 -14 5 3457 144 1 10
K 0 0 45
K 0 0 43
K -1 0 45
K 2 0 45
A D 1 16
J F 0 3814 98 1 4609 144 0
K 0 0 205
J N 5 3814 -21 5 4609 0 1 10
K 0 7 45
K 0 0 43
K 0 7 45
K 1 7 45
A D 1 16
J N 5 3843 -7 2 5761 144 1 10
K 0 0 43
A D 1 16
H 10 B 1 0 108 6 22 11 11 11 11 33
J B 27 3876 1 82 6913 144 0
J F 0 3897 98 2 1 0 0
K 0 0 208
K 0 21 219
J N 5 3897 -14 5 1 0 1 11
K 0 0 45
K 0 0 43
K -1 0 45
K 2 0 45
A D 1 16
J N 5 3926 -21 5 1153 144 1 11
K 0 7 45
K 0 0 43
K 0 7 45
K 1 7 45
A D 1 16
J N 5 3955 -14 5 2305 144 1 11
K 0 0 45
K 0 0 43
K -1 0 45
K 2 0 45
A D 1 16
J N 5 3984 -7 2 3457 144 1 11
K 0 0 43
A D 1 16
J F 0 4013 98 3 4609 144 0
K 0 0 205
K 15 0 219
K 0 21 204
J N 5 4013 0 2 4609 0 1 11
K 0 0 43
A D 1 16
J N 5 4048 14 2 5761 144 1 11
K 0 0 43
A D 1 16
H 11 B 1 0 108 6 22 11 11 11 11 33
J B 28 4081 1 82 6913 144 0
J F 0 4102 98 1 1 0 0
K 0 0 208
J N 5 4102 -7 2 1 0 1 12
K 0 0 43
A D 1 16
J N 5 4131 0 2 1153 144 1 12
K 0 0 43
A D 1 16
J F 0 4160 98 1 2305 144 0
K 0 0 207
J N 5 4160 -7 2 2305 0 1 12
K 0 0 43
A D 1 16
J N 5 4189 -14 5 3457 144 1 12
K 0 0 45
K 0 0 43
K -1 0 45
K 2 0 45
A D 1 16
J N 5 4218 -21 5 4609 144 1 12
K 0 7 45
K 0 0 43
K 0 7 45
K 1 7 45
A D 1 16
J N 5 4247 28 2 5761 144 1 12
K 0 0 43
A D 1 16
H 12 B 1 0 108 6 22 11 11 11 11 33
J B 29 4280 1 82 6913 144 0
J F 0 4305 98 2 1 0 0
K 0 0 205
K 0 21 204
J N 5 4305 21 3 1 0 1 13
K -15 0 65
K 0 0 43
A D 1 16
J N 5 4334 35 2 1153 144 1 13
K 0 0 43
A D 1 16
J F 0 4363 98 2 2305 144 0
K 0 0 204
K 0 21 203
J N 5 4363 14 2 2305 0 1 13
K 0 0 43
A D 1 16
J N 5 4392 21 2 3457 144 1 13
K 0 0 43
A D 1 16
J F 0 4421 98 1 4609 144 0
K 0 21 202
J N 5 4421 14 2 4609 0 1 13
K 0 0 43
A D 1 16
J N 5 4450 63 2 5761 144 1 13
K 0 0 43
A D 1 16
H 13 B 0 0 108 6 22 11 11 11 11 33
J B 30 4483 1 82 6913 144 0
J N 5 4504 42 2 1 0 1 14
K 0 0 43
A D 1 16
J N 5 4533 49 2 1153 144 1 14
K 0 0 43
A D 1 16
J N 5 4562 42 2 2305 144 1 14
K 0 0 43
A D 1 16
J N 5 4591 35 2 3457 144 1 14
K 0 0 43
A D 1 16
J N 5 4620 28 2 4609 144 1 14
K 0 0 43
A D 1 16
J N 5 4649 42 2 5761 144 1 14
K 0 0 43
A D 1 16
H 14 B 0 0 108 6 22 11 11 11 11 33
J B 31 4682 1 82 6913 144 0
J F 0 4707 98 1 1 0 0
K 0 0 208
J N 5 4707 21 3 1 0 1 15
K -15 0 65
K 0 0 43
A D 1 16
J N 5 4736 28 2 1153 144 1 15
K 0 0 43
A D 1 16
J F 0 4765 98 1 2305 144 0
K 0 0 207
J N 5 4765 21 2 2305 0 1 15
K 0 0 43
A D 1 16
J N 5 4794 14 2 3457 144 1 15
K 0 0 43
A D 1 16
J F 0 4823 98 2 4609 144 0
K 0 0 205
K 15 0 219
J N 5 4823 7 2 4609 0 1 15
K 0 0 43
A D 1 16
J N 5 4858 21 2 5761 144 1 15
K 0 0 43
A D 1 16
H 15 B 1 0 108 6 22 11 11 11 11 33
J B 32 4891 1 82 6913 144 0
J F 0 4912 98 2 1 0 0
K 0 0 206
K 15 0 219
J N 7 4912 14 4 1 0 0
K 0 0 43
K 0 0 60
K 0 21 60
A D 4 16
J F 0 4965 98 1 4609 576 0
K 0 0 204
J N 6 4965 7 3 4609 0 0
K 0 0 43
K 0 0 54
A D 2 16
J B 33 5007 1 82 6913 288 0
J F 0 5028 98 2 1 0 0
K 0 0 206
K 0 21 204
J N 6 5028 21 3 1 0 1 16
K -15 0 65
K 0 0 43
A D 2 16
J F 0 5066 98 2 2305 288 0
K 0 0 204
K 0 21 203
J N 6 5066 14 2 2305 0 1 16
K 0 0 43
A D 2 16
J F 0 5104 98 1 4609 288 0
K 0 21 202
J N 6 5104 63 2 4609 0 1 16
K 0 0 43
A D 2 16
H 16 B 0 0 108 3 2 1 3
J B 34 5146 1 82 6913 288 0
J N 7 5167 42 4 1 0 0
K 0 0 43
K 0 0 59
K 0 -21 59
A D 4 16
J N 6 5220 21 4 4609 576 0
K -15 0 65
K 0 0 43
K 0 0 54
A D 2 16
J B 35 5262 1 82 6913 288 0
J F 0 5283 98 2 1 0 0
K 0 0 203
K 0 21 201
J N 7 5283 21 5 1 0 0
K -15 0 65
K 0 0 43
K 0 0 60
K 0 21 60
A D 4 16
J F 0 5336 98 1 4609 576 0
K 0 0 205
J N 6 5336 28 3 4609 0 0
K 0 0 43
K 0 0 54
A D 2 16
J B 36 5378 1 82 6913 288 0
J F 0 5399 98 2 1 0 0
K 0 0 205
K 0 21 204
J N 6 5399 21 3 1 0 1 17
K -15 0 65
K 0 0 43
A D 2 16
J F 0 5437 98 1 2305 288 0
K 0 21 203
J N 6 5437 14 2 2305 0 1 17
K 0 0 43
A D 2 16
J F 0 5475 98 1 4609 288 0
K 0 21 202
J N 6 5475 63 2 4609 0 1 17
K 0 0 43
A D 2 16
H 17 B 0 0 108 3 2 1 3
J B 37 5517 1 82 6913 288 0
J N 7 5538 42 5 1 0 0
K 0 0 43
K 24 -6 44
K 0 0 59
K 0 -21 59
A D 6 16
J B 0 5623 6 2 6913 864 0
K -13 0 82
K -6 0 84
J M 0 5623 0 0 10000 0 0
