S 0 200 140 2050 1066 7 "[...][....]"        
L 0 0 0 300 300 * 0 14 0        
J C 4 5 42 2 6913 0 0        
K 0 0 33        
K 0 0 34        
J K 0 57 0 0 6913 0 0        
J D 0 -11 -14 1 6913 0 0        
W 0 0 37 \05\04        
J N 8 100 14 4 1 0 0        
K 0 0 42        
K 0 0 60        
K 0 21 60        
A D 4 8        
J N 7 240 -7 4 4609 1152 0        
K 0 0 43        
K 0 0 60        
K 0 21 60        
A D 2 8        
J B 55 337 1 82 6913 576 0        
J N 7 358 7 4 1 0 0        
K 0 0 43        
K 0 0 60        
K 0 21 60        
A D 2 8        
J N 7 428 21 4 2305 576 0        
K 0 0 43        
K 0 0 60        
K 0 21 60        
A D 2 8        
J R 7 498 28 2 4609 576 0        
K 0 0 48        
A D 2 8        
J B 56 568 1 82 6913 576 0        
J R 7 589 28 2 1 0 0        
K 0 0 48        
A D 2 8        
J N 7 659 14 4 2305 576 0        
K 0 0 43        
K 0 0 60        
K 0 21 60        
A D 2 8        
J N 7 729 -7 4 4609 576 0        
K 0 0 43        
K 0 0 60        
K 0 21 60        
A D 2 8        
J B 57 799 1 82 6913 576 0        
J N 8 820 21 4 1 0 0        
K 0 0 42        
K 0 0 60        
K 0 21 60        
A D 4 8        
J R 7 956 28 2 4609 1152 0        
K 0 0 48        
A D 2 8        
J B 58 1024 1 82 6913 576 0        
J R 7 1045 28 2 1 0 0        
K 0 0 48        
A D 2 8        
J N 7 1113 28 4 2305 576 0        
K 0 0 43        
K 0 0 60        
K 0 21 60        
A D 2 8        
J N 7 1181 7 4 4609 576 0        
K 0 0 43        
K 0 0 60        
K 0 21 60        
A D 2 8        
J B 59 1249 1 82 6913 576 0        
J N 8 1270 35 4 1 0 0        
K 0 0 42        
K 0 0 59        
K 0 -21 59        
A D 4 8        
J R 7 1406 28 2 4609 1152 0        
K 0 0 48        
A D 2 8        
J B 60 1474 1 82 6913 576 0        
J R 7 1495 28 2 1 0 0        
K 0 0 48        
A D 2 8        
J N 7 1563 -7 4 2305 576 0        
K 0 0 43        
K 0 0 60        
K 0 21 60        
A D 2 8        
J N 7 1631 21 4 4609 576 0        
K 0 0 43        
K 0 0 60        
K 0 21 60        
A D 2 8        
J B 61 1699 1 82 6913 576 0        
J N 7 1720 0 5 1 0 0        
K 0 0 43        
K 24 -6 44        
K 0 0 60        
K 0 21 60        
A D 3 8        
J N 6 1773 -7 3 3457 864 0        
K 0 0 43        
K 0 0 54        
A D 1 8        
J N 7 1807 7 4 4609 288 1 15        
K 0 0 43        
K 0 0 60        
K 0 21 60        
A D 2 8        
J B 62 1850 1 82 6913 576 0        
J N 6 1871 7 2 1 0 2 16 15        
K 0 0 43        
A D 1 8        
H 15 T 7 0 0 0 0 0 1 0        
J N 6 1905 14 2 1153 288 1 16        
K 0 0 43        
A D 1 8        
H 16 B -50 4 108 2 2 3        
J N 8 1939 14 4 2305 288 0        
K 0 0 42        
K 0 0 60        
K 0 21 60        
A D 4 8        
J B 63 2050 1 82 6913 1152 0        
E *        
L 160 0 0 300 300 * 0 14 0        
J C 4 5 42 2 6913 0 0        
K 0 0 33        
K 0 0 34        
J K 0 57 0 0 6913 0 0        
J D 0 -11 -14 1 6913 0 0        
W 0 0 0 \05\04        
J N 7 100 -7 4 1 0 0        
K 0 0 43        
K 0 0 60        
K 0 21 60        
A D 4 16        
J N 7 170 -21 8 2305 576 1 16        
K 0 7 45        
K 0 0 43        
K 0 7 45        
K 1 7 45        
K 25 0 44        
K 0 0 60        
K 0 21 60        
A D 6 16        
J N 5 275 -14 5 5761 864 1 17        
K 0 0 45        
K 0 0 43        
K -1 0 45        
K 2 0 45        
A D 1 16        
J N 5 304 -21 5 6337 144 2 17 16        
K 0 7 45        
K 0 0 43        
K 0 7 45        
K 1 7 45        
A D 1 16        
H 17 B -47 -4 108 2 22 33        
H 16 S 0 0 0 0 0 0 0 0 0        
J B 55 337 1 82 6913 144 0        
J N 7 358 -28 8 1 0 0        
K 0 14 45        
K 0 0 45        
K 0 0 43        
K -1 0 45        
K 2 0 45        
K 0 0 60        
K 0 28 60        
A D 4 16        
J N 7 428 7 4 2305 576 0        
K 0 0 43        
K 0 0 60        
K 0 21 60        
A D 4 16        
J N 7 498 -14 7 4609 576 0        
K 0 0 45        
K 0 0 43        
K -1 0 45        
K 2 0 45        
K 0 0 60        
K 0 21 60        
A D 4 16        
J B 56 568 1 82 6913 576 0        
J N 7 589 -14 8 1 0 1 18        
K 0 0 45        
K 0 0 43        
K -1 0 45        
K 2 0 45        
K 0 -22 236        
K 0 0 60        
K 0 21 60        
A D 4 16        
J N 7 659 -7 4 2305 576 1 18        
K 0 0 43        
K 0 0 60        
K 0 21 60        
A D 4 16        
H 18 S 0 0 0 0 0 0 0 0 0        
J R 7 729 28 2 4609 576 0        
K 0 0 48        
A D 4 16        
J B 57 799 1 82 6913 576 0        
J R 7 820 28 2 1 0 0        
K 0 0 48        
A D 4 16        
J N 7 888 21 4 2305 576 0        
K 0 0 43        
K 0 0 60        
K 0 21 60        
A D 4 16        
J N 7 956 0 4 4609 576 0        
K 0 0 43        
K 0 0 60        
K 0 21 60        
A D 4 16        
J B 58 1024 1 82 6913 576 0        
J N 7 1045 0 5 1 0 1 19        
K 0 0 43        
K 0 -22 236        
K 0 0 60        
K 0 21 60        
A D 4 16        
J N 7 1113 7 4 2305 576 1 19        
K 0 0 43        
K 0 0 60        
K 0 21 60        
A D 4 16        
H 19 S 0 0 0 0 0 0 0 0 0        
J R 7 1181 28 2 4609 576 0        
K 0 0 48        
A D 4 16        
J B 59 1249 1 82 6913 576 0        
J R 7 1270 28 2 1 0 0        
K 0 0 48        
A D 4 16        
J N 7 1338 35 4 2305 576 0        
K 0 0 43        
K 0 0 59        
K 0 -21 59        
A D 4 16        
J N 7 1406 14 4 4609 576 0        
K 0 0 43        
K 0 0 60        
K 0 21 60        
A D 4 16        
J B 60 1474 1 82 6913 576 0        
J N 7 1495 42 4 1 0 0        
K 0 0 43        
K 0 0 59        
K 0 -21 59        
A D 4 16        
J N 7 1563 7 4 2305 576 0        
K 0 0 43        
K 0 0 60        
K 0 21 60        
A D 4 16        
J N 7 1631 -7 4 4609 576 0        
K 0 0 43        
K 0 0 60        
K 0 21 60        
A D 4 16        
J B 61 1699 1 82 6913 576 0        
J N 8 1720 28 4 1 0 0        
K 0 0 42        
K 0 0 60        
K 0 21 60        
A D 8 16        
J N 7 1807 21 4 4609 1152 1 20        
K 0 0 43        
K 0 0 60        
K 0 21 60        
A D 4 16        
J B 62 1850 1 82 6913 576 0        
J N 7 1871 21 4 1 0 1 20        
K 0 0 43        
K 0 0 60        
K 0 21 60        
A D 4 16        
H 20 T 21 0 0 0 0 0 1 0        
J N 7 1939 21 5 2305 576 0        
K 0 0 43        
K 25 0 44        
K 0 0 60        
K 0 21 60        
A D 6 16        
J N 6 2016 28 3 5761 864 0        
K 0 0 43        
K 0 0 54        
A D 2 16        
J B 63 2050 1 82 6913 288 0        
E *        
L 320 0 0 300 300 * 0 14 0        
J C 22 5 14 36 6913 0 0        
J K 0 57 0 0 6913 0 0        
J D 0 -11 -14 1 6913 0 0        
W 0 0 0 \05\04        
J N 6 100 -7 2 1 0 1 47        
K 0 0 43        
A D 1 8        
J N 6 135 -21 5 1153 288 1 47        
K 0 7 45        
K 0 0 43        
K 0 7 45        
K 1 7 45        
A D 1 8        
J N 6 170 -42 7 2305 288 1 47        
K 0 28 45        
K 0 14 45        
K 0 0 45        
K 0 0 43        
K -1 0 45        
K 2 0 45        
A D 1 8        
J N 6 205 -21 5 3457 288 1 47        
K 0 7 45        
K 0 0 43        
K 0 7 45        
K 1 7 45        
A D 1 8        
J N 6 240 -7 2 4609 288 1 47        
K 0 0 43        
A D 1 8        
J N 6 275 -42 7 5761 288 1 47        
K 0 28 45        
K 0 14 45        
K 0 0 45        
K 0 0 43        
K -1 0 45        
K 2 0 45        
A D 1 8        
H 47 B -51 -2 108 6 2 1 1 1 1 3        
J B 55 337 1 82 6913 288 0        
J N 6 358 -14 5 1 0 1 48        
K 0 0 45        
K 0 0 43        
K -1 0 45        
K 2 0 45        
A D 1 8        
J N 6 393 -28 6 1153 288 1 48        
K 0 14 45        
K 0 0 45        
K 0 0 43        
K -1 0 45        
K 2 0 45        
A D 1 8        
J N 6 428 -42 7 2305 288 1 48        
K 0 28 45        
K 0 14 45        
K 0 0 45        
K 0 0 43        
K -1 0 45        
K 2 0 45        
A D 1 8        
J N 6 463 -28 6 3457 288 1 48        
K 0 14 45        
K 0 0 45        
K 0 0 43        
K -1 0 45        
K 2 0 45        
A D 1 8        
J F 0 498 98 1 4609 288 0        
K 0 0 205        
J N 6 498 -14 5 4609 0 1 48        
K 0 0 45        
K 0 0 43        
K -1 0 45        
K 2 0 45        
A D 1 8        
J N 6 533 -49 7 5761 288 1 48        
K 0 35 45        
K 0 21 45        
K 0 7 45        
K 0 0 43        
K 0 7 45        
K 1 7 45        
A D 1 8        
H 48 B -47 0 108 6 2 1 1 1 1 3        
J B 56 568 1 82 6913 288 0        
J F 0 589 98 1 1 0 0        
K 0 0 206        
J N 6 589 -7 2 1 0 1 49        
K 0 0 43        
A D 1 8        
J N 6 624 -21 5 1153 288 1 49        
K 0 7 45        
K 0 0 43        
K 0 7 45        
K 1 7 45        
A D 1 8        
J N 6 659 -42 7 2305 288 1 49        
K 0 28 45        
K 0 14 45        
K 0 0 45        
K 0 0 43        
K -1 0 45        
K 2 0 45        
A D 1 8        
J N 6 694 -21 5 3457 288 1 49        
K 0 7 45        
K 0 0 43        
K 0 7 45        
K 1 7 45        
A D 1 8        
J N 6 729 -7 2 4609 288 1 49        
K 0 0 43        
A D 1 8        
J N 6 764 -42 7 5761 288 1 49        
K 0 28 45        
K 0 14 45        
K 0 0 45        
K 0 0 43        
K -1 0 45        
K 2 0 45        
A D 1 8        
H 49 B -51 -2 108 6 2 1 1 1 1 3        
J B 57 799 1 82 6913 288 0        
J F 0 820 98 1 1 0 0        
K 0 0 206        
J N 6 820 0 2 1 0 1 50        
K 0 0 43        
A D 1 8        
J N 6 854 -14 5 1153 288 1 50        
K 0 0 45        
K 0 0 43        
K -1 0 45        
K 2 0 45        
A D 1 8        
J N 6 888 -35 6 2305 288 1 50        
K 0 21 45        
K 0 7 45        
K 0 0 43        
K 0 7 45        
K 1 7 45        
A D 1 8        
J N 6 922 -14 5 3457 288 1 50        
K 0 0 45        
K 0 0 43        
K -1 0 45        
K 2 0 45        
A D 1 8        
J N 6 956 0 2 4609 288 1 50        
K 0 0 43        
A D 1 8        
J N 6 990 -35 6 5761 288 1 50        
K 0 21 45        
K 0 7 45        
K 0 0 43        
K 0 7 45        
K 1 7 45        
A D 1 8        
H 50 B -44 -2 108 6 2 1 1 1 1 3        
J B 58 1024 1 82 6913 288 0        
J F 0 1045 98 1 1 0 0        
K 0 0 206        
J N 6 1045 7 2 1 0 1 51        
K 0 0 43        
A D 1 8        
J N 6 1079 -7 2 1153 288 1 51        
K 0 0 43        
A D 1 8        
J N 6 1113 -28 6 2305 288 1 51        
K 0 14 45        
K 0 0 45        
K 0 0 43        
K -1 0 45        
K 2 0 45        
A D 1 8        
J N 6 1147 -7 2 3457 288 1 51        
K 0 0 43        
A D 1 8        
J N 6 1181 7 2 4609 288 1 51        
K 0 0 43        
A D 1 8        
J N 6 1215 -28 6 5761 288 1 51        
K 0 14 45        
K 0 0 45        
K 0 0 43        
K -1 0 45        
K 2 0 45        
A D 1 8        
H 51 B -51 -2 108 6 2 1 1 1 1 3        
J B 59 1249 1 82 6913 288 0        
J F 0 1270 98 1 1 0 0        
K 0 0 206        
J N 6 1270 14 2 1 0 1 52        
K 0 0 43        
A D 1 8        
J N 6 1304 0 2 1153 288 1 52        
K 0 0 43        
A D 1 8        
J N 6 1338 -21 5 2305 288 1 52        
K 0 7 45        
K 0 0 43        
K 0 7 45        
K 1 7 45        
A D 1 8        
J N 6 1372 0 2 3457 288 1 52        
K 0 0 43        
A D 1 8        
J N 6 1406 14 2 4609 288 1 52        
K 0 0 43        
A D 1 8        
J N 6 1440 -21 5 5761 288 1 52        
K 0 7 45        
K 0 0 43        
K 0 7 45        
K 1 7 45        
A D 1 8        
H 52 B -44 -2 108 6 2 1 1 1 1 3        
J B 60 1474 1 82 6913 288 0        
J F 0 1495 98 1 1 0 0        
K 0 0 206        
J N 6 1495 21 2 1 0 1 53        
K 0 0 43        
A D 1 8        
J N 6 1529 7 2 1153 288 1 53        
K 0 0 43        
A D 1 8        
J N 6 1563 -14 5 2305 288 1 53        
K 0 0 45        
K 0 0 43        
K -1 0 45        
K 2 0 45        
A D 1 8        
J N 6 1597 7 2 3457 288 1 53        
K 0 0 43        
A D 1 8        
J N 6 1631 21 2 4609 288 1 53        
K 0 0 43        
A D 1 8        
J N 6 1665 -14 5 5761 288 1 53        
K 0 0 45        
K 0 0 43        
K -1 0 45        
K 2 0 45        
A D 1 8        
H 53 B -51 -2 108 6 2 1 1 1 1 3        
J B 61 1699 1 82 6913 288 0        
J F 0 1720 98 1 1 0 0        
K 0 0 205        
J N 8 1720 28 4 1 0 0        
K 0 0 42        
K 0 0 60        
K 0 21 60        
A D 4 8        
J N 7 1807 35 4 4609 1152 0        
K 0 0 43        
K 0 0 59        
K 0 -21 59        
A D 2 8        
J B 62 1850 1 82 6913 576 0        
J F 0 1871 98 2 1 0 0        
K 0 0 206        
K 0 21 204        
J N 7 1871 14 4 1 0 0        
K 0 0 43        
K 0 0 60        
K 0 21 60        
A D 2 8        
J F 0 1939 98 1 2305 576 0        
K 0 0 203        
J N 7 1939 7 4 2305 0 0        
K 0 0 43        
K 0 0 60        
K 0 21 60        
A D 2 8        
J F 0 1982 98 1 4609 576 0        
K 0 0 202        
J N 7 1982 56 4 4609 0 0        
K 0 0 43        
K 0 0 59        
K 0 -21 59        
A D 2 8        
J B 63 2050 1 82 6913 576 0        
E *        
L 530 0 0 300 300 * 0 14 0        
J C 4 5 42 2 6913 0 0        
K 0 0 33        
K 0 0 34        
J K 0 57 0 0 6913 0 0        
J D 0 -11 -14 1 6913 0 0        
W 0 0 0 \05\04        
J N 8 100 14 4 1 0 0        
K 0 0 42        
K 0 0 60        
K 0 21 60        
A D 4 8        
J N 7 240 -7 4 4609 1152 0        
K 0 0 43        
K 0 0 60        
K 0 21 60        
A D 2 8        
J B 55 337 1 82 6913 576 0        
J N 8 358 7 5 1 0 0        
K 0 0 42        
K 25 0 44        
K 0 0 60        
K 0 21 60        
A D 6 8        
J B 56 568 1 82 6913 1728 0        
J R 7 589 28 2 1 0 0        
K 0 0 48        
A D 2 8        
J N 8 659 -7 4 2305 576 0        
K 0 0 42        
K 0 0 60        
K 0 21 60        
A D 4 8        
J B 57 799 1 82 6913 1152 0        
J R 7 820 28 2 1 0 0        
K 0 0 48        
A D 2 8        
J N 8 888 0 4 2305 576 0        
K 0 0 42        
K 0 0 60        
K 0 21 60        
A D 4 8        
J B 58 1024 1 82 6913 1152 0        
J R 7 1045 28 2 1 0 0        
K 0 0 48        
A D 2 8        
J N 8 1113 7 4 2305 576 0        
K 0 0 42        
K 0 0 60        
K 0 21 60        
A D 4 8        
J B 59 1249 1 82 6913 1152 0        
J R 7 1270 28 2 1 0 0        
K 0 0 48        
A D 2 8        
J N 8 1338 14 4 2305 576 0        
K 0 0 42        
K 0 0 60        
K 0 21 60        
A D 4 8        
J B 60 1474 1 82 6913 1152 0        
J R 7 1495 28 2 1 0 0        
K 0 0 48        
A D 2 8        
J N 8 1563 21 4 2305 576 0        
K 0 0 42        
K 0 0 60        
K 0 21 60        
A D 4 8        
J B 61 1699 1 82 6913 1152 0        
J N 7 1720 0 5 1 0 0        
K 0 0 43        
K 24 -6 44        
K 0 0 60        
K 0 21 60        
A D 3 8        
J N 6 1773 -7 3 3457 864 0        
K 0 0 43        
K 0 0 54        
A D 1 8        
J N 7 1807 7 4 4609 288 1 9        
K 0 0 43        
K 0 0 60        
K 0 21 60        
A D 2 8        
J B 62 1850 1 82 6913 576 0        
J N 6 1871 7 2 1 0 2 10 9        
K 0 0 43        
A D 1 8        
H 9 T 7 0 0 0 0 0 1 0        
J N 6 1905 14 2 1153 288 1 10        
K 0 0 43        
A D 1 8        
H 10 B -50 4 108 2 2 3        
J N 8 1939 14 4 2305 288 0        
K 0 0 42        
K 0 0 60        
K 0 21 60        
A D 4 8        
J B 63 2050 1 82 6913 1152 0        
E *        
L 690 0 0 300 300 * 0 14 0        
J C 4 5 42 2 6913 0 0        
K 0 0 33        
K 0 0 34        
J K 0 57 0 0 6913 0 0        
J D 0 -11 -14 1 6913 0 0        
W 0 0 0 \05\04        
J N 7 100 -7 4 1 0 0        
K 0 0 43        
K 0 0 60        
K 0 21 60        
A D 4 16        
J N 7 170 -21 8 2305 576 1 10        
K 0 7 45        
K 0 0 43        
K 0 7 45        
K 1 7 45        
K 25 0 44        
K 0 0 60        
K 0 21 60        
A D 6 16        
J N 5 275 -14 5 5761 864 1 11        
K 0 0 45        
K 0 0 43        
K -1 0 45        
K 2 0 45        
A D 1 16        
J N 5 304 -21 5 6337 144 2 11 10        
K 0 7 45        
K 0 0 43        
K 0 7 45        
K 1 7 45        
A D 1 16        
H 11 B -47 -4 108 2 22 33        
H 10 S 0 0 0 0 0 0 0 0 0        
J B 55 337 1 82 6913 144 0        
J N 8 358 -28 9 1 0 0        
K 0 14 45        
K 0 0 45        
K 0 0 42        
K -1 0 45        
K 2 0 45        
K 24 -6 44        
K 0 0 60        
K 0 28 60        
A D 12 16        
J B 56 568 1 82 6913 1728 0        
J R 7 589 28 2 1 0 0        
K 0 0 48        
A D 4 16        
J N 8 659 14 4 2305 576 0        
K 0 0 42        
K 0 0 60        
K 0 21 60        
A D 8 16        
J B 57 799 1 82 6913 1152 0        
J R 7 820 28 2 1 0 0        
K 0 0 48        
A D 4 16        
J N 8 888 21 4 2305 576 0        
K 0 0 42        
K 0 0 60        
K 0 21 60        
A D 8 16        
J B 58 1024 1 82 6913 1152 0        
J R 7 1045 28 2 1 0 0        
K 0 0 48        
A D 4 16        
J N 8 1113 28 4 2305 576 0        
K 0 0 42        
K 0 0 60        
K 0 21 60        
A D 8 16        
J B 59 1249 1 82 6913 1152 0        
J R 7 1270 28 2 1 0 0        
K 0 0 48        
A D 4 16        
J N 8 1338 35 4 2305 576 0        
K 0 0 42        
K 0 0 59        
K 0 -21 59        
A D 8 16        
J B 60 1474 1 82 6913 1152 0        
J R 7 1495 28 2 1 0 0        
K 0 0 48        
A D 4 16        
J N 8 1563 42 4 2305 576 0        
K 0 0 42        
K 0 0 59        
K 0 -21 59        
A D 8 16        
J B 61 1699 1 82 6913 1152 0        
J N 8 1720 28 4 1 0 0        
K 0 0 42        
K 0 0 60        
K 0 21 60        
A D 8 16        
J N 7 1807 21 4 4609 1152 1 12        
K 0 0 43        
K 0 0 60        
K 0 21 60        
A D 4 16        
J B 62 1850 1 82 6913 576 0        
J N 7 1871 21 4 1 0 1 12        
K 0 0 43        
K 0 0 60        
K 0 21 60        
A D 4 16        
H 12 T 21 0 0 0 0 0 1 0        
J N 7 1939 21 5 2305 576 0        
K 0 0 43        
K 25 0 44        
K 0 0 60        
K 0 21 60        
A D 6 16        
J N 6 2016 28 3 5761 864 0        
K 0 0 43        
K 0 0 54        
A D 2 16        
J B 63 2050 1 82 6913 288 0        
E *        
L 850 0 0 300 300 * 0 14 0        
J C 13 5 28 35 6913 0 0        
J K 0 57 0 0 6913 0 0        
J D 0 -11 -14 1 6913 0 0        
W 0 0 0 \05\04        
J N 7 100 -28 8 1 0 0        
K 0 14 45        
K 0 0 45        
K 0 0 43        
K -1 0 45        
K 2 0 45        
K 0 0 60        
K 0 28 60        
A D 2 8        
J N 8 170 0 4 2305 576 0        
K 0 0 42        
K 0 0 60        
K 0 21 60        
A D 4 8        
J B 55 337 1 82 6913 1152 0        
J N 8 358 0 4 1 0 0        
K 0 0 42        
K 0 0 60        
K 0 21 60        
A D 4 8        
J R 7 498 28 2 4609 1152 0        
K 0 0 48        
A D 2 8        
J B 56 568 1 82 6913 576 0        
J R 7 589 28 2 1 0 0        
K 0 0 48        
A D 2 8        
J N 8 659 -14 7 2305 576 0        
K 0 0 45        
K 0 0 42        
K -1 0 45        
K 2 0 45        
K 0 0 60        
K 0 21 60        
A D 4 8        
J B 57 799 1 82 6913 1152 0        
J R 7 820 28 2 1 0 0        
K 0 0 48        
A D 2 8        
J N 8 888 -7 4 2305 576 0        
K 0 0 42        
K 0 0 60        
K 0 21 60        
A D 4 8        
J B 58 1024 1 82 6913 1152 0        
J R 7 1045 28 2 1 0 0        
K 0 0 48        
A D 2 8        
J N 8 1113 0 4 2305 576 0        
K 0 0 42        
K 0 0 60        
K 0 21 60        
A D 4 8        
J B 59 1249 1 82 6913 1152 0        
J R 7 1270 28 2 1 0 0        
K 0 0 48        
A D 2 8        
J N 8 1338 7 4 2305 576 0        
K 0 0 42        
K 0 0 60        
K 0 21 60        
A D 4 8        
J B 60 1474 1 82 6913 1152 0        
J R 7 1495 28 2 1 0 0        
K 0 0 48        
A D 2 8        
J N 8 1563 14 4 2305 576 0        
K 0 0 42        
K 0 0 60        
K 0 21 60        
A D 4 8        
J B 61 1699 1 82 6913 1152 0        
J N 8 1720 7 4 1 0 0        
K 0 0 42        
K 0 0 60        
K 0 21 60        
A D 4 8        
J N 7 1807 0 4 4609 1152 0        
K 0 0 43        
K 0 0 60        
K 0 21 60        
A D 2 8        
J B 62 1850 1 82 6913 576 0        
J N 7 1871 -7 4 1 0 0        
K 0 0 43        
K 0 0 60        
K 0 21 60        
A D 2 8        
J N 7 1939 21 5 2305 576 0        
K 0 0 43        
K 25 0 44        
K 0 0 60        
K 0 21 60        
A D 3 8        
J N 6 2016 0 3 5761 864 0        
K 0 0 43        
K 0 0 54        
A D 1 8        
J B 63 2050 1 82 6913 288 0        
E *        
L 1010 0 0 300 300 * 0 14 0        
J C 22 5 14 36 6913 0 0        
J K 0 57 0 0 6913 0 0        
J D 0 -11 -14 1 6913 0 0        
W 0 0 0 \05\04        
J F 0 100 98 1 1 0 0        
K 0 0 205        
J N 7 100 -7 4 1 0 0        
K 0 0 43        
K 0 0 60        
K 0 21 60        
A D 2 8        
J N 8 170 7 4 2305 576 0        
K 0 0 42        
K 0 0 60        
K 0 21 60        
A D 4 8        
J B 55 337 1 82 6913 1152 0        
J F 0 358 98 1 1 0 0        
K 0 0 204        
J N 8 358 -14 8 1 0 0        
K 0 0 45        
K 0 0 42        
K -1 0 45        
K 2 0 45        
K 24 -6 44        
K 0 0 60        
K 0 21 60        
A D 6 8        
J F 0 498 98 1 4609 1152 0        
K 0 0 205        
J B 56 568 1 82 6913 576 0        
J F 0 589 98 1 1 0 0        
K 0 0 206        
J N 8 589 -7 4 1 0 0        
K 0 0 42        
K 0 0 60        
K 0 21 60        
A D 4 8        
J F 0 659 98 1 2305 576 0        
K 0 0 205        
J R 7 729 28 2 4609 576 0        
K 0 0 48        
A D 2 8        
J B 57 799 1 82 6913 576 0        
J F 0 820 98 1 1 0 0        
K 0 0 206        
J N 8 820 0 4 1 0 0        
K 0 0 42        
K 0 0 60        
K 0 21 60        
A D 4 8        
J F 0 888 98 1 2305 576 0        
K 0 0 205        
J R 7 956 28 2 4609 576 0        
K 0 0 48        
A D 2 8        
J B 58 1024 1 82 6913 576 0        
J F 0 1045 98 1 1 0 0        
K 0 0 206        
J N 8 1045 7 4 1 0 0        
K 0 0 42        
K 0 0 60        
K 0 21 60        
A D 4 8        
J F 0 1113 98 1 2305 576 0        
K 0 0 205        
J R 7 1181 28 2 4609 576 0        
K 0 0 48        
A D 2 8        
J B 59 1249 1 82 6913 576 0        
J F 0 1270 98 1 1 0 0        
K 0 0 206        
J N 8 1270 14 4 1 0 0        
K 0 0 42        
K 0 0 60        
K 0 21 60        
A D 4 8        
J F 0 1338 98 1 2305 576 0        
K 0 0 205        
J R 7 1406 28 2 4609 576 0        
K 0 0 48        
A D 2 8        
J B 60 1474 1 82 6913 576 0        
J F 0 1495 98 1 1 0 0        
K 0 0 206        
J N 8 1495 21 4 1 0 0        
K 0 0 42        
K 0 0 60        
K 0 21 60        
A D 4 8        
J F 0 1563 98 1 2305 576 0        
K 0 0 205        
J R 7 1631 28 2 4609 576 0        
K 0 0 48        
A D 2 8        
J B 61 1699 1 82 6913 576 0        
J F 0 1720 98 1 1 0 0        
K 0 0 205        
J N 8 1720 28 4 1 0 0        
K 0 0 42        
K 0 0 60        
K 0 21 60        
A D 4 8        
J N 7 1807 35 4 4609 1152 0        
K 0 0 43        
K 0 0 59        
K 0 -21 59        
A D 2 8        
J B 62 1850 1 82 6913 576 0        
J F 0 1871 98 2 1 0 0        
K 0 0 206        
K 0 21 204        
J N 7 1871 14 4 1 0 0        
K 0 0 43        
K 0 0 60        
K 0 21 60        
A D 2 8        
J F 0 1939 98 1 2305 576 0        
K 0 0 203        
J N 7 1939 7 4 2305 0 0        
K 0 0 43        
K 0 0 60        
K 0 21 60        
A D 2 8        
J F 0 1982 98 1 4609 576 0        
K 0 0 202        
J N 7 1982 56 4 4609 0 0        
K 0 0 43        
K 0 0 59        
K 0 -21 59        
A D 2 8        
J B 63 2050 1 82 6913 576 0        
E *        
B 1 337 0        
B 1 568 0        
B 1 799 0        
B 1 1024 0        
B 1 1249 0        
B 1 1474 0        
B 1 1699 0        
B 1 1850 0        
B 1 2050 0        
S 0 200 1510 2050 1066 7 "[...][....]"        
L 0 0 0 300 300 * 0 14 0        
J C 4 5 42 2 6913 0 0        
K 0 0 33        
K 0 0 34        
J K 0 57 0 0 6913 0 0        
J D 0 -11 -14 1 6913 0 0        
W 0 0 37 \06\03        
J N 7 100 21 4 1 0 0        
K 0 0 43        
K 0 0 60        
K 0 21 60        
A D 2 8        
J N 7 160 7 4 2305 576 0        
K 0 0 43        
K 0 0 60        
K 0 21 60        
A D 2 8        
J N 7 220 -14 7 4609 576 0        
K 0 0 45        
K 0 0 43        
K -1 0 45        
K 2 0 45        
K 0 0 60        
K 0 21 60        
A D 2 8        
J B 64 283 1 82 6913 576 0        
J N 7 304 -14 8 1 0 1 17        
K 0 0 45        
K 0 0 43        
K -1 0 45        
K 2 0 45        
K 0 -22 236        
K 0 0 60        
K 0 21 60        
A D 2 8        
J N 7 364 -7 4 2305 576 1 17        
K 0 0 43        
K 0 0 60        
K 0 21 60        
A D 2 8        
H 17 S 0 0 0 0 0 0 0 0 0        
J R 7 424 28 2 4609 576 0        
K 0 0 48        
A D 2 8        
J B 65 487 1 82 6913 576 0        
J R 7 508 28 2 1 0 0        
K 0 0 48        
A D 2 8        
J N 7 568 21 4 2305 576 0        
K 0 0 43        
K 0 0 60        
K 0 21 60        
A D 2 8        
J N 7 628 0 4 4609 576 0        
K 0 0 43        
K 0 0 60        
K 0 21 60        
A D 2 8        
J B 66 691 1 82 6913 576 0        
J N 7 712 0 5 1 0 1 18        
K 0 0 43        
K 0 -22 236        
K 0 0 60        
K 0 21 60        
A D 2 8        
J N 7 772 7 4 2305 576 1 18        
K 0 0 43        
K 0 0 60        
K 0 21 60        
A D 2 8        
H 18 S 0 0 0 0 0 0 0 0 0        
J R 7 832 28 2 4609 576 0        
K 0 0 48        
A D 2 8        
J B 67 895 1 82 6913 576 0        
J R 7 916 28 2 1 0 0        
K 0 0 48        
A D 2 8        
J N 7 976 35 4 2305 576 0        
K 0 0 43        
K 0 0 59        
K 0 -21 59        
A D 2 8        
J N 7 1036 14 4 4609 576 0        
K 0 0 43        
K 0 0 60        
K 0 21 60        
A D 2 8        
J B 68 1098 1 82 6913 576 0        
J N 7 1119 42 4 1 0 0        
K 0 0 43        
K 0 0 59        
K 0 -21 59        
A D 2 8        
J N 7 1177 7 4 2305 576 0        
K 0 0 43        
K 0 0 60        
K 0 21 60        
A D 2 8        
J N 7 1235 -7 4 4609 576 0        
K 0 0 43        
K 0 0 60        
K 0 21 60        
A D 2 8        
J B 69 1297 1 82 6913 576 0        
J N 8 1318 28 4 1 0 0        
K 0 0 42        
K 0 0 60        
K 0 21 60        
A D 4 8        
J N 7 1403 21 4 4609 1152 1 19        
K 0 0 43        
K 0 0 60        
K 0 21 60        
A D 2 8        
J B 70 1447 1 82 6913 576 0        
J N 7 1468 21 4 1 0 1 19        
K 0 0 43        
K 0 0 60        
K 0 21 60        
A D 2 8        
H 19 T 21 0 0 0 0 0 1 0        
J N 7 1526 21 5 2305 576 0        
K 0 0 43        
K 25 0 44        
K 0 0 60        
K 0 21 60        
A D 3 8        
J N 6 1585 28 3 5761 864 0        
K 0 0 43        
K 0 0 54        
A D 1 8        
J B 71 1618 1 82 6913 288 0        
J N 8 1639 21 4 1 0 0        
K 0 0 42        
K 0 0 60        
K 0 21 60        
A D 4 8        
J N 7 1706 42 4 4609 1152 0        
K 0 0 43        
K 0 0 59        
K 0 -21 59        
A D 2 8        
J B 72 1750 1 82 6913 576 0        
J N 6 1771 49 2 1 0 2 20 21        
K 0 0 43        
A D 1 8        
J N 6 1800 56 2 1153 288 2 21 20        
K 0 0 43        
A D 1 8        
H 21 B 41 4 108 2 2 3        
H 20 S 12 0 0 0 0 0 0 0 0        
J N 8 1829 63 4 2305 288 0        
K 0 0 42        
K 0 0 59        
K 0 -21 59        
A D 4 8        
J B 73 1932 1 82 6913 1152 0        
J N 8 1953 70 8 1 0 0        
K 1 0 45        
K 0 0 42        
K -1 0 45        
K 2 0 45        
K 24 -6 44        
K 0 0 59        
K 0 -21 59        
A D 6 8        
J B 0 2050 6 4 6913 1728 0        
K -23 21 44        
K -23 35 44        
K -13 0 82        
K -6 0 84        
E *        
L 160 0 0 300 300 * 0 14 0        
J C 4 5 42 2 6913 0 0        
K 0 0 33        
K 0 0 34        
J K 0 57 0 0 6913 0 0        
J D 0 -11 -14 1 6913 0 0        
W 0 0 0 \06\03        
J N 8 100 21 4 1 0 0        
K 0 0 42        
K 0 0 60        
K 0 21 60        
A D 8 16        
J R 7 220 28 2 4609 1152 0        
K 0 0 48        
A D 4 16        
J B 64 283 1 82 6913 576 0        
J R 7 304 28 2 1 0 0        
K 0 0 48        
A D 4 16        
J N 7 364 14 4 2305 576 0        
K 0 0 43        
K 0 0 60        
K 0 21 60        
A D 4 16        
J N 7 424 -7 4 4609 576 0        
K 0 0 43        
K 0 0 60        
K 0 21 60        
A D 4 16        
J B 65 487 1 82 6913 576 0        
J N 8 508 21 4 1 0 0        
K 0 0 42        
K 0 0 60        
K 0 21 60        
A D 8 16        
J R 7 628 28 2 4609 1152 0        
K 0 0 48        
A D 4 16        
J B 66 691 1 82 6913 576 0        
J R 7 712 28 2 1 0 0        
K 0 0 48        
A D 4 16        
J N 7 772 28 4 2305 576 0        
K 0 0 43        
K 0 0 60        
K 0 21 60        
A D 4 16        
J N 7 832 7 4 4609 576 0        
K 0 0 43        
K 0 0 60        
K 0 21 60        
A D 4 16        
J B 67 895 1 82 6913 576 0        
J N 8 916 35 4 1 0 0        
K 0 0 42        
K 0 0 59        
K 0 -21 59        
A D 8 16        
J R 7 1036 28 2 4609 1152 0        
K 0 0 48        
A D 4 16        
J B 68 1098 1 82 6913 576 0        
J R 7 1119 28 2 1 0 0        
K 0 0 48        
A D 4 16        
J N 7 1177 -7 4 2305 576 0        
K 0 0 43        
K 0 0 60        
K 0 21 60        
A D 4 16        
J N 7 1235 21 4 4609 576 0        
K 0 0 43        
K 0 0 60        
K 0 21 60        
A D 4 16        
J B 69 1297 1 82 6913 576 0        
J N 7 1318 0 5 1 0 0        
K 0 0 43        
K 24 -6 44        
K 0 0 60        
K 0 21 60        
A D 6 16        
J N 6 1374 -7 3 3457 864 0        
K 0 0 43        
K 0 0 54        
A D 2 16        
J N 7 1403 7 4 4609 288 1 21        
K 0 0 43        
K 0 0 60        
K 0 21 60        
A D 4 16        
J B 70 1447 1 82 6913 576 0        
J N 6 1468 7 2 1 0 2 22 21        
K 0 0 43        
A D 2 16        
H 21 T 7 0 0 0 0 0 1 0        
J N 6 1497 14 2 1153 288 1 22        
K 0 0 43        
A D 2 16        
H 22 B -50 4 108 2 2 3        
J N 8 1526 14 4 2305 288 0        
K 0 0 42        
K 0 0 60        
K 0 21 60        
A D 8 16        
J B 71 1618 1 82 6913 1152 0        
J N 8 1639 21 4 1 0 0        
K 0 0 42        
K 0 0 60        
K 0 21 60        
A D 8 16        
J N 7 1706 70 7 4609 1152 1 23        
K 1 0 45        
K 0 0 43        
K -1 0 45        
K 2 0 45        
K 0 0 59        
K 0 -21 59        
A D 4 16        
J B 72 1750 1 82 6913 576 0        
J N 7 1771 70 7 1 0 1 23        
K 1 0 45        
K 0 0 43        
K -1 0 45        
K 2 0 45        
K 0 0 59        
K 0 -21 59        
A D 4 16        
H 23 T 70 0 0 0 0 0 13 0        
J N 7 1829 70 8 2305 576 0        
K 1 0 45        
K 0 0 43        
K -1 0 45        
K 2 0 45        
K 24 -6 44        
K 0 0 59        
K 0 -21 59        
A D 6 16        
J N 6 1888 77 7 5761 864 0        
K 1 -7 45        
K 0 0 43        
K 0 -7 45        
K 1 -7 45        
K 0 0 59        
K 0 0 53        
A D 2 16        
J B 73 1932 1 82 6913 288 0        
J N 8 1953 70 8 1 0 0        
K 1 0 45        
K 0 0 42        
K -1 0 45        
K 2 0 45        
K 24 -6 44        
K 0 0 59        
K 0 -21 59        
A D 12 16        
J B 0 2050 6 4 6913 1728 0        
K -23 21 44        
K -23 35 44        
K -13 0 82        
K -6 0 84        
E *        
L 320 0 0 300 300 * 0 14 0        
J C 22 5 14 36 6913 0 0        
J K 0 57 0 0 6913 0 0        
J D 0 -11 -14 1 6913 0 0        
W 0 0 0 \06\03        
J N 6 100 -14 5 1 0 1 54        
K 0 0 45        
K 0 0 43        
K -1 0 45        
K 2 0 45        
A D 1 8        
J N 6 130 -28 6 1153 288 1 54        
K 0 14 45        
K 0 0 45        
K 0 0 43        
K -1 0 45        
K 2 0 45        
A D 1 8        
J N 6 160 -42 7 2305 288 1 54        
K 0 28 45        
K 0 14 45        
K 0 0 45        
K 0 0 43        
K -1 0 45        
K 2 0 45        
A D 1 8        
J N 6 190 -28 6 3457 288 1 54        
K 0 14 45        
K 0 0 45        
K 0 0 43        
K -1 0 45        
K 2 0 45        
A D 1 8        
J F 0 220 98 1 4609 288 0        
K 0 0 205        
J N 6 220 -14 5 4609 0 1 54        
K 0 0 45        
K 0 0 43        
K -1 0 45        
K 2 0 45        
A D 1 8        
J N 6 250 -49 7 5761 288 1 54        
K 0 35 45        
K 0 21 45        
K 0 7 45        
K 0 0 43        
K 0 7 45        
K 1 7 45        
A D 1 8        
H 54 B -47 -1 108 6 2 1 1 1 1 3        
J B 64 283 1 82 6913 288 0        
J F 0 304 98 1 1 0 0        
K 0 0 206        
J N 6 304 -7 2 1 0 1 55        
K 0 0 43        
A D 1 8        
J N 6 334 -21 5 1153 288 1 55        
K 0 7 45        
K 0 0 43        
K 0 7 45        
K 1 7 45        
A D 1 8        
J N 6 364 -42 7 2305 288 1 55        
K 0 28 45        
K 0 14 45        
K 0 0 45        
K 0 0 43        
K -1 0 45        
K 2 0 45        
A D 1 8        
J N 6 394 -21 5 3457 288 1 55        
K 0 7 45        
K 0 0 43        
K 0 7 45        
K 1 7 45        
A D 1 8        
J N 6 424 -7 2 4609 288 1 55        
K 0 0 43        
A D 1 8        
J N 6 454 -42 7 5761 288 1 55        
K 0 28 45        
K 0 14 45        
K 0 0 45        
K 0 0 43        
K -1 0 45        
K 2 0 45        
A D 1 8        
H 55 B -42 -1 108 6 2 1 1 1 1 3        
J B 65 487 1 82 6913 288 0        
J F 0 508 98 1 1 0 0        
K 0 0 206        
J N 6 508 0 2 1 0 1 56        
K 0 0 43        
A D 1 8        
J N 6 538 -14 5 1153 288 1 56        
K 0 0 45        
K 0 0 43        
K -1 0 45        
K 2 0 45        
A D 1 8        
J N 6 568 -35 6 2305 288 1 56        
K 0 21 45        
K 0 7 45        
K 0 0 43        
K 0 7 45        
K 1 7 45        
A D 1 8        
J N 6 598 -14 5 3457 288 1 56        
K 0 0 45        
K 0 0 43        
K -1 0 45        
K 2 0 45        
A D 1 8        
J N 6 628 0 2 4609 288 1 56        
K 0 0 43        
A D 1 8        
J N 6 658 -35 6 5761 288 1 56        
K 0 21 45        
K 0 7 45        
K 0 0 43        
K 0 7 45        
K 1 7 45        
A D 1 8        
H 56 B -47 -1 108 6 2 1 1 1 1 3        
J B 66 691 1 82 6913 288 0        
J F 0 712 98 1 1 0 0        
K 0 0 206        
J N 6 712 7 2 1 0 1 57        
K 0 0 43        
A D 1 8        
J N 6 742 -7 2 1153 288 1 57        
K 0 0 43        
A D 1 8        
J N 6 772 -28 6 2305 288 1 57        
K 0 14 45        
K 0 0 45        
K 0 0 43        
K -1 0 45        
K 2 0 45        
A D 1 8        
J N 6 802 -7 2 3457 288 1 57        
K 0 0 43        
A D 1 8        
J N 6 832 7 2 4609 288 1 57        
K 0 0 43        
A D 1 8        
J N 6 862 -28 6 5761 288 1 57        
K 0 14 45        
K 0 0 45        
K 0 0 43        
K -1 0 45        
K 2 0 45        
A D 1 8        
H 57 B -42 -1 108 6 2 1 1 1 1 3        
J B 67 895 1 82 6913 288 0        
J F 0 916 98 1 1 0 0        
K 0 0 206        
J N 6 916 14 2 1 0 1 58        
K 0 0 43        
A D 1 8        
J N 6 946 0 2 1153 288 1 58        
K 0 0 43        
A D 1 8        
J N 6 976 -21 5 2305 288 1 58        
K 0 7 45        
K 0 0 43        
K 0 7 45        
K 1 7 45        
A D 1 8        
J N 6 1006 0 2 3457 288 1 58        
K 0 0 43        
A D 1 8        
J N 6 1036 14 2 4609 288 1 58        
K 0 0 43        
A D 1 8        
J N 6 1065 -21 5 5761 288 1 58        
K 0 7 45        
K 0 0 43        
K 0 7 45        
K 1 7 45        
A D 1 8        
H 58 B -47 -1 108 6 2 1 1 1 1 3        
J B 68 1098 1 82 6913 288 0        
J F 0 1119 98 1 1 0 0        
K 0 0 206        
J N 6 1119 21 2 1 0 1 59        
K 0 0 43        
A D 1 8        
J N 6 1148 7 2 1153 288 1 59        
K 0 0 43        
A D 1 8        
J N 6 1177 -14 5 2305 288 1 59        
K 0 0 45        
K 0 0 43        
K -1 0 45        
K 2 0 45        
A D 1 8        
J N 6 1206 7 2 3457 288 1 59        
K 0 0 43        
A D 1 8        
J N 6 1235 21 2 4609 288 1 59        
K 0 0 43        
A D 1 8        
J N 6 1264 -14 5 5761 288 1 59        
K 0 0 45        
K 0 0 43        
K -1 0 45        
K 2 0 45        
A D 1 8        
H 59 B -42 -1 108 6 2 1 1 1 1 3        
J B 69 1297 1 82 6913 288 0        
J F 0 1318 98 1 1 0 0        
K 0 0 205        
J N 8 1318 28 4 1 0 0        
K 0 0 42        
K 0 0 60        
K 0 21 60        
A D 4 8        
J N 7 1403 35 4 4609 1152 0        
K 0 0 43        
K 0 0 59        
K 0 -21 59        
A D 2 8        
J B 70 1447 1 82 6913 576 0        
J F 0 1468 98 2 1 0 0        
K 0 0 206        
K 0 21 204        
J N 7 1468 14 4 1 0 0        
K 0 0 43        
K 0 0 60        
K 0 21 60        
A D 2 8        
J F 0 1526 98 1 2305 576 0        
K 0 0 203        
J N 7 1526 7 4 2305 0 0        
K 0 0 43        
K 0 0 60        
K 0 21 60        
A D 2 8        
J F 0 1570 98 1 4609 576 0        
K 0 0 202        
J N 7 1570 56 4 4609 0 0        
K 0 0 43        
K 0 0 59        
K 0 -21 59        
A D 2 8        
J B 71 1618 1 82 6913 576 0        
J N 8 1639 35 4 1 0 0        
K 0 0 42        
K 0 0 59        
K 0 -21 59        
A D 4 8        
J N 7 1706 21 4 4609 1152 0        
K 0 0 43        
K 0 0 60        
K 0 21 60        
A D 2 8        
J B 72 1750 1 82 6913 576 0        
J F 0 1771 98 2 1 0 0        
K 0 0 205        
K 0 21 204        
J N 7 1771 14 4 1 0 0        
K 0 0 43        
K 0 0 60        
K 0 21 60        
A D 2 8        
J F 0 1829 98 1 2305 576 0        
K 0 0 203        
J N 7 1829 7 4 2305 0 0        
K 0 0 43        
K 0 0 60        
K 0 21 60        
A D 2 8        
J F 0 1873 98 1 4609 576 0        
K 0 0 202        
J N 7 1873 56 4 4609 0 0        
K 0 0 43        
K 0 0 59        
K 0 -21 59        
A D 2 8        
J B 73 1932 1 82 6913 576 0        
J N 8 1953 35 5 1 0 0        
K 0 0 42        
K 25 0 44        
K 0 0 59        
K 0 -21 59        
A D 6 8        
J B 0 2050 6 4 6913 1728 0        
K -23 21 44        
K -23 35 44        
K -13 0 82        
K -6 0 84        
E *        
L 530 0 0 300 300 * 0 14 0        
J C 4 5 42 2 6913 0 0        
K 0 0 33        
K 0 0 34        
J K 0 57 0 0 6913 0 0        
J D 0 -11 -14 1 6913 0 0        
W 0 0 0 \06\03        
J N 8 100 21 5 1 0 0        
K 0 0 42        
K 25 0 44        
K 0 0 60        
K 0 21 60        
A D 6 8        
J B 64 283 1 82 6913 1728 0        
J R 7 304 28 2 1 0 0        
K 0 0 48        
A D 2 8        
J N 8 364 14 4 2305 576 0        
K 0 0 42        
K 0 0 60        
K 0 21 60        
A D 4 8        
J B 65 487 1 82 6913 1152 0        
J R 7 508 28 2 1 0 0        
K 0 0 48        
A D 2 8        
J N 8 568 21 4 2305 576 0        
K 0 0 42        
K 0 0 60        
K 0 21 60        
A D 4 8        
J B 66 691 1 82 6913 1152 0        
J R 7 712 28 2 1 0 0        
K 0 0 48        
A D 2 8        
J N 8 772 28 4 2305 576 0        
K 0 0 42        
K 0 0 60        
K 0 21 60        
A D 4 8        
J B 67 895 1 82 6913 1152 0        
J R 7 916 28 2 1 0 0        
K 0 0 48        
A D 2 8        
J N 8 976 35 4 2305 576 0        
K 0 0 42        
K 0 0 59        
K 0 -21 59        
A D 4 8        
J B 68 1098 1 82 6913 1152 0        
J R 7 1119 28 2 1 0 0        
K 0 0 48        
A D 2 8        
J N 8 1177 42 4 2305 576 0        
K 0 0 42        
K 0 0 59        
K 0 -21 59        
A D 4 8        
J B 69 1297 1 82 6913 1152 0        
J N 8 1318 28 4 1 0 0        
K 0 0 42        
K 0 0 60        
K 0 21 60        
A D 4 8        
J N 7 1403 21 4 4609 1152 1 11        
K 0 0 43        
K 0 0 60        
K 0 21 60        
A D 2 8        
J B 70 1447 1 82 6913 576 0        
J N 7 1468 21 4 1 0 1 11        
K 0 0 43        
K 0 0 60        
K 0 21 60        
A D 2 8        
H 11 T 21 0 0 0 0 0 1 0        
J N 7 1526 21 5 2305 576 0        
K 0 0 43        
K 25 0 44        
K 0 0 60        
K 0 21 60        
A D 3 8        
J N 6 1585 28 3 5761 864 0        
K 0 0 43        
K 0 0 54        
A D 1 8        
J B 71 1618 1 82 6913 288 0        
J N 8 1639 21 4 1 0 0        
K 0 0 42        
K 0 0 60        
K 0 21 60        
A D 4 8        
J N 7 1706 42 4 4609 1152 0        
K 0 0 43        
K 0 0 59        
K 0 -21 59        
A D 2 8        
J B 72 1750 1 82 6913 576 0        
J N 6 1771 49 2 1 0 2 12 13        
K 0 0 43        
A D 1 8        
J N 6 1800 56 2 1153 288 2 13 12        
K 0 0 43        
A D 1 8        
H 13 B 41 4 108 2 2 3        
H 12 S 12 0 0 0 0 0 0 0 0        
J N 8 1829 63 4 2305 288 0        
K 0 0 42        
K 0 0 59        
K 0 -21 59        
A D 4 8        
J B 73 1932 1 82 6913 1152 0        
J N 8 1953 70 8 1 0 0        
K 1 0 45        
K 0 0 42        
K -1 0 45        
K 2 0 45        
K 24 -6 44        
K 0 0 59        
K 0 -21 59        
A D 6 8        
J B 0 2050 6 4 6913 1728 0        
K -23 21 44        
K -23 35 44        
K -13 0 82        
K -6 0 84        
E *        
L 690 0 0 300 300 * 0 14 0        
J C 4 5 42 2 6913 0 0        
K 0 0 33        
K 0 0 34        
J K 0 57 0 0 6913 0 0        
J D 0 -11 -14 1 6913 0 0        
W 0 0 0 \06\03        
J N 8 100 21 5 1 0 0        
K 0 0 42        
K 25 0 44        
K 0 0 60        
K 0 21 60        
A D 12 16        
J B 64 283 1 82 6913 1728 0        
J R 7 304 28 2 1 0 0        
K 0 0 48        
A D 4 16        
J N 8 364 -7 4 2305 576 0        
K 0 0 42        
K 0 0 60        
K 0 21 60        
A D 8 16        
J B 65 487 1 82 6913 1152 0        
J R 7 508 28 2 1 0 0        
K 0 0 48        
A D 4 16        
J N 8 568 0 4 2305 576 0        
K 0 0 42        
K 0 0 60        
K 0 21 60        
A D 8 16        
J B 66 691 1 82 6913 1152 0        
J R 7 712 28 2 1 0 0        
K 0 0 48        
A D 4 16        
J N 8 772 7 4 2305 576 0        
K 0 0 42        
K 0 0 60        
K 0 21 60        
A D 8 16        
J B 67 895 1 82 6913 1152 0        
J R 7 916 28 2 1 0 0        
K 0 0 48        
A D 4 16        
J N 8 976 14 4 2305 576 0        
K 0 0 42        
K 0 0 60        
K 0 21 60        
A D 8 16        
J B 68 1098 1 82 6913 1152 0        
J R 7 1119 28 2 1 0 0        
K 0 0 48        
A D 4 16        
J N 8 1177 21 4 2305 576 0        
K 0 0 42        
K 0 0 60        
K 0 21 60        
A D 8 16        
J B 69 1297 1 82 6913 1152 0        
J N 7 1318 0 5 1 0 0        
K 0 0 43        
K 24 -6 44        
K 0 0 60        
K 0 21 60        
A D 6 16        
J N 6 1374 -7 3 3457 864 0        
K 0 0 43        
K 0 0 54        
A D 2 16        
J N 7 1403 7 4 4609 288 1 13        
K 0 0 43        
K 0 0 60        
K 0 21 60        
A D 4 16        
J B 70 1447 1 82 6913 576 0        
J N 6 1468 7 2 1 0 2 14 13        
K 0 0 43        
A D 2 16        
H 13 T 7 0 0 0 0 0 1 0        
J N 6 1497 14 2 1153 288 1 14        
K 0 0 43        
A D 2 16        
H 14 B -50 4 108 2 2 3        
J N 8 1526 14 4 2305 288 0        
K 0 0 42        
K 0 0 60        
K 0 21 60        
A D 8 16        
J B 71 1618 1 82 6913 1152 0        
J N 8 1639 21 4 1 0 0        
K 0 0 42        
K 0 0 60        
K 0 21 60        
A D 8 16        
J N 7 1706 70 7 4609 1152 1 15        
K 1 0 45        
K 0 0 43        
K -1 0 45        
K 2 0 45        
K 0 0 59        
K 0 -21 59        
A D 4 16        
J B 72 1750 1 82 6913 576 0        
J N 7 1771 70 7 1 0 1 15        
K 1 0 45        
K 0 0 43        
K -1 0 45        
K 2 0 45        
K 0 0 59        
K 0 -21 59        
A D 4 16        
H 15 T 70 0 0 0 0 0 13 0        
J N 7 1829 70 8 2305 576 0        
K 1 0 45        
K 0 0 43        
K -1 0 45        
K 2 0 45        
K 24 -6 44        
K 0 0 59        
K 0 -21 59        
A D 6 16        
J N 6 1888 77 7 5761 864 0        
K 1 -7 45        
K 0 0 43        
K 0 -7 45        
K 1 -7 45        
K 0 0 59        
K 0 0 53        
A D 2 16        
J B 73 1932 1 82 6913 288 0        
J N 8 1953 70 8 1 0 0        
K 1 0 45        
K 0 0 42        
K -1 0 45        
K 2 0 45        
K 24 -6 44        
K 0 0 59        
K 0 -21 59        
A D 12 16        
J B 0 2050 6 4 6913 1728 0        
K -23 21 44        
K -23 35 44        
K -13 0 82        
K -6 0 84        
E *        
L 850 0 0 300 300 * 0 14 0        
J C 13 5 28 35 6913 0 0        
J K 0 57 0 0 6913 0 0        
J D 0 -11 -14 1 6913 0 0        
W 0 0 0 \06\03        
J N 8 100 14 4 1 0 0        
K 0 0 42        
K 0 0 60        
K 0 21 60        
A D 4 8        
J R 7 220 28 2 4609 1152 0        
K 0 0 48        
A D 2 8        
J B 64 283 1 82 6913 576 0        
J R 7 304 28 2 1 0 0        
K 0 0 48        
A D 2 8        
J N 8 364 -14 7 2305 576 0        
K 0 0 45        
K 0 0 42        
K -1 0 45        
K 2 0 45        
K 0 0 60        
K 0 21 60        
A D 4 8        
J B 65 487 1 82 6913 1152 0        
J R 7 508 28 2 1 0 0        
K 0 0 48        
A D 2 8        
J N 8 568 -7 4 2305 576 0        
K 0 0 42        
K 0 0 60        
K 0 21 60        
A D 4 8        
J B 66 691 1 82 6913 1152 0        
J R 7 712 28 2 1 0 0        
K 0 0 48        
A D 2 8        
J N 8 772 0 4 2305 576 0        
K 0 0 42        
K 0 0 60        
K 0 21 60        
A D 4 8        
J B 67 895 1 82 6913 1152 0        
J R 7 916 28 2 1 0 0        
K 0 0 48        
A D 2 8        
J N 8 976 7 4 2305 576 0        
K 0 0 42        
K 0 0 60        
K 0 21 60        
A D 4 8        
J B 68 1098 1 82 6913 1152 0        
J R 7 1119 28 2 1 0 0        
K 0 0 48        
A D 2 8        
J N 8 1177 14 4 2305 576 0        
K 0 0 42        
K 0 0 60        
K 0 21 60        
A D 4 8        
J B 69 1297 1 82 6913 1152 0        
J N 8 1318 7 4 1 0 0        
K 0 0 42        
K 0 0 60        
K 0 21 60        
A D 4 8        
J N 7 1403 0 4 4609 1152 0        
K 0 0 43        
K 0 0 60        
K 0 21 60        
A D 2 8        
J B 70 1447 1 82 6913 576 0        
J N 7 1468 -7 4 1 0 0        
K 0 0 43        
K 0 0 60        
K 0 21 60        
A D 2 8        
J N 7 1526 21 5 2305 576 0        
K 0 0 43        
K 25 0 44        
K 0 0 60        
K 0 21 60        
A D 3 8        
J N 6 1585 0 3 5761 864 0        
K 0 0 43        
K 0 0 54        
A D 1 8        
J B 71 1618 1 82 6913 288 0        
J N 8 1639 14 4 1 0 0        
K 0 0 42        
K 0 0 60        
K 0 21 60        
A D 4 8        
J N 7 1706 0 4 4609 1152 0        
K 0 0 43        
K 0 0 60        
K 0 21 60        
A D 2 8        
J B 72 1750 1 82 6913 576 0        
J N 7 1771 -7 4 1 0 0        
K 0 0 43        
K 0 0 60        
K 0 21 60        
A D 2 8        
J N 7 1829 0 5 2305 576 0        
K 0 0 43        
K 24 -6 44        
K 0 0 60        
K 0 21 60        
A D 3 8        
J N 6 1888 0 3 5761 864 0        
K 0 0 43        
K 0 0 54        
A D 1 8        
J B 73 1932 1 82 6913 288 0        
J N 8 1953 14 5 1 0 0        
K 0 0 42        
K 24 -6 44        
K 0 0 60        
K 0 21 60        
A D 6 8        
J B 0 2050 6 4 6913 1728 0        
K -23 21 44        
K -23 35 44        
K -13 0 82        
K -6 0 84        
E *        
L 1010 0 0 300 300 * 0 14 0        
J C 22 5 14 36 6913 0 0        
J K 0 57 0 0 6913 0 0        
J D 0 -11 -14 1 6913 0 0        
W 0 0 0 \06\03        
J F 0 100 98 1 1 0 0        
K 0 0 204        
J N 8 100 35 5 1 0 0        
K 0 0 42        
K 25 0 44        
K 0 0 59        
K 0 -21 59        
A D 6 8        
J F 0 220 98 1 4609 1152 0        
K 0 0 205        
J B 64 283 1 82 6913 576 0        
J F 0 304 98 1 1 0 0        
K 0 0 206        
J N 8 304 -7 4 1 0 0        
K 0 0 42        
K 0 0 60        
K 0 21 60        
A D 4 8        
J F 0 364 98 1 2305 576 0        
K 0 0 205        
J R 7 424 28 2 4609 576 0        
K 0 0 48        
A D 2 8        
J B 65 487 1 82 6913 576 0        
J F 0 508 98 1 1 0 0        
K 0 0 206        
J N 8 508 0 4 1 0 0        
K 0 0 42        
K 0 0 60        
K 0 21 60        
A D 4 8        
J F 0 568 98 1 2305 576 0        
K 0 0 205        
J R 7 628 28 2 4609 576 0        
K 0 0 48        
A D 2 8        
J B 66 691 1 82 6913 576 0        
J F 0 712 98 1 1 0 0        
K 0 0 206        
J N 8 712 7 4 1 0 0        
K 0 0 42        
K 0 0 60        
K 0 21 60        
A D 4 8        
J F 0 772 98 1 2305 576 0        
K 0 0 205        
J R 7 832 28 2 4609 576 0        
K 0 0 48        
A D 2 8        
J B 67 895 1 82 6913 576 0        
J F 0 916 98 1 1 0 0        
K 0 0 206        
J N 8 916 14 4 1 0 0        
K 0 0 42        
K 0 0 60        
K 0 21 60        
A D 4 8        
J F 0 976 98 1 2305 576 0        
K 0 0 205        
J R 7 1036 28 2 4609 576 0        
K 0 0 48        
A D 2 8        
J B 68 1098 1 82 6913 576 0        
J F 0 1119 98 1 1 0 0        
K 0 0 206        
J N 8 1119 21 4 1 0 0        
K 0 0 42        
K 0 0 60        
K 0 21 60        
A D 4 8        
J F 0 1177 98 1 2305 576 0        
K 0 0 205        
J R 7 1235 28 2 4609 576 0        
K 0 0 48        
A D 2 8        
J B 69 1297 1 82 6913 576 0        
J F 0 1318 98 1 1 0 0        
K 0 0 205        
J N 8 1318 28 4 1 0 0        
K 0 0 42        
K 0 0 60        
K 0 21 60        
A D 4 8        
J N 7 1403 35 4 4609 1152 0        
K 0 0 43        
K 0 0 59        
K 0 -21 59        
A D 2 8        
J B 70 1447 1 82 6913 576 0        
J F 0 1468 98 2 1 0 0        
K 0 0 206        
K 0 21 204        
J N 7 1468 14 4 1 0 0        
K 0 0 43        
K 0 0 60        
K 0 21 60        
A D 2 8        
J F 0 1526 98 1 2305 576 0        
K 0 0 203        
J N 7 1526 7 4 2305 0 0        
K 0 0 43        
K 0 0 60        
K 0 21 60        
A D 2 8        
J F 0 1570 98 1 4609 576 0        
K 0 0 202        
J N 7 1570 56 4 4609 0 0        
K 0 0 43        
K 0 0 59        
K 0 -21 59        
A D 2 8        
J B 71 1618 1 82 6913 576 0        
J N 8 1639 35 4 1 0 0        
K 0 0 42        
K 0 0 59        
K 0 -21 59        
A D 4 8        
J N 7 1706 21 4 4609 1152 0        
K 0 0 43        
K 0 0 60        
K 0 21 60        
A D 2 8        
J B 72 1750 1 82 6913 576 0        
J F 0 1771 98 2 1 0 0        
K 0 0 205        
K 0 21 204        
J N 7 1771 14 4 1 0 0        
K 0 0 43        
K 0 0 60        
K 0 21 60        
A D 2 8        
J F 0 1829 98 1 2305 576 0        
K 0 0 203        
J N 7 1829 7 4 2305 0 0        
K 0 0 43        
K 0 0 60        
K 0 21 60        
A D 2 8        
J F 0 1873 98 1 4609 576 0        
K 0 0 202        
J N 7 1873 56 4 4609 0 0        
K 0 0 43        
K 0 0 59        
K 0 -21 59        
A D 2 8        
J B 73 1932 1 82 6913 576 0        
J N 8 1953 35 5 1 0 0        
K 0 0 42        
K 25 0 44        
K 0 0 59        
K 0 -21 59        
A D 6 8        
J B 0 2050 6 4 6913 1728 0        
K -23 21 44        
K -23 35 44        
K -13 0 82        
K -6 0 84        
E *        
B 1 283 0        
B 1 487 0        
B 1 691 0        
B 1 895 0        
B 1 1098 0        
B 1 1297 0        
B 1 1447 0        
B 1 1618 0        
B 1 1750 0        
B 1 1932 0        
B 6 2050 0        
