@ SOURCE: not identified 
L 0 0 14 !39Violino 1 concertino
J D 4 500 -120 1 6913 0 0
W 0 0 44 III
J D 1 75 -37 1 6913 0 0
W 0 -56 44 III:  Violino 1 concertino
J C 4 5 42 2 6913 0 0
K 0 0 33
K 0 0 34
J K -1 57 0 1 6913 0 0
K 0 28 65
J D 5 86 -42 1 6913 0 0
W 0 0 37 Largo
J T 101 86 42 1 6913 0 0
K 0 0 37
J R 9 137 28 2 1 10000 0
K 0 0 46
A D 16 16
J B 2 242 1 82 6913 2304 0
J R 9 263 28 2 1 10000 0
K 0 0 46
A D 16 16
J B 3 368 1 82 6913 2304 0
J R 6 389 28 2 1 0 0
K 0 0 49
A D 2 16
J N 7 427 35 4 865 288 0
K 0 0 43
K 0 0 59
K 0 -21 59
A D 4 16
J N 6 480 42 4 2593 576 0
K -18 0 63
K 0 0 43
K 0 0 53
A D 2 16
J N 6 522 35 2 3457 288 1 1
K 0 0 43
A D 2 16
J N 6 560 21 2 4321 288 1 1
K 0 0 43
A D 2 16
J N 6 600 28 3 5185 288 1 1
K -14 0 64
K 0 0 43
A D 2 16
J N 6 638 7 2 6049 288 1 1
K 0 0 43
A D 2 16
H 1 B 1 0 108 4 2 1 1 3
J B 4 680 1 82 6913 288 0
J N 7 701 35 4 1 0 0
K 0 0 43
K 0 0 59
K 0 -21 59
A D 4 16
J N 7 754 42 4 1729 576 0
K 0 0 43
K 0 0 59
K 0 -21 59
A D 4 16
J N 6 807 49 3 3457 576 0
K 0 0 43
K 0 0 53
A D 2 16
J N 7 849 14 4 4321 288 0
K 0 0 43
K 0 0 60
K 0 21 60
A D 4 16
J N 6 902 21 4 6049 576 0
K -18 0 63
K 0 0 43
K 0 0 54
A D 2 16
J B 5 944 1 82 6913 288 0
J N 6 965 14 2 1 0 1 2
K 0 0 43
A D 2 16
J N 6 1003 -14 5 865 288 1 2
K 0 0 45
K 0 0 43
K -1 0 45
K 2 0 45
A D 2 16
H 2 B 1 0 108 2 2 3
J N 6 1041 -7 2 1729 288 1 3
K 0 0 43
A D 2 16
J N 5 1079 -14 5 2593 288 2 4 3
K 0 0 45
K 0 0 43
K -1 0 45
K 2 0 45
A D 1 16
J N 5 1108 -7 2 3025 144 2 3 4
K 0 0 43
A D 1 16
H 3 B 1 0 108 3 2 21 33
H 4 S 0 0 0 0 0 0 0 0 0
J N 5 1152 0 3 3457 144 2 5 6
K -18 0 63
K 0 0 43
A D 1 16
J N 5 1181 14 2 3889 144 2 6 5
K 0 0 43
A D 1 16
H 5 S 0 0 0 0 0 0 0 0 0
J N 5 1210 -7 2 4321 144 2 7 6
K 0 0 43
A D 1 16
J N 5 1250 0 3 4753 144 2 6 7
K -14 0 64
K 0 0 43
A D 1 16
H 6 B 1 0 108 4 22 11 11 33
H 7 S 0 0 0 0 0 0 0 0 0
J N 5 1279 7 2 5185 144 2 8 9
K 0 0 43
A D 1 16
J N 5 1308 21 2 5617 144 2 9 8
K 0 0 43
A D 1 16
H 8 S 0 0 0 0 0 0 0 0 0
J N 6 1337 0 2 6049 144 2 10 9
K 0 0 43
A D 2 16
H 9 B 1 0 108 3 22 31 3
J B 6 1379 1 82 6913 288 0
J N 6 1400 0 3 1 0 1 10
K 0 0 43
K 0 0 54
A D 2 16
H 10 T 0 0 0 0 0 0 5 0
J N 7 1438 7 4 865 288 0
K 0 0 43
K 0 0 60
K 0 21 60
A D 4 16
J N 6 1491 14 3 2593 576 1 11
K 0 0 43
K 0 0 54
A D 2 16
J N 6 1529 14 2 3457 288 2 12 11
K 0 0 43
A D 2 16
H 11 T 14 0 0 0 0 0 5 0
J N 6 1567 21 2 4321 288 1 12
K 0 0 43
A D 2 16
H 12 B 1 0 108 2 2 3
J N 7 1607 28 5 5185 288 0
K -14 0 64
K 0 0 43
K 0 0 60
K 0 21 60
A D 4 16
J B 7 1664 1 82 6913 576 0
J N 6 1685 35 3 1 0 0
K 0 0 43
K 0 0 53
A D 2 16
J N 7 1727 -14 7 865 288 0
K 0 0 45
K 0 0 43
K -1 0 45
K 2 0 45
K 0 0 60
K 0 21 60
A D 4 16
J N 6 1780 -7 4 2593 576 0
K -18 0 63
K 0 0 43
K 0 0 54
A D 2 16
J N 6 1818 -14 5 3457 288 1 13
K 0 0 45
K 0 0 43
K -1 0 45
K 2 0 45
A D 2 16
J N 6 1856 -28 6 4321 288 1 13
K 0 14 45
K 0 0 45
K 0 0 43
K -1 0 45
K 2 0 45
A D 2 16
J N 6 1896 -21 6 5185 288 1 13
K 0 7 45
K -14 0 64
K 0 0 43
K 0 7 45
K 1 7 45
A D 2 16
J N 6 1934 -42 7 6049 288 1 13
K 0 28 45
K 0 14 45
K 0 0 45
K 0 0 43
K -1 0 45
K 2 0 45
A D 2 16
H 13 B 1 0 108 4 2 1 1 3
J B 8 1976 1 82 6913 288 0
J N 6 1997 -28 6 1 0 1 14
K 0 14 45
K 0 0 45
K 0 0 43
K -1 0 45
K 2 0 45
A D 2 16
J N 6 2035 7 2 865 288 1 14
K 0 0 43
A D 2 16
J N 6 2073 14 2 1729 288 1 14
K 0 0 43
A D 2 16
J N 6 2113 28 3 2593 288 2 15 14
K -14 0 64
K 0 0 43
A D 2 16
H 14 B 1 0 108 4 2 1 1 3
J N 6 2151 28 3 3457 288 1 15
K 0 0 43
K 0 0 54
A D 2 16
H 15 T 28 0 0 0 0 0 5 0
J N 7 2189 35 4 4321 288 0
K 0 0 43
K 0 0 59
K 0 -21 59
A D 4 16
J N 6 2242 42 4 6049 576 0
K -18 0 63
K 0 0 43
K 0 0 53
A D 2 16
J B 9 2288 1 82 6913 288 0
J N 6 2309 35 2 1 0 1 16
K 0 0 43
A D 2 16
J N 6 2347 -14 5 865 288 1 16
K 0 0 45
K 0 0 43
K -1 0 45
K 2 0 45
A D 2 16
H 16 B 1 0 108 2 2 3
J N 6 2385 -7 2 1729 288 1 17
K 0 0 43
A D 2 16
J N 5 2423 -14 5 2593 288 2 18 17
K 0 0 45
K 0 0 43
K -1 0 45
K 2 0 45
A D 1 16
J N 5 2452 -7 2 3025 144 2 17 18
K 0 0 43
A D 1 16
H 17 B 1 0 108 3 2 21 33
H 18 S 0 0 0 0 0 0 0 0 0
J N 6 2481 0 2 3457 144 1 19
K 0 0 43
A D 2 16
J N 6 2519 35 2 4321 288 1 19
K 0 0 43
A D 2 16
H 19 B 1 0 108 2 2 3
J N 7 2557 42 4 5185 288 0
K 0 0 43
K 0 0 59
K 0 -21 59
A D 4 16
J B 10 2614 1 82 6913 576 0
J N 6 2635 49 3 1 0 0
K 0 0 43
K 0 0 53
A D 2 16
J N 7 2677 0 4 865 288 0
K 0 0 43
K 0 0 60
K 0 21 60
A D 4 16
J N 6 2730 7 3 2593 576 0
K 0 0 43
K 0 0 54
A D 2 16
J N 7 2768 -14 8 3457 288 0
K 0 0 45
K 0 0 43
K -1 0 45
K 2 0 45
K 24 -6 44
K 0 0 60
K 0 21 60
A D 6 16
J N 6 2836 -7 3 6049 864 0
K 0 0 43
K 0 0 54
A D 2 16
J B 11 2878 1 82 6913 288 0
J N 7 2899 -28 9 1 0 0
K 0 14 45
K 0 0 45
K 0 0 43
K -1 0 45
K 2 0 45
K 24 -6 44
K 0 0 60
K 0 28 60
A D 6 16
J N 6 2967 -21 7 2593 864 1 20
K 0 7 45
K 0 0 43
K 0 7 45
K 1 7 45
K 0 0 60
K 0 0 54
A D 2 16
J N 6 3005 -21 5 3457 288 2 21 20
K 0 7 45
K 0 0 43
K 0 7 45
K 1 7 45
A D 2 16
H 20 T -21 0 0 0 0 0 1 0
J N 6 3043 -14 5 4321 288 1 21
K 0 0 45
K 0 0 43
K -1 0 45
K 2 0 45
A D 2 16
J N 6 3081 -7 2 5185 288 1 21
K 0 0 43
A D 2 16
J N 6 3119 -14 5 6049 288 1 21
K 0 0 45
K 0 0 43
K -1 0 45
K 2 0 45
A D 2 16
H 21 B 1 0 108 4 2 1 1 3
J B 12 3161 1 82 6913 288 0
J N 6 3182 -7 2 1 0 1 22
K 0 0 43
A D 2 16
J N 6 3220 14 3 865 288 1 22
K 0 0 43
K 0 67 108
A D 2 16
H 22 B 1 0 108 2 2 3
J N 6 3258 21 2 1729 288 1 23
K 0 0 43
A D 2 16
J N 5 3296 14 2 2593 288 2 24 23
K 0 0 43
A D 1 16
J N 5 3325 21 2 3025 144 2 23 24
K 0 0 43
A D 1 16
H 23 B 1 0 108 3 2 21 33
H 24 S 0 0 0 0 0 0 0 0 0
J N 6 3354 28 2 3457 144 1 25
K 0 0 43
A D 2 16
J N 6 3392 28 2 4321 288 1 25
K 0 0 43
A D 2 16
H 25 B 1 0 108 2 2 3
J N 6 3430 35 2 5185 288 1 26
K 0 0 43
A D 2 16
J N 5 3468 28 2 6049 288 2 27 26
K 0 0 43
A D 1 16
J N 5 3497 21 2 6481 144 2 26 27
K 0 0 43
A D 1 16
H 26 B 1 0 108 3 2 21 33
H 27 S 0 0 0 0 0 0 0 0 0
J B 13 3530 1 82 6913 144 0
J N 6 3551 14 2 1 0 1 28
K 0 0 43
A D 2 16
J N 6 3589 14 2 865 288 1 28
K 0 0 43
A D 2 16
H 28 B 1 0 108 2 2 3
J N 6 3627 21 2 1729 288 1 29
K 0 0 43
A D 2 16
J N 5 3665 28 3 2593 288 2 30 29
K 0 0 43
K 0 81 110
A D 1 16
J N 5 3694 35 2 3025 144 2 29 30
K 0 0 43
A D 1 16
H 29 B 1 0 108 3 2 21 33
H 30 S 0 0 0 0 0 0 0 0 0
J N 5 3723 14 2 3457 144 2 31 32
K 0 0 43
A D 1 16
J N 5 3752 21 2 3889 144 2 32 31
K 0 0 43
A D 1 16
H 31 S 0 0 0 0 0 0 0 0 0
J N 5 3781 28 2 4321 144 2 33 32
K 0 0 43
A D 1 16
J N 5 3810 35 2 4753 144 2 32 33
K 0 0 43
A D 1 16
H 32 B 1 0 108 4 22 11 11 33
H 33 S 0 0 0 0 0 0 0 0 0
J N 7 3839 42 4 5185 144 0
K 0 0 43
K 0 0 59
K 0 -21 59
A D 4 16
J B 14 3896 1 82 6913 576 0
J N 6 3917 49 3 1 0 0
K 0 0 43
K 0 0 53
A D 2 16
J N 7 3959 14 4 865 288 0
K 0 0 43
K 0 0 60
K 0 21 60
A D 4 16
J N 6 4012 21 4 2593 576 0
K -18 0 63
K 0 0 43
K 0 0 54
A D 2 16
J N 6 4050 14 2 3457 288 1 34
K 0 0 43
A D 2 16
J N 6 4088 0 2 4321 288 1 34
K 0 0 43
A D 2 16
J N 6 4126 7 2 5185 288 1 34
K 0 0 43
A D 2 16
J N 6 4164 -14 5 6049 288 1 34
K 0 0 45
K 0 0 43
K -1 0 45
K 2 0 45
A D 2 16
H 34 B 1 0 108 4 2 1 1 3
J B 15 4206 1 82 6913 288 0
J N 6 4227 0 2 1 0 1 35
K 0 0 43
A D 2 16
J N 6 4265 -14 5 865 288 1 35
K 0 0 45
K 0 0 43
K -1 0 45
K 2 0 45
A D 2 16
J N 6 4303 -7 2 1729 288 1 35
K 0 0 43
A D 2 16
J N 6 4341 -28 6 2593 288 1 35
K 0 14 45
K 0 0 45
K 0 0 43
K -1 0 45
K 2 0 45
A D 2 16
H 35 B 1 0 108 4 2 1 1 3
J N 6 4379 -14 6 3457 288 0
K 0 0 45
K 0 0 43
K -1 0 45
K 2 0 45
K 0 0 54
A D 2 16
J N 7 4417 0 4 4321 288 0
K 0 0 43
K 0 0 60
K 0 21 60
A D 4 16
J N 6 4470 7 3 6049 576 0
K 0 0 43
K 0 0 54
A D 2 16
J B 16 4512 1 82 6913 288 0
J N 6 4533 0 2 1 0 1 36
K 0 0 43
A D 2 16
J N 6 4571 21 2 865 288 1 36
K 0 0 43
A D 2 16
H 36 B 1 0 108 2 2 3
J N 7 4609 14 4 1729 288 0
K 0 0 43
K 0 0 60
K 0 21 60
A D 4 16
J N 7 4662 21 4 3457 576 0
K 0 0 43
K 0 0 60
K 0 21 60
A D 4 16
J N 7 4715 28 4 5185 576 0
K 0 0 43
K 0 0 60
K 0 21 60
A D 4 16
J B 17 4772 1 82 6913 576 0
J N 6 4793 35 2 1 0 1 37
K 0 0 43
A D 2 16
J N 6 4831 -14 5 865 288 1 37
K 0 0 45
K 0 0 43
K -1 0 45
K 2 0 45
A D 2 16
H 37 B 1 0 108 2 2 3
J N 6 4869 -7 2 1729 288 1 38
K 0 0 43
A D 2 16
J N 5 4907 -14 5 2593 288 2 39 38
K 0 0 45
K 0 0 43
K -1 0 45
K 2 0 45
A D 1 16
J N 5 4936 -7 2 3025 144 2 38 39
K 0 0 43
A D 1 16
H 38 B 1 0 108 3 2 21 33
H 39 S 0 0 0 0 0 0 0 0 0
J N 6 4965 0 2 3457 144 1 40
K 0 0 43
A D 2 16
J N 6 5003 0 2 4321 288 1 40
K 0 0 43
A D 2 16
J N 6 5041 7 2 5185 288 1 40
K 0 0 43
A D 2 16
J N 6 5079 0 2 6049 288 1 40
K 0 0 43
A D 2 16
H 40 B 1 0 108 4 2 1 1 3
J B 18 5121 1 82 6913 288 0
J N 6 5142 7 2 1 0 1 41
K 0 0 43
A D 2 16
J N 6 5180 -28 6 865 288 1 41
K 0 14 45
K 0 0 45
K 0 0 43
K -1 0 45
K 2 0 45
A D 2 16
H 41 B 1 0 108 2 2 3
J N 6 5218 -21 5 1729 288 1 42
K 0 7 45
K 0 0 43
K 0 7 45
K 1 7 45
A D 2 16
J N 5 5256 -28 6 2593 288 2 43 42
K 0 14 45
K 0 0 45
K 0 0 43
K -1 0 45
K 2 0 45
A D 1 16
J N 5 5285 -21 5 3025 144 2 42 43
K 0 7 45
K 0 0 43
K 0 7 45
K 1 7 45
A D 1 16
H 42 B 1 0 108 3 2 21 33
H 43 S 0 0 0 0 0 0 0 0 0
J N 6 5314 -14 5 3457 144 1 44
K 0 0 45
K 0 0 43
K -1 0 45
K 2 0 45
A D 2 16
J N 6 5352 -14 5 4321 288 1 44
K 0 0 45
K 0 0 43
K -1 0 45
K 2 0 45
A D 2 16
J N 6 5390 -7 2 5185 288 1 44
K 0 0 43
A D 2 16
J N 6 5428 -14 5 6049 288 1 44
K 0 0 45
K 0 0 43
K -1 0 45
K 2 0 45
A D 2 16
H 44 B 1 0 108 4 2 1 1 3
J B 19 5470 1 82 6913 288 0
J N 6 5491 -7 2 1 0 1 45
K 0 0 43
A D 2 16
J N 6 5529 -35 6 865 288 1 45
K 0 21 45
K 0 7 45
K 0 0 43
K 0 7 45
K 1 7 45
A D 2 16
H 45 B 1 0 108 2 2 3
J N 6 5567 -28 6 1729 288 1 46
K 0 14 45
K 0 0 45
K 0 0 43
K -1 0 45
K 2 0 45
A D 2 16
J N 5 5605 -35 6 2593 288 2 47 46
K 0 21 45
K 0 7 45
K 0 0 43
K 0 7 45
K 1 7 45
A D 1 16
J N 5 5634 -28 6 3025 144 2 46 47
K 0 14 45
K 0 0 45
K 0 0 43
K -1 0 45
K 2 0 45
A D 1 16
H 46 B 1 0 108 3 2 21 33
H 47 S 0 0 0 0 0 0 0 0 0
J N 6 5663 -21 5 3457 144 1 48
K 0 7 45
K 0 0 43
K 0 7 45
K 1 7 45
A D 2 16
J N 6 5701 -21 5 4321 288 1 48
K 0 7 45
K 0 0 43
K 0 7 45
K 1 7 45
A D 2 16
J N 6 5739 -14 5 5185 288 1 48
K 0 0 45
K 0 0 43
K -1 0 45
K 2 0 45
A D 2 16
J N 6 5777 -21 5 6049 288 1 48
K 0 7 45
K 0 0 43
K 0 7 45
K 1 7 45
A D 2 16
H 48 B 1 0 108 4 2 1 1 3
J B 20 5819 1 82 6913 288 0
J N 6 5840 -14 5 1 0 1 49
K 0 0 45
K 0 0 43
K -1 0 45
K 2 0 45
A D 2 16
J N 6 5878 -21 5 865 288 1 49
K 0 7 45
K 0 0 43
K 0 7 45
K 1 7 45
A D 2 16
H 49 B 1 0 108 2 2 3
J N 7 5916 -14 7 1729 288 0
K 0 0 45
K 0 0 43
K -1 0 45
K 2 0 45
K 0 0 60
K 0 21 60
A D 4 16
J N 6 5969 -7 2 3457 576 1 50
K 0 0 43
A D 2 16
J N 5 6007 -21 5 4321 288 2 51 50
K 0 7 45
K 0 0 43
K 0 7 45
K 1 7 45
A D 1 16
J N 5 6036 -7 2 4753 144 2 50 51
K 0 0 43
A D 1 16
H 50 B 1 0 108 3 2 21 33
H 51 S 0 0 0 0 0 0 0 0 0
J N 6 6065 -14 5 5185 144 1 52
K 0 0 45
K 0 0 43
K -1 0 45
K 2 0 45
A D 2 16
J N 6 6103 14 2 6049 288 1 52
K 0 0 43
A D 2 16
H 52 B 1 0 108 2 2 3
J B 21 6145 1 82 6913 288 0
J R 6 6166 28 2 1 0 0
K 0 0 49
A D 2 16
J N 5 6204 -21 5 865 288 2 53 54
K 0 7 45
K 0 0 43
K 0 7 45
K 1 7 45
A D 1 16
J N 5 6233 -7 2 1297 144 2 54 53
K 0 0 43
A D 1 16
H 54 B 1 0 108 2 22 33
H 53 S 0 0 0 0 0 0 0 0 0
J N 6 6262 -14 5 1729 144 1 55
K 0 0 45
K 0 0 43
K -1 0 45
K 2 0 45
A D 2 16
J N 6 6300 14 2 2593 288 1 55
K 0 0 43
A D 2 16
H 55 B 1 0 108 2 2 3
J R 6 6338 28 2 3457 288 0
K 0 0 49
A D 2 16
J N 7 6376 -21 8 4321 288 0
K 0 7 45
K 0 0 43
K 0 7 45
K 1 7 45
K 0 105 110
K 0 0 60
K 0 21 60
A D 4 16
J N 5 6429 -14 5 6049 576 1 56
K 0 0 45
K 0 0 43
K -1 0 45
K 2 0 45
A D 1 16
J N 5 6458 -7 2 6481 144 1 56
K 0 0 43
A D 1 16
H 56 B 1 0 108 2 22 33
J B 22 6491 1 82 6913 144 0
J N 6 6512 0 3 1 0 0
K 0 0 43
K 0 0 54
A D 2 16
J N 7 6550 -14 7 865 288 0
K 0 0 45
K 0 0 43
K -1 0 45
K 2 0 45
K 0 0 60
K 0 21 60
A D 4 16
J N 5 6603 -7 2 2593 576 1 57
K 0 0 43
A D 1 16
J N 5 6632 0 2 3025 144 1 57
K 0 0 43
A D 1 16
H 57 B 1 0 108 2 22 33
J N 6 6661 7 2 3457 144 1 58
K 0 0 43
A D 2 16
J N 6 6699 -14 5 4321 288 1 58
K 0 0 45
K 0 0 43
K -1 0 45
K 2 0 45
A D 2 16
J N 6 6737 -21 5 5185 288 2 59 58
K 0 7 45
K 0 0 43
K 0 7 45
K 1 7 45
A D 2 16
J N 6 6775 -14 5 6049 288 2 58 59
K 0 0 45
K 0 0 43
K -1 0 45
K 2 0 45
A D 2 16
H 58 B 1 0 108 4 2 1 1 3
H 59 S 0 0 0 0 0 0 0 0 0
J B 23 6817 1 82 6913 288 0
J R 6 6838 28 2 1 0 0
K 0 0 49
A D 2 16
J N 6 6876 0 3 865 288 1 60
K 0 0 43
K 0 81 108
A D 2 16
J N 6 6914 -7 2 1729 288 2 61 60
K 0 0 43
A D 2 16
J N 6 6952 0 2 2593 288 2 60 61
K 0 0 43
A D 2 16
H 60 B 1 0 108 3 2 1 3
H 61 S 0 0 0 0 0 0 0 0 0
J R 6 6990 28 2 3457 288 0
K 0 0 49
A D 2 16
J N 6 7028 14 2 4321 288 1 62
K 0 0 43
A D 2 16
J N 6 7069 7 3 5185 288 2 63 62
K -15 0 65
K 0 0 43
A D 2 16
J N 6 7107 14 2 6049 288 2 62 63
K 0 0 43
A D 2 16
H 62 B 1 0 108 3 2 1 3
H 63 S 0 0 0 0 0 0 0 0 0
J B 24 7149 1 82 6913 288 0
J N 6 7176 21 4 1 0 0
K -18 0 63
K 0 0 43
K 0 0 54
A D 2 16
J N 7 7214 14 4 865 288 0
K 0 0 43
K 0 0 60
K 0 21 60
A D 4 16
J N 6 7267 21 3 2593 576 0
K 0 0 43
K 0 0 54
A D 2 16
J N 8 7305 14 4 3457 288 1 64
K 0 0 42
K 0 0 60
K 0 21 60
A D 8 16
J I 0 7384 91 110 4321 288 0
J B 25 7388 1 82 6913 864 0
J N 8 7409 14 4 1 0 1 64
K 0 0 42
K 0 0 60
K 0 21 60
A D 8 16
H 64 T 14 0 0 0 0 0 5 0
J N 8 7488 14 4 3457 1152 1 65
K 0 0 42
K 0 0 60
K 0 21 60
A D 8 16
J I 0 7567 84 108 4321 288 0
J B 26 7571 1 82 6913 864 0
J N 7 7592 14 5 1 0 1 65
K 0 0 43
K 24 -6 44
K 0 0 60
K 0 21 60
A D 6 16
H 65 T 14 0 0 0 0 0 5 0
J N 6 7660 28 4 2593 864 0
K 0 0 43
K 0 74 110
K 0 0 54
A D 2 16
J N 7 7698 70 8 3457 288 0
K 1 0 45
K -18 0 63
K 0 0 43
K -1 0 45
K 2 0 45
K 0 0 59
K 0 -21 59
A D 4 16
J N 7 7751 63 4 5185 576 1 66
K 0 0 43
K 0 0 59
K 0 -21 59
A D 4 16
J B 27 7808 1 82 6913 576 0
J N 7 7829 63 4 1 0 1 66
K 0 0 43
K 0 0 59
K 0 -21 59
A D 4 16
H 66 T 63 0 0 0 0 0 9 0
J N 7 7882 70 8 1729 576 0
K 1 0 45
K -18 0 63
K 0 0 43
K -1 0 45
K 2 0 45
K 0 0 59
K 0 -21 59
A D 4 16
J N 8 7935 63 4 3457 576 0
K 0 0 42
K 0 0 59
K 0 -21 59
A D 8 16
J B 28 8018 1 82 6913 1152 0
J N 7 8039 35 4 1 0 0
K 0 0 43
K 0 0 59
K 0 -21 59
A D 4 16
J R 7 8092 28 2 1729 576 0
K 0 0 48
A D 4 16
J N 7 8145 42 4 3457 576 0
K 0 0 43
K 0 0 59
K 0 -21 59
A D 4 16
J R 7 8198 28 2 5185 576 0
K 0 0 48
A D 4 16
J B 29 8255 1 82 6913 576 0
J N 9 8276 35 2 1 0 0
K 0 0 41
A D 16 16
J B 0 8420 6 2 6913 2304 0
K -13 0 82
K -6 0 84
J M 0 8420 0 0 10000 0 0
