@ SOURCE: not identified 
L 0 0 14 !39Violoncello concertino
J D 4 500 -120 1 6913 0 0
W 0 0 44 III
J D 1 75 -37 1 6913 0 0
W 0 -56 44 III:  Violoncello concertino
J C 22 5 14 36 6913 0 0
J K -1 57 0 1 6913 0 0
K 0 42 65
J D 5 86 -42 1 6913 0 0
W 0 0 37 Largo
J T 101 86 42 1 6913 0 0
K 0 0 37
J F 0 134 98 1 1 0 0
K 0 0 204
J N 7 134 -21 8 1 0 0
K 0 7 45
K 0 0 43
K 0 7 45
K 1 7 45
K 25 0 44
K 0 0 60
K 0 21 60
A D 6 16
J F 0 172 98 2 1729 576 0
K 0 0 203
K 0 21 201
J F 0 205 98 2 2593 288 0
K 0 0 205
K 0 21 204
J N 6 205 -14 7 2593 0 0
K 0 0 45
K -18 0 63
K 0 0 43
K -1 0 45
K 2 0 45
K 0 0 54
A D 2 16
J N 6 234 -21 5 3457 288 1 1
K 0 7 45
K 0 0 43
K 0 7 45
K 1 7 45
A D 2 16
J F 0 263 98 1 4321 288 0
K 0 0 205
J N 6 263 -35 6 4321 0 1 1
K 0 21 45
K 0 7 45
K 0 0 43
K 0 7 45
K 1 7 45
A D 2 16
J F 0 292 98 1 5185 288 0
K 0 0 206
J N 6 292 -28 6 5185 0 1 1
K 0 14 45
K 0 0 45
K 0 0 43
K -1 0 45
K 2 0 45
A D 2 16
J F 0 321 98 1 6049 288 0
K 0 0 213
J N 6 321 -49 7 6049 0 1 1
K 0 35 45
K 0 21 45
K 0 7 45
K 0 0 43
K 0 7 45
K 1 7 45
A D 2 16
H 1 B 1 0 108 4 2 1 1 3
J B 2 354 1 82 6913 288 0
J N 7 375 -21 7 1 0 0
K 0 7 45
K 0 0 43
K 0 7 45
K 1 7 45
K 0 0 60
K 0 21 60
A D 4 16
J F 0 413 98 1 1729 576 0
K 0 0 206
J N 7 413 -28 8 1729 0 0
K 0 14 45
K 0 0 45
K 0 0 43
K -1 0 45
K 2 0 45
K 0 0 60
K 0 28 60
A D 4 16
J F 0 442 98 1 2593 288 0
K 0 0 216
J F 0 471 98 1 3457 288 0
K 0 0 205
J N 6 471 -35 8 3457 0 0
K 0 21 45
K 0 7 45
K 0 0 43
K 0 7 45
K 1 7 45
K 0 0 60
K 0 14 54
A D 2 16
J F 0 500 98 1 4321 288 0
K 0 0 204
J N 7 500 -21 7 4321 0 0
K 0 7 45
K 0 0 43
K 0 7 45
K 1 7 45
K 0 0 60
K 0 21 60
A D 4 16
J F 0 529 98 2 5185 288 0
K 0 0 203
K 0 21 201
J F 0 562 98 2 6049 288 0
K 0 0 205
K 0 21 204
J N 6 562 -14 7 6049 0 0
K 0 0 45
K -18 0 63
K 0 0 43
K -1 0 45
K 2 0 45
K 0 0 54
A D 2 16
J B 3 595 1 82 6913 288 0
J N 6 616 -21 5 1 0 1 2
K 0 7 45
K 0 0 43
K 0 7 45
K 1 7 45
A D 2 16
J F 0 652 98 1 865 288 0
K 0 0 205
J N 6 652 -14 6 865 0 1 2
K 0 0 45
K -14 0 64
K 0 0 43
K -1 0 45
K 2 0 45
A D 2 16
J F 0 688 98 1 1729 288 0
K 0 0 206
J N 6 688 -7 3 1729 0 1 2
K -14 0 64
K 0 0 43
A D 2 16
J F 0 717 98 1 2593 288 0
K 0 0 213
J N 6 717 -28 6 2593 0 1 2
K 0 14 45
K 0 0 45
K 0 0 43
K -1 0 45
K 2 0 45
A D 2 16
H 2 B 1 0 108 4 2 1 1 3
J N 7 746 0 4 3457 288 0
K 0 0 43
K 0 0 60
K 0 21 60
A D 4 16
J R 7 784 28 2 5185 576 0
K 0 0 48
A D 4 16
J B 4 826 1 82 6913 576 0
J R 6 847 28 2 1 0 0
K 0 0 49
A D 2 16
J F 0 876 98 1 865 288 0
K 0 0 204
J N 7 876 28 4 865 0 0
K 0 0 43
K 0 0 60
K 0 21 60
A D 4 16
J F 0 905 98 2 1729 288 0
K 0 0 203
K 0 21 201
J F 0 934 98 2 2593 288 0
K 0 0 205
K 0 21 204
J N 6 934 35 4 2593 0 0
K -18 0 63
K 0 0 43
K 0 0 53
A D 2 16
J N 6 971 28 2 3457 288 1 3
K 0 0 43
A D 2 16
J F 0 1000 98 1 4321 288 0
K 0 0 205
J N 6 1000 14 2 4321 0 1 3
K 0 0 43
A D 2 16
J F 0 1029 98 1 5185 288 0
K 0 0 206
J N 6 1029 21 2 5185 0 1 3
K 0 0 43
A D 2 16
J F 0 1058 98 2 6049 288 0
K 0 0 206
K 0 21 213
J N 6 1058 0 2 6049 0 1 3
K 0 0 43
A D 2 16
H 3 B 1 0 108 4 2 1 1 3
J B 5 1091 1 82 6913 288 0
J N 6 1112 28 3 1 0 0
K 0 0 43
K 0 0 54
A D 2 16
J F 0 1141 98 1 865 288 0
K 0 0 204
J N 7 1141 -21 7 865 0 0
K 0 7 45
K 0 0 43
K 0 7 45
K 1 7 45
K 0 0 60
K 0 21 60
A D 4 16
J F 0 1170 98 2 1729 288 0
K 0 0 203
K 0 21 201
J F 0 1199 98 1 2593 288 0
K 0 0 205
J N 6 1199 -14 6 2593 0 1 4
K 0 0 45
K 0 0 43
K -1 0 45
K 2 0 45
K 0 0 54
A D 2 16
J F 0 1228 98 2 3457 288 0
K 0 0 214
K 0 21 201
J N 6 1228 -14 6 3457 0 1 4
K 0 0 45
K 0 0 43
K -1 0 45
K 2 0 45
K 0 0 54
A D 2 16
H 4 T -14 0 0 0 0 0 5 0
J F 0 1259 98 1 4321 288 0
K 0 0 205
J N 7 1259 -7 4 4321 0 0
K 0 0 43
K 0 0 60
K 0 21 60
A D 4 16
J F 0 1288 98 2 5185 288 0
K 0 0 203
K 0 21 201
J F 0 1317 98 1 6049 288 0
K 0 0 205
J N 6 1317 0 3 6049 0 0
K 0 0 43
K 0 0 54
A D 2 16
J B 6 1350 1 82 6913 288 0
J F 0 1371 98 1 1 0 0
K 0 0 206
J N 6 1371 7 2 1 0 1 5
K 0 0 43
A D 2 16
J F 0 1400 98 1 865 288 0
K 0 0 206
J N 6 1400 -14 5 865 0 1 5
K 0 0 45
K 0 0 43
K -1 0 45
K 2 0 45
A D 2 16
H 5 B 1 0 108 2 2 3
J F 0 1429 98 1 1729 288 0
K 0 0 206
J N 6 1429 14 2 1729 0 1 6
K 0 0 43
A D 2 16
J F 0 1458 98 1 2593 288 0
K 0 0 206
J N 5 1458 21 2 2593 0 1 6
K 0 0 43
A D 1 16
J N 5 1487 28 2 3025 144 1 6
K 0 0 43
A D 1 16
H 6 B 1 0 108 3 2 21 33
J F 0 1516 98 2 3457 144 0
K 0 0 206
K 0 21 213
J N 6 1516 21 2 3457 0 1 7
K 0 0 43
A D 2 16
J N 6 1545 49 2 4321 288 1 7
K 0 0 43
A D 2 16
J F 0 1574 98 1 5185 288 0
K 0 0 203
J N 6 1574 21 2 5185 0 1 7
K 0 0 43
A D 2 16
J F 0 1603 98 1 6049 288 0
K 0 0 213
J N 6 1603 70 5 6049 0 1 7
K 1 0 45
K 0 0 43
K -1 0 45
K 2 0 45
A D 2 16
H 7 B 0 0 108 4 2 1 1 3
J B 7 1636 1 82 6913 288 0
J N 6 1657 49 2 1 0 1 8
K 0 0 43
A D 2 16
J N 6 1686 -14 5 865 288 1 8
K 0 0 45
K 0 0 43
K -1 0 45
K 2 0 45
A D 2 16
J F 0 1715 98 2 1729 288 0
K 0 0 205
K 0 21 204
J N 6 1715 -21 5 1729 0 1 8
K 0 7 45
K 0 0 43
K 0 7 45
K 1 7 45
A D 2 16
J F 0 1744 98 1 2593 288 0
K 0 0 202
J N 6 1744 -28 6 2593 0 1 8
K 0 14 45
K 0 0 45
K 0 0 43
K -1 0 45
K 2 0 45
A D 2 16
H 8 B 1 0 108 4 2 1 1 3
J N 6 1773 0 2 3457 288 1 9
K 0 0 43
A D 2 16
J N 6 1802 49 2 4321 288 1 9
K 0 0 43
A D 2 16
J F 0 1831 98 1 5185 288 0
K 0 0 203
J N 6 1831 21 2 5185 0 1 9
K 0 0 43
A D 2 16
J F 0 1860 98 1 6049 288 0
K 0 0 213
J N 6 1860 70 5 6049 0 1 9
K 1 0 45
K 0 0 43
K -1 0 45
K 2 0 45
A D 2 16
H 9 B 0 0 108 4 2 1 1 3
J B 8 1893 1 82 6913 288 0
J R 6 1914 28 2 1 0 0
K 0 0 49
A D 2 16
J F 0 1943 98 1 865 288 0
K 0 0 204
J N 7 1943 0 4 865 0 0
K 0 0 43
K 0 0 60
K 0 21 60
A D 4 16
J F 0 1972 98 2 1729 288 0
K 0 0 203
K 0 21 201
J F 0 2005 98 2 2593 288 0
K 0 0 205
K 0 21 204
J N 6 2005 7 4 2593 0 0
K -18 0 63
K 0 0 43
K 0 0 54
A D 2 16
J F 0 2034 98 1 3457 288 0
K 0 0 208
J N 6 2034 0 2 3457 0 1 10
K 0 0 43
A D 2 16
J F 0 2063 98 1 4321 288 0
K 0 0 205
J N 6 2063 -14 5 4321 0 1 10
K 0 0 45
K 0 0 43
K -1 0 45
K 2 0 45
A D 2 16
J F 0 2099 98 1 5185 288 0
K 0 0 206
J N 6 2099 -7 3 5185 0 1 10
K -14 0 64
K 0 0 43
A D 2 16
J F 0 2128 98 1 6049 288 0
K 0 0 213
J N 6 2128 -28 6 6049 0 1 10
K 0 14 45
K 0 0 45
K 0 0 43
K -1 0 45
K 2 0 45
A D 2 16
H 10 B 1 0 108 4 2 1 1 3
J B 9 2161 1 82 6913 288 0
J N 6 2182 0 3 1 0 0
K 0 0 43
K 0 0 54
A D 2 16
J F 0 2211 98 1 865 288 0
K 0 0 204
J N 7 2211 28 4 865 0 0
K 0 0 43
K 0 0 60
K 0 21 60
A D 4 16
J F 0 2240 98 2 1729 288 0
K 0 0 203
K 0 21 201
J F 0 2269 98 1 2593 288 0
K 0 0 205
J N 6 2269 35 4 2593 0 0
K -18 0 63
K 0 0 43
K 0 0 53
A D 2 16
J F 0 2303 98 1 3457 288 0
K 0 0 208
J N 6 2303 28 2 3457 0 1 11
K 0 0 43
A D 2 16
J F 0 2332 98 1 4321 288 0
K 0 0 205
J N 6 2332 14 2 4321 0 1 11
K 0 0 43
A D 2 16
J F 0 2361 98 1 5185 288 0
K 0 0 206
J N 6 2361 21 2 5185 0 1 11
K 0 0 43
A D 2 16
J F 0 2390 98 2 6049 288 0
K 0 0 206
K 0 21 213
J N 6 2390 0 2 6049 0 1 11
K 0 0 43
A D 2 16
H 11 B 1 0 108 4 2 1 1 3
J B 10 2423 1 82 6913 288 0
J N 6 2444 28 2 1 0 1 12
K 0 0 43
A D 2 16
J F 0 2473 98 1 865 288 0
K 0 0 205
J N 6 2473 -21 5 865 0 1 12
K 0 7 45
K 0 0 43
K 0 7 45
K 1 7 45
A D 2 16
J F 0 2502 98 1 1729 288 0
K 0 0 203
J N 6 2502 -14 5 1729 0 1 12
K 0 0 45
K 0 0 43
K -1 0 45
K 2 0 45
A D 2 16
J F 0 2531 98 1 2593 288 0
K 0 0 202
J N 6 2531 35 2 2593 0 1 12
K 0 0 43
A D 2 16
H 12 B 1 0 108 4 2 1 1 3
J F 0 2560 98 1 3457 288 0
K 0 0 208
J N 6 2560 63 2 3457 0 1 13
K 0 0 43
A D 2 16
J F 0 2589 98 1 4321 288 0
K 0 0 207
J N 6 2589 14 2 4321 0 1 13
K 0 0 43
A D 2 16
H 13 B 0 0 108 2 2 3
J F 0 2618 98 1 5185 288 0
K 0 0 208
J N 6 2618 7 2 5185 0 1 14
K 0 0 43
A D 2 16
J F 0 2647 98 1 6049 288 0
K 0 0 207
J N 5 2647 7 2 6049 0 1 14
K 0 0 43
A D 1 16
J N 5 2676 14 2 6481 144 1 14
K 0 0 43
A D 1 16
H 14 B 1 0 108 3 2 21 33
J B 11 2709 1 82 6913 144 0
J F 0 2730 98 2 1 0 0
K 0 0 205
K 0 21 204
J N 6 2730 21 2 1 0 1 15
K 0 0 43
A D 2 16
J N 6 2759 14 2 865 288 1 15
K 0 0 43
A D 2 16
J F 0 2788 98 1 1729 288 0
K 0 0 208
J N 6 2788 -7 2 1729 0 1 15
K 0 0 43
A D 2 16
J F 0 2817 98 1 2593 288 0
K 0 0 207
J N 6 2817 42 2 2593 0 1 15
K 0 0 43
A D 2 16
H 15 B 1 0 108 4 2 1 1 3
J F 0 2846 98 1 3457 288 0
K 0 0 206
J N 6 2846 35 2 3457 0 1 16
K 0 0 43
A D 2 16
J N 6 2875 14 2 4321 288 1 16
K 0 0 43
A D 2 16
J N 6 2904 -14 5 5185 288 1 16
K 0 0 45
K 0 0 43
K -1 0 45
K 2 0 45
A D 2 16
J N 6 2933 14 2 6049 288 1 16
K 0 0 43
A D 2 16
H 16 B 1 0 108 4 2 1 1 3
J B 12 2966 1 82 6913 288 0
J N 6 2987 -14 5 1 0 1 17
K 0 0 45
K 0 0 43
K -1 0 45
K 2 0 45
A D 2 16
J F 0 3016 98 1 865 288 0
K 0 0 205
J N 6 3016 -35 6 865 0 1 17
K 0 21 45
K 0 7 45
K 0 0 43
K 0 7 45
K 1 7 45
A D 2 16
H 17 B 1 0 108 2 2 3
J F 0 3045 98 1 1729 288 0
K 0 0 205
J N 6 3045 -28 6 1729 0 1 18
K 0 14 45
K 0 0 45
K 0 0 43
K -1 0 45
K 2 0 45
A D 2 16
J F 0 3074 98 1 2593 288 0
K 0 0 205
J N 5 3074 -35 6 2593 0 1 18
K 0 21 45
K 0 7 45
K 0 0 43
K 0 7 45
K 1 7 45
A D 1 16
J N 5 3103 -28 6 3025 144 1 18
K 0 14 45
K 0 0 45
K 0 0 43
K -1 0 45
K 2 0 45
A D 1 16
H 18 B 1 0 108 3 2 21 33
J F 0 3132 98 1 3457 144 0
K 0 0 205
J N 6 3132 -21 5 3457 0 1 19
K 0 7 45
K 0 0 43
K 0 7 45
K 1 7 45
A D 2 16
J N 6 3161 -21 5 4321 288 1 19
K 0 7 45
K 0 0 43
K 0 7 45
K 1 7 45
A D 2 16
H 19 B 1 0 108 2 2 3
J F 0 3190 98 1 5185 288 0
K 0 0 205
J N 6 3190 -14 5 5185 0 1 20
K 0 0 45
K 0 0 43
K -1 0 45
K 2 0 45
A D 2 16
J F 0 3219 98 1 6049 288 0
K 0 0 205
J N 5 3219 -21 5 6049 0 1 20
K 0 7 45
K 0 0 43
K 0 7 45
K 1 7 45
A D 1 16
J N 5 3248 -14 5 6481 144 1 20
K 0 0 45
K 0 0 43
K -1 0 45
K 2 0 45
A D 1 16
H 20 B 1 0 108 3 2 21 33
J B 13 3281 1 82 6913 144 0
J N 6 3302 -7 2 1 0 1 21
K 0 0 43
A D 2 16
J N 6 3331 -7 2 865 288 1 21
K 0 0 43
A D 2 16
J F 0 3360 98 1 1729 288 0
K 0 0 205
J N 6 3360 0 2 1729 0 1 21
K 0 0 43
A D 2 16
J F 0 3389 98 1 2593 288 0
K 0 0 205
J N 6 3389 49 2 2593 0 1 21
K 0 0 43
A D 2 16
H 21 B 1 0 108 4 2 1 1 3
J N 6 3418 42 2 3457 288 1 22
K 0 0 43
A D 2 16
J N 6 3447 56 2 4321 288 1 22
K 0 0 43
A D 2 16
J F 0 3476 98 1 5185 288 0
K 0 0 203
J N 6 3476 35 2 5185 0 1 22
K 0 0 43
A D 2 16
J F 0 3505 98 1 6049 288 0
K 0 0 202
J N 6 3505 84 6 6049 0 1 22
K 1 -14 45
K 1 0 45
K 0 0 43
K -1 0 45
K 2 0 45
A D 2 16
H 22 B 0 0 108 4 2 1 1 3
J B 14 3538 1 82 6913 288 0
J N 6 3559 63 2 1 0 1 23
K 0 0 43
A D 2 16
J F 0 3588 98 1 865 288 0
K 0 0 205
J N 6 3588 14 2 865 0 1 23
K 0 0 43
A D 2 16
J F 0 3617 98 2 1729 288 0
K 0 0 205
K 0 21 204
J N 6 3617 7 2 1729 0 1 23
K 0 0 43
A D 2 16
J F 0 3646 98 1 2593 288 0
K 0 0 213
J N 6 3646 0 2 2593 0 1 23
K 0 0 43
A D 2 16
H 23 B 0 0 108 4 2 1 1 3
J N 7 3675 28 4 3457 288 0
K 0 0 43
K 0 0 60
K 0 21 60
A D 4 16
J F 0 3713 98 1 5185 576 0
K 0 0 203
J N 7 3713 49 4 5185 0 0
K 0 0 43
K 0 0 59
K 0 -21 59
A D 4 16
J F 0 3742 98 1 6049 288 0
K 0 0 213
J B 15 3775 1 82 6913 288 0
J R 6 3796 28 2 1 0 0
K 0 0 49
A D 2 16
J F 0 3825 98 1 865 288 0
K 0 0 205
J N 6 3825 0 2 865 0 1 24
K 0 0 43
A D 2 16
J F 0 3854 98 2 1729 288 0
K 0 0 205
K 0 21 204
J N 6 3854 -7 2 1729 0 1 24
K 0 0 43
A D 2 16
J N 6 3883 -14 5 2593 288 1 24
K 0 0 45
K 0 0 43
K -1 0 45
K 2 0 45
A D 2 16
H 24 B 1 0 108 3 2 1 3
J N 7 3912 14 4 3457 288 0
K 0 0 43
K 0 0 60
K 0 21 60
A D 4 16
J F 0 3950 98 1 5185 576 0
K 0 0 203
J N 7 3950 35 4 5185 0 0
K 0 0 43
K 0 0 59
K 0 -21 59
A D 4 16
J F 0 3979 98 1 6049 288 0
K 0 0 202
J B 16 4012 1 82 6913 288 0
J R 6 4033 28 2 1 0 0
K 0 0 49
A D 2 16
J N 6 4062 14 2 865 288 1 25
K 0 0 43
A D 2 16
J F 0 4091 98 1 1729 288 0
K 0 0 206
J N 6 4091 42 2 1729 0 1 25
K 0 0 43
A D 2 16
J F 0 4120 98 1 2593 288 0
K 0 0 205
J N 6 4120 -7 2 2593 0 1 25
K 0 0 43
A D 2 16
H 25 B 1 0 108 3 2 1 3
J F 0 4149 98 1 3457 288 0
K 0 0 206
J N 6 4149 0 2 3457 0 1 26
K 0 0 43
A D 2 16
J F 0 4178 98 1 4321 288 0
K 0 0 205
J N 6 4178 49 2 4321 0 1 26
K 0 0 43
A D 2 16
J F 0 4207 98 1 5185 288 0
K 0 0 206
J N 6 4207 56 2 5185 0 1 26
K 0 0 43
A D 2 16
J F 0 4236 98 1 6049 288 0
K 0 0 206
J N 6 4236 35 2 6049 0 1 26
K 0 0 43
A D 2 16
H 26 B 0 0 108 4 2 1 1 3
J B 17 4269 1 82 6913 288 0
J N 7 4290 63 4 1 0 0
K 0 0 43
K 0 0 59
K 0 -21 59
A D 4 16
J R 7 4328 28 2 1729 576 0
K 0 0 48
A D 4 16
J R 6 4366 28 2 3457 576 0
K 0 0 49
A D 2 16
J N 6 4395 28 2 4321 288 1 27
K 0 0 43
A D 2 16
J F 0 4424 98 1 5185 288 0
K 0 0 213
J N 6 4424 0 2 5185 0 1 27
K 0 0 43
A D 2 16
J N 6 4453 28 2 6049 288 1 27
K 0 0 43
A D 2 16
H 27 B 1 0 108 3 2 1 3
J B 18 4486 1 82 6913 288 0
J F 0 4507 98 1 1 0 0
K 0 0 213
J N 6 4507 0 3 1 0 0
K 0 0 43
K 0 0 54
A D 2 16
J R 6 4536 28 2 865 288 0
K 0 0 49
A D 2 16
J R 7 4565 28 2 1729 288 0
K 0 0 48
A D 4 16
J R 6 4603 28 2 3457 576 0
K 0 0 49
A D 2 16
J N 6 4632 14 2 4321 288 1 28
K 0 0 43
A D 2 16
J N 6 4661 -14 5 5185 288 1 28
K 0 0 45
K 0 0 43
K -1 0 45
K 2 0 45
A D 2 16
J N 6 4690 14 2 6049 288 1 28
K 0 0 43
A D 2 16
H 28 B 1 0 108 3 2 1 3
J B 19 4723 1 82 6913 288 0
J N 6 4744 -14 6 1 0 0
K 0 0 45
K 0 0 43
K -1 0 45
K 2 0 45
K 0 0 54
A D 2 16
J R 6 4773 28 2 865 288 0
K 0 0 49
A D 2 16
J R 7 4802 28 2 1729 288 0
K 0 0 48
A D 4 16
J R 6 4840 28 2 3457 576 0
K 0 0 49
A D 2 16
J N 6 4869 7 2 4321 288 1 29
K 0 0 43
A D 2 16
J F 0 4898 98 1 5185 288 0
K 0 0 213
J N 6 4898 -21 5 5185 0 1 29
K 0 7 45
K 0 0 43
K 0 7 45
K 1 7 45
A D 2 16
J N 6 4927 7 2 6049 288 1 29
K 0 0 43
A D 2 16
H 29 B 1 0 108 3 2 1 3
J B 20 4960 1 82 6913 288 0
J F 0 4981 98 1 1 0 0
K 0 0 213
J N 6 4981 -21 5 1 0 1 30
K 1 7 45
K 0 0 43
K 0 7 45
K 1 7 45
A D 2 16
J N 6 5010 7 2 865 288 1 30
K 0 0 43
A D 2 16
J F 0 5039 98 1 1729 288 0
K 0 0 203
J N 6 5039 28 2 1729 0 1 30
K 0 0 43
A D 2 16
J F 0 5068 98 1 2593 288 0
K 0 0 213
J N 6 5068 77 5 2593 0 1 30
K 1 -7 45
K 0 0 43
K 0 -7 45
K 1 -7 45
A D 2 16
H 30 B 0 0 108 4 2 1 1 3
J N 6 5097 56 2 3457 288 1 31
K 0 0 43
A D 2 16
J N 6 5126 7 2 4321 288 1 31
K 0 0 43
A D 2 16
J F 0 5166 98 1 5185 288 0
K 0 0 205
J N 6 5166 14 3 5185 0 1 31
K -18 0 63
K 0 0 43
A D 2 16
J N 6 5195 28 2 6049 288 1 31
K 0 0 43
A D 2 16
H 31 B 0 0 108 4 2 1 1 3
J B 21 5228 1 82 6913 288 0
J N 6 5249 56 2 1 0 1 32
K 0 0 43
A D 2 16
J N 6 5278 7 3 865 288 1 32
K 0 0 43
K 0 72 108
A D 2 16
J F 0 5318 98 1 1729 288 0
K 0 0 205
J N 6 5318 14 3 1729 0 1 32
K -18 0 63
K 0 0 43
A D 2 16
J N 6 5347 28 2 2593 288 1 32
K 0 0 43
A D 2 16
H 32 B 0 0 108 4 2 1 1 3
J N 6 5376 56 3 3457 288 1 33
K 0 0 43
K 0 36 110
A D 2 16
J N 6 5405 7 2 4321 288 1 33
K 0 0 43
A D 2 16
J F 0 5438 98 1 5185 288 0
K 0 0 205
J N 6 5438 35 3 5185 0 1 33
K -18 0 63
K 0 0 43
A D 2 16
J N 6 5467 49 2 6049 288 1 33
K 0 0 43
A D 2 16
H 33 B 0 0 108 4 2 1 1 3
J B 22 5500 1 82 6913 288 0
J N 6 5521 28 2 1 0 1 34
K 0 0 43
A D 2 16
J N 6 5550 -21 5 865 288 1 34
K 0 7 45
K 0 0 43
K 0 7 45
K 1 7 45
A D 2 16
J F 0 5579 98 1 1729 288 0
K 0 0 205
J N 6 5579 14 2 1729 0 1 34
K 0 0 43
A D 2 16
J N 6 5608 7 2 2593 288 1 34
K 0 0 43
A D 2 16
H 34 B 1 0 108 4 2 1 1 3
J F 0 5637 98 1 3457 288 0
K 0 0 213
J N 6 5637 0 2 3457 0 1 35
K 0 0 43
A D 2 16
J N 6 5666 49 2 4321 288 1 35
K 0 0 43
A D 2 16
H 35 B 1 0 108 2 2 3
J R 6 5695 28 2 5185 288 0
K 0 0 49
A D 2 16
J N 6 5724 0 4 6049 288 0
K 0 0 43
K 0 79 108
K 0 0 54
A D 2 16
J B 23 5757 1 82 6913 288 0
J F 0 5778 98 1 1 0 0
K 0 0 205
J N 6 5778 -7 2 1 0 1 36
K 0 0 43
A D 2 16
J F 0 5807 98 1 865 288 0
K 0 0 205
J N 6 5807 0 2 865 0 1 36
K 0 0 43
A D 2 16
J F 0 5836 98 1 1729 288 0
K 0 0 205
J N 6 5836 -7 2 1729 0 1 36
K 0 0 43
A D 2 16
J F 0 5865 98 1 2593 288 0
K 0 0 205
J N 6 5865 0 2 2593 0 1 36
K 0 0 43
A D 2 16
H 36 B 1 0 108 4 2 1 1 3
J F 0 5894 98 2 3457 288 0
K 0 0 205
K 15 0 219
J N 6 5894 7 2 3457 0 1 37
K 0 0 43
A D 2 16
J F 0 5929 98 1 4321 288 0
K 0 0 205
J N 6 5929 14 2 4321 0 1 37
K 0 0 43
A D 2 16
J F 0 5958 98 2 5185 288 0
K 0 0 205
K 15 0 219
J N 6 5958 7 2 5185 0 1 37
K 0 0 43
A D 2 16
J N 6 5993 14 2 6049 288 1 37
K 0 0 43
A D 2 16
H 37 B 1 0 108 4 2 1 1 3
J B 24 6026 1 82 6913 288 0
J F 0 6047 98 1 1 0 0
K 0 0 216
J N 6 6047 21 2 1 0 1 38
K 0 0 43
A D 2 16
J N 6 6076 28 2 865 288 1 38
K 0 0 43
A D 2 16
J F 0 6105 98 1 1729 288 0
K 0 0 203
J N 6 6105 0 2 1729 0 1 38
K 0 0 43
A D 2 16
J F 0 6134 98 1 2593 288 0
K 0 0 213
J N 6 6134 49 2 2593 0 1 38
K 0 0 43
A D 2 16
H 38 B 1 0 108 4 2 1 1 3
J N 6 6163 28 3 3457 288 0
K 0 0 43
K 0 0 54
A D 2 16
J F 0 6192 98 1 4321 288 0
K 0 0 204
J N 7 6192 7 5 4321 0 0
K 0 0 43
K 0 78 110
K 0 0 60
K 0 21 60
A D 4 16
J F 0 6221 98 2 5185 288 0
K 0 0 203
K 0 21 201
J F 0 6254 98 1 6049 288 0
K 0 0 205
J N 6 6254 14 4 6049 0 0
K -18 0 63
K 0 0 43
K 0 0 54
A D 2 16
J B 25 6287 1 82 6913 288 0
J N 6 6308 7 2 1 0 1 39
K 0 0 43
A D 2 16
J F 0 6337 98 1 865 288 0
K 0 0 205
J N 6 6337 -7 2 865 0 1 39
K 0 0 43
A D 2 16
J F 0 6366 98 2 1729 288 0
K 0 0 206
K 0 21 203
J N 6 6366 0 2 1729 0 1 39
K 0 0 43
A D 2 16
J F 0 6395 98 1 2593 288 0
K 0 0 213
J N 6 6395 -21 5 2593 0 1 39
K 0 7 45
K 0 0 43
K 0 7 45
K 1 7 45
A D 2 16
H 39 B 1 0 108 4 2 1 1 3
J R 6 6424 28 2 3457 288 0
K 0 0 49
A D 2 16
J F 0 6453 98 1 4321 288 0
K 0 0 204
J N 7 6453 7 5 4321 0 0
K 0 0 43
K 0 74 108
K 0 0 60
K 0 21 60
A D 4 16
J F 0 6482 98 2 5185 288 0
K 0 0 203
K 0 21 201
J F 0 6515 98 1 6049 288 0
K 0 0 213
J N 6 6515 14 4 6049 0 0
K -18 0 63
K 0 0 43
K 0 0 54
A D 2 16
J B 26 6548 1 82 6913 288 0
J N 6 6569 7 2 1 0 1 40
K 0 0 43
A D 2 16
J N 6 6598 0 2 865 288 1 40
K 0 0 43
A D 2 16
J N 6 6627 -7 2 1729 288 1 40
K 0 0 43
A D 2 16
J N 6 6656 7 3 2593 288 1 40
K 0 0 43
K 0 78 110
A D 2 16
H 40 B 1 0 108 4 2 1 1 3
J F 0 6685 98 2 3457 288 0
K 0 0 206
K 0 21 213
J N 7 6685 0 4 3457 0 0
K 0 0 43
K 0 0 60
K 0 21 60
A D 4 16
J F 0 6725 98 2 5185 576 0
K 0 0 206
K 0 21 204
J N 7 6725 7 5 5185 0 0
K -18 0 63
K 0 0 43
K 0 0 60
K 0 21 60
A D 4 16
J B 27 6767 1 82 6913 576 0
J F 0 6788 98 2 1 0 0
K 0 0 205
K 0 21 203
J N 7 6788 0 4 1 0 0
K 0 0 43
K 0 0 60
K 0 21 60
A D 4 16
J F 0 6826 98 2 1729 576 0
K 0 0 204
K 0 21 213
J N 7 6826 49 4 1729 0 0
K 0 0 43
K 0 0 59
K 0 -21 59
A D 4 16
J N 8 6864 28 4 3457 576 0
K 0 0 42
K 0 0 60
K 0 21 60
A D 8 16
J B 28 6921 1 82 6913 1152 0
J F 0 6942 98 1 1 0 0
K 0 0 205
J N 7 6942 35 4 1 0 0
K 0 0 43
K 0 0 59
K 0 -21 59
A D 4 16
J R 7 6980 28 2 1729 576 0
K 0 0 48
A D 4 16
J F 0 7018 98 1 3457 576 0
K 0 0 205
J N 7 7018 42 4 3457 0 0
K 0 0 43
K 0 0 59
K 0 -21 59
A D 4 16
J R 7 7056 28 2 5185 576 0
K 0 0 48
A D 4 16
J B 29 7098 1 82 6913 576 0
J F 0 7119 98 1 1 0 0
K 0 0 213
J N 9 7119 49 2 1 0 0
K 0 0 41
A D 16 16
J B 0 7215 6 2 6913 2304 0
K -13 0 82
K -6 0 84
J M 0 7215 0 0 10000 0 0
