@ SOURCE: not identified 
L 0 0 14 !39Violino 2 concerto grosso
J D 4 500 -120 1 6913 0 0
W 0 0 44 III
J D 1 75 -37 1 6913 0 0
W 0 -56 44 III:  Violino 2 concerto grosso
J C 4 5 42 2 6913 0 0
K 0 0 33
K 0 0 34
J K -1 57 0 1 6913 0 0
K 0 28 65
J D 5 86 -42 1 6913 0 0
W 0 0 37 Largo
J T 101 86 42 1 6913 0 0
K 0 0 37
J R 9 137 28 2 1 10000 0
K 0 0 46
A D 16 16
J B 2 242 1 82 6913 2304 0
J R 6 263 28 2 1 0 0
K 0 0 49
A D 2 16
J N 7 301 63 4 865 288 0
K 0 0 43
K 0 0 59
K 0 -21 59
A D 4 16
J N 6 354 70 7 2593 576 0
K 1 0 45
K -18 0 63
K 0 0 43
K -1 0 45
K 2 0 45
K 0 0 53
A D 2 16
J N 6 396 63 2 3457 288 1 1
K 0 0 43
A D 2 16
J N 6 434 49 2 4321 288 1 1
K 0 0 43
A D 2 16
J N 6 472 56 2 5185 288 1 1
K 0 0 43
A D 2 16
J N 6 510 35 2 6049 288 1 1
K 0 0 43
A D 2 16
H 1 B 0 0 108 4 2 1 1 3
J B 3 552 1 82 6913 288 0
J N 6 573 49 2 1 0 1 2
K 0 0 43
A D 2 16
J N 6 611 56 2 865 288 1 2
K 0 0 43
A D 2 16
H 2 B 0 0 108 2 2 3
J N 7 649 63 4 1729 288 0
K 0 0 43
K 0 0 59
K 0 -21 59
A D 4 16
J N 6 702 70 6 3457 576 0
K 1 0 45
K 0 0 43
K -1 0 45
K 2 0 45
K 0 0 53
A D 2 16
J N 7 744 35 4 4321 288 0
K 0 0 43
K 0 0 59
K 0 -21 59
A D 4 16
J N 6 797 42 3 6049 576 1 3
K 0 0 43
K 0 0 53
A D 2 16
J B 4 843 1 82 6913 288 0
J N 6 864 42 2 1 0 2 4 3
K 0 0 43
A D 2 16
H 3 T 42 0 0 0 0 0 13 0
J N 6 902 49 2 865 288 1 4
K 0 0 43
A D 2 16
J N 6 940 56 2 1729 288 1 4
K 0 0 43
A D 2 16
J N 6 978 7 2 2593 288 1 4
K 0 0 43
A D 2 16
H 4 B 0 0 108 4 2 1 1 3
J N 7 1016 35 4 3457 288 0
K 0 0 43
K 0 0 59
K 0 -21 59
A D 4 16
J N 7 1069 42 4 5185 576 0
K 0 0 43
K 0 0 59
K 0 -21 59
A D 4 16
J B 5 1126 1 82 6913 576 0
J N 6 1147 49 2 1 0 1 5
K 0 0 43
A D 2 16
J N 6 1185 0 2 865 288 1 5
K 0 0 43
A D 2 16
H 5 B 1 0 108 2 2 3
J N 7 1223 7 4 1729 288 0
K 0 0 43
K 0 0 60
K 0 21 60
A D 4 16
J N 7 1276 14 4 3457 576 0
K 0 0 43
K 0 0 60
K 0 21 60
A D 4 16
J N 7 1329 21 4 5185 576 0
K 0 0 43
K 0 0 60
K 0 21 60
A D 4 16
J B 6 1386 1 82 6913 576 0
J N 7 1407 28 4 1 0 0
K 0 0 43
K 0 0 60
K 0 21 60
A D 4 16
J N 7 1460 35 4 1729 576 0
K 0 0 43
K 0 0 59
K 0 -21 59
A D 4 16
J N 6 1513 42 4 3457 576 0
K -18 0 63
K 0 0 43
K 0 0 53
A D 2 16
J N 7 1555 35 4 4321 288 0
K 0 0 43
K 0 0 59
K 0 -21 59
A D 4 16
J N 6 1608 42 3 6049 576 0
K 0 0 43
K 0 0 53
A D 2 16
J B 7 1654 1 82 6913 288 0
J N 7 1675 35 4 1 0 0
K 0 0 43
K 0 0 59
K 0 -21 59
A D 4 16
J R 7 1728 28 2 1729 576 0
K 0 0 48
A D 4 16
J R 6 1781 28 2 3457 576 0
K 0 0 49
A D 2 16
J N 7 1819 -14 7 4321 288 0
K 0 0 45
K 0 0 43
K -1 0 45
K 2 0 45
K 0 0 60
K 0 21 60
A D 4 16
J N 6 1872 -7 4 6049 576 0
K -18 0 63
K 0 0 43
K 0 0 54
A D 2 16
J B 8 1914 1 82 6913 288 0
J N 6 1935 -14 5 1 0 1 6
K 0 0 45
K 0 0 43
K -1 0 45
K 2 0 45
A D 2 16
J N 6 1973 -28 6 865 288 1 6
K 0 14 45
K 0 0 45
K 0 0 43
K -1 0 45
K 2 0 45
A D 2 16
J N 6 2013 -21 6 1729 288 1 6
K 0 7 45
K -14 0 64
K 0 0 43
K 0 7 45
K 1 7 45
A D 2 16
J N 6 2051 -42 7 2593 288 1 6
K 0 28 45
K 0 14 45
K 0 0 45
K 0 0 43
K -1 0 45
K 2 0 45
A D 2 16
H 6 B 1 0 108 4 2 1 1 3
J N 6 2089 -28 6 3457 288 1 7
K 0 14 45
K 0 0 45
K 0 0 43
K -1 0 45
K 2 0 45
A D 2 16
J N 6 2127 21 2 4321 288 1 7
K 0 0 43
A D 2 16
H 7 B 1 0 108 2 2 3
J N 6 2165 14 2 5185 288 1 8
K 0 0 43
A D 2 16
J N 5 2203 21 2 6049 288 2 9 8
K 0 0 43
A D 1 16
J N 5 2243 28 3 6481 144 2 8 9
K -14 0 64
K 0 0 43
A D 1 16
H 8 B 1 0 108 3 2 21 33
H 9 S 0 0 0 0 0 0 0 0 0
J B 9 2276 1 82 6913 144 0
J N 6 2297 21 2 1 0 1 10
K 0 0 43
A D 2 16
J N 6 2335 0 2 865 288 1 10
K 0 0 43
A D 2 16
J N 6 2373 7 2 1729 288 1 10
K 0 0 43
A D 2 16
J N 6 2411 7 2 2593 288 2 11 10
K 0 0 43
A D 2 16
H 10 B 1 0 108 4 2 1 1 3
J N 6 2449 7 3 3457 288 1 11
K 0 0 43
K 0 0 54
A D 2 16
H 11 T 7 0 0 0 0 0 1 0
J N 7 2487 14 4 4321 288 0
K 0 0 43
K 0 0 60
K 0 21 60
A D 4 16
J N 6 2540 21 4 6049 576 0
K -18 0 63
K 0 0 43
K 0 0 54
A D 2 16
J B 10 2582 1 82 6913 288 0
J N 7 2603 14 4 1 0 0
K 0 0 43
K 0 0 60
K 0 21 60
A D 4 16
J N 7 2656 -7 4 1729 576 1 12
K 0 0 43
K 0 0 60
K 0 21 60
A D 4 16
J N 6 2709 -7 2 3457 576 2 13 12
K 0 0 43
A D 2 16
H 12 T -7 0 0 0 0 0 1 0
J N 6 2747 0 2 4321 288 1 13
K 0 0 43
A D 2 16
H 13 B 1 0 108 2 2 3
J N 7 2785 -21 7 5185 288 1 14
K 0 7 45
K 0 0 43
K 0 7 45
K 1 7 45
K 0 0 60
K 0 21 60
A D 4 16
J B 11 2842 1 82 6913 576 0
J N 6 2863 -21 5 1 0 2 15 14
K 0 7 45
K 0 0 43
K 0 7 45
K 1 7 45
A D 2 16
H 14 T -21 0 0 0 0 0 1 0
J N 6 2901 -14 5 865 288 1 15
K 0 0 45
K 0 0 43
K -1 0 45
K 2 0 45
A D 2 16
H 15 B 1 0 108 2 2 3
J N 7 2939 -35 9 1729 288 0
K 0 21 45
K 0 7 45
K 0 0 43
K 0 7 45
K 1 7 45
K 0 0 60
K 0 28 60
K 0 35 60
A D 4 16
J N 6 2992 7 2 3457 576 1 16
K 0 0 43
A D 2 16
J N 6 3030 0 2 4321 288 1 16
K 0 0 43
A D 2 16
J N 6 3068 7 2 5185 288 1 16
K 0 0 43
A D 2 16
J N 6 3106 0 2 6049 288 1 16
K 0 0 43
A D 2 16
H 16 B 1 0 108 4 2 1 1 3
J B 12 3148 1 82 6913 288 0
J N 6 3169 7 2 1 0 1 17
K 0 0 43
A D 2 16
J N 6 3207 35 3 865 288 1 17
K 0 0 43
K 0 63 108
A D 2 16
H 17 B 1 0 108 2 2 3
J N 6 3245 42 2 1729 288 1 18
K 0 0 43
A D 2 16
J N 5 3283 35 2 2593 288 2 19 18
K 0 0 43
A D 1 16
J N 5 3312 42 2 3025 144 2 18 19
K 0 0 43
A D 1 16
H 18 B 0 0 108 3 2 21 33
H 19 S 12 0 0 0 0 0 0 0 0
J N 6 3341 49 2 3457 144 1 20
K 0 0 43
A D 2 16
J N 6 3379 49 2 4321 288 1 20
K 0 0 43
A D 2 16
H 20 B 0 0 108 2 2 3
J N 6 3417 56 2 5185 288 1 21
K 0 0 43
A D 2 16
J N 5 3455 49 2 6049 288 2 22 21
K 0 0 43
A D 1 16
J N 5 3484 56 2 6481 144 2 21 22
K 0 0 43
A D 1 16
H 21 B 0 0 108 3 2 21 33
H 22 S 12 0 0 0 0 0 0 0 0
J B 13 3517 1 82 6913 144 0
J N 6 3538 63 2 1 0 1 23
K 0 0 43
A D 2 16
J N 6 3576 56 2 865 288 1 23
K 0 0 43
A D 2 16
J N 6 3614 49 2 1729 288 1 23
K 0 0 43
A D 2 16
J N 6 3652 49 3 2593 288 1 23
K 0 0 43
K 0 39 110
A D 2 16
H 23 B 0 0 108 4 2 1 1 3
J N 7 3690 49 4 3457 288 0
K 0 0 43
K 0 0 59
K 0 -21 59
A D 4 16
J N 6 3743 49 3 5185 576 1 24
K 0 0 43
K 25 0 44
A D 3 16
J N 5 3789 56 2 6481 432 1 24
K 0 0 43
A D 1 16
H 24 B 0 0 108 2 2 53
J B 14 3822 1 82 6913 144 0
J N 7 3843 49 4 1 0 0
K 0 0 43
K 0 0 59
K 0 -21 59
A D 4 16
J R 7 3896 28 2 1729 576 0
K 0 0 48
A D 4 16
J R 6 3949 28 2 3457 576 0
K 0 0 49
A D 2 16
J N 7 3987 14 4 4321 288 0
K 0 0 43
K 0 0 60
K 0 21 60
A D 4 16
J N 6 4040 21 4 6049 576 0
K -18 0 63
K 0 0 43
K 0 0 54
A D 2 16
J B 15 4082 1 82 6913 288 0
J N 6 4103 14 3 1 0 0
K 0 0 43
K 0 0 54
A D 2 16
J N 7 4141 0 4 865 288 0
K 0 0 43
K 0 0 60
K 0 21 60
A D 4 16
J N 6 4194 7 3 2593 576 0
K 0 0 43
K 0 0 54
A D 2 16
J N 6 4232 0 2 3457 288 1 25
K 0 0 43
A D 2 16
J N 6 4270 -14 5 4321 288 1 25
K 0 0 45
K 0 0 43
K -1 0 45
K 2 0 45
A D 2 16
J N 6 4308 -7 2 5185 288 1 25
K 0 0 43
A D 2 16
J N 6 4346 -28 6 6049 288 1 25
K 0 14 45
K 0 0 45
K 0 0 43
K -1 0 45
K 2 0 45
A D 2 16
H 25 B 1 0 108 4 2 1 1 3
J B 16 4388 1 82 6913 288 0
J N 6 4409 -14 6 1 0 0
K 0 0 45
K 0 0 43
K -1 0 45
K 2 0 45
K 0 0 54
A D 2 16
J N 7 4447 35 4 865 288 0
K 0 0 43
K 0 0 59
K 0 -21 59
A D 4 16
J N 6 4500 42 3 2593 576 1 26
K 0 0 43
K 0 0 53
A D 2 16
J N 6 4542 42 3 3457 288 1 26
K 0 0 43
K 0 0 53
A D 2 16
H 26 T 42 0 0 0 0 0 13 0
J N 7 4584 49 4 4321 288 0
K 0 0 43
K 0 0 59
K 0 -21 59
A D 4 16
J N 6 4637 56 3 6049 576 0
K 0 0 43
K 0 0 53
A D 2 16
J B 17 4683 1 82 6913 288 0
J N 7 4704 49 4 1 0 0
K 0 0 43
K 0 0 59
K 0 -21 59
A D 4 16
J R 7 4757 28 2 1729 576 0
K 0 0 48
A D 4 16
J R 6 4810 28 2 3457 576 0
K 0 0 49
A D 2 16
J N 6 4848 14 2 4321 288 1 27
K 0 0 43
A D 2 16
J N 6 4892 21 3 5185 288 1 27
K -18 0 63
K 0 0 43
A D 2 16
J N 6 4930 14 2 6049 288 1 27
K 0 0 43
A D 2 16
H 27 B 1 0 108 3 2 1 3
J B 18 4972 1 82 6913 288 0
J N 6 4999 21 4 1 0 0
K -18 0 63
K 0 0 43
K 0 0 54
A D 2 16
J R 6 5037 28 2 865 288 0
K 0 0 49
A D 2 16
J R 7 5075 28 2 1729 288 0
K 0 0 48
A D 4 16
J R 6 5128 28 2 3457 576 0
K 0 0 49
A D 2 16
J N 6 5166 0 2 4321 288 1 28
K 0 0 43
A D 2 16
J N 6 5204 7 2 5185 288 1 28
K 0 0 43
A D 2 16
J N 6 5242 0 2 6049 288 1 28
K 0 0 43
A D 2 16
H 28 B 1 0 108 3 2 1 3
J B 19 5284 1 82 6913 288 0
J N 6 5305 7 3 1 0 0
K 0 0 43
K 0 0 54
A D 2 16
J R 6 5343 28 2 865 288 0
K 0 0 49
A D 2 16
J R 7 5381 28 2 1729 288 0
K 0 0 48
A D 4 16
J R 6 5434 28 2 3457 576 0
K 0 0 49
A D 2 16
J N 6 5472 -7 2 4321 288 1 29
K 0 0 43
A D 2 16
J N 6 5516 0 3 5185 288 1 29
K -18 0 63
K 0 0 43
A D 2 16
J N 6 5554 -7 2 6049 288 1 29
K 0 0 43
A D 2 16
H 29 B 1 0 108 3 2 1 3
J B 20 5596 1 82 6913 288 0
J N 6 5623 0 3 1 0 1 30
K -18 0 63
K 0 0 43
A D 2 16
J N 6 5661 -7 2 865 288 1 30
K 0 0 43
A D 2 16
J N 6 5699 -7 3 1729 288 1 30
K 0 0 43
K 25 0 44
A D 3 16
J N 5 5745 0 2 3025 432 1 30
K 0 0 43
A D 1 16
H 30 B 1 0 108 4 2 1 1 53
J N 7 5774 -7 4 3457 144 0
K 0 0 43
K 0 0 60
K 0 21 60
A D 4 16
J R 6 5827 28 2 5185 576 0
K 0 0 49
A D 2 16
J N 5 5865 -35 6 6049 288 2 31 32
K 0 21 45
K 0 7 45
K 0 0 43
K 0 7 45
K 1 7 45
A D 1 16
J N 5 5894 -14 5 6481 144 2 32 31
K 0 0 45
K 0 0 43
K -1 0 45
K 2 0 45
A D 1 16
H 32 B 1 0 108 2 22 33
H 31 S 0 0 0 0 0 0 0 0 0
J B 21 5927 1 82 6913 144 0
J N 7 5948 -21 7 1 0 0
K 0 7 45
K 0 0 43
K 0 7 45
K 1 7 45
K 0 0 60
K 0 21 60
A D 4 16
J R 6 6001 28 2 1729 576 0
K 0 0 49
A D 2 16
J N 5 6039 -35 6 2593 288 2 33 34
K 0 21 45
K 0 7 45
K 0 0 43
K 0 7 45
K 1 7 45
A D 1 16
J N 5 6068 -14 5 3025 144 2 34 33
K 0 0 45
K 0 0 43
K -1 0 45
K 2 0 45
A D 1 16
H 34 B 1 0 108 2 22 33
H 33 S 0 0 0 0 0 0 0 0 0
J N 7 6097 -21 7 3457 144 0
K 0 7 45
K 0 0 43
K 0 7 45
K 1 7 45
K 0 0 60
K 0 21 60
A D 4 16
J N 7 6150 7 4 5185 576 0
K 0 0 43
K 0 0 60
K 0 21 60
A D 4 16
J B 22 6207 1 82 6913 576 0
J N 6 6228 35 3 1 0 0
K 0 0 43
K 0 0 53
A D 2 16
J N 7 6270 0 4 865 288 0
K 0 0 43
K 0 0 60
K 0 21 60
A D 4 16
J N 5 6323 7 2 2593 576 1 35
K 0 0 43
A D 1 16
J N 5 6352 14 2 3025 144 1 35
K 0 0 43
A D 1 16
H 35 B 1 0 108 2 22 33
J N 7 6396 21 5 3457 144 0
K -18 0 63
K 0 0 43
K 0 0 60
K 0 21 60
A D 4 16
J R 6 6449 28 2 5185 576 0
K 0 0 49
A D 2 16
J N 6 6487 21 4 6049 288 0
K 0 0 43
K 0 68 108
K 0 0 54
A D 2 16
J B 23 6529 1 82 6913 288 0
J N 6 6550 14 2 1 0 2 36 37
K 0 0 43
A D 2 16
J N 6 6590 21 3 865 288 2 37 36
K -14 0 64
K 0 0 43
A D 2 16
H 37 B 1 0 108 2 2 3
H 36 S 0 0 0 0 0 0 0 0 0
J R 6 6628 28 2 1729 288 0
K 0 0 49
A D 2 16
J N 6 6666 21 3 2593 288 0
K 0 0 43
K 0 0 54
A D 2 16
J N 6 6704 28 2 3457 288 2 38 39
K 0 0 43
A D 2 16
J N 6 6742 35 2 4321 288 2 39 38
K 0 0 43
A D 2 16
H 39 B 0 0 108 2 2 3
H 38 S 12 0 0 0 0 0 0 0 0
J R 6 6780 28 2 5185 288 0
K 0 0 49
A D 2 16
J N 6 6818 35 3 6049 288 0
K 0 0 43
K 0 0 53
A D 2 16
J B 24 6864 1 82 6913 288 0
J N 6 6885 42 2 1 0 1 40
K 0 0 43
A D 2 16
J N 6 6923 49 2 865 288 1 40
K 0 0 43
A D 2 16
H 40 B 0 0 108 2 2 3
J N 7 6961 56 4 1729 288 0
K 0 0 43
K 0 0 59
K 0 -21 59
A D 4 16
J N 6 7014 63 2 3457 576 1 41
K 0 0 43
A D 2 16
J N 6 7052 28 3 4321 288 1 41
K 0 0 43
K 0 58 110
A D 2 16
J N 6 7090 35 2 5185 288 1 41
K 0 0 43
A D 2 16
J N 6 7128 14 2 6049 288 1 41
K 0 0 43
A D 2 16
H 41 B 0 0 108 4 2 1 1 3
J B 25 7170 1 82 6913 288 0
J R 6 7191 28 2 1 0 0
K 0 0 49
A D 2 16
J N 7 7229 42 4 865 288 0
K 0 0 43
K 0 0 59
K 0 -21 59
A D 4 16
J N 6 7282 49 4 2593 576 0
K -18 0 63
K 0 0 43
K 0 0 53
A D 2 16
J N 6 7324 42 2 3457 288 1 42
K 0 0 43
A D 2 16
J N 6 7362 28 3 4321 288 1 42
K 0 0 43
K 0 51 108
A D 2 16
J N 6 7400 35 2 5185 288 1 42
K 0 0 43
A D 2 16
J N 6 7438 14 2 6049 288 1 42
K 0 0 43
A D 2 16
H 42 B 0 0 108 4 2 1 1 3
J B 26 7480 1 82 6913 288 0
J N 6 7501 28 2 1 0 1 43
K 0 0 43
A D 2 16
J N 6 7539 63 2 865 288 1 43
K 0 0 43
A D 2 16
H 43 B 0 0 108 2 2 3
J N 8 7577 42 4 1729 288 0
K 0 0 42
K 0 0 59
K 0 -21 59
A D 8 16
J I 0 7656 84 110 2593 288 0
J N 6 7656 49 2 5185 864 2 44 45
K 0 0 43
A D 2 16
J N 6 7694 56 2 6049 288 2 45 44
K 0 0 43
A D 2 16
H 45 B 0 0 108 2 2 3
H 44 S 12 0 0 0 0 0 0 0 0
J B 27 7736 1 82 6913 288 0
J N 7 7757 49 4 1 0 0
K 0 0 43
K 0 0 59
K 0 -21 59
A D 4 16
J N 7 7810 56 4 1729 576 0
K 0 0 43
K 0 0 59
K 0 -21 59
A D 4 16
J N 8 7863 63 4 3457 576 0
K 0 0 42
K 0 0 59
K 0 -21 59
A D 8 16
J B 28 7946 1 82 6913 1152 0
J N 7 7967 56 4 1 0 0
K 0 0 43
K 0 0 59
K 0 -21 59
A D 4 16
J R 7 8020 28 2 1729 576 0
K 0 0 48
A D 4 16
J N 7 8073 63 4 3457 576 0
K 0 0 43
K 0 0 59
K 0 -21 59
A D 4 16
J R 7 8126 28 2 5185 576 0
K 0 0 48
A D 4 16
J B 29 8183 1 82 6913 576 0
J N 9 8210 70 7 1 0 0
K 1 0 45
K 7 0 45
K -18 0 63
K 0 0 41
K -1 0 45
K 2 0 45
A D 16 16
J B 0 8354 6 2 6913 2304 0
K -13 0 82
K -6 0 84
J M 0 8354 0 0 10000 0 0
