X 46 1200C 120 III.    
S 0 500 240 1750 1066 7 "[...][....]"            
L 0 0 0 0 0 * 0 14 0            
J D 0 -300 21 1 6913 0 0            
W 0 0 39 Violino 1            
W 0 42 33 concertino     
J D 1 75 -37 1 6913 0 0     
W 0 -56 0 (44) :  Violino 1            
J C 4 5 42 2 6913 0 0            
K 0 0 33            
K 0 0 34            
J K 2 57 0 2 6913 0 0            
K 0 0 63            
K 15 21 63            
J D 5 103 -42 1 6913 0 0            
W 0 0 37 Allegro            
J T 304 112 0 2 6913 0 0            
K -10 28 74            
K -10 56 75            
J N 5 151 14 2 1 0 1 1            
K 0 0 43            
A D 1 16            
J N 5 183 0 2 577 144 1 1            
K 0 0 43            
A D 1 16            
J N 5 215 -14 5 1153 144 1 1            
K 0 0 45            
K 0 0 43            
K -1 0 45            
K 2 0 45            
A D 1 16            
J N 5 247 0 2 1729 144 1 1            
K 0 0 43            
A D 1 16            
H 1 B -46 -1 108 4 22 11 11 33            
J N 5 279 14 2 2305 144 1 2            
K 0 0 43            
A D 1 16            
J N 5 311 0 2 2881 144 1 2            
K 0 0 43            
A D 1 16            
J N 5 343 -14 5 3457 144 1 2            
K 0 0 45            
K 0 0 43            
K -1 0 45            
K 2 0 45            
A D 1 16            
J N 5 375 0 2 4033 144 1 2            
K 0 0 43            
A D 1 16            
H 2 B -46 -1 108 4 22 11 11 33            
J N 5 407 14 2 4609 144 1 3            
K 0 0 43            
A D 1 16            
J N 5 439 0 2 5185 144 1 3            
K 0 0 43            
A D 1 16            
J N 5 471 -14 5 5761 144 1 3            
K 0 0 45            
K 0 0 43            
K -1 0 45            
K 2 0 45            
A D 1 16            
J N 5 503 0 2 6337 144 1 3            
K 0 0 43            
A D 1 16            
H 3 B -46 -1 108 4 22 11 11 33            
J B 2 537 1 82 6913 144 0            
J N 5 558 21 2 1 0 1 4            
K 0 0 43            
A D 1 16            
J N 5 590 7 2 577 144 1 4            
K 0 0 43            
A D 1 16            
J N 5 622 -14 5 1153 144 1 4            
K 0 0 45            
K 0 0 43            
K -1 0 45            
K 2 0 45            
A D 1 16            
J N 5 654 7 2 1729 144 1 4            
K 0 0 43            
A D 1 16            
H 4 B -53 -1 108 4 22 11 11 33            
J N 5 686 21 2 2305 144 1 5            
K 0 0 43            
A D 1 16            
J N 5 718 7 2 2881 144 1 5            
K 0 0 43            
A D 1 16            
J N 5 750 -14 5 3457 144 1 5            
K 0 0 45            
K 0 0 43            
K -1 0 45            
K 2 0 45            
A D 1 16            
J N 5 782 7 2 4033 144 1 5            
K 0 0 43            
A D 1 16            
H 5 B -53 -1 108 4 22 11 11 33            
J N 5 814 21 2 4609 144 1 6            
K 0 0 43            
A D 1 16            
J N 5 846 7 2 5185 144 1 6            
K 0 0 43            
A D 1 16            
J N 5 878 -14 5 5761 144 1 6            
K 0 0 45            
K 0 0 43            
K -1 0 45            
K 2 0 45            
A D 1 16            
J N 5 910 7 2 6337 144 1 6            
K 0 0 43            
A D 1 16            
H 6 B -53 -1 108 4 22 11 11 33            
J B 3 944 1 82 6913 144 0            
J N 5 965 14 2 1 0 1 7            
K 0 0 43            
A D 1 16            
J N 5 997 0 2 577 144 1 7            
K 0 0 43            
A D 1 16            
J N 5 1029 -14 5 1153 144 1 7            
K 0 0 45            
K 0 0 43            
K -1 0 45            
K 2 0 45            
A D 1 16            
J N 5 1061 0 2 1729 144 1 7            
K 0 0 43            
A D 1 16            
H 7 B -46 -1 108 4 22 11 11 33            
J N 5 1093 14 2 2305 144 1 8            
K 0 0 43            
A D 1 16            
J N 5 1125 0 2 2881 144 1 8            
K 0 0 43            
A D 1 16            
J N 5 1157 -14 5 3457 144 1 8            
K 0 0 45            
K 0 0 43            
K -1 0 45            
K 2 0 45            
A D 1 16            
J N 5 1189 0 2 4033 144 1 8            
K 0 0 43            
A D 1 16            
H 8 B -46 -1 108 4 22 11 11 33            
J N 5 1221 14 2 4609 144 1 9            
K 0 0 43            
A D 1 16            
J N 5 1253 0 2 5185 144 1 9            
K 0 0 43            
A D 1 16            
J N 5 1285 -14 5 5761 144 1 9            
K 0 0 45            
K 0 0 43            
K -1 0 45            
K 2 0 45            
A D 1 16            
J N 5 1317 0 2 6337 144 1 9            
K 0 0 43            
A D 1 16            
H 9 B -46 -1 108 4 22 11 11 33            
J B 4 1351 1 82 6913 144 0            
J N 5 1372 21 2 1 0 1 10            
K 0 0 43            
A D 1 16            
J N 5 1404 7 2 577 144 1 10            
K 0 0 43            
A D 1 16            
J N 5 1436 -14 5 1153 144 1 10            
K 0 0 45            
K 0 0 43            
K -1 0 45            
K 2 0 45            
A D 1 16            
J N 5 1468 7 2 1729 144 1 10            
K 0 0 43            
A D 1 16            
H 10 B -53 -1 108 4 22 11 11 33            
J N 5 1500 21 2 2305 144 1 11            
K 0 0 43            
A D 1 16            
J N 5 1531 7 2 2881 144 1 11            
K 0 0 43            
A D 1 16            
J N 5 1562 -14 5 3457 144 1 11            
K 0 0 45            
K 0 0 43            
K -1 0 45            
K 2 0 45            
A D 1 16            
J N 5 1593 7 2 4033 144 1 11            
K 0 0 43            
A D 1 16            
H 11 B -53 -1 108 4 22 11 11 33            
J N 5 1624 21 2 4609 144 1 12            
K 0 0 43            
A D 1 16            
J N 5 1655 7 2 5185 144 1 12            
K 0 0 43            
A D 1 16            
J N 5 1686 -14 5 5761 144 1 12            
K 0 0 45            
K 0 0 43            
K -1 0 45            
K 2 0 45            
A D 1 16            
J N 5 1717 7 2 6337 144 1 12            
K 0 0 43            
A D 1 16            
H 12 B -53 -1 108 4 22 11 11 33            
J B 5 1750 1 82 6913 144 0            
E *            
L 160 0 0 0 0 * 0 14 0            
J D 0 -300 21 1 6913 0 0            
W 0 0 39 Violino 2            
W 0 42 33 concertino     
J D 1 75 -37 1 6913 0 0     
W 0 -56 0 (44) :  Violino 2            
J C 4 5 42 2 6913 0 0            
K 0 0 33            
K 0 0 34            
J K 2 57 0 2 6913 0 0            
K 0 0 63            
K 15 21 63            
J D 5 103 -42 1 6913 0 0            
W 0 0 0 (37) Allegro            
J T 304 112 0 2 6913 0 0            
K -10 28 74            
K -10 56 75            
J N 7 151 14 4 1 0 0            
K 0 0 43            
K 0 0 60            
K 0 21 60            
A D 4 16            
J N 7 279 0 4 2305 576 0            
K 0 0 43            
K 0 0 59            
K 0 -14 59            
A D 4 16            
J N 7 279 35 4 2305 0 0            
K 0 0 43            
K 0 0 60            
K 0 14 60            
A D 4 16            
J N 7 407 63 4 4609 576 0            
K 0 0 43            
K 0 0 59            
K 0 -21 59            
A D 4 16            
J B 2 537 1 82 6913 576 0            
J R 7 558 28 2 1 0 0            
K 0 0 48            
A D 4 16            
J N 7 686 7 4 2305 576 0            
K 0 0 43            
K 0 0 59            
K 0 -14 59            
A D 4 16            
J N 7 686 21 4 2305 0 0            
K 0 0 43            
K 0 0 60            
K 0 21 60            
A D 4 16            
J N 7 814 84 8 4609 576 0            
K 1 -14 45            
K 1 0 45            
K 0 0 43            
K -1 0 45            
K 2 0 45            
K 0 0 59            
K 0 -28 59            
A D 4 16            
J B 3 944 1 82 6913 576 0            
J R 7 965 28 2 1 0 0            
K 0 0 48            
A D 4 16            
J N 7 1093 0 4 2305 576 0            
K 0 0 43            
K 0 0 59            
K 0 -14 59            
A D 4 16            
J N 7 1093 35 4 2305 0 0            
K 0 0 43            
K 0 0 60            
K 0 14 60            
A D 4 16            
J N 7 1221 63 4 4609 576 0            
K 0 0 43            
K 0 0 59            
K 0 -21 59            
A D 4 16            
J B 4 1351 1 82 6913 576 0            
J R 7 1372 28 2 1 0 0            
K 0 0 48            
A D 4 16            
J N 7 1500 7 4 2305 576 0            
K 0 0 43            
K 0 0 59            
K 0 -14 59            
A D 4 16            
J N 7 1500 21 4 2305 0 0            
K 0 0 43            
K 0 0 60            
K 0 21 60            
A D 4 16            
J N 7 1624 84 8 4609 576 0            
K 1 -14 45            
K 1 0 45            
K 0 0 43            
K -1 0 45            
K 2 0 45            
K 0 0 59            
K 0 -28 59            
A D 4 16            
J B 5 1750 1 82 6913 576 0            
E *            
L 320 0 0 0 0 * 0 14 0            
J D 0 -300 21 1 6913 0 0            
W 0 0 39 Violoncello            
W 0 42 33 concertino     
J D 1 75 -37 1 6913 0 0     
W 0 -56 0 (44) :  Violoncello            
J C 22 5 14 36 6913 0 0            
J K 2 57 0 2 6913 0 0            
K 0 14 63            
K 15 35 63            
J D 5 103 -42 1 6913 0 0            
W 0 0 0 (37) Allegro            
J T 304 112 0 2 6913 0 0            
K -10 28 74            
K -10 56 75            
J N 7 151 -21 7 1 0 0            
K 0 7 45            
K 0 0 43            
K 0 7 45            
K 1 7 45            
K 0 0 60            
K 0 21 60            
A D 2 8            
J N 7 279 28 4 2305 576 0            
K 0 0 43            
K 0 0 60            
K 0 21 60            
A D 2 8            
J R 7 407 28 2 4609 576 0            
K 0 0 48            
A D 2 8            
J B 2 537 1 82 6913 576 0            
J N 7 558 0 4 1 0 0            
K 0 0 43            
K 0 0 60            
K 0 21 60            
A D 2 8            
J N 7 686 49 4 2305 576 0            
K 0 0 43            
K 0 0 59            
K 0 -21 59            
A D 2 8            
J R 7 814 28 2 4609 576 0            
K 0 0 48            
A D 2 8            
J B 3 944 1 82 6913 576 0            
J N 7 965 -21 7 1 0 0            
K 0 7 45            
K 0 0 43            
K 0 7 45            
K 1 7 45            
K 0 0 60            
K 0 21 60            
A D 2 8            
J N 7 1093 28 4 2305 576 0            
K 0 0 43            
K 0 0 60            
K 0 21 60            
A D 2 8            
J R 7 1221 28 2 4609 576 0            
K 0 0 48            
A D 2 8            
J B 4 1351 1 82 6913 576 0            
J N 7 1372 0 4 1 0 0            
K 0 0 43            
K 0 0 60            
K 0 21 60            
A D 2 8            
J N 7 1500 49 4 2305 576 0            
K 0 0 43            
K 0 0 59            
K 0 -21 59            
A D 2 8            
J R 7 1624 28 2 4609 576 0            
K 0 0 48            
A D 2 8            
J B 5 1750 1 82 6913 576 0            
E *            
L 530 0 0 0 0 * 0 14 0            
J D 0 -300 21 1 6913 0 0            
W 0 0 39 Violino 1            
W 0 42 33 concerto grosso     
J D 1 75 -37 1 6913 0 0     
W 0 -56 0 (44) :  Violino 1            
J C 4 5 42 2 6913 0 0            
K 0 0 33            
K 0 0 34            
J K 2 57 0 2 6913 0 0            
K 0 0 63            
K 15 21 63            
J D 5 103 -42 1 6913 0 0            
W 0 0 0 (37) Allegro            
J T 304 112 0 2 6913 0 0            
K -10 28 74            
K -10 56 75            
J N 5 151 14 2 1 0 1 1            
K 0 0 43            
A D 1 16            
J N 5 183 0 2 577 144 1 1            
K 0 0 43            
A D 1 16            
J N 5 215 -14 5 1153 144 1 1            
K 0 0 45            
K 0 0 43            
K -1 0 45            
K 2 0 45            
A D 1 16            
J N 5 247 0 2 1729 144 1 1            
K 0 0 43            
A D 1 16            
H 1 B -46 -1 108 4 22 11 11 33            
J N 5 279 14 2 2305 144 1 2            
K 0 0 43            
A D 1 16            
J N 5 311 0 2 2881 144 1 2            
K 0 0 43            
A D 1 16            
J N 5 343 -14 5 3457 144 1 2            
K 0 0 45            
K 0 0 43            
K -1 0 45            
K 2 0 45            
A D 1 16            
J N 5 375 0 2 4033 144 1 2            
K 0 0 43            
A D 1 16            
H 2 B -46 -1 108 4 22 11 11 33            
J N 5 407 14 2 4609 144 1 3            
K 0 0 43            
A D 1 16            
J N 5 439 0 2 5185 144 1 3            
K 0 0 43            
A D 1 16            
J N 5 471 -14 5 5761 144 1 3            
K 0 0 45            
K 0 0 43            
K -1 0 45            
K 2 0 45            
A D 1 16            
J N 5 503 0 2 6337 144 1 3            
K 0 0 43            
A D 1 16            
H 3 B -46 -1 108 4 22 11 11 33            
J B 2 537 1 82 6913 144 0            
J N 5 558 21 2 1 0 1 4            
K 0 0 43            
A D 1 16            
J N 5 590 7 2 577 144 1 4            
K 0 0 43            
A D 1 16            
J N 5 622 -14 5 1153 144 1 4            
K 0 0 45            
K 0 0 43            
K -1 0 45            
K 2 0 45            
A D 1 16            
J N 5 654 7 2 1729 144 1 4            
K 0 0 43            
A D 1 16            
H 4 B -53 -1 108 4 22 11 11 33            
J N 5 686 21 2 2305 144 1 5            
K 0 0 43            
A D 1 16            
J N 5 718 7 2 2881 144 1 5            
K 0 0 43            
A D 1 16            
J N 5 750 -14 5 3457 144 1 5            
K 0 0 45            
K 0 0 43            
K -1 0 45            
K 2 0 45            
A D 1 16            
J N 5 782 7 2 4033 144 1 5            
K 0 0 43            
A D 1 16            
H 5 B -53 -1 108 4 22 11 11 33            
J N 5 814 21 2 4609 144 1 6            
K 0 0 43            
A D 1 16            
J N 5 846 7 2 5185 144 1 6            
K 0 0 43            
A D 1 16            
J N 5 878 -14 5 5761 144 1 6            
K 0 0 45            
K 0 0 43            
K -1 0 45            
K 2 0 45            
A D 1 16            
J N 5 910 7 2 6337 144 1 6            
K 0 0 43            
A D 1 16            
H 6 B -53 -1 108 4 22 11 11 33            
J B 3 944 1 82 6913 144 0            
J N 5 965 14 2 1 0 1 7            
K 0 0 43            
A D 1 16            
J N 5 997 0 2 577 144 1 7            
K 0 0 43            
A D 1 16            
J N 5 1029 -14 5 1153 144 1 7            
K 0 0 45            
K 0 0 43            
K -1 0 45            
K 2 0 45            
A D 1 16            
J N 5 1061 0 2 1729 144 1 7            
K 0 0 43            
A D 1 16            
H 7 B -46 -1 108 4 22 11 11 33            
J N 5 1093 14 2 2305 144 1 8            
K 0 0 43            
A D 1 16            
J N 5 1125 0 2 2881 144 1 8            
K 0 0 43            
A D 1 16            
J N 5 1157 -14 5 3457 144 1 8            
K 0 0 45            
K 0 0 43            
K -1 0 45            
K 2 0 45            
A D 1 16            
J N 5 1189 0 2 4033 144 1 8            
K 0 0 43            
A D 1 16            
H 8 B -46 -1 108 4 22 11 11 33            
J N 5 1221 14 2 4609 144 1 9            
K 0 0 43            
A D 1 16            
J N 5 1253 0 2 5185 144 1 9            
K 0 0 43            
A D 1 16            
J N 5 1285 -14 5 5761 144 1 9            
K 0 0 45            
K 0 0 43            
K -1 0 45            
K 2 0 45            
A D 1 16            
J N 5 1317 0 2 6337 144 1 9            
K 0 0 43            
A D 1 16            
H 9 B -46 -1 108 4 22 11 11 33            
J B 4 1351 1 82 6913 144 0            
J N 5 1372 21 2 1 0 1 10            
K 0 0 43            
A D 1 16            
J N 5 1404 7 2 577 144 1 10            
K 0 0 43            
A D 1 16            
J N 5 1436 -14 5 1153 144 1 10            
K 0 0 45            
K 0 0 43            
K -1 0 45            
K 2 0 45            
A D 1 16            
J N 5 1468 7 2 1729 144 1 10            
K 0 0 43            
A D 1 16            
H 10 B -53 -1 108 4 22 11 11 33            
J N 5 1500 21 2 2305 144 1 11            
K 0 0 43            
A D 1 16            
J N 5 1531 7 2 2881 144 1 11            
K 0 0 43            
A D 1 16            
J N 5 1562 -14 5 3457 144 1 11            
K 0 0 45            
K 0 0 43            
K -1 0 45            
K 2 0 45            
A D 1 16            
J N 5 1593 7 2 4033 144 1 11            
K 0 0 43            
A D 1 16            
H 11 B -53 -1 108 4 22 11 11 33            
J N 5 1624 21 2 4609 144 1 12            
K 0 0 43            
A D 1 16            
J N 5 1655 7 2 5185 144 1 12            
K 0 0 43            
A D 1 16            
J N 5 1686 -14 5 5761 144 1 12            
K 0 0 45            
K 0 0 43            
K -1 0 45            
K 2 0 45            
A D 1 16            
J N 5 1717 7 2 6337 144 1 12            
K 0 0 43            
A D 1 16            
H 12 B -53 -1 108 4 22 11 11 33            
J B 5 1750 1 82 6913 144 0            
E *            
L 690 0 0 0 0 * 0 14 0            
J D 0 -300 21 1 6913 0 0            
W 0 0 39 Violino 2            
W 0 42 33 concerto grosso     
J D 1 75 -37 1 6913 0 0     
W 0 -56 0 (44) :  Violino 2            
J C 4 5 42 2 6913 0 0            
K 0 0 33            
K 0 0 34            
J K 2 57 0 2 6913 0 0            
K 0 0 63            
K 15 21 63            
J D 5 103 -42 1 6913 0 0            
W 0 0 0 (37) Allegro            
J T 304 112 0 2 6913 0 0            
K -10 28 74            
K -10 56 75            
J N 7 151 14 4 1 0 0            
K 0 0 43            
K 0 0 60            
K 0 21 60            
A D 4 16            
J N 7 279 0 4 2305 576 0            
K 0 0 43            
K 0 0 59            
K 0 -14 59            
A D 4 16            
J N 7 279 35 4 2305 0 0            
K 0 0 43            
K 0 0 60            
K 0 14 60            
A D 4 16            
J N 7 407 63 4 4609 576 0            
K 0 0 43            
K 0 0 59            
K 0 -21 59            
A D 4 16            
J B 2 537 1 82 6913 576 0            
J R 7 558 28 2 1 0 0            
K 0 0 48            
A D 4 16            
J N 7 686 7 4 2305 576 0            
K 0 0 43            
K 0 0 59            
K 0 -14 59            
A D 4 16            
J N 7 686 21 4 2305 0 0            
K 0 0 43            
K 0 0 60            
K 0 21 60            
A D 4 16            
J N 7 814 84 8 4609 576 0            
K 1 -14 45            
K 1 0 45            
K 0 0 43            
K -1 0 45            
K 2 0 45            
K 0 0 59            
K 0 -28 59            
A D 4 16            
J B 3 944 1 82 6913 576 0            
J R 7 965 28 2 1 0 0            
K 0 0 48            
A D 4 16            
J N 7 1093 0 4 2305 576 0            
K 0 0 43            
K 0 0 59            
K 0 -14 59            
A D 4 16            
J N 7 1093 35 4 2305 0 0            
K 0 0 43            
K 0 0 60            
K 0 14 60            
A D 4 16            
J N 7 1221 63 4 4609 576 0            
K 0 0 43            
K 0 0 59            
K 0 -21 59            
A D 4 16            
J B 4 1351 1 82 6913 576 0            
J R 7 1372 28 2 1 0 0            
K 0 0 48            
A D 4 16            
J N 7 1500 7 4 2305 576 0            
K 0 0 43            
K 0 0 59            
K 0 -14 59            
A D 4 16            
J N 7 1500 21 4 2305 0 0            
K 0 0 43            
K 0 0 60            
K 0 21 60            
A D 4 16            
J N 7 1624 84 8 4609 576 0            
K 1 -14 45            
K 1 0 45            
K 0 0 43            
K -1 0 45            
K 2 0 45            
K 0 0 59            
K 0 -28 59            
A D 4 16            
J B 5 1750 1 82 6913 576 0            
E *            
L 850 0 0 0 0 * 0 14 0            
J D 0 -300 42 1 6913 0 0            
W 0 0 39 Viola            
J D 1 75 -37 1 6913 0 0            
W 0 -56 0 (44) :  Viola            
J C 13 5 28 35 6913 0 0            
J K 2 57 0 2 6913 0 0            
K 0 7 63            
K 15 28 63            
J D 5 103 -42 1 6913 0 0            
W 0 0 0 (37) Allegro            
J T 304 112 0 2 6913 0 0            
K -10 28 74            
K -10 56 75            
J N 7 151 7 4 1 0 0            
K 0 0 43            
K 0 0 60            
K 0 21 60            
A D 2 8            
J N 7 279 -7 4 2305 576 0            
K 0 0 43            
K 0 0 60            
K 0 21 60            
A D 2 8            
J N 7 407 7 4 4609 576 0            
K 0 0 43            
K 0 0 60            
K 0 21 60            
A D 2 8            
J B 2 537 1 82 6913 576 0            
J N 7 558 14 4 1 0 0            
K 0 0 43            
K 0 0 60            
K 0 21 60            
A D 2 8            
J N 8 686 42 4 2305 576 0            
K 0 0 42            
K 0 0 59            
K 0 -21 59            
A D 4 8            
J B 3 944 1 82 6913 1152 0            
J N 7 965 7 4 1 0 0            
K 0 0 43            
K 0 0 60            
K 0 21 60            
A D 2 8            
J N 7 1093 -7 4 2305 576 0            
K 0 0 43            
K 0 0 60            
K 0 21 60            
A D 2 8            
J N 7 1221 7 4 4609 576 0            
K 0 0 43            
K 0 0 60            
K 0 21 60            
A D 2 8            
J B 4 1351 1 82 6913 576 0            
J N 7 1372 14 4 1 0 0            
K 0 0 43            
K 0 0 60            
K 0 21 60            
A D 2 8            
J N 8 1500 42 4 2305 576 0            
K 0 0 42            
K 0 0 59            
K 0 -21 59            
A D 4 8            
J B 5 1750 1 82 6913 1152 0            
E *            
L 1010 0 0 0 0 * 0 14 0            
J D 0 -300 21 1 6913 0 0            
W 0 0 39 Basso            
W 0 42 33 concerto grosso     
J D 1 75 -37 1 6913 0 0     
W 0 -56 0 (44) :  Basso            
J C 22 5 14 36 6913 0 0            
J K 2 57 0 2 6913 0 0            
K 0 14 63            
K 15 35 63            
J D 5 103 -42 1 6913 0 0            
W 0 0 0 (37) Allegro            
J T 304 112 0 2 6913 0 0            
K -10 28 74            
K -10 56 75            
J N 7 151 -21 7 1 0 0            
K 0 7 45            
K 0 0 43            
K 0 7 45            
K 1 7 45            
K 0 0 60            
K 0 21 60            
A D 2 8            
J N 7 279 28 4 2305 576 0            
K 0 0 43            
K 0 0 60            
K 0 21 60            
A D 2 8            
J R 7 407 28 2 4609 576 0            
K 0 0 48            
A D 2 8            
J B 2 537 1 82 6913 576 0            
J N 7 558 0 4 1 0 0            
K 0 0 43            
K 0 0 60            
K 0 21 60            
A D 2 8            
J N 7 686 49 4 2305 576 0            
K 0 0 43            
K 0 0 59            
K 0 -21 59            
A D 2 8            
J R 7 814 28 2 4609 576 0            
K 0 0 48            
A D 2 8            
J B 3 944 1 82 6913 576 0            
J N 7 965 -21 7 1 0 0            
K 0 7 45            
K 0 0 43            
K 0 7 45            
K 1 7 45            
K 0 0 60            
K 0 21 60            
A D 2 8            
J N 7 1093 28 4 2305 576 0            
K 0 0 43            
K 0 0 60            
K 0 21 60            
A D 2 8            
J R 7 1221 28 2 4609 576 0            
K 0 0 48            
A D 2 8            
J B 4 1351 1 82 6913 576 0            
J N 7 1372 0 4 1 0 0            
K 0 0 43            
K 0 0 60            
K 0 21 60            
A D 2 8            
J N 7 1500 49 4 2305 576 0            
K 0 0 43            
K 0 0 59            
K 0 -21 59            
A D 2 8            
J R 7 1624 28 2 4609 576 0            
K 0 0 48            
A D 2 8            
J B 5 1750 1 82 6913 576 0            
E *            
B 1 537 0            
B 1 944 0            
B 1 1351 0            
B 1 1750 0            
S 0 200 1610 2050 1066 7 "[...][....]"            
L 0 0 0 330 330 * 0 14 0            
J C 4 5 42 2 6913 0 0            
K 0 0 33            
K 0 0 34            
J K 2 57 0 2 6913 0 0            
K 0 0 63            
K 15 21 63            
J D 0 5 -14 1 6913 0 0            
W 0 0 37 \05            
J N 5 130 14 2 1 0 1 13            
K 0 0 43            
A D 1 16            
J N 5 159 0 2 577 144 1 13            
K 0 0 43            
A D 1 16            
J N 5 188 -14 5 1153 144 1 13            
K 0 0 45            
K 0 0 43            
K -1 0 45            
K 2 0 45            
A D 1 16            
J N 5 217 0 2 1729 144 1 13            
K 0 0 43            
A D 1 16            
H 13 B -47 -2 108 4 22 11 11 33            
J N 5 246 14 2 2305 144 1 14            
K 0 0 43            
A D 1 16            
J N 5 275 0 2 2881 144 1 14            
K 0 0 43            
A D 1 16            
J N 5 304 -14 5 3457 144 1 14            
K 0 0 45            
K 0 0 43            
K -1 0 45            
K 2 0 45            
A D 1 16            
J N 5 333 0 2 4033 144 1 14            
K 0 0 43            
A D 1 16            
H 14 B -47 -2 108 4 22 11 11 33            
J N 5 362 14 2 4609 144 1 15            
K 0 0 43            
A D 1 16            
J N 5 391 0 2 5185 144 1 15            
K 0 0 43            
A D 1 16            
J N 5 420 -14 5 5761 144 1 15            
K 0 0 45            
K 0 0 43            
K -1 0 45            
K 2 0 45            
A D 1 16            
J N 5 449 0 2 6337 144 1 15            
K 0 0 43            
A D 1 16            
H 15 B -47 -2 108 4 22 11 11 33            
J B 6 482 1 82 6913 144 0            
J N 7 509 42 6 1 0 0            
K -18 0 63            
K 0 0 43            
K 24 -6 44            
K 0 0 59            
K 0 -21 59            
A D 6 16            
J N 6 578 42 3 3457 864 0            
K 0 0 43            
K 0 0 53            
A D 2 16            
J N 7 622 35 4 4609 288 0            
K 0 0 43            
K 0 0 59            
K 0 -21 59            
A D 4 16            
J B 7 706 1 82 6913 576 0            
J N 7 727 35 4 1 0 0            
K 0 0 43            
K 0 0 59            
K 0 -21 59            
A D 4 16            
J N 7 807 35 5 2305 576 0            
K 0 0 43            
K 25 0 44            
K 0 0 59            
K 0 -21 59            
A D 6 16            
J N 6 885 42 4 5761 864 0            
K -18 0 63            
K 0 0 43            
K 0 0 53            
A D 2 16            
J B 8 931 1 82 6913 288 0            
J N 7 952 35 4 1 0 0            
K 0 0 43            
K 0 0 59            
K 0 -21 59            
A D 4 16            
J N 7 1068 21 4 2305 576 0            
K 0 0 43            
K 0 0 60            
K 0 21 60            
A D 4 16            
J N 7 1184 84 8 4609 576 0            
K 1 -14 45            
K 1 0 45            
K 0 0 43            
K -1 0 45            
K 2 0 45            
K 0 0 59            
K 0 -28 59            
A D 4 16            
J B 9 1304 1 82 6913 576 0            
J R 7 1325 28 2 1 0 0            
K 0 0 48            
A D 4 16            
J N 7 1441 0 4 2305 576 0            
K 0 0 43            
K 0 0 60            
K 0 21 60            
A D 4 16            
J N 7 1557 63 4 4609 576 0            
K 0 0 43            
K 0 0 59            
K 0 -21 59            
A D 4 16            
J B 10 1677 1 82 6913 576 0            
J R 7 1698 28 2 1 0 0            
K 0 0 48            
A D 4 16            
J N 7 1814 28 4 2305 576 0            
K 0 0 43            
K 0 0 60            
K 0 21 60            
A D 4 16            
J N 7 1930 91 9 4609 576 0            
K 1 -21 45            
K 1 -7 45            
K 0 0 43            
K 0 -7 45            
K 1 -7 45            
K 0 0 59            
K 0 -28 59            
K 0 -35 59            
A D 4 16            
J B 11 2050 1 82 6913 576 0            
E *            
L 160 0 0 330 330 * 0 14 0            
J C 4 5 42 2 6913 0 0            
K 0 0 33            
K 0 0 34            
J K 2 57 0 2 6913 0 0            
K 0 0 63            
K 15 21 63            
J D 0 5 -14 1 6913 0 0            
W 0 0 0 \05            
J R 7 130 28 2 1 0 0            
K 0 0 48            
A D 4 16            
J N 7 246 35 4 2305 576 0            
K 0 0 43            
K 0 0 59            
K 0 -21 59            
A D 4 16            
J N 7 362 14 4 4609 576 0            
K 0 0 43            
K 0 0 60            
K 0 21 60            
A D 4 16            
J B 6 482 1 82 6913 576 0            
J N 7 509 14 5 1 0 0            
K 0 0 43            
K 24 -6 44            
K 0 0 60            
K 0 21 60            
A D 6 16            
J N 6 578 7 2 3457 864 1 1            
K 0 0 43            
A D 2 16            
J N 6 622 21 2 4609 288 2 2 1            
K 0 0 43            
A D 2 16            
J N 6 663 28 2 5761 288 2 1 2            
K 0 0 43            
A D 2 16            
H 1 B -54 4 108 3 2 1 3            
H 2 S 0 0 0 0 0 0 0 0 0            
J B 7 706 1 82 6913 288 0            
J N 6 727 21 2 1 0 2 3 4            
K 0 0 43            
A D 2 16            
J N 6 767 14 2 1153 288 2 4 3            
K 0 0 43            
A D 2 16            
H 4 B -42 -3 108 2 2 3            
H 3 S 0 0 0 0 0 0 0 0 0            
J N 8 807 28 4 2305 288 0            
K 0 0 42            
K 0 0 60            
K 0 21 60            
A D 8 16            
J B 8 931 1 82 6913 1152 0            
J N 5 952 35 2 1 0 1 5            
K 0 0 43            
A D 1 16            
J N 5 981 -14 5 577 144 1 5            
K 0 0 45            
K 0 0 43            
K -1 0 45            
K 2 0 45            
A D 1 16            
J N 5 1010 -7 2 1153 144 1 5            
K 0 0 43            
A D 1 16            
J N 5 1039 -14 5 1729 144 1 5            
K 0 0 45            
K 0 0 43            
K -1 0 45            
K 2 0 45            
A D 1 16            
H 5 B -53 -6 108 4 22 11 11 33            
J N 5 1068 7 2 2305 144 1 6            
K 0 0 43            
A D 1 16            
J N 5 1097 -14 5 2881 144 1 6            
K 0 0 45            
K 0 0 43            
K -1 0 45            
K 2 0 45            
A D 1 16            
J N 5 1126 -7 2 3457 144 1 6            
K 0 0 43            
A D 1 16            
J N 5 1155 -14 5 4033 144 1 6            
K 0 0 45            
K 0 0 43            
K -1 0 45            
K 2 0 45            
A D 1 16            
H 6 B -50 -4 108 4 22 11 11 33            
J N 5 1184 7 2 4609 144 1 7            
K 0 0 43            
A D 1 16            
J N 5 1213 -14 5 5185 144 1 7            
K 0 0 45            
K 0 0 43            
K -1 0 45            
K 2 0 45            
A D 1 16            
J N 5 1242 -7 2 5761 144 1 7            
K 0 0 43            
A D 1 16            
J N 5 1271 -14 5 6337 144 1 7            
K 0 0 45            
K 0 0 43            
K -1 0 45            
K 2 0 45            
A D 1 16            
H 7 B -50 -4 108 4 22 11 11 33            
J B 9 1304 1 82 6913 144 0            
J N 5 1325 0 2 1 0 1 8            
K 0 0 43            
A D 1 16            
J N 5 1354 14 2 577 144 1 8            
K 0 0 43            
A D 1 16            
J N 5 1383 21 2 1153 144 1 8            
K 0 0 43            
A D 1 16            
J N 5 1412 14 2 1729 144 1 8            
K 0 0 43            
A D 1 16            
H 8 B -70 2 108 4 22 11 11 33            
J N 5 1441 35 2 2305 144 1 9            
K 0 0 43            
A D 1 16            
J N 5 1470 14 2 2881 144 1 9            
K 0 0 43            
A D 1 16            
J N 5 1499 21 2 3457 144 1 9            
K 0 0 43            
A D 1 16            
J N 5 1528 14 2 4033 144 1 9            
K 0 0 43            
A D 1 16            
H 9 B -50 -4 108 4 22 11 11 33            
J N 5 1557 35 2 4609 144 1 10            
K 0 0 43            
A D 1 16            
J N 5 1586 14 2 5185 144 1 10            
K 0 0 43            
A D 1 16            
J N 5 1615 21 2 5761 144 1 10            
K 0 0 43            
A D 1 16            
J N 5 1644 14 2 6337 144 1 10            
K 0 0 43            
A D 1 16            
H 10 B -50 -4 108 4 22 11 11 33            
J B 10 1677 1 82 6913 144 0            
J N 5 1698 28 2 1 0 1 11            
K 0 0 43            
A D 1 16            
J N 5 1727 14 2 577 144 1 11            
K 0 0 43            
A D 1 16            
J N 5 1756 21 2 1153 144 1 11            
K 0 0 43            
A D 1 16            
J N 5 1785 14 2 1729 144 1 11            
K 0 0 43            
A D 1 16            
H 11 B -47 -2 108 4 22 11 11 33            
J N 5 1814 28 2 2305 144 1 12            
K 0 0 43            
A D 1 16            
J N 5 1843 14 2 2881 144 1 12            
K 0 0 43            
A D 1 16            
J N 5 1872 21 2 3457 144 1 12            
K 0 0 43            
A D 1 16            
J N 5 1901 14 2 4033 144 1 12            
K 0 0 43            
A D 1 16            
H 12 B -47 -2 108 4 22 11 11 33            
J N 5 1930 28 2 4609 144 1 13            
K 0 0 43            
A D 1 16            
J N 5 1959 21 2 5185 144 1 13            
K 0 0 43            
A D 1 16            
J N 5 1988 14 2 5761 144 1 13            
K 0 0 43            
A D 1 16            
J N 5 2017 28 2 6337 144 1 13            
K 0 0 43            
A D 1 16            
H 13 B -45 0 108 4 22 11 11 33            
J B 11 2050 1 82 6913 144 0            
E *            
L 320 0 0 330 330 * 0 14 0            
J C 22 5 14 36 6913 0 0            
J K 2 57 0 2 6913 0 0            
K 0 14 63            
K 15 35 63            
J D 0 5 -14 1 6913 0 0            
W 0 0 0 \05            
J N 7 130 -21 7 1 0 0            
K 0 7 45            
K 0 0 43            
K 0 7 45            
K 1 7 45            
K 0 0 60            
K 0 21 60            
A D 2 8            
J N 7 246 28 4 2305 576 0            
K 0 0 43            
K 0 0 60            
K 0 21 60            
A D 2 8            
J R 7 362 28 2 4609 576 0            
K 0 0 48            
A D 2 8            
J B 6 482 1 82 6913 576 0            
J F 0 509 98 2 1 0 0            
K 0 0 206            
K 0 21 213            
J N 7 509 21 5 1 0 0            
K 0 0 43            
K 25 0 44            
K 0 0 60            
K 0 21 60            
A D 3 8            
J N 6 578 21 3 3457 864 0            
K 0 0 43            
K 0 0 54            
A D 1 8            
J F 0 622 98 1 4609 288 0            
K 0 0 204            
J N 7 622 14 4 4609 0 0            
K 0 0 43            
K 0 0 60            
K 0 21 60            
A D 2 8            
J B 7 706 1 82 6913 576 0            
J F 0 727 98 2 1 0 0            
K 0 0 206            
K 0 21 204            
J N 7 727 28 4 1 0 0            
K 0 0 43            
K 0 0 60            
K 0 21 60            
A D 2 8            
J F 0 807 98 1 2305 576 0            
K 0 21 203            
J N 7 807 21 4 2305 0 0            
K 0 0 43            
K 0 0 60            
K 0 21 60            
A D 2 8            
J F 0 844 98 1 4609 576 0            
K 0 21 213            
J N 7 844 70 7 4609 0 0            
K 1 0 45            
K 0 0 43            
K -1 0 45            
K 2 0 45            
K 0 0 59            
K 0 -21 59            
A D 2 8            
J B 8 931 1 82 6913 576 0            
J N 7 952 0 4 1 0 0            
K 0 0 43            
K 0 0 60            
K 0 21 60            
A D 2 8            
J N 7 1068 49 4 2305 576 0            
K 0 0 43            
K 0 0 59            
K 0 -21 59            
A D 2 8            
J R 7 1184 28 2 4609 576 0            
K 0 0 48            
A D 2 8            
J B 9 1304 1 82 6913 576 0            
J N 7 1325 -21 7 1 0 0            
K 0 7 45            
K 0 0 43            
K 0 7 45            
K 1 7 45            
K 0 0 60            
K 0 21 60            
A D 2 8            
J N 7 1441 28 4 2305 576 0            
K 0 0 43            
K 0 0 60            
K 0 21 60            
A D 2 8            
J R 7 1557 28 2 4609 576 0            
K 0 0 48            
A D 2 8            
J B 10 1677 1 82 6913 576 0            
J N 7 1698 7 4 1 0 0            
K 0 0 43            
K 0 0 60            
K 0 21 60            
A D 2 8            
J N 7 1814 56 4 2305 576 0            
K 0 0 43            
K 0 0 59            
K 0 -21 59            
A D 2 8            
J R 7 1930 28 2 4609 576 0            
K 0 0 48            
A D 2 8            
J B 11 2050 1 82 6913 576 0            
E *            
L 530 0 0 330 330 * 0 14 0            
J C 4 5 42 2 6913 0 0            
K 0 0 33            
K 0 0 34            
J K 2 57 0 2 6913 0 0            
K 0 0 63            
K 15 21 63            
J D 0 5 -14 1 6913 0 0            
W 0 0 0 \05            
J N 5 130 14 2 1 0 1 13            
K 0 0 43            
A D 1 16            
J N 5 159 0 2 577 144 1 13            
K 0 0 43            
A D 1 16            
J N 5 188 -14 5 1153 144 1 13            
K 0 0 45            
K 0 0 43            
K -1 0 45            
K 2 0 45            
A D 1 16            
J N 5 217 0 2 1729 144 1 13            
K 0 0 43            
A D 1 16            
H 13 B -47 -2 108 4 22 11 11 33            
J N 5 246 14 2 2305 144 1 14            
K 0 0 43            
A D 1 16            
J N 5 275 0 2 2881 144 1 14            
K 0 0 43            
A D 1 16            
J N 5 304 -14 5 3457 144 1 14            
K 0 0 45            
K 0 0 43            
K -1 0 45            
K 2 0 45            
A D 1 16            
J N 5 333 0 2 4033 144 1 14            
K 0 0 43            
A D 1 16            
H 14 B -47 -2 108 4 22 11 11 33            
J N 5 362 14 2 4609 144 1 15            
K 0 0 43            
A D 1 16            
J N 5 391 0 2 5185 144 1 15            
K 0 0 43            
A D 1 16            
J N 5 420 -14 5 5761 144 1 15            
K 0 0 45            
K 0 0 43            
K -1 0 45            
K 2 0 45            
A D 1 16            
J N 5 449 0 2 6337 144 1 15            
K 0 0 43            
A D 1 16            
H 15 B -47 -2 108 4 22 11 11 33            
J B 6 482 1 82 6913 144 0            
J N 7 509 42 6 1 0 0            
K -18 0 63            
K 0 0 43            
K 24 -6 44            
K 0 0 59            
K 0 -21 59            
A D 6 16            
J N 6 578 42 3 3457 864 0            
K 0 0 43            
K 0 0 53            
A D 2 16            
J N 7 622 35 4 4609 288 0            
K 0 0 43            
K 0 0 59            
K 0 -21 59            
A D 4 16            
J B 7 706 1 82 6913 576 0            
J N 7 727 35 4 1 0 0            
K 0 0 43            
K 0 0 59            
K 0 -21 59            
A D 4 16            
J N 7 807 35 5 2305 576 0            
K 0 0 43            
K 25 0 44            
K 0 0 59            
K 0 -21 59            
A D 6 16            
J N 6 885 42 4 5761 864 0            
K -18 0 63            
K 0 0 43            
K 0 0 53            
A D 2 16            
J B 8 931 1 82 6913 288 0            
J N 7 952 35 4 1 0 0            
K 0 0 43            
K 0 0 59            
K 0 -21 59            
A D 4 16            
J N 7 1068 21 4 2305 576 0            
K 0 0 43            
K 0 0 60            
K 0 21 60            
A D 4 16            
J N 7 1184 84 8 4609 576 0            
K 1 -14 45            
K 1 0 45            
K 0 0 43            
K -1 0 45            
K 2 0 45            
K 0 0 59            
K 0 -28 59            
A D 4 16            
J B 9 1304 1 82 6913 576 0            
J R 7 1325 28 2 1 0 0            
K 0 0 48            
A D 4 16            
J N 7 1441 0 4 2305 576 0            
K 0 0 43            
K 0 0 60            
K 0 21 60            
A D 4 16            
J N 7 1557 63 4 4609 576 0            
K 0 0 43            
K 0 0 59            
K 0 -21 59            
A D 4 16            
J B 10 1677 1 82 6913 576 0            
J R 7 1698 28 2 1 0 0            
K 0 0 48            
A D 4 16            
J N 7 1814 28 4 2305 576 0            
K 0 0 43            
K 0 0 60            
K 0 21 60            
A D 4 16            
J N 7 1930 91 9 4609 576 0            
K 1 -21 45            
K 1 -7 45            
K 0 0 43            
K 0 -7 45            
K 1 -7 45            
K 0 0 59            
K 0 -28 59            
K 0 -35 59            
A D 4 16            
J B 11 2050 1 82 6913 576 0            
E *            
L 690 0 0 330 330 * 0 14 0            
J C 4 5 42 2 6913 0 0            
K 0 0 33            
K 0 0 34            
J K 2 57 0 2 6913 0 0            
K 0 0 63            
K 15 21 63            
J D 0 5 -14 1 6913 0 0            
W 0 0 0 \05            
J R 7 130 28 2 1 0 0            
K 0 0 48            
A D 4 16            
J N 7 246 35 4 2305 576 0            
K 0 0 43            
K 0 0 59            
K 0 -21 59            
A D 4 16            
J N 7 362 14 4 4609 576 0            
K 0 0 43            
K 0 0 60            
K 0 21 60            
A D 4 16            
J B 6 482 1 82 6913 576 0            
J N 7 509 14 5 1 0 0            
K 0 0 43            
K 24 -6 44            
K 0 0 60            
K 0 21 60            
A D 6 16            
J N 6 578 7 2 3457 864 1 1            
K 0 0 43            
A D 2 16            
J N 6 622 21 2 4609 288 2 2 1            
K 0 0 43            
A D 2 16            
J N 6 663 28 2 5761 288 2 1 2            
K 0 0 43            
A D 2 16            
H 1 B -54 4 108 3 2 1 3            
H 2 S 0 0 0 0 0 0 0 0 0            
J B 7 706 1 82 6913 288 0            
J N 6 727 21 2 1 0 2 3 4            
K 0 0 43            
A D 2 16            
J N 6 767 14 2 1153 288 2 4 3            
K 0 0 43            
A D 2 16            
H 4 B -42 -3 108 2 2 3            
H 3 S 0 0 0 0 0 0 0 0 0            
J N 8 807 28 4 2305 288 0            
K 0 0 42            
K 0 0 60            
K 0 21 60            
A D 8 16            
J B 8 931 1 82 6913 1152 0            
J N 5 952 35 2 1 0 1 5            
K 0 0 43            
A D 1 16            
J N 5 981 -14 5 577 144 1 5            
K 0 0 45            
K 0 0 43            
K -1 0 45            
K 2 0 45            
A D 1 16            
J N 5 1010 -7 2 1153 144 1 5            
K 0 0 43            
A D 1 16            
J N 5 1039 -14 5 1729 144 1 5            
K 0 0 45            
K 0 0 43            
K -1 0 45            
K 2 0 45            
A D 1 16            
H 5 B -53 -6 108 4 22 11 11 33            
J N 5 1068 7 2 2305 144 1 6            
K 0 0 43            
A D 1 16            
J N 5 1097 -14 5 2881 144 1 6            
K 0 0 45            
K 0 0 43            
K -1 0 45            
K 2 0 45            
A D 1 16            
J N 5 1126 -7 2 3457 144 1 6            
K 0 0 43            
A D 1 16            
J N 5 1155 -14 5 4033 144 1 6            
K 0 0 45            
K 0 0 43            
K -1 0 45            
K 2 0 45            
A D 1 16            
H 6 B -50 -4 108 4 22 11 11 33            
J N 5 1184 7 2 4609 144 1 7            
K 0 0 43            
A D 1 16            
J N 5 1213 -14 5 5185 144 1 7            
K 0 0 45            
K 0 0 43            
K -1 0 45            
K 2 0 45            
A D 1 16            
J N 5 1242 -7 2 5761 144 1 7            
K 0 0 43            
A D 1 16            
J N 5 1271 -14 5 6337 144 1 7            
K 0 0 45            
K 0 0 43            
K -1 0 45            
K 2 0 45            
A D 1 16            
H 7 B -50 -4 108 4 22 11 11 33            
J B 9 1304 1 82 6913 144 0            
J N 5 1325 0 2 1 0 1 8            
K 0 0 43            
A D 1 16            
J N 5 1354 14 2 577 144 1 8            
K 0 0 43            
A D 1 16            
J N 5 1383 21 2 1153 144 1 8            
K 0 0 43            
A D 1 16            
J N 5 1412 14 2 1729 144 1 8            
K 0 0 43            
A D 1 16            
H 8 B -70 2 108 4 22 11 11 33            
J N 5 1441 35 2 2305 144 1 9            
K 0 0 43            
A D 1 16            
J N 5 1470 14 2 2881 144 1 9            
K 0 0 43            
A D 1 16            
J N 5 1499 21 2 3457 144 1 9            
K 0 0 43            
A D 1 16            
J N 5 1528 14 2 4033 144 1 9            
K 0 0 43            
A D 1 16            
H 9 B -50 -4 108 4 22 11 11 33            
J N 5 1557 35 2 4609 144 1 10            
K 0 0 43            
A D 1 16            
J N 5 1586 14 2 5185 144 1 10            
K 0 0 43            
A D 1 16            
J N 5 1615 21 2 5761 144 1 10            
K 0 0 43            
A D 1 16            
J N 5 1644 14 2 6337 144 1 10            
K 0 0 43            
A D 1 16            
H 10 B -50 -4 108 4 22 11 11 33            
J B 10 1677 1 82 6913 144 0            
J N 5 1698 28 2 1 0 1 11            
K 0 0 43            
A D 1 16            
J N 5 1727 14 2 577 144 1 11            
K 0 0 43            
A D 1 16            
J N 5 1756 21 2 1153 144 1 11            
K 0 0 43            
A D 1 16            
J N 5 1785 14 2 1729 144 1 11            
K 0 0 43            
A D 1 16            
H 11 B -47 -2 108 4 22 11 11 33            
J N 5 1814 28 2 2305 144 1 12            
K 0 0 43            
A D 1 16            
J N 5 1843 14 2 2881 144 1 12            
K 0 0 43            
A D 1 16            
J N 5 1872 21 2 3457 144 1 12            
K 0 0 43            
A D 1 16            
J N 5 1901 14 2 4033 144 1 12            
K 0 0 43            
A D 1 16            
H 12 B -47 -2 108 4 22 11 11 33            
J N 5 1930 28 2 4609 144 1 13            
K 0 0 43            
A D 1 16            
J N 5 1959 21 2 5185 144 1 13            
K 0 0 43            
A D 1 16            
J N 5 1988 14 2 5761 144 1 13            
K 0 0 43            
A D 1 16            
J N 5 2017 28 2 6337 144 1 13            
K 0 0 43            
A D 1 16            
H 13 B -45 0 108 4 22 11 11 33            
J B 11 2050 1 82 6913 144 0            
E *            
L 850 0 0 330 330 * 0 14 0            
J C 13 5 28 35 6913 0 0            
J K 2 57 0 2 6913 0 0            
K 0 7 63            
K 15 28 63            
J D 0 5 -14 1 6913 0 0            
W 0 0 0 \05            
J N 7 130 7 4 1 0 0            
K 0 0 43            
K 0 0 60            
K 0 21 60            
A D 2 8            
J N 7 246 -7 4 2305 576 0            
K 0 0 43            
K 0 0 60            
K 0 21 60            
A D 2 8            
J N 7 362 7 4 4609 576 0            
K 0 0 43            
K 0 0 60            
K 0 21 60            
A D 2 8            
J B 6 482 1 82 6913 576 0            
J N 7 509 35 5 1 0 0            
K 0 0 43            
K 25 0 44            
K 0 0 59            
K 0 -21 59            
A D 3 8            
J N 6 578 35 3 3457 864 0            
K 0 0 43            
K 0 0 53            
A D 1 8            
J N 7 622 42 4 4609 288 0            
K 0 0 43            
K 0 0 59            
K 0 -21 59            
A D 2 8            
J B 7 706 1 82 6913 576 0            
J N 7 727 7 4 1 0 0            
K 0 0 43            
K 0 0 60            
K 0 21 60            
A D 2 8            
J N 7 807 35 5 2305 576 0            
K 0 0 43            
K 25 0 44            
K 0 0 59            
K 0 -21 59            
A D 3 8            
J N 6 885 14 3 5761 864 0            
K 0 0 43            
K 0 0 54            
A D 1 8            
J B 8 931 1 82 6913 288 0            
J N 8 952 28 4 1 0 0            
K 0 0 42            
K 0 0 60            
K 0 21 60            
A D 4 8            
J R 7 1184 28 2 4609 1152 0            
K 0 0 48            
A D 2 8            
J B 9 1304 1 82 6913 576 0            
J N 7 1325 -7 4 1 0 0            
K 0 0 43            
K 0 0 60            
K 0 21 60            
A D 2 8            
J N 7 1441 21 4 2305 576 0            
K 0 0 43            
K 0 0 60            
K 0 21 60            
A D 2 8            
J N 7 1557 7 4 4609 576 0            
K 0 0 43            
K 0 0 60            
K 0 21 60            
A D 2 8            
J B 10 1677 1 82 6913 576 0            
J N 8 1698 0 4 1 0 0            
K 0 0 42            
K 0 0 60            
K 0 21 60            
A D 4 8            
J R 7 1930 28 2 4609 1152 0            
K 0 0 48            
A D 2 8            
J B 11 2050 1 82 6913 576 0            
E *            
L 1010 0 0 330 330 * 0 14 0            
J C 22 5 14 36 6913 0 0            
J K 2 57 0 2 6913 0 0            
K 0 14 63            
K 15 35 63            
J D 0 5 -14 1 6913 0 0            
W 0 0 0 \05            
J N 7 130 -21 7 1 0 0            
K 0 7 45            
K 0 0 43            
K 0 7 45            
K 1 7 45            
K 0 0 60            
K 0 21 60            
A D 2 8            
J N 7 246 28 4 2305 576 0            
K 0 0 43            
K 0 0 60            
K 0 21 60            
A D 2 8            
J R 7 362 28 2 4609 576 0            
K 0 0 48            
A D 2 8            
J B 6 482 1 82 6913 576 0            
J F 0 509 98 2 1 0 0            
K 0 0 206            
K 0 21 213            
J N 7 509 21 5 1 0 0            
K 0 0 43            
K 25 0 44            
K 0 0 60            
K 0 21 60            
A D 3 8            
J N 6 578 21 3 3457 864 0            
K 0 0 43            
K 0 0 54            
A D 1 8            
J F 0 622 98 1 4609 288 0            
K 0 0 204            
J N 7 622 14 4 4609 0 0            
K 0 0 43            
K 0 0 60            
K 0 21 60            
A D 2 8            
J B 7 706 1 82 6913 576 0            
J F 0 727 98 2 1 0 0            
K 0 0 206            
K 0 21 204            
J N 7 727 28 4 1 0 0            
K 0 0 43            
K 0 0 60            
K 0 21 60            
A D 2 8            
J F 0 807 98 1 2305 576 0            
K 0 21 203            
J N 7 807 21 4 2305 0 0            
K 0 0 43            
K 0 0 60            
K 0 21 60            
A D 2 8            
J F 0 844 98 1 4609 576 0            
K 0 21 213            
J N 7 844 70 7 4609 0 0            
K 1 0 45            
K 0 0 43            
K -1 0 45            
K 2 0 45            
K 0 0 59            
K 0 -21 59            
A D 2 8            
J B 8 931 1 82 6913 576 0            
J N 7 952 0 4 1 0 0            
K 0 0 43            
K 0 0 60            
K 0 21 60            
A D 2 8            
J N 7 1068 49 4 2305 576 0            
K 0 0 43            
K 0 0 59            
K 0 -21 59            
A D 2 8            
J R 7 1184 28 2 4609 576 0            
K 0 0 48            
A D 2 8            
J B 9 1304 1 82 6913 576 0            
J N 7 1325 -21 7 1 0 0            
K 0 7 45            
K 0 0 43            
K 0 7 45            
K 1 7 45            
K 0 0 60            
K 0 21 60            
A D 2 8            
J N 7 1441 28 4 2305 576 0            
K 0 0 43            
K 0 0 60            
K 0 21 60            
A D 2 8            
J R 7 1557 28 2 4609 576 0            
K 0 0 48            
A D 2 8            
J B 10 1677 1 82 6913 576 0            
J N 7 1698 7 4 1 0 0            
K 0 0 43            
K 0 0 60            
K 0 21 60            
A D 2 8            
J N 7 1814 56 4 2305 576 0            
K 0 0 43            
K 0 0 59            
K 0 -21 59            
A D 2 8            
J R 7 1930 28 2 4609 576 0            
K 0 0 48            
A D 2 8            
J B 11 2050 1 82 6913 576 0            
E *            
B 1 482 0            
B 1 706 0            
B 1 931 0            
B 1 1304 0            
B 1 1677 0            
B 1 2050 0            
