S 0 200 140 2050 1066 7 "[...][....]"        
L 0 0 0 330 330 * 0 14 0        
J C 4 5 42 2 6913 0 0        
K 0 0 33        
K 0 0 34        
J K 2 57 0 2 6913 0 0        
K 0 0 63        
K 15 21 63        
J D 0 -11 -14 1 6913 0 0        
W 0 0 37 \01\01        
J R 7 136 28 2 1 0 0        
K 0 0 48        
A D 4 16        
J N 7 260 7 4 2305 576 0        
K 0 0 43        
K 0 0 60        
K 0 21 60        
A D 4 16        
J N 7 384 56 4 4609 576 0        
K 0 0 43        
K 0 0 59        
K 0 -21 59        
A D 4 16        
J B 12 508 1 82 6913 576 0        
J R 7 529 28 2 1 0 0        
K 0 0 48        
A D 4 16        
J N 7 649 7 4 2305 576 0        
K 0 0 43        
K 0 0 59        
K 0 -14 59        
A D 4 16        
J N 7 649 21 4 2305 0 0        
K 0 0 43        
K 0 0 60        
K 0 21 60        
A D 4 16        
J N 7 769 84 8 4609 576 0        
K 1 -14 45        
K 1 0 45        
K 0 0 43        
K -1 0 45        
K 2 0 45        
K 0 0 59        
K 0 -28 59        
A D 4 16        
J B 13 892 1 82 6913 576 0        
J R 7 919 28 2 1 0 0        
K 0 0 48        
A D 4 16        
J N 7 1039 0 4 2305 576 0        
K 0 0 43        
K 0 0 60        
K 0 21 60        
A D 4 16        
J N 7 1159 49 4 4609 576 0        
K 0 0 43        
K 0 0 59        
K 0 -21 59        
A D 4 16        
J B 14 1282 1 82 6913 576 0        
J R 7 1303 28 2 1 0 0        
K 0 0 48        
A D 4 16        
J N 7 1423 0 4 2305 576 0        
K 0 0 43        
K 0 0 59        
K 0 -14 59        
A D 4 16        
J N 7 1423 14 4 2305 0 0        
K 0 0 43        
K 0 0 60        
K 0 21 60        
A D 4 16        
J N 7 1543 77 7 4609 576 0        
K 1 -7 45        
K 0 0 43        
K 0 -7 45        
K 1 -7 45        
K 0 0 59        
K 0 -21 59        
A D 4 16        
J B 15 1666 1 82 6913 576 0        
J R 7 1687 28 2 1 0 0        
K 0 0 48        
A D 4 16        
J N 7 1807 28 4 2305 576 0        
K 0 0 43        
K 0 0 60        
K 0 21 60        
A D 4 16        
J N 7 1927 -7 4 4609 576 0        
K 0 0 43        
K 0 0 60        
K 0 21 60        
A D 4 16        
J B 16 2050 1 82 6913 576 0        
E *        
L 160 0 0 330 330 * 0 14 0        
J C 4 5 42 2 6913 0 0        
K 0 0 33        
K 0 0 34        
J K 2 57 0 2 6913 0 0        
K 0 0 63        
K 15 21 63        
J D 0 -11 -14 1 6913 0 0        
W 0 0 0 \01\01        
J N 5 136 42 3 1 0 1 14        
K -18 0 63        
K 0 0 43        
A D 1 16        
J N 5 167 28 2 577 144 1 14        
K 0 0 43        
A D 1 16        
J N 5 198 7 2 1153 144 1 14        
K 0 0 43        
A D 1 16        
J N 5 229 28 2 1729 144 1 14        
K 0 0 43        
A D 1 16        
H 14 B -45 -3 108 4 22 11 11 33        
J N 5 260 42 2 2305 144 1 15        
K 0 0 43        
A D 1 16        
J N 5 291 28 2 2881 144 1 15        
K 0 0 43        
A D 1 16        
J N 5 322 7 2 3457 144 1 15        
K 0 0 43        
A D 1 16        
J N 5 353 28 2 4033 144 1 15        
K 0 0 43        
A D 1 16        
H 15 B -45 -3 108 4 22 11 11 33        
J N 5 384 42 2 4609 144 1 16        
K 0 0 43        
A D 1 16        
J N 5 415 28 2 5185 144 1 16        
K 0 0 43        
A D 1 16        
J N 5 445 7 2 5761 144 1 16        
K 0 0 43        
A D 1 16        
J N 5 475 28 2 6337 144 1 16        
K 0 0 43        
A D 1 16        
H 16 B -45 -3 108 4 22 11 11 33        
J B 12 508 1 82 6913 144 0        
J N 5 529 35 2 1 0 1 17        
K 0 0 43        
A D 1 16        
J N 5 559 21 2 577 144 1 17        
K 0 0 43        
A D 1 16        
J N 5 589 7 2 1153 144 1 17        
K 0 0 43        
A D 1 16        
J N 5 619 21 2 1729 144 1 17        
K 0 0 43        
A D 1 16        
H 17 B -53 -1 108 4 22 11 11 33        
J N 5 649 35 2 2305 144 1 18        
K 0 0 43        
A D 1 16        
J N 5 679 21 2 2881 144 1 18        
K 0 0 43        
A D 1 16        
J N 5 709 7 2 3457 144 1 18        
K 0 0 43        
A D 1 16        
J N 5 739 21 2 4033 144 1 18        
K 0 0 43        
A D 1 16        
H 18 B -53 -1 108 4 22 11 11 33        
J N 5 769 35 2 4609 144 1 19        
K 0 0 43        
A D 1 16        
J N 5 799 21 2 5185 144 1 19        
K 0 0 43        
A D 1 16        
J N 5 829 7 2 5761 144 1 19        
K 0 0 43        
A D 1 16        
J N 5 859 21 2 6337 144 1 19        
K 0 0 43        
A D 1 16        
H 19 B -53 -1 108 4 22 11 11 33        
J B 13 892 1 82 6913 144 0        
J N 5 919 35 3 1 0 1 20        
K -18 0 63        
K 0 0 43        
A D 1 16        
J N 5 949 21 2 577 144 1 20        
K 0 0 43        
A D 1 16        
J N 5 979 0 2 1153 144 1 20        
K 0 0 43        
A D 1 16        
J N 5 1009 21 2 1729 144 1 20        
K 0 0 43        
A D 1 16        
H 20 B -53 -1 108 4 22 11 11 33        
J N 5 1039 35 2 2305 144 1 21        
K 0 0 43        
A D 1 16        
J N 5 1069 21 2 2881 144 1 21        
K 0 0 43        
A D 1 16        
J N 5 1099 0 2 3457 144 1 21        
K 0 0 43        
A D 1 16        
J N 5 1129 21 2 4033 144 1 21        
K 0 0 43        
A D 1 16        
H 21 B -53 -1 108 4 22 11 11 33        
J N 5 1159 35 2 4609 144 1 22        
K 0 0 43        
A D 1 16        
J N 5 1189 21 2 5185 144 1 22        
K 0 0 43        
A D 1 16        
J N 5 1219 0 2 5761 144 1 22        
K 0 0 43        
A D 1 16        
J N 5 1249 21 2 6337 144 1 22        
K 0 0 43        
A D 1 16        
H 22 B -53 -1 108 4 22 11 11 33        
J B 14 1282 1 82 6913 144 0        
J N 5 1303 28 2 1 0 1 23        
K 0 0 43        
A D 1 16        
J N 5 1333 14 2 577 144 1 23        
K 0 0 43        
A D 1 16        
J N 5 1363 0 2 1153 144 1 23        
K 0 0 43        
A D 1 16        
J N 5 1393 14 2 1729 144 1 23        
K 0 0 43        
A D 1 16        
H 23 B -46 -1 108 4 22 11 11 33        
J N 5 1423 28 2 2305 144 1 24        
K 0 0 43        
A D 1 16        
J N 5 1453 14 2 2881 144 1 24        
K 0 0 43        
A D 1 16        
J N 5 1483 0 2 3457 144 1 24        
K 0 0 43        
A D 1 16        
J N 5 1513 14 2 4033 144 1 24        
K 0 0 43        
A D 1 16        
H 24 B -46 -1 108 4 22 11 11 33        
J N 5 1543 28 2 4609 144 1 25        
K 0 0 43        
A D 1 16        
J N 5 1573 14 2 5185 144 1 25        
K 0 0 43        
A D 1 16        
J N 5 1603 0 2 5761 144 1 25        
K 0 0 43        
A D 1 16        
J N 5 1633 14 2 6337 144 1 25        
K 0 0 43        
A D 1 16        
H 25 B -46 -1 108 4 22 11 11 33        
J B 15 1666 1 82 6913 144 0        
J N 5 1687 28 2 1 0 1 26        
K 0 0 43        
A D 1 16        
J N 5 1717 14 2 577 144 1 26        
K 0 0 43        
A D 1 16        
J N 5 1747 -7 2 1153 144 1 26        
K 0 0 43        
A D 1 16        
J N 5 1777 14 2 1729 144 1 26        
K 0 0 43        
A D 1 16        
H 26 B -46 -1 108 4 22 11 11 33        
J N 5 1807 28 2 2305 144 1 27        
K 0 0 43        
A D 1 16        
J N 5 1837 14 2 2881 144 1 27        
K 0 0 43        
A D 1 16        
J N 5 1867 -7 2 3457 144 1 27        
K 0 0 43        
A D 1 16        
J N 5 1897 14 2 4033 144 1 27        
K 0 0 43        
A D 1 16        
H 27 B -46 -1 108 4 22 11 11 33        
J N 5 1927 28 2 4609 144 1 28        
K 0 0 43        
A D 1 16        
J N 5 1957 14 2 5185 144 1 28        
K 0 0 43        
A D 1 16        
J N 5 1987 -7 2 5761 144 1 28        
K 0 0 43        
A D 1 16        
J N 5 2017 14 2 6337 144 1 28        
K 0 0 43        
A D 1 16        
H 28 B -46 -1 108 4 22 11 11 33        
J B 16 2050 1 82 6913 144 0        
E *        
L 320 0 0 330 330 * 0 14 0        
J C 22 5 14 36 6913 0 0        
J K 2 57 0 2 6913 0 0        
K 0 14 63        
K 15 35 63        
J D 0 -11 -14 1 6913 0 0        
W 0 0 0 \01\01        
J F 0 136 98 1 1 0 0        
K 0 0 213        
J N 7 136 -28 8 1 0 0        
K 0 14 45        
K 0 0 45        
K 0 0 43        
K -1 0 45        
K 2 0 45        
K 0 0 60        
K 0 28 60        
A D 2 8        
J N 7 260 21 4 2305 576 0        
K 0 0 43        
K 0 0 60        
K 0 21 60        
A D 2 8        
J R 7 384 28 2 4609 576 0        
K 0 0 48        
A D 2 8        
J B 12 508 1 82 6913 576 0        
J N 7 529 0 4 1 0 0        
K 0 0 43        
K 0 0 60        
K 0 21 60        
A D 2 8        
J N 7 649 49 4 2305 576 0        
K 0 0 43        
K 0 0 59        
K 0 -21 59        
A D 2 8        
J R 7 769 28 2 4609 576 0        
K 0 0 48        
A D 2 8        
J B 13 892 1 82 6913 576 0        
J F 0 919 98 1 1 0 0        
K 0 0 213        
J N 7 919 -35 9 1 0 0        
K 0 21 45        
K 0 7 45        
K 0 0 43        
K 0 7 45        
K 1 7 45        
K 0 0 60        
K 0 28 60        
K 0 35 60        
A D 2 8        
J N 7 1039 14 4 2305 576 0        
K 0 0 43        
K 0 0 60        
K 0 21 60        
A D 2 8        
J R 7 1159 28 2 4609 576 0        
K 0 0 48        
A D 2 8        
J B 14 1282 1 82 6913 576 0        
J N 7 1303 -7 4 1 0 0        
K 0 0 43        
K 0 0 60        
K 0 21 60        
A D 2 8        
J N 7 1423 42 4 2305 576 0        
K 0 0 43        
K 0 0 59        
K 0 -21 59        
A D 2 8        
J R 7 1543 28 2 4609 576 0        
K 0 0 48        
A D 2 8        
J B 15 1666 1 82 6913 576 0        
J N 7 1687 7 4 1 0 0        
K 0 0 43        
K 0 0 60        
K 0 21 60        
A D 2 8        
J N 7 1807 56 4 2305 576 0        
K 0 0 43        
K 0 0 59        
K 0 -21 59        
A D 2 8        
J R 7 1927 28 2 4609 576 0        
K 0 0 48        
A D 2 8        
J B 16 2050 1 82 6913 576 0        
E *        
L 530 0 0 330 330 * 0 14 0        
J C 4 5 42 2 6913 0 0        
K 0 0 33        
K 0 0 34        
J K 2 57 0 2 6913 0 0        
K 0 0 63        
K 15 21 63        
J D 0 -11 -14 1 6913 0 0        
W 0 0 0 \01\01        
J R 7 136 28 2 1 0 0        
K 0 0 48        
A D 4 16        
J N 7 260 7 4 2305 576 0        
K 0 0 43        
K 0 0 60        
K 0 21 60        
A D 4 16        
J N 7 384 56 4 4609 576 0        
K 0 0 43        
K 0 0 59        
K 0 -21 59        
A D 4 16        
J B 12 508 1 82 6913 576 0        
J R 7 529 28 2 1 0 0        
K 0 0 48        
A D 4 16        
J N 7 649 7 4 2305 576 0        
K 0 0 43        
K 0 0 59        
K 0 -14 59        
A D 4 16        
J N 7 649 21 4 2305 0 0        
K 0 0 43        
K 0 0 60        
K 0 21 60        
A D 4 16        
J N 7 769 84 8 4609 576 0        
K 1 -14 45        
K 1 0 45        
K 0 0 43        
K -1 0 45        
K 2 0 45        
K 0 0 59        
K 0 -28 59        
A D 4 16        
J B 13 892 1 82 6913 576 0        
J R 7 919 28 2 1 0 0        
K 0 0 48        
A D 4 16        
J N 7 1039 0 4 2305 576 0        
K 0 0 43        
K 0 0 60        
K 0 21 60        
A D 4 16        
J N 7 1159 49 4 4609 576 0        
K 0 0 43        
K 0 0 59        
K 0 -21 59        
A D 4 16        
J B 14 1282 1 82 6913 576 0        
J R 7 1303 28 2 1 0 0        
K 0 0 48        
A D 4 16        
J N 7 1423 0 4 2305 576 0        
K 0 0 43        
K 0 0 59        
K 0 -14 59        
A D 4 16        
J N 7 1423 14 4 2305 0 0        
K 0 0 43        
K 0 0 60        
K 0 21 60        
A D 4 16        
J N 7 1543 77 7 4609 576 0        
K 1 -7 45        
K 0 0 43        
K 0 -7 45        
K 1 -7 45        
K 0 0 59        
K 0 -21 59        
A D 4 16        
J B 15 1666 1 82 6913 576 0        
J R 7 1687 28 2 1 0 0        
K 0 0 48        
A D 4 16        
J N 7 1807 28 4 2305 576 0        
K 0 0 43        
K 0 0 60        
K 0 21 60        
A D 4 16        
J N 7 1927 -7 4 4609 576 0        
K 0 0 43        
K 0 0 60        
K 0 21 60        
A D 4 16        
J B 16 2050 1 82 6913 576 0        
E *        
L 690 0 0 330 330 * 0 14 0        
J C 4 5 42 2 6913 0 0        
K 0 0 33        
K 0 0 34        
J K 2 57 0 2 6913 0 0        
K 0 0 63        
K 15 21 63        
J D 0 -11 -14 1 6913 0 0        
W 0 0 0 \01\01        
J N 5 136 42 3 1 0 1 14        
K -18 0 63        
K 0 0 43        
A D 1 16        
J N 5 167 28 2 577 144 1 14        
K 0 0 43        
A D 1 16        
J N 5 198 7 2 1153 144 1 14        
K 0 0 43        
A D 1 16        
J N 5 229 28 2 1729 144 1 14        
K 0 0 43        
A D 1 16        
H 14 B -45 -3 108 4 22 11 11 33        
J N 5 260 42 2 2305 144 1 15        
K 0 0 43        
A D 1 16        
J N 5 291 28 2 2881 144 1 15        
K 0 0 43        
A D 1 16        
J N 5 322 7 2 3457 144 1 15        
K 0 0 43        
A D 1 16        
J N 5 353 28 2 4033 144 1 15        
K 0 0 43        
A D 1 16        
H 15 B -45 -3 108 4 22 11 11 33        
J N 5 384 42 2 4609 144 1 16        
K 0 0 43        
A D 1 16        
J N 5 415 28 2 5185 144 1 16        
K 0 0 43        
A D 1 16        
J N 5 445 7 2 5761 144 1 16        
K 0 0 43        
A D 1 16        
J N 5 475 28 2 6337 144 1 16        
K 0 0 43        
A D 1 16        
H 16 B -45 -3 108 4 22 11 11 33        
J B 12 508 1 82 6913 144 0        
J N 5 529 35 2 1 0 1 17        
K 0 0 43        
A D 1 16        
J N 5 559 21 2 577 144 1 17        
K 0 0 43        
A D 1 16        
J N 5 589 7 2 1153 144 1 17        
K 0 0 43        
A D 1 16        
J N 5 619 21 2 1729 144 1 17        
K 0 0 43        
A D 1 16        
H 17 B -53 -1 108 4 22 11 11 33        
J N 5 649 35 2 2305 144 1 18        
K 0 0 43        
A D 1 16        
J N 5 679 21 2 2881 144 1 18        
K 0 0 43        
A D 1 16        
J N 5 709 7 2 3457 144 1 18        
K 0 0 43        
A D 1 16        
J N 5 739 21 2 4033 144 1 18        
K 0 0 43        
A D 1 16        
H 18 B -53 -1 108 4 22 11 11 33        
J N 5 769 35 2 4609 144 1 19        
K 0 0 43        
A D 1 16        
J N 5 799 21 2 5185 144 1 19        
K 0 0 43        
A D 1 16        
J N 5 829 7 2 5761 144 1 19        
K 0 0 43        
A D 1 16        
J N 5 859 21 2 6337 144 1 19        
K 0 0 43        
A D 1 16        
H 19 B -53 -1 108 4 22 11 11 33        
J B 13 892 1 82 6913 144 0        
J N 5 919 35 3 1 0 1 20        
K -18 0 63        
K 0 0 43        
A D 1 16        
J N 5 949 21 2 577 144 1 20        
K 0 0 43        
A D 1 16        
J N 5 979 0 2 1153 144 1 20        
K 0 0 43        
A D 1 16        
J N 5 1009 21 2 1729 144 1 20        
K 0 0 43        
A D 1 16        
H 20 B -53 -1 108 4 22 11 11 33        
J N 5 1039 35 2 2305 144 1 21        
K 0 0 43        
A D 1 16        
J N 5 1069 21 2 2881 144 1 21        
K 0 0 43        
A D 1 16        
J N 5 1099 0 2 3457 144 1 21        
K 0 0 43        
A D 1 16        
J N 5 1129 21 2 4033 144 1 21        
K 0 0 43        
A D 1 16        
H 21 B -53 -1 108 4 22 11 11 33        
J N 5 1159 35 2 4609 144 1 22        
K 0 0 43        
A D 1 16        
J N 5 1189 21 2 5185 144 1 22        
K 0 0 43        
A D 1 16        
J N 5 1219 0 2 5761 144 1 22        
K 0 0 43        
A D 1 16        
J N 5 1249 21 2 6337 144 1 22        
K 0 0 43        
A D 1 16        
H 22 B -53 -1 108 4 22 11 11 33        
J B 14 1282 1 82 6913 144 0        
J N 5 1303 28 2 1 0 1 23        
K 0 0 43        
A D 1 16        
J N 5 1333 14 2 577 144 1 23        
K 0 0 43        
A D 1 16        
J N 5 1363 0 2 1153 144 1 23        
K 0 0 43        
A D 1 16        
J N 5 1393 14 2 1729 144 1 23        
K 0 0 43        
A D 1 16        
H 23 B -46 -1 108 4 22 11 11 33        
J N 5 1423 28 2 2305 144 1 24        
K 0 0 43        
A D 1 16        
J N 5 1453 14 2 2881 144 1 24        
K 0 0 43        
A D 1 16        
J N 5 1483 0 2 3457 144 1 24        
K 0 0 43        
A D 1 16        
J N 5 1513 14 2 4033 144 1 24        
K 0 0 43        
A D 1 16        
H 24 B -46 -1 108 4 22 11 11 33        
J N 5 1543 28 2 4609 144 1 25        
K 0 0 43        
A D 1 16        
J N 5 1573 14 2 5185 144 1 25        
K 0 0 43        
A D 1 16        
J N 5 1603 0 2 5761 144 1 25        
K 0 0 43        
A D 1 16        
J N 5 1633 14 2 6337 144 1 25        
K 0 0 43        
A D 1 16        
H 25 B -46 -1 108 4 22 11 11 33        
J B 15 1666 1 82 6913 144 0        
J N 5 1687 28 2 1 0 1 26        
K 0 0 43        
A D 1 16        
J N 5 1717 14 2 577 144 1 26        
K 0 0 43        
A D 1 16        
J N 5 1747 -7 2 1153 144 1 26        
K 0 0 43        
A D 1 16        
J N 5 1777 14 2 1729 144 1 26        
K 0 0 43        
A D 1 16        
H 26 B -46 -1 108 4 22 11 11 33        
J N 5 1807 28 2 2305 144 1 27        
K 0 0 43        
A D 1 16        
J N 5 1837 14 2 2881 144 1 27        
K 0 0 43        
A D 1 16        
J N 5 1867 -7 2 3457 144 1 27        
K 0 0 43        
A D 1 16        
J N 5 1897 14 2 4033 144 1 27        
K 0 0 43        
A D 1 16        
H 27 B -46 -1 108 4 22 11 11 33        
J N 5 1927 28 2 4609 144 1 28        
K 0 0 43        
A D 1 16        
J N 5 1957 14 2 5185 144 1 28        
K 0 0 43        
A D 1 16        
J N 5 1987 -7 2 5761 144 1 28        
K 0 0 43        
A D 1 16        
J N 5 2017 14 2 6337 144 1 28        
K 0 0 43        
A D 1 16        
H 28 B -46 -1 108 4 22 11 11 33        
J B 16 2050 1 82 6913 144 0        
E *        
L 850 0 0 330 330 * 0 14 0        
J C 13 5 28 35 6913 0 0        
J K 2 57 0 2 6913 0 0        
K 0 7 63        
K 15 28 63        
J D 0 -11 -14 1 6913 0 0        
W 0 0 0 \01\01        
J N 7 136 -14 7 1 0 0        
K 0 0 45        
K 0 0 43        
K -1 0 45        
K 2 0 45        
K 0 0 60        
K 0 21 60        
A D 2 8        
J N 7 260 14 4 2305 576 0        
K 0 0 43        
K 0 0 60        
K 0 21 60        
A D 2 8        
J N 7 384 0 5 4609 576 0        
K -18 0 63        
K 0 0 43        
K 0 0 60        
K 0 21 60        
A D 2 8        
J B 12 508 1 82 6913 576 0        
J N 8 529 -7 4 1 0 0        
K 0 0 42        
K 0 0 60        
K 0 21 60        
A D 4 8        
J R 7 769 28 2 4609 1152 0        
K 0 0 48        
A D 2 8        
J B 13 892 1 82 6913 576 0        
J N 7 919 -21 7 1 0 0        
K 0 7 45        
K 0 0 43        
K 0 7 45        
K 1 7 45        
K 0 0 60        
K 0 21 60        
A D 2 8        
J N 7 1039 7 4 2305 576 0        
K 0 0 43        
K 0 0 60        
K 0 21 60        
A D 2 8        
J N 7 1159 -7 5 4609 576 0        
K -18 0 63        
K 0 0 43        
K 0 0 60        
K 0 21 60        
A D 2 8        
J B 14 1282 1 82 6913 576 0        
J N 8 1303 -14 7 1 0 0        
K 0 0 45        
K 0 0 42        
K -1 0 45        
K 2 0 45        
K 0 0 60        
K 0 21 60        
A D 4 8        
J R 7 1543 28 2 4609 1152 0        
K 0 0 48        
A D 2 8        
J B 15 1666 1 82 6913 576 0        
J N 7 1687 -28 8 1 0 0        
K 0 14 45        
K 0 0 45        
K 0 0 43        
K -1 0 45        
K 2 0 45        
K 0 0 60        
K 0 28 60        
A D 2 8        
J N 7 1807 0 4 2305 576 0        
K 0 0 43        
K 0 0 60        
K 0 21 60        
A D 2 8        
J N 7 1927 -14 7 4609 576 0        
K 0 0 45        
K 0 0 43        
K -1 0 45        
K 2 0 45        
K 0 0 60        
K 0 21 60        
A D 2 8        
J B 16 2050 1 82 6913 576 0        
E *        
L 1010 0 0 330 330 * 0 14 0        
J C 22 5 14 36 6913 0 0        
J K 2 57 0 2 6913 0 0        
K 0 14 63        
K 15 35 63        
J D 0 -11 -14 1 6913 0 0        
W 0 0 0 \01\01        
J F 0 136 98 1 1 0 0        
K 0 0 213        
J N 7 136 -28 8 1 0 0        
K 0 14 45        
K 0 0 45        
K 0 0 43        
K -1 0 45        
K 2 0 45        
K 0 0 60        
K 0 28 60        
A D 2 8        
J N 7 260 21 4 2305 576 0        
K 0 0 43        
K 0 0 60        
K 0 21 60        
A D 2 8        
J R 7 384 28 2 4609 576 0        
K 0 0 48        
A D 2 8        
J B 12 508 1 82 6913 576 0        
J N 7 529 0 4 1 0 0        
K 0 0 43        
K 0 0 60        
K 0 21 60        
A D 2 8        
J N 7 649 49 4 2305 576 0        
K 0 0 43        
K 0 0 59        
K 0 -21 59        
A D 2 8        
J R 7 769 28 2 4609 576 0        
K 0 0 48        
A D 2 8        
J B 13 892 1 82 6913 576 0        
J F 0 919 98 1 1 0 0        
K 0 0 213        
J N 7 919 -35 9 1 0 0        
K 0 21 45        
K 0 7 45        
K 0 0 43        
K 0 7 45        
K 1 7 45        
K 0 0 60        
K 0 28 60        
K 0 35 60        
A D 2 8        
J N 7 1039 14 4 2305 576 0        
K 0 0 43        
K 0 0 60        
K 0 21 60        
A D 2 8        
J R 7 1159 28 2 4609 576 0        
K 0 0 48        
A D 2 8        
J B 14 1282 1 82 6913 576 0        
J N 7 1303 -7 4 1 0 0        
K 0 0 43        
K 0 0 60        
K 0 21 60        
A D 2 8        
J N 7 1423 42 4 2305 576 0        
K 0 0 43        
K 0 0 59        
K 0 -21 59        
A D 2 8        
J R 7 1543 28 2 4609 576 0        
K 0 0 48        
A D 2 8        
J B 15 1666 1 82 6913 576 0        
J N 7 1687 7 4 1 0 0        
K 0 0 43        
K 0 0 60        
K 0 21 60        
A D 2 8        
J N 7 1807 56 4 2305 576 0        
K 0 0 43        
K 0 0 59        
K 0 -21 59        
A D 2 8        
J R 7 1927 28 2 4609 576 0        
K 0 0 48        
A D 2 8        
J B 16 2050 1 82 6913 576 0        
E *        
B 1 508 0        
B 1 892 0        
B 1 1282 0        
B 1 1666 0        
B 1 2050 0        
S 0 200 1510 2050 1066 7 "[...][....]"        
L 0 0 0 330 330 * 0 14 0        
J C 4 5 42 2 6913 0 0        
K 0 0 33        
K 0 0 34        
J K 2 57 0 2 6913 0 0        
K 0 0 63        
K 15 21 63        
J D 0 -11 -14 1 6913 0 0        
W 0 0 37 \01\06        
J N 7 130 -7 5 1 0 0        
K 0 0 43        
K 25 0 44        
K 0 0 60        
K 0 21 60        
A D 6 16        
J N 6 199 -14 5 3457 864 1 16        
K 0 0 45        
K 0 0 43        
K -1 0 45        
K 2 0 45        
A D 2 16        
J N 6 240 0 2 4609 288 2 17 16        
K 0 0 43        
A D 2 16        
J N 6 281 7 2 5761 288 2 16 17        
K 0 0 43        
A D 2 16        
H 16 B -58 2 108 3 2 1 3        
H 17 S 0 0 0 0 0 0 0 0 0        
J B 17 323 1 82 6913 288 0        
J N 6 344 0 2 1 0 2 18 19        
K 0 0 43        
A D 2 16        
J N 6 384 -7 2 1153 288 2 19 18        
K 0 0 43        
A D 2 16        
H 19 B -47 -3 108 2 2 3        
H 18 S 0 0 0 0 0 0 0 0 0        
J N 8 424 7 4 2305 288 0        
K 0 0 42        
K 0 0 60        
K 0 21 60        
A D 8 16        
J B 18 548 1 82 6913 1152 0        
J N 5 569 14 2 1 0 1 20        
K 0 0 43        
A D 1 16        
J N 5 598 0 2 577 144 1 20        
K 0 0 43        
A D 1 16        
J N 5 627 -14 5 1153 144 1 20        
K 0 0 45        
K 0 0 43        
K -1 0 45        
K 2 0 45        
A D 1 16        
J N 5 656 0 2 1729 144 1 20        
K 0 0 43        
A D 1 16        
H 20 B -47 -2 108 4 22 11 11 33        
J N 5 685 14 2 2305 144 1 21        
K 0 0 43        
A D 1 16        
J N 5 714 0 2 2881 144 1 21        
K 0 0 43        
A D 1 16        
J N 5 743 -14 5 3457 144 1 21        
K 0 0 45        
K 0 0 43        
K -1 0 45        
K 2 0 45        
A D 1 16        
J N 5 772 0 2 4033 144 1 21        
K 0 0 43        
A D 1 16        
H 21 B -47 -2 108 4 22 11 11 33        
J N 5 801 14 2 4609 144 1 22        
K 0 0 43        
A D 1 16        
J N 5 830 0 2 5185 144 1 22        
K 0 0 43        
A D 1 16        
J N 5 859 -14 5 5761 144 1 22        
K 0 0 45        
K 0 0 43        
K -1 0 45        
K 2 0 45        
A D 1 16        
J N 5 888 0 2 6337 144 1 22        
K 0 0 43        
A D 1 16        
H 22 B -47 -2 108 4 22 11 11 33        
J B 19 921 1 82 6913 144 0        
J N 5 942 21 2 1 0 1 23        
K 0 0 43        
A D 1 16        
J N 5 971 7 2 577 144 1 23        
K 0 0 43        
A D 1 16        
J N 5 1000 -14 5 1153 144 1 23        
K 0 0 45        
K 0 0 43        
K -1 0 45        
K 2 0 45        
A D 1 16        
J N 5 1029 7 2 1729 144 1 23        
K 0 0 43        
A D 1 16        
H 23 B -40 -2 108 4 22 11 11 33        
J N 5 1058 21 2 2305 144 1 24        
K 0 0 43        
A D 1 16        
J N 5 1087 7 2 2881 144 1 24        
K 0 0 43        
A D 1 16        
J N 5 1116 -14 5 3457 144 1 24        
K 0 0 45        
K 0 0 43        
K -1 0 45        
K 2 0 45        
A D 1 16        
J N 5 1145 7 2 4033 144 1 24        
K 0 0 43        
A D 1 16        
H 24 B -40 -2 108 4 22 11 11 33        
J N 5 1174 21 2 4609 144 1 25        
K 0 0 43        
A D 1 16        
J N 5 1203 7 2 5185 144 1 25        
K 0 0 43        
A D 1 16        
J N 5 1232 -14 5 5761 144 1 25        
K 0 0 45        
K 0 0 43        
K -1 0 45        
K 2 0 45        
A D 1 16        
J N 5 1261 7 2 6337 144 1 25        
K 0 0 43        
A D 1 16        
H 25 B -40 -2 108 4 22 11 11 33        
J B 20 1294 1 82 6913 144 0        
J N 7 1315 14 4 1 0 0        
K 0 0 43        
K 0 0 60        
K 0 21 60        
A D 4 16        
J N 7 1435 0 4 2305 576 0        
K 0 0 43        
K 0 0 59        
K 0 -14 59        
A D 4 16        
J N 7 1435 35 4 2305 0 0        
K 0 0 43        
K 0 0 60        
K 0 14 60        
A D 4 16        
J N 7 1551 63 4 4609 576 0        
K 0 0 43        
K 0 0 59        
K 0 -21 59        
A D 4 16        
J B 21 1671 1 82 6913 576 0        
J R 7 1698 28 2 1 0 0        
K 0 0 48        
A D 4 16        
J N 7 1814 21 4 2305 576 0        
K 0 0 43        
K 0 0 60        
K 0 21 60        
A D 4 16        
J N 7 1930 49 4 4609 576 0        
K 0 0 43        
K 0 0 59        
K 0 -21 59        
A D 4 16        
J B 22 2050 1 82 6913 576 0        
E *        
L 160 0 0 330 330 * 0 14 0        
J C 4 5 42 2 6913 0 0        
K 0 0 33        
K 0 0 34        
J K 2 57 0 2 6913 0 0        
K 0 0 63        
K 15 21 63        
J D 0 -11 -14 1 6913 0 0        
W 0 0 0 \01\06        
J N 7 130 21 5 1 0 0        
K 0 0 43        
K 25 0 44        
K 0 0 60        
K 0 21 60        
A D 6 16        
J N 6 199 21 3 3457 864 0        
K 0 0 43        
K 0 0 54        
A D 2 16        
J N 7 240 14 4 4609 288 0        
K 0 0 43        
K 0 0 60        
K 0 21 60        
A D 4 16        
J B 17 323 1 82 6913 576 0        
J N 7 344 14 4 1 0 0        
K 0 0 43        
K 0 0 60        
K 0 21 60        
A D 4 16        
J N 7 424 14 5 2305 576 0        
K 0 0 43        
K 24 -6 44        
K 0 0 60        
K 0 21 60        
A D 6 16        
J N 6 506 21 3 5761 864 0        
K 0 0 43        
K 0 0 54        
A D 2 16        
J B 18 548 1 82 6913 288 0        
J N 7 569 14 4 1 0 0        
K 0 0 43        
K 0 0 60        
K 0 21 60        
A D 4 16        
J N 7 685 0 4 2305 576 0        
K 0 0 43        
K 0 0 59        
K 0 -14 59        
A D 4 16        
J N 7 685 35 4 2305 0 0        
K 0 0 43        
K 0 0 60        
K 0 14 60        
A D 4 16        
J N 7 801 63 4 4609 576 0        
K 0 0 43        
K 0 0 59        
K 0 -21 59        
A D 4 16        
J B 19 921 1 82 6913 576 0        
J R 7 942 28 2 1 0 0        
K 0 0 48        
A D 4 16        
J N 7 1058 7 4 2305 576 0        
K 0 0 43        
K 0 0 59        
K 0 -14 59        
A D 4 16        
J N 7 1058 21 4 2305 0 0        
K 0 0 43        
K 0 0 60        
K 0 21 60        
A D 4 16        
J N 7 1174 84 8 4609 576 0        
K 1 -14 45        
K 1 0 45        
K 0 0 43        
K -1 0 45        
K 2 0 45        
K 0 0 59        
K 0 -28 59        
A D 4 16        
J B 20 1294 1 82 6913 576 0        
J R 5 1315 28 3 1 0 0        
K 0 14 49        
K 4 0 50        
A D 1 16        
J N 5 1348 0 2 577 144 1 29        
K 0 0 43        
A D 1 16        
J N 5 1377 -14 5 1153 144 1 29        
K 0 0 45        
K 0 0 43        
K -1 0 45        
K 2 0 45        
A D 1 16        
J N 5 1406 0 2 1729 144 1 29        
K 0 0 43        
A D 1 16        
H 29 B -46 0 108 3 22 11 33        
J N 5 1435 14 2 2305 144 1 30        
K 0 0 43        
A D 1 16        
J N 5 1464 0 2 2881 144 1 30        
K 0 0 43        
A D 1 16        
J N 5 1493 -14 5 3457 144 1 30        
K 0 0 45        
K 0 0 43        
K -1 0 45        
K 2 0 45        
A D 1 16        
J N 5 1522 0 2 4033 144 1 30        
K 0 0 43        
A D 1 16        
H 30 B -47 -2 108 4 22 11 11 33        
J N 5 1551 14 2 4609 144 1 31        
K 0 0 43        
A D 1 16        
J N 5 1580 0 2 5185 144 1 31        
K 0 0 43        
A D 1 16        
J N 5 1609 -14 5 5761 144 1 31        
K 0 0 45        
K 0 0 43        
K -1 0 45        
K 2 0 45        
A D 1 16        
J N 5 1638 0 2 6337 144 1 31        
K 0 0 43        
A D 1 16        
H 31 B -47 -2 108 4 22 11 11 33        
J B 21 1671 1 82 6913 144 0        
J N 5 1698 35 3 1 0 1 32        
K -18 0 63        
K 0 0 43        
A D 1 16        
J N 5 1727 21 2 577 144 1 32        
K 0 0 43        
A D 1 16        
J N 5 1756 0 2 1153 144 1 32        
K 0 0 43        
A D 1 16        
J N 5 1785 21 2 1729 144 1 32        
K 0 0 43        
A D 1 16        
H 32 B -40 -2 108 4 22 11 11 33        
J N 5 1814 35 2 2305 144 1 33        
K 0 0 43        
A D 1 16        
J N 5 1843 21 2 2881 144 1 33        
K 0 0 43        
A D 1 16        
J N 5 1872 0 2 3457 144 1 33        
K 0 0 43        
A D 1 16        
J N 5 1901 21 2 4033 144 1 33        
K 0 0 43        
A D 1 16        
H 33 B -40 -2 108 4 22 11 11 33        
J N 5 1930 35 2 4609 144 1 34        
K 0 0 43        
A D 1 16        
J N 5 1959 21 2 5185 144 1 34        
K 0 0 43        
A D 1 16        
J N 5 1988 0 2 5761 144 1 34        
K 0 0 43        
A D 1 16        
J N 5 2017 21 2 6337 144 1 34        
K 0 0 43        
A D 1 16        
H 34 B -40 -2 108 4 22 11 11 33        
J B 22 2050 1 82 6913 144 0        
E *        
L 320 0 0 330 330 * 0 14 0        
J C 22 5 14 36 6913 0 0        
J K 2 57 0 2 6913 0 0        
K 0 14 63        
K 15 35 63        
J D 0 -11 -14 1 6913 0 0        
W 0 0 0 \01\06        
J F 0 130 98 1 1 0 0        
K 0 0 206        
J N 7 130 0 5 1 0 0        
K 0 0 43        
K 24 -6 44        
K 0 0 60        
K 0 21 60        
A D 3 8        
J N 6 199 0 3 3457 864 0        
K 0 0 43        
K 0 0 54        
A D 1 8        
J F 0 240 98 1 4609 288 0        
K 0 0 204        
J N 7 240 -7 4 4609 0 0        
K 0 0 43        
K 0 0 60        
K 0 21 60        
A D 2 8        
J B 17 323 1 82 6913 576 0        
J F 0 344 98 2 1 0 0        
K 0 0 206        
K 0 21 204        
J N 7 344 7 4 1 0 0        
K 0 0 43        
K 0 0 60        
K 0 21 60        
A D 2 8        
J F 0 424 98 1 2305 576 0        
K 0 21 203        
J N 7 424 0 4 2305 0 0        
K 0 0 43        
K 0 0 60        
K 0 21 60        
A D 2 8        
J F 0 466 98 1 4609 576 0        
K 0 21 202        
J N 7 466 49 4 4609 0 0        
K 0 0 43        
K 0 0 59        
K 0 -21 59        
A D 2 8        
J B 18 548 1 82 6913 576 0        
J N 8 569 28 4 1 0 0        
K 0 0 42        
K 0 0 60        
K 0 21 60        
A D 4 8        
J R 7 801 28 2 4609 1152 0        
K 0 0 48        
A D 2 8        
J B 19 921 1 82 6913 576 0        
J N 7 942 0 4 1 0 0        
K 0 0 43        
K 0 0 60        
K 0 21 60        
A D 2 8        
J N 7 1058 49 4 2305 576 0        
K 0 0 43        
K 0 0 59        
K 0 -21 59        
A D 2 8        
J R 7 1174 28 2 4609 576 0        
K 0 0 48        
A D 2 8        
J B 20 1294 1 82 6913 576 0        
J N 7 1315 28 4 1 0 0        
K 0 0 43        
K 0 0 60        
K 0 21 60        
A D 2 8        
J N 7 1435 77 7 2305 576 0        
K 1 -7 45        
K 0 0 43        
K 0 -7 45        
K 1 -7 45        
K 0 0 59        
K 0 -21 59        
A D 2 8        
J R 7 1551 28 2 4609 576 0        
K 0 0 48        
A D 2 8        
J B 21 1671 1 82 6913 576 0        
J F 0 1698 98 1 1 0 0        
K 0 0 213        
J N 7 1698 14 4 1 0 0        
K 0 0 43        
K 0 0 60        
K 0 21 60        
A D 2 8        
J F 0 1814 98 1 2305 576 0        
K 0 0 205        
J N 7 1814 0 5 2305 0 0        
K -18 0 63        
K 0 0 43        
K 0 0 60        
K 0 21 60        
A D 2 8        
J N 7 1930 14 4 4609 576 0        
K 0 0 43        
K 0 0 60        
K 0 21 60        
A D 2 8        
J B 22 2050 1 82 6913 576 0        
E *        
L 530 0 0 330 330 * 0 14 0        
J C 4 5 42 2 6913 0 0        
K 0 0 33        
K 0 0 34        
J K 2 57 0 2 6913 0 0        
K 0 0 63        
K 15 21 63        
J D 0 -11 -14 1 6913 0 0        
W 0 0 0 \01\06        
J N 7 130 -7 5 1 0 0        
K 0 0 43        
K 25 0 44        
K 0 0 60        
K 0 21 60        
A D 6 16        
J N 6 199 -14 5 3457 864 1 16        
K 0 0 45        
K 0 0 43        
K -1 0 45        
K 2 0 45        
A D 2 16        
J N 6 240 0 2 4609 288 2 17 16        
K 0 0 43        
A D 2 16        
J N 6 281 7 2 5761 288 2 16 17        
K 0 0 43        
A D 2 16        
H 16 B -58 2 108 3 2 1 3        
H 17 S 0 0 0 0 0 0 0 0 0        
J B 17 323 1 82 6913 288 0        
J N 6 344 0 2 1 0 2 18 19        
K 0 0 43        
A D 2 16        
J N 6 384 -7 2 1153 288 2 19 18        
K 0 0 43        
A D 2 16        
H 19 B -47 -3 108 2 2 3        
H 18 S 0 0 0 0 0 0 0 0 0        
J N 8 424 7 4 2305 288 0        
K 0 0 42        
K 0 0 60        
K 0 21 60        
A D 8 16        
J B 18 548 1 82 6913 1152 0        
J N 5 569 14 2 1 0 1 20        
K 0 0 43        
A D 1 16        
J N 5 598 0 2 577 144 1 20        
K 0 0 43        
A D 1 16        
J N 5 627 -14 5 1153 144 1 20        
K 0 0 45        
K 0 0 43        
K -1 0 45        
K 2 0 45        
A D 1 16        
J N 5 656 0 2 1729 144 1 20        
K 0 0 43        
A D 1 16        
H 20 B -47 -2 108 4 22 11 11 33        
J N 5 685 14 2 2305 144 1 21        
K 0 0 43        
A D 1 16        
J N 5 714 0 2 2881 144 1 21        
K 0 0 43        
A D 1 16        
J N 5 743 -14 5 3457 144 1 21        
K 0 0 45        
K 0 0 43        
K -1 0 45        
K 2 0 45        
A D 1 16        
J N 5 772 0 2 4033 144 1 21        
K 0 0 43        
A D 1 16        
H 21 B -47 -2 108 4 22 11 11 33        
J N 5 801 14 2 4609 144 1 22        
K 0 0 43        
A D 1 16        
J N 5 830 0 2 5185 144 1 22        
K 0 0 43        
A D 1 16        
J N 5 859 -14 5 5761 144 1 22        
K 0 0 45        
K 0 0 43        
K -1 0 45        
K 2 0 45        
A D 1 16        
J N 5 888 0 2 6337 144 1 22        
K 0 0 43        
A D 1 16        
H 22 B -47 -2 108 4 22 11 11 33        
J B 19 921 1 82 6913 144 0        
J N 5 942 21 2 1 0 1 23        
K 0 0 43        
A D 1 16        
J N 5 971 7 2 577 144 1 23        
K 0 0 43        
A D 1 16        
J N 5 1000 -14 5 1153 144 1 23        
K 0 0 45        
K 0 0 43        
K -1 0 45        
K 2 0 45        
A D 1 16        
J N 5 1029 7 2 1729 144 1 23        
K 0 0 43        
A D 1 16        
H 23 B -40 -2 108 4 22 11 11 33        
J N 5 1058 21 2 2305 144 1 24        
K 0 0 43        
A D 1 16        
J N 5 1087 7 2 2881 144 1 24        
K 0 0 43        
A D 1 16        
J N 5 1116 -14 5 3457 144 1 24        
K 0 0 45        
K 0 0 43        
K -1 0 45        
K 2 0 45        
A D 1 16        
J N 5 1145 7 2 4033 144 1 24        
K 0 0 43        
A D 1 16        
H 24 B -40 -2 108 4 22 11 11 33        
J N 5 1174 21 2 4609 144 1 25        
K 0 0 43        
A D 1 16        
J N 5 1203 7 2 5185 144 1 25        
K 0 0 43        
A D 1 16        
J N 5 1232 -14 5 5761 144 1 25        
K 0 0 45        
K 0 0 43        
K -1 0 45        
K 2 0 45        
A D 1 16        
J N 5 1261 7 2 6337 144 1 25        
K 0 0 43        
A D 1 16        
H 25 B -40 -2 108 4 22 11 11 33        
J B 20 1294 1 82 6913 144 0        
J N 7 1315 14 4 1 0 0        
K 0 0 43        
K 0 0 60        
K 0 21 60        
A D 4 16        
J N 7 1435 0 4 2305 576 0        
K 0 0 43        
K 0 0 59        
K 0 -14 59        
A D 4 16        
J N 7 1435 35 4 2305 0 0        
K 0 0 43        
K 0 0 60        
K 0 14 60        
A D 4 16        
J N 7 1551 63 4 4609 576 0        
K 0 0 43        
K 0 0 59        
K 0 -21 59        
A D 4 16        
J B 21 1671 1 82 6913 576 0        
J R 7 1698 28 2 1 0 0        
K 0 0 48        
A D 4 16        
J N 7 1814 21 4 2305 576 0        
K 0 0 43        
K 0 0 60        
K 0 21 60        
A D 4 16        
J N 7 1930 49 4 4609 576 0        
K 0 0 43        
K 0 0 59        
K 0 -21 59        
A D 4 16        
J B 22 2050 1 82 6913 576 0        
E *        
L 690 0 0 330 330 * 0 14 0        
J C 4 5 42 2 6913 0 0        
K 0 0 33        
K 0 0 34        
J K 2 57 0 2 6913 0 0        
K 0 0 63        
K 15 21 63        
J D 0 -11 -14 1 6913 0 0        
W 0 0 0 \01\06        
J N 7 130 21 5 1 0 0        
K 0 0 43        
K 25 0 44        
K 0 0 60        
K 0 21 60        
A D 6 16        
J N 6 199 21 3 3457 864 0        
K 0 0 43        
K 0 0 54        
A D 2 16        
J N 7 240 14 4 4609 288 0        
K 0 0 43        
K 0 0 60        
K 0 21 60        
A D 4 16        
J B 17 323 1 82 6913 576 0        
J N 7 344 14 4 1 0 0        
K 0 0 43        
K 0 0 60        
K 0 21 60        
A D 4 16        
J N 7 424 14 5 2305 576 0        
K 0 0 43        
K 24 -6 44        
K 0 0 60        
K 0 21 60        
A D 6 16        
J N 6 506 21 3 5761 864 0        
K 0 0 43        
K 0 0 54        
A D 2 16        
J B 18 548 1 82 6913 288 0        
J N 7 569 14 4 1 0 0        
K 0 0 43        
K 0 0 60        
K 0 21 60        
A D 4 16        
J N 7 685 0 4 2305 576 0        
K 0 0 43        
K 0 0 59        
K 0 -14 59        
A D 4 16        
J N 7 685 35 4 2305 0 0        
K 0 0 43        
K 0 0 60        
K 0 14 60        
A D 4 16        
J N 7 801 63 4 4609 576 0        
K 0 0 43        
K 0 0 59        
K 0 -21 59        
A D 4 16        
J B 19 921 1 82 6913 576 0        
J R 7 942 28 2 1 0 0        
K 0 0 48        
A D 4 16        
J N 7 1058 7 4 2305 576 0        
K 0 0 43        
K 0 0 59        
K 0 -14 59        
A D 4 16        
J N 7 1058 21 4 2305 0 0        
K 0 0 43        
K 0 0 60        
K 0 21 60        
A D 4 16        
J N 7 1174 84 8 4609 576 0        
K 1 -14 45        
K 1 0 45        
K 0 0 43        
K -1 0 45        
K 2 0 45        
K 0 0 59        
K 0 -28 59        
A D 4 16        
J B 20 1294 1 82 6913 576 0        
J R 5 1315 28 3 1 0 0        
K 0 14 49        
K 4 0 50        
A D 1 16        
J N 5 1348 0 2 577 144 1 29        
K 0 0 43        
A D 1 16        
J N 5 1377 -14 5 1153 144 1 29        
K 0 0 45        
K 0 0 43        
K -1 0 45        
K 2 0 45        
A D 1 16        
J N 5 1406 0 2 1729 144 1 29        
K 0 0 43        
A D 1 16        
H 29 B -46 0 108 3 22 11 33        
J N 5 1435 14 2 2305 144 1 30        
K 0 0 43        
A D 1 16        
J N 5 1464 0 2 2881 144 1 30        
K 0 0 43        
A D 1 16        
J N 5 1493 -14 5 3457 144 1 30        
K 0 0 45        
K 0 0 43        
K -1 0 45        
K 2 0 45        
A D 1 16        
J N 5 1522 0 2 4033 144 1 30        
K 0 0 43        
A D 1 16        
H 30 B -47 -2 108 4 22 11 11 33        
J N 5 1551 14 2 4609 144 1 31        
K 0 0 43        
A D 1 16        
J N 5 1580 0 2 5185 144 1 31        
K 0 0 43        
A D 1 16        
J N 5 1609 -14 5 5761 144 1 31        
K 0 0 45        
K 0 0 43        
K -1 0 45        
K 2 0 45        
A D 1 16        
J N 5 1638 0 2 6337 144 1 31        
K 0 0 43        
A D 1 16        
H 31 B -47 -2 108 4 22 11 11 33        
J B 21 1671 1 82 6913 144 0        
J N 5 1698 35 3 1 0 1 32        
K -18 0 63        
K 0 0 43        
A D 1 16        
J N 5 1727 21 2 577 144 1 32        
K 0 0 43        
A D 1 16        
J N 5 1756 0 2 1153 144 1 32        
K 0 0 43        
A D 1 16        
J N 5 1785 21 2 1729 144 1 32        
K 0 0 43        
A D 1 16        
H 32 B -40 -2 108 4 22 11 11 33        
J N 5 1814 35 2 2305 144 1 33        
K 0 0 43        
A D 1 16        
J N 5 1843 21 2 2881 144 1 33        
K 0 0 43        
A D 1 16        
J N 5 1872 0 2 3457 144 1 33        
K 0 0 43        
A D 1 16        
J N 5 1901 21 2 4033 144 1 33        
K 0 0 43        
A D 1 16        
H 33 B -40 -2 108 4 22 11 11 33        
J N 5 1930 35 2 4609 144 1 34        
K 0 0 43        
A D 1 16        
J N 5 1959 21 2 5185 144 1 34        
K 0 0 43        
A D 1 16        
J N 5 1988 0 2 5761 144 1 34        
K 0 0 43        
A D 1 16        
J N 5 2017 21 2 6337 144 1 34        
K 0 0 43        
A D 1 16        
H 34 B -40 -2 108 4 22 11 11 33        
J B 22 2050 1 82 6913 144 0        
E *        
L 850 0 0 330 330 * 0 14 0        
J C 13 5 28 35 6913 0 0        
J K 2 57 0 2 6913 0 0        
K 0 7 63        
K 15 28 63        
J D 0 -11 -14 1 6913 0 0        
W 0 0 0 \01\06        
J N 7 130 14 5 1 0 0        
K 0 0 43        
K 24 -6 44        
K 0 0 60        
K 0 21 60        
A D 3 8        
J N 6 199 14 3 3457 864 0        
K 0 0 43        
K 0 0 54        
A D 1 8        
J N 7 240 21 4 4609 288 0        
K 0 0 43        
K 0 0 60        
K 0 21 60        
A D 2 8        
J B 17 323 1 82 6913 576 0        
J N 7 344 -14 7 1 0 0        
K 0 0 45        
K 0 0 43        
K -1 0 45        
K 2 0 45        
K 0 0 60        
K 0 21 60        
A D 2 8        
J N 7 424 14 5 2305 576 0        
K 0 0 43        
K 24 -6 44        
K 0 0 60        
K 0 21 60        
A D 3 8        
J N 6 506 -7 3 5761 864 0        
K 0 0 43        
K 0 0 54        
A D 1 8        
J B 18 548 1 82 6913 288 0        
J N 8 569 7 4 1 0 0        
K 0 0 42        
K 0 0 60        
K 0 21 60        
A D 4 8        
J R 7 801 28 2 4609 1152 0        
K 0 0 48        
A D 2 8        
J B 19 921 1 82 6913 576 0        
J N 7 942 14 4 1 0 0        
K 0 0 43        
K 0 0 60        
K 0 21 60        
A D 2 8        
J N 7 1058 -7 4 2305 576 0        
K 0 0 43        
K 0 0 60        
K 0 21 60        
A D 2 8        
J N 7 1174 14 4 4609 576 0        
K 0 0 43        
K 0 0 60        
K 0 21 60        
A D 2 8        
J B 20 1294 1 82 6913 576 0        
J N 8 1315 7 4 1 0 0        
K 0 0 42        
K 0 0 60        
K 0 21 60        
A D 4 8        
J R 7 1551 28 2 4609 1152 0        
K 0 0 48        
A D 2 8        
J B 21 1671 1 82 6913 576 0        
J N 7 1698 28 4 1 0 0        
K 0 0 43        
K 0 0 60        
K 0 21 60        
A D 2 8        
J N 7 1814 7 4 2305 576 0        
K 0 0 43        
K 0 0 60        
K 0 21 60        
A D 2 8        
J N 7 1930 28 4 4609 576 0        
K 0 0 43        
K 0 0 60        
K 0 21 60        
A D 2 8        
J B 22 2050 1 82 6913 576 0        
E *        
L 1010 0 0 330 330 * 0 14 0        
J C 22 5 14 36 6913 0 0        
J K 2 57 0 2 6913 0 0        
K 0 14 63        
K 15 35 63        
J D 0 -11 -14 1 6913 0 0        
W 0 0 0 \01\06        
J F 0 130 98 1 1 0 0        
K 0 0 206        
J N 7 130 0 5 1 0 0        
K 0 0 43        
K 24 -6 44        
K 0 0 60        
K 0 21 60        
A D 3 8        
J N 6 199 0 3 3457 864 0        
K 0 0 43        
K 0 0 54        
A D 1 8        
J F 0 240 98 1 4609 288 0        
K 0 0 204        
J N 7 240 -7 4 4609 0 0        
K 0 0 43        
K 0 0 60        
K 0 21 60        
A D 2 8        
J B 17 323 1 82 6913 576 0        
J F 0 344 98 2 1 0 0        
K 0 0 206        
K 0 21 204        
J N 7 344 7 4 1 0 0        
K 0 0 43        
K 0 0 60        
K 0 21 60        
A D 2 8        
J F 0 424 98 1 2305 576 0        
K 0 21 203        
J N 7 424 0 4 2305 0 0        
K 0 0 43        
K 0 0 60        
K 0 21 60        
A D 2 8        
J F 0 466 98 1 4609 576 0        
K 0 21 202        
J N 7 466 49 4 4609 0 0        
K 0 0 43        
K 0 0 59        
K 0 -21 59        
A D 2 8        
J B 18 548 1 82 6913 576 0        
J N 8 569 28 4 1 0 0        
K 0 0 42        
K 0 0 60        
K 0 21 60        
A D 4 8        
J R 7 801 28 2 4609 1152 0        
K 0 0 48        
A D 2 8        
J B 19 921 1 82 6913 576 0        
J N 7 942 0 4 1 0 0        
K 0 0 43        
K 0 0 60        
K 0 21 60        
A D 2 8        
J N 7 1058 49 4 2305 576 0        
K 0 0 43        
K 0 0 59        
K 0 -21 59        
A D 2 8        
J R 7 1174 28 2 4609 576 0        
K 0 0 48        
A D 2 8        
J B 20 1294 1 82 6913 576 0        
J N 7 1315 28 4 1 0 0        
K 0 0 43        
K 0 0 60        
K 0 21 60        
A D 2 8        
J N 7 1435 77 7 2305 576 0        
K 1 -7 45        
K 0 0 43        
K 0 -7 45        
K 1 -7 45        
K 0 0 59        
K 0 -21 59        
A D 2 8        
J R 7 1551 28 2 4609 576 0        
K 0 0 48        
A D 2 8        
J B 21 1671 1 82 6913 576 0        
J F 0 1698 98 1 1 0 0        
K 0 0 213        
J N 7 1698 14 4 1 0 0        
K 0 0 43        
K 0 0 60        
K 0 21 60        
A D 2 8        
J F 0 1814 98 1 2305 576 0        
K 0 0 205        
J N 7 1814 0 5 2305 0 0        
K -18 0 63        
K 0 0 43        
K 0 0 60        
K 0 21 60        
A D 2 8        
J N 7 1930 14 4 4609 576 0        
K 0 0 43        
K 0 0 60        
K 0 21 60        
A D 2 8        
J B 22 2050 1 82 6913 576 0        
E *        
B 1 323 0        
B 1 548 0        
B 1 921 0        
B 1 1294 0        
B 1 1671 0        
B 1 2050 0        
