S 0 200 140 2050 1066 7 "[...][....]"                
L 0 0 0 330 330 * 0 14 0                
J C 4 5 42 2 6913 0 0                
K 0 0 33                
K 0 0 34                
J K 2 57 0 2 6913 0 0                
K 0 0 63                
K 15 21 63                
J D 0 -11 -14 1 6913 0 0                
W 0 0 37 \02\02                
J R 5 130 28 3 1 0 0                
K 0 14 49                
K 4 0 50                
A D 1 16                
J N 5 163 14 2 577 144 1 26                
K 0 0 43                
A D 1 16                
J N 5 193 0 2 1153 144 1 26                
K 0 0 43                
A D 1 16                
J N 5 223 14 2 1729 144 1 26                
K 0 0 43                
A D 1 16                
H 26 B -46 0 108 3 22 11 33                
J N 5 253 28 2 2305 144 1 27                
K 0 0 43                
A D 1 16                
J N 5 283 14 2 2881 144 1 27                
K 0 0 43                
A D 1 16                
J N 5 313 0 2 3457 144 1 27                
K 0 0 43                
A D 1 16                
J N 5 343 14 2 4033 144 1 27                
K 0 0 43                
A D 1 16                
H 27 B -46 -1 108 4 22 11 11 33                
J N 5 373 28 2 4609 144 1 28                
K 0 0 43                
A D 1 16                
J N 5 403 14 2 5185 144 1 28                
K 0 0 43                
A D 1 16                
J N 5 433 0 2 5761 144 1 28                
K 0 0 43                
A D 1 16                
J N 5 463 14 2 6337 144 1 28                
K 0 0 43                
A D 1 16                
H 28 B -46 -1 108 4 22 11 11 33                
J B 23 496 1 82 6913 144 0                
J N 5 523 42 3 1 0 1 29                
K -18 0 63                
K 0 0 43                
A D 1 16                
J N 5 553 28 2 577 144 1 29                
K 0 0 43                
A D 1 16                
J N 5 583 7 2 1153 144 1 29                
K 0 0 43                
A D 1 16                
J N 5 613 28 2 1729 144 1 29                
K 0 0 43                
A D 1 16                
H 29 B -45 -3 108 4 22 11 11 33                
J N 5 643 42 2 2305 144 1 30                
K 0 0 43                
A D 1 16                
J N 5 673 28 2 2881 144 1 30                
K 0 0 43                
A D 1 16                
J N 5 703 7 2 3457 144 1 30                
K 0 0 43                
A D 1 16                
J N 5 733 28 2 4033 144 1 30                
K 0 0 43                
A D 1 16                
H 30 B -45 -3 108 4 22 11 11 33                
J N 5 763 42 2 4609 144 1 31                
K 0 0 43                
A D 1 16                
J N 5 793 28 2 5185 144 1 31                
K 0 0 43                
A D 1 16                
J N 5 823 7 2 5761 144 1 31                
K 0 0 43                
A D 1 16                
J N 5 853 28 2 6337 144 1 31                
K 0 0 43                
A D 1 16                
H 31 B -45 -3 108 4 22 11 11 33                
J B 24 886 1 82 6913 144 0                
J N 7 907 35 4 1 0 0                
K 0 0 43                
K 0 0 59                
K 0 -21 59                
A D 4 16                
J N 7 1030 7 4 2305 576 0                
K 0 0 43                
K 0 0 59                
K 0 -14 59                
A D 4 16                
J N 7 1030 21 4 2305 0 0                
K 0 0 43                
K 0 0 60                
K 0 21 60                
A D 4 16                
J N 7 1150 84 8 4609 576 0                
K 1 -14 45                
K 1 0 45                
K 0 0 43                
K -1 0 45                
K 2 0 45                
K 0 0 59                
K 0 -28 59                
A D 4 16                
J B 25 1273 1 82 6913 576 0                
J R 7 1300 28 2 1 0 0                
K 0 0 48                
A D 4 16                
J N 7 1434 42 5 2305 576 0                
K -18 0 63                
K 0 0 43                
K 0 0 59                
K 0 -21 59                
A D 4 16                
J N 7 1554 70 7 4609 576 0                
K 1 0 45                
K 0 0 43                
K -1 0 45                
K 2 0 45                
K 0 0 59                
K 0 -21 59                
A D 4 16                
J B 26 1677 1 82 6913 576 0                
J N 5 1698 -14 5 1 0 1 32                
K 0 0 45                
K 0 0 43                
K -1 0 45                
K 2 0 45                
A D 1 16                
J N 5 1727 -21 5 577 144 1 32                
K 0 7 45                
K 0 0 43                
K 0 7 45                
K 1 7 45                
A D 1 16                
J N 5 1756 -14 5 1153 144 1 32                
K 0 0 45                
K 0 0 43                
K -1 0 45                
K 2 0 45                
A D 1 16                
J N 5 1785 -21 5 1729 144 1 32                
K 0 7 45                
K 0 0 43                
K 0 7 45                
K 1 7 45                
A D 1 16                
H 32 B -46 0 108 4 22 11 11 33                
J N 5 1814 -14 5 2305 144 1 33                
K 0 0 45                
K 0 0 43                
K -1 0 45                
K 2 0 45                
A D 1 16                
J N 5 1843 -21 5 2881 144 1 33                
K 0 7 45                
K 0 0 43                
K 0 7 45                
K 1 7 45                
A D 1 16                
J N 5 1872 -14 5 3457 144 1 33                
K 0 0 45                
K 0 0 43                
K -1 0 45                
K 2 0 45                
A D 1 16                
J N 5 1901 -21 5 4033 144 1 33                
K 0 7 45                
K 0 0 43                
K 0 7 45                
K 1 7 45                
A D 1 16                
H 33 B -46 0 108 4 22 11 11 33                
J N 5 1930 -14 5 4609 144 1 34                
K 0 0 45                
K 0 0 43                
K -1 0 45                
K 2 0 45                
A D 1 16                
J N 5 1959 -21 5 5185 144 1 34                
K 0 7 45                
K 0 0 43                
K 0 7 45                
K 1 7 45                
A D 1 16                
J N 5 1988 -14 5 5761 144 1 34                
K 0 0 45                
K 0 0 43                
K -1 0 45                
K 2 0 45                
A D 1 16                
J N 5 2017 -21 5 6337 144 1 34                
K 0 7 45                
K 0 0 43                
K 0 7 45                
K 1 7 45                
A D 1 16                
H 34 B -46 0 108 4 22 11 11 33                
J B 27 2050 1 82 6913 144 0                
E *                
L 160 0 0 330 330 * 0 14 0                
J C 4 5 42 2 6913 0 0                
K 0 0 33                
K 0 0 34                
J K 2 57 0 2 6913 0 0                
K 0 0 63                
K 15 21 63                
J D 0 -11 -14 1 6913 0 0                
W 0 0 0 \02\02                
J N 7 130 28 4 1 0 0                
K 0 0 43                
K 0 0 60                
K 0 21 60                
A D 4 16                
J N 7 253 0 4 2305 576 0                
K 0 0 43                
K 0 0 59                
K 0 -14 59                
A D 4 16                
J N 7 253 14 4 2305 0 0                
K 0 0 43                
K 0 0 60                
K 0 21 60                
A D 4 16                
J N 7 373 77 7 4609 576 0                
K 1 -7 45                
K 0 0 43                
K 0 -7 45                
K 1 -7 45                
K 0 0 59                
K 0 -21 59                
A D 4 16                
J B 23 496 1 82 6913 576 0                
J R 7 523 28 2 1 0 0                
K 0 0 48                
A D 4 16                
J N 7 643 28 4 2305 576 0                
K 0 0 43                
K 0 0 60                
K 0 21 60                
A D 4 16                
J N 7 763 56 4 4609 576 0                
K 0 0 43                
K 0 0 59                
K 0 -21 59                
A D 4 16                
J B 24 886 1 82 6913 576 0                
J R 5 907 28 3 1 0 0                
K 0 14 49                
K 4 0 50                
A D 1 16                
J N 5 940 21 2 577 144 1 35                
K 0 0 43                
A D 1 16                
J N 5 970 7 2 1153 144 1 35                
K 0 0 43                
A D 1 16                
J N 5 1000 21 2 1729 144 1 35                
K 0 0 43                
A D 1 16                
H 35 B -50 0 108 3 22 11 33                
J N 5 1030 35 2 2305 144 1 36                
K 0 0 43                
A D 1 16                
J N 5 1060 21 2 2881 144 1 36                
K 0 0 43                
A D 1 16                
J N 5 1090 7 2 3457 144 1 36                
K 0 0 43                
A D 1 16                
J N 5 1120 21 2 4033 144 1 36                
K 0 0 43                
A D 1 16                
H 36 B -53 -1 108 4 22 11 11 33                
J N 5 1150 35 2 4609 144 1 37                
K 0 0 43                
A D 1 16                
J N 5 1180 21 2 5185 144 1 37                
K 0 0 43                
A D 1 16                
J N 5 1210 7 2 5761 144 1 37                
K 0 0 43                
A D 1 16                
J N 5 1240 21 2 6337 144 1 37                
K 0 0 43                
A D 1 16                
H 37 B -53 -1 108 4 22 11 11 33                
J B 25 1273 1 82 6913 144 0                
J N 5 1300 56 3 1 0 1 38                
K -18 0 63                
K 0 0 43                
A D 1 16                
J N 5 1344 42 3 577 144 1 38                
K -18 0 63                
K 0 0 43                
A D 1 16                
J N 5 1374 21 2 1153 144 1 38                
K 0 0 43                
A D 1 16                
J N 5 1404 42 2 1729 144 1 38                
K 0 0 43                
A D 1 16                
H 38 B 85 -1 108 4 22 11 11 33                
J N 5 1434 56 2 2305 144 1 39                
K 0 0 43                
A D 1 16                
J N 5 1464 42 2 2881 144 1 39                
K 0 0 43                
A D 1 16                
J N 5 1494 21 2 3457 144 1 39                
K 0 0 43                
A D 1 16                
J N 5 1524 42 2 4033 144 1 39                
K 0 0 43                
A D 1 16                
H 39 B 86 -1 108 4 22 11 11 33                
J N 5 1554 56 2 4609 144 1 40                
K 0 0 43                
A D 1 16                
J N 5 1584 42 2 5185 144 1 40                
K 0 0 43                
A D 1 16                
J N 5 1614 21 2 5761 144 1 40                
K 0 0 43                
A D 1 16                
J N 5 1644 42 2 6337 144 1 40                
K 0 0 43                
A D 1 16                
H 40 B 86 -1 108 4 22 11 11 33                
J B 26 1677 1 82 6913 144 0                
J N 7 1698 49 4 1 0 0                
K 0 0 43                
K 0 0 59                
K 0 -21 59                
A D 4 16                
J N 7 1814 35 4 2305 576 0                
K 0 0 43                
K 0 0 59                
K 0 -21 59                
A D 4 16                
J N 7 1930 14 4 4609 576 0                
K 0 0 43                
K 0 0 60                
K 0 21 60                
A D 4 16                
J B 27 2050 1 82 6913 576 0                
E *                
L 320 0 0 330 330 * 0 14 0                
J C 22 5 14 36 6913 0 0                
J K 2 57 0 2 6913 0 0                
K 0 14 63                
K 15 35 63                
J D 0 -11 -14 1 6913 0 0                
W 0 0 0 \02\02                
J N 7 130 -7 4 1 0 0                
K 0 0 43                
K 0 0 60                
K 0 21 60                
A D 2 8                
J N 8 253 42 4 2305 576 0                
K 0 0 42                
K 0 0 59                
K 0 -21 59                
A D 4 8                
J B 23 496 1 82 6913 1152 0                
J F 0 523 98 1 1 0 0                
K 0 0 213                
J N 7 523 21 4 1 0 0                
K 0 0 43                
K 0 0 60                
K 0 21 60                
A D 2 8                
J F 0 643 98 1 2305 576 0                
K 0 0 205                
J N 7 643 7 5 2305 0 0                
K -18 0 63                
K 0 0 43                
K 0 0 60                
K 0 21 60                
A D 2 8                
J N 7 763 21 4 4609 576 0                
K 0 0 43                
K 0 0 60                
K 0 21 60                
A D 2 8                
J B 24 886 1 82 6913 576 0                
J N 7 907 0 4 1 0 0                
K 0 0 43                
K 0 0 60                
K 0 21 60                
A D 2 8                
J N 8 1030 49 4 2305 576 0                
K 0 0 42                
K 0 0 59                
K 0 -21 59                
A D 4 8                
J B 25 1273 1 82 6913 1152 0                
J F 0 1300 98 1 1 0 0                
K 0 0 213                
J N 7 1300 35 4 1 0 0                
K 0 0 43                
K 0 0 59                
K 0 -21 59                
A D 2 8                
J F 0 1434 98 1 2305 576 0                
K 0 0 205                
J N 7 1434 21 5 2305 0 0                
K -18 0 63                
K 0 0 43                
K 0 0 60                
K 0 21 60                
A D 2 8                
J N 7 1554 35 4 4609 576 0                
K 0 0 43                
K 0 0 59                
K 0 -21 59                
A D 2 8                
J C 12 1625 14 163 6913 576 0                
J B 26 1677 1 82 6913 0 0                
J N 7 1698 -7 4 1 0 0                
K 0 0 43                
K 0 0 60                
K 0 21 60                
A D 2 8                
J F 0 1814 98 1 2305 576 0                
K 0 0 205                
J N 7 1814 42 4 2305 0 0                
K 0 0 43                
K 0 0 59                
K 0 -21 59                
A D 2 8                
J R 7 1930 28 2 4609 576 0                
K 0 0 48                
A D 2 8                
J B 27 2050 1 82 6913 576 0                
E *                
L 530 0 0 330 330 * 0 14 0                
J C 4 5 42 2 6913 0 0                
K 0 0 33                
K 0 0 34                
J K 2 57 0 2 6913 0 0                
K 0 0 63                
K 15 21 63                
J D 0 -11 -14 1 6913 0 0                
W 0 0 0 \02\02                
J R 5 130 28 3 1 0 0                
K 0 14 49                
K 4 0 50                
A D 1 16                
J N 5 163 14 2 577 144 1 26                
K 0 0 43                
A D 1 16                
J N 5 193 0 2 1153 144 1 26                
K 0 0 43                
A D 1 16                
J N 5 223 14 2 1729 144 1 26                
K 0 0 43                
A D 1 16                
H 26 B -46 0 108 3 22 11 33                
J N 5 253 28 2 2305 144 1 27                
K 0 0 43                
A D 1 16                
J N 5 283 14 2 2881 144 1 27                
K 0 0 43                
A D 1 16                
J N 5 313 0 2 3457 144 1 27                
K 0 0 43                
A D 1 16                
J N 5 343 14 2 4033 144 1 27                
K 0 0 43                
A D 1 16                
H 27 B -46 -1 108 4 22 11 11 33                
J N 5 373 28 2 4609 144 1 28                
K 0 0 43                
A D 1 16                
J N 5 403 14 2 5185 144 1 28                
K 0 0 43                
A D 1 16                
J N 5 433 0 2 5761 144 1 28                
K 0 0 43                
A D 1 16                
J N 5 463 14 2 6337 144 1 28                
K 0 0 43                
A D 1 16                
H 28 B -46 -1 108 4 22 11 11 33                
J B 23 496 1 82 6913 144 0                
J N 5 523 42 3 1 0 1 29                
K -18 0 63                
K 0 0 43                
A D 1 16                
J N 5 553 28 2 577 144 1 29                
K 0 0 43                
A D 1 16                
J N 5 583 7 2 1153 144 1 29                
K 0 0 43                
A D 1 16                
J N 5 613 28 2 1729 144 1 29                
K 0 0 43                
A D 1 16                
H 29 B -45 -3 108 4 22 11 11 33                
J N 5 643 42 2 2305 144 1 30                
K 0 0 43                
A D 1 16                
J N 5 673 28 2 2881 144 1 30                
K 0 0 43                
A D 1 16                
J N 5 703 7 2 3457 144 1 30                
K 0 0 43                
A D 1 16                
J N 5 733 28 2 4033 144 1 30                
K 0 0 43                
A D 1 16                
H 30 B -45 -3 108 4 22 11 11 33                
J N 5 763 42 2 4609 144 1 31                
K 0 0 43                
A D 1 16                
J N 5 793 28 2 5185 144 1 31                
K 0 0 43                
A D 1 16                
J N 5 823 7 2 5761 144 1 31                
K 0 0 43                
A D 1 16                
J N 5 853 28 2 6337 144 1 31                
K 0 0 43                
A D 1 16                
H 31 B -45 -3 108 4 22 11 11 33                
J B 24 886 1 82 6913 144 0                
J N 7 907 35 4 1 0 0                
K 0 0 43                
K 0 0 59                
K 0 -21 59                
A D 4 16                
J N 7 1030 7 4 2305 576 0                
K 0 0 43                
K 0 0 59                
K 0 -14 59                
A D 4 16                
J N 7 1030 21 4 2305 0 0                
K 0 0 43                
K 0 0 60                
K 0 21 60                
A D 4 16                
J N 7 1150 84 8 4609 576 0                
K 1 -14 45                
K 1 0 45                
K 0 0 43                
K -1 0 45                
K 2 0 45                
K 0 0 59                
K 0 -28 59                
A D 4 16                
J B 25 1273 1 82 6913 576 0                
J R 7 1300 28 2 1 0 0                
K 0 0 48                
A D 4 16                
J N 7 1434 42 5 2305 576 0                
K -18 0 63                
K 0 0 43                
K 0 0 59                
K 0 -21 59                
A D 4 16                
J N 7 1554 70 7 4609 576 0                
K 1 0 45                
K 0 0 43                
K -1 0 45                
K 2 0 45                
K 0 0 59                
K 0 -21 59                
A D 4 16                
J B 26 1677 1 82 6913 576 0                
J N 5 1698 -14 5 1 0 1 32                
K 0 0 45                
K 0 0 43                
K -1 0 45                
K 2 0 45                
A D 1 16                
J N 5 1727 -21 5 577 144 1 32                
K 0 7 45                
K 0 0 43                
K 0 7 45                
K 1 7 45                
A D 1 16                
J N 5 1756 -14 5 1153 144 1 32                
K 0 0 45                
K 0 0 43                
K -1 0 45                
K 2 0 45                
A D 1 16                
J N 5 1785 -21 5 1729 144 1 32                
K 0 7 45                
K 0 0 43                
K 0 7 45                
K 1 7 45                
A D 1 16                
H 32 B -46 0 108 4 22 11 11 33                
J N 5 1814 -14 5 2305 144 1 33                
K 0 0 45                
K 0 0 43                
K -1 0 45                
K 2 0 45                
A D 1 16                
J N 5 1843 -21 5 2881 144 1 33                
K 0 7 45                
K 0 0 43                
K 0 7 45                
K 1 7 45                
A D 1 16                
J N 5 1872 -14 5 3457 144 1 33                
K 0 0 45                
K 0 0 43                
K -1 0 45                
K 2 0 45                
A D 1 16                
J N 5 1901 -21 5 4033 144 1 33                
K 0 7 45                
K 0 0 43                
K 0 7 45                
K 1 7 45                
A D 1 16                
H 33 B -46 0 108 4 22 11 11 33                
J N 5 1930 -14 5 4609 144 1 34                
K 0 0 45                
K 0 0 43                
K -1 0 45                
K 2 0 45                
A D 1 16                
J N 5 1959 -21 5 5185 144 1 34                
K 0 7 45                
K 0 0 43                
K 0 7 45                
K 1 7 45                
A D 1 16                
J N 5 1988 -14 5 5761 144 1 34                
K 0 0 45                
K 0 0 43                
K -1 0 45                
K 2 0 45                
A D 1 16                
J N 5 2017 -21 5 6337 144 1 34                
K 0 7 45                
K 0 0 43                
K 0 7 45                
K 1 7 45                
A D 1 16                
H 34 B -46 0 108 4 22 11 11 33                
J B 27 2050 1 82 6913 144 0                
E *                
L 690 0 0 330 330 * 0 14 0                
J C 4 5 42 2 6913 0 0                
K 0 0 33                
K 0 0 34                
J K 2 57 0 2 6913 0 0                
K 0 0 63                
K 15 21 63                
J D 0 -11 -14 1 6913 0 0                
W 0 0 0 \02\02                
J N 7 130 28 4 1 0 0                
K 0 0 43                
K 0 0 60                
K 0 21 60                
A D 4 16                
J N 7 253 0 4 2305 576 0                
K 0 0 43                
K 0 0 59                
K 0 -14 59                
A D 4 16                
J N 7 253 14 4 2305 0 0                
K 0 0 43                
K 0 0 60                
K 0 21 60                
A D 4 16                
J N 7 373 77 7 4609 576 0                
K 1 -7 45                
K 0 0 43                
K 0 -7 45                
K 1 -7 45                
K 0 0 59                
K 0 -21 59                
A D 4 16                
J B 23 496 1 82 6913 576 0                
J R 7 523 28 2 1 0 0                
K 0 0 48                
A D 4 16                
J N 7 643 28 4 2305 576 0                
K 0 0 43                
K 0 0 60                
K 0 21 60                
A D 4 16                
J N 7 763 56 4 4609 576 0                
K 0 0 43                
K 0 0 59                
K 0 -21 59                
A D 4 16                
J B 24 886 1 82 6913 576 0                
J R 5 907 28 3 1 0 0                
K 0 14 49                
K 4 0 50                
A D 1 16                
J N 5 940 21 2 577 144 1 35                
K 0 0 43                
A D 1 16                
J N 5 970 7 2 1153 144 1 35                
K 0 0 43                
A D 1 16                
J N 5 1000 21 2 1729 144 1 35                
K 0 0 43                
A D 1 16                
H 35 B -50 0 108 3 22 11 33                
J N 5 1030 35 2 2305 144 1 36                
K 0 0 43                
A D 1 16                
J N 5 1060 21 2 2881 144 1 36                
K 0 0 43                
A D 1 16                
J N 5 1090 7 2 3457 144 1 36                
K 0 0 43                
A D 1 16                
J N 5 1120 21 2 4033 144 1 36                
K 0 0 43                
A D 1 16                
H 36 B -53 -1 108 4 22 11 11 33                
J N 5 1150 35 2 4609 144 1 37                
K 0 0 43                
A D 1 16                
J N 5 1180 21 2 5185 144 1 37                
K 0 0 43                
A D 1 16                
J N 5 1210 7 2 5761 144 1 37                
K 0 0 43                
A D 1 16                
J N 5 1240 21 2 6337 144 1 37                
K 0 0 43                
A D 1 16                
H 37 B -53 -1 108 4 22 11 11 33                
J B 25 1273 1 82 6913 144 0                
J N 5 1300 56 3 1 0 1 38                
K -18 0 63                
K 0 0 43                
A D 1 16                
J N 5 1344 42 3 577 144 1 38                
K -18 0 63                
K 0 0 43                
A D 1 16                
J N 5 1374 21 2 1153 144 1 38                
K 0 0 43                
A D 1 16                
J N 5 1404 42 2 1729 144 1 38                
K 0 0 43                
A D 1 16                
H 38 B 85 -1 108 4 22 11 11 33                
J N 5 1434 56 2 2305 144 1 39                
K 0 0 43                
A D 1 16                
J N 5 1464 42 2 2881 144 1 39                
K 0 0 43                
A D 1 16                
J N 5 1494 21 2 3457 144 1 39                
K 0 0 43                
A D 1 16                
J N 5 1524 42 2 4033 144 1 39                
K 0 0 43                
A D 1 16                
H 39 B 86 -1 108 4 22 11 11 33                
J N 5 1554 56 2 4609 144 1 40                
K 0 0 43                
A D 1 16                
J N 5 1584 42 2 5185 144 1 40                
K 0 0 43                
A D 1 16                
J N 5 1614 21 2 5761 144 1 40                
K 0 0 43                
A D 1 16                
J N 5 1644 42 2 6337 144 1 40                
K 0 0 43                
A D 1 16                
H 40 B 86 -1 108 4 22 11 11 33                
J B 26 1677 1 82 6913 144 0                
J N 7 1698 49 4 1 0 0                
K 0 0 43                
K 0 0 59                
K 0 -21 59                
A D 4 16                
J N 7 1814 35 4 2305 576 0                
K 0 0 43                
K 0 0 59                
K 0 -21 59                
A D 4 16                
J N 7 1930 14 4 4609 576 0                
K 0 0 43                
K 0 0 60                
K 0 21 60                
A D 4 16                
J B 27 2050 1 82 6913 576 0                
E *                
L 850 0 0 330 330 * 0 14 0                
J C 13 5 28 35 6913 0 0                
J K 2 57 0 2 6913 0 0                
K 0 7 63                
K 15 28 63                
J D 0 -11 -14 1 6913 0 0                
W 0 0 0 \02\02                
J N 8 130 21 4 1 0 0                
K 0 0 42                
K 0 0 60                
K 0 21 60                
A D 4 8                
J R 7 373 28 2 4609 1152 0                
K 0 0 48                
A D 2 8                
J B 23 496 1 82 6913 576 0                
J N 7 523 35 4 1 0 0                
K 0 0 43                
K 0 0 59                
K 0 -21 59                
A D 2 8                
J N 7 643 14 4 2305 576 0                
K 0 0 43                
K 0 0 60                
K 0 21 60                
A D 2 8                
J N 7 763 35 4 4609 576 0                
K 0 0 43                
K 0 0 59                
K 0 -21 59                
A D 2 8                
J B 24 886 1 82 6913 576 0                
J N 8 907 28 4 1 0 0                
K 0 0 42                
K 0 0 60                
K 0 21 60                
A D 4 8                
J R 7 1150 28 2 4609 1152 0                
K 0 0 48                
A D 2 8                
J B 25 1273 1 82 6913 576 0                
J N 7 1300 0 5 1 0 0                
K -18 0 63                
K 0 0 43                
K 0 0 60                
K 0 21 60                
A D 2 8                
J N 7 1434 -21 7 2305 576 0                
K 0 7 45                
K 0 0 43                
K 0 7 45                
K 1 7 45                
K 0 0 60                
K 0 21 60                
A D 2 8                
J N 7 1554 0 4 4609 576 0                
K 0 0 43                
K 0 0 60                
K 0 21 60                
A D 2 8                
J B 26 1677 1 82 6913 576 0                
J N 7 1698 -7 4 1 0 0                
K 0 0 43                
K 0 0 60                
K 0 21 60                
A D 2 8                
J N 7 1814 -28 8 2305 576 0                
K 0 14 45                
K 0 0 45                
K 0 0 43                
K -1 0 45                
K 2 0 45                
K 0 0 60                
K 0 28 60                
A D 2 8                
J N 7 1930 21 4 4609 576 0                
K 0 0 43                
K 0 0 60                
K 0 21 60                
A D 2 8                
J B 27 2050 1 82 6913 576 0                
E *                
L 1010 0 0 330 330 * 0 14 0                
J C 22 5 14 36 6913 0 0                
J K 2 57 0 2 6913 0 0                
K 0 14 63                
K 15 35 63                
J D 0 -11 -14 1 6913 0 0                
W 0 0 0 \02\02                
J N 7 130 -7 4 1 0 0                
K 0 0 43                
K 0 0 60                
K 0 21 60                
A D 2 8                
J N 8 253 42 4 2305 576 0                
K 0 0 42                
K 0 0 59                
K 0 -21 59                
A D 4 8                
J B 23 496 1 82 6913 1152 0                
J F 0 523 98 1 1 0 0                
K 0 0 213                
J N 7 523 21 4 1 0 0                
K 0 0 43                
K 0 0 60                
K 0 21 60                
A D 2 8                
J F 0 643 98 1 2305 576 0                
K 0 0 205                
J N 7 643 7 5 2305 0 0                
K -18 0 63                
K 0 0 43                
K 0 0 60                
K 0 21 60                
A D 2 8                
J N 7 763 21 4 4609 576 0                
K 0 0 43                
K 0 0 60                
K 0 21 60                
A D 2 8                
J B 24 886 1 82 6913 576 0                
J N 7 907 0 4 1 0 0                
K 0 0 43                
K 0 0 60                
K 0 21 60                
A D 2 8                
J N 8 1030 49 4 2305 576 0                
K 0 0 42                
K 0 0 59                
K 0 -21 59                
A D 4 8                
J B 25 1273 1 82 6913 1152 0                
J F 0 1300 98 1 1 0 0                
K 0 0 213                
J N 7 1300 35 4 1 0 0                
K 0 0 43                
K 0 0 59                
K 0 -21 59                
A D 2 8                
J F 0 1434 98 1 2305 576 0                
K 0 0 205                
J N 7 1434 21 5 2305 0 0                
K -18 0 63                
K 0 0 43                
K 0 0 60                
K 0 21 60                
A D 2 8                
J N 7 1554 35 4 4609 576 0                
K 0 0 43                
K 0 0 59                
K 0 -21 59                
A D 2 8                
J C 12 1625 14 163 6913 576 0                
J B 26 1677 1 82 6913 0 0                
J N 7 1698 -7 4 1 0 0                
K 0 0 43                
K 0 0 60                
K 0 21 60                
A D 2 8                
J F 0 1814 98 1 2305 576 0                
K 0 0 205                
J N 7 1814 42 4 2305 0 0                
K 0 0 43                
K 0 0 59                
K 0 -21 59                
A D 2 8                
J R 7 1930 28 2 4609 576 0                
K 0 0 48                
A D 2 8                
J B 27 2050 1 82 6913 576 0                
E *                
B 1 496 0                
B 1 886 0                
B 1 1273 0                
B 1 1677 0                
B 1 2050 0                
S 0 200 1510 2050 1066 7 "[...][....]"                
L 0 0 0 330 330 * 0 14 0                
J C 4 5 42 2 6913 0 0                
K 0 0 33                
K 0 0 34                
J K 2 57 0 2 6913 0 0                
K 0 0 63                
K 15 21 63                
J D 0 -11 -14 1 6913 0 0                
W 0 0 37 \02\07                
J N 5 136 -7 3 1 0 1 35                
K -18 0 63                
K 0 0 43                
A D 1 16                
J N 5 164 -14 5 577 144 1 35                
K 0 0 45                
K 0 0 43                
K -1 0 45                
K 2 0 45                
A D 1 16                
J N 5 192 -7 2 1153 144 1 35                
K 0 0 43                
A D 1 16                
J N 5 220 -14 5 1729 144 1 35                
K 0 0 45                
K 0 0 43                
K -1 0 45                
K 2 0 45                
A D 1 16                
H 35 B -50 0 108 4 22 11 11 33                
J N 5 248 -7 2 2305 144 1 36                
K 0 0 43                
A D 1 16                
J N 5 276 -14 5 2881 144 1 36                
K 0 0 45                
K 0 0 43                
K -1 0 45                
K 2 0 45                
A D 1 16                
J N 5 304 -7 2 3457 144 1 36                
K 0 0 43                
A D 1 16                
J N 5 332 -14 5 4033 144 1 36                
K 0 0 45                
K 0 0 43                
K -1 0 45                
K 2 0 45                
A D 1 16                
H 36 B -50 0 108 4 22 11 11 33                
J N 5 360 -7 2 4609 144 1 37                
K 0 0 43                
A D 1 16                
J N 5 388 -14 5 5185 144 1 37                
K 0 0 45                
K 0 0 43                
K -1 0 45                
K 2 0 45                
A D 1 16                
J N 5 416 -7 2 5761 144 1 37                
K 0 0 43                
A D 1 16                
J N 5 444 -14 5 6337 144 1 37                
K 0 0 45                
K 0 0 43                
K -1 0 45                
K 2 0 45                
A D 1 16                
H 37 B -50 0 108 4 22 11 11 33                
J B 28 477 1 82 6913 144 0                
J N 5 498 0 2 1 0 1 38                
K 0 0 43                
A D 1 16                
J N 5 542 -7 3 577 144 1 38                
K -18 0 63                
K 0 0 43                
A D 1 16                
J N 5 570 0 2 1153 144 1 38                
K 0 0 43                
A D 1 16                
J N 5 598 -7 2 1729 144 1 38                
K 0 0 43                
A D 1 16                
H 38 B -46 0 108 4 22 11 11 33                
J N 5 626 0 2 2305 144 1 39                
K 0 0 43                
A D 1 16                
J N 5 654 -7 2 2881 144 1 39                
K 0 0 43                
A D 1 16                
J N 5 682 0 2 3457 144 1 39                
K 0 0 43                
A D 1 16                
J N 5 710 -7 2 4033 144 1 39                
K 0 0 43                
A D 1 16                
H 39 B -46 0 108 4 22 11 11 33                
J N 5 738 0 2 4609 144 1 40                
K 0 0 43                
A D 1 16                
J N 5 766 -14 5 5185 144 1 40                
K 0 0 45                
K 0 0 43                
K -1 0 45                
K 2 0 45                
A D 1 16                
J N 5 794 -7 2 5761 144 1 40                
K 0 0 43                
A D 1 16                
J N 5 822 0 2 6337 144 1 40                
K 0 0 43                
A D 1 16                
H 40 B -46 0 108 4 22 11 11 33                
J B 29 855 1 82 6913 144 0                
J N 7 882 7 6 1 0 0                
K -18 0 63                
K 0 0 43                
K 25 0 44                
K 0 0 60                
K 0 21 60                
A D 6 16                
J N 6 950 21 2 3457 864 1 41                
K 0 0 43                
A D 2 16                
J N 6 988 0 2 4609 288 2 42 41                
K 0 0 43                
A D 2 16                
J N 6 1026 21 2 5761 288 2 41 42                
K 0 0 43                
A D 2 16                
H 41 B -42 0 108 3 2 1 3                
H 42 S 0 3 0 0 0 0 0 0 0        
J B 30 1069 1 82 6913 288 0                
J N 6 1096 28 2 1 0 2 43 44                
K 0 0 43                
A D 2 16                
J N 6 1134 35 2 1153 288 2 44 43                
K 0 0 43                
A D 2 16                
H 44 B 47 3 108 2 2 3                
H 43 S 12 0 0 0 0 0 0 0 0                
J N 8 1178 42 5 2305 288 0                
K -18 0 63                
K 0 0 42                
K 0 0 59                
K 0 -21 59                
A D 8 16                
J B 31 1292 1 82 6913 1152 0                
J N 5 1313 49 2 1 0 1 45                
K 0 0 43                
A D 1 16                
J N 5 1341 -14 5 577 144 1 45                
K 0 0 45                
K 0 0 43                
K -1 0 45                
K 2 0 45                
A D 1 16                
J N 5 1385 -7 3 1153 144 1 45                
K -18 0 63                
K 0 0 43                
A D 1 16                
J N 5 1413 -14 5 1729 144 1 45                
K 0 0 45                
K 0 0 43                
K -1 0 45                
K 2 0 45                
A D 1 16                
H 45 B -45 -7 108 4 22 11 11 33                
J N 5 1441 0 2 2305 144 1 46                
K 0 0 43                
A D 1 16                
J N 5 1469 -14 5 2881 144 1 46                
K 0 0 45                
K 0 0 43                
K -1 0 45                
K 2 0 45                
A D 1 16                
J N 5 1497 -7 2 3457 144 1 46                
K 0 0 43                
A D 1 16                
J N 5 1525 -14 5 4033 144 1 46                
K 0 0 45                
K 0 0 43                
K -1 0 45                
K 2 0 45                
A D 1 16                
H 46 B -47 -2 108 4 22 11 11 33                
J N 5 1553 0 2 4609 144 1 47                
K 0 0 43                
A D 1 16                
J N 5 1581 -14 5 5185 144 1 47                
K 0 0 45                
K 0 0 43                
K -1 0 45                
K 2 0 45                
A D 1 16                
J N 5 1609 -7 2 5761 144 1 47                
K 0 0 43                
A D 1 16                
J N 5 1638 -14 5 6337 144 1 47                
K 0 0 45                
K 0 0 43                
K -1 0 45                
K 2 0 45                
A D 1 16                
H 47 B -47 -2 108 4 22 11 11 33                
J B 32 1671 1 82 6913 144 0                
J N 7 1698 14 5 1 0 0                
K -18 0 63                
K 0 0 43                
K 0 0 60                
K 0 21 60                
A D 4 16                
J N 7 1814 77 7 2305 576 0                
K 1 -7 45                
K 0 0 43                
K 0 -7 45                
K 1 -7 45                
K 0 0 59                
K 0 -21 59                
A D 4 16                
J R 7 1930 28 2 4609 576 0                
K 0 0 48                
A D 4 16                
J B 33 2050 1 82 6913 576 0                
E *                
L 160 0 0 330 330 * 0 14 0                
J C 4 5 42 2 6913 0 0                
K 0 0 33                
K 0 0 34                
J K 2 57 0 2 6913 0 0                
K 0 0 63                
K 15 21 63                
J D 0 -11 -14 1 6913 0 0                
W 0 0 0 \02\07                
J R 7 136 28 2 1 0 0                
K 0 0 48                
A D 4 16                
J N 7 248 42 5 2305 576 0                
K -18 0 63                
K 0 0 43                
K 0 0 59                
K 0 -21 59                
A D 4 16                
J N 7 360 21 4 4609 576 0                
K 0 0 43                
K 0 0 60                
K 0 21 60                
A D 4 16                
J B 28 477 1 82 6913 576 0                
J R 7 498 28 2 1 0 0                
K 0 0 48                
A D 4 16                
J N 7 626 49 4 2305 576 0                
K 0 0 43                
K 0 0 59                
K 0 -21 59                
A D 4 16                
J N 7 738 28 4 4609 576 0                
K 0 0 43                
K 0 0 60                
K 0 21 60                
A D 4 16                
J B 29 855 1 82 6913 576 0                
J N 7 882 28 5 1 0 0                
K 0 0 43                
K 24 -6 44                
K 0 0 60                
K 0 21 60                
A D 6 16                
J N 6 950 21 3 3457 864 0                
K 0 0 43                
K 0 0 54                
A D 2 16                
J N 7 988 35 4 4609 288 0                
K 0 0 43                
K 0 0 59                
K 0 -21 59                
A D 4 16                
J B 30 1069 1 82 6913 576 0                
J N 6 1096 42 3 1 0 2 41 42                
K -18 0 63                
K 0 0 43                
A D 2 16                
J N 6 1134 49 2 1153 288 2 42 41                
K 0 0 43                
A D 2 16                
H 42 B 46 3 108 2 2 3                
H 41 S 12 0 0 0 0 0 0 0 0                
J N 7 1178 49 5 2305 288 0                
K 0 0 43                
K 25 0 44                
K 0 0 59                
K 0 -21 59                
A D 6 16                
J N 6 1246 56 4 5761 864 0                
K -18 0 63                
K 0 0 43                
K 0 0 53                
A D 2 16                
J B 31 1292 1 82 6913 288 0                
J N 8 1313 49 4 1 0 0                
K 0 0 42                
K 0 0 59                
K 0 -21 59                
A D 8 16                
J R 7 1553 28 2 4609 1152 0                
K 0 0 48                
A D 4 16                
J B 32 1671 1 82 6913 576 0                
J N 5 1698 0 2 1 0 1 43                
K 0 0 43                
A D 1 16                
J N 5 1727 -21 5 577 144 1 43                
K 0 7 45                
K 0 0 43                
K 0 7 45                
K 1 7 45                
A D 1 16                
J N 5 1756 -14 5 1153 144 1 43                
K 0 0 45                
K 0 0 43                
K -1 0 45                
K 2 0 45                
A D 1 16                
J N 5 1785 -21 5 1729 144 1 43                
K 0 7 45                
K 0 0 43                
K 0 7 45                
K 1 7 45                
A D 1 16                
H 43 B -43 -4 108 4 22 11 11 33                
J N 5 1814 0 2 2305 144 1 44                
K 0 0 43                
A D 1 16                
J N 5 1843 -21 5 2881 144 1 44                
K 0 7 45                
K 0 0 43                
K 0 7 45                
K 1 7 45                
A D 1 16                
J N 5 1872 -14 5 3457 144 1 44                
K 0 0 45                
K 0 0 43                
K -1 0 45                
K 2 0 45                
A D 1 16                
J N 5 1901 -21 5 4033 144 1 44                
K 0 7 45                
K 0 0 43                
K 0 7 45                
K 1 7 45                
A D 1 16                
H 44 B -43 -4 108 4 22 11 11 33                
J N 5 1930 0 2 4609 144 1 45                
K 0 0 43                
A D 1 16                
J N 5 1959 -21 5 5185 144 1 45                
K 0 7 45                
K 0 0 43                
K 0 7 45                
K 1 7 45                
A D 1 16                
J N 5 1988 -14 5 5761 144 1 45                
K 0 0 45                
K 0 0 43                
K -1 0 45                
K 2 0 45                
A D 1 16                
J N 5 2017 -21 5 6337 144 1 45                
K 0 7 45                
K 0 0 43                
K 0 7 45                
K 1 7 45                
A D 1 16                
H 45 B -43 -4 108 4 22 11 11 33                
J B 33 2050 1 82 6913 144 0                
E *                
L 320 0 0 330 330 * 0 14 0                
J C 12 5 14 35 6913 0 0                
J K 2 57 0 2 6913 0 0                
K 0 42 63                
K 15 14 63                
J D 0 -11 -14 1 6913 0 0                
W 0 0 0 \02\07                
J F 0 136 98 2 1 0 0                
K 0 0 206                
K 0 21 213                
J N 7 136 0 4 1 0 0                
K 0 0 43                
K 0 0 60                
K 0 21 60                
A D 2 8                
J F 0 248 98 1 2305 576 0                
K 0 0 205                
J N 7 248 49 4 2305 0 0                
K 0 0 43                
K 0 0 59                
K 0 -21 59                
A D 2 8                
J R 7 360 28 2 4609 576 0                
K 0 0 48                
A D 2 8                
J B 28 477 1 82 6913 576 0                
J F 0 498 98 1 1 0 0                
K 0 0 206                
J N 7 498 7 4 1 0 0                
K 0 0 43                
K 0 0 60                
K 0 21 60                
A D 2 8                
J F 0 626 98 1 2305 576 0                
K 0 0 205                
J N 7 626 56 4 2305 0 0                
K 0 0 43                
K 0 0 59                
K 0 -21 59                
A D 2 8                
J R 7 738 28 2 4609 576 0                
K 0 0 48                
A D 2 8                
J B 29 855 1 82 6913 576 0                
J F 0 882 98 2 1 0 0                
K 0 0 206                
K 0 21 213                
J N 7 882 14 5 1 0 0                
K 0 0 43                
K 24 -6 44                
K 0 0 60                
K 0 21 60                
A D 3 8                
J F 0 950 98 2 3457 864 0                
K 0 0 205                
K 0 21 204                
J N 6 950 49 4 3457 0 0                
K -18 0 63                
K 0 0 43                
K 0 0 53                
A D 1 8                
J N 7 988 42 4 4609 288 0                
K 0 0 43                
K 0 0 59                
K 0 -21 59                
A D 2 8                
J C 22 1017 14 164 6913 576 0                
J B 30 1069 1 82 6913 0 0                
J F 0 1096 98 2 1 0 0                
K 0 0 216                
K 0 21 204                
J N 7 1096 42 4 1 0 0                
K 0 0 43                
K 0 0 59                
K 0 -21 59                
A D 2 8                
J F 0 1178 98 1 2305 576 0                
K 0 21 203                
J N 7 1178 35 4 2305 0 0                
K 0 0 43                
K 0 0 59                
K 0 -21 59                
A D 2 8                
J F 0 1207 98 1 4609 576 0                
K 0 21 213                
J N 7 1207 84 8 4609 0 0                
K 1 -14 45                
K 1 0 45                
K 0 0 43                
K -1 0 45                
K 2 0 45                
K 0 0 59                
K 0 -28 59                
A D 2 8                
J B 31 1292 1 82 6913 576 0                
J F 0 1313 98 1 1 0 0                
K 0 0 218                
J N 7 1313 14 4 1 0 0                
K 0 0 43                
K 0 0 60                
K 0 21 60                
A D 2 8                
J N 7 1441 63 4 2305 576 0                
K 0 0 43                
K 0 0 59                
K 0 -21 59                
A D 2 8                
J R 7 1553 28 2 4609 576 0                
K 0 0 48                
A D 2 8                
J B 32 1671 1 82 6913 576 0                
J F 0 1698 98 1 1 0 0                
K 0 0 213                
J N 7 1698 -7 4 1 0 0                
K 0 0 43                
K 0 0 60                
K 0 21 60                
A D 2 8                
J F 0 1814 98 1 2305 576 0                
K 0 0 205                
J N 7 1814 28 5 2305 0 0                
K -18 0 63                
K 0 0 43                
K 0 0 60                
K 0 21 60                
A D 2 8                
J N 7 1930 42 4 4609 576 0                
K 0 0 43                
K 0 0 59                
K 0 -21 59                
A D 2 8                
J B 33 2050 1 82 6913 576 0                
E *                
L 530 0 0 330 330 * 0 14 0                
J C 4 5 42 2 6913 0 0                
K 0 0 33                
K 0 0 34                
J K 2 57 0 2 6913 0 0                
K 0 0 63                
K 15 21 63                
J D 0 -11 -14 1 6913 0 0                
W 0 0 0 \02\07                
J N 5 136 -7 3 1 0 1 35                
K -18 0 63                
K 0 0 43                
A D 1 16                
J N 5 164 -14 5 577 144 1 35                
K 0 0 45                
K 0 0 43                
K -1 0 45                
K 2 0 45                
A D 1 16                
J N 5 192 -7 2 1153 144 1 35                
K 0 0 43                
A D 1 16                
J N 5 220 -14 5 1729 144 1 35                
K 0 0 45                
K 0 0 43                
K -1 0 45                
K 2 0 45                
A D 1 16                
H 35 B -50 0 108 4 22 11 11 33                
J N 5 248 -7 2 2305 144 1 36                
K 0 0 43                
A D 1 16                
J N 5 276 -14 5 2881 144 1 36                
K 0 0 45                
K 0 0 43                
K -1 0 45                
K 2 0 45                
A D 1 16                
J N 5 304 -7 2 3457 144 1 36                
K 0 0 43                
A D 1 16                
J N 5 332 -14 5 4033 144 1 36                
K 0 0 45                
K 0 0 43                
K -1 0 45                
K 2 0 45                
A D 1 16                
H 36 B -50 0 108 4 22 11 11 33                
J N 5 360 -7 2 4609 144 1 37                
K 0 0 43                
A D 1 16                
J N 5 388 -14 5 5185 144 1 37                
K 0 0 45                
K 0 0 43                
K -1 0 45                
K 2 0 45                
A D 1 16                
J N 5 416 -7 2 5761 144 1 37                
K 0 0 43                
A D 1 16                
J N 5 444 -14 5 6337 144 1 37                
K 0 0 45                
K 0 0 43                
K -1 0 45                
K 2 0 45                
A D 1 16                
H 37 B -50 0 108 4 22 11 11 33                
J B 28 477 1 82 6913 144 0                
J N 5 498 0 2 1 0 1 38                
K 0 0 43                
A D 1 16                
J N 5 542 -7 3 577 144 1 38                
K -18 0 63                
K 0 0 43                
A D 1 16                
J N 5 570 0 2 1153 144 1 38                
K 0 0 43                
A D 1 16                
J N 5 598 -7 2 1729 144 1 38                
K 0 0 43                
A D 1 16                
H 38 B -46 0 108 4 22 11 11 33                
J N 5 626 0 2 2305 144 1 39                
K 0 0 43                
A D 1 16                
J N 5 654 -7 2 2881 144 1 39                
K 0 0 43                
A D 1 16                
J N 5 682 0 2 3457 144 1 39                
K 0 0 43                
A D 1 16                
J N 5 710 -7 2 4033 144 1 39                
K 0 0 43                
A D 1 16                
H 39 B -46 0 108 4 22 11 11 33                
J N 5 738 0 2 4609 144 1 40                
K 0 0 43                
A D 1 16                
J N 5 766 -14 5 5185 144 1 40                
K 0 0 45                
K 0 0 43                
K -1 0 45                
K 2 0 45                
A D 1 16                
J N 5 794 -7 2 5761 144 1 40                
K 0 0 43                
A D 1 16                
J N 5 822 0 2 6337 144 1 40                
K 0 0 43                
A D 1 16                
H 40 B -46 0 108 4 22 11 11 33                
J B 29 855 1 82 6913 144 0                
J N 7 882 7 6 1 0 0                
K -18 0 63                
K 0 0 43                
K 25 0 44                
K 0 0 60                
K 0 21 60                
A D 6 16                
J N 6 950 21 2 3457 864 1 41                
K 0 0 43                
A D 2 16                
J N 6 988 0 2 4609 288 2 42 41                
K 0 0 43                
A D 2 16                
J N 6 1026 21 2 5761 288 2 41 42                
K 0 0 43                
A D 2 16                
H 41 B -42 0 108 3 2 1 3                
H 42 S 0 3 0 0 0 0 0 0 0    
J B 30 1069 1 82 6913 288 0                
J N 6 1096 28 2 1 0 2 43 44                
K 0 0 43                
A D 2 16                
J N 6 1134 35 2 1153 288 2 44 43                
K 0 0 43                
A D 2 16                
H 44 B 47 3 108 2 2 3                
H 43 S 12 0 0 0 0 0 0 0 0                
J N 8 1178 42 5 2305 288 0                
K -18 0 63                
K 0 0 42                
K 0 0 59                
K 0 -21 59                
A D 8 16                
J B 31 1292 1 82 6913 1152 0                
J N 5 1313 49 2 1 0 1 45                
K 0 0 43                
A D 1 16                
J N 5 1341 -14 5 577 144 1 45                
K 0 0 45                
K 0 0 43                
K -1 0 45                
K 2 0 45                
A D 1 16                
J N 5 1385 -7 3 1153 144 1 45                
K -18 0 63                
K 0 0 43                
A D 1 16                
J N 5 1413 -14 5 1729 144 1 45                
K 0 0 45                
K 0 0 43                
K -1 0 45                
K 2 0 45                
A D 1 16                
H 45 B -45 -7 108 4 22 11 11 33                
J N 5 1441 0 2 2305 144 1 46                
K 0 0 43                
A D 1 16                
J N 5 1469 -14 5 2881 144 1 46                
K 0 0 45                
K 0 0 43                
K -1 0 45                
K 2 0 45                
A D 1 16                
J N 5 1497 -7 2 3457 144 1 46                
K 0 0 43                
A D 1 16                
J N 5 1525 -14 5 4033 144 1 46                
K 0 0 45                
K 0 0 43                
K -1 0 45                
K 2 0 45                
A D 1 16                
H 46 B -47 -2 108 4 22 11 11 33                
J N 5 1553 0 2 4609 144 1 47                
K 0 0 43                
A D 1 16                
J N 5 1581 -14 5 5185 144 1 47                
K 0 0 45                
K 0 0 43                
K -1 0 45                
K 2 0 45                
A D 1 16                
J N 5 1609 -7 2 5761 144 1 47                
K 0 0 43                
A D 1 16                
J N 5 1638 -14 5 6337 144 1 47                
K 0 0 45                
K 0 0 43                
K -1 0 45                
K 2 0 45                
A D 1 16                
H 47 B -47 -2 108 4 22 11 11 33                
J B 32 1671 1 82 6913 144 0                
J N 7 1698 14 5 1 0 0                
K -18 0 63                
K 0 0 43                
K 0 0 60                
K 0 21 60                
A D 4 16                
J N 7 1814 77 7 2305 576 0                
K 1 -7 45                
K 0 0 43                
K 0 -7 45                
K 1 -7 45                
K 0 0 59                
K 0 -21 59                
A D 4 16                
J R 7 1930 28 2 4609 576 0                
K 0 0 48                
A D 4 16                
J B 33 2050 1 82 6913 576 0                
E *                
L 690 0 0 330 330 * 0 14 0                
J C 4 5 42 2 6913 0 0                
K 0 0 33                
K 0 0 34                
J K 2 57 0 2 6913 0 0                
K 0 0 63                
K 15 21 63                
J D 0 -11 -14 1 6913 0 0                
W 0 0 0 \02\07                
J R 7 136 28 2 1 0 0                
K 0 0 48                
A D 4 16                
J N 7 248 42 5 2305 576 0                
K -18 0 63                
K 0 0 43                
K 0 0 59                
K 0 -21 59                
A D 4 16                
J N 7 360 21 4 4609 576 0                
K 0 0 43                
K 0 0 60                
K 0 21 60                
A D 4 16                
J B 28 477 1 82 6913 576 0                
J R 7 498 28 2 1 0 0                
K 0 0 48                
A D 4 16                
J N 7 626 49 4 2305 576 0                
K 0 0 43                
K 0 0 59                
K 0 -21 59                
A D 4 16                
J N 7 738 28 4 4609 576 0                
K 0 0 43                
K 0 0 60                
K 0 21 60                
A D 4 16                
J B 29 855 1 82 6913 576 0                
J N 7 882 28 5 1 0 0                
K 0 0 43                
K 24 -6 44                
K 0 0 60                
K 0 21 60                
A D 6 16                
J N 6 950 21 3 3457 864 0                
K 0 0 43                
K 0 0 54                
A D 2 16                
J N 7 988 35 4 4609 288 0                
K 0 0 43                
K 0 0 59                
K 0 -21 59                
A D 4 16                
J B 30 1069 1 82 6913 576 0                
J N 6 1096 42 3 1 0 2 41 42                
K -18 0 63                
K 0 0 43                
A D 2 16                
J N 6 1134 49 2 1153 288 2 42 41                
K 0 0 43                
A D 2 16                
H 42 B 46 3 108 2 2 3                
H 41 S 12 0 0 0 0 0 0 0 0                
J N 7 1178 49 5 2305 288 0                
K 0 0 43                
K 25 0 44                
K 0 0 59                
K 0 -21 59                
A D 6 16                
J N 6 1246 56 4 5761 864 0                
K -18 0 63                
K 0 0 43                
K 0 0 53                
A D 2 16                
J B 31 1292 1 82 6913 288 0                
J N 8 1313 49 4 1 0 0                
K 0 0 42                
K 0 0 59                
K 0 -21 59                
A D 8 16                
J R 7 1553 28 2 4609 1152 0                
K 0 0 48                
A D 4 16                
J B 32 1671 1 82 6913 576 0                
J N 5 1698 0 2 1 0 1 43                
K 0 0 43                
A D 1 16                
J N 5 1727 -21 5 577 144 1 43                
K 0 7 45                
K 0 0 43                
K 0 7 45                
K 1 7 45                
A D 1 16                
J N 5 1756 -14 5 1153 144 1 43                
K 0 0 45                
K 0 0 43                
K -1 0 45                
K 2 0 45                
A D 1 16                
J N 5 1785 -21 5 1729 144 1 43                
K 0 7 45                
K 0 0 43                
K 0 7 45                
K 1 7 45                
A D 1 16                
H 43 B -43 -4 108 4 22 11 11 33                
J N 5 1814 0 2 2305 144 1 44                
K 0 0 43                
A D 1 16                
J N 5 1843 -21 5 2881 144 1 44                
K 0 7 45                
K 0 0 43                
K 0 7 45                
K 1 7 45                
A D 1 16                
J N 5 1872 -14 5 3457 144 1 44                
K 0 0 45                
K 0 0 43                
K -1 0 45                
K 2 0 45                
A D 1 16                
J N 5 1901 -21 5 4033 144 1 44                
K 0 7 45                
K 0 0 43                
K 0 7 45                
K 1 7 45                
A D 1 16                
H 44 B -43 -4 108 4 22 11 11 33                
J N 5 1930 0 2 4609 144 1 45                
K 0 0 43                
A D 1 16                
J N 5 1959 -21 5 5185 144 1 45                
K 0 7 45                
K 0 0 43                
K 0 7 45                
K 1 7 45                
A D 1 16                
J N 5 1988 -14 5 5761 144 1 45                
K 0 0 45                
K 0 0 43                
K -1 0 45                
K 2 0 45                
A D 1 16                
J N 5 2017 -21 5 6337 144 1 45                
K 0 7 45                
K 0 0 43                
K 0 7 45                
K 1 7 45                
A D 1 16                
H 45 B -43 -4 108 4 22 11 11 33                
J B 33 2050 1 82 6913 144 0                
E *                
L 850 0 0 330 330 * 0 14 0                
J C 13 5 28 35 6913 0 0                
J K 2 57 0 2 6913 0 0                
K 0 7 63                
K 15 28 63                
J D 0 -11 -14 1 6913 0 0                
W 0 0 0 \02\07                
J R 7 136 28 2 1 0 0                
K 0 0 48                
A D 2 8                
J N 7 248 -21 7 2305 576 0                
K 0 7 45                
K 0 0 43                
K 0 7 45                
K 1 7 45                
K 0 0 60                
K 0 21 60                
A D 2 8                
J N 7 360 28 4 4609 576 0                
K 0 0 43                
K 0 0 60                
K 0 21 60                
A D 2 8                
J B 28 477 1 82 6913 576 0                
J R 7 498 28 2 1 0 0                
K 0 0 48                
A D 2 8                
J N 7 626 -14 7 2305 576 0                
K 0 0 45                
K 0 0 43                
K -1 0 45                
K 2 0 45                
K 0 0 60                
K 0 21 60                
A D 2 8                
J N 7 738 35 4 4609 576 0                
K 0 0 43                
K 0 0 59                
K 0 -21 59                
A D 2 8                
J B 29 855 1 82 6913 576 0                
J N 7 882 0 6 1 0 0                
K -18 0 63                
K 0 0 43                
K 24 -6 44                
K 0 0 60                
K 0 21 60                
A D 3 8                
J N 6 950 0 3 3457 864 0                
K 0 0 43                
K 0 0 54                
A D 1 8                
J N 7 988 7 4 4609 288 0                
K 0 0 43                
K 0 0 60                
K 0 21 60                
A D 2 8                
J B 30 1069 1 82 6913 576 0                
J N 6 1096 21 2 1 0 2 1 2                
K 0 0 43                
A D 1 8                
J N 6 1134 7 2 1153 288 2 2 1                
K 0 0 43                
A D 1 8                
H 2 B -42 -4 108 2 2 3                
H 1 S 0 0 0 0 0 0 0 -2 0    
J N 7 1178 28 5 2305 288 0                
K 0 0 43                
K 24 -6 44                
K 0 0 60                
K 0 21 60                
A D 3 8                
J N 6 1246 28 3 5761 864 0                
K 0 0 43                
K 0 0 54                
A D 1 8                
J B 31 1292 1 82 6913 288 0                
J N 8 1313 28 4 1 0 0                
K 0 0 42                
K 0 0 60                
K 0 21 60                
A D 4 8                
J R 7 1553 28 2 4609 1152 0                
K 0 0 48                
A D 2 8                
J B 32 1671 1 82 6913 576 0                
J N 7 1698 -14 7 1 0 0                
K 0 0 45                
K 0 0 43                
K -1 0 45                
K 2 0 45                
K 0 0 60                
K 0 21 60                
A D 2 8                
J N 7 1814 35 4 2305 576 0                
K 0 0 43                
K 0 0 59                
K 0 -21 59                
A D 2 8                
J N 7 1930 21 5 4609 576 0                
K -18 0 63                
K 0 0 43                
K 0 0 60                
K 0 21 60                
A D 2 8                
J B 33 2050 1 82 6913 576 0                
E *                
L 1010 0 0 330 330 * 0 14 0                
J C 12 5 14 35 6913 0 0                
J K 2 57 0 2 6913 0 0                
K 0 42 63                
K 15 14 63                
J D 0 -11 -14 1 6913 0 0                
W 0 0 0 \02\07                
J F 0 136 98 2 1 0 0                
K 0 0 206                
K 0 21 213                
J N 7 136 0 4 1 0 0                
K 0 0 43                
K 0 0 60                
K 0 21 60                
A D 2 8                
J F 0 248 98 1 2305 576 0                
K 0 0 205                
J N 7 248 49 4 2305 0 0                
K 0 0 43                
K 0 0 59                
K 0 -21 59                
A D 2 8                
J R 7 360 28 2 4609 576 0                
K 0 0 48                
A D 2 8                
J B 28 477 1 82 6913 576 0                
J F 0 498 98 1 1 0 0                
K 0 0 206                
J N 7 498 7 4 1 0 0                
K 0 0 43                
K 0 0 60                
K 0 21 60                
A D 2 8                
J F 0 626 98 1 2305 576 0                
K 0 0 205                
J N 7 626 56 4 2305 0 0                
K 0 0 43                
K 0 0 59                
K 0 -21 59                
A D 2 8                
J R 7 738 28 2 4609 576 0                
K 0 0 48                
A D 2 8                
J B 29 855 1 82 6913 576 0                
J F 0 882 98 2 1 0 0                
K 0 0 206                
K 0 21 213                
J N 7 882 14 5 1 0 0                
K 0 0 43                
K 24 -6 44                
K 0 0 60                
K 0 21 60                
A D 3 8                
J F 0 950 98 2 3457 864 0                
K 0 0 205                
K 0 21 204                
J N 6 950 49 4 3457 0 0                
K -18 0 63                
K 0 0 43                
K 0 0 53                
A D 1 8                
J N 7 988 42 4 4609 288 0                
K 0 0 43                
K 0 0 59                
K 0 -21 59                
A D 2 8                
J C 22 1017 14 164 6913 576 0                
J B 30 1069 1 82 6913 0 0                
J F 0 1096 98 2 1 0 0                
K 0 0 216                
K 0 21 204                
J N 7 1096 42 4 1 0 0                
K 0 0 43                
K 0 0 59                
K 0 -21 59                
A D 2 8                
J F 0 1178 98 1 2305 576 0                
K 0 21 203                
J N 7 1178 35 4 2305 0 0                
K 0 0 43                
K 0 0 59                
K 0 -21 59                
A D 2 8                
J F 0 1207 98 1 4609 576 0                
K 0 21 213                
J N 7 1207 84 8 4609 0 0                
K 1 -14 45                
K 1 0 45                
K 0 0 43                
K -1 0 45                
K 2 0 45                
K 0 0 59                
K 0 -28 59                
A D 2 8                
J B 31 1292 1 82 6913 576 0                
J F 0 1313 98 1 1 0 0                
K 0 0 218                
J N 7 1313 14 4 1 0 0                
K 0 0 43                
K 0 0 60                
K 0 21 60                
A D 2 8                
J N 7 1441 63 4 2305 576 0                
K 0 0 43                
K 0 0 59                
K 0 -21 59                
A D 2 8                
J R 7 1553 28 2 4609 576 0                
K 0 0 48                
A D 2 8                
J B 32 1671 1 82 6913 576 0                
J F 0 1698 98 1 1 0 0                
K 0 0 213                
J N 7 1698 -7 4 1 0 0                
K 0 0 43                
K 0 0 60                
K 0 21 60                
A D 2 8                
J F 0 1814 98 1 2305 576 0                
K 0 0 205                
J N 7 1814 28 5 2305 0 0                
K -18 0 63                
K 0 0 43                
K 0 0 60                
K 0 21 60                
A D 2 8                
J N 7 1930 42 4 4609 576 0                
K 0 0 43                
K 0 0 59                
K 0 -21 59                
A D 2 8                
J B 33 2050 1 82 6913 576 0                
E *                
B 1 477 0                
B 1 855 0                
B 1 1069 0                
B 1 1292 0                
B 1 1671 0                
B 1 2050 0                
