@ SOURCE: not identified 
L 0 0 14 !39Violino 1 concertino
J D 4 500 -120 1 6913 0 0
W 0 0 44 I. Preludio
J D 1 75 -37 1 6913 0 0
W 0 -56 44 I. Preludio:  Violino 1 concertino
J C 4 5 42 2 6913 0 0
K 0 0 33
K 0 0 34
J K 0 57 0 0 6913 0 0
J D 5 57 -42 1 6913 0 0
W 0 0 37 Andante largo
J T 101 57 42 1 6913 0 0
K 0 0 37
J N 7 105 -7 4 1 0 0
K 0 0 43
K 0 0 60
K 0 21 60
A D 4 16
J R 6 143 28 2 1729 576 0
K 0 0 49
A D 2 16
J N 6 172 7 3 2593 288 0
K 0 0 43
K 0 0 54
A D 2 16
J N 7 201 14 4 3457 288 0
K 0 0 43
K 0 0 60
K 0 21 60
A D 4 16
J R 6 239 28 2 5185 576 0
K 0 0 49
A D 2 16
J N 6 268 -7 3 6049 288 0
K 0 0 43
K 0 0 54
A D 2 16
J B 2 301 1 82 6913 288 0
J N 7 322 7 4 1 0 0
K 0 0 43
K 0 0 60
K 0 21 60
A D 4 16
J R 6 360 28 2 1729 576 0
K 0 0 49
A D 2 16
J N 6 389 21 3 2593 288 0
K 0 0 43
K 0 0 54
A D 2 16
J N 7 418 -14 8 3457 288 0
K 0 0 45
K 0 0 43
K -1 0 45
K 2 0 45
K 24 -6 44
K 0 0 60
K 0 21 60
A D 6 16
J N 6 464 21 3 6049 864 0
K 0 0 43
K 0 0 54
A D 2 16
J B 3 497 1 82 6913 288 0
J N 7 518 -7 5 1 0 0
K 0 0 43
K 25 0 44
K 0 0 60
K 0 21 60
A D 6 16
J N 6 564 -7 3 2593 864 0
K 0 0 43
K 0 0 54
A D 2 16
J N 6 593 -28 6 3457 288 1 1
K 0 14 45
K 0 0 45
K 0 0 43
K -1 0 45
K 2 0 45
A D 2 16
J N 6 622 -21 5 4321 288 1 1
K 0 7 45
K 0 0 43
K 0 7 45
K 1 7 45
A D 2 16
H 1 B 1 0 108 2 2 3
J N 7 651 -14 7 5185 288 0
K 0 0 45
K 0 0 43
K -1 0 45
K 2 0 45
K 0 0 60
K 0 21 60
A D 4 16
J B 4 693 1 82 6913 576 0
J N 7 714 -7 5 1 0 0
K 0 0 43
K 25 0 44
K 0 0 60
K 0 21 60
A D 6 16
J N 6 760 42 3 2593 864 0
K 0 0 43
K 0 0 53
A D 2 16
J N 7 797 14 5 3457 288 0
K 0 0 43
K 24 -6 44
K 0 0 60
K 0 21 60
A D 6 16
J N 6 843 42 3 6049 864 0
K 0 0 43
K 0 0 53
A D 2 16
J B 5 887 1 82 6913 288 0
J N 7 908 7 5 1 0 0
K 0 0 43
K 25 0 44
K 0 0 60
K 0 21 60
A D 6 16
J N 6 954 42 3 2593 864 0
K 0 0 43
K 0 0 53
A D 2 16
J N 6 991 0 2 3457 288 1 2
K 0 0 43
A D 2 16
J N 6 1020 7 2 4321 288 1 2
K 0 0 43
A D 2 16
H 2 B 1 0 108 2 2 3
J N 7 1049 14 4 5185 288 0
K 0 0 43
K 0 0 60
K 0 21 60
A D 4 16
J B 6 1091 1 82 6913 576 0
J N 7 1112 21 4 1 0 0
K 0 0 43
K 0 0 60
K 0 21 60
A D 4 16
J N 7 1150 28 4 1729 576 0
K 0 0 43
K 0 0 60
K 0 21 60
A D 4 16
J N 7 1188 35 4 3457 576 0
K 0 0 43
K 0 0 59
K 0 -21 59
A D 4 16
J N 5 1226 14 2 5185 576 1 3
K 0 0 43
A D 1 16
J N 5 1255 7 2 5617 144 1 3
K 0 0 43
A D 1 16
J N 5 1284 21 2 6049 144 1 3
K 0 0 43
A D 1 16
J N 5 1313 14 2 6481 144 1 3
K 0 0 43
A D 1 16
H 3 B 1 0 108 4 22 11 11 33
J B 7 1346 1 82 6913 144 0
J N 6 1367 28 3 1 0 0
K 0 0 43
K 0 0 54
A D 2 16
J N 7 1396 21 4 865 288 0
K 0 0 43
K 0 0 60
K 0 21 60
A D 4 16
J N 6 1434 28 3 2593 576 0
K 0 0 43
K 0 0 54
A D 2 16
J N 6 1463 21 3 3457 288 0
K 0 0 43
K 0 0 54
A D 2 16
J N 7 1492 -7 4 4321 288 0
K 0 0 43
K 0 0 60
K 0 21 60
A D 4 16
J N 6 1530 0 3 6049 576 1 4
K 0 0 43
K 0 0 54
A D 2 16
J B 8 1563 1 82 6913 288 0
J N 6 1584 0 2 1 0 2 5 4
K 0 0 43
A D 2 16
H 4 T 0 0 0 0 0 0 5 0
J N 6 1613 7 2 865 288 1 5
K 0 0 43
A D 2 16
H 5 B 1 0 108 2 2 3
J N 7 1642 14 4 1729 288 0
K 0 0 43
K 0 0 60
K 0 21 60
A D 4 16
J N 7 1680 21 4 3457 576 0
K 0 0 43
K 0 0 60
K 0 21 60
A D 4 16
J R 6 1718 28 2 5185 576 0
K 0 0 49
A D 2 16
J N 6 1747 7 3 6049 288 0
K 0 0 43
K 0 0 54
A D 2 16
J B 9 1780 1 82 6913 288 0
J N 6 1801 21 2 1 0 1 6
K 0 0 43
A D 2 16
J N 6 1830 35 2 865 288 1 6
K 0 0 43
A D 2 16
H 6 B 1 0 108 2 2 3
J R 6 1859 28 2 1729 288 0
K 0 0 49
A D 2 16
J N 6 1888 7 3 2593 288 0
K 0 0 43
K 0 0 54
A D 2 16
J N 6 1917 21 3 3457 288 0
K 0 0 43
K 0 0 54
A D 2 16
J N 7 1946 7 4 4321 288 0
K 0 0 43
K 0 0 60
K 0 21 60
A D 4 16
J N 6 1984 14 3 6049 576 0
K 0 0 43
K 0 0 54
A D 2 16
J B 10 2017 1 82 6913 288 0
J N 7 2038 7 5 1 0 0
K 0 0 43
K 25 0 44
K 0 0 60
K 0 21 60
A D 6 16
J N 6 2084 7 3 2593 864 0
K 0 0 43
K 0 0 54
A D 2 16
J N 7 2113 -28 9 3457 288 0
K 0 14 45
K 0 0 45
K 0 0 43
K -1 0 45
K 2 0 45
K 24 -6 44
K 0 0 60
K 0 28 60
A D 6 16
J N 6 2159 0 3 6049 864 0
K 0 0 43
K 0 0 54
A D 2 16
J B 11 2192 1 82 6913 288 0
J N 6 2219 42 4 1 0 0
K -18 0 63
K 0 0 43
K 0 0 53
A D 2 16
J N 7 2256 35 4 865 288 0
K 0 0 43
K 0 0 59
K 0 -21 59
A D 4 16
J N 6 2294 42 3 2593 576 0
K 0 0 43
K 0 0 53
A D 2 16
J N 6 2331 35 2 3457 288 1 7
K 0 0 43
A D 2 16
J N 6 2360 -14 5 4321 288 1 7
K 0 0 45
K 0 0 43
K -1 0 45
K 2 0 45
A D 2 16
H 7 B 1 0 108 2 2 3
J N 7 2389 7 4 5185 288 0
K 0 0 43
K 0 0 60
K 0 21 60
A D 4 16
J B 12 2431 1 82 6913 576 0
J R 6 2452 28 2 1 0 0
K 0 0 49
A D 2 16
J N 6 2481 -14 6 865 288 0
K 0 0 45
K 0 0 43
K -1 0 45
K 2 0 45
K 0 0 54
A D 2 16
J N 7 2510 7 4 1729 288 0
K 0 0 43
K 0 0 60
K 0 21 60
A D 4 16
J R 6 2548 28 2 3457 576 0
K 0 0 49
A D 2 16
J N 6 2577 -21 7 4321 288 0
K 0 7 45
K 0 0 43
K 0 7 45
K 1 7 45
K 0 0 60
K 0 0 54
A D 2 16
J N 7 2616 0 5 5185 288 0
K -18 0 63
K 0 0 43
K 0 0 60
K 0 21 60
A D 4 16
J B 13 2658 1 82 6913 576 0
J R 6 2679 28 2 1 0 0
K 0 0 49
A D 2 16
J N 6 2708 -21 7 865 288 0
K 0 7 45
K 0 0 43
K 0 7 45
K 1 7 45
K 0 0 60
K 0 0 54
A D 2 16
J N 7 2747 0 5 1729 288 0
K -18 0 63
K 0 0 43
K 0 0 60
K 0 21 60
A D 4 16
J R 6 2785 28 2 3457 576 0
K 0 0 49
A D 2 16
J N 6 2814 -21 7 4321 288 0
K 0 7 45
K 0 0 43
K 0 7 45
K 1 7 45
K 0 0 60
K 0 0 54
A D 2 16
J N 7 2843 -28 8 5185 288 1 8
K 0 14 45
K 0 0 45
K 0 0 43
K -1 0 45
K 2 0 45
K 0 0 60
K 0 28 60
A D 4 16
J B 14 2885 1 82 6913 576 0
J N 6 2906 -28 8 1 0 1 8
K 0 14 45
K 0 0 45
K 0 0 43
K -1 0 45
K 2 0 45
K 0 0 60
K 0 7 54
A D 2 16
H 8 T -28 0 0 0 0 0 5 0
J N 7 2935 -21 7 865 288 0
K 0 7 45
K 0 0 43
K 0 7 45
K 1 7 45
K 0 0 60
K 0 21 60
A D 4 16
J N 6 2973 -14 6 2593 576 1 9
K 0 0 45
K 0 0 43
K -1 0 45
K 2 0 45
K 0 0 54
A D 2 16
J N 6 3002 -14 6 3457 288 1 9
K 0 0 45
K 0 0 43
K -1 0 45
K 2 0 45
K 0 0 54
A D 2 16
H 9 T -14 0 0 0 0 0 5 0
J N 7 3031 -7 4 4321 288 0
K 0 0 43
K 0 0 60
K 0 21 60
A D 4 16
J N 5 3075 0 3 6049 576 1 10
K -18 0 63
K 0 0 43
A D 1 16
J N 5 3104 7 2 6481 144 1 10
K 0 0 43
A D 1 16
H 10 B 1 0 108 2 22 33
J B 15 3137 1 82 6913 144 0
J N 6 3164 14 4 1 0 0
K -18 0 63
K 0 0 43
K 0 0 54
A D 2 16
J N 7 3193 7 4 865 288 0
K 0 0 43
K 0 0 60
K 0 21 60
A D 4 16
J N 6 3231 14 3 2593 576 0
K 0 0 43
K 0 0 54
A D 2 16
J N 7 3260 7 5 3457 288 0
K 0 0 43
K 25 0 44
K 0 0 60
K 0 21 60
A D 6 16
J N 6 3306 21 3 6049 864 0
K 0 0 43
K 0 0 54
A D 2 16
J B 16 3339 1 82 6913 288 0
J N 6 3366 63 4 1 0 0
K -18 0 63
K 0 0 43
K 0 0 53
A D 2 16
J N 7 3403 56 4 865 288 0
K 0 0 43
K 0 0 59
K 0 -21 59
A D 4 16
J N 6 3441 63 3 2593 576 0
K 0 0 43
K 0 0 53
A D 2 16
J N 8 3478 56 4 3457 288 0
K 0 0 42
K 0 0 59
K 0 -21 59
A D 8 16
J B 17 3535 1 82 6913 1152 0
J N 7 3556 -7 4 1 0 0
K 0 0 43
K 0 0 60
K 0 21 60
A D 4 16
J R 6 3594 28 2 1729 576 0
K 0 0 49
A D 2 16
J N 6 3623 7 3 2593 288 0
K 0 0 43
K 0 0 54
A D 2 16
J N 7 3652 14 4 3457 288 0
K 0 0 43
K 0 0 60
K 0 21 60
A D 4 16
J R 6 3690 28 2 5185 576 0
K 0 0 49
A D 2 16
J N 6 3719 -7 3 6049 288 0
K 0 0 43
K 0 0 54
A D 2 16
J B 18 3752 1 82 6913 288 0
J N 7 3773 7 4 1 0 0
K 0 0 43
K 0 0 60
K 0 21 60
A D 4 16
J R 6 3811 28 2 1729 576 0
K 0 0 49
A D 2 16
J N 6 3840 21 3 2593 288 0
K 0 0 43
K 0 0 54
A D 2 16
J N 7 3869 -14 8 3457 288 0
K 0 0 45
K 0 0 43
K -1 0 45
K 2 0 45
K 24 -6 44
K 0 0 60
K 0 21 60
A D 6 16
J N 6 3915 21 3 6049 864 0
K 0 0 43
K 0 0 54
A D 2 16
J B 19 3948 1 82 6913 288 0
J N 7 3969 -7 5 1 0 0
K 0 0 43
K 25 0 44
K 0 0 60
K 0 21 60
A D 6 16
J N 6 4015 -7 3 2593 864 0
K 0 0 43
K 0 0 54
A D 2 16
J N 6 4044 -28 6 3457 288 1 11
K 0 14 45
K 0 0 45
K 0 0 43
K -1 0 45
K 2 0 45
A D 2 16
J N 6 4073 -21 5 4321 288 1 11
K 0 7 45
K 0 0 43
K 0 7 45
K 1 7 45
A D 2 16
H 11 B 1 0 108 2 2 3
J N 7 4102 -14 7 5185 288 0
K 0 0 45
K 0 0 43
K -1 0 45
K 2 0 45
K 0 0 60
K 0 21 60
A D 4 16
J B 20 4144 1 82 6913 576 0
J N 7 4165 -7 5 1 0 0
K 0 0 43
K 25 0 44
K 0 0 60
K 0 21 60
A D 6 16
J N 6 4211 42 3 2593 864 0
K 0 0 43
K 0 0 53
A D 2 16
J N 7 4248 14 5 3457 288 0
K 0 0 43
K 24 -6 44
K 0 0 60
K 0 21 60
A D 6 16
J N 6 4294 42 3 6049 864 0
K 0 0 43
K 0 0 53
A D 2 16
J B 21 4338 1 82 6913 288 0
J N 7 4359 7 5 1 0 0
K 0 0 43
K 25 0 44
K 0 0 60
K 0 21 60
A D 6 16
J N 6 4405 42 3 2593 864 0
K 0 0 43
K 0 0 53
A D 2 16
J N 6 4442 0 2 3457 288 1 12
K 0 0 43
A D 2 16
J N 6 4471 7 2 4321 288 1 12
K 0 0 43
A D 2 16
H 12 B 1 0 108 2 2 3
J N 7 4500 14 4 5185 288 0
K 0 0 43
K 0 0 60
K 0 21 60
A D 4 16
J B 22 4542 1 82 6913 576 0
J N 7 4563 21 4 1 0 0
K 0 0 43
K 0 0 60
K 0 21 60
A D 4 16
J N 7 4601 28 4 1729 576 0
K 0 0 43
K 0 0 60
K 0 21 60
A D 4 16
J N 7 4639 35 4 3457 576 0
K 0 0 43
K 0 0 59
K 0 -21 59
A D 4 16
J N 5 4677 14 2 5185 576 1 13
K 0 0 43
A D 1 16
J N 5 4706 7 2 5617 144 1 13
K 0 0 43
A D 1 16
J N 5 4735 21 2 6049 144 1 13
K 0 0 43
A D 1 16
J N 5 4764 14 2 6481 144 1 13
K 0 0 43
A D 1 16
H 13 B 1 0 108 4 22 11 11 33
J B 23 4797 1 82 6913 144 0
J N 6 4818 28 3 1 0 0
K 0 0 43
K 0 0 54
A D 2 16
J N 7 4847 21 4 865 288 0
K 0 0 43
K 0 0 60
K 0 21 60
A D 4 16
J N 6 4885 28 3 2593 576 0
K 0 0 43
K 0 0 54
A D 2 16
J N 7 4914 21 5 3457 288 0
K 0 0 43
K 25 0 44
K 0 0 60
K 0 21 60
A D 6 16
J N 6 4960 -7 3 6049 864 0
K 0 0 43
K 0 0 54
A D 2 16
J B 24 4993 1 82 6913 288 0
J N 6 5014 -14 5 1 0 1 14
K 0 0 45
K 0 0 43
K -1 0 45
K 2 0 45
A D 2 16
J N 6 5043 35 2 865 288 1 14
K 0 0 43
A D 2 16
J N 6 5072 14 2 1729 288 1 14
K 0 0 43
A D 2 16
J N 6 5101 21 2 2593 288 1 14
K 0 0 43
A D 2 16
H 14 B 1 0 108 4 2 1 1 3
J N 7 5130 28 4 3457 288 0
K 0 0 43
K 0 0 60
K 0 21 60
A D 4 16
J R 6 5168 28 2 5185 576 0
K 0 0 49
A D 2 16
J N 6 5197 -7 3 6049 288 0
K 0 0 43
K 0 0 54
A D 2 16
J B 25 5230 1 82 6913 288 0
J N 7 5251 0 4 1 0 0
K 0 0 43
K 0 0 60
K 0 21 60
A D 4 16
J N 6 5289 7 2 1729 576 2 15 16
K 0 0 43
A D 2 16
J N 6 5318 14 2 2593 288 2 16 15
K 0 0 43
A D 2 16
H 16 B 1 0 108 2 2 3
H 15 S 0 0 0 0 0 0 0 0 0
J N 7 5347 7 4 3457 288 0
K 0 0 43
K 0 0 60
K 0 21 60
A D 4 16
J N 7 5385 14 4 5185 576 0
K 0 0 43
K 0 0 60
K 0 21 60
A D 4 16
J B 26 5427 1 82 6913 576 0
J N 9 5448 21 2 1 0 0
K 0 0 41
A D 16 16
J B 0 5544 6 2 6913 2304 0
K -13 0 82
K -6 0 84
J M 0 5544 0 0 10000 0 0
