@ SOURCE: not identified 
L 0 0 14 !39Violino 2 concertino
J D 4 500 -120 1 6913 0 0
W 0 0 44 I. Preludio
J D 1 75 -37 1 6913 0 0
W 0 -56 44 I. Preludio:  Violino 2 concertino
J C 4 5 42 2 6913 0 0
K 0 0 33
K 0 0 34
J K 0 57 0 0 6913 0 0
J D 5 57 -42 1 6913 0 0
W 0 0 37 Andante largo
J T 101 57 42 1 6913 0 0
K 0 0 37
J N 7 105 7 4 1 0 0
K 0 0 43
K 0 0 60
K 0 21 60
A D 4 16
J R 6 143 28 2 1729 576 0
K 0 0 49
A D 2 16
J N 6 172 21 3 2593 288 0
K 0 0 43
K 0 0 54
A D 2 16
J N 7 201 28 4 3457 288 0
K 0 0 43
K 0 0 60
K 0 21 60
A D 4 16
J R 6 239 28 2 5185 576 0
K 0 0 49
A D 2 16
J N 6 268 28 3 6049 288 0
K 0 0 43
K 0 0 54
A D 2 16
J B 2 301 1 82 6913 288 0
J N 6 322 21 2 1 0 1 1
K 0 0 43
A D 2 16
J N 6 351 21 2 865 288 1 1
K 0 0 43
A D 2 16
H 1 B 1 0 108 2 2 3
J N 7 380 -7 4 1729 288 1 2
K 0 0 43
K 0 0 60
K 0 21 60
A D 4 16
J N 6 418 -7 2 3457 576 2 3 2
K 0 0 43
A D 2 16
H 2 T -7 0 0 0 0 0 1 0
J N 6 447 21 2 4321 288 1 3
K 0 0 43
A D 2 16
H 3 B 1 0 108 2 2 3
J N 7 476 0 4 5185 288 1 4
K 0 0 43
K 0 0 60
K 0 21 60
A D 4 16
J B 3 518 1 82 6913 576 0
J N 6 539 0 2 1 0 2 5 4
K 0 0 43
A D 2 16
H 4 T 0 0 0 0 0 0 5 0
J N 6 568 28 2 865 288 1 5
K 0 0 43
A D 2 16
J N 6 597 7 2 1729 288 1 5
K 0 0 43
A D 2 16
J N 6 626 14 2 2593 288 1 5
K 0 0 43
A D 2 16
H 5 B 1 0 108 4 2 1 1 3
J N 6 670 0 4 3457 288 0
K -18 0 63
K 0 0 43
K 0 0 54
A D 2 16
J N 7 699 -7 4 4321 288 0
K 0 0 43
K 0 0 60
K 0 21 60
A D 4 16
J N 6 737 0 3 6049 576 0
K 0 0 43
K 0 0 54
A D 2 16
J B 4 770 1 82 6913 288 0
J N 6 791 -7 2 1 0 1 6
K 0 0 43
A D 2 16
J N 6 820 42 2 865 288 1 6
K 0 0 43
A D 2 16
H 6 B 1 0 108 2 2 3
J N 7 849 21 4 1729 288 1 7
K 0 0 43
K 0 0 60
K 0 21 60
A D 4 16
J N 6 887 21 2 3457 576 2 8 7
K 0 0 43
A D 2 16
H 7 T 21 0 0 0 0 0 1 0
J N 6 916 42 2 4321 288 1 8
K 0 0 43
A D 2 16
H 8 B 0 0 108 2 2 3
J N 7 945 14 4 5185 288 1 9
K 0 0 43
K 0 0 60
K 0 21 60
A D 4 16
J B 5 987 1 82 6913 576 0
J N 6 1008 14 2 1 0 2 10 9
K 0 0 43
A D 2 16
H 9 T 14 0 0 0 0 0 5 0
J N 6 1037 42 2 865 288 1 10
K 0 0 43
A D 2 16
H 10 B 1 0 108 2 2 3
J N 7 1066 21 4 1729 288 0
K 0 0 43
K 0 0 60
K 0 21 60
A D 4 16
J N 6 1104 28 3 3457 576 0
K 0 0 43
K 0 0 54
A D 2 16
J N 7 1133 21 4 4321 288 0
K 0 0 43
K 0 0 60
K 0 21 60
A D 4 16
J N 6 1171 28 3 6049 576 1 11
K 0 0 43
K 0 0 54
A D 2 16
J B 6 1204 1 82 6913 288 0
J N 6 1225 28 3 1 0 1 11
K 0 0 43
K 0 0 54
A D 2 16
H 11 T 28 0 0 0 0 0 5 0
J N 7 1254 35 4 865 288 0
K 0 0 43
K 0 0 59
K 0 -21 59
A D 4 16
J N 6 1292 42 3 2593 576 1 12
K 0 0 43
K 0 0 53
A D 2 16
J N 6 1329 42 2 3457 288 2 13 12
K 0 0 43
A D 2 16
H 12 T 42 0 0 0 0 0 13 0
J N 6 1358 49 2 4321 288 1 13
K 0 0 43
A D 2 16
H 13 B 0 0 108 2 2 3
J N 7 1387 0 4 5185 288 1 14
K 0 0 43
K 0 0 60
K 0 21 60
A D 4 16
J B 7 1429 1 82 6913 576 0
J N 5 1450 0 2 1 0 2 15 14
K 0 0 43
A D 1 16
H 14 T 0 0 0 0 0 0 5 0
J N 5 1479 -7 2 433 144 1 15
K 0 0 43
A D 1 16
J N 5 1508 7 2 865 144 1 15
K 0 0 43
A D 1 16
J N 5 1537 0 2 1297 144 1 15
K 0 0 43
A D 1 16
H 15 B 1 0 108 4 22 11 11 33
J N 7 1566 14 4 1729 144 0
K 0 0 43
K 0 0 60
K 0 21 60
A D 4 16
J N 7 1604 21 4 3457 576 0
K 0 0 43
K 0 0 60
K 0 21 60
A D 4 16
J N 7 1642 -14 7 5185 576 0
K 0 0 45
K 0 0 43
K -1 0 45
K 2 0 45
K 0 0 60
K 0 21 60
A D 4 16
J B 8 1684 1 82 6913 576 0
J N 6 1705 28 3 1 0 0
K 0 0 43
K 0 0 54
A D 2 16
J N 7 1734 21 4 865 288 0
K 0 0 43
K 0 0 60
K 0 21 60
A D 4 16
J N 6 1772 28 3 2593 576 0
K 0 0 43
K 0 0 54
A D 2 16
J N 6 1801 21 2 3457 288 1 16
K 0 0 43
A D 2 16
J N 6 1830 7 2 4321 288 1 16
K 0 0 43
A D 2 16
J N 6 1859 28 2 5185 288 1 16
K 0 0 43
A D 2 16
J N 6 1888 56 2 6049 288 1 16
K 0 0 43
A D 2 16
H 16 B 1 0 108 4 2 1 1 3
J B 9 1921 1 82 6913 288 0
J R 6 1942 28 2 1 0 0
K 0 0 49
A D 2 16
J N 6 1971 7 2 865 288 1 17
K 0 0 43
A D 2 16
J N 6 2000 28 2 1729 288 1 17
K 0 0 43
A D 2 16
J N 6 2029 56 2 2593 288 1 17
K 0 0 43
A D 2 16
H 17 B 1 0 108 3 2 1 3
J R 6 2058 28 2 3457 288 0
K 0 0 49
A D 2 16
J N 6 2087 28 3 4321 288 0
K 0 0 43
K 0 0 54
A D 2 16
J N 7 2116 35 4 5185 288 0
K 0 0 43
K 0 0 59
K 0 -21 59
A D 4 16
J B 10 2158 1 82 6913 576 0
J N 6 2185 42 3 1 0 1 18
K -18 0 63
K 0 0 43
A D 2 16
J N 6 2214 7 2 865 288 1 18
K 0 0 43
A D 2 16
H 18 B 1 0 108 2 2 3
J N 7 2243 -21 7 1729 288 1 19
K 0 7 45
K 0 0 43
K 0 7 45
K 1 7 45
K 0 0 60
K 0 21 60
A D 4 16
J N 6 2281 -21 5 3457 576 2 20 19
K 0 7 45
K 0 0 43
K 0 7 45
K 1 7 45
A D 2 16
H 19 T -21 0 0 0 0 0 1 0
J N 6 2310 7 2 4321 288 1 20
K 0 0 43
A D 2 16
J N 6 2339 -14 5 5185 288 1 20
K 0 0 45
K 0 0 43
K -1 0 45
K 2 0 45
A D 2 16
J N 6 2368 14 2 6049 288 2 21 20
K 0 0 43
A D 2 16
H 20 B 1 0 108 4 2 1 1 3
J B 11 2401 1 82 6913 288 0
J N 6 2422 14 2 1 0 2 22 21
K 0 0 43
A D 2 16
H 21 T 14 0 0 0 0 0 5 0
J N 6 2451 21 2 865 288 1 22
K 0 0 43
A D 2 16
H 22 B 1 0 108 2 2 3
J N 7 2480 28 4 1729 288 0
K 0 0 43
K 0 0 60
K 0 21 60
A D 4 16
J N 7 2518 35 4 3457 576 0
K 0 0 43
K 0 0 59
K 0 -21 59
A D 4 16
J R 6 2556 28 2 5185 576 0
K 0 0 49
A D 2 16
J N 6 2585 -14 6 6049 288 0
K 0 0 45
K 0 0 43
K -1 0 45
K 2 0 45
K 0 0 54
A D 2 16
J B 12 2618 1 82 6913 288 0
J N 7 2639 0 4 1 0 0
K 0 0 43
K 0 0 60
K 0 21 60
A D 4 16
J R 6 2677 28 2 1729 576 0
K 0 0 49
A D 2 16
J N 6 2706 -14 6 2593 288 0
K 0 0 45
K 0 0 43
K -1 0 45
K 2 0 45
K 0 0 54
A D 2 16
J N 7 2735 0 4 3457 288 0
K 0 0 43
K 0 0 60
K 0 21 60
A D 4 16
J R 6 2773 28 2 5185 576 0
K 0 0 49
A D 2 16
J N 6 2802 -21 7 6049 288 0
K 0 7 45
K 0 0 43
K 0 7 45
K 1 7 45
K 0 0 60
K 0 0 54
A D 2 16
J B 13 2835 1 82 6913 288 0
J N 7 2856 -7 4 1 0 0
K 0 0 43
K 0 0 60
K 0 21 60
A D 4 16
J R 6 2894 28 2 1729 576 0
K 0 0 49
A D 2 16
J N 6 2923 -21 7 2593 288 0
K 0 7 45
K 0 0 43
K 0 7 45
K 1 7 45
K 0 0 60
K 0 0 54
A D 2 16
J N 7 2952 -7 4 3457 288 0
K 0 0 43
K 0 0 60
K 0 21 60
A D 4 16
J R 6 2990 28 2 5185 576 0
K 0 0 49
A D 2 16
J N 6 3019 -7 3 6049 288 0
K 0 0 43
K 0 0 54
A D 2 16
J B 14 3052 1 82 6913 288 0
J N 7 3079 0 5 1 0 0
K -18 0 63
K 0 0 43
K 0 0 60
K 0 21 60
A D 4 16
J N 7 3117 7 4 1729 576 0
K 0 0 43
K 0 0 60
K 0 21 60
A D 4 16
J N 7 3155 14 4 3457 576 0
K 0 0 43
K 0 0 60
K 0 21 60
A D 4 16
J N 6 3193 21 2 5185 576 1 23
K 0 0 43
A D 2 16
J N 6 3222 -14 5 6049 288 2 24 23
K 0 0 45
K 0 0 43
K -1 0 45
K 2 0 45
A D 2 16
H 23 B 1 0 108 2 2 3
J B 15 3255 1 82 6913 288 0
J N 6 3276 -14 5 1 0 2 25 24
K 0 0 45
K 0 0 43
K -1 0 45
K 2 0 45
A D 2 16
H 24 T -14 0 0 0 0 0 5 0
J N 6 3305 -7 2 865 288 1 25
K 0 0 43
A D 2 16
H 25 B 1 0 108 2 2 3
J N 7 3349 0 5 1729 288 0
K -18 0 63
K 0 0 43
K 0 0 60
K 0 21 60
A D 4 16
J N 6 3387 7 2 3457 576 1 26
K 0 0 43
A D 2 16
J N 6 3416 56 2 4321 288 1 26
K 0 0 43
A D 2 16
H 26 B 0 0 108 2 2 3
J N 7 3445 35 4 5185 288 1 27
K 0 0 43
K 0 0 59
K 0 -21 59
A D 4 16
J B 16 3487 1 82 6913 576 0
J N 6 3508 35 2 1 0 2 28 27
K 0 0 43
A D 2 16
H 27 T 35 0 0 0 0 0 9 0
J N 6 3537 42 2 865 288 1 28
K 0 0 43
A D 2 16
H 28 B 0 0 108 2 2 3
J N 7 3581 49 5 1729 288 0
K -18 0 63
K 0 0 43
K 0 0 59
K 0 -21 59
A D 4 16
J N 8 3619 56 4 3457 576 0
K 0 0 42
K 0 0 59
K 0 -21 59
A D 8 16
J B 17 3676 1 82 6913 1152 0
J N 7 3697 7 4 1 0 0
K 0 0 43
K 0 0 60
K 0 21 60
A D 4 16
J R 6 3735 28 2 1729 576 0
K 0 0 49
A D 2 16
J N 6 3764 21 3 2593 288 0
K 0 0 43
K 0 0 54
A D 2 16
J N 7 3793 28 4 3457 288 0
K 0 0 43
K 0 0 60
K 0 21 60
A D 4 16
J R 6 3831 28 2 5185 576 0
K 0 0 49
A D 2 16
J N 6 3860 28 3 6049 288 0
K 0 0 43
K 0 0 54
A D 2 16
J B 18 3893 1 82 6913 288 0
J N 6 3914 21 2 1 0 1 29
K 0 0 43
A D 2 16
J N 6 3943 21 2 865 288 1 29
K 0 0 43
A D 2 16
H 29 B 1 0 108 2 2 3
J N 7 3972 -7 4 1729 288 1 30
K 0 0 43
K 0 0 60
K 0 21 60
A D 4 16
J N 6 4010 -7 2 3457 576 2 31 30
K 0 0 43
A D 2 16
H 30 T -7 0 0 0 0 0 1 0
J N 6 4039 21 2 4321 288 1 31
K 0 0 43
A D 2 16
H 31 B 1 0 108 2 2 3
J N 7 4068 0 4 5185 288 1 32
K 0 0 43
K 0 0 60
K 0 21 60
A D 4 16
J B 19 4110 1 82 6913 576 0
J N 6 4131 0 2 1 0 2 33 32
K 0 0 43
A D 2 16
H 32 T 0 0 0 0 0 0 5 0
J N 6 4160 28 2 865 288 1 33
K 0 0 43
A D 2 16
J N 6 4189 7 2 1729 288 1 33
K 0 0 43
A D 2 16
J N 6 4218 14 2 2593 288 1 33
K 0 0 43
A D 2 16
H 33 B 1 0 108 4 2 1 1 3
J N 6 4262 0 4 3457 288 0
K -18 0 63
K 0 0 43
K 0 0 54
A D 2 16
J N 7 4291 -7 4 4321 288 0
K 0 0 43
K 0 0 60
K 0 21 60
A D 4 16
J N 6 4329 0 3 6049 576 0
K 0 0 43
K 0 0 54
A D 2 16
J B 20 4362 1 82 6913 288 0
J N 6 4383 -7 2 1 0 1 34
K 0 0 43
A D 2 16
J N 6 4412 42 2 865 288 1 34
K 0 0 43
A D 2 16
H 34 B 1 0 108 2 2 3
J N 7 4441 21 4 1729 288 1 35
K 0 0 43
K 0 0 60
K 0 21 60
A D 4 16
J N 6 4479 21 2 3457 576 2 36 35
K 0 0 43
A D 2 16
H 35 T 21 0 0 0 0 0 1 0
J N 6 4508 42 2 4321 288 1 36
K 0 0 43
A D 2 16
H 36 B 0 0 108 2 2 3
J N 7 4537 14 4 5185 288 1 37
K 0 0 43
K 0 0 60
K 0 21 60
A D 4 16
J B 21 4579 1 82 6913 576 0
J N 6 4600 14 2 1 0 2 38 37
K 0 0 43
A D 2 16
H 37 T 14 0 0 0 0 0 5 0
J N 6 4629 42 2 865 288 1 38
K 0 0 43
A D 2 16
H 38 B 1 0 108 2 2 3
J N 7 4658 21 4 1729 288 0
K 0 0 43
K 0 0 60
K 0 21 60
A D 4 16
J N 6 4696 28 3 3457 576 0
K 0 0 43
K 0 0 54
A D 2 16
J N 7 4725 21 4 4321 288 0
K 0 0 43
K 0 0 60
K 0 21 60
A D 4 16
J N 6 4763 28 3 6049 576 1 39
K 0 0 43
K 0 0 54
A D 2 16
J B 22 4796 1 82 6913 288 0
J N 6 4817 28 3 1 0 1 39
K 0 0 43
K 0 0 54
A D 2 16
H 39 T 28 0 0 0 0 0 5 0
J N 7 4846 35 4 865 288 0
K 0 0 43
K 0 0 59
K 0 -21 59
A D 4 16
J N 6 4884 42 3 2593 576 1 40
K 0 0 43
K 0 0 53
A D 2 16
J N 6 4921 42 2 3457 288 2 41 40
K 0 0 43
A D 2 16
H 40 T 42 0 0 0 0 0 13 0
J N 6 4950 49 2 4321 288 1 41
K 0 0 43
A D 2 16
H 41 B 0 0 108 2 2 3
J N 7 4979 0 4 5185 288 1 42
K 0 0 43
K 0 0 60
K 0 21 60
A D 4 16
J B 23 5021 1 82 6913 576 0
J N 5 5042 0 2 1 0 2 43 42
K 0 0 43
A D 1 16
H 42 T 0 0 0 0 0 0 5 0
J N 5 5071 -7 2 433 144 1 43
K 0 0 43
A D 1 16
J N 5 5100 7 2 865 144 1 43
K 0 0 43
A D 1 16
J N 5 5129 0 2 1297 144 1 43
K 0 0 43
A D 1 16
H 43 B 1 0 108 4 22 11 11 33
J N 7 5158 14 4 1729 144 0
K 0 0 43
K 0 0 60
K 0 21 60
A D 4 16
J N 6 5196 7 2 3457 576 1 44
K 0 0 43
A D 2 16
J N 6 5225 21 2 4321 288 1 44
K 0 0 43
A D 2 16
H 44 B 1 0 108 2 2 3
J N 7 5254 -7 4 5185 288 1 45
K 0 0 43
K 0 0 60
K 0 21 60
A D 4 16
J B 24 5296 1 82 6913 576 0
J N 6 5317 -7 2 1 0 2 46 45
K 0 0 43
A D 2 16
H 45 T -7 0 0 0 0 0 1 0
J N 6 5346 21 2 865 288 1 46
K 0 0 43
A D 2 16
J N 6 5375 0 2 1729 288 1 46
K 0 0 43
A D 2 16
J N 6 5404 7 2 2593 288 1 46
K 0 0 43
A D 2 16
H 46 B 1 0 108 4 2 1 1 3
J N 7 5433 14 4 3457 288 0
K 0 0 43
K 0 0 60
K 0 21 60
A D 4 16
J R 6 5471 28 2 5185 576 0
K 0 0 49
A D 2 16
J N 6 5500 7 3 6049 288 0
K 0 0 43
K 0 0 54
A D 2 16
J B 25 5533 1 82 6913 288 0
J N 6 5554 35 2 1 0 2 47 48
K 0 0 43
A D 2 16
J N 6 5583 28 2 865 288 2 48 47
K 0 0 43
A D 2 16
H 48 B 0 0 108 2 2 3
H 47 S 12 0 0 0 0 0 0 0 0
J N 8 5612 21 4 1729 288 0
K 0 0 42
K 0 0 60
K 0 21 60
A D 8 16
J N 7 5665 28 4 5185 1152 0
K 0 0 43
K 0 0 60
K 0 21 60
A D 4 16
J B 26 5707 1 82 6913 576 0
J N 9 5728 21 2 1 0 0
K 0 0 41
A D 16 16
J B 0 5824 6 2 6913 2304 0
K -13 0 82
K -6 0 84
J M 0 5824 0 0 10000 0 0
