@ SOURCE: not identified 
L 0 0 14 !39Violoncello concertino
J D 4 500 -120 1 6913 0 0
W 0 0 44 V.
J D 1 75 -37 1 6913 0 0
W 0 -56 44 V.:  Violoncello concertino
J C 22 5 14 36 6913 0 0
J K 0 57 0 0 6913 0 0
J D 5 57 -42 1 6913 0 0
W 0 0 37 Allegro
J T 101 57 42 1 6913 0 0
K 0 0 37
J R 6 105 28 2 1 0 0
K 0 0 49
A D 1 8
J N 6 132 -14 5 865 288 1 1
K 0 0 45
K 0 0 43
K -1 0 45
K 2 0 45
A D 1 8
J F 0 159 98 1 1729 288 0
K 0 0 205
J N 6 159 -7 2 1729 0 1 1
K 0 0 43
A D 1 8
J N 6 186 7 2 2593 288 1 1
K 0 0 43
A D 1 8
H 1 B 1 0 108 3 2 1 3
J R 6 213 28 2 3457 288 0
K 0 0 49
A D 1 8
J N 6 240 -14 5 4321 288 1 2
K 0 0 45
K 0 0 43
K -1 0 45
K 2 0 45
A D 1 8
J F 0 267 98 1 5185 288 0
K 0 0 205
J N 6 267 -7 2 5185 0 1 2
K 0 0 43
A D 1 8
J N 6 294 7 2 6049 288 1 2
K 0 0 43
A D 1 8
H 2 B 1 0 108 3 2 1 3
J B 2 325 1 82 6913 288 0
J R 6 346 28 2 1 0 0
K 0 0 49
A D 1 8
J N 6 373 0 2 865 288 1 3
K 0 0 43
A D 1 8
J F 0 413 98 1 1729 288 0
K 0 0 205
J N 6 413 7 3 1729 0 1 3
K -18 0 63
K 0 0 43
A D 1 8
J N 6 440 21 2 2593 288 1 3
K 0 0 43
A D 1 8
H 3 B 1 0 108 3 2 1 3
J R 6 467 28 2 3457 288 0
K 0 0 49
A D 1 8
J N 6 494 0 2 4321 288 1 4
K 0 0 43
A D 1 8
J F 0 521 98 1 5185 288 0
K 0 0 205
J N 6 521 7 2 5185 0 1 4
K 0 0 43
A D 1 8
J N 6 548 21 2 6049 288 1 4
K 0 0 43
A D 1 8
H 4 B 1 0 108 3 2 1 3
J B 3 579 1 82 6913 288 0
J R 6 600 28 2 1 0 0
K 0 0 49
A D 1 8
J N 6 627 14 2 865 288 1 5
K 0 0 43
A D 1 8
J F 0 654 98 1 1729 288 0
K 0 0 205
J N 6 654 21 2 1729 0 1 5
K 0 0 43
A D 1 8
J N 6 681 35 2 2593 288 1 5
K 0 0 43
A D 1 8
H 5 B 1 0 108 3 2 1 3
J R 6 708 28 2 3457 288 0
K 0 0 49
A D 1 8
J N 6 735 14 2 4321 288 1 6
K 0 0 43
A D 1 8
J F 0 762 98 1 5185 288 0
K 0 0 205
J N 6 762 21 2 5185 0 1 6
K 0 0 43
A D 1 8
J N 6 789 35 2 6049 288 1 6
K 0 0 43
A D 1 8
H 6 B 1 0 108 3 2 1 3
J B 4 820 1 82 6913 288 0
J N 7 841 14 4 1 0 0
K 0 0 43
K 0 0 60
K 0 21 60
A D 2 8
J F 0 876 98 1 1729 576 0
K 0 0 205
J N 7 876 21 4 1729 0 0
K 0 0 43
K 0 0 60
K 0 21 60
A D 2 8
J F 0 911 98 1 3457 576 0
K 0 0 204
J N 7 911 28 4 3457 0 0
K 0 0 43
K 0 0 60
K 0 21 60
A D 2 8
J F 0 938 98 1 4321 288 0
K 0 0 205
J N 7 965 35 4 5185 288 0
K 0 0 43
K 0 0 59
K 0 -21 59
A D 2 8
J B 5 1004 1 82 6913 576 0
J N 7 1025 7 4 1 0 0
K 0 0 43
K 0 0 60
K 0 21 60
A D 2 8
J R 6 1060 28 2 1729 576 0
K 0 0 49
A D 1 8
J F 0 1087 98 1 2593 288 0
K 0 0 205
J N 6 1087 21 3 2593 0 0
K 0 0 43
K 0 0 54
A D 1 8
J F 0 1114 98 1 3457 288 0
K 0 0 204
J N 6 1114 14 2 3457 0 1 7
K 0 0 43
A D 1 8
J N 6 1141 21 2 4321 288 1 7
K 0 0 43
A D 1 8
J F 0 1168 98 1 5185 288 0
K 0 0 205
J N 6 1168 14 2 5185 0 1 7
K 0 0 43
A D 1 8
J N 6 1195 28 2 6049 288 1 7
K 0 0 43
A D 1 8
H 7 B 1 0 108 4 2 1 1 3
J B 6 1226 1 82 6913 288 0
J F 0 1247 98 1 1 0 0
K 0 0 204
J N 6 1247 7 2 1 0 1 8
K 0 0 43
A D 1 8
J N 6 1274 14 2 865 288 1 8
K 0 0 43
A D 1 8
J F 0 1301 98 1 1729 288 0
K 0 0 205
J N 6 1301 7 2 1729 0 1 8
K 0 0 43
A D 1 8
J N 6 1328 21 2 2593 288 1 8
K 0 0 43
A D 1 8
H 8 B 1 0 108 4 2 1 1 3
J F 0 1355 98 1 3457 288 0
K 0 0 204
J N 6 1355 0 2 3457 0 1 9
K 0 0 43
A D 1 8
J N 6 1382 7 2 4321 288 1 9
K 0 0 43
A D 1 8
J F 0 1409 98 1 5185 288 0
K 0 0 205
J N 6 1409 0 2 5185 0 1 9
K 0 0 43
A D 1 8
J N 6 1436 14 2 6049 288 1 9
K 0 0 43
A D 1 8
H 9 B 1 0 108 4 2 1 1 3
J B 7 1467 1 82 6913 288 0
J F 0 1488 98 1 1 0 0
K 0 0 206
J N 6 1488 7 2 1 0 1 10
K 0 0 43
A D 1 8
J N 6 1515 -7 2 865 288 1 10
K 0 0 43
A D 1 8
J N 6 1542 -14 5 1729 288 1 10
K 0 0 45
K 0 0 43
K -1 0 45
K 2 0 45
A D 1 8
J F 0 1569 98 2 2593 288 0
K 0 0 205
K 0 21 204
J N 6 1569 14 2 2593 0 1 10
K 0 0 43
A D 1 8
H 10 B 1 0 108 4 2 1 1 3
J F 0 1596 98 2 3457 288 0
K 0 0 205
K 0 21 203
J N 6 1596 7 2 3457 0 1 11
K 0 0 43
A D 1 8
J N 6 1623 14 2 4321 288 1 11
K 0 0 43
A D 1 8
J F 0 1650 98 1 5185 288 0
K 0 0 202
J N 6 1650 7 2 5185 0 1 11
K 0 0 43
A D 1 8
J N 6 1677 56 2 6049 288 1 11
K 0 0 43
A D 1 8
H 11 B 1 0 108 4 2 1 1 3
J B 8 1708 1 82 6913 288 0
J N 6 1729 35 2 1 0 1 12
K 0 0 43
A D 1 8
J N 6 1756 28 3 865 288 1 12
K 0 0 43
K 0 73 108
A D 1 8
J N 6 1783 21 2 1729 288 1 12
K 0 0 43
A D 1 8
J N 6 1810 35 2 2593 288 1 12
K 0 0 43
A D 1 8
H 12 B 1 0 108 4 2 1 1 3
J F 0 1837 98 1 3457 288 0
K 0 0 204
J N 6 1837 14 2 3457 0 1 13
K 0 0 43
A D 1 8
J N 6 1864 21 2 4321 288 1 13
K 0 0 43
A D 1 8
J F 0 1891 98 1 5185 288 0
K 0 0 205
J N 6 1891 14 2 5185 0 1 13
K 0 0 43
A D 1 8
J N 6 1918 28 2 6049 288 1 13
K 0 0 43
A D 1 8
H 13 B 1 0 108 4 2 1 1 3
J B 9 1949 1 82 6913 288 0
J F 0 1970 98 1 1 0 0
K 0 0 204
J N 6 1970 7 2 1 0 1 14
K 0 0 43
A D 1 8
J N 6 1997 14 2 865 288 1 14
K 0 0 43
A D 1 8
J F 0 2024 98 1 1729 288 0
K 0 0 205
J N 6 2024 7 2 1729 0 1 14
K 0 0 43
A D 1 8
J N 6 2051 21 2 2593 288 1 14
K 0 0 43
A D 1 8
H 14 B 1 0 108 4 2 1 1 3
J F 0 2078 98 1 3457 288 0
K 0 0 204
J N 6 2078 0 2 3457 0 1 15
K 0 0 43
A D 1 8
J N 6 2105 7 2 4321 288 1 15
K 0 0 43
A D 1 8
J F 0 2132 98 1 5185 288 0
K 0 0 205
J N 6 2132 0 2 5185 0 1 15
K 0 0 43
A D 1 8
J N 6 2159 14 2 6049 288 1 15
K 0 0 43
A D 1 8
H 15 B 1 0 108 4 2 1 1 3
J B 10 2190 1 82 6913 288 0
J F 0 2211 98 1 1 0 0
K 0 0 206
J N 6 2211 7 2 1 0 1 16
K 0 0 43
A D 1 8
J N 6 2238 -7 2 865 288 1 16
K 0 0 43
A D 1 8
J N 6 2265 -14 5 1729 288 1 16
K 0 0 45
K 0 0 43
K -1 0 45
K 2 0 45
A D 1 8
J F 0 2292 98 2 2593 288 0
K 0 0 205
K 0 21 204
J N 6 2292 14 2 2593 0 1 16
K 0 0 43
A D 1 8
H 16 B 1 0 108 4 2 1 1 3
J F 0 2319 98 2 3457 288 0
K 0 0 205
K 0 21 203
J N 6 2319 7 2 3457 0 1 17
K 0 0 43
A D 1 8
J N 6 2346 14 2 4321 288 1 17
K 0 0 43
A D 1 8
J F 0 2373 98 1 5185 288 0
K 0 0 202
J N 6 2373 7 2 5185 0 1 17
K 0 0 43
A D 1 8
J N 6 2400 56 2 6049 288 1 17
K 0 0 43
A D 1 8
H 17 B 1 0 108 4 2 1 1 3
J B 11 2431 1 82 6913 288 0
J N 6 2452 35 2 1 0 1 18
K 0 0 43
A D 1 8
J N 6 2479 -14 5 865 288 1 18
K 0 0 45
K 0 0 43
K -1 0 45
K 2 0 45
A D 1 8
J F 0 2506 98 1 1729 288 0
K 0 0 205
J N 6 2506 -7 2 1729 0 1 18
K 0 0 43
A D 1 8
J N 6 2533 7 2 2593 288 1 18
K 0 0 43
A D 1 8
H 18 B 1 0 108 4 2 1 1 3
J R 6 2560 28 2 3457 288 0
K 0 0 49
A D 1 8
J N 6 2587 -14 5 4321 288 1 19
K 0 0 45
K 0 0 43
K -1 0 45
K 2 0 45
A D 1 8
J F 0 2614 98 1 5185 288 0
K 0 0 205
J N 6 2614 -7 2 5185 0 1 19
K 0 0 43
A D 1 8
J N 6 2641 7 2 6049 288 1 19
K 0 0 43
A D 1 8
H 19 B 1 0 108 3 2 1 3
J B 12 2672 1 82 6913 288 0
J R 6 2693 28 2 1 0 0
K 0 0 49
A D 1 8
J N 6 2720 35 2 865 288 1 20
K 0 0 43
A D 1 8
J F 0 2747 98 1 1729 288 0
K 0 0 205
J N 6 2747 42 2 1729 0 1 20
K 0 0 43
A D 1 8
J N 6 2774 56 2 2593 288 1 20
K 0 0 43
A D 1 8
H 20 B 0 0 108 3 2 1 3
J N 7 2801 35 4 3457 288 0
K 0 0 43
K 0 0 59
K 0 -21 59
A D 2 8
J F 0 2836 98 1 5185 576 0
K 0 0 205
J N 7 2836 42 4 5185 0 0
K 0 0 43
K 0 0 59
K 0 -21 59
A D 2 8
J B 13 2875 1 82 6913 576 0
J F 0 2896 98 1 1 0 0
K 0 0 206
J N 8 2896 49 4 1 0 0
K 0 0 42
K 0 0 59
K 0 -21 59
A D 4 8
J F 0 2931 98 1 1729 576 0
K 0 0 216
J N 8 2966 56 4 3457 576 0
K 0 0 42
K 0 0 59
K 0 -21 59
A D 4 8
J B 14 3041 10 6 6913 1152 0
K -22 21 44
K -22 35 44
K -12 0 84
K 0 0 84
K 11 21 44
K 11 35 44
J R 6 3078 28 2 1 0 0
K 0 0 49
A D 1 8
J N 6 3105 -42 7 865 288 1 21
K 0 28 45
K 0 14 45
K 0 0 45
K 0 0 43
K -1 0 45
K 2 0 45
A D 1 8
J F 0 3145 98 1 1729 288 0
K 0 0 205
J N 6 3145 -35 7 1729 0 1 21
K 0 21 45
K 0 7 45
K -18 0 63
K 0 0 43
K 0 7 45
K 1 7 45
A D 1 8
J N 6 3172 -21 5 2593 288 1 21
K 0 7 45
K 0 0 43
K 0 7 45
K 1 7 45
A D 1 8
H 21 B 1 0 108 3 2 1 3
J N 6 3199 7 2 3457 288 1 22
K 0 0 43
A D 1 8
J N 6 3226 -42 7 4321 288 1 22
K 0 28 45
K 0 14 45
K 0 0 45
K 0 0 43
K -1 0 45
K 2 0 45
A D 1 8
J F 0 3253 98 1 5185 288 0
K 0 0 205
J N 6 3253 -35 6 5185 0 1 22
K 0 21 45
K 0 7 45
K 0 0 43
K 0 7 45
K 1 7 45
A D 1 8
J N 6 3280 -21 5 6049 288 1 22
K 0 7 45
K 0 0 43
K 0 7 45
K 1 7 45
A D 1 8
H 22 B 1 0 108 4 2 1 1 3
J B 15 3311 1 82 6913 288 0
J R 6 3332 28 2 1 0 0
K 0 0 49
A D 1 8
J N 6 3359 0 2 865 288 1 23
K 0 0 43
A D 1 8
J F 0 3399 98 1 1729 288 0
K 0 0 205
J N 6 3399 7 3 1729 0 1 23
K -18 0 63
K 0 0 43
A D 1 8
J N 6 3426 21 2 2593 288 1 23
K 0 0 43
A D 1 8
H 23 B 1 0 108 3 2 1 3
J N 6 3453 49 2 3457 288 1 24
K 0 0 43
A D 1 8
J N 6 3480 0 2 4321 288 1 24
K 0 0 43
A D 1 8
J F 0 3507 98 1 5185 288 0
K 0 0 205
J N 6 3507 7 2 5185 0 1 24
K 0 0 43
A D 1 8
J N 6 3534 21 2 6049 288 1 24
K 0 0 43
A D 1 8
H 24 B 1 0 108 4 2 1 1 3
J B 16 3565 1 82 6913 288 0
J R 6 3586 28 2 1 0 0
K 0 0 49
A D 1 8
J N 6 3613 -14 5 865 288 1 25
K 0 0 45
K 0 0 43
K -1 0 45
K 2 0 45
A D 1 8
J F 0 3640 98 1 1729 288 0
K 0 0 205
J N 6 3640 -7 2 1729 0 1 25
K 0 0 43
A D 1 8
J N 6 3667 7 2 2593 288 1 25
K 0 0 43
A D 1 8
H 25 B 1 0 108 3 2 1 3
J R 6 3694 28 2 3457 288 0
K 0 0 49
A D 1 8
J N 6 3721 -14 5 4321 288 1 26
K 0 0 45
K 0 0 43
K -1 0 45
K 2 0 45
A D 1 8
J F 0 3748 98 1 5185 288 0
K 0 0 205
J N 6 3748 -7 2 5185 0 1 26
K 0 0 43
A D 1 8
J N 6 3775 7 2 6049 288 1 26
K 0 0 43
A D 1 8
H 26 B 1 0 108 3 2 1 3
J B 17 3806 1 82 6913 288 0
J R 6 3827 28 2 1 0 0
K 0 0 49
A D 1 8
J N 6 3854 -21 5 865 288 1 27
K 0 7 45
K 0 0 43
K 0 7 45
K 1 7 45
A D 1 8
J F 0 3894 98 1 1729 288 0
K 0 0 205
J N 6 3894 -14 6 1729 0 1 27
K 0 0 45
K -18 0 63
K 0 0 43
K -1 0 45
K 2 0 45
A D 1 8
J N 6 3921 0 2 2593 288 1 27
K 0 0 43
A D 1 8
H 27 B 1 0 108 3 2 1 3
J R 6 3948 28 2 3457 288 0
K 0 0 49
A D 1 8
J N 6 3975 -21 5 4321 288 1 28
K 0 7 45
K 0 0 43
K 0 7 45
K 1 7 45
A D 1 8
J F 0 4002 98 1 5185 288 0
K 0 0 205
J N 6 4002 -14 5 5185 0 1 28
K 0 0 45
K 0 0 43
K -1 0 45
K 2 0 45
A D 1 8
J N 6 4029 0 2 6049 288 1 28
K 0 0 43
A D 1 8
H 28 B 1 0 108 3 2 1 3
J B 18 4060 1 82 6913 288 0
J R 6 4081 28 2 1 0 0
K 0 0 49
A D 1 8
J N 6 4108 -28 6 865 288 1 29
K 0 14 45
K 0 0 45
K 0 0 43
K -1 0 45
K 2 0 45
A D 1 8
J F 0 4148 98 3 1729 288 0
K -7 -7 197
K 0 0 205
K 15 -7 198
J N 6 4148 -21 6 1729 0 1 29
K 0 7 45
K -18 0 63
K 0 0 43
K 0 7 45
K 1 7 45
A D 1 8
J N 6 4194 -7 2 2593 288 1 29
K 0 0 43
A D 1 8
H 29 B 1 0 108 3 2 1 3
J R 6 4221 28 2 3457 288 0
K 0 0 49
A D 1 8
J N 6 4248 -28 6 4321 288 1 30
K 0 14 45
K 0 0 45
K 0 0 43
K -1 0 45
K 2 0 45
A D 1 8
J F 0 4275 98 3 5185 288 0
K -7 -7 197
K 0 0 205
K 15 -7 198
J N 6 4275 -21 5 5185 0 1 30
K 0 7 45
K 0 0 43
K 0 7 45
K 1 7 45
A D 1 8
J N 6 4321 -7 2 6049 288 1 30
K 0 0 43
A D 1 8
H 30 B 1 0 108 3 2 1 3
J B 19 4352 1 82 6913 288 0
J F 0 4373 98 1 1 0 0
K 0 0 205
J N 6 4373 -28 6 1 0 1 31
K 0 14 45
K 0 0 45
K 0 0 43
K -1 0 45
K 2 0 45
A D 1 8
J N 6 4400 21 2 865 288 1 31
K 0 0 43
A D 1 8
J F 0 4427 98 2 1729 288 0
K 0 0 205
K 0 21 213
J N 6 4427 -21 5 1729 0 1 31
K 0 7 45
K 0 0 43
K 0 7 45
K 1 7 45
A D 1 8
J N 6 4454 28 2 2593 288 1 31
K 0 0 43
A D 1 8
H 31 B 1 0 108 4 2 1 1 3
J F 0 4481 98 1 3457 288 0
K 0 0 205
J N 6 4481 -14 5 3457 0 1 32
K 0 0 45
K 0 0 43
K -1 0 45
K 2 0 45
A D 1 8
J N 6 4508 35 2 4321 288 1 32
K 0 0 43
A D 1 8
J F 0 4535 98 1 5185 288 0
K 0 0 205
J N 6 4535 -7 2 5185 0 1 32
K 0 0 43
A D 1 8
J N 6 4562 42 2 6049 288 1 32
K 0 0 43
A D 1 8
H 32 B 1 0 108 4 2 1 1 3
J B 20 4593 1 82 6913 288 0
J F 0 4614 98 2 1 0 0
K 0 0 205
K 15 0 218
J N 6 4614 0 2 1 0 1 33
K 0 0 43
A D 1 8
J N 6 4647 49 2 865 288 1 33
K 0 0 43
A D 1 8
J F 0 4674 98 1 1729 288 0
K 0 0 205
J N 6 4674 7 2 1729 0 1 33
K 0 0 43
A D 1 8
J N 6 4701 56 2 2593 288 1 33
K 0 0 43
A D 1 8
H 33 B 0 0 108 4 2 1 1 3
J F 0 4741 98 1 3457 288 0
K 0 0 216
J N 7 4741 14 5 3457 0 0
K -18 0 63
K 0 0 43
K 0 0 60
K 0 21 60
A D 2 8
J N 7 4776 21 4 5185 576 0
K 0 0 43
K 0 0 60
K 0 21 60
A D 2 8
J B 21 4815 1 82 6913 576 0
J F 0 4836 98 2 1 0 0
K 0 0 205
K 0 21 203
J N 7 4836 -7 4 1 0 0
K 0 0 43
K 0 0 60
K 0 21 60
A D 2 8
J F 0 4871 98 2 1729 576 0
K 0 0 215
K 0 21 213
J N 7 4871 42 4 1729 0 0
K 0 0 43
K 0 0 59
K 0 -21 59
A D 2 8
J N 6 4906 21 2 3457 576 2 34 35
K 0 0 43
A D 1 8
J N 6 4933 -14 5 4321 288 2 35 34
K 0 0 45
K 0 0 43
K -1 0 45
K 2 0 45
A D 1 8
H 34 S 0 0 0 0 0 0 0 0 0
J F 0 4960 98 2 5185 288 0
K 0 0 203
K 0 21 201
J N 6 4960 28 2 5185 0 2 36 35
K 0 0 43
A D 1 8
J N 6 4987 -7 2 6049 288 2 35 36
K 0 0 43
A D 1 8
H 35 B 1 0 108 4 2 1 1 3
H 36 S 0 0 0 0 0 0 0 0 0
J B 22 5018 1 82 6913 288 0
J F 0 5039 98 1 1 0 0
K 0 0 205
J N 6 5039 35 2 1 0 2 37 38
K 0 0 43
A D 1 8
J N 6 5066 0 2 865 288 2 38 37
K 0 0 43
A D 1 8
H 37 S 0 0 0 0 0 0 0 0 0
J N 6 5093 42 2 1729 288 2 39 38
K 0 0 43
A D 1 8
J N 6 5120 7 2 2593 288 2 38 39
K 0 0 43
A D 1 8
H 38 B 1 0 108 4 2 1 1 3
H 39 S 0 0 0 0 0 0 0 0 0
J N 6 5147 49 2 3457 288 2 40 41
K 0 0 43
A D 1 8
J N 6 5191 14 3 4321 288 2 41 40
K -18 0 63
K 0 0 43
A D 1 8
H 40 S 12 0 0 0 0 0 0 0 0
J N 6 5218 56 2 5185 288 2 42 41
K 0 0 43
A D 1 8
J N 6 5245 21 2 6049 288 2 41 42
K 0 0 43
A D 1 8
H 41 B 0 0 108 4 2 1 1 3
H 42 S 12 0 0 0 0 0 0 0 0
J B 23 5276 1 82 6913 288 0
J F 0 5299 98 1 1 0 0
K 0 0 216
J N 6 5299 63 3 1 0 1 43
K -18 0 63
K 0 0 43
A D 1 8
J N 6 5328 42 2 865 288 1 43
K 0 0 43
A D 1 8
J N 6 5355 35 2 1729 288 1 43
K 0 0 43
A D 1 8
J F 0 5382 98 2 2593 288 0
K 0 0 216
K 0 21 204
J N 6 5382 49 2 2593 0 1 43
K 0 0 43
A D 1 8
H 43 B 0 0 108 4 2 1 1 3
J F 0 5411 98 2 3457 288 0
K 0 0 205
K 0 21 203
J N 8 5411 42 4 3457 0 0
K 0 0 42
K 0 0 59
K 0 -21 59
A D 4 8
J F 0 5446 98 2 5185 576 0
K 0 0 215
K 0 21 213
J B 24 5485 1 82 6913 576 0
J N 8 5506 21 4 1 0 0
K 0 0 42
K 0 0 60
K 0 21 60
A D 4 8
J N 6 5555 35 2 3457 1152 1 44
K 0 0 43
A D 1 8
J N 6 5582 -14 5 4321 288 1 44
K 0 0 45
K 0 0 43
K -1 0 45
K 2 0 45
A D 1 8
J F 0 5609 98 1 5185 288 0
K 0 0 205
J N 6 5609 -7 2 5185 0 1 44
K 0 0 43
A D 1 8
J N 6 5636 7 2 6049 288 1 44
K 0 0 43
A D 1 8
H 44 B 1 0 108 4 2 1 1 3
J B 25 5667 1 82 6913 288 0
J R 6 5688 28 2 1 0 0
K 0 0 49
A D 1 8
J N 6 5715 -14 5 865 288 1 45
K 0 0 45
K 0 0 43
K -1 0 45
K 2 0 45
A D 1 8
J F 0 5742 98 1 1729 288 0
K 0 0 205
J N 6 5742 -7 2 1729 0 1 45
K 0 0 43
A D 1 8
J N 6 5769 7 2 2593 288 1 45
K 0 0 43
A D 1 8
H 45 B 1 0 108 3 2 1 3
J R 6 5796 28 2 3457 288 0
K 0 0 49
A D 1 8
J N 6 5823 0 2 4321 288 1 46
K 0 0 43
A D 1 8
J F 0 5863 98 1 5185 288 0
K 0 0 205
J N 6 5863 7 3 5185 0 1 46
K -18 0 63
K 0 0 43
A D 1 8
J N 6 5890 21 2 6049 288 1 46
K 0 0 43
A D 1 8
H 46 B 1 0 108 3 2 1 3
J B 26 5921 1 82 6913 288 0
J R 6 5942 28 2 1 0 0
K 0 0 49
A D 1 8
J N 6 5969 0 2 865 288 1 47
K 0 0 43
A D 1 8
J F 0 6009 98 1 1729 288 0
K 0 0 205
J N 6 6009 7 3 1729 0 1 47
K -18 0 63
K 0 0 43
A D 1 8
J N 6 6036 21 2 2593 288 1 47
K 0 0 43
A D 1 8
H 47 B 1 0 108 3 2 1 3
J R 6 6063 28 2 3457 288 0
K 0 0 49
A D 1 8
J N 6 6090 14 2 4321 288 1 48
K 0 0 43
A D 1 8
J F 0 6117 98 1 5185 288 0
K 0 0 205
J N 6 6117 21 2 5185 0 1 48
K 0 0 43
A D 1 8
J N 6 6144 35 2 6049 288 1 48
K 0 0 43
A D 1 8
H 48 B 1 0 108 3 2 1 3
J B 27 6175 1 82 6913 288 0
J R 6 6196 28 2 1 0 0
K 0 0 49
A D 1 8
J N 6 6223 14 2 865 288 1 49
K 0 0 43
A D 1 8
J F 0 6250 98 1 1729 288 0
K 0 0 205
J N 6 6250 21 2 1729 0 1 49
K 0 0 43
A D 1 8
J N 6 6277 35 2 2593 288 1 49
K 0 0 43
A D 1 8
H 49 B 1 0 108 3 2 1 3
J N 7 6304 14 4 3457 288 0
K 0 0 43
K 0 0 60
K 0 21 60
A D 2 8
J F 0 6339 98 1 5185 576 0
K 0 0 205
J N 7 6339 21 4 5185 0 0
K 0 0 43
K 0 0 60
K 0 21 60
A D 2 8
J B 28 6378 1 82 6913 576 0
J F 0 6399 98 1 1 0 0
K 0 0 204
J N 7 6399 28 4 1 0 0
K 0 0 43
K 0 0 60
K 0 21 60
A D 2 8
J F 0 6426 98 1 865 288 0
K 0 0 205
J N 7 6453 35 4 1729 288 0
K 0 0 43
K 0 0 59
K 0 -21 59
A D 2 8
J N 6 6488 7 2 3457 576 1 50
K 0 0 43
A D 1 8
J N 6 6515 0 2 4321 288 1 50
K 0 0 43
A D 1 8
J N 6 6542 7 2 5185 288 1 50
K 0 0 43
A D 1 8
J N 6 6569 14 2 6049 288 1 50
K 0 0 43
A D 1 8
H 50 B 1 0 108 4 2 1 1 3
J B 29 6600 1 82 6913 288 0
J N 6 6621 21 2 1 0 1 51
K 0 0 43
A D 1 8
J N 6 6648 -14 5 865 288 1 51
K 0 0 45
K 0 0 43
K -1 0 45
K 2 0 45
A D 1 8
J N 6 6675 -14 5 1729 288 1 51
K 0 0 45
K 0 0 43
K -1 0 45
K 2 0 45
A D 1 8
J N 6 6702 35 2 2593 288 1 51
K 0 0 43
A D 1 8
H 51 B 1 0 108 4 2 1 1 3
J R 6 6729 28 2 3457 288 0
K 0 0 49
A D 1 8
J N 6 6756 14 2 4321 288 1 52
K 0 0 43
A D 1 8
J N 6 6783 0 2 5185 288 1 52
K 0 0 43
A D 1 8
J N 6 6810 14 2 6049 288 1 52
K 0 0 43
A D 1 8
H 52 B 1 0 108 3 2 1 3
J B 30 6841 1 82 6913 288 0
J R 6 6862 28 2 1 0 0
K 0 0 49
A D 1 8
J N 6 6889 -21 5 865 288 1 53
K 0 7 45
K 0 0 43
K 0 7 45
K 1 7 45
A D 1 8
J N 6 6916 -21 5 1729 288 1 53
K 0 7 45
K 0 0 43
K 0 7 45
K 1 7 45
A D 1 8
J N 6 6943 28 2 2593 288 1 53
K 0 0 43
A D 1 8
H 53 B 1 0 108 3 2 1 3
J R 6 6970 28 2 3457 288 0
K 0 0 49
A D 1 8
J N 6 6997 7 2 4321 288 1 54
K 0 0 43
A D 1 8
J N 6 7024 -7 2 5185 288 1 54
K 0 0 43
A D 1 8
J N 6 7051 7 2 6049 288 1 54
K 0 0 43
A D 1 8
H 54 B 1 0 108 3 2 1 3
J B 31 7082 1 82 6913 288 0
J R 6 7103 28 2 1 0 0
K 0 0 49
A D 1 8
J N 6 7130 -28 6 865 288 1 55
K 0 14 45
K 0 0 45
K 0 0 43
K -1 0 45
K 2 0 45
A D 1 8
J N 6 7157 -28 6 1729 288 1 55
K 0 14 45
K 0 0 45
K 0 0 43
K -1 0 45
K 2 0 45
A D 1 8
J N 6 7184 21 2 2593 288 1 55
K 0 0 43
A D 1 8
H 55 B 1 0 108 3 2 1 3
J R 6 7211 28 2 3457 288 0
K 0 0 49
A D 1 8
J N 6 7238 0 2 4321 288 1 56
K 0 0 43
A D 1 8
J N 6 7265 -14 5 5185 288 1 56
K 0 0 45
K 0 0 43
K -1 0 45
K 2 0 45
A D 1 8
J N 6 7292 0 2 6049 288 1 56
K 0 0 43
A D 1 8
H 56 B 1 0 108 3 2 1 3
J B 32 7323 1 82 6913 288 0
J R 6 7344 28 2 1 0 0
K 0 0 49
A D 1 8
J N 6 7371 -35 6 865 288 1 57
K 0 21 45
K 0 7 45
K 0 0 43
K 0 7 45
K 1 7 45
A D 1 8
J N 6 7398 -35 6 1729 288 1 57
K 0 21 45
K 0 7 45
K 0 0 43
K 0 7 45
K 1 7 45
A D 1 8
J N 6 7425 -21 5 2593 288 1 57
K 0 7 45
K 0 0 43
K 0 7 45
K 1 7 45
A D 1 8
H 57 B 1 0 108 3 2 1 3
J F 0 7452 98 1 3457 288 0
K 0 0 206
J N 6 7452 -42 7 3457 0 1 58
K 0 28 45
K 0 14 45
K 0 0 45
K 0 0 43
K -1 0 45
K 2 0 45
A D 1 8
J N 6 7479 -7 2 4321 288 1 58
K 0 0 43
A D 1 8
J N 6 7506 -14 5 5185 288 1 58
K 0 0 45
K 0 0 43
K -1 0 45
K 2 0 45
A D 1 8
J N 6 7533 14 2 6049 288 1 58
K 0 0 43
A D 1 8
H 58 B 1 0 108 4 2 1 1 3
J B 33 7564 1 82 6913 288 0
J F 0 7585 98 2 1 0 0
K 0 0 205
K 0 21 203
J N 7 7585 7 4 1 0 0
K 0 0 43
K 0 0 60
K 0 21 60
A D 2 8
J F 0 7620 98 2 1729 576 0
K 0 0 204
K 0 21 202
J N 7 7620 56 4 1729 0 0
K 0 0 43
K 0 0 59
K 0 -21 59
A D 2 8
J N 6 7655 35 2 3457 576 1 59
K 0 0 43
A D 1 8
J N 6 7682 7 2 4321 288 1 59
K 0 0 43
A D 1 8
J N 6 7709 7 2 5185 288 1 59
K 0 0 43
A D 1 8
J N 6 7736 14 2 6049 288 1 59
K 0 0 43
A D 1 8
H 59 B 1 0 108 4 2 1 1 3
J B 34 7767 1 82 6913 288 0
J N 6 7788 21 2 1 0 1 60
K 0 0 43
A D 1 8
J N 6 7815 -14 5 865 288 1 60
K 0 0 45
K 0 0 43
K -1 0 45
K 2 0 45
A D 1 8
J N 6 7842 -14 5 1729 288 1 60
K 0 0 45
K 0 0 43
K -1 0 45
K 2 0 45
A D 1 8
J N 6 7869 35 2 2593 288 1 60
K 0 0 43
A D 1 8
H 60 B 1 0 108 4 2 1 1 3
J R 6 7896 28 2 3457 288 0
K 0 0 49
A D 1 8
J N 6 7923 14 2 4321 288 1 61
K 0 0 43
A D 1 8
J N 6 7950 0 2 5185 288 1 61
K 0 0 43
A D 1 8
J N 6 7977 14 2 6049 288 1 61
K 0 0 43
A D 1 8
H 61 B 1 0 108 3 2 1 3
J B 35 8008 1 82 6913 288 0
J R 6 8029 28 2 1 0 0
K 0 0 49
A D 1 8
J N 6 8056 -21 5 865 288 1 62
K 0 7 45
K 0 0 43
K 0 7 45
K 1 7 45
A D 1 8
J N 6 8083 -21 5 1729 288 1 62
K 0 7 45
K 0 0 43
K 0 7 45
K 1 7 45
A D 1 8
J N 6 8110 28 2 2593 288 1 62
K 0 0 43
A D 1 8
H 62 B 1 0 108 3 2 1 3
J R 6 8137 28 2 3457 288 0
K 0 0 49
A D 1 8
J N 6 8164 7 2 4321 288 1 63
K 0 0 43
A D 1 8
J N 6 8191 -7 2 5185 288 1 63
K 0 0 43
A D 1 8
J N 6 8218 7 2 6049 288 1 63
K 0 0 43
A D 1 8
H 63 B 1 0 108 3 2 1 3
J B 36 8249 1 82 6913 288 0
J R 6 8270 28 2 1 0 0
K 0 0 49
A D 1 8
J N 6 8297 -28 6 865 288 1 64
K 0 14 45
K 0 0 45
K 0 0 43
K -1 0 45
K 2 0 45
A D 1 8
J N 6 8324 -28 6 1729 288 1 64
K 0 14 45
K 0 0 45
K 0 0 43
K -1 0 45
K 2 0 45
A D 1 8
J N 6 8351 21 2 2593 288 1 64
K 0 0 43
A D 1 8
H 64 B 1 0 108 3 2 1 3
J R 6 8378 28 2 3457 288 0
K 0 0 49
A D 1 8
J N 6 8405 0 2 4321 288 1 65
K 0 0 43
A D 1 8
J N 6 8432 -14 5 5185 288 1 65
K 0 0 45
K 0 0 43
K -1 0 45
K 2 0 45
A D 1 8
J N 6 8459 0 2 6049 288 1 65
K 0 0 43
A D 1 8
H 65 B 1 0 108 3 2 1 3
J B 37 8490 1 82 6913 288 0
J R 6 8511 28 2 1 0 0
K 0 0 49
A D 1 8
J N 6 8538 -35 6 865 288 1 66
K 0 21 45
K 0 7 45
K 0 0 43
K 0 7 45
K 1 7 45
A D 1 8
J N 6 8565 -35 6 1729 288 1 66
K 0 21 45
K 0 7 45
K 0 0 43
K 0 7 45
K 1 7 45
A D 1 8
J N 6 8592 -21 5 2593 288 1 66
K 0 7 45
K 0 0 43
K 0 7 45
K 1 7 45
A D 1 8
H 66 B 1 0 108 3 2 1 3
J F 0 8619 98 1 3457 288 0
K 0 0 206
J N 6 8619 -42 7 3457 0 1 67
K 0 28 45
K 0 14 45
K 0 0 45
K 0 0 43
K -1 0 45
K 2 0 45
A D 1 8
J N 6 8646 -7 2 4321 288 1 67
K 0 0 43
A D 1 8
J N 6 8673 -14 5 5185 288 1 67
K 0 0 45
K 0 0 43
K -1 0 45
K 2 0 45
A D 1 8
J F 0 8700 98 2 6049 288 0
K 0 0 205
K 0 21 204
J N 6 8700 14 2 6049 0 1 67
K 0 0 43
A D 1 8
H 67 B 1 0 108 4 2 1 1 3
J B 38 8731 1 82 6913 288 0
J F 0 8752 98 2 1 0 0
K 0 0 205
K 0 21 203
J N 7 8752 7 4 1 0 0
K 0 0 43
K 0 0 60
K 0 21 60
A D 2 8
J F 0 8787 98 2 1729 576 0
K 0 0 204
K 0 21 202
J N 7 8787 56 4 1729 0 0
K 0 0 43
K 0 0 59
K 0 -21 59
A D 2 8
J N 6 8822 35 2 3457 576 1 68
K 0 0 43
A D 1 8
J N 6 8849 28 2 4321 288 1 68
K 0 0 43
A D 1 8
J N 6 8876 21 2 5185 288 1 68
K 0 0 43
A D 1 8
J N 6 8903 35 2 6049 288 1 68
K 0 0 43
A D 1 8
H 68 B 1 0 108 4 2 1 1 3
J B 39 8934 1 82 6913 288 0
J N 7 8955 14 4 1 0 0
K 0 0 43
K 0 0 60
K 0 21 60
A D 2 8
J R 6 8990 28 2 1729 576 0
K 0 0 49
A D 1 8
J N 6 9017 14 3 2593 288 0
K 0 0 43
K 0 0 54
A D 1 8
J F 0 9044 98 1 3457 288 0
K 0 0 206
J N 6 9044 7 2 3457 0 1 69
K 0 0 43
A D 1 8
J N 6 9071 -7 2 4321 288 1 69
K 0 0 43
A D 1 8
J N 6 9098 -14 5 5185 288 1 69
K 0 0 45
K 0 0 43
K -1 0 45
K 2 0 45
A D 1 8
J F 0 9125 98 2 6049 288 0
K 0 0 205
K 0 21 204
J N 6 9125 14 2 6049 0 1 69
K 0 0 43
A D 1 8
H 69 B 1 0 108 4 2 1 1 3
J B 40 9156 1 82 6913 288 0
J F 0 9177 98 2 1 0 0
K 0 0 205
K 0 21 203
J N 7 9177 7 4 1 0 0
K 0 0 43
K 0 0 60
K 0 21 60
A D 2 8
J F 0 9212 98 2 1729 576 0
K 0 0 204
K 0 21 202
J N 7 9212 56 4 1729 0 0
K 0 0 43
K 0 0 59
K 0 -21 59
A D 2 8
J N 8 9247 35 4 3457 576 0
K 0 0 42
K 0 0 59
K 0 -21 59
A D 4 8
J B 0 9323 6 4 6913 1152 0
K -23 21 44
K -23 35 44
K -13 0 82
K -6 0 84
J M 0 9323 0 0 10000 0 0
