@ SOURCE: not identified 
L 0 0 14 !39Violino 1 concerto grosso
J D 4 500 -120 1 6913 0 0
W 0 0 44 IV.
J D 1 75 -37 1 6913 0 0
W 0 -56 44 IV.:  Violino 1 concerto grosso
J C 4 5 42 2 6913 0 0
K 0 0 33
K 0 0 34
J K -1 57 0 1 6913 0 0
K 0 28 65
J D 5 86 -42 1 6913 0 0
W 0 0 37 Andante largo
J T 101 86 42 1 6913 0 0
K 0 0 37
J N 7 134 14 5 1 0 0
K 0 0 43
K 24 -6 44
K 0 0 60
K 0 21 60
A D 12 32
J N 6 202 21 3 2593 864 0
K 0 0 43
K 0 0 54
A D 4 32
J N 8 240 28 4 3457 288 0
K 0 0 42
K 0 0 60
K 0 21 60
A D 16 32
J B 2 323 1 82 6913 1152 0
J N 6 344 35 2 1 0 1 1
K 0 0 43
A D 4 32
J N 6 382 63 2 865 288 1 1
K 0 0 43
A D 4 32
H 1 B 0 0 108 2 2 3
J N 8 420 14 4 1729 288 0
K 0 0 42
K 0 0 60
K 0 21 60
A D 16 32
J N 7 499 21 4 5185 1152 1 2
K 0 0 43
K 0 0 60
K 0 21 60
A D 8 32
J B 3 556 1 82 6913 576 0
J N 6 577 21 2 1 0 2 3 2
K 0 0 43
A D 4 32
H 2 T 21 0 0 0 0 0 1 0
J N 6 615 49 2 865 288 1 3
K 0 0 43
A D 4 32
H 3 B 0 0 108 2 2 3
J N 7 653 28 4 1729 288 1 4
K 0 0 43
K 0 0 60
K 0 21 60
A D 8 32
J N 6 706 28 2 3457 576 2 5 4
K 0 0 43
A D 4 32
H 4 T 28 0 0 0 0 0 5 0
J N 6 744 28 2 4321 288 1 5
K 0 0 43
A D 4 32
H 5 B 1 0 108 2 2 3
J N 7 782 7 5 5185 288 1 6
K -15 0 65
K 0 0 43
K 0 0 60
K 0 21 60
A D 8 32
J B 4 839 1 82 6913 576 0
J N 6 863 7 3 1 0 2 7 6
k -15 0 65
K 0 0 43
A D 4 32
H 6 T 7 0 0 0 0 0 1 0
J N 6 901 0 2 865 288 1 7
K 0 0 43
A D 4 32
J N 6 939 14 2 1729 288 1 7
K 0 0 43
A D 4 32
J N 6 977 21 2 2593 288 1 7
K 0 0 43
A D 4 32
H 7 B 1 0 108 4 2 1 1 3
J N 7 1015 14 4 3457 288 0
K 0 0 43
K 0 0 60
K 0 21 60
A D 8 32
J N 7 1068 21 4 5185 576 0
K 0 0 43
K 0 0 60
K 0 21 60
A D 8 32
J B 5 1125 1 82 6913 576 0
J N 7 1146 28 4 1 0 0
K 0 0 43
K 0 0 60
K 0 21 60
A D 8 32
J N 8 1199 14 4 1729 576 0
K 0 0 42
K 0 0 60
K 0 21 60
A D 16 32
J N 7 1278 21 5 5185 1152 0
K -18 0 63
K 0 0 43
K 0 0 60
K 0 21 60
A D 8 32
J B 6 1335 1 82 6913 576 0
J N 8 1356 0 4 1 0 1 8
K 0 0 42
K 0 0 60
K 0 21 60
A D 16 32
J N 6 1435 0 2 3457 1152 2 9 8
K 0 0 43
A D 4 32
H 8 T 0 0 0 0 0 0 5 0
J N 6 1476 7 3 4321 288 1 9
K -15 0 65
K 0 0 43
A D 4 32
H 9 B 1 0 108 2 2 3
J N 6 1514 14 4 5185 288 2 10 11
K 0 0 43
K 24 -6 44
K 0 -24 236
A D 6 32
J N 4 1560 21 2 6481 432 1 11
K 0 0 43
A D 1 32
J N 4 1589 14 2 6697 72 2 11 10
K 0 0 43
A D 1 32
H 11 B 1 0 108 3 2 221 333
H 10 S 0 0 0 0 0 0 0 0 0
J B 7 1622 1 82 6913 72 0
J N 6 1646 7 3 1 0 1 12
K -15 0 65
K 0 0 43
A D 4 32
J N 6 1684 21 2 865 288 1 12
K 0 0 43
A D 4 32
H 12 B 1 0 108 2 2 3
J N 7 1722 7 4 1729 288 1 13
K 0 0 43
K 0 0 60
K 0 21 60
A D 8 32
J N 6 1775 7 2 3457 576 2 14 13
K 0 0 43
A D 4 32
H 13 T 7 0 0 0 0 0 1 0
J N 6 1813 14 2 4321 288 1 14
K 0 0 43
A D 4 32
H 14 B 1 0 108 2 2 3
J N 6 1851 21 4 5185 288 2 15 16
K 0 0 43
K 25 0 44
K 0 -29 236
A D 6 32
J N 4 1897 28 2 6481 432 1 16
K 0 0 43
A D 1 32
J N 4 1926 21 2 6697 72 2 16 15
K 0 0 43
A D 1 32
H 16 B 1 0 108 3 2 221 333
H 15 S 0 0 0 0 0 0 0 0 0
J B 8 1959 1 82 6913 72 0
J N 6 1980 14 2 1 0 1 17
K 0 0 43
A D 4 32
J N 6 2018 28 2 865 288 1 17
K 0 0 43
A D 4 32
H 17 B 1 0 108 2 2 3
J N 7 2056 -21 7 1729 288 1 18
K 0 7 45
K 0 0 43
K 0 7 45
K 1 7 45
K 0 0 60
K 0 21 60
A D 8 32
J N 6 2109 -21 5 3457 576 2 19 18
K 0 7 45
K 0 0 43
K 0 7 45
K 1 7 45
A D 4 32
H 18 T -21 0 0 0 0 0 1 0
J N 5 2147 -14 5 4321 288 2 20 19
K 0 0 45
K 0 0 43
K -1 0 45
K 2 0 45
A D 2 32
J N 5 2176 -7 2 4753 144 2 19 20
K 0 0 43
A D 2 32
H 19 B 1 0 108 3 2 21 33
H 20 S 0 0 0 0 0 0 0 0 0
J N 7 2205 -14 7 5185 144 1 21
K 0 0 45
K 0 0 43
K -1 0 45
K 2 0 45
K 0 0 60
K 0 21 60
A D 8 32
J B 9 2262 1 82 6913 576 0
J N 6 2283 -14 5 1 0 2 22 21
K 0 0 45
K 0 0 43
K -1 0 45
K 2 0 45
A D 4 32
H 21 T -14 0 0 0 0 0 5 0
J N 6 2321 14 2 865 288 1 22
K 0 0 43
A D 4 32
J N 6 2359 -7 2 1729 288 2 23 22
K 0 0 43
A D 4 32
J N 6 2397 0 2 2593 288 2 22 23
K 0 0 43
A D 4 32
H 22 B 1 0 108 4 2 1 1 3
H 23 S 0 0 0 0 0 0 0 0 0
J N 6 2438 7 3 3457 288 2 24 25
K -15 0 65
K 0 0 43
A D 4 32
J N 6 2476 14 2 4321 288 2 25 24
K 0 0 43
A D 4 32
H 24 S 0 0 0 0 0 0 0 0 0
J N 6 2514 21 2 5185 288 2 26 25
K 0 0 43
A D 4 32
J N 6 2552 28 2 6049 288 2 25 26
K 0 0 43
A D 4 32
H 25 B 1 0 108 4 2 1 1 3
H 26 S 0 0 0 0 0 0 0 0 0
J B 10 2594 1 82 6913 288 0
J N 6 2615 35 2 1 0 1 27
K 0 0 43
A D 4 32
J N 6 2653 14 2 865 288 1 27
K 0 0 43
A D 4 32
H 27 B 1 0 108 2 2 3
J N 7 2691 -7 4 1729 288 1 28
K 0 0 43
K 0 0 60
K 0 21 60
A D 8 32
J N 6 2744 -7 2 3457 576 2 29 28
K 0 0 43
A D 4 32
H 28 T -7 0 0 0 0 0 1 0
J N 6 2782 14 2 4321 288 1 29
K 0 0 43
A D 4 32
H 29 B 1 0 108 2 2 3
J N 7 2820 -14 7 5185 288 1 30
K 0 0 45
K 0 0 43
K -1 0 45
K 2 0 45
K 0 0 60
K 0 21 60
A D 8 32
J B 11 2877 1 82 6913 576 0
J N 6 2898 -14 5 1 0 2 31 30
K 0 0 45
K 0 0 43
K -1 0 45
K 2 0 45
A D 4 32
H 30 T -14 0 0 0 0 0 5 0
J N 6 2936 14 2 865 288 1 31
K 0 0 43
A D 4 32
H 31 B 1 0 108 2 2 3
J N 7 2974 -7 4 1729 288 1 32
K 0 0 43
K 0 0 60
K 0 21 60
A D 8 32
J N 6 3027 -7 2 3457 576 2 33 32
K 0 0 43
A D 4 32
H 32 T -7 0 0 0 0 0 1 0
J N 6 3065 42 2 4321 288 1 33
K 0 0 43
A D 4 32
H 33 B 1 0 108 2 2 3
J N 7 3103 21 4 5185 288 1 34
K 0 0 43
K 0 0 60
K 0 21 60
A D 8 32
J B 12 3160 1 82 6913 576 0
J N 7 3181 21 4 1 0 1 34
K 0 0 43
K 0 0 60
K 0 21 60
A D 8 32
H 34 T 21 0 0 0 0 0 1 0
J N 6 3234 28 2 1729 576 1 35
K 0 0 43
A D 4 32
J N 6 3272 35 2 2593 288 1 35
K 0 0 43
A D 4 32
H 35 B 0 0 108 2 2 3
J N 7 3310 28 4 3457 288 0
K 0 0 43
K 0 0 60
K 0 21 60
A D 8 32
J N 7 3363 35 4 5185 576 0
K 0 0 43
K 0 0 59
K 0 -21 59
A D 8 32
J B 13 3420 1 82 6913 576 0
J N 7 3441 42 4 1 0 0
K 0 0 43
K 0 0 59
K 0 -21 59
A D 8 32
J R 6 3494 28 2 1729 576 0
K 0 0 49
A D 4 32
J N 6 3532 7 4 2593 288 0
K -15 0 65
K 0 0 43
K 0 0 54
A D 4 32
J N 6 3570 14 2 3457 288 1 36
K 0 0 43
A D 4 32
J N 6 3608 42 2 4321 288 1 36
K 0 0 43
A D 4 32
H 36 B 1 0 108 2 2 3
J R 6 3646 28 2 5185 288 0
K 0 0 49
A D 4 32
J N 6 3684 7 4 6049 288 0
K 0 0 43
K 0 74 108
K 0 0 54
A D 4 32
J B 14 3726 1 82 6913 288 0
J N 6 3747 14 2 1 0 1 37
K 0 0 43
A D 4 32
J N 6 3785 42 2 865 288 1 37
K 0 0 43
A D 4 32
H 37 B 1 0 108 2 2 3
J R 6 3823 28 2 1729 288 0
K 0 0 49
A D 4 32
J N 5 3861 -7 3 2593 288 1 38
K 0 0 43
K 0 92 110
A D 2 32
J N 5 3890 14 2 3025 144 1 38
K 0 0 43
A D 2 32
H 38 B 1 0 108 2 22 33
J N 7 3931 7 5 3457 144 0
K -15 0 65
K 0 0 43
K 0 0 60
K 0 21 60
A D 8 32
J N 7 3984 14 4 5185 576 1 39
K 0 0 43
K 0 0 60
K 0 21 60
A D 8 32
J B 15 4041 1 82 6913 576 0
J N 7 4062 14 4 1 0 1 39
K 0 0 43
K 0 0 60
K 0 21 60
A D 8 32
H 39 T 14 0 0 0 0 0 5 0
J N 7 4115 21 4 1729 576 0
K 0 0 43
K 0 0 60
K 0 21 60
A D 8 32
J N 8 4168 14 4 3457 576 0
K 0 0 42
K 0 0 60
K 0 21 60
A D 16 32
J B 0 4264 6 2 6913 1152 0
K -13 0 82
K -6 0 84
J M 0 4264 0 0 10000 0 0
