@ SOURCE: not identified 
L 0 0 14 !39Basso concerto grosso
J D 4 500 -120 1 6913 0 0
W 0 0 44 IV.
J D 1 75 -37 1 6913 0 0
W 0 -56 44 IV.:  Basso concerto grosso
J C 22 5 14 36 6913 0 0
J K -1 57 0 1 6913 0 0
K 0 42 65
J D 5 86 -42 1 6913 0 0
W 0 0 37 Andante largo
J T 101 86 42 1 6913 0 0
K 0 0 37
J F 0 134 98 1 1 0 0
K 0 0 213
J N 6 134 28 2 1 0 1 1
K 0 0 43
A D 1 8
J N 6 163 21 2 865 288 1 1
K 0 0 43
A D 1 8
J F 0 203 98 1 1729 288 0
K 0 0 205
J N 6 203 14 3 1729 0 1 1
K -18 0 63
K 0 0 43
A D 1 8
J N 6 232 28 2 2593 288 1 1
K 0 0 43
A D 1 8
H 1 B 1 0 108 4 2 1 1 3
J F 0 261 98 1 3457 288 0
K 0 0 208
J N 6 261 7 2 3457 0 1 2
K 0 0 43
A D 1 8
J N 6 290 0 2 4321 288 1 2
K 0 0 43
A D 1 8
J F 0 319 98 1 5185 288 0
K 0 0 205
J N 6 319 -7 2 5185 0 1 2
K 0 0 43
A D 1 8
J N 6 348 -14 5 6049 288 1 2
K 0 0 45
K 0 0 43
K -1 0 45
K 2 0 45
A D 1 8
H 2 B 1 0 108 4 2 1 1 3
J B 2 381 1 82 6913 288 0
J F 0 402 98 1 1 0 0
K 0 0 203
J N 6 402 -21 5 1 0 1 3
K 0 7 45
K 0 0 43
K 0 7 45
K 1 7 45
A D 1 8
J N 6 431 28 2 865 288 1 3
K 0 0 43
A D 1 8
J F 0 460 98 1 1729 288 0
K 0 0 205
J N 6 460 14 2 1729 0 1 3
K 0 0 43
A D 1 8
J N 6 489 28 2 2593 288 1 3
K 0 0 43
A D 1 8
H 3 B 1 0 108 4 2 1 1 3
J F 0 518 98 3 3457 288 0
K 0 0 205
K 15 0 219
K 0 21 204
J N 6 518 7 2 3457 0 1 4
K 0 0 43
A D 1 8
J N 6 553 7 2 4321 288 1 4
K 0 0 43
A D 1 8
J F 0 582 98 3 5185 288 0
K 0 0 205
K 0 21 204
K 15 21 219
J N 6 582 0 2 5185 0 1 4
K 0 0 43
A D 1 8
J N 6 617 14 2 6049 288 1 4
K 0 0 43
A D 1 8
H 4 B 1 0 108 4 2 1 1 3
J B 3 650 1 82 6913 288 0
J F 0 671 98 1 1 0 0
K 0 0 208
J N 6 671 -7 2 1 0 1 5
K 0 0 43
A D 1 8
J N 6 700 -14 5 865 288 1 5
K 0 0 45
K 0 0 43
K -1 0 45
K 2 0 45
A D 1 8
J F 0 729 98 1 1729 288 0
K 0 0 205
J N 6 729 -21 5 1729 0 1 5
K 0 7 45
K 0 0 43
K 0 7 45
K 1 7 45
A D 1 8
J N 6 758 -7 2 2593 288 1 5
K 0 0 43
A D 1 8
H 5 B 1 0 108 4 2 1 1 3
J F 0 791 98 1 3457 288 0
K 0 0 208
J N 6 791 -28 7 3457 0 1 6
K 0 14 45
K 0 0 45
K -15 0 65
K 0 0 43
K -1 0 45
K 2 0 45
A D 1 8
J N 6 820 -21 5 4321 288 1 6
K 0 7 45
K 0 0 43
K 0 7 45
K 1 7 45
A D 1 8
J F 0 849 98 1 5185 288 0
K 0 0 202
J N 6 849 -14 5 5185 0 1 6
K 0 0 45
K 0 0 43
K -1 0 45
K 2 0 45
A D 1 8
J N 6 878 -7 2 6049 288 1 6
K 0 0 43
A D 1 8
H 6 B 1 0 108 4 2 1 1 3
J B 4 911 1 82 6913 288 0
J F 0 932 98 3 1 0 0
K 0 0 205
K 0 21 204
K 15 21 219
J N 6 932 0 2 1 0 1 7
K 0 0 43
A D 1 8
J N 6 967 14 2 865 288 1 7
K 0 0 43
A D 1 8
J N 6 996 -7 2 1729 288 1 7
K 0 0 43
A D 1 8
J F 0 1029 98 2 2593 288 0
K 0 0 205
K 0 21 204
J N 6 1029 21 3 2593 0 1 7
K -15 0 65
K 0 0 43
A D 1 8
H 7 B 1 0 108 4 2 1 1 3
J F 0 1058 98 2 3457 288 0
K 0 0 205
K 0 21 203
J N 6 1058 14 2 3457 0 1 8
K 0 0 43
A D 1 8
J N 6 1087 21 2 4321 288 1 8
K 0 0 43
A D 1 8
J F 0 1116 98 2 5185 288 0
K 0 0 204
K 0 21 202
J N 6 1116 14 2 5185 0 1 8
K 0 0 43
A D 1 8
J N 6 1145 63 2 6049 288 1 8
K 0 0 43
A D 1 8
H 8 B 0 0 108 4 2 1 1 3
J B 5 1178 1 82 6913 288 0
J N 6 1199 -7 2 1 0 1 9
K 0 0 43
A D 1 8
J N 6 1228 0 2 865 288 1 9
K 0 0 43
A D 1 8
J N 6 1257 7 2 1729 288 1 9
K 0 0 43
A D 1 8
J N 6 1286 14 2 2593 288 1 9
K 0 0 43
A D 1 8
H 9 B 1 0 108 4 2 1 1 3
J F 0 1315 98 3 3457 288 0
K 0 0 205
K 15 0 218
K 0 21 204
J N 6 1315 7 2 3457 0 1 10
K 0 0 43
A D 1 8
J N 6 1348 21 2 4321 288 1 10
K 0 0 43
A D 1 8
J F 0 1377 98 1 5185 288 0
K 0 0 213
J N 6 1377 0 2 5185 0 1 10
K 0 0 43
A D 1 8
J N 6 1406 49 2 6049 288 1 10
K 0 0 43
A D 1 8
H 10 B 1 0 108 4 2 1 1 3
J B 6 1439 1 82 6913 288 0
J F 0 1460 98 1 1 0 0
K 0 0 208
J N 6 1460 28 2 1 0 1 11
K 0 0 43
A D 1 8
J N 6 1489 21 2 865 288 1 11
K 0 0 43
A D 1 8
J F 0 1518 98 1 1729 288 0
K 0 0 205
J N 6 1518 14 2 1729 0 1 11
K 0 0 43
A D 1 8
J F 0 1547 98 1 2593 288 0
K 0 0 206
J N 6 1547 28 2 2593 0 1 11
K 0 0 43
A D 1 8
H 11 B 1 0 108 4 2 1 1 3
J F 0 1576 98 2 3457 288 0
K 0 0 206
K 0 21 218
J N 6 1576 7 2 3457 0 1 12
K 0 0 43
A D 1 8
J N 6 1605 35 2 4321 288 1 12
K 0 0 43
A D 1 8
J F 0 1634 98 1 5185 288 0
K 0 0 203
J N 6 1634 7 2 5185 0 1 12
K 0 0 43
A D 1 8
J F 0 1663 98 1 6049 288 0
K 0 0 218
J N 6 1663 56 2 6049 0 1 12
K 0 0 43
A D 1 8
H 12 B 0 0 108 4 2 1 1 3
J B 7 1696 1 82 6913 288 0
J F 0 1717 98 1 1 0 0
K 0 0 219
J N 6 1717 35 2 1 0 1 13
K 0 0 43
A D 1 8
J N 6 1746 28 2 865 288 1 13
K 0 0 43
A D 1 8
J N 6 1787 21 3 1729 288 1 13
K -15 0 65
K 0 0 43
A D 1 8
J F 0 1816 98 1 2593 288 0
K 0 0 206
J N 6 1816 35 2 2593 0 1 13
K 0 0 43
A D 1 8
H 13 B 0 0 108 4 2 1 1 3
J F 0 1845 98 1 3457 288 0
K 0 0 206
J N 6 1845 14 2 3457 0 1 14
K 0 0 43
A D 1 8
J N 6 1874 42 2 4321 288 1 14
K 0 0 43
A D 1 8
J F 0 1903 98 1 5185 288 0
K 0 0 203
J N 6 1903 14 2 5185 0 1 14
K 0 0 43
A D 1 8
J F 0 1932 98 1 6049 288 0
K 0 0 202
J N 6 1932 63 2 6049 0 1 14
K 0 0 43
A D 1 8
H 14 B 0 0 108 4 2 1 1 3
J B 8 1965 1 82 6913 288 0
J N 6 1986 42 2 1 0 1 15
K 0 0 43
A D 1 8
J N 6 2015 35 2 865 288 1 15
K 0 0 43
A D 1 8
J N 6 2044 28 2 1729 288 1 15
K 0 0 43
A D 1 8
J N 6 2073 21 2 2593 288 1 15
K 0 0 43
A D 1 8
H 15 B 0 0 108 4 2 1 1 3
J F 0 2102 98 1 3457 288 0
K 0 0 203
J N 7 2102 14 5 3457 0 0
K 0 0 43
K 24 -6 44
K 0 0 60
K 0 21 60
A D 3 8
J F 0 2140 98 1 5185 576 0
K 0 0 202
J F 0 2173 98 1 6049 288 0
K 0 0 205
J N 6 2173 14 4 6049 0 0
K -18 0 63
K 0 0 43
K 0 0 54
A D 1 8
J B 9 2206 1 82 6913 288 0
J F 0 2227 98 1 1 0 0
K 0 0 208
J N 6 2227 7 2 1 0 1 16
K 0 0 43
A D 1 8
J N 6 2256 0 2 865 288 1 16
K 0 0 43
A D 1 8
J F 0 2285 98 1 1729 288 0
K 0 0 205
J N 6 2285 -7 2 1729 0 1 16
K 0 0 43
A D 1 8
J N 6 2314 7 2 2593 288 1 16
K 0 0 43
A D 1 8
H 16 B 1 0 108 4 2 1 1 3
J F 0 2343 98 1 3457 288 0
K 0 0 219
J N 6 2343 35 2 3457 0 1 17
K 0 0 43
A D 1 8
J N 6 2372 28 2 4321 288 1 17
K 0 0 43
A D 1 8
J N 6 2413 21 3 5185 288 1 17
K -15 0 65
K 0 0 43
A D 1 8
J N 6 2442 35 2 6049 288 1 17
K 0 0 43
A D 1 8
H 17 B 0 0 108 4 2 1 1 3
J B 10 2475 1 82 6913 288 0
J F 0 2496 98 1 1 0 0
K 0 0 213
J N 6 2496 28 2 1 0 1 18
K 0 0 43
A D 1 8
J N 6 2525 -21 5 865 288 1 18
K 0 7 45
K 0 0 43
K 0 7 45
K 1 7 45
A D 1 8
J F 0 2554 98 1 1729 288 0
K 0 0 205
J N 6 2554 -7 2 1729 0 1 18
K 0 0 43
A D 1 8
J N 6 2583 7 2 2593 288 1 18
K 0 0 43
A D 1 8
H 18 B 1 0 108 4 2 1 1 3
J F 0 2612 98 3 3457 288 0
K 0 0 205
K 0 21 204
K 0 42 219
J N 6 2612 -14 5 3457 0 1 19
K 0 0 45
K 0 0 43
K -1 0 45
K 2 0 45
A D 1 8
J N 6 2641 0 2 4321 288 1 19
K 0 0 43
A D 1 8
J F 0 2680 98 2 5185 288 0
K 0 0 205
K 0 21 204
J N 6 2680 14 3 5185 0 1 19
K -18 0 63
K 0 0 43
A D 1 8
J N 6 2709 28 2 6049 288 1 19
K 0 0 43
A D 1 8
H 19 B 1 0 108 4 2 1 1 3
J B 11 2742 1 82 6913 288 0
J F 0 2763 98 1 1 0 0
K 0 0 208
J N 6 2763 7 2 1 0 1 20
K 0 0 43
A D 1 8
J N 6 2792 0 2 865 288 1 20
K 0 0 43
A D 1 8
J F 0 2821 98 1 1729 288 0
K 0 0 205
J N 6 2821 -7 2 1729 0 1 20
K 0 0 43
A D 1 8
J N 6 2850 7 2 2593 288 1 20
K 0 0 43
A D 1 8
H 20 B 1 0 108 4 2 1 1 3
J F 0 2879 98 2 3457 288 0
K 0 0 208
K 0 21 219
J N 6 2879 -14 5 3457 0 1 21
K 0 0 45
K 0 0 43
K -1 0 45
K 2 0 45
A D 1 8
J N 6 2908 -7 2 4321 288 1 21
K 0 0 43
A D 1 8
J F 0 2937 98 2 5185 288 0
K 0 0 204
K 15 0 219
J N 6 2937 0 2 5185 0 1 21
K 0 0 43
A D 1 8
J N 6 2972 7 2 6049 288 1 21
K 0 0 43
A D 1 8
H 21 B 1 0 108 4 2 1 1 3
J B 12 3005 1 82 6913 288 0
J F 0 3030 98 2 1 0 0
K 0 0 205
K 0 21 204
J N 6 3030 14 3 1 0 1 22
K -18 0 63
K 0 0 43
A D 1 8
J N 6 3059 28 2 865 288 1 22
K 0 0 43
A D 1 8
J N 6 3088 7 2 1729 288 1 22
K 0 0 43
A D 1 8
J F 0 3117 98 2 2593 288 0
K 0 0 205
K 0 21 204
J N 6 3117 35 2 2593 0 1 22
K 0 0 43
A D 1 8
H 22 B 1 0 108 4 2 1 1 3
J F 0 3146 98 2 3457 288 0
K 0 0 205
K 0 21 203
J N 6 3146 28 2 3457 0 1 23
K 0 0 43
A D 1 8
J N 6 3175 35 2 4321 288 1 23
K 0 0 43
A D 1 8
J F 0 3204 98 2 5185 288 0
K 0 0 204
K 0 21 213
J N 6 3204 28 2 5185 0 1 23
K 0 0 43
A D 1 8
J N 6 3233 77 5 6049 288 1 23
K 1 -7 45
K 0 0 43
K 0 -7 45
K 1 -7 45
A D 1 8
H 23 B 0 0 108 4 2 1 1 3
J B 13 3266 1 82 6913 288 0
J N 6 3287 56 2 1 0 1 24
K 0 0 43
A D 1 8
J F 0 3329 98 1 865 288 0
K 0 0 219
J N 6 3329 -14 5 865 0 1 24
K 0 0 45
K 0 0 43
K -1 0 45
K 2 0 45
A D 1 8
J F 0 3365 98 1 1729 288 0
K 0 0 205
J N 6 3365 -7 3 1729 0 1 24
K -14 0 64
K 0 0 43
A D 1 8
J N 6 3394 -14 5 2593 288 1 24
K 0 0 45
K 0 0 43
K -1 0 45
K 2 0 45
A D 1 8
H 24 B 0 8 108 4 2 1 1 3
J N 6 3423 -7 2 3457 288 1 25
K 0 0 43
A D 1 8
J N 6 3452 -14 6 4321 288 1 25
K 0 0 45
K 0 0 43
K -1 0 45
K 2 0 45
K 0 93 108
A D 1 8
J N 6 3481 -7 2 5185 288 1 25
K 0 0 43
A D 1 8
J N 6 3510 -14 5 6049 288 1 25
K 0 0 45
K 0 0 43
K -1 0 45
K 2 0 45
A D 1 8
H 25 B 1 0 108 4 2 1 1 3
J B 14 3543 1 82 6913 288 0
J N 6 3568 -7 3 1 0 1 26
K -14 0 64
K 0 0 43
A D 1 8
J N 6 3597 -14 5 865 288 1 26
K 0 0 45
K 0 0 43
K -1 0 45
K 2 0 45
A D 1 8
J N 6 3626 -7 2 1729 288 1 26
K 0 0 43
A D 1 8
J N 6 3655 7 3 2593 288 1 26
K 0 0 43
K 0 81 110
A D 1 8
H 26 B 1 0 108 4 2 1 1 3
J F 0 3684 98 1 3457 288 0
K 0 0 219
J N 7 3684 35 4 3457 0 0
K 0 0 43
K 0 0 59
K 0 -21 59
A D 2 8
J F 0 3722 98 1 5185 576 0
K 0 0 213
J N 7 3722 28 4 5185 0 0
K 0 0 43
K 0 0 60
K 0 21 60
A D 2 8
J B 15 3764 1 82 6913 576 0
J F 0 3785 98 1 1 0 0
K 0 0 206
J N 8 3785 21 5 1 0 0
K -15 0 65
K 0 0 42
K 0 0 60
K 0 21 60
A D 4 8
J F 0 3823 98 1 1729 576 0
K 0 0 205
J F 0 3861 98 1 3457 576 0
K 0 0 213
J N 8 3861 28 4 3457 0 0
K 0 0 42
K 0 0 60
K 0 21 60
A D 4 8
J B 0 3931 6 2 6913 1152 0
K -13 0 82
K -6 0 84
J M 0 3931 0 0 10000 0 0
