X 46 1200C 120 IV.    
S 0 500 240 1750 1066 7 "[...][....]"        
L 0 0 0 0 0 * 0 14 0        
J D 0 -300 21 1 6913 0 0        
W 0 0 39 Violino 1        
W 0 42 33 concertino     
J D 1 75 -37 1 6913 0 0     
W 0 -56 0 (44) :  Violino 1        
J C 4 5 42 2 6913 0 0        
K 0 0 33        
K 0 0 34        
J K -2 57 0 2 6913 0 0        
K 0 28 65        
K 13 7 65        
J D 5 99 -42 1 6913 0 0        
W 0 0 37 Vivace        
J T 101 99 42 1 6913 0 0        
K 0 0 37        
J N 7 147 7 5 1 0 0        
K 0 0 43        
K 25 0 44        
K 0 0 60        
K 0 21 60        
A D 3 8        
J N 6 231 7 3 2593 864 0        
K 0 0 43        
K 0 0 54        
A D 1 8        
J N 8 271 14 4 3457 288 0        
K 0 0 42        
K 0 0 60        
K 0 21 60        
A D 4 8        
J B 2 400 1 82 6913 1152 0        
J N 7 421 21 5 1 0 0        
K 0 0 43        
K 25 0 44        
K 0 0 60        
K 0 21 60        
A D 3 8        
J N 6 505 21 3 2593 864 0        
K 0 0 43        
K 0 0 54        
A D 1 8        
J N 8 545 28 5 3457 288 0        
K -14 0 64        
K 0 0 42        
K 0 0 60        
K 0 21 60        
A D 4 8        
J B 3 676 1 82 6913 1152 0        
J N 7 697 -7 5 1 0 0        
K 0 0 43        
K 25 0 44        
K 0 0 60        
K 0 21 60        
A D 3 8        
J N 6 784 -7 3 2593 864 0        
K 0 0 43        
K 0 0 54        
A D 1 8        
J N 8 825 0 4 3457 288 0        
K 0 0 42        
K 0 0 60        
K 0 21 60        
A D 4 8        
J B 4 945 1 82 6913 1152 0        
J N 7 966 7 5 1 0 0        
K 0 0 43        
K 25 0 44        
K 0 0 60        
K 0 21 60        
A D 3 8        
J N 6 1053 7 3 2593 864 0        
K 0 0 43        
K 0 0 54        
A D 1 8        
J N 8 1082 14 4 3457 288 0        
K 0 0 42        
K 0 0 60        
K 0 21 60        
A D 4 8        
J B 5 1202 1 82 6913 1152 0        
J N 7 1223 -21 8 1 0 0        
K 0 7 45        
K 0 0 43        
K 0 7 45        
K 1 7 45        
K 25 0 44        
K 0 0 60        
K 0 21 60        
A D 3 8        
J N 6 1310 -21 7 2593 864 0        
K 0 7 45        
K 0 0 43        
K 0 7 45        
K 1 7 45        
K 0 0 60        
K 0 0 54        
A D 1 8        
J N 8 1351 -14 8 3457 288 0        
K 0 0 45        
K -15 0 65        
K 0 0 42        
K -1 0 45        
K 2 0 45        
K 0 0 60        
K 0 21 60        
A D 4 8        
J B 6 1477 1 82 6913 1152 0        
J N 8 1498 -7 4 1 0 0        
K 0 0 42        
K 0 0 60        
K 0 21 60        
A D 4 8        
J N 7 1618 0 4 3457 1152 0        
K 0 0 43        
K 0 0 60        
K 0 21 60        
A D 2 8        
J N 7 1688 28 4 5185 576 0        
K 0 0 43        
K 0 0 60        
K 0 21 60        
A D 2 8        
J B 7 1750 1 82 6913 576 0        
E *        
L 160 0 0 0 0 * 0 14 0        
J D 0 -300 21 1 6913 0 0        
W 0 0 39 Violino 2        
W 0 42 33 concertino     
J D 1 75 -37 1 6913 0 0     
W 0 -56 0 (44) :  Violino 2        
J C 4 5 42 2 6913 0 0        
K 0 0 33        
K 0 0 34        
J K -2 57 0 2 6913 0 0        
K 0 28 65        
K 13 7 65        
J D 5 99 -42 1 6913 0 0        
W 0 0 0 (37) Vivace        
J T 101 99 42 1 6913 0 0        
K 0 0 37        
J N 7 147 21 5 1 0 0        
K 0 0 43        
K 25 0 44        
K 0 0 60        
K 0 21 60        
A D 3 8        
J N 6 231 21 3 2593 864 0        
K 0 0 43        
K 0 0 54        
A D 1 8        
J N 8 271 28 5 3457 288 0        
K -14 0 64        
K 0 0 42        
K 0 0 60        
K 0 21 60        
A D 4 8        
J B 2 400 1 82 6913 1152 0        
J N 7 421 7 5 1 0 0        
K 0 0 43        
K 25 0 44        
K 0 0 60        
K 0 21 60        
A D 3 8        
J N 6 505 7 3 2593 864 0        
K 0 0 43        
K 0 0 54        
A D 1 8        
J N 8 545 14 4 3457 288 0        
K 0 0 42        
K 0 0 60        
K 0 21 60        
A D 4 8        
J B 3 676 1 82 6913 1152 0        
J N 7 697 7 5 1 0 0        
K 0 0 43        
K 25 0 44        
K 0 0 60        
K 0 21 60        
A D 3 8        
J N 6 784 7 3 2593 864 0        
K 0 0 43        
K 0 0 54        
A D 1 8        
J N 8 825 14 4 3457 288 0        
K 0 0 42        
K 0 0 60        
K 0 21 60        
A D 4 8        
J B 4 945 1 82 6913 1152 0        
J N 7 966 -7 5 1 0 0        
K 0 0 43        
K 25 0 44        
K 0 0 60        
K 0 21 60        
A D 3 8        
J N 6 1053 -7 3 2593 864 0        
K 0 0 43        
K 0 0 54        
A D 1 8        
J N 8 1082 0 4 3457 288 0        
K 0 0 42        
K 0 0 60        
K 0 21 60        
A D 4 8        
J B 5 1202 1 82 6913 1152 0        
J N 7 1223 -7 5 1 0 0        
K 0 0 43        
K 25 0 44        
K 0 0 60        
K 0 21 60        
A D 3 8        
J N 6 1310 -7 3 2593 864 0        
K 0 0 43        
K 0 0 54        
A D 1 8        
J N 7 1351 -7 4 3457 288 0        
K 0 0 43        
K 0 0 60        
K 0 21 60        
A D 2 8        
J N 7 1409 0 4 5185 576 1 1        
K 0 0 43        
K 0 0 60        
K 0 21 60        
A D 2 8        
J B 6 1477 1 82 6913 576 0        
J N 7 1498 0 4 1 0 1 1        
K 0 0 43        
K 0 0 60        
K 0 21 60        
A D 2 8        
H 1 T 0 0 0 0 0 0 5 0        
J N 8 1556 7 4 1729 576 0        
K 0 0 42        
K 0 0 60        
K 0 21 60        
A D 4 8        
J N 7 1688 14 4 5185 1152 0        
K 0 0 43        
K 0 0 60        
K 0 21 60        
A D 2 8        
J B 7 1750 1 82 6913 576 0        
E *        
L 320 0 0 0 0 * 0 14 0        
J D 0 -300 21 1 6913 0 0        
W 0 0 39 Violoncello        
W 0 42 33 concertino     
J D 1 75 -37 1 6913 0 0     
W 0 -56 0 (44) :  Violoncello        
J C 22 5 14 36 6913 0 0        
J K -2 57 0 2 6913 0 0        
K 0 42 65        
K 13 21 65        
J D 5 99 -42 1 6913 0 0        
W 0 0 0 (37) Vivace        
J T 101 99 42 1 6913 0 0        
K 0 0 37        
J N 6 147 35 2 1 0 1 1        
K 0 0 43        
A D 1 8        
J N 6 175 28 2 865 288 1 1        
K 0 0 43        
A D 1 8        
J N 6 203 21 2 1729 288 1 1        
K 0 0 43        
A D 1 8        
J N 6 231 14 2 2593 288 1 1        
K 0 0 43        
A D 1 8        
H 1 B -42 -5 108 4 2 1 1 3        
J F 0 271 98 1 3457 288 0        
K 0 0 218        
J N 6 271 7 2 3457 0 1 2        
K 0 0 43        
A D 1 8        
J N 6 299 0 2 4321 288 1 2        
K 0 0 43        
A D 1 8        
J N 6 339 -7 3 5185 288 1 2        
K -14 0 64        
K 0 0 43        
A D 1 8        
J N 6 367 7 2 6049 288 1 2        
K 0 0 43        
A D 1 8        
H 2 B -49 0 108 4 2 1 1 3        
J B 2 400 1 82 6913 288 0        
J N 6 421 35 2 1 0 1 3        
K 0 0 43        
A D 1 8        
J N 6 449 28 2 865 288 1 3        
K 0 0 43        
A D 1 8        
J N 6 477 21 2 1729 288 1 3        
K 0 0 43        
A D 1 8        
J N 6 505 14 2 2593 288 1 3        
K 0 0 43        
A D 1 8        
H 3 B -42 -5 108 4 2 1 1 3        
J F 0 545 98 1 3457 288 0        
K 0 0 218        
J N 6 545 7 2 3457 0 1 4        
K 0 0 43        
A D 1 8        
J N 6 574 0 2 4321 288 1 4        
K 0 0 43        
A D 1 8        
J N 6 614 -7 3 5185 288 1 4        
K -14 0 64        
K 0 0 43        
A D 1 8        
J N 6 643 7 2 6049 288 1 4        
K 0 0 43        
A D 1 8        
H 4 B -49 0 108 4 2 1 1 3        
J B 3 676 1 82 6913 288 0        
J F 0 697 98 1 1 0 0        
K 0 0 204        
J N 6 697 21 2 1 0 1 5        
K 0 0 43        
A D 1 8        
J N 6 726 14 2 865 288 1 5        
K 0 0 43        
A D 1 8        
J N 6 755 7 2 1729 288 1 5        
K 0 0 43        
A D 1 8        
J N 6 784 0 2 2593 288 1 5        
K 0 0 43        
A D 1 8        
H 5 B -51 -4 108 4 2 1 1 3        
J N 6 825 -7 3 3457 288 1 6        
K -15 0 65        
K 0 0 43        
A D 1 8        
J N 6 854 -14 5 4321 288 1 6        
K 0 0 45        
K 0 0 43        
K -1 0 45        
K 2 0 45        
A D 1 8        
J N 6 883 -21 5 5185 288 1 6        
K 0 7 45        
K 0 0 43        
K 0 7 45        
K 1 7 45        
A D 1 8        
J N 6 912 -7 2 6049 288 1 6        
K 0 0 43        
A D 1 8        
H 6 B -49 0 108 4 2 1 1 3        
J B 4 945 1 82 6913 288 0        
J N 6 966 21 2 1 0 1 7        
K 0 0 43        
A D 1 8        
J N 6 995 14 2 865 288 1 7        
K 0 0 43        
A D 1 8        
J N 6 1024 7 2 1729 288 1 7        
K 0 0 43        
A D 1 8        
J N 6 1053 0 2 2593 288 1 7        
K 0 0 43        
A D 1 8        
H 7 B -51 -4 108 4 2 1 1 3        
J N 6 1082 -7 2 3457 288 1 8        
K 0 0 43        
A D 1 8        
J N 6 1111 -14 5 4321 288 1 8        
K 0 0 45        
K 0 0 43        
K -1 0 45        
K 2 0 45        
A D 1 8        
J N 6 1140 -21 5 5185 288 1 8        
K 0 7 45        
K 0 0 43        
K 0 7 45        
K 1 7 45        
A D 1 8        
J N 6 1169 -7 2 6049 288 1 8        
K 0 0 43        
A D 1 8        
H 8 B -49 0 108 4 2 1 1 3        
J B 5 1202 1 82 6913 288 0        
J N 6 1223 21 2 1 0 1 9        
K 0 0 43        
A D 1 8        
J N 6 1252 14 2 865 288 1 9        
K 0 0 43        
A D 1 8        
J N 6 1281 7 2 1729 288 1 9        
K 0 0 43        
A D 1 8        
J N 6 1310 21 2 2593 288 1 9        
K 0 0 43        
A D 1 8        
H 9 B -42 0 108 4 2 1 1 3        
J F 0 1351 98 2 3457 288 0        
K 0 0 208        
K 0 21 219        
J N 6 1351 14 2 3457 0 1 10        
K 0 0 43        
A D 1 8        
J N 6 1380 21 2 4321 288 1 10        
K 0 0 43        
A D 1 8        
J F 0 1409 103 3 5185 288 0        
K 0 0 205        
K 0 21 204        
K 15 21 219        
J N 6 1409 28 2 5185 0 1 10        
K 0 0 43        
A D 1 8        
J N 6 1444 42 2 6049 288 1 10        
K 0 0 43        
A D 1 8        
H 10 B -52 6 108 4 2 1 1 3        
J B 6 1477 1 82 6913 288 0        
J F 0 1498 98 1 1 0 0        
K 0 0 208        
J N 6 1498 21 2 1 0 1 11        
K 0 0 43        
A D 1 8        
J N 6 1527 14 2 865 288 1 11        
K 0 0 43        
A D 1 8        
J F 0 1556 98 1 1729 288 0        
K 0 0 205        
J N 6 1556 7 2 1729 0 1 11        
K 0 0 43        
A D 1 8        
J N 6 1585 21 2 2593 288 1 11        
K 0 0 43        
A D 1 8        
H 11 B -42 0 108 4 2 1 1 3        
J F 0 1618 98 2 3457 288 0        
K 0 0 205        
K 0 21 204        
J N 6 1618 0 3 3457 0 1 12        
K -15 0 65        
K 0 0 43        
A D 1 8        
J N 6 1659 14 2 4321 288 1 12        
K 0 0 43        
A D 1 8        
J F 0 1688 102 1 5185 288 0        
K 0 0 202        
J N 6 1688 -7 2 5185 0 1 12        
K 0 0 43        
A D 1 8        
J N 6 1717 42 2 6049 288 1 12        
K 0 0 43        
A D 1 8        
H 12 B -61 7 108 4 2 1 1 3        
J B 7 1750 1 82 6913 288 0        
E *        
L 530 0 0 0 0 * 0 14 0        
J D 0 -300 21 1 6913 0 0        
W 0 0 39 Violino 1        
W 0 42 33 concerto grosso     
J D 1 75 -37 1 6913 0 0     
W 0 -56 0 (44) :  Violino 1        
J C 4 5 42 2 6913 0 0        
K 0 0 33        
K 0 0 34        
J K -2 57 0 2 6913 0 0        
K 0 28 65        
K 13 7 65        
J D 5 99 -42 1 6913 0 0        
W 0 0 0 (37) Vivace        
J T 101 99 42 1 6913 0 0        
K 0 0 37        
J N 7 147 7 5 1 0 0        
K 0 0 43        
K 25 0 44        
K 0 0 60        
K 0 21 60        
A D 3 8        
J N 6 231 7 3 2593 864 0        
K 0 0 43        
K 0 0 54        
A D 1 8        
J N 8 271 14 4 3457 288 0        
K 0 0 42        
K 0 0 60        
K 0 21 60        
A D 4 8        
J B 2 400 1 82 6913 1152 0        
J R 9 524 28 2 1 10000 0        
K 0 0 46        
A D 8 8        
J B 3 676 1 82 6913 2304 0        
J N 7 697 -7 5 1 0 0        
K 0 0 43        
K 25 0 44        
K 0 0 60        
K 0 21 60        
A D 3 8        
J N 6 784 -7 3 2593 864 0        
K 0 0 43        
K 0 0 54        
A D 1 8        
J N 8 825 0 4 3457 288 0        
K 0 0 42        
K 0 0 60        
K 0 21 60        
A D 4 8        
J B 4 945 1 82 6913 1152 0        
J R 9 1059 28 2 1 10000 0        
K 0 0 46        
A D 8 8        
J B 5 1202 1 82 6913 2304 0        
J N 7 1223 -21 8 1 0 0        
K 0 7 45        
K 0 0 43        
K 0 7 45        
K 1 7 45        
K 25 0 44        
K 0 0 60        
K 0 21 60        
A D 3 8        
J N 6 1310 -21 7 2593 864 0        
K 0 7 45        
K 0 0 43        
K 0 7 45        
K 1 7 45        
K 0 0 60        
K 0 0 54        
A D 1 8        
J N 8 1351 -14 8 3457 288 0        
K 0 0 45        
K -15 0 65        
K 0 0 42        
K -1 0 45        
K 2 0 45        
K 0 0 60        
K 0 21 60        
A D 4 8        
J B 6 1477 1 82 6913 1152 0        
J N 8 1498 -7 4 1 0 0        
K 0 0 42        
K 0 0 60        
K 0 21 60        
A D 4 8        
J N 8 1618 0 4 3457 1152 0        
K 0 0 42        
K 0 0 60        
K 0 21 60        
A D 4 8        
J B 7 1750 1 82 6913 1152 0        
E *        
L 690 0 0 0 0 * 0 14 0        
J D 0 -300 21 1 6913 0 0        
W 0 0 39 Violino 2        
W 0 42 33 concerto grosso     
J D 1 75 -37 1 6913 0 0     
W 0 -56 0 (44) :  Violino 2        
J C 4 5 42 2 6913 0 0        
K 0 0 33        
K 0 0 34        
J K -2 57 0 2 6913 0 0        
K 0 28 65        
K 13 7 65        
J D 5 99 -42 1 6913 0 0        
W 0 0 0 (37) Vivace        
J T 101 99 42 1 6913 0 0        
K 0 0 37        
J N 7 147 21 5 1 0 0        
K 0 0 43        
K 25 0 44        
K 0 0 60        
K 0 21 60        
A D 3 8        
J N 6 231 21 3 2593 864 0        
K 0 0 43        
K 0 0 54        
A D 1 8        
J N 8 271 28 5 3457 288 0        
K -14 0 64        
K 0 0 42        
K 0 0 60        
K 0 21 60        
A D 4 8        
J B 2 400 1 82 6913 1152 0        
J R 9 524 28 2 1 10000 0        
K 0 0 46        
A D 8 8        
J B 3 676 1 82 6913 2304 0        
J N 7 697 7 5 1 0 0        
K 0 0 43        
K 25 0 44        
K 0 0 60        
K 0 21 60        
A D 3 8        
J N 6 784 7 3 2593 864 0        
K 0 0 43        
K 0 0 54        
A D 1 8        
J N 8 825 14 4 3457 288 0        
K 0 0 42        
K 0 0 60        
K 0 21 60        
A D 4 8        
J B 4 945 1 82 6913 1152 0        
J R 9 1059 28 2 1 10000 0        
K 0 0 46        
A D 8 8        
J B 5 1202 1 82 6913 2304 0        
J N 7 1223 -7 5 1 0 0        
K 0 0 43        
K 25 0 44        
K 0 0 60        
K 0 21 60        
A D 3 8        
J N 6 1310 -7 3 2593 864 0        
K 0 0 43        
K 0 0 54        
A D 1 8        
J N 7 1351 -7 4 3457 288 0        
K 0 0 43        
K 0 0 60        
K 0 21 60        
A D 2 8        
J N 7 1409 0 4 5185 576 1 1        
K 0 0 43        
K 0 0 60        
K 0 21 60        
A D 2 8        
J B 6 1477 1 82 6913 576 0        
J N 7 1498 0 4 1 0 1 1        
K 0 0 43        
K 0 0 60        
K 0 21 60        
A D 2 8        
H 1 T 0 0 0 0 0 0 5 0        
J N 8 1556 7 4 1729 576 0        
K 0 0 42        
K 0 0 60        
K 0 21 60        
A D 4 8        
J N 7 1688 14 4 5185 1152 0        
K 0 0 43        
K 0 0 60        
K 0 21 60        
A D 2 8        
J B 7 1750 1 82 6913 576 0        
E *        
L 850 0 0 0 0 * 0 14 0        
J D 0 -300 42 1 6913 0 0        
W 0 0 39 Viola        
J D 1 75 -37 1 6913 0 0        
W 0 -56 0 (44) :  Viola        
J C 13 5 28 35 6913 0 0        
J K -2 57 0 2 6913 0 0        
K 0 35 65        
K 13 14 65        
J D 5 99 -42 1 6913 0 0        
W 0 0 0 (37) Vivace        
J T 101 99 42 1 6913 0 0        
K 0 0 37        
J N 7 147 0 5 1 0 0        
K 0 0 43        
K 24 -6 44        
K 0 0 60        
K 0 21 60        
A D 3 8        
J N 6 231 0 3 2593 864 0        
K 0 0 43        
K 0 0 54        
A D 1 8        
J N 8 271 0 4 3457 288 0        
K 0 0 42        
K 0 0 60        
K 0 21 60        
A D 4 8        
J B 2 400 1 82 6913 1152 0        
J R 9 524 28 2 1 10000 0        
K 0 0 46        
A D 8 8        
J B 3 676 1 82 6913 2304 0        
J N 7 697 -14 8 1 0 0        
K 0 0 45        
K 0 0 43        
K -1 0 45        
K 2 0 45        
K 24 -6 44        
K 0 0 60        
K 0 21 60        
A D 3 8        
J N 6 784 -14 6 2593 864 0        
K 0 0 45        
K 0 0 43        
K -1 0 45        
K 2 0 45        
K 0 0 54        
A D 1 8        
J N 8 825 -14 7 3457 288 0        
K 0 0 45        
K 0 0 42        
K -1 0 45        
K 2 0 45        
K 0 0 60        
K 0 21 60        
A D 4 8        
J B 4 945 1 82 6913 1152 0        
J R 9 1059 28 2 1 10000 0        
K 0 0 46        
A D 8 8        
J B 5 1202 1 82 6913 2304 0        
J N 7 1223 14 5 1 0 0        
K 0 0 43        
K 24 -6 44        
K 0 0 60        
K 0 21 60        
A D 3 8        
J N 6 1310 0 3 2593 864 0        
K 0 0 43        
K 0 0 54        
A D 1 8        
J N 7 1351 28 4 3457 288 0        
K 0 0 43        
K 0 0 60        
K 0 21 60        
A D 2 8        
J N 7 1409 7 4 5185 576 0        
K 0 0 43        
K 0 0 60        
K 0 21 60        
A D 2 8        
J B 6 1477 1 82 6913 576 0        
J N 7 1498 35 5 1 0 0        
K 0 0 43        
K 25 0 44        
K 0 0 59        
K 0 -21 59        
A D 3 8        
J N 6 1585 -14 6 2593 864 0        
K 0 0 45        
K 0 0 43        
K -1 0 45        
K 2 0 45        
K 0 0 54        
A D 1 8        
J N 6 1618 -21 5 3457 288 1 1        
K 0 7 45        
K 0 0 43        
K 0 7 45        
K 1 7 45        
A D 1 8        
J N 6 1659 -7 3 4321 288 1 1        
K -15 0 65        
K 0 0 43        
A D 1 8        
H 1 B -51 4 108 2 2 3        
J N 7 1688 -14 7 5185 288 0        
K 0 0 45        
K 0 0 43        
K -1 0 45        
K 2 0 45        
K 0 0 60        
K 0 21 60        
A D 2 8        
J B 7 1750 1 82 6913 576 0        
E *        
L 1010 0 0 0 0 * 0 14 0        
J D 0 -300 21 1 6913 0 0        
W 0 0 39 Basso        
W 0 42 33 concerto grosso     
J D 1 75 -37 1 6913 0 0     
W 0 -56 0 (44) :  Basso        
J C 22 5 14 36 6913 0 0        
J K -2 57 0 2 6913 0 0        
K 0 42 65        
K 13 21 65        
J D 5 99 -42 1 6913 0 0        
W 0 0 0 (37) Vivace        
J T 101 99 42 1 6913 0 0        
K 0 0 37        
J N 6 147 35 2 1 0 1 1        
K 0 0 43        
A D 1 8        
J N 6 175 28 2 865 288 1 1        
K 0 0 43        
A D 1 8        
J N 6 203 21 2 1729 288 1 1        
K 0 0 43        
A D 1 8        
J N 6 231 14 2 2593 288 1 1        
K 0 0 43        
A D 1 8        
H 1 B -42 -5 108 4 2 1 1 3        
J F 0 271 98 1 3457 288 0        
K 0 0 218        
J N 6 271 7 2 3457 0 1 2        
K 0 0 43        
A D 1 8        
J N 6 299 0 2 4321 288 1 2        
K 0 0 43        
A D 1 8        
J N 6 339 -7 3 5185 288 1 2        
K -14 0 64        
K 0 0 43        
A D 1 8        
J N 6 367 7 2 6049 288 1 2        
K 0 0 43        
A D 1 8        
H 2 B -49 0 108 4 2 1 1 3        
J B 2 400 1 82 6913 288 0        
J R 9 524 28 2 1 10000 0        
K 0 0 46        
A D 8 8        
J B 3 676 1 82 6913 2304 0        
J F 0 697 98 1 1 0 0        
K 0 0 204        
J N 6 697 21 2 1 0 1 3        
K 0 0 43        
A D 1 8        
J N 6 726 14 2 865 288 1 3        
K 0 0 43        
A D 1 8        
J N 6 755 7 2 1729 288 1 3        
K 0 0 43        
A D 1 8        
J N 6 784 0 2 2593 288 1 3        
K 0 0 43        
A D 1 8        
H 3 B -51 -4 108 4 2 1 1 3        
J N 6 825 -7 3 3457 288 1 4        
K -15 0 65        
K 0 0 43        
A D 1 8        
J N 6 854 -14 5 4321 288 1 4        
K 0 0 45        
K 0 0 43        
K -1 0 45        
K 2 0 45        
A D 1 8        
J N 6 883 -21 5 5185 288 1 4        
K 0 7 45        
K 0 0 43        
K 0 7 45        
K 1 7 45        
A D 1 8        
J N 6 912 -7 2 6049 288 1 4        
K 0 0 43        
A D 1 8        
H 4 B -49 0 108 4 2 1 1 3        
J B 4 945 1 82 6913 288 0        
J R 9 1059 28 2 1 10000 0        
K 0 0 46        
A D 8 8        
J B 5 1202 1 82 6913 2304 0        
J N 6 1223 21 2 1 0 1 5        
K 0 0 43        
A D 1 8        
J N 6 1252 14 2 865 288 1 5        
K 0 0 43        
A D 1 8        
J N 6 1281 7 2 1729 288 1 5        
K 0 0 43        
A D 1 8        
J N 6 1310 21 2 2593 288 1 5        
K 0 0 43        
A D 1 8        
H 5 B -42 0 108 4 2 1 1 3        
J F 0 1351 98 2 3457 288 0        
K 0 0 208        
K 0 21 219        
J N 6 1351 14 2 3457 0 1 6        
K 0 0 43        
A D 1 8        
J N 6 1380 21 2 4321 288 1 6        
K 0 0 43        
A D 1 8        
J F 0 1409 103 3 5185 288 0        
K 0 0 205        
K 0 21 204        
K 15 21 219        
J N 6 1409 28 2 5185 0 1 6        
K 0 0 43        
A D 1 8        
J N 6 1444 42 2 6049 288 1 6        
K 0 0 43        
A D 1 8        
H 6 B -52 6 108 4 2 1 1 3        
J B 6 1477 1 82 6913 288 0        
J F 0 1498 98 1 1 0 0        
K 0 0 208        
J N 6 1498 21 2 1 0 1 7        
K 0 0 43        
A D 1 8        
J N 6 1527 14 2 865 288 1 7        
K 0 0 43        
A D 1 8        
J F 0 1556 98 1 1729 288 0        
K 0 0 205        
J N 6 1556 7 2 1729 0 1 7        
K 0 0 43        
A D 1 8        
J N 6 1585 21 2 2593 288 1 7        
K 0 0 43        
A D 1 8        
H 7 B -42 0 108 4 2 1 1 3        
J F 0 1618 98 2 3457 288 0        
K 0 0 205        
K 0 21 204        
J N 6 1618 0 3 3457 0 1 8        
K -15 0 65        
K 0 0 43        
A D 1 8        
J N 6 1659 14 2 4321 288 1 8        
K 0 0 43        
A D 1 8        
J F 0 1688 102 1 5185 288 0        
K 0 0 202        
J N 6 1688 -7 2 5185 0 1 8        
K 0 0 43        
A D 1 8        
J N 6 1717 42 2 6049 288 1 8        
K 0 0 43        
A D 1 8        
H 8 B -61 7 108 4 2 1 1 3        
J B 7 1750 1 82 6913 288 0        
E *        
B 1 400 0        
B 1 676 0        
B 1 945 0        
B 1 1202 0        
B 1 1477 0        
B 1 1750 0        
S 0 200 1610 2050 1066 7 "[...][....]"        
L 0 0 0 326 326 * 0 14 0        
J C 4 5 42 2 6913 0 0        
K 0 0 33        
K 0 0 34        
J K -2 57 0 2 6913 0 0        
K 0 28 65        
K 13 7 65        
J D 0 5 -14 1 6913 0 0        
W 0 0 37 \07        
J N 7 126 -21 8 1 0 0        
K 0 7 45        
K 0 0 43        
K 0 7 45        
K 1 7 45        
K 25 0 44        
K 0 0 60        
K 0 21 60        
A D 3 8        
J N 6 214 -21 7 2593 864 0        
K 0 7 45        
K 0 0 43        
K 0 7 45        
K 1 7 45        
K 0 0 60        
K 0 0 54        
A D 1 8        
J N 8 255 -14 8 3457 288 0        
K 0 0 45        
K -15 0 65        
K 0 0 42        
K -1 0 45        
K 2 0 45        
K 0 0 60        
K 0 21 60        
A D 4 8        
J B 8 381 1 82 6913 1152 0        
J N 8 402 -7 4 1 0 0        
K 0 0 42        
K 0 0 60        
K 0 21 60        
A D 4 8        
J N 8 522 0 4 3457 1152 0        
K 0 0 42        
K 0 0 60        
K 0 21 60        
A D 4 8        
J B 9 642 1 82 6913 1152 0        
J N 7 663 -7 5 1 0 0        
K 0 0 43        
K 25 0 44        
K 0 0 60        
K 0 21 60        
A D 3 8        
J N 6 750 -7 3 2593 864 0        
K 0 0 43        
K 0 0 54        
A D 1 8        
J N 8 779 0 4 3457 288 0        
K 0 0 42        
K 0 0 60        
K 0 21 60        
A D 4 8        
J B 10 899 1 82 6913 1152 0        
J N 7 920 7 5 1 0 0        
K 0 0 43        
K 25 0 44        
K 0 0 60        
K 0 21 60        
A D 3 8        
J N 6 1007 7 3 2593 864 0        
K 0 0 43        
K 0 0 54        
A D 1 8        
J N 8 1047 14 4 3457 288 0        
K 0 0 42        
K 0 0 60        
K 0 21 60        
A D 4 8        
J B 11 1178 1 82 6913 1152 0        
J N 7 1199 -21 8 1 0 0        
K 0 7 45        
K 0 0 43        
K 0 7 45        
K 1 7 45        
K 25 0 44        
K 0 0 60        
K 0 21 60        
A D 3 8        
J N 6 1286 -21 7 2593 864 0        
K 0 7 45        
K 0 0 43        
K 0 7 45        
K 1 7 45        
K 0 0 60        
K 0 0 54        
A D 1 8        
J N 8 1330 -14 7 3457 288 0        
K 0 0 45        
K 0 0 42        
K -1 0 45        
K 2 0 45        
K 0 0 60        
K 0 21 60        
A D 4 8        
J B 12 1476 1 82 6913 1152 0        
J N 7 1497 -7 5 1 0 0        
K 0 0 43        
K 25 0 44        
K 0 0 60        
K 0 21 60        
A D 3 8        
J N 6 1584 -7 3 2593 864 0        
K 0 0 43        
K 0 0 54        
A D 1 8        
J N 8 1628 0 5 3457 288 0        
K -18 0 63        
K 0 0 42        
K 0 0 60        
K 0 21 60        
A D 4 8        
J B 13 1774 1 82 6913 1152 0        
J N 7 1795 -35 10 1 0 0        
K 0 21 45        
K 0 7 45        
K 0 0 43        
K 0 7 45        
K 1 7 45        
K 25 0 44        
K 0 0 60        
K 0 28 60        
K 0 35 60        
A D 3 8        
J N 6 1882 -35 8 2593 864 0        
K 0 21 45        
K 0 7 45        
K 0 0 43        
K 0 7 45        
K 1 7 45        
K 0 0 60        
K 0 14 54        
A D 1 8        
J N 7 1915 -28 8 3457 288 0        
K 0 14 45        
K 0 0 45        
K 0 0 43        
K -1 0 45        
K 2 0 45        
K 0 0 60        
K 0 28 60        
A D 2 8        
J N 7 1988 -21 7 5185 576 0        
K 0 7 45        
K 0 0 43        
K 0 7 45        
K 1 7 45        
K 0 0 60        
K 0 21 60        
A D 2 8        
J B 14 2050 1 82 6913 576 0        
E *        
L 160 0 0 326 326 * 0 14 0        
J C 4 5 42 2 6913 0 0        
K 0 0 33        
K 0 0 34        
J K -2 57 0 2 6913 0 0        
K 0 28 65        
K 13 7 65        
J D 0 5 -14 1 6913 0 0        
W 0 0 0 \07        
J N 7 126 -7 5 1 0 0        
K 0 0 43        
K 25 0 44        
K 0 0 60        
K 0 21 60        
A D 3 8        
J N 6 214 -7 3 2593 864 0        
K 0 0 43        
K 0 0 54        
A D 1 8        
J N 7 255 -7 4 3457 288 0        
K 0 0 43        
K 0 0 60        
K 0 21 60        
A D 2 8        
J N 7 313 0 4 5185 576 1 2        
K 0 0 43        
K 0 0 60        
K 0 21 60        
A D 2 8        
J B 8 381 1 82 6913 576 0        
J N 7 402 0 4 1 0 1 2        
K 0 0 43        
K 0 0 60        
K 0 21 60        
A D 2 8        
H 2 T 0 0 0 0 0 0 5 0        
J N 8 460 7 4 1729 576 0        
K 0 0 42        
K 0 0 60        
K 0 21 60        
A D 4 8        
J N 7 580 14 4 5185 1152 0        
K 0 0 43        
K 0 0 60        
K 0 21 60        
A D 2 8        
J B 9 642 1 82 6913 576 0        
J N 7 663 7 5 1 0 0        
K 0 0 43        
K 25 0 44        
K 0 0 60        
K 0 21 60        
A D 3 8        
J N 6 750 7 3 2593 864 0        
K 0 0 43        
K 0 0 54        
A D 1 8        
J N 8 779 14 4 3457 288 0        
K 0 0 42        
K 0 0 60        
K 0 21 60        
A D 4 8        
J B 10 899 1 82 6913 1152 0        
J N 7 920 21 5 1 0 0        
K 0 0 43        
K 25 0 44        
K 0 0 60        
K 0 21 60        
A D 3 8        
J N 6 1007 21 3 2593 864 0        
K 0 0 43        
K 0 0 54        
A D 1 8        
J N 8 1047 28 5 3457 288 0        
K -14 0 64        
K 0 0 42        
K 0 0 60        
K 0 21 60        
A D 4 8        
J B 11 1178 1 82 6913 1152 0        
J N 7 1199 -7 5 1 0 0        
K 0 0 43        
K 25 0 44        
K 0 0 60        
K 0 21 60        
A D 3 8        
J N 6 1286 -7 3 2593 864 0        
K 0 0 43        
K 0 0 54        
A D 1 8        
J N 8 1330 0 5 3457 288 0        
K -18 0 63        
K 0 0 42        
K 0 0 60        
K 0 21 60        
A D 4 8        
J B 12 1476 1 82 6913 1152 0        
J N 7 1497 -21 8 1 0 0        
K 0 7 45        
K 0 0 43        
K 0 7 45        
K 1 7 45        
K 25 0 44        
K 0 0 60        
K 0 21 60        
A D 3 8        
J N 6 1584 -21 7 2593 864 0        
K 0 7 45        
K 0 0 43        
K 0 7 45        
K 1 7 45        
K 0 0 60        
K 0 0 54        
A D 1 8        
J N 8 1628 -14 7 3457 288 0        
K 0 0 45        
K 0 0 42        
K -1 0 45        
K 2 0 45        
K 0 0 60        
K 0 21 60        
A D 4 8        
J B 13 1774 1 82 6913 1152 0        
J N 7 1795 -7 5 1 0 0        
K 0 0 43        
K 25 0 44        
K 0 0 60        
K 0 21 60        
A D 3 8        
J N 6 1882 -21 7 2593 864 0        
K 0 7 45        
K 0 0 43        
K 0 7 45        
K 1 7 45        
K 0 0 60        
K 0 0 54        
A D 1 8        
J N 6 1915 7 3 3457 288 2 3 4        
K -14 0 64        
K 0 0 43        
A D 1 8        
J N 6 1959 0 3 4321 288 2 4 3        
K -18 0 63        
K 0 0 43        
A D 1 8        
H  4 B -42 -3 108 2 2 3        
H 3 S 0 0 0 0 0 0 0 0 -2    
J N 7 1988 -7 4 5185 288 1 5        
K 0 0 43        
K 0 0 60        
K 0 21 60        
A D 2 8        
J B 14 2050 1 82 6913 576 0        
J M 0 2050 0 0 6913 0 1 5        
H 5 T -7 0 0 0 0 0 1 0        
E *        
L 320 0 0 326 326 * 0 14 0        
J C 22 5 14 36 6913 0 0        
J K -2 57 0 2 6913 0 0        
K 0 42 65        
K 13 21 65        
J D 0 5 -14 1 6913 0 0        
W 0 0 0 \07        
J N 6 126 21 2 1 0 1 13        
K 0 0 43        
A D 1 8        
J N 6 156 14 2 865 288 1 13        
K 0 0 43        
A D 1 8        
J N 6 185 7 2 1729 288 1 13        
K 0 0 43        
A D 1 8        
J N 6 214 21 2 2593 288 1 13        
K 0 0 43        
A D 1 8        
H 13 B -42 0 108 4 2 1 1 3        
J F 0 255 98 2 3457 288 0        
K 0 0 208        
K 0 21 219        
J N 6 255 14 2 3457 0 1 14        
K 0 0 43        
A D 1 8        
J N 6 284 21 2 4321 288 1 14        
K 0 0 43        
A D 1 8        
J F 0 313 103 3 5185 288 0        
K 0 0 205        
K 0 21 204        
K 15 21 219        
J N 6 313 28 2 5185 0 1 14        
K 0 0 43        
A D 1 8        
J N 6 348 42 2 6049 288 1 14        
K 0 0 43        
A D 1 8        
H 14 B -52 6 108 4 2 1 1 3        
J B 8 381 1 82 6913 288 0        
J F 0 402 98 1 1 0 0        
K 0 0 208        
J N 6 402 21 2 1 0 1 15        
K 0 0 43        
A D 1 8        
J N 6 431 14 2 865 288 1 15        
K 0 0 43        
A D 1 8        
J F 0 460 98 1 1729 288 0        
K 0 0 205        
J N 6 460 7 2 1729 0 1 15        
K 0 0 43        
A D 1 8        
J N 6 489 21 2 2593 288 1 15        
K 0 0 43        
A D 1 8        
H 15 B -42 0 108 4 2 1 1 3        
J F 0 522 98 2 3457 288 0        
K 0 0 205        
K 0 21 204        
J N 6 522 0 3 3457 0 1 16        
K -15 0 65        
K 0 0 43        
A D 1 8        
J N 6 551 14 2 4321 288 1 16        
K 0 0 43        
A D 1 8        
J F 0 580 101 1 5185 288 0        
K 0 0 202        
J N 6 580 -7 2 5185 0 1 16        
K 0 0 43        
A D 1 8        
J N 6 609 42 2 6049 288 1 16        
K 0 0 43        
A D 1 8        
H 16 B -61 8 108 4 2 1 1 3        
J B 9 642 1 82 6913 288 0        
J N 6 663 21 2 1 0 1 17        
K 0 0 43        
A D 1 8        
J N 6 692 14 2 865 288 1 17        
K 0 0 43        
A D 1 8        
J N 6 721 7 2 1729 288 1 17        
K 0 0 43        
A D 1 8        
J N 6 750 0 2 2593 288 1 17        
K 0 0 43        
A D 1 8        
H 17 B -51 -4 108 4 2 1 1 3        
J N 6 779 -7 2 3457 288 1 18        
K 0 0 43        
A D 1 8        
J N 6 808 -14 5 4321 288 1 18        
K 0 0 45        
K 0 0 43        
K -1 0 45        
K 2 0 45        
A D 1 8        
J N 6 837 -21 5 5185 288 1 18        
K 0 7 45        
K 0 0 43        
K 0 7 45        
K 1 7 45        
A D 1 8        
J N 6 866 -7 2 6049 288 1 18        
K 0 0 43        
A D 1 8        
H 18 B -49 0 108 4 2 1 1 3        
J B 10 899 1 82 6913 288 0        
J N 6 920 35 2 1 0 1 19        
K 0 0 43        
A D 1 8        
J N 6 949 28 2 865 288 1 19        
K 0 0 43        
A D 1 8        
J N 6 978 21 2 1729 288 1 19        
K 0 0 43        
A D 1 8        
J N 6 1007 14 2 2593 288 1 19        
K 0 0 43        
A D 1 8        
H 19 B -42 -4 108 4 2 1 1 3        
J F 0 1047 98 1 3457 288 0        
K 0 0 218        
J N 6 1047 7 2 3457 0 1 20        
K 0 0 43        
A D 1 8        
J N 6 1076 0 2 4321 288 1 20        
K 0 0 43        
A D 1 8        
J N 6 1116 -7 3 5185 288 1 20        
K -14 0 64        
K 0 0 43        
A D 1 8        
J N 6 1145 7 2 6049 288 1 20        
K 0 0 43        
A D 1 8        
H 20 B -49 0 108 4 2 1 1 3        
J B 11 1178 1 82 6913 288 0        
J F 0 1199 98 1 1 0 0        
K 0 0 219        
J N 6 1199 56 2 1 0 1 21        
K 0 0 43        
A D 1 8        
J N 6 1228 49 2 865 288 1 21        
K 0 0 43        
A D 1 8        
J N 6 1257 42 2 1729 288 1 21        
K 0 0 43        
A D 1 8        
J N 6 1286 35 2 2593 288 1 21        
K 0 0 43        
A D 1 8        
H 21 B 61 -4 108 4 2 1 1 3        
J F 0 1330 98 1 3457 288 0        
K 0 0 213        
J N 6 1330 28 2 3457 0 1 22        
K 0 0 43        
A D 1 8        
J N 6 1370 21 3 4321 288 1 22        
K -14 0 64        
K 0 0 43        
A D 1 8        
J N 6 1414 14 3 5185 288 1 22        
K -18 0 63        
K 0 0 43        
A D 1 8        
J N 6 1443 28 2 6049 288 1 22        
K 0 0 43        
A D 1 8        
H 22 B -42 0 108 4 2 1 1 3        
J B 12 1476 1 82 6913 288 0        
J N 6 1497 7 2 1 0 1 23        
K 0 0 43        
A D 1 8        
J N 6 1526 0 2 865 288 1 23        
K 0 0 43        
A D 1 8        
J N 6 1555 -7 2 1729 288 1 23        
K 0 0 43        
A D 1 8        
J N 6 1584 -14 5 2593 288 1 23        
K 0 0 45        
K 0 0 43        
K -1 0 45        
K 2 0 45        
A D 1 8        
H 23 B -51 -4 108 4 2 1 1 3        
J F 0 1628 98 1 3457 288 0        
K 0 0 213        
J N 6 1628 -21 5 3457 0 1 24        
K 0 7 45        
K 0 0 43        
K 0 7 45        
K 1 7 45        
A D 1 8        
J N 6 1668 -28 7 4321 288 1 24        
K 0 14 45        
K 0 0 45        
K -14 0 64        
K 0 0 43        
K -1 0 45        
K 2 0 45        
A D 1 8        
J N 6 1712 -35 7 5185 288 1 24        
K 0 21 45        
K 0 7 45        
K -18 0 63        
K 0 0 43        
K 0 7 45        
K 1 7 45        
A D 1 8        
J N 6 1741 -21 5 6049 288 1 24        
K 0 7 45        
K 0 0 43        
K 0 7 45        
K 1 7 45        
A D 1 8        
H 24 B -49 0 108 4 2 1 1 3        
J B 13 1774 1 82 6913 288 0        
J F 0 1795 98 1 1 0 0        
K 0 0 205        
J N 6 1795 -7 2 1 0 1 25        
K 0 0 43        
A D 1 8        
J N 6 1824 -14 5 865 288 1 25        
K 0 0 45        
K 0 0 43        
K -1 0 45        
K 2 0 45        
A D 1 8        
J N 6 1853 -21 5 1729 288 1 25        
K 0 7 45        
K 0 0 43        
K 0 7 45        
K 1 7 45        
A D 1 8        
J N 6 1882 -7 2 2593 288 1 25        
K 0 0 43        
A D 1 8        
H 25 B -49 0 108 4 2 1 1 3        
J F 0 1915 98 1 3457 288 0        
K 0 0 218        
J N 6 1915 -14 5 3457 0 1 26        
K 0 0 45        
K 0 0 43        
K -1 0 45        
K 2 0 45        
A D 1 8        
J F 0 1959 98 1 4321 288 0        
K 0 0 213        
J N 6 1959 -21 5 4321 0 1 26        
K 0 7 45        
K 0 0 43        
K 0 7 45        
K 1 7 45        
A D 1 8        
J F 0 1988 98 1 5185 288 0        
K 0 0 204        
J N 6 1988 -28 6 5185 0 1 26        
K 0 14 45        
K 0 0 45        
K 0 0 43        
K -1 0 45        
K 2 0 45        
A D 1 8        
J N 6 2017 -7 2 6049 288 1 26        
K 0 0 43        
A D 1 8        
H 26 B -45 1 108 4 2 1 1 3        
J B 14 2050 1 82 6913 288 0        
E *        
L 530 0 0 326 326 * 0 14 0        
J C 4 5 42 2 6913 0 0        
K 0 0 33        
K 0 0 34        
J K -2 57 0 2 6913 0 0        
K 0 28 65        
K 13 7 65        
J D 0 5 -14 1 6913 0 0        
W 0 0 0 \07        
J N 7 126 7 4 1 0 0        
K 0 0 43        
K 0 0 60        
K 0 21 60        
A D 2 8        
J R 7 185 28 2 1729 576 0        
K 0 0 48        
A D 2 8        
J R 8 255 28 2 3457 576 0        
K 0 0 47        
A D 4 8        
J B 8 381 1 82 6913 1152 0        
J R 9 497 28 2 1 10000 0        
K 0 0 46        
A D 8 8        
J B 9 642 1 82 6913 2304 0        
J N 7 663 -7 5 1 0 0        
K 0 0 43        
K 25 0 44        
K 0 0 60        
K 0 21 60        
A D 3 8        
J N 6 750 -7 3 2593 864 0        
K 0 0 43        
K 0 0 54        
A D 1 8        
J N 8 779 0 4 3457 288 0        
K 0 0 42        
K 0 0 60        
K 0 21 60        
A D 4 8        
J B 10 899 1 82 6913 1152 0        
J R 9 1024 28 2 1 10000 0        
K 0 0 46        
A D 8 8        
J B 11 1178 1 82 6913 2304 0        
J N 7 1199 -21 8 1 0 0        
K 0 7 45        
K 0 0 43        
K 0 7 45        
K 1 7 45        
K 25 0 44        
K 0 0 60        
K 0 21 60        
A D 3 8        
J N 6 1286 -21 7 2593 864 0        
K 0 7 45        
K 0 0 43        
K 0 7 45        
K 1 7 45        
K 0 0 60        
K 0 0 54        
A D 1 8        
J N 8 1330 -14 7 3457 288 0        
K 0 0 45        
K 0 0 42        
K -1 0 45        
K 2 0 45        
K 0 0 60        
K 0 21 60        
A D 4 8        
J B 12 1476 1 82 6913 1152 0        
J R 9 1611 28 2 1 10000 0        
K 0 0 46        
A D 8 8        
J B 13 1774 1 82 6913 2304 0        
J N 7 1795 -35 10 1 0 0        
K 0 21 45        
K 0 7 45        
K 0 0 43        
K 0 7 45        
K 1 7 45        
K 25 0 44        
K 0 0 60        
K 0 28 60        
K 0 35 60        
A D 3 8        
J N 6 1882 -35 8 2593 864 0        
K 0 21 45        
K 0 7 45        
K 0 0 43        
K 0 7 45        
K 1 7 45        
K 0 0 60        
K 0 14 54        
A D 1 8        
J N 7 1915 -28 8 3457 288 0        
K 0 14 45        
K 0 0 45        
K 0 0 43        
K -1 0 45        
K 2 0 45        
K 0 0 60        
K 0 28 60        
A D 2 8        
J N 7 1988 -21 7 5185 576 0        
K 0 7 45        
K 0 0 43        
K 0 7 45        
K 1 7 45        
K 0 0 60        
K 0 21 60        
A D 2 8        
J B 14 2050 1 82 6913 576 0        
E *        
L 690 0 0 326 326 * 0 14 0        
J C 4 5 42 2 6913 0 0        
K 0 0 33        
K 0 0 34        
J K -2 57 0 2 6913 0 0        
K 0 28 65        
K 13 7 65        
J D 0 5 -14 1 6913 0 0        
W 0 0 0 \07        
J N 7 126 7 4 1 0 0        
K 0 0 43        
K 0 0 60        
K 0 21 60        
A D 2 8        
J R 7 185 28 2 1729 576 0        
K 0 0 48        
A D 2 8        
J R 8 255 28 2 3457 576 0        
K 0 0 47        
A D 4 8        
J B 8 381 1 82 6913 1152 0        
J R 9 497 28 2 1 10000 0        
K 0 0 46        
A D 8 8        
J B 9 642 1 82 6913 2304 0        
J N 7 663 7 5 1 0 0        
K 0 0 43        
K 25 0 44        
K 0 0 60        
K 0 21 60        
A D 3 8        
J N 6 750 7 3 2593 864 0        
K 0 0 43        
K 0 0 54        
A D 1 8        
J N 8 779 14 4 3457 288 0        
K 0 0 42        
K 0 0 60        
K 0 21 60        
A D 4 8        
J B 10 899 1 82 6913 1152 0        
J R 9 1024 28 2 1 10000 0        
K 0 0 46        
A D 8 8        
J B 11 1178 1 82 6913 2304 0        
J N 7 1199 -7 5 1 0 0        
K 0 0 43        
K 25 0 44        
K 0 0 60        
K 0 21 60        
A D 3 8        
J N 6 1286 -7 3 2593 864 0        
K 0 0 43        
K 0 0 54        
A D 1 8        
J N 8 1330 0 5 3457 288 0        
K -18 0 63        
K 0 0 42        
K 0 0 60        
K 0 21 60        
A D 4 8        
J B 12 1476 1 82 6913 1152 0        
J R 9 1611 28 2 1 10000 0        
K 0 0 46        
A D 8 8        
J B 13 1774 1 82 6913 2304 0        
J N 7 1795 -7 5 1 0 0        
K 0 0 43        
K 25 0 44        
K 0 0 60        
K 0 21 60        
A D 3 8        
J N 6 1882 -21 7 2593 864 0        
K 0 7 45        
K 0 0 43        
K 0 7 45        
K 1 7 45        
K 0 0 60        
K 0 0 54        
A D 1 8        
J N 6 1915 7 3 3457 288 2 2 3        
K -14 0 64        
K 0 0 43        
A D 1 8        
J N 6 1959 0 3 4321 288 2 3 2        
K -18 0 63        
K 0 0 43        
A D 1 8        
H 3 B -42 -3 108 2 2 3        
H 2 S 0 0 0 0 0 0 0 0 -2    
J N 7 1988 -7 4 5185 288 1 4        
K 0 0 43        
K 0 0 60        
K 0 21 60        
A D 2 8        
J B 14 2050 1 82 6913 576 0        
J M 0 2050 0 0 6913 0 1 4        
H 4 T -7 0 0 0 0 0 1 0        
E *        
L 850 0 0 326 326 * 0 14 0        
J C 13 5 28 35 6913 0 0        
J K -2 57 0 2 6913 0 0        
K 0 35 65        
K 13 14 65        
J D 0 5 -14 1 6913 0 0        
W 0 0 0 \07        
J N 7 126 0 4 1 0 0        
K 0 0 43        
K 0 0 60        
K 0 21 60        
A D 2 8        
J R 7 185 28 2 1729 576 0        
K 0 0 48        
A D 2 8        
J R 8 255 28 2 3457 576 0        
K 0 0 47        
A D 4 8        
J B 8 381 1 82 6913 1152 0        
J R 9 497 28 2 1 10000 0        
K 0 0 46        
A D 8 8        
J B 9 642 1 82 6913 2304 0        
J N 7 663 -14 8 1 0 0        
K 0 0 45        
K 0 0 43        
K -1 0 45        
K 2 0 45        
K 24 -6 44        
K 0 0 60        
K 0 21 60        
A D 3 8        
J N 6 750 -14 6 2593 864 0        
K 0 0 45        
K 0 0 43        
K -1 0 45        
K 2 0 45        
K 0 0 54        
A D 1 8        
J N 8 779 -14 7 3457 288 0        
K 0 0 45        
K 0 0 42        
K -1 0 45        
K 2 0 45        
K 0 0 60        
K 0 21 60        
A D 4 8        
J B 10 899 1 82 6913 1152 0        
J R 9 1024 28 2 1 10000 0        
K 0 0 46        
A D 8 8        
J B 11 1178 1 82 6913 2304 0        
J N 7 1199 -28 9 1 0 0        
K 0 14 45        
K 0 0 45        
K 0 0 43        
K -1 0 45        
K 2 0 45        
K 24 -6 44        
K 0 0 60        
K 0 28 60        
A D 3 8        
J N 6 1286 -28 8 2593 864 0        
K 0 14 45        
K 0 0 45        
K 0 0 43        
K -1 0 45        
K 2 0 45        
K 0 0 60        
K 0 7 54        
A D 1 8        
J N 8 1330 -28 8 3457 288 0        
K 0 14 45        
K 0 0 45        
K 0 0 42        
K -1 0 45        
K 2 0 45        
K 0 0 60        
K 0 28 60        
A D 4 8        
J B 12 1476 1 82 6913 1152 0        
J R 9 1611 28 2 1 10000 0        
K 0 0 46        
A D 8 8        
J B 13 1774 1 82 6913 2304 0        
J N 7 1795 0 5 1 0 0        
K 0 0 43        
K 24 -6 44        
K 0 0 60        
K 0 21 60        
A D 3 8        
J N 6 1882 0 3 2593 864 0        
K 0 0 43        
K 0 0 54        
A D 1 8        
J N 7 1915 0 5 3457 288 0        
K 0 0 43        
K 24 -6 44        
K 0 0 60        
K 0 21 60        
A D 3 8        
J N 6 2017 21 3 6049 864 0        
K 0 0 43        
K 0 0 54        
A D 1 8        
J B 14 2050 1 82 6913 288 0        
E *        
L 1010 0 0 326 326 * 0 14 0        
J C 22 5 14 36 6913 0 0        
J K -2 57 0 2 6913 0 0        
K 0 42 65        
K 13 21 65        
J D 0 5 -14 1 6913 0 0        
W 0 0 0 \07        
J N 7 126 21 4 1 0 0        
K 0 0 43        
K 0 0 60        
K 0 21 60        
A D 2 8        
J R 7 185 28 2 1729 576 0        
K 0 0 48        
A D 2 8        
J R 8 255 28 2 3457 576 0        
K 0 0 47        
A D 4 8        
J B 8 381 1 82 6913 1152 0        
J R 9 497 28 2 1 10000 0        
K 0 0 46        
A D 8 8        
J B 9 642 1 82 6913 2304 0        
J N 6 663 21 2 1 0 1 9        
K 0 0 43        
A D 1 8        
J N 6 692 14 2 865 288 1 9        
K 0 0 43        
A D 1 8        
J N 6 721 7 2 1729 288 1 9        
K 0 0 43        
A D 1 8        
J N 6 750 0 2 2593 288 1 9        
K 0 0 43        
A D 1 8        
H 9 B -51 -4 108 4 2 1 1 3        
J N 6 779 -7 2 3457 288 1 10        
K 0 0 43        
A D 1 8        
J N 6 808 -14 5 4321 288 1 10        
K 0 0 45        
K 0 0 43        
K -1 0 45        
K 2 0 45        
A D 1 8        
J N 6 837 -21 5 5185 288 1 10        
K 0 7 45        
K 0 0 43        
K 0 7 45        
K 1 7 45        
A D 1 8        
J N 6 866 -7 2 6049 288 1 10        
K 0 0 43        
A D 1 8        
H 10 B -49 0 108 4 2 1 1 3        
J B 10 899 1 82 6913 288 0        
J R 9 1024 28 2 1 10000 0        
K 0 0 46        
A D 8 8        
J B 11 1178 1 82 6913 2304 0        
J F 0 1199 98 1 1 0 0        
K 0 0 219        
J N 6 1199 56 2 1 0 1 11        
K 0 0 43        
A D 1 8        
J N 6 1228 49 2 865 288 1 11        
K 0 0 43        
A D 1 8        
J N 6 1257 42 2 1729 288 1 11        
K 0 0 43        
A D 1 8        
J N 6 1286 35 2 2593 288 1 11        
K 0 0 43        
A D 1 8        
H 11 B 61 -4 108 4 2 1 1 3        
J F 0 1330 98 1 3457 288 0        
K 0 0 213        
J N 6 1330 28 2 3457 0 1 12        
K 0 0 43        
A D 1 8        
J N 6 1370 21 3 4321 288 1 12        
K -14 0 64        
K 0 0 43        
A D 1 8        
J N 6 1414 14 3 5185 288 1 12        
K -18 0 63        
K 0 0 43        
A D 1 8        
J N 6 1443 28 2 6049 288 1 12        
K 0 0 43        
A D 1 8        
H 12 B -42 0 108 4 2 1 1 3        
J B 12 1476 1 82 6913 288 0        
J R 9 1611 28 2 1 10000 0        
K 0 0 46        
A D 8 8        
J B 13 1774 1 82 6913 2304 0        
J F 0 1795 98 1 1 0 0        
K 0 0 205        
J N 6 1795 -7 2 1 0 1 13        
K 0 0 43        
A D 1 8        
J N 6 1824 -14 5 865 288 1 13        
K 0 0 45        
K 0 0 43        
K -1 0 45        
K 2 0 45        
A D 1 8        
J N 6 1853 -21 5 1729 288 1 13        
K 0 7 45        
K 0 0 43        
K 0 7 45        
K 1 7 45        
A D 1 8        
J N 6 1882 -7 2 2593 288 1 13        
K 0 0 43        
A D 1 8        
H 13 B -49 0 108 4 2 1 1 3        
J F 0 1915 98 1 3457 288 0        
K 0 0 218        
J N 6 1915 -14 5 3457 0 1 14        
K 0 0 45        
K 0 0 43        
K -1 0 45        
K 2 0 45        
A D 1 8        
J F 0 1959 98 1 4321 288 0        
K 0 0 213        
J N 6 1959 -21 5 4321 0 1 14        
K 0 7 45        
K 0 0 43        
K 0 7 45        
K 1 7 45        
A D 1 8        
J F 0 1988 98 1 5185 288 0        
K 0 0 204        
J N 6 1988 -28 6 5185 0 1 14        
K 0 14 45        
K 0 0 45        
K 0 0 43        
K -1 0 45        
K 2 0 45        
A D 1 8        
J N 6 2017 -7 2 6049 288 1 14        
K 0 0 43        
A D 1 8        
H 14 B -45 1 108 4 2 1 1 3        
J B 14 2050 1 82 6913 288 0        
E *        
B 1 381 0        
B 1 642 0        
B 1 899 0        
B 1 1178 0        
B 1 1476 0        
B 1 1774 0        
B 1 2050 0        
