@ SOURCE: not identified 
L 0 0 14 !39Violino 1 concertino
J D 4 500 -120 1 6913 0 0
W 0 0 44 VI
J D 1 75 -37 1 6913 0 0
W 0 -56 44 VI:  Violino 1 concertino
J C 4 5 42 2 6913 0 0
K 0 0 33
K 0 0 34
J K 2 57 0 2 6913 0 0
K 0 0 63
K 15 21 63
J D 5 103 -42 1 6913 0 0
W 0 0 37 Vivace
J T 308 112 0 2 6913 0 0
K -10 28 74
K -10 56 79
J N 6 151 -14 6 1 0 0
K 0 0 45
K 0 0 43
K -1 0 45
K 2 0 45
K 0 0 54
A D 2 16
J N 7 189 -7 4 2305 288 0
K 0 0 43
K 0 0 60
K 0 21 60
A D 4 16
J B 2 246 1 82 6913 576 0
J N 6 267 0 3 1 0 1 1
K 0 0 43
K 24 -6 44
A D 3 16
J N 5 313 -7 2 3457 432 1 1
K 0 0 43
A D 1 16
J N 6 342 -14 5 4609 144 1 1
K 0 0 45
K 0 0 43
K -1 0 45
K 2 0 45
A D 2 16
H 1 B 1 0 108 3 2 51 3
J B 3 384 1 82 6913 288 0
J N 6 405 -7 3 1 0 0
K 0 0 43
K 0 0 54
A D 2 16
J N 7 443 0 4 2305 288 0
K 0 0 43
K 0 0 60
K 0 21 60
A D 4 16
J B 4 500 1 82 6913 576 0
J N 7 521 7 5 1 0 0
K 0 0 43
K 25 0 44
K 0 0 60
K 0 21 60
A D 6 16
J B 5 593 1 82 6913 864 0
J N 6 614 -14 6 1 0 1 2
K 0 0 45
K 0 0 43
K -1 0 45
K 2 0 45
K 24 -6 44
A D 3 16
J N 5 660 -7 2 3457 432 1 2
K 0 0 43
A D 1 16
J N 6 689 0 2 4609 144 1 2
K 0 0 43
A D 2 16
H 2 B 1 0 108 3 2 51 3
J B 6 731 1 82 6913 288 0
J N 6 752 -21 6 1 0 1 3
K 0 7 45
K 0 0 43
K 0 7 45
K 1 7 45
K 25 0 44
A D 3 16
J N 5 798 21 2 3457 432 1 3
K 0 0 43
A D 1 16
J N 6 827 14 2 4609 144 1 3
K 0 0 43
A D 2 16
H 3 B 1 0 108 3 2 51 3
J B 7 869 1 82 6913 288 0
J N 6 890 7 3 1 0 0
K 0 0 43
K 0 0 54
A D 2 16
J N 7 928 7 4 2305 288 0
K 0 0 43
K 0 0 60
K 0 21 60
A D 4 16
J B 8 985 1 82 6913 576 0
J N 7 1006 14 5 1 0 0
K 0 0 43
K 24 -6 44
K 0 0 60
K 0 21 60
A D 6 16
J B 9 1078 1 82 6913 864 0
J N 5 1099 -14 5 1 0 1 4
K 0 0 45
K 0 0 43
K -1 0 45
K 2 0 45
A D 1 16
J N 5 1128 0 2 1153 144 1 4
K 0 0 43
A D 1 16
J N 5 1157 14 2 2305 144 1 4
K 0 0 43
A D 1 16
J N 5 1186 0 2 3457 144 1 4
K 0 0 43
A D 1 16
J N 5 1215 -14 5 4609 144 1 4
K 0 0 45
K 0 0 43
K -1 0 45
K 2 0 45
A D 1 16
J N 5 1244 0 2 5761 144 1 4
K 0 0 43
A D 1 16
H 4 B 1 0 108 6 22 11 11 11 11 33
J B 10 1277 1 82 6913 144 0
J N 5 1298 7 2 1 0 1 5
K 0 0 43
A D 1 16
J N 5 1327 -14 5 1153 144 1 5
K 0 0 45
K 0 0 43
K -1 0 45
K 2 0 45
A D 1 16
J N 5 1356 21 2 2305 144 1 5
K 0 0 43
A D 1 16
J N 5 1385 7 2 3457 144 1 5
K 0 0 43
A D 1 16
J N 5 1414 35 2 4609 144 1 5
K 0 0 43
A D 1 16
J N 5 1443 21 2 5761 144 1 5
K 0 0 43
A D 1 16
H 5 B 1 0 108 6 22 11 11 11 11 33
J B 11 1476 1 82 6913 144 0
J N 5 1497 14 2 1 0 1 6
K 0 0 43
A D 1 16
J N 5 1526 0 2 1153 144 1 6
K 0 0 43
A D 1 16
J N 5 1555 28 2 2305 144 1 6
K 0 0 43
A D 1 16
J N 5 1584 14 2 3457 144 1 6
K 0 0 43
A D 1 16
J N 5 1617 42 3 4609 144 1 6
K -18 0 63
K 0 0 43
A D 1 16
J N 5 1646 28 2 5761 144 1 6
K 0 0 43
A D 1 16
H 6 B 1 0 108 6 22 11 11 11 11 33
J B 12 1679 1 82 6913 144 0
J N 5 1700 21 2 1 0 1 7
K 0 0 43
A D 1 16
J N 5 1729 7 2 1153 144 1 7
K 0 0 43
A D 1 16
J N 5 1758 35 2 2305 144 1 7
K 0 0 43
A D 1 16
J N 5 1787 21 2 3457 144 1 7
K 0 0 43
A D 1 16
J N 5 1816 -14 5 4609 144 1 7
K 0 0 45
K 0 0 43
K -1 0 45
K 2 0 45
A D 1 16
J N 5 1845 7 2 5761 144 1 7
K 0 0 43
A D 1 16
H 7 B 1 0 108 6 22 11 11 11 11 33
J B 13 1878 1 82 6913 144 0
J N 5 1899 0 2 1 0 1 8
K 0 0 43
A D 1 16
J N 5 1928 35 2 1153 144 1 8
K 0 0 43
A D 1 16
J N 5 1957 14 2 2305 144 1 8
K 0 0 43
A D 1 16
J N 5 1986 0 2 3457 144 1 8
K 0 0 43
A D 1 16
J N 5 2015 -21 5 4609 144 1 8
K 0 7 45
K 0 0 43
K 0 7 45
K 1 7 45
A D 1 16
J N 5 2044 0 2 5761 144 1 8
K 0 0 43
A D 1 16
H 8 B 1 0 108 6 22 11 11 11 11 33
J B 14 2077 1 82 6913 144 0
J N 5 2104 -7 3 1 0 1 9
K -18 0 63
K 0 0 43
A D 1 16
J N 5 2133 7 2 1153 144 1 9
K 0 0 43
A D 1 16
J N 5 2162 0 2 2305 144 1 9
K 0 0 43
A D 1 16
J N 5 2191 -7 2 3457 144 1 9
K 0 0 43
A D 1 16
J N 5 2220 -14 5 4609 144 1 9
K 0 0 45
K 0 0 43
K -1 0 45
K 2 0 45
A D 1 16
J N 5 2249 7 2 5761 144 1 9
K 0 0 43
A D 1 16
H 9 B 1 0 108 6 22 11 11 11 11 33
J B 15 2282 1 82 6913 144 0
J N 5 2303 14 2 1 0 2 10 11
K 0 0 43
A D 1 16
J N 5 2332 21 2 1153 144 2 11 10
K 0 0 43
A D 1 16
H 11 B 1 0 108 2 22 33
H 10 S 0 0 0 0 0 0 0 0 0
J N 7 2361 28 4 2305 144 0
K 0 0 43
K 0 0 60
K 0 21 60
A D 4 16
J B 16 2418 1 82 6913 576 0
J N 7 2439 35 5 1 0 0
K 0 0 43
K 25 0 44
K 0 0 59
K 0 -21 59
A D 6 16
J B 17 2511 1 82 6913 864 0
J N 6 2532 -14 6 1 0 0
K 0 0 45
K 0 0 43
K -1 0 45
K 2 0 45
K 0 0 54
A D 2 16
J N 7 2570 -7 4 2305 288 0
K 0 0 43
K 0 0 60
K 0 21 60
A D 4 16
J B 18 2627 1 82 6913 576 0
J N 6 2648 0 3 1 0 1 12
K 0 0 43
K 24 -6 44
A D 3 16
J N 5 2694 -7 2 3457 432 1 12
K 0 0 43
A D 1 16
J N 6 2723 -14 5 4609 144 1 12
K 0 0 45
K 0 0 43
K -1 0 45
K 2 0 45
A D 2 16
H 12 B 1 0 108 3 2 51 3
J B 19 2765 1 82 6913 288 0
J N 6 2786 -7 3 1 0 0
K 0 0 43
K 0 0 54
A D 2 16
J N 7 2824 0 4 2305 288 0
K 0 0 43
K 0 0 60
K 0 21 60
A D 4 16
J B 20 2881 1 82 6913 576 0
J N 7 2902 7 5 1 0 0
K 0 0 43
K 25 0 44
K 0 0 60
K 0 21 60
A D 6 16
J B 21 2974 1 82 6913 864 0
J N 6 2995 -14 6 1 0 1 13
K 0 0 45
K 0 0 43
K -1 0 45
K 2 0 45
K 24 -6 44
A D 3 16
J N 5 3041 -7 2 3457 432 1 13
K 0 0 43
A D 1 16
J N 6 3070 0 2 4609 144 1 13
K 0 0 43
A D 2 16
H 13 B 1 0 108 3 2 51 3
J B 22 3112 1 82 6913 288 0
J N 6 3133 -21 6 1 0 1 14
K 0 7 45
K 0 0 43
K 0 7 45
K 1 7 45
K 25 0 44
A D 3 16
J N 5 3179 21 2 3457 432 1 14
K 0 0 43
A D 1 16
J N 6 3208 14 2 4609 144 1 14
K 0 0 43
A D 2 16
H 14 B 1 0 108 3 2 51 3
J B 23 3250 1 82 6913 288 0
J N 6 3271 7 3 1 0 0
K 0 0 43
K 0 0 54
A D 2 16
J N 7 3309 7 4 2305 288 0
K 0 0 43
K 0 0 60
K 0 21 60
A D 4 16
J B 24 3366 1 82 6913 576 0
J N 7 3387 14 5 1 0 0
K 0 0 43
K 24 -6 44
K 0 0 60
K 0 21 60
A D 6 16
J B 25 3459 1 82 6913 864 0
J N 6 3480 -14 6 1 0 1 15
K 0 0 45
K 0 0 43
K -1 0 45
K 2 0 45
K 24 -6 44
A D 3 16
J N 5 3526 -7 2 3457 432 1 15
K 0 0 43
A D 1 16
J N 6 3555 0 2 4609 144 1 15
K 0 0 43
A D 2 16
H 15 B 1 0 108 3 2 51 3
J B 26 3597 1 82 6913 288 0
J N 6 3618 -21 6 1 0 1 16
K 0 7 45
K 0 0 43
K 0 7 45
K 1 7 45
K 25 0 44
A D 3 16
J N 5 3664 21 2 3457 432 1 16
K 0 0 43
A D 1 16
J N 6 3693 14 2 4609 144 1 16
K 0 0 43
A D 2 16
H 16 B 1 0 108 3 2 51 3
J B 27 3735 1 82 6913 288 0
J N 6 3756 7 3 1 0 0
K 0 0 43
K 0 0 54
A D 2 16
J N 7 3794 7 4 2305 288 0
K 0 0 43
K 0 0 60
K 0 21 60
A D 4 16
J B 28 3851 1 82 6913 576 0
J N 7 3872 14 5 1 0 0
K 0 0 43
K 24 -6 44
K 0 0 60
K 0 21 60
A D 6 16
J B 29 3944 1 82 6913 864 0
J N 6 3965 -14 6 1 0 1 17
K 0 0 45
K 0 0 43
K -1 0 45
K 2 0 45
K 24 -6 44
A D 3 16
J N 5 4011 -7 2 3457 432 1 17
K 0 0 43
A D 1 16
J N 6 4040 0 2 4609 144 1 17
K 0 0 43
A D 2 16
H 17 B 1 0 108 3 2 51 3
J B 30 4082 1 82 6913 288 0
J N 7 4103 7 4 1 0 0
K 0 0 43
K 0 0 60
K 0 21 60
A D 4 16
J R 6 4156 28 2 4609 576 0
K 0 0 49
A D 2 16
J B 31 4198 1 82 6913 288 0
J N 6 4219 0 4 1 0 1 18
K 0 0 43
K 24 -6 44
K 0 82 108
A D 3 16
J N 5 4265 7 2 3457 432 1 18
K 0 0 43
A D 1 16
J N 6 4294 14 2 4609 144 1 18
K 0 0 43
A D 2 16
H 18 B 1 0 108 3 2 51 3
J B 32 4336 1 82 6913 288 0
J N 7 4357 21 4 1 0 0
K 0 0 43
K 0 0 60
K 0 21 60
A D 4 16
J R 6 4410 28 2 4609 576 0
K 0 0 49
A D 2 16
J B 33 4452 1 82 6913 288 0
J N 6 4473 -7 4 1 0 1 19
K 0 0 43
K 25 0 44
K 0 92 110
A D 3 16
J N 5 4519 -14 5 3457 432 1 19
K 0 0 45
K 0 0 43
K -1 0 45
K 2 0 45
A D 1 16
J N 6 4548 0 2 4609 144 1 19
K 0 0 43
A D 2 16
H 19 B 1 0 108 3 2 51 3
J B 34 4590 1 82 6913 288 0
J N 7 4611 -7 4 1 0 0
K 0 0 43
K 0 0 60
K 0 21 60
A D 4 16
J N 7 4664 0 4 2305 576 0
K 0 0 43
K 0 0 60
K 0 21 60
A D 4 16
J N 7 4717 7 4 4609 576 0
K 0 0 43
K 0 0 60
K 0 21 60
A D 4 16
J B 36 4774 1 82 6913 576 0
J N 7 4795 0 4 1 0 0
K 0 0 43
K 0 0 60
K 0 21 60
A D 4 16
J D 0 4848 0 1 4609 576 0
W 0 -21 31 Soli
J N 6 4848 0 3 4609 0 0
K 0 0 43
K 0 0 54
A D 2 16
J B 37 4890 1 82 6913 288 0
J N 5 4911 -7 2 1 0 1 20
K 0 0 43
A D 1 16
J N 5 4940 0 2 1153 144 1 20
K 0 0 43
A D 1 16
J N 5 4969 -7 2 2305 144 1 20
K 0 0 43
A D 1 16
J N 5 4998 -14 5 3457 144 1 20
K 0 0 45
K 0 0 43
K -1 0 45
K 2 0 45
A D 1 16
J N 5 5027 0 2 4609 144 1 20
K 0 0 43
A D 1 16
J N 5 5056 -7 2 5761 144 1 20
K 0 0 43
A D 1 16
H 20 B 1 0 108 6 22 11 11 11 11 33
J B 38 5089 1 82 6913 144 0
J N 5 5110 7 2 1 0 1 21
K 0 0 43
A D 1 16
J N 5 5139 14 2 1153 144 1 21
K 0 0 43
A D 1 16
J N 5 5168 7 2 2305 144 1 21
K 0 0 43
A D 1 16
J N 5 5197 0 2 3457 144 1 21
K 0 0 43
A D 1 16
J N 5 5226 14 2 4609 144 1 21
K 0 0 43
A D 1 16
J N 5 5255 7 2 5761 144 1 21
K 0 0 43
A D 1 16
H 21 B 1 0 108 6 22 11 11 11 11 33
J B 39 5288 1 82 6913 144 0
J N 5 5313 21 3 1 0 1 22
K -14 0 64
K 0 0 43
A D 1 16
J N 5 5342 28 2 1153 144 1 22
K 0 0 43
A D 1 16
J N 5 5371 21 2 2305 144 1 22
K 0 0 43
A D 1 16
J N 5 5400 14 2 3457 144 1 22
K 0 0 43
A D 1 16
J N 5 5429 28 2 4609 144 1 22
K 0 0 43
A D 1 16
J N 5 5458 21 2 5761 144 1 22
K 0 0 43
A D 1 16
H 22 B 1 0 108 6 22 11 11 11 11 33
J B 40 5491 1 82 6913 144 0
J N 6 5518 35 4 1 0 1 23
K -18 0 63
K 0 0 43
K 25 0 44
A D 3 16
J N 5 5568 -14 6 3457 432 1 23
K 0 0 45
K -18 0 63
K 0 0 43
K -1 0 45
K 2 0 45
A D 1 16
J N 5 5597 -21 5 4609 144 1 23
K 0 7 45
K 0 0 43
K 0 7 45
K 1 7 45
A D 1 16
J N 5 5626 0 2 5761 144 1 23
K 0 0 43
A D 1 16
H 23 B 1 0 108 4 2 21 11 33
J B 41 5659 1 82 6913 144 0
J N 5 5680 7 2 1 0 2 24 25
K 0 0 43
A D 1 16
J N 5 5709 14 2 1153 144 2 25 24
K 0 0 43
A D 1 16
H 25 B 1 0 108 2 22 33
H 24 S 0 0 0 0 0 0 0 0 0
J N 7 5738 21 4 2305 144 0
K 0 0 43
K 0 0 60
K 0 21 60
A D 4 16
J B 42 5795 1 82 6913 576 0
J N 5 5816 28 2 1 0 1 26
K 0 0 43
A D 1 16
J N 5 5845 49 2 1153 144 1 26
K 0 0 43
A D 1 16
J N 5 5874 28 2 2305 144 1 26
K 0 0 43
A D 1 16
J N 5 5903 21 2 3457 144 1 26
K 0 0 43
A D 1 16
J N 5 5947 14 3 4609 144 1 26
K -18 0 63
K 0 0 43
A D 1 16
J N 5 5976 28 2 5761 144 1 26
K 0 0 43
A D 1 16
H 26 B 0 0 108 6 22 11 11 11 11 33
J B 43 6009 1 82 6913 144 0
J N 6 6030 7 2 1 0 1 27
K 0 0 43
A D 2 16
J N 6 6068 56 2 2305 288 1 27
K 0 0 43
A D 2 16
H 27 B 0 0 108 2 2 3
J R 6 6106 28 2 4609 288 0
K 0 0 49
A D 2 16
J B 44 6148 1 82 6913 288 0
J N 5 6169 35 2 1 0 1 28
K 0 0 43
A D 1 16
J N 5 6198 56 2 1153 144 1 28
K 0 0 43
A D 1 16
J N 5 6227 35 2 2305 144 1 28
K 0 0 43
A D 1 16
J N 5 6256 28 2 3457 144 1 28
K 0 0 43
A D 1 16
J N 5 6285 21 2 4609 144 1 28
K 0 0 43
A D 1 16
J N 5 6314 35 2 5761 144 1 28
K 0 0 43
A D 1 16
H 28 B 0 0 108 6 22 11 11 11 11 33
J B 45 6347 1 82 6913 144 0
J N 6 6368 14 2 1 0 1 29
K 0 0 43
A D 2 16
J N 6 6406 63 2 2305 288 1 29
K 0 0 43
A D 2 16
H 29 B 0 0 108 2 2 3
J R 6 6444 28 2 4609 288 0
K 0 0 49
A D 2 16
J B 46 6486 1 82 6913 288 0
J N 5 6507 -14 5 1 0 1 30
K 0 0 45
K 0 0 43
K -1 0 45
K 2 0 45
A D 1 16
J N 5 6536 -7 2 1153 144 1 30
K 0 0 43
A D 1 16
J N 5 6565 -14 5 2305 144 1 30
K 0 0 45
K 0 0 43
K -1 0 45
K 2 0 45
A D 1 16
J N 5 6594 -21 5 3457 144 1 30
K 0 7 45
K 0 0 43
K 0 7 45
K 1 7 45
A D 1 16
J N 5 6623 -14 5 4609 144 1 30
K 0 0 45
K 0 0 43
K -1 0 45
K 2 0 45
A D 1 16
J N 5 6652 -21 5 5761 144 1 30
K 0 7 45
K 0 0 43
K 0 7 45
K 1 7 45
A D 1 16
H 30 B 1 0 108 6 22 11 11 11 11 33
J B 47 6685 1 82 6913 144 0
J N 5 6706 -7 2 1 0 1 31
K 0 0 43
A D 1 16
J N 5 6735 0 2 1153 144 1 31
K 0 0 43
A D 1 16
J N 5 6764 -7 2 2305 144 1 31
K 0 0 43
A D 1 16
J N 5 6793 -14 5 3457 144 1 31
K 0 0 45
K 0 0 43
K -1 0 45
K 2 0 45
A D 1 16
J N 5 6822 0 2 4609 144 1 31
K 0 0 43
A D 1 16
J N 5 6851 -7 2 5761 144 1 31
K 0 0 43
A D 1 16
H 31 B 1 0 108 6 22 11 11 11 11 33
J B 48 6884 1 82 6913 144 0
J N 7 6905 7 4 1 0 0
K 0 0 43
K 0 0 60
K 0 21 60
A D 4 16
J N 6 6958 14 3 4609 576 0
K 0 0 43
K 0 0 54
A D 2 16
J B 49 7000 1 82 6913 288 0
J N 5 7021 -7 2 1 0 1 32
K 0 0 43
A D 1 16
J N 5 7050 0 2 1153 144 1 32
K 0 0 43
A D 1 16
J N 5 7079 -7 2 2305 144 1 32
K 0 0 43
A D 1 16
J N 5 7108 -14 5 3457 144 1 32
K 0 0 45
K 0 0 43
K -1 0 45
K 2 0 45
A D 1 16
J N 5 7137 0 2 4609 144 1 32
K 0 0 43
A D 1 16
J N 5 7166 -7 2 5761 144 1 32
K 0 0 43
A D 1 16
H 32 B 1 0 108 6 22 11 11 11 11 33
J B 50 7199 1 82 6913 144 0
J N 7 7220 7 5 1 0 0
K 0 0 43
K 25 0 44
K 0 0 60
K 0 21 60
A D 6 16
J B 51 7292 1 82 6913 864 0
J N 5 7313 -14 5 1 0 1 33
K 0 0 45
K 0 0 43
K -1 0 45
K 2 0 45
A D 1 16
J N 5 7342 0 2 1153 144 1 33
K 0 0 43
A D 1 16
J N 5 7371 14 2 2305 144 1 33
K 0 0 43
A D 1 16
J N 5 7400 0 2 3457 144 1 33
K 0 0 43
A D 1 16
J N 5 7429 35 2 4609 144 1 33
K 0 0 43
A D 1 16
J N 5 7458 14 2 5761 144 1 33
K 0 0 43
A D 1 16
H 33 B 1 0 108 6 22 11 11 11 11 33
J B 52 7491 1 82 6913 144 0
J N 5 7512 28 2 1 0 1 34
K 0 0 43
A D 1 16
J N 5 7541 42 2 1153 144 1 34
K 0 0 43
A D 1 16
J N 5 7570 28 2 2305 144 1 34
K 0 0 43
A D 1 16
J N 5 7599 14 2 3457 144 1 34
K 0 0 43
A D 1 16
J N 5 7628 -7 2 4609 144 1 34
K 0 0 43
A D 1 16
J N 5 7657 0 2 5761 144 1 34
K 0 0 43
A D 1 16
H 34 B 1 0 108 6 22 11 11 11 11 33
J B 53 7690 1 82 6913 144 0
J N 5 7711 7 2 1 0 1 35
K 0 0 43
A D 1 16
J N 5 7740 35 2 1153 144 1 35
K 0 0 43
A D 1 16
J N 5 7769 21 2 2305 144 1 35
K 0 0 43
A D 1 16
J N 5 7798 7 2 3457 144 1 35
K 0 0 43
A D 1 16
J N 5 7827 -14 5 4609 144 1 35
K 0 0 45
K 0 0 43
K -1 0 45
K 2 0 45
A D 1 16
J N 5 7856 -7 2 5761 144 1 35
K 0 0 43
A D 1 16
H 35 B 1 0 108 6 22 11 11 11 11 33
J B 54 7889 1 82 6913 144 0
J N 5 7910 0 2 1 0 1 36
K 0 0 43
A D 1 16
J N 5 7939 14 2 1153 144 1 36
K 0 0 43
A D 1 16
J N 5 7968 0 2 2305 144 1 36
K 0 0 43
A D 1 16
J N 5 7997 -14 5 3457 144 1 36
K 0 0 45
K 0 0 43
K -1 0 45
K 2 0 45
A D 1 16
J N 5 8026 -35 6 4609 144 1 36
K 0 21 45
K 0 7 45
K 0 0 43
K 0 7 45
K 1 7 45
A D 1 16
J N 5 8055 -28 6 5761 144 1 36
K 0 14 45
K 0 0 45
K 0 0 43
K -1 0 45
K 2 0 45
A D 1 16
H 36 B 1 0 108 6 22 11 11 11 11 33
J B 55 8088 1 82 6913 144 0
J N 5 8109 -21 5 1 0 1 37
K 0 7 45
K 0 0 43
K 0 7 45
K 1 7 45
A D 1 16
J N 5 8138 14 2 1153 144 1 37
K 0 0 43
A D 1 16
J N 5 8167 -7 2 2305 144 1 37
K 0 0 43
A D 1 16
J N 5 8196 0 2 3457 144 1 37
K 0 0 43
A D 1 16
J N 5 8225 7 2 4609 144 1 37
K 0 0 43
A D 1 16
J N 5 8254 14 2 5761 144 1 37
K 0 0 43
A D 1 16
H 37 B 1 0 108 6 22 11 11 11 11 33
J B 56 8287 1 82 6913 144 0
J N 6 8308 21 3 1 0 1 38
K 0 0 43
K 25 0 44
A D 3 16
J N 5 8354 -14 5 3457 432 1 38
K 0 0 45
K 0 0 43
K -1 0 45
K 2 0 45
A D 1 16
J N 5 8383 -21 5 4609 144 2 39 38
K 0 7 45
K 0 0 43
K 0 7 45
K 1 7 45
A D 1 16
J N 5 8412 21 2 5761 144 2 38 39
K 0 0 43
A D 1 16
H 38 B 1 0 108 4 2 21 11 33
H 39 S 0 0 0 0 0 0 0 0 0
J B 57 8445 1 82 6913 144 0
J N 5 8466 14 2 1 0 2 40 41
K 0 0 43
A D 1 16
J N 5 8495 7 2 1153 144 2 41 40
K 0 0 43
A D 1 16
H 41 B 1 0 108 2 22 33
H 40 S 0 0 0 0 0 0 0 0 0
J N 7 8524 7 4 2305 144 0
K 0 0 43
K 0 0 60
K 0 21 60
A D 4 16
J B 58 8581 1 82 6913 576 0
J N 7 8602 14 4 1 0 0
K 0 0 43
K 0 0 60
K 0 21 60
A D 4 16
J D 0 8655 0 1 4609 576 0
W 0 -21 31 Tutti
J N 6 8655 28 3 4609 0 0
K 0 0 43
K 0 0 54
A D 2 16
J B 59 8697 1 82 6913 288 0
J N 6 8718 28 2 1 0 2 42 43
K 0 0 43
A D 2 16
J N 6 8756 35 2 2305 288 2 43 42
K 0 0 43
A D 2 16
H 42 S 12 0 0 0 0 0 0 0 0
J N 6 8794 35 2 4609 288 1 43
K 0 0 43
A D 2 16
H 43 B 0 0 108 3 2 1 3
J B 60 8836 1 82 6913 288 0
J N 6 8857 35 2 1 0 2 44 45
K 0 0 43
A D 2 16
J N 6 8895 42 2 2305 288 2 45 44
K 0 0 43
A D 2 16
H 44 S 12 0 0 0 0 0 0 0 0
J N 6 8933 42 2 4609 288 1 45
K 0 0 43
A D 2 16
H 45 B 0 0 108 3 2 1 3
J B 61 8975 1 82 6913 288 0
J N 7 8996 42 4 1 0 0
K 0 0 43
K 0 0 59
K 0 -21 59
A D 4 16
J N 7 9049 49 4 2305 576 0
K 0 0 43
K 0 0 59
K 0 -21 59
A D 4 16
J N 6 9102 56 3 4609 576 1 46
K 0 0 43
K 24 -6 44
A D 3 16
J N 5 9148 35 2 6337 432 1 46
K 0 0 43
A D 1 16
H 46 B 0 0 108 2 2 53
J B 63 9181 1 82 6913 144 0
J N 7 9202 49 4 1 0 0
K 0 0 43
K 0 0 59
K 0 -21 59
A D 4 16
J N 6 9255 28 4 4609 576 0
K 0 0 43
K 0 67 108
K 0 0 54
A D 2 16
J B 64 9297 1 82 6913 288 0
J N 6 9318 28 2 1 0 2 47 48
K 0 0 43
A D 2 16
J N 6 9356 35 2 2305 288 2 48 47
K 0 0 43
A D 2 16
H 47 S 12 0 0 0 0 0 0 0 0
J N 6 9394 35 2 4609 288 1 48
K 0 0 43
A D 2 16
H 48 B 0 0 108 3 2 1 3
J B 65 9436 1 82 6913 288 0
J N 6 9457 35 2 1 0 2 49 50
K 0 0 43
A D 2 16
J N 6 9495 42 2 2305 288 2 50 49
K 0 0 43
A D 2 16
H 49 S 12 0 0 0 0 0 0 0 0
J N 6 9533 42 2 4609 288 1 50
K 0 0 43
A D 2 16
H 50 B 0 0 108 3 2 1 3
J B 66 9575 1 82 6913 288 0
J N 7 9596 42 4 1 0 0
K 0 0 43
K 0 0 59
K 0 -21 59
A D 4 16
J N 7 9649 49 4 2305 576 0
K 0 0 43
K 0 0 59
K 0 -21 59
A D 4 16
J N 6 9702 56 3 4609 576 1 51
K 0 0 43
K 24 -6 44
A D 3 16
J N 5 9748 35 2 6337 432 1 51
K 0 0 43
A D 1 16
H 51 B 0 0 108 2 2 53
J B 68 9781 1 82 6913 144 0
J N 7 9802 49 5 1 0 0
K 0 0 43
K 25 0 44
K 0 0 59
K 0 -21 59
A D 6 16
J B 0 9887 6 2 6913 864 0
K -13 0 82
K -6 0 84
J M 0 9887 0 0 10000 0 0
