@ SOURCE: not identified 
L 0 0 14 !39Viola
J D 4 500 -120 1 6913 0 0
W 0 0 44 VI
J D 1 75 -37 1 6913 0 0
W 0 -56 44 VI:  Viola
J C 13 5 28 35 6913 0 0
J K 2 57 0 2 6913 0 0
K 0 7 63
K 15 28 63
J D 5 103 -42 1 6913 0 0
W 0 0 37 Vivace
J T 308 112 0 2 6913 0 0
K -10 28 74
K -10 56 79
J N 6 151 7 3 1 0 0
K 0 0 43
K 0 0 54
A D 2 16
J N 7 180 0 4 2305 288 0
K 0 0 43
K 0 0 60
K 0 21 60
A D 4 16
J B 2 222 1 82 6913 576 0
J N 6 243 -7 3 1 0 1 1
K 0 0 43
K 25 0 44
A D 3 16
J N 5 281 0 2 3457 432 1 1
K 0 0 43
A D 1 16
J N 6 310 7 2 4609 144 1 1
K 0 0 43
A D 2 16
H 1 B 1 0 108 3 2 51 3
J B 3 343 1 82 6913 288 0
J N 6 364 -14 6 1 0 0
K 0 0 45
K 0 0 43
K -1 0 45
K 2 0 45
K 0 0 54
A D 2 16
J N 7 393 -7 4 2305 288 0
K 0 0 43
K 0 0 60
K 0 21 60
A D 4 16
J B 4 435 1 82 6913 576 0
J N 7 456 -7 5 1 0 0
K 0 0 43
K 25 0 44
K 0 0 60
K 0 21 60
A D 6 16
J B 5 506 1 82 6913 864 0
J N 6 527 21 3 1 0 1 2
K 0 0 43
K 25 0 44
A D 3 16
J N 5 565 14 2 3457 432 1 2
K 0 0 43
A D 1 16
J N 6 594 7 2 4609 144 1 2
K 0 0 43
A D 2 16
H 2 B 1 0 108 3 2 51 3
J B 6 627 1 82 6913 288 0
J N 7 648 0 4 1 0 0
K 0 0 43
K 0 0 60
K 0 21 60
A D 4 16
J N 6 686 -7 3 4609 576 0
K 0 0 43
K 0 0 54
A D 2 16
J B 7 719 1 82 6913 288 0
J N 6 740 -14 5 1 0 1 3
K 0 0 45
K 0 0 43
K -1 0 45
K 2 0 45
A D 2 16
J N 6 769 -7 3 2305 288 1 3
K 0 0 43
K 25 0 44
A D 3 16
J N 5 807 -7 2 5761 432 1 3
K 0 0 43
A D 1 16
H 3 B 1 0 108 3 2 1 53
J B 8 840 1 82 6913 144 0
J N 7 861 7 5 1 0 0
K 0 0 43
K 25 0 44
K 0 0 60
K 0 21 60
A D 6 16
J B 9 911 1 82 6913 864 0
J R 9 932 28 2 1 10000 0
K 0 0 46
A D 6 16
J B 10 1037 1 82 6913 864 0
J R 9 1058 28 2 1 10000 0
K 0 0 46
A D 6 16
J B 11 1163 1 82 6913 864 0
J R 9 1184 28 2 1 10000 0
K 0 0 46
A D 6 16
J B 12 1289 1 82 6913 864 0
J R 9 1310 28 2 1 10000 0
K 0 0 46
A D 6 16
J B 13 1415 1 82 6913 864 0
J R 9 1436 28 2 1 10000 0
K 0 0 46
A D 6 16
J B 14 1541 1 82 6913 864 0
J R 9 1562 28 2 1 10000 0
K 0 0 46
A D 6 16
J B 15 1667 1 82 6913 864 0
J R 9 1688 28 2 1 10000 0
K 0 0 46
A D 6 16
J B 16 1793 1 82 6913 864 0
J R 9 1814 28 2 1 10000 0
K 0 0 46
A D 6 16
J B 17 1919 1 82 6913 864 0
J N 6 1940 7 3 1 0 0
K 0 0 43
K 0 0 54
A D 2 16
J N 7 1969 0 4 2305 288 0
K 0 0 43
K 0 0 60
K 0 21 60
A D 4 16
J B 18 2011 1 82 6913 576 0
J N 6 2032 -7 3 1 0 1 4
K 0 0 43
K 25 0 44
A D 3 16
J N 5 2070 0 2 3457 432 1 4
K 0 0 43
A D 1 16
J N 6 2099 7 2 4609 144 1 4
K 0 0 43
A D 2 16
H 4 B 1 0 108 3 2 51 3
J B 19 2132 1 82 6913 288 0
J N 6 2153 -14 6 1 0 0
K 0 0 45
K 0 0 43
K -1 0 45
K 2 0 45
K 0 0 54
A D 2 16
J N 7 2182 -7 4 2305 288 0
K 0 0 43
K 0 0 60
K 0 21 60
A D 4 16
J B 20 2224 1 82 6913 576 0
J N 7 2245 -7 5 1 0 0
K 0 0 43
K 25 0 44
K 0 0 60
K 0 21 60
A D 6 16
J B 21 2295 1 82 6913 864 0
J R 9 2316 28 2 1 10000 0
K 0 0 46
A D 6 16
J B 22 2421 1 82 6913 864 0
J R 9 2442 28 2 1 10000 0
K 0 0 46
A D 6 16
J B 23 2547 1 82 6913 864 0
J R 9 2568 28 2 1 10000 0
K 0 0 46
A D 6 16
J B 24 2673 1 82 6913 864 0
J R 9 2694 28 2 1 10000 0
K 0 0 46
A D 6 16
J B 25 2799 1 82 6913 864 0
J N 6 2820 21 3 1 0 1 5
K 0 0 43
K 25 0 44
A D 3 16
J N 5 2858 14 2 3457 432 1 5
K 0 0 43
A D 1 16
J N 6 2887 7 2 4609 144 1 5
K 0 0 43
A D 2 16
H 5 B 1 0 108 3 2 51 3
J B 26 2920 1 82 6913 288 0
J N 7 2941 0 4 1 0 0
K 0 0 43
K 0 0 60
K 0 21 60
A D 4 16
J N 6 2979 -7 3 4609 576 0
K 0 0 43
K 0 0 54
A D 2 16
J B 27 3012 1 82 6913 288 0
J N 6 3033 -14 5 1 0 1 6
K 0 0 45
K 0 0 43
K -1 0 45
K 2 0 45
A D 2 16
J N 6 3062 -7 3 2305 288 1 6
K 0 0 43
K 25 0 44
A D 3 16
J N 5 3100 -7 2 5761 432 1 6
K 0 0 43
A D 1 16
H 6 B 1 0 108 3 2 1 53
J B 28 3133 1 82 6913 144 0
J N 7 3154 7 5 1 0 0
K 0 0 43
K 25 0 44
K 0 0 60
K 0 21 60
A D 6 16
J B 29 3204 1 82 6913 864 0
J N 7 3225 -7 4 1 0 0
K 0 0 43
K 0 0 60
K 0 21 60
A D 4 16
J N 6 3263 -7 3 4609 576 0
K 0 0 43
K 0 0 54
A D 2 16
J B 30 3296 1 82 6913 288 0
J N 7 3317 -7 4 1 0 0
K 0 0 43
K 0 0 60
K 0 21 60
A D 4 16
J R 6 3355 28 2 4609 576 0
K 0 0 49
A D 2 16
J B 31 3388 1 82 6913 288 0
J N 7 3409 7 5 1 0 0
K 0 0 43
K 0 74 108
K 0 0 60
K 0 21 60
A D 4 16
J N 6 3447 7 3 4609 576 0
K 0 0 43
K 0 0 54
A D 2 16
J B 32 3480 1 82 6913 288 0
J N 7 3501 7 4 1 0 0
K 0 0 43
K 0 0 60
K 0 21 60
A D 4 16
J R 6 3539 28 2 4609 576 0
K 0 0 49
A D 2 16
J B 33 3572 1 82 6913 288 0
J N 7 3593 21 5 1 0 0
K 0 0 43
K 0 75 110
K 0 0 60
K 0 21 60
A D 4 16
J N 6 3631 7 3 4609 576 0
K 0 0 43
K 0 0 54
A D 2 16
J B 34 3664 1 82 6913 288 0
J N 7 3685 35 4 1 0 0
K 0 0 43
K 0 0 59
K 0 -21 59
A D 4 16
J N 7 3723 7 4 2305 576 0
K 0 0 43
K 0 0 60
K 0 21 60
A D 4 16
J N 7 3761 35 4 4609 576 0
K 0 0 43
K 0 0 59
K 0 -21 59
A D 4 16
J B 36 3803 1 82 6913 576 0
J N 7 3824 28 4 1 0 0
K 0 0 43
K 0 0 60
K 0 21 60
A D 4 16
J R 6 3862 28 2 4609 576 0
K 0 0 49
A D 2 16
J B 37 3895 1 82 6913 288 0
J R 9 3916 28 2 1 10000 0
K 0 0 46
A D 6 16
J B 38 4021 1 82 6913 864 0
J R 9 4042 28 2 1 10000 0
K 0 0 46
A D 6 16
J B 39 4147 1 82 6913 864 0
J R 9 4168 28 2 1 10000 0
K 0 0 46
A D 6 16
J B 40 4273 1 82 6913 864 0
J R 9 4294 28 2 1 10000 0
K 0 0 46
A D 6 16
J B 41 4399 1 82 6913 864 0
J R 9 4420 28 2 1 10000 0
K 0 0 46
A D 6 16
J B 42 4525 1 82 6913 864 0
J R 6 4546 28 2 1 0 0
K 0 0 49
A D 2 16
J N 6 4575 7 2 2305 288 1 7
K 0 0 43
A D 2 16
J N 6 4604 7 2 4609 288 1 7
K 0 0 43
A D 2 16
H 7 B 1 0 108 2 2 3
J B 43 4637 1 82 6913 288 0
J N 7 4658 14 4 1 0 0
K 0 0 43
K 0 0 60
K 0 21 60
A D 4 16
J R 6 4696 28 2 4609 576 0
K 0 0 49
A D 2 16
J B 44 4729 1 82 6913 288 0
J R 6 4750 28 2 1 0 0
K 0 0 49
A D 2 16
J N 6 4779 14 2 2305 288 1 8
K 0 0 43
A D 2 16
J N 6 4808 14 2 4609 288 1 8
K 0 0 43
A D 2 16
H 8 B 1 0 108 2 2 3
J B 45 4841 1 82 6913 288 0
J N 7 4862 21 4 1 0 0
K 0 0 43
K 0 0 60
K 0 21 60
A D 4 16
J R 6 4900 28 2 4609 576 0
K 0 0 49
A D 2 16
J B 46 4933 1 82 6913 288 0
J R 6 4954 28 2 1 0 0
K 0 0 49
A D 2 16
J N 6 4983 -28 6 2305 288 1 9
K 0 14 45
K 0 0 45
K 0 0 43
K -1 0 45
K 2 0 45
A D 2 16
J N 6 5012 -7 2 4609 288 1 9
K 0 0 43
A D 2 16
H 9 B 1 0 108 2 2 3
J B 47 5045 1 82 6913 288 0
J R 6 5066 28 2 1 0 0
K 0 0 49
A D 2 16
J N 6 5095 -14 5 2305 288 1 10
K 0 0 45
K 0 0 43
K -1 0 45
K 2 0 45
A D 2 16
J N 6 5124 7 2 4609 288 1 10
K 0 0 43
A D 2 16
H 10 B 1 0 108 2 2 3
J B 48 5157 1 82 6913 288 0
J R 6 5178 28 2 1 0 0
K 0 0 49
A D 2 16
J N 6 5207 0 2 2305 288 1 11
K 0 0 43
A D 2 16
J N 6 5236 21 2 4609 288 1 11
K 0 0 43
A D 2 16
H 11 B 1 0 108 2 2 3
J B 49 5269 1 82 6913 288 0
J R 6 5290 28 2 1 0 0
K 0 0 49
A D 2 16
J N 6 5319 0 2 2305 288 1 12
K 0 0 43
A D 2 16
J N 6 5348 -7 2 4609 288 1 12
K 0 0 43
A D 2 16
H 12 B 1 0 108 2 2 3
J B 50 5381 1 82 6913 288 0
J N 7 5402 -7 5 1 0 0
K 0 0 43
K 25 0 44
K 0 0 60
K 0 21 60
A D 6 16
J B 51 5452 1 82 6913 864 0
J R 9 5473 28 2 1 10000 0
K 0 0 46
A D 6 16
J B 52 5578 1 82 6913 864 0
J R 9 5599 28 2 1 10000 0
K 0 0 46
A D 6 16
J B 53 5704 1 82 6913 864 0
J R 9 5725 28 2 1 10000 0
K 0 0 46
A D 6 16
J B 54 5830 1 82 6913 864 0
J R 9 5851 28 2 1 10000 0
K 0 0 46
A D 6 16
J B 55 5956 1 82 6913 864 0
J R 9 5977 28 2 1 10000 0
K 0 0 46
A D 6 16
J B 56 6082 1 82 6913 864 0
J R 9 6103 28 2 1 10000 0
K 0 0 46
A D 6 16
J B 57 6208 1 82 6913 864 0
J R 9 6229 28 2 1 10000 0
K 0 0 46
A D 6 16
J B 58 6334 1 82 6913 864 0
J R 6 6355 28 2 1 0 0
K 0 0 49
A D 2 16
J R 6 6384 28 2 2305 288 0
K 0 0 49
A D 2 16
J N 6 6413 21 3 4609 288 0
K 0 0 43
K 0 0 54
A D 2 16
J B 59 6446 1 82 6913 288 0
J N 7 6467 14 4 1 0 0
K 0 0 43
K 0 0 60
K 0 21 60
A D 4 16
J N 6 6505 28 3 4609 576 0
K 0 0 43
K 0 0 54
A D 2 16
J B 60 6538 1 82 6913 288 0
J N 7 6559 21 4 1 0 0
K 0 0 43
K 0 0 60
K 0 21 60
A D 4 16
J N 6 6597 0 3 4609 576 0
K 0 0 43
K 0 0 54
A D 2 16
J B 61 6630 1 82 6913 288 0
J N 7 6651 14 4 1 0 0
K 0 0 43
K 0 0 60
K 0 21 60
A D 4 16
J N 6 6689 7 3 2305 576 0
K 0 0 43
K 0 0 54
A D 2 16
J N 6 6718 -14 5 3457 288 1 13
K 0 0 45
K 0 0 43
K -1 0 45
K 2 0 45
A D 2 16
J N 6 6747 -7 3 4609 288 1 13
K 0 0 43
K 25 0 44
A D 3 16
J N 5 6785 -7 2 6337 432 1 13
K 0 0 43
A D 1 16
H 13 B 1 0 108 3 2 1 53
J B 63 6818 1 82 6913 144 0
J N 7 6839 -7 4 1 0 0
K 0 0 43
K 0 0 60
K 0 21 60
A D 4 16
J N 6 6877 21 4 4609 576 0
K 0 0 43
K 0 68 108
K 0 0 54
A D 2 16
J B 64 6910 1 82 6913 288 0
J N 7 6931 14 4 1 0 0
K 0 0 43
K 0 0 60
K 0 21 60
A D 4 16
J N 6 6969 28 3 4609 576 0
K 0 0 43
K 0 0 54
A D 2 16
J B 65 7002 1 82 6913 288 0
J N 7 7023 21 4 1 0 0
K 0 0 43
K 0 0 60
K 0 21 60
A D 4 16
J N 6 7061 0 3 4609 576 0
K 0 0 43
K 0 0 54
A D 2 16
J B 66 7094 1 82 6913 288 0
J N 7 7115 14 4 1 0 0
K 0 0 43
K 0 0 60
K 0 21 60
A D 4 16
J N 6 7153 7 3 2305 576 0
K 0 0 43
K 0 0 54
A D 2 16
J N 6 7182 -14 5 3457 288 1 14
K 0 0 45
K 0 0 43
K -1 0 45
K 2 0 45
A D 2 16
J N 6 7211 -7 3 4609 288 1 14
K 0 0 43
K 25 0 44
A D 3 16
J N 5 7246 42 2 6337 432 1 14
K 0 0 43
A D 1 16
H 14 B 1 0 108 3 2 1 53
J B 68 7279 1 82 6913 144 0
J N 7 7300 42 5 1 0 0
K 0 0 43
K 24 -6 44
K 0 0 59
K 0 -21 59
A D 6 16
J B 0 7363 6 2 6913 864 0
K -13 0 82
K -6 0 84
J M 0 7363 0 0 10000 0 0
