X 46 1200C 120 III.                
S 0 500 240 1750 1066 7 "[...][....]"                
L 0 0 0 0 0 * 0 14 0                
J D 0 -300 21 2 6913 0 0                
W 0 0 39 Violino 1                
W 0 42 33 concertino                
J D 1 75 -37 1 6913 0 0                
W 0 -56 0 (44) III.:  Violino 1 concertino                
J C 4 5 42 2 6913 0 0                
K 0 0 33                
K 0 0 34                
J K -1 57 0 1 6913 0 0                
K 0 28 65                
J D 5 86 -42 1 6913 0 0                
W 0 0 37 Adagio                
J T 101 86 42 1 6913 0 0                
K 0 0 37                
J N 5 149 42 2 1 0 2 1 2                
K 0 0 43                
A D 1 16                
J N 5 181 28 2 433 144 2 2 1                
K 0 0 43                
A D 1 16                
H 1 S 0 0 0 0 0 0 0 0 0                
J N 5 216 7 3 865 144 2 3 2                
K -15 0 65                
K 0 0 43                
A D 1 16                
J N 5 248 28 2 1297 144 2 2 3                
K 0 0 43                
A D 1 16                
H 2 B -45 -2 108 4 22 11 11 33                
H 3 S 0 0 0 0 0 0 0 0 0                
J N 5 280 42 2 1729 144 2 4 5                
K 0 0 43                
A D 1 16                
J N 5 323 56 3 2161 144 2 5 4                
K -15 0 65                
K 0 0 43                
A D 1 16                
H 4 S 12 0 0 0 0 0 0 0 0                
J N 5 355 42 2 2593 144 2 6 5                
K 0 0 43                
A D 1 16                
J N 5 387 28 2 3025 144 2 5 6                
K 0 0 43                
A D 1 16                
H 5 B 57 -1 108 4 22 11 11 33                
H 6 S 12 0 0 0 0 0 0 0 0                
J N 6 419 49 2 3457 144 1 7                
K 0 0 43                
A D 2 16                
J N 6 483 77 5 4321 288 1 7                
K 1 -7 45                
K 0 0 43                
K 0 -7 45                
K 1 -7 45                
A D 2 16                
H 7 B 40 8 108 2 2 3                
J R 7 547 28 2 5185 288 0                
K 0 0 48                
A D 4 16                
J B 2 677 1 82 6913 576 0                
J N 5 702 7 3 1 0 2 8 9                
K -15 0 65                
K 0 0 43                
A D 1 16                
J N 5 733 -7 2 433 144 2 9 8                
K 0 0 43                
A D 1 16                
H 8 S 0 0 0 0 0 0 0 0 0                
J N 5 764 -21 5 865 144 2 10 9                
K 0 7 45                
K 0 0 43                
K 0 7 45                
K 1 7 45                
A D 1 16                
J N 5 795 -7 2 1297 144 2 9 10                
K 0 0 43                
A D 1 16                
H 9 B -53 -1 108 4 22 11 11 33                
H 10 S 0 0 0 0 0 0 0 0 0                
J N 5 826 7 2 1729 144 2 11 12                
K 0 0 43                
A D 1 16                
J N 5 857 21 2 2161 144 2 12 11                
K 0 0 43                
A D 1 16                
H 11 S 0 0 0 0 0 0 0 0 0                
J N 5 899 35 3 2593 144 2 13 12                
K -15 0 65                
K 0 0 43                
A D 1 16                
J N 5 930 21 2 3025 144 2 12 13                
K 0 0 43                
A D 1 16                
H 12 B -78 1 108 4 22 11 11 33                
H 13 S 0 0 0 0 0 0 0 0 0                
J N 6 961 63 3 3457 144 0                
K 0 0 43                
K 0 0 53                
A D 2 16                
J N 7 1016 56 5 4321 288 0                
K -15 0 65                
K 0 0 43                
K 0 0 59                
K 0 -21 59                
A D 4 16                
J N 6 1144 63 3 6049 576 0                
K 0 0 43                
K 0 0 53                
A D 2 16                
J B 3 1197 1 82 6913 288 0                
J N 6 1221 56 4 1 0 0                
K -15 0 65                
K 0 0 43                
K 0 0 53                
A D 2 16                
J N 7 1294 7 5 865 288 0                
K -15 0 65                
K 0 0 43                
K 0 0 60                
K 0 21 60                
A D 4 16                
J N 6 1423 14 3 2593 576 0                
K 0 0 43                
K 0 0 54                
A D 2 16                
J N 5 1485 56 2 3457 288 2 14 15                
K 0 0 43                
A D 1 16                
J N 5 1519 42 2 3889 144 2 15 14                
K 0 0 43                
A D 1 16                
H 15 B 56 -4 108 2 22 33                
H 14 S 12 0 0 0 0 0 0 0 0                
J N 7 1561 21 4 4321 144 0                
K 0 0 43                
K 0 0 60                
K 0 21 60                
A D 4 16                
J N 6 1685 28 3 6049 576 0                
K 0 0 43                
K 0 0 54                
A D 2 16                
J B 4 1750 1 82 6913 288 0                
E *                
L 160 0 0 0 0 * 0 14 0                
J D 0 -300 21 2 6913 0 0                
W 0 0 39 Violino 2                
W 0 42 33 concertino                
J D 1 75 -37 1 6913 0 0                
W 0 -56 0 (44) III.:  Violino 2 concertino                
J C 4 5 42 2 6913 0 0                
K 0 0 33                
K 0 0 34                
J K -1 57 0 1 6913 0 0                
K 0 28 65                
J D 5 86 -42 1 6913 0 0                
W 0 0 0 (37) Adagio                
J T 101 86 42 1 6913 0 0                
K 0 0 37                
J R 8 149 28 2 1 0 0                
K 0 0 47                
A D 8 16                
J N 5 419 49 2 3457 1152 2 1 2                
K 0 0 43                
A D 1 16                
J N 5 451 28 2 3889 144 2 2 1                
K 0 0 43                
A D 1 16                
H 1 S 12 0 0 0 0 0 0 0 0                
J N 5 483 14 2 4321 144 2 3 2                
K 0 0 43                
A D 1 16                
J N 5 515 28 2 4753 144 2 2 3                
K 0 0 43                
A D 1 16                
H 2 B 71 -4 108 4 22 11 11 33                
H 3 S 12 0 0 0 0 0 0 0 0                
J N 5 547 49 2 5185 144 2 4 5                
K 0 0 43                
A D 1 16                
J N 5 579 63 2 5617 144 2 5 4                
K 0 0 43                
A D 1 16                
H 4 S 12 0 0 0 0 0 0 0 0                
J N 5 611 49 2 6049 144 2 6 5                
K 0 0 43                
A D 1 16                
J N 5 643 28 2 6481 144 2 5 6                
K 0 0 43                
A D 1 16                
H 5 B 52 -4 108 4 22 11 11 33                
H 6 S 12 0 0 0 0 0 0 0 0                
J B 2 677 1 82 6913 144 0                
J N 6 702 56 3 1 0 1 7                
K -15 0 65                
K 0 0 43                
A D 2 16                
J N 6 764 7 3 865 288 1 7                
K -15 0 65                
K 0 0 43                
A D 2 16                
H 7 B 68 -11 108 2 2 3                
J R 7 826 28 2 1729 288 0                
K 0 0 48                
A D 4 16                
J N 6 961 35 3 3457 576 1 8                
K -15 0 65                
K 0 0 43                
A D 2 16                
J N 6 1016 42 2 4321 288 1 8                
K 0 0 43                
A D 2 16                
J N 6 1089 49 3 5185 288 1 8                
K 0 0 43                
K 25 0 44                
A D 3 16                
J N 5 1163 28 2 6481 432 1 8                
K 0 0 43                
A D 1 16                
H 8 B 52 0 108 4 2 1 1 53                
J B 3 1197 1 82 6913 144 0                
J N 6 1221 42 2 1 0 1 9                
K 0 0 43                
A D 2 16                
J N 6 1294 -7 2 865 288 1 9                
K 0 0 43                
A D 2 16                
J N 6 1356 0 2 1729 288 1 9                
K 0 0 43                
A D 2 16                
J N 6 1423 28 2 2593 288 1 9                
K 0 0 43                
A D 2 16                
H 9 B -42 -1 108 4 2 1 1 3                
J R 6 1485 28 2 3457 288 0                
K 0 0 49                
A D 2 16                
J N 6 1561 7 3 4321 288 1 10                
K -15 0 65                
K 0 0 43                
A D 2 16                
J N 6 1623 14 2 5185 288 1 10                
K 0 0 43                
A D 2 16                
J N 6 1685 42 2 6049 288 1 10                
K 0 0 43                
A D 2 16                
H 10 B -57 5 108 3 2 1 3                
J B 4 1750 1 82 6913 288 0                
E *                
L 320 0 0 0 0 * 0 14 0                
J D 0 -300 21 2 6913 0 0                
W 0 0 39 Violoncello                
W 0 42 33 concertino                
J D 1 75 -37 1 6913 0 0                
W 0 -56 0 (44) III.:  Violoncello concertino                
J C 22 5 14 36 6913 0 0                
J K -1 57 0 1 6913 0 0                
K 0 42 65                
J D 5 86 -42 1 6913 0 0                
W 0 0 0 (37) Adagio                
J T 101 86 42 1 6913 0 0                
K 0 0 37                
J N 6 149 -28 7 1 0 1 1                
K 0 14 45                
K 0 0 45                
K -15 0 65                
K 0 0 43                
K -1 0 45                
K 2 0 45                
A D 2 16                
J N 6 216 -28 6 865 288 1 1                
K 0 14 45                
K 0 0 45                
K 0 0 43                
K -1 0 45                
K 2 0 45                
A D 2 16                
J N 6 280 -28 6 1729 288 1 1                
K 0 14 45                
K 0 0 45                
K 0 0 43                
K -1 0 45                
K 2 0 45                
A D 2 16                
J N 6 355 -28 6 2593 288 1 1                
K 0 14 45                
K 0 0 45                
K 0 0 43                
K -1 0 45                
K 2 0 45                
A D 2 16                
H 1 B -56 0 108 4 2 1 1 3                
J F 0 419 98 1 3457 288 0                
K 0 0 205                
J N 6 419 -21 5 3457 0 1 2                
K 0 7 45                
K 0 0 43                
K 0 7 45                
K 1 7 45                
A D 2 16                
J N 6 483 -21 5 4321 288 1 2                
K 0 7 45                
K 0 0 43                
K 0 7 45                
K 1 7 45                
A D 2 16                
J N 6 547 -21 5 5185 288 1 2                
K 0 7 45                
K 0 0 43                
K 0 7 45                
K 1 7 45                
A D 2 16                
J N 6 611 -21 5 6049 288 1 2                
K 0 7 45                
K 0 0 43                
K 0 7 45                
K 1 7 45                
A D 2 16                
H 2 B -49 0 108 4 2 1 1 3                
J B 2 677 1 82 6913 288 0                
J F 0 702 98 2 1 0 0                
K 0 0 206                
K 0 21 219                
J N 6 702 -14 5 1 0 1 3                
K 0 0 45                
K 0 0 43                
K -1 0 45                
K 2 0 45                
A D 2 16                
J N 6 764 -14 5 865 288 1 3                
K 0 0 45                
K 0 0 43                
K -1 0 45                
K 2 0 45                
A D 2 16                
J F 0 826 98 2 1729 288 0                
K 0 0 205                
K 15 0 219                
J N 6 826 -14 5 1729 0 1 3                
K 0 0 45                
K 0 0 43                
K -1 0 45                
K 2 0 45                
A D 2 16                
J F 0 899 98 1 2593 288 0                
K 0 0 206                
J N 6 899 -35 6 2593 0 1 3                
K 0 21 45                
K 0 7 45                
K 0 0 43                
K 0 7 45                
K 1 7 45                
A D 2 16                
H 3 B -47 0 108 4 2 1 1 3                
J F 0 961 98 2 3457 288 0                
K 0 0 206                
K 15 0 219                
J N 6 961 -7 2 3457 0 1 4                
K 0 0 43                
A D 2 16                
J N 6 1016 21 3 4321 288 1 4                
K -15 0 65                
K 0 0 43                
A D 2 16                
J F 0 1089 106 2 5185 288 0                
K 0 0 203                
K 15 0 219                
J N 6 1089 -7 2 5185 0 1 4                
K 0 0 43                
A D 2 16                
J F 0 1144 106 1 6049 288 0                
K 0 0 202                
J N 6 1144 42 2 6049 0 1 4                
K 0 0 43                
A D 2 16                
H 4 B -67 4 108 4 2 1 1 3                
J B 3 1197 1 82 6913 288 0                
J R 5 1221 28 3 1 0 0                
K 0 14 49                
K 4 0 50                
A D 1 16                
J N 5 1263 21 3 433 144 1 5                
K -15 0 65                
K 0 0 43                
A D 1 16                
J F 0 1294 98 1 865 144 0                
K 0 0 205                
J N 5 1294 7 2 865 0 1 5                
K 0 0 43                
A D 1 16                
J N 5 1325 21 2 1297 144 1 5                
K 0 0 43                
A D 1 16                
H 5 B -50 0 108 3 22 11 33                
J F 0 1356 106 2 1729 144 0                
K 0 0 203                
K 15 0 219                
J N 5 1356 -7 2 1729 0 1 6                
K 0 0 43                
A D 1 16                
J N 5 1392 42 2 2161 144 1 6                
K 0 0 43                
A D 1 16                
J N 5 1423 28 2 2593 144 1 6                
K 0 0 43                
A D 1 16                
J N 5 1454 42 2 3025 144 1 6                
K 0 0 43                
A D 1 16                
H 6 B -88 5 108 4 22 11 11 33                
J F 0 1485 98 1 3457 144 0                
K 0 0 208                
J R 5 1485 28 3 3457 0 0                
K 0 14 49                
K 4 0 50                
A D 1 16                
J N 5 1519 -14 5 3889 144 1 7                
K 0 0 45                
K 0 0 43                
K -1 0 45                
K 2 0 45                
A D 1 16                
J N 5 1561 -28 7 4321 144 1 7                
K 0 14 45                
K 0 0 45                
K -15 0 65                
K 0 0 43                
K -1 0 45                
K 2 0 45                
A D 1 16                
J N 5 1592 -14 5 4753 144 1 7                
K 0 0 45                
K 0 0 43                
K -1 0 45                
K 2 0 45                
A D 1 16                
H 7 B -46 0 108 3 22 11 33                
J F 0 1623 98 1 5185 144 0                
K 0 0 203                
J N 5 1623 -42 7 5185 0 1 8                
K 0 28 45                
K 0 14 45                
K 0 0 45                
K 0 0 43                
K -1 0 45                
K 2 0 45                
A D 1 16                
J N 5 1654 7 2 5617 144 1 8                
K 0 0 43                
A D 1 16                
J N 5 1685 -7 2 6049 144 1 8                
K 0 0 43                
A D 1 16                
J N 5 1716 7 2 6481 144 1 8                
K 0 0 43                
A D 1 16                
H 8 B -88 5 108 4 22 11 11 33                
J B 4 1750 1 82 6913 144 0                
E *                
L 530 0 0 0 0 * 0 14 0                
J D 0 -300 21 2 6913 0 0                
W 0 0 39 Violino 1                
W 0 42 33 concerto grosso                
J D 1 75 -37 1 6913 0 0                
W 0 -56 0 (44) III.:  Violino 1 concerto grosso                
J C 4 5 42 2 6913 0 0                
K 0 0 33                
K 0 0 34                
J K -1 57 0 1 6913 0 0                
K 0 28 65                
J D 5 86 -42 1 6913 0 0                
W 0 0 0 (37) Adagio                
J T 101 86 42 1 6913 0 0                
K 0 0 37                
J N 6 149 28 3 1 0 1 1                
K 0 0 43                
K 0 67 108                
A D 2 16                
J N 6 216 28 2 865 288 1 1                
K 0 0 43                
A D 2 16                
J N 6 280 28 2 1729 288 1 1                
K 0 0 43                
A D 2 16                
J N 6 355 28 2 2593 288 1 1                
K 0 0 43                
A D 2 16                
H 1 B -42 0 108 4 2 1 1 3                
J N 6 419 28 2 3457 288 1 2                
K 0 0 43                
A D 2 16                
J N 6 483 28 2 4321 288 1 2                
K 0 0 43                
A D 2 16                
J N 6 547 28 2 5185 288 1 2                
K 0 0 43                
A D 2 16                
J N 6 611 28 2 6049 288 1 2                
K 0 0 43                
A D 2 16                
H 2 B -42 0 108 4 2 1 1 3                
J B 2 677 1 82 6913 288 0                
J N 6 702 28 2 1 0 1 3                
K 0 0 43                
A D 2 16                
J N 6 764 56 3 865 288 1 3                
K -15 0 65                
K 0 0 43                
A D 2 16                
J N 6 826 35 3 1729 288 1 3                
K -15 0 65                
K 0 0 43                
A D 2 16                
J N 6 899 21 2 2593 288 1 3                
K 0 0 43                
A D 2 16                
H 3 B 49 0 108 4 2 1 1 3                
J N 6 961 63 4 3457 288 0                
K 0 0 43                
K 0 36 110                
K 0 0 53                
A D 2 16                
J N 7 1016 56 4 4321 288 0                
K 0 0 43                
K 0 0 59                
K 0 -21 59                
A D 4 16                
J N 6 1144 63 3 6049 576 0                
K 0 0 43                
K 0 0 53                
A D 2 16                
J B 3 1197 1 82 6913 288 0                
J N 7 1221 56 5 1 0 0                
K -15 0 65                
K 0 0 43                
K 0 0 59                
K 0 -21 59                
A D 4 16                
J R 7 1356 28 2 1729 576 0                
K 0 0 48                
A D 4 16                
J R 8 1485 28 2 3457 576 0                
K 0 0 47                
A D 8 16                
J B 4 1750 1 82 6913 1152 0                
E *                
L 690 0 0 0 0 * 0 14 0                
J D 0 -300 21 2 6913 0 0                
W 0 0 39 Violino 2                
W 0 42 33 concerto grosso                
J D 1 75 -37 1 6913 0 0                
W 0 -56 0 (44) III.:  Violino 2 concerto grosso                
J C 4 5 42 2 6913 0 0                
K 0 0 33                
K 0 0 34                
J K -1 57 0 1 6913 0 0                
K 0 28 65                
J D 5 86 -42 1 6913 0 0                
W 0 0 0 (37) Adagio                
J T 101 86 42 1 6913 0 0                
K 0 0 37                
J N 6 149 42 3 1 0 1 1                
K 0 0 43                
K 0 37 108                
A D 2 16                
J N 6 216 42 2 865 288 1 1                
K 0 0 43                
A D 2 16                
J N 6 280 42 2 1729 288 1 1                
K 0 0 43                
A D 2 16                
J N 6 355 42 2 2593 288 1 1                
K 0 0 43                
A D 2 16                
H 1 B 46 0 108 4 2 1 1 3                
J N 6 419 49 2 3457 288 1 2                
K 0 0 43                
A D 2 16                
J N 6 483 49 2 4321 288 1 2                
K 0 0 43                
A D 2 16                
J N 6 547 49 2 5185 288 1 2                
K 0 0 43                
A D 2 16                
J N 6 611 49 2 6049 288 1 2                
K 0 0 43                
A D 2 16                
H 2 B 49 0 108 4 2 1 1 3                
J B 2 677 1 82 6913 288 0                
J N 6 702 56 3 1 0 1 3                
K -15 0 65                
K 0 0 43                
A D 2 16                
J N 6 764 56 2 865 288 1 3                
K 0 0 43                
A D 2 16                
J N 6 826 56 2 1729 288 1 3                
K 0 0 43                
A D 2 16                
J N 6 899 35 3 2593 288 2 4 3                
K -15 0 65                
K 0 0 43                
A D 2 16                
H 3 B 60 -2 108 4 2 1 1 3                
J N 6 961 35 3 3457 288 2 5 4                
K 0 0 43                
K 0 51 110                
A D 2 16                
H 4 T 35 0 0 0 0 0 9 0                
J N 6 1016 42 2 4321 288 1 5                
K 0 0 43                
A D 2 16                
J N 6 1089 49 3 5185 288 1 5                
K 0 0 43                
K 25 0 44                
A D 3 16                
J N 5 1163 28 2 6481 432 1 5                
K 0 0 43                
A D 1 16                
H 5 B 52 0 108 4 2 1 1 53                
J B 3 1197 1 82 6913 144 0                
J N 7 1221 42 4 1 0 0                
K 0 0 43                
K 0 0 59                
K 0 -21 59                
A D 4 16                
J R 7 1356 28 2 1729 576 0                
K 0 0 48                
A D 4 16                
J R 8 1485 28 2 3457 576 0                
K 0 0 47                
A D 8 16                
J B 4 1750 1 82 6913 1152 0                
E *                
L 850 0 0 0 0 * 0 14 0                
J D 0 -300 42 1 6913 0 0                
W 0 0 39 Viola                
J D 1 75 -37 1 6913 0 0                
W 0 -56 0 (44) III.:  Viola                
J C 13 5 28 35 6913 0 0                
J K -1 57 0 1 6913 0 0                
K 0 35 65                
J D 5 86 -42 1 6913 0 0                
W 0 0 0 (37) Adagio                
J T 101 86 42 1 6913 0 0                
K 0 0 37                
J N 6 149 14 4 1 0 1 1                
K -15 0 65                
K 0 0 43                
K 0 71 108                
A D 2 16                
J N 6 216 14 2 865 288 1 1                
K 0 0 43                
A D 2 16                
J N 6 280 14 2 1729 288 1 1                
K 0 0 43                
A D 2 16                
J N 6 355 14 2 2593 288 1 1                
K 0 0 43                
A D 2 16                
H 1 B -46 0 108 4 2 1 1 3                
J N 6 419 -14 5 3457 288 1 2                
K 0 0 45                
K 0 0 43                
K -1 0 45                
K 2 0 45                
A D 2 16                
J N 6 483 35 2 4321 288 1 2                
K 0 0 43                
A D 2 16                
J N 6 547 35 2 5185 288 1 2                
K 0 0 43                
A D 2 16                
J N 6 611 35 2 6049 288 1 2                
K 0 0 43                
A D 2 16                
H 2 B -87 2 108 4 2 1 1 3                
J B 2 677 1 82 6913 288 0                
J N 6 702 28 2 1 0 1 3                
K 0 0 43                
A D 2 16                
J N 6 764 28 2 865 288 1 3                
K 0 0 43                
A D 2 16                
J N 6 826 14 3 1729 288 1 3                
K -15 0 65                
K 0 0 43                
A D 2 16                
J N 6 899 14 2 2593 288 1 3                
K 0 0 43                
A D 2 16                
H 3 B -42 0 108 4 2 1 1 3                
J N 6 961 7 3 3457 288 1 4                
K 0 0 43                
K 0 82 110                
A D 2 16                
J N 5 1016 0 2 4321 288 1 4                
K 0 0 43                
A D 1 16                
J N 5 1058 -7 3 4753 144 1 4                
K -15 0 65                
K 0 0 43                
A D 1 16                
H 4 B -40 -1 108 3 2 21 33                
J N 6 1089 -14 6 5185 144 1 5                
K 0 0 45                
K 0 0 43                
K -1 0 45                
K 2 0 45                
K 24 -6 44                
A D 3 16                
J N 5 1163 -14 5 6481 432 1 5                
K 0 0 45                
K 0 0 43                
K -1 0 45                
K 2 0 45                
A D 1 16                
H 5 B -46 0 108 2 2 53                
J B 3 1197 1 82 6913 144 0                
J N 7 1221 -14 7 1 0 0                
K 0 0 45                
K 0 0 43                
K -1 0 45                
K 2 0 45                
K 0 0 60                
K 0 21 60                
A D 4 16                
J R 7 1356 28 2 1729 576 0                
K 0 0 48                
A D 4 16                
J R 8 1485 28 2 3457 576 0                
K 0 0 47                
A D 8 16                
J B 4 1750 1 82 6913 1152 0                
E *                
L 1010 0 0 0 0 * 0 14 0                
J D 0 -300 21 2 6913 0 0                
W 0 0 39 Basso                
W 0 42 33 concerto grosso                
J D 1 75 -37 1 6913 0 0                
W 0 -56 0 (44) III.:  Basso concerto grosso                
J C 22 5 14 36 6913 0 0                
J K -1 57 0 1 6913 0 0                
K 0 42 65                
J D 5 86 -42 1 6913 0 0                
W 0 0 0 (37) Adagio                
J T 101 86 42 1 6913 0 0                
K 0 0 37                
J N 7 149 21 5 1 0 0                
K -15 0 65                
K 0 0 43                
K 0 0 60                
K 0 21 60                
A D 2 8                
J R 7 280 28 2 1729 576 0                
K 0 0 48                
A D 2 8                
J F 0 419 98 1 3457 576 0                
K 0 0 205                
J N 7 419 28 4 3457 0 0                
K 0 0 43                
K 0 0 60                
K 0 21 60                
A D 2 8                
J R 7 547 28 2 5185 576 0                
K 0 0 48                
A D 2 8                
J B 2 677 1 82 6913 576 0                
J F 0 702 98 2 1 0 0                
K 0 0 206                
K 0 21 219                
J N 7 702 35 4 1 0 0                
K 0 0 43                
K 0 0 59                
K 0 -21 59                
A D 2 8                
J R 7 826 28 2 1729 576 0                
K 0 0 48                
A D 2 8                
J F 0 961 107 2 3457 576 0                
K 0 0 206                
K 15 0 219                
J N 6 961 42 2 3457 0 1 1                
K 0 0 43                
A D 1 8                
J N 6 1016 21 3 4321 288 1 1                
K -15 0 65                
K 0 0 43                
A D 1 8                
J F 0 1089 107 2 5185 288 0                
K 0 0 203                
K 15 0 219                
J N 6 1089 -7 2 5185 0 1 1                
K 0 0 43                
A D 1 8                
J F 0 1144 107 1 6049 288 0                
K 0 0 202                
J N 6 1144 42 2 6049 0 1 1                
K 0 0 43                
A D 1 8                
H 1 B -42 0 108 4 2 1 1 3                
J B 3 1197 1 82 6913 288 0                
J N 7 1221 21 5 1 0 0                
K -15 0 65                
K 0 0 43                
K 0 0 60                
K 0 21 60                
A D 2 8                
J R 7 1356 28 2 1729 576 0                
K 0 0 48                
A D 2 8                
J R 8 1485 28 2 3457 576 0                
K 0 0 47                
A D 4 8                
J B 4 1750 1 82 6913 1152 0                
E *                
B 1 677 0                
B 1 1197 0                
B 1 1750 0                
S 0 200 1610 2050 1066 7 "[...][....]"                
L 0 0 0 313 313 * 0 14 0                
J C 4 5 42 2 6913 0 0                
K 0 0 33                
K 0 0 34                
J K -1 57 0 1 6913 0 0                
K 0 28 65                
J D 0 5 -14 1 6913 0 0                
W 0 0 37 \04                
J N 5 113 70 5 1 0 2 16 17                
K 1 0 45                
K 0 0 43                
K -1 0 45                
K 2 0 45                
A D 1 16                
J N 5 155 56 3 433 144 2 17 16                
K -15 0 65                
K 0 0 43                
A D 1 16                
H 17 B 56 -4 108 2 22 33                
H 16 S 12 0 0 0 0 0 0 0 0                
J N 7 197 35 5 865 144 0                
K -15 0 65                
K 0 0 43                
K 0 0 59                
K 0 -21 59                
A D 4 16                
J N 6 333 42 3 2593 576 0                
K 0 0 43                
K 0 0 53                
A D 2 16                
J N 5 395 84 6 3457 288 1 18                
K 1 -14 45                
K 1 0 45                
K 0 0 43                
K -1 0 45                
K 2 0 45                
A D 1 16                
J N 5 428 70 5 3889 144 1 18                
K 1 0 45                
K 0 0 43                
K -1 0 45                
K 2 0 45                
A D 1 16                
H 18 B 57 -3 108 2 22 33                
J N 7 458 49 4 4321 144 0                
K 0 0 43                
K 0 0 59                
K 0 -21 59                
A D 4 16                
J N 6 578 56 3 6049 576 1 19                
K 0 0 43                
K 0 0 53                
A D 2 16                
J B 5 646 1 82 6913 288 0                
J N 6 671 56 3 1 0 2 20 19                
k -15 0 65                
K 0 0 43                
A D 2 16                
H 19 T 56 0 0 0 0 0 13 0                
J N 6 719 63 2 865 288 1 20                
K 0 0 43                
A D 2 16                
J N 6 767 70 6 1729 288 1 20                
K 1 0 45                
K 0 0 43                
K -1 0 45                
K 2 0 45                
K 24 -6 44                
A D 3 16                
J N 5 839 49 2 3025 432 1 20                
K 0 0 43                
A D 1 16                
H 20 B 57 0 108 4 2 1 1 53                
J N 6 869 63 3 3457 144 0                
K 0 0 43                
K 0 0 53                
A D 2 16                
J N 7 917 28 4 4321 288 0                
K 0 0 43                
K 0 0 60                
K 0 21 60                
A D 4 16                
J N 6 1013 35 4 6049 576 1 21                
K -15 0 65                
K 0 0 43                
K 0 0 53                
A D 2 16                
J B 6 1061 1 82 6913 288 0                
J N 6 1084 35 4 1 0 1 21                
k -15 0 65                
K 0 0 43                
K 0 0 53                
A D 2 16                
H 21 T 35 0 0 0 0 0 9 0                
J N 7 1132 42 4 865 288 0                
K 0 0 43                
K 0 0 59                
K 0 -21 59                
A D 4 16                
J N 6 1228 49 3 2593 576 0                
K 0 0 43                
K 0 0 53                
A D 2 16                
J N 6 1276 77 7 3457 288 0                
K 1 -7 45                
K 0 0 43                
K 0 -7 45                
K 1 -7 45                
K 0 0 59                
K 0 0 53                
A D 2 16                
J N 7 1347 56 5 4321 288 0                
K -15 0 65                
K 0 0 43                
K 0 0 59                
K 0 -21 59                
A D 4 16                
J N 6 1472 63 3 6049 576 1 22                
K 0 0 43                
K 0 0 53                
A D 2 16                
J B 7 1535 1 82 6913 288 0                
J N 6 1559 63 3 1 0 1 22                
K 0 0 43                
K 0 0 53                
A D 2 16                
H 22 T 63 0 0 0 0 0 9 0                
J N 7 1629 70 7 865 288 0                
K 1 0 45                
K 0 0 43                
K -1 0 45                
K 2 0 45                
K 0 0 59                
K 0 -21 59                
A D 4 16                
J N 6 1749 77 7 2593 576 0                
K 1 -7 45                
K 0 0 43                
K 0 -7 45                
K 1 -7 45                
K 0 0 59                
K 0 0 53                
A D 2 16                
J N 5 1820 70 5 3457 288 2 23 24                
K 1 0 45                
K 0 0 43                
K -1 0 45                
K 2 0 45                
A D 1 16                
J N 5 1850 63 2 3889 144 2 24 23                
K 0 0 43                
A D 1 16                
H 23 S 12 0 0 0 0 0 0 0 0                
J N 6 1891 56 3 4321 144 1 24                
K -15 0 65                
K 0 0 43                
A D 2 16                
H 24 B 58 -2 108 3 22 31 3                
J N 6 1951 56 3 5185 288 1 25                
K 0 0 43                
K 24 -6 44                
A D 3 16                
J N 5 2017 63 2 6481 432 1 25                
K 0 0 43                
A D 1 16                
H 25 B 48 2 108 2 2 53                
J B 8 2050 1 82 6913 144 0                
E *                
L 160 0 0 313 313 * 0 14 0                
J C 4 5 42 2 6913 0 0                
K 0 0 33                
K 0 0 34                
J K -1 57 0 1 6913 0 0                
K 0 28 65                
J D 0 5 -14 1 6913 0 0                
W 0 0 0 \04                
J R 6 113 28 2 1 0 0                
K 0 0 49                
A D 2 16                
J N 6 197 21 2 865 288 1 11                
K 0 0 43                
A D 2 16                
J N 6 262 28 2 1729 288 1 11                
K 0 0 43                
A D 2 16                
J N 6 333 56 3 2593 288 1 11                
K -15 0 65                
K 0 0 43                
A D 2 16                
H 11 B 42 3 108 3 2 1 3                
J R 6 395 28 2 3457 288 0                
K 0 0 49                
A D 2 16                
J N 6 458 35 4 4321 288 0                
K -15 0 65                
K 0 0 43                
K 0 0 53                
A D 2 16                
J N 7 518 42 4 5185 288 0                
K 0 0 43                
K 0 0 59                
K 0 -21 59                
A D 4 16                
J B 5 646 1 82 6913 576 0                
J N 6 671 49 3 1 0 0                
K 0 0 43                
K 0 0 53                
A D 2 16                
J N 7 719 28 4 865 288 0                
K 0 0 43                
K 0 0 60                
K 0 21 60                
A D 4 16                
J N 6 815 35 4 2593 576 0                
K -14 0 64                
K 0 0 43                
K 0 0 53                
A D 2 16                
J N 7 869 28 4 3457 288 0                
K 0 0 43                
K 0 0 60                
K 0 21 60                
A D 4 16                
J N 7 965 21 4 5185 576 0                
K 0 0 43                
K 0 0 60                
K 0 21 60                
A D 4 16                
J B 6 1061 1 82 6913 576 0                
J N 6 1084 14 2 1 0 1 12                
K 0 0 43                
A D 2 16                
J N 6 1132 7 3 865 288 1 12                
K -15 0 65                
K 0 0 43                
A D 2 16                
H 12 B -46 -2 108 2 2 3                
J N 7 1180 35 5 1729 288 1 13                
K -15 0 65                
K 0 0 43                
K 0 0 59                
K 0 -21 59                
A D 4 16                
J N 6 1276 35 2 3457 576 2 14 13                
K 0 0 43                
A D 2 16                
H 13 T 35 0 0 0 0 0 9 0                
J N 6 1347 42 2 4321 288 1 14                
K 0 0 43                
A D 2 16                
H 14 B 41 1 108 2 2 3                
J N 7 1407 49 4 5185 288 0                
K 0 0 43                
K 0 0 59                
K 0 -21 59                
A D 4 16                
J B 7 1535 1 82 6913 576 0                
J N 7 1559 56 5 1 0 0                
K -15 0 65                
K 0 0 43                
K 0 0 59                
K 0 -21 59                
A D 4 16                
J N 6 1689 63 3 1729 576 1 15                
K 0 0 43                
K 25 0 44                
A D 3 16                
J N 5 1779 28 2 3025 432 1 15                
K 0 0 43                
A D 1 16                
H 15 B 65 -6 108 2 2 53                
J N 6 1820 35 3 3457 144 1 16                
K -15 0 65                
K 0 0 43                
A D 2 16                
J N 6 1891 42 2 4321 288 1 16                
K 0 0 43                
A D 2 16                
J N 6 1951 49 3 5185 288 1 16                
K 0 0 43                
K 25 0 44                
A D 3 16                
J N 5 2017 28 2 6481 432 1 16                
K 0 0 43                
A D 1 16                
H 16 B 52 0 108 4 2 1 1 53                
J B 8 2050 1 82 6913 144 0                
E *                
L 320 0 0 313 313 * 0 14 0                
J C 22 5 14 36 6913 0 0                
J K -1 57 0 1 6913 0 0                
K 0 42 65                
J D 0 5 -14 1 6913 0 0                
W 0 0 0 \04                
J F 0 113 98 1 1 0 0                
K 0 0 208                
J R 5 113 28 3 1 0 0                
K 0 14 49                
K 4 0 50                
A D 1 16                
J N 5 155 0 3 433 144 1 9                
K -15 0 65                
K 0 0 43                
A D 1 16                
J F 0 197 98 1 865 144 0                
K 0 0 205                
J N 5 197 -14 5 865 0 1 9                
K 0 0 45                
K 0 0 43                
K -1 0 45                
K 2 0 45                
A D 1 16                
J N 5 228 0 2 1297 144 1 9                
K 0 0 43                
A D 1 16                
H 9 B -46 0 108 3 22 11 33                
J F 0 262 98 2 1729 144 0                
K 0 0 203                
K 15 0 219                
J N 5 262 -28 7 1729 0 1 10                
K 0 14 45                
K 0 0 45                
K -15 0 65                
K 0 0 43                
K -1 0 45                
K 2 0 45                
A D 1 16                
J N 5 302 21 3 2161 144 1 10                
K -15 0 65                
K 0 0 43                
A D 1 16                
J N 5 333 7 2 2593 144 1 10                
K 0 0 43                
A D 1 16                
J N 5 364 21 2 3025 144 1 10                
K 0 0 43                
A D 1 16                
H 10 B -89 4 108 4 22 11 11 33                
J F 0 395 98 1 3457 144 0                
K 0 0 208                
J R 5 395 28 3 3457 0 0                
K 0 14 49                
K 4 0 50                
A D 1 16                
J N 5 428 14 2 3889 144 1 11                
K 0 0 43                
A D 1 16                
J N 5 458 0 2 4321 144 1 11                
K 0 0 43                
A D 1 16                
J N 5 488 14 2 4753 144 1 11                
K 0 0 43                
A D 1 16                
H 11 B -46 0 108 3 22 11 33                
J F 0 518 98 1 5185 144 0                
K 0 0 206                
J N 5 518 7 2 5185 0 1 12                
K 0 0 43                
A D 1 16                
J N 5 548 14 2 5617 144 1 12                
K 0 0 43                
A D 1 16                
J F 0 578 98 2 6049 144 0                
K 0 0 205                
K 15 0 219                
J N 5 578 7 2 6049 0 1 12                
K 0 0 43                
A D 1 16                
J N 5 613 21 2 6481 144 1 12                
K 0 0 43                
A D 1 16                
H 12 B -64 1 108 4 22 11 11 33                
J B 5 646 1 82 6913 144 0                
J F 0 671 98 2 1 0 0                
K 0 0 205                
K 0 21 204                
J N 6 671 0 3 1 0 1 13                
K -14 0 64                
K 0 0 43                
A D 2 16                
J N 6 719 -7 2 865 288 1 13                
K 0 0 43                
A D 2 16                
J F 0 767 98 2 1729 288 0                
K 0 0 205                
K 0 21 204                
J N 6 767 21 3 1729 0 1 13                
K -15 0 65                
K 0 0 43                
A D 2 16                
J F 0 815 98 1 2593 288 0                
K 0 0 202                
J N 6 815 14 2 2593 0 1 13                
K 0 0 43                
A D 2 16                
H 13 B -63 0 108 4 2 1 1 3                
J N 7 869 42 4 3457 288 0                
K 0 0 43                
K 0 0 59                
K 0 -21 59                
A D 4 16                
J R 7 965 28 2 5185 576 0                
K 0 0 48                
A D 4 16                
J B 6 1061 1 82 6913 576 0                
J R 8 1084 28 2 1 0 0                
K 0 0 47                
A D 8 16                
J F 0 1276 98 2 3457 1152 0                
K 0 0 203                
K 15 0 219                
J R 5 1276 28 3 3457 0 0                
K 0 14 49                
K 4 0 50                
A D 1 16                
J N 5 1317 21 3 3889 144 1 14                
K -15 0 65                
K 0 0 43                
A D 1 16                
J N 5 1347 7 2 4321 144 1 14                
K 0 0 43                
A D 1 16                
J N 5 1377 21 2 4753 144 1 14                
K 0 0 43                
A D 1 16                
H 14 B -50 0 108 3 22 11 33                
J F 0 1407 108 2 5185 144 0                
K 0 0 203                
K 15 0 219                
J N 5 1407 -7 2 5185 0 1 15                
K 0 0 43                
A D 1 16                
J N 5 1442 42 2 5617 144 1 15                
K 0 0 43                
A D 1 16                
J N 5 1472 28 2 6049 144 1 15                
K 0 0 43                
A D 1 16                
J N 5 1502 42 2 6481 144 1 15                
K 0 0 43                
A D 1 16                
H 15 B -89 5 108 4 22 11 11 33                
J B 7 1535 1 82 6913 144 0                
J F 0 1559 98 2 1 0 0                
K 0 0 208                
K 0 21 219                
J R 5 1559 28 3 1 0 0                
K 0 14 49                
K 4 0 50                
A D 1 16                
J N 5 1592 35 2 433 144 1 16                
K 0 0 43                
A D 1 16                
J F 0 1629 98 1 865 144 0                
K 0 0 205                
J N 5 1629 21 3 865 0 1 16                
K -15 0 65                
K 0 0 43                
A D 1 16                
J N 5 1659 35 2 1297 144 1 16                
K 0 0 43                
A D 1 16                
H 16 B 59 0 108 3 22 11 33                
J F 0 1689 98 1 1729 144 0                
K 0 0 203                
J N 5 1689 7 2 1729 0 1 17                
K 0 0 43                
A D 1 16                
J N 5 1719 56 2 2161 144 1 17                
K 0 0 43                
A D 1 16                
J N 5 1749 42 2 2593 144 1 17                
K 0 0 43                
A D 1 16                
J N 5 1779 56 2 3025 144 1 17                
K 0 0 43                
A D 1 16                
H 17 B 50 8 108 4 22 11 11 33                
J N 5 1820 49 3 3457 144 1 18                
K -15 0 65                
K 0 0 43                
A D 1 16                
J N 5 1850 42 2 3889 144 1 18                
K 0 0 43                
A D 1 16                
J N 5 1891 35 2 4321 144 1 18                
K 0 0 43                
A D 1 16                
J N 5 1921 49 2 4753 144 1 18                
K 0 0 43                
A D 1 16                
H 18 B 64 0 108 4 22 11 11 33                
J F 0 1951 98 2 5185 144 0                
K 0 0 203                
K 15 0 219                
J N 6 1951 42 2 5185 0 1 19                
K 0 0 43                
A D 2 16                
J F 0 1999 98 1 6049 288 0                
K 0 0 202                
J N 6 1999 42 2 6049 0 1 19                
K 0 0 43                
A D 2 16                
H 19 B 46 0 108 2 2 3                
J B 8 2050 1 82 6913 288 0                
E *                
L 530 0 0 313 313 * 0 14 0                
J C 4 5 42 2 6913 0 0                
K 0 0 33                
K 0 0 34                
J K -1 57 0 1 6913 0 0                
K 0 28 65                
J D 0 5 -14 1 6913 0 0                
W 0 0 0 \04                
J R 8 113 28 2 1 0 0                
K 0 0 47                
A D 8 16                
J R 7 395 28 2 3457 1152 0                
K 0 0 48                
A D 4 16                
J R 6 518 28 2 5185 576 0                
K 0 0 49                
A D 2 16                
J N 6 578 56 4 6049 288 1 4                
K -15 0 65                
K 0 0 43                
K 0 0 53                
A D 2 16                
J B 5 646 1 82 6913 288 0                
J N 6 671 56 3 1 0 2 5 4                
k -15 0 65                
K 0 0 43                
A D 2 16                
H 4 T 56 0 0 0 0 0 13 0                
J N 6 719 63 2 865 288 1 5                
K 0 0 43                
A D 2 16                
J N 6 767 70 6 1729 288 1 5                
K 1 0 45                
K 0 0 43                
K -1 0 45                
K 2 0 45                
K 24 -6 44                
A D 3 16                
J N 5 839 49 2 3025 432 1 5                
K 0 0 43                
A D 1 16                
H 5 B 57 0 108 4 2 1 1 53                
J N 6 869 63 3 3457 144 0                
K 0 0 43                
K 0 0 53                
A D 2 16                
J N 7 917 28 4 4321 288 0                
K 0 0 43                
K 0 0 60                
K 0 21 60                
A D 4 16                
J N 6 1013 35 4 6049 576 1 6                
K -15 0 65                
K 0 0 43                
K 0 0 53                
A D 2 16                
J B 6 1061 1 82 6913 288 0                
J N 6 1084 35 4 1 0 1 6                
k -15 0 65                
K 0 0 43                
K 0 0 53                
A D 2 16                
H 6 T 35 0 0 0 0 0 9 0                
J N 7 1132 42 4 865 288 0                
K 0 0 43                
K 0 0 59                
K 0 -21 59                
A D 4 16                
J N 6 1228 49 3 2593 576 0                
K 0 0 43                
K 0 0 53                
A D 2 16                
J N 6 1276 77 7 3457 288 0                
K 1 -7 45                
K 0 0 43                
K 0 -7 45                
K 1 -7 45                
K 0 0 59                
K 0 0 53                
A D 2 16                
J N 7 1347 56 5 4321 288 0                
K -15 0 65                
K 0 0 43                
K 0 0 59                
K 0 -21 59                
A D 4 16                
J N 6 1472 63 3 6049 576 1 7                
K 0 0 43                
K 0 0 53                
A D 2 16                
J B 7 1535 1 82 6913 288 0                
J N 6 1559 63 3 1 0 1 7                
K 0 0 43                
K 0 0 53                
A D 2 16                
H 7 T 63 0 0 0 0 0 9 0                
J N 7 1629 70 7 865 288 0                
K 1 0 45                
K 0 0 43                
K -1 0 45                
K 2 0 45                
K 0 0 59                
K 0 -21 59                
A D 4 16                
J N 6 1749 77 7 2593 576 0                
K 1 -7 45                
K 0 0 43                
K 0 -7 45                
K 1 -7 45                
K 0 0 59                
K 0 0 53                
A D 2 16                
J N 5 1820 70 5 3457 288 2 8 9                
K 1 0 45                
K 0 0 43                
K -1 0 45                
K 2 0 45                
A D 1 16                
J N 5 1850 63 2 3889 144 2 9 8                
K 0 0 43                
A D 1 16                
H 8 S 12 0 0 0 0 0 0 0 0                
J N 6 1891 56 3 4321 144 1 9                
K -15 0 65                
K 0 0 43                
A D 2 16                
H 9 B 58 -2 108 3 22 31 3                
J N 6 1951 56 3 5185 288 1 10                
K 0 0 43                
K 24 -6 44                
A D 3 16                
J N 5 2017 63 2 6481 432 1 10                
K 0 0 43                
A D 1 16                
H 10 B 48 2 108 2 2 53                
J B 8 2050 1 82 6913 144 0                
E *                
L 690 0 0 313 313 * 0 14 0                
J C 4 5 42 2 6913 0 0                
K 0 0 33                
K 0 0 34                
J K -1 57 0 1 6913 0 0                
K 0 28 65                
J D 0 5 -14 1 6913 0 0                
W 0 0 0 \04                
J R 8 113 28 2 1 0 0                
K 0 0 47                
A D 8 16                
J R 7 395 28 2 3457 1152 0                
K 0 0 48                
A D 4 16                
J R 6 518 28 2 5185 576 0                
K 0 0 49                
A D 2 16                
J N 6 578 42 3 6049 288 0                
K 0 0 43                
K 0 0 53                
A D 2 16                
J B 5 646 1 82 6913 288 0                
J N 6 671 49 3 1 0 0                
K 0 0 43                
K 0 0 53                
A D 2 16                
J N 7 719 28 4 865 288 0                
K 0 0 43                
K 0 0 60                
K 0 21 60                
A D 4 16                
J N 6 815 35 4 2593 576 0                
K -14 0 64                
K 0 0 43                
K 0 0 53                
A D 2 16                
J N 7 869 28 4 3457 288 0                
K 0 0 43                
K 0 0 60                
K 0 21 60                
A D 4 16                
J N 7 965 21 4 5185 576 0                
K 0 0 43                
K 0 0 60                
K 0 21 60                
A D 4 16                
J B 6 1061 1 82 6913 576 0                
J N 6 1084 14 2 1 0 1 6                
K 0 0 43                
A D 2 16                
J N 6 1132 7 3 865 288 1 6                
K -15 0 65                
K 0 0 43                
A D 2 16                
H 6 B -46 -2 108 2 2 3                
J N 7 1180 35 5 1729 288 1 7                
K -15 0 65                
K 0 0 43                
K 0 0 59                
K 0 -21 59                
A D 4 16                
J N 6 1276 35 2 3457 576 2 8 7                
K 0 0 43                
A D 2 16                
H 7 T 35 0 0 0 0 0 9 0                
J N 6 1347 42 2 4321 288 1 8                
K 0 0 43                
A D 2 16                
H 8 B 41 1 108 2 2 3                
J N 7 1407 49 4 5185 288 0                
K 0 0 43                
K 0 0 59                
K 0 -21 59                
A D 4 16                
J B 7 1535 1 82 6913 576 0                
J N 7 1559 56 5 1 0 0                
K -15 0 65                
K 0 0 43                
K 0 0 59                
K 0 -21 59                
A D 4 16                
J N 6 1689 63 3 1729 576 1 9                
K 0 0 43                
K 25 0 44                
A D 3 16                
J N 5 1779 28 2 3025 432 1 9                
K 0 0 43                
A D 1 16                
H 9 B 65 -6 108 2 2 53                
J N 6 1820 35 3 3457 144 1 10                
K -15 0 65                
K 0 0 43                
A D 2 16                
J N 6 1891 42 2 4321 288 1 10                
K 0 0 43                
A D 2 16                
J N 6 1951 49 3 5185 288 1 10                
K 0 0 43                
K 25 0 44                
A D 3 16                
J N 5 2017 28 2 6481 432 1 10                
K 0 0 43                
A D 1 16                
H 10 B 52 0 108 4 2 1 1 53                
J B 8 2050 1 82 6913 144 0                
E *                
L 850 0 0 313 313 * 0 14 0                
J C 13 5 28 35 6913 0 0                
J K -1 57 0 1 6913 0 0                
K 0 35 65                
J D 0 5 -14 1 6913 0 0                
W 0 0 0 \04                
J R 8 113 28 2 1 0 0                
K 0 0 47                
A D 8 16                
J R 7 395 28 2 3457 1152 0                
K 0 0 48                
A D 4 16                
J R 6 518 28 2 5185 576 0                
K 0 0 49                
A D 2 16                
J N 6 578 35 3 6049 288 0                
K 0 0 43                
K 0 0 53                
A D 2 16                
J B 5 646 1 82 6913 288 0                
J N 6 671 28 2 1 0 1 6                
K 0 0 43                
A D 2 16                
J N 6 719 21 2 865 288 1 6                
K 0 0 43                
A D 2 16                
J N 6 767 0 2 1729 288 1 6                
K 0 0 43                
A D 2 16                
J N 6 815 7 2 2593 288 1 6                
K 0 0 43                
A D 2 16                
H 6 B -47 -1 108 4 2 1 1 3                
J N 7 869 7 4 3457 288 0                
K 0 0 43                
K 0 0 60                
K 0 21 60                
A D 4 16                
J R 7 965 28 2 5185 576 0                
K 0 0 48                
A D 4 16                
J B 6 1061 1 82 6913 576 0                
J R 8 1084 28 2 1 0 0                
K 0 0 47                
A D 8 16                
J N 7 1276 -14 7 3457 1152 0                
K 0 0 45                
K 0 0 43                
K -1 0 45                
K 2 0 45                
K 0 0 60                
K 0 21 60                
A D 4 16                
J N 7 1407 -14 7 5185 576 0                
K 0 0 45                
K 0 0 43                
K -1 0 45                
K 2 0 45                
K 0 0 60                
K 0 21 60                
A D 4 16                
J B 7 1535 1 82 6913 576 0                
J N 7 1559 0 4 1 0 0                
K 0 0 43                
K 0 0 60                
K 0 21 60                
A D 4 16                
J N 7 1689 0 4 1729 576 0                
K 0 0 43                
K 0 0 60                
K 0 21 60                
A D 4 16                
J N 7 1820 14 5 3457 576 0                
K -15 0 65                
K 0 0 43                
K 0 0 60                
K 0 21 60                
A D 4 16                
J N 7 1951 35 4 5185 576 0                
K 0 0 43                
K 0 0 59                
K 0 -21 59                
A D 4 16                
J B 8 2050 1 82 6913 576 0                
E *                
L 1010 0 0 313 313 * 0 14 0                
J C 22 5 14 36 6913 0 0                
J K -1 57 0 1 6913 0 0                
K 0 42 65                
J D 0 5 -14 1 6913 0 0                
W 0 0 0 \04                
J R 8 113 28 2 1 0 0                
K 0 0 47                
A D 4 8                
J R 7 395 28 2 3457 1152 0                
K 0 0 48                
A D 2 8                
J R 6 518 28 2 5185 576 0                
K 0 0 49                
A D 1 8                
J F 0 578 98 2 6049 288 0                
K 0 0 205                
K 15 0 219                
J N 6 578 7 3 6049 0 0                
K 0 0 43                
K 0 0 54                
A D 1 8                
J B 5 646 1 82 6913 288 0                
J F 0 671 98 2 1 0 0                
K 0 0 205                
K 0 21 204                
J N 6 671 0 3 1 0 1 2                
K -14 0 64                
K 0 0 43                
A D 1 8                
J N 6 719 -7 2 865 288 1 2                
K 0 0 43                
A D 1 8                
J F 0 767 98 2 1729 288 0                
K 0 0 205                
K 0 21 204                
J N 6 767 21 3 1729 0 1 2                
K -15 0 65                
K 0 0 43                
A D 1 8                
J F 0 815 98 1 2593 288 0                
K 0 0 202                
J N 6 815 14 2 2593 0 1 2                
K 0 0 43                
A D 1 8                
H 2 B -63 0 108 4 2 1 1 3                
J N 7 869 42 4 3457 288 0                
K 0 0 43                
K 0 0 59                
K 0 -21 59                
A D 2 8                
J R 7 965 28 2 5185 576 0                
K 0 0 48                
A D 2 8                
J B 6 1061 1 82 6913 576 0                
J R 8 1084 28 2 1 0 0                
K 0 0 47                
A D 4 8                
J F 0 1276 98 2 3457 1152 0                
K 0 0 203                
K 15 0 219                
J N 7 1276 21 5 3457 0 0                
K -15 0 65                
K 0 0 43                
K 0 0 60                
K 0 21 60                
A D 2 8                
J F 0 1347 98 1 4321 288 0                
K 0 0 202                
J F 0 1407 98 2 5185 288 0                
K 0 0 203                
K 15 0 219                
J N 7 1407 42 4 5185 0 0                
K 0 0 43                
K 0 0 59                
K 0 -21 59                
A D 2 8                
J F 0 1472 98 1 6049 288 0                
K 0 0 202                
J B 7 1535 1 82 6913 288 0                
J F 0 1559 98 2 1 0 0                
K 0 0 208                
K 0 21 219                
J N 7 1559 35 4 1 0 0                
K 0 0 43                
K 0 0 59                
K 0 -21 59                
A D 2 8                
J F 0 1629 98 1 865 288 0                
K 0 0 207                
J F 0 1689 98 1 1729 288 0                
K 0 0 203                
J N 7 1689 56 4 1729 0 0                
K 0 0 43                
K 0 0 59                
K 0 -21 59                
A D 2 8                
J F 0 1749 98 1 2593 288 0                
K 0 0 202                
J N 7 1820 49 5 3457 288 0                
K -15 0 65                
K 0 0 43                
K 0 0 59                
K 0 -21 59                
A D 2 8                
J F 0 1951 98 2 5185 576 0                
K 0 0 203                
K 15 0 219                
J N 7 1951 42 4 5185 0 0                
K 0 0 43                
K 0 0 59                
K 0 -21 59                
A D 2 8                
J F 0 1999 98 1 6049 288 0                
K 0 0 202                
J B 8 2050 1 82 6913 288 0                
E *                
B 1 646 0                
B 1 1061 0                
B 1 1535 0                
B 1 2050 0                
