S 0 200 140 2050 1066 7 "[...][....]" 
L 0 0 0 313 313 * 0 14 0 
J C 4 5 42 2 6913 0 0 
K 0 0 33 
K 0 0 34 
J K -1 57 0 1 6913 0 0 
K 0 28 65 
J D 0 -11 -14 1 6913 0 0 
W 0 0 37 \01\06 
J N 5 117 28 2 1 0 1 56 
K 0 0 43 
A D 1 16 
J N 5 150 7 3 433 144 1 56 
K -15 0 65 
K 0 0 43 
A D 1 16 
J N 5 181 28 2 865 144 1 56 
K 0 0 43 
A D 1 16 
J N 5 212 7 2 1297 144 1 56 
K 0 0 43 
A D 1 16 
H 56 B -46 -1 108 4 22 11 11 33 
J N 5 243 28 2 1729 144 1 57 
K 0 0 43 
A D 1 16 
J N 5 274 7 2 2161 144 1 57 
K 0 0 43 
A D 1 16 
J N 5 305 28 2 2593 144 1 57 
K 0 0 43 
A D 1 16 
J N 5 336 7 2 3025 144 1 57 
K 0 0 43 
A D 1 16 
H 57 B -46 -1 108 4 22 11 11 33 
J N 5 367 21 2 3457 144 1 58 
K 0 0 43 
A D 1 16 
J N 5 398 7 2 3889 144 1 58 
K 0 0 43 
A D 1 16 
J N 5 429 21 2 4321 144 1 58 
K 0 0 43 
A D 1 16 
J N 5 460 7 2 4753 144 1 58 
K 0 0 43 
A D 1 16 
H 58 B -53 -1 108 4 22 11 11 33 
J N 5 491 21 2 5185 144 1 59 
K 0 0 43 
A D 1 16 
J N 5 522 7 2 5617 144 1 59 
K 0 0 43 
A D 1 16 
J N 5 553 21 2 6049 144 1 59 
K 0 0 43 
A D 1 16 
J N 5 584 7 2 6481 144 1 59 
K 0 0 43 
A D 1 16 
H 59 B -53 -1 108 4 22 11 11 33 
J B 17 617 1 82 6913 144 0 
J N 5 638 49 2 1 0 1 60 
K 0 0 43 
A D 1 16 
J N 5 669 28 2 433 144 1 60 
K 0 0 43 
A D 1 16 
J N 5 700 49 2 865 144 1 60 
K 0 0 43 
A D 1 16 
J N 5 731 28 2 1297 144 1 60 
K 0 0 43 
A D 1 16 
H 60 B 64 -1 108 4 22 11 11 33 
J N 5 762 49 2 1729 144 1 61 
K 0 0 43 
A D 1 16 
J N 5 793 28 2 2161 144 1 61 
K 0 0 43 
A D 1 16 
J N 5 824 49 2 2593 144 1 61 
K 0 0 43 
A D 1 16 
J N 5 855 28 2 3025 144 1 61 
K 0 0 43 
A D 1 16 
H 61 B 64 -1 108 4 22 11 11 33 
J N 5 886 42 2 3457 144 1 62 
K 0 0 43 
A D 1 16 
J N 5 927 56 3 3889 144 1 62 
K -15 0 65 
K 0 0 43 
A D 1 16 
J N 5 958 42 2 4321 144 1 62 
K 0 0 43 
A D 1 16 
J N 5 989 56 2 4753 144 1 62 
K 0 0 43 
A D 1 16 
H 62 B 47 1 108 4 22 11 11 33 
J N 5 1020 42 2 5185 144 1 63 
K 0 0 43 
A D 1 16 
J N 5 1051 56 2 5617 144 1 63 
K 0 0 43 
A D 1 16 
J N 5 1082 42 2 6049 144 1 63 
K 0 0 43 
A D 1 16 
J N 5 1113 56 2 6481 144 1 63 
K 0 0 43 
A D 1 16 
H 63 B 47 1 108 4 22 11 11 33 
J B 18 1146 1 82 6913 144 0 
J N 5 1171 28 2 1 0 1 64 
K 0 0 43 
A D 1 16 
J N 5 1204 7 3 433 144 1 64 
K -15 0 65 
K 0 0 43 
A D 1 16 
J N 5 1235 28 2 865 144 1 64 
K 0 0 43 
A D 1 16 
J N 5 1266 7 2 1297 144 1 64 
K 0 0 43 
A D 1 16 
H 64 B -46 -1 108 4 22 11 11 33 
J N 5 1297 28 2 1729 144 1 65 
K 0 0 43 
A D 1 16 
J N 5 1328 7 2 2161 144 1 65 
K 0 0 43 
A D 1 16 
J N 5 1358 28 2 2593 144 1 65 
K 0 0 43 
A D 1 16 
J N 5 1388 7 2 3025 144 1 65 
K 0 0 43 
A D 1 16 
H 65 B -46 -1 108 4 22 11 11 33 
J N 5 1418 21 2 3457 144 1 66 
K 0 0 43 
A D 1 16 
J N 5 1448 7 2 3889 144 1 66 
K 0 0 43 
A D 1 16 
J N 5 1478 21 2 4321 144 1 66 
K 0 0 43 
A D 1 16 
J N 5 1508 7 2 4753 144 1 66 
K 0 0 43 
A D 1 16 
H 66 B -53 -1 108 4 22 11 11 33 
J N 5 1538 21 2 5185 144 1 67 
K 0 0 43 
A D 1 16 
J N 5 1568 7 2 5617 144 1 67 
K 0 0 43 
A D 1 16 
J N 5 1598 21 2 6049 144 1 67 
K 0 0 43 
A D 1 16 
J N 5 1628 7 2 6481 144 1 67 
K 0 0 43 
A D 1 16 
H 67 B -53 -1 108 4 22 11 11 33 
J B 19 1661 1 82 6913 144 0 
J N 5 1682 49 2 1 0 1 68 
K 0 0 43 
A D 1 16 
J N 5 1712 28 2 433 144 1 68 
K 0 0 43 
A D 1 16 
J N 5 1742 49 2 865 144 1 68 
K 0 0 43 
A D 1 16 
J N 5 1772 28 2 1297 144 1 68 
K 0 0 43 
A D 1 16 
H 68 B 65 -1 108 4 22 11 11 33 
J N 5 1802 49 2 1729 144 1 69 
K 0 0 43 
A D 1 16 
J N 5 1832 28 2 2161 144 1 69 
K 0 0 43 
A D 1 16 
J N 5 1862 49 2 2593 144 1 69 
K 0 0 43 
A D 1 16 
J N 5 1892 28 2 3025 144 1 69 
K 0 0 43 
A D 1 16 
H 69 B 65 -1 108 4 22 11 11 33 
J N 7 1922 42 4 3457 144 0 
K 0 0 43 
K 0 0 59 
K 0 -21 59 
A D 4 16 
J R 7 1986 28 2 5185 576 0 
K 0 0 48 
A D 4 16 
J B 20 2050 1 82 6913 576 0 
E * 
L 160 0 0 313 313 * 0 14 0 
J C 4 5 42 2 6913 0 0 
K 0 0 33 
K 0 0 34 
J K -1 57 0 1 6913 0 0 
K 0 28 65 
J D 0 -11 -14 1 6913 0 0 
W 0 0 0 \01\06 
J N 6 117 7 3 1 0 1 29 
K -15 0 65 
K 0 0 43 
A D 2 16 
J N 6 181 56 3 865 288 1 29 
K -15 0 65 
K 0 0 43 
A D 2 16 
J N 6 243 42 2 1729 288 1 29 
K 0 0 43 
A D 2 16 
J N 6 305 28 2 2593 288 1 29 
K 0 0 43 
A D 2 16 
H 29 B 42 2 108 4 2 1 1 3 
J N 6 367 56 2 3457 288 1 30 
K 0 0 43 
A D 2 16 
J N 6 429 84 7 4321 288 1 30 
K 1 -14 45 
K 1 0 45 
K -15 0 65 
K 0 0 43 
K -1 0 45 
K 2 0 45 
A D 2 16 
H 30 B 48 9 108 2 2 3 
J R 7 491 28 2 5185 288 0 
K 0 0 48 
A D 4 16 
J B 17 617 1 82 6913 576 0 
J N 6 638 63 2 1 0 1 31 
K 0 0 43 
A D 2 16 
J N 6 700 49 2 865 288 1 31 
K 0 0 43 
A D 2 16 
J N 6 762 28 2 1729 288 1 31 
K 0 0 43 
A D 2 16 
J N 6 824 63 2 2593 288 1 31 
K 0 0 43 
A D 2 16 
H 31 B 77 0 108 4 2 1 1 3 
J N 6 886 56 3 3457 288 1 32 
K -15 0 65 
K 0 0 43 
A D 2 16 
J N 6 958 91 6 4321 288 1 32 
K 1 -21 45 
K 1 -7 45 
K 0 0 43 
K 0 -7 45 
K 1 -7 45 
A D 2 16 
H 32 B 47 7 108 2 2 3 
J R 7 1020 28 2 5185 288 0 
K 0 0 48 
A D 4 16 
J B 18 1146 1 82 6913 576 0 
J N 6 1171 7 3 1 0 1 33 
K -15 0 65 
K 0 0 43 
A D 2 16 
J N 6 1235 56 3 865 288 1 33 
K -15 0 65 
K 0 0 43 
A D 2 16 
J N 6 1297 42 2 1729 288 1 33 
K 0 0 43 
A D 2 16 
J N 6 1358 28 2 2593 288 1 33 
K 0 0 43 
A D 2 16 
H 33 B 42 2 108 4 2 1 1 3 
J N 6 1418 56 2 3457 288 1 34 
K 0 0 43 
A D 2 16 
J N 6 1478 84 7 4321 288 1 34 
K 1 -14 45 
K 1 0 45 
K -15 0 65 
K 0 0 43 
K -1 0 45 
K 2 0 45 
A D 2 16 
H 34 B 48 9 108 2 2 3 
J R 7 1538 28 2 5185 288 0 
K 0 0 48 
A D 4 16 
J B 19 1661 1 82 6913 576 0 
J N 6 1682 63 2 1 0 1 35 
K 0 0 43 
A D 2 16 
J N 6 1742 49 2 865 288 1 35 
K 0 0 43 
A D 2 16 
J N 6 1802 28 2 1729 288 1 35 
K 0 0 43 
A D 2 16 
J N 6 1862 63 2 2593 288 1 35 
K 0 0 43 
A D 2 16 
H 35 B 77 0 108 4 2 1 1 3 
J N 7 1922 56 5 3457 288 0 
K -15 0 65 
K 0 0 43 
K 0 0 59 
K 0 -21 59 
A D 4 16 
J R 7 1986 28 2 5185 576 0 
K 0 0 48 
A D 4 16 
J B 20 2050 1 82 6913 576 0 
E * 
L 320 0 0 313 313 * 0 14 0 
J C 22 5 14 36 6913 0 0 
J K -1 57 0 1 6913 0 0 
K 0 42 65 
J D 0 -11 -14 1 6913 0 0 
W 0 0 0 \01\06 
J F 0 117 98 2 1 0 0 
K 0 0 205 
K 15 0 219 
J N 6 117 56 2 1 0 1 37 
K 0 0 43 
A D 2 16 
J N 6 181 56 2 865 288 1 37 
K 0 0 43 
A D 2 16 
J N 6 243 56 2 1729 288 1 37 
K 0 0 43 
A D 2 16 
J N 6 305 56 2 2593 288 1 37 
K 0 0 43 
A D 2 16 
H 37 B 46 0 108 4 2 1 1 3 
J N 6 367 49 3 3457 288 1 38 
K -15 0 65 
K 0 0 43 
A D 2 16 
J N 6 429 49 2 4321 288 1 38 
K 0 0 43 
A D 2 16 
J N 6 491 49 2 5185 288 1 38 
K 0 0 43 
A D 2 16 
J N 6 553 49 2 6049 288 1 38 
K 0 0 43 
A D 2 16 
H 38 B 49 0 108 4 2 1 1 3 
J B 17 617 1 82 6913 288 0 
J N 6 638 42 2 1 0 1 39 
K 0 0 43 
A D 2 16 
J N 6 700 42 2 865 288 1 39 
K 0 0 43 
A D 2 16 
J N 6 762 42 2 1729 288 1 39 
K 0 0 43 
A D 2 16 
J N 6 824 42 2 2593 288 1 39 
K 0 0 43 
A D 2 16 
H 39 B 46 0 108 4 2 1 1 3 
J N 6 886 21 3 3457 288 1 40 
K -15 0 65 
K 0 0 43 
A D 2 16 
J N 6 958 21 2 4321 288 1 40 
K 0 0 43 
A D 2 16 
J N 6 1020 21 2 5185 288 1 40 
K 0 0 43 
A D 2 16 
J N 6 1082 21 2 6049 288 1 40 
K 0 0 43 
A D 2 16 
H 40 B -42 0 108 4 2 1 1 3 
J B 18 1146 1 82 6913 288 0 
J F 0 1171 98 2 1 0 0 
K 0 0 205 
K 15 0 219 
J N 6 1171 56 2 1 0 1 41 
K 0 0 43 
A D 2 16 
J N 6 1235 56 2 865 288 1 41 
K 0 0 43 
A D 2 16 
J N 6 1297 56 2 1729 288 1 41 
K 0 0 43 
A D 2 16 
J N 6 1358 56 2 2593 288 1 41 
K 0 0 43 
A D 2 16 
H 41 B 46 0 108 4 2 1 1 3 
J N 6 1418 49 3 3457 288 1 42 
K -15 0 65 
K 0 0 43 
A D 2 16 
J N 6 1478 49 2 4321 288 1 42 
K 0 0 43 
A D 2 16 
J N 6 1538 49 2 5185 288 1 42 
K 0 0 43 
A D 2 16 
J N 6 1598 49 2 6049 288 1 42 
K 0 0 43 
A D 2 16 
H 42 B 49 0 108 4 2 1 1 3 
J B 19 1661 1 82 6913 288 0 
J N 6 1682 42 2 1 0 1 43 
K 0 0 43 
A D 2 16 
J N 6 1742 42 2 865 288 1 43 
K 0 0 43 
A D 2 16 
J N 6 1802 42 2 1729 288 1 43 
K 0 0 43 
A D 2 16 
J N 6 1862 42 2 2593 288 1 43 
K 0 0 43 
A D 2 16 
H 43 B 46 0 108 4 2 1 1 3 
J N 7 1922 21 5 3457 288 0 
K -15 0 65 
K 0 0 43 
K 0 0 60 
K 0 21 60 
A D 4 16 
J R 7 1986 28 2 5185 576 0 
K 0 0 48 
A D 4 16 
J B 20 2050 1 82 6913 576 0 
E * 
L 530 0 0 313 313 * 0 14 0 
J C 4 5 42 2 6913 0 0 
K 0 0 33 
K 0 0 34 
J K -1 57 0 1 6913 0 0 
K 0 28 65 
J D 0 -11 -14 1 6913 0 0 
W 0 0 0 \01\06 
J N 5 117 28 2 1 0 1 41 
K 0 0 43 
A D 1 16 
J N 5 150 7 3 433 144 1 41 
K -15 0 65 
K 0 0 43 
A D 1 16 
J N 5 181 28 2 865 144 1 41 
K 0 0 43 
A D 1 16 
J N 5 212 7 2 1297 144 1 41 
K 0 0 43 
A D 1 16 
H 41 B -46 -1 108 4 22 11 11 33 
J N 5 243 28 2 1729 144 1 42 
K 0 0 43 
A D 1 16 
J N 5 274 7 2 2161 144 1 42 
K 0 0 43 
A D 1 16 
J N 5 305 28 2 2593 144 1 42 
K 0 0 43 
A D 1 16 
J N 5 336 7 2 3025 144 1 42 
K 0 0 43 
A D 1 16 
H 42 B -46 -1 108 4 22 11 11 33 
J N 5 367 21 2 3457 144 1 43 
K 0 0 43 
A D 1 16 
J N 5 398 7 2 3889 144 1 43 
K 0 0 43 
A D 1 16 
J N 5 429 21 2 4321 144 1 43 
K 0 0 43 
A D 1 16 
J N 5 460 7 2 4753 144 1 43 
K 0 0 43 
A D 1 16 
H 43 B -53 -1 108 4 22 11 11 33 
J N 5 491 21 2 5185 144 1 44 
K 0 0 43 
A D 1 16 
J N 5 522 7 2 5617 144 1 44 
K 0 0 43 
A D 1 16 
J N 5 553 21 2 6049 144 1 44 
K 0 0 43 
A D 1 16 
J N 5 584 7 2 6481 144 1 44 
K 0 0 43 
A D 1 16 
H 44 B -53 -1 108 4 22 11 11 33 
J B 17 617 1 82 6913 144 0 
J N 5 638 49 2 1 0 1 45 
K 0 0 43 
A D 1 16 
J N 5 669 28 2 433 144 1 45 
K 0 0 43 
A D 1 16 
J N 5 700 49 2 865 144 1 45 
K 0 0 43 
A D 1 16 
J N 5 731 28 2 1297 144 1 45 
K 0 0 43 
A D 1 16 
H 45 B 64 -1 108 4 22 11 11 33 
J N 5 762 49 2 1729 144 1 46 
K 0 0 43 
A D 1 16 
J N 5 793 28 2 2161 144 1 46 
K 0 0 43 
A D 1 16 
J N 5 824 49 2 2593 144 1 46 
K 0 0 43 
A D 1 16 
J N 5 855 28 2 3025 144 1 46 
K 0 0 43 
A D 1 16 
H 46 B 64 -1 108 4 22 11 11 33 
J N 5 886 42 2 3457 144 1 47 
K 0 0 43 
A D 1 16 
J N 5 927 56 3 3889 144 1 47 
K -15 0 65 
K 0 0 43 
A D 1 16 
J N 5 958 42 2 4321 144 1 47 
K 0 0 43 
A D 1 16 
J N 5 989 56 2 4753 144 1 47 
K 0 0 43 
A D 1 16 
H 47 B 47 1 108 4 22 11 11 33 
J N 5 1020 42 2 5185 144 1 48 
K 0 0 43 
A D 1 16 
J N 5 1051 56 2 5617 144 1 48 
K 0 0 43 
A D 1 16 
J N 5 1082 42 2 6049 144 1 48 
K 0 0 43 
A D 1 16 
J N 5 1113 56 2 6481 144 1 48 
K 0 0 43 
A D 1 16 
H 48 B 47 1 108 4 22 11 11 33 
J B 18 1146 1 82 6913 144 0 
J N 5 1171 28 2 1 0 1 49 
K 0 0 43 
A D 1 16 
J N 5 1204 7 3 433 144 1 49 
K -15 0 65 
K 0 0 43 
A D 1 16 
J N 5 1235 28 2 865 144 1 49 
K 0 0 43 
A D 1 16 
J N 5 1266 7 2 1297 144 1 49 
K 0 0 43 
A D 1 16 
H 49 B -46 -1 108 4 22 11 11 33 
J N 5 1297 28 2 1729 144 1 50 
K 0 0 43 
A D 1 16 
J N 5 1328 7 2 2161 144 1 50 
K 0 0 43 
A D 1 16 
J N 5 1358 28 2 2593 144 1 50 
K 0 0 43 
A D 1 16 
J N 5 1388 7 2 3025 144 1 50 
K 0 0 43 
A D 1 16 
H 50 B -46 -1 108 4 22 11 11 33 
J N 5 1418 21 2 3457 144 1 51 
K 0 0 43 
A D 1 16 
J N 5 1448 7 2 3889 144 1 51 
K 0 0 43 
A D 1 16 
J N 5 1478 21 2 4321 144 1 51 
K 0 0 43 
A D 1 16 
J N 5 1508 7 2 4753 144 1 51 
K 0 0 43 
A D 1 16 
H 51 B -53 -1 108 4 22 11 11 33 
J N 5 1538 21 2 5185 144 1 52 
K 0 0 43 
A D 1 16 
J N 5 1568 7 2 5617 144 1 52 
K 0 0 43 
A D 1 16 
J N 5 1598 21 2 6049 144 1 52 
K 0 0 43 
A D 1 16 
J N 5 1628 7 2 6481 144 1 52 
K 0 0 43 
A D 1 16 
H 52 B -53 -1 108 4 22 11 11 33 
J B 19 1661 1 82 6913 144 0 
J N 5 1682 49 2 1 0 1 53 
K 0 0 43 
A D 1 16 
J N 5 1712 28 2 433 144 1 53 
K 0 0 43 
A D 1 16 
J N 5 1742 49 2 865 144 1 53 
K 0 0 43 
A D 1 16 
J N 5 1772 28 2 1297 144 1 53 
K 0 0 43 
A D 1 16 
H 53 B 65 -1 108 4 22 11 11 33 
J N 5 1802 49 2 1729 144 1 54 
K 0 0 43 
A D 1 16 
J N 5 1832 28 2 2161 144 1 54 
K 0 0 43 
A D 1 16 
J N 5 1862 49 2 2593 144 1 54 
K 0 0 43 
A D 1 16 
J N 5 1892 28 2 3025 144 1 54 
K 0 0 43 
A D 1 16 
H 54 B 65 -1 108 4 22 11 11 33 
J N 7 1922 42 4 3457 144 0 
K 0 0 43 
K 0 0 59 
K 0 -21 59 
A D 4 16 
J R 7 1986 28 2 5185 576 0 
K 0 0 48 
A D 4 16 
J B 20 2050 1 82 6913 576 0 
E * 
L 690 0 0 313 313 * 0 14 0 
J C 4 5 42 2 6913 0 0 
K 0 0 33 
K 0 0 34 
J K -1 57 0 1 6913 0 0 
K 0 28 65 
J D 0 -11 -14 1 6913 0 0 
W 0 0 0 \01\06 
J N 6 117 7 3 1 0 1 23 
K -15 0 65 
K 0 0 43 
A D 2 16 
J N 6 181 56 3 865 288 1 23 
K -15 0 65 
K 0 0 43 
A D 2 16 
J N 6 243 42 2 1729 288 1 23 
K 0 0 43 
A D 2 16 
J N 6 305 28 2 2593 288 1 23 
K 0 0 43 
A D 2 16 
H 23 B 42 2 108 4 2 1 1 3 
J N 6 367 56 2 3457 288 1 24 
K 0 0 43 
A D 2 16 
J N 6 429 84 7 4321 288 1 24 
K 1 -14 45 
K 1 0 45 
K -15 0 65 
K 0 0 43 
K -1 0 45 
K 2 0 45 
A D 2 16 
H 24 B 48 9 108 2 2 3 
J R 7 491 28 2 5185 288 0 
K 0 0 48 
A D 4 16 
J B 17 617 1 82 6913 576 0 
J N 6 638 63 2 1 0 1 25 
K 0 0 43 
A D 2 16 
J N 6 700 49 2 865 288 1 25 
K 0 0 43 
A D 2 16 
J N 6 762 28 2 1729 288 1 25 
K 0 0 43 
A D 2 16 
J N 6 824 63 2 2593 288 1 25 
K 0 0 43 
A D 2 16 
H 25 B 77 0 108 4 2 1 1 3 
J N 6 886 56 3 3457 288 1 26 
K -15 0 65 
K 0 0 43 
A D 2 16 
J N 6 958 91 6 4321 288 1 26 
K 1 -21 45 
K 1 -7 45 
K 0 0 43 
K 0 -7 45 
K 1 -7 45 
A D 2 16 
H 26 B 47 7 108 2 2 3 
J R 7 1020 28 2 5185 288 0 
K 0 0 48 
A D 4 16 
J B 18 1146 1 82 6913 576 0 
J N 6 1171 7 3 1 0 1 27 
K -15 0 65 
K 0 0 43 
A D 2 16 
J N 6 1235 56 3 865 288 1 27 
K -15 0 65 
K 0 0 43 
A D 2 16 
J N 6 1297 42 2 1729 288 1 27 
K 0 0 43 
A D 2 16 
J N 6 1358 28 2 2593 288 1 27 
K 0 0 43 
A D 2 16 
H 27 B 42 2 108 4 2 1 1 3 
J N 6 1418 56 2 3457 288 1 28 
K 0 0 43 
A D 2 16 
J N 6 1478 84 7 4321 288 1 28 
K 1 -14 45 
K 1 0 45 
K -15 0 65 
K 0 0 43 
K -1 0 45 
K 2 0 45 
A D 2 16 
H 28 B 48 9 108 2 2 3 
J R 7 1538 28 2 5185 288 0 
K 0 0 48 
A D 4 16 
J B 19 1661 1 82 6913 576 0 
J N 6 1682 63 2 1 0 1 29 
K 0 0 43 
A D 2 16 
J N 6 1742 49 2 865 288 1 29 
K 0 0 43 
A D 2 16 
J N 6 1802 28 2 1729 288 1 29 
K 0 0 43 
A D 2 16 
J N 6 1862 63 2 2593 288 1 29 
K 0 0 43 
A D 2 16 
H 29 B 77 0 108 4 2 1 1 3 
J N 7 1922 56 5 3457 288 0 
K -15 0 65 
K 0 0 43 
K 0 0 59 
K 0 -21 59 
A D 4 16 
J R 7 1986 28 2 5185 576 0 
K 0 0 48 
A D 4 16 
J B 20 2050 1 82 6913 576 0 
E * 
L 850 0 0 313 313 * 0 14 0 
J C 13 5 28 35 6913 0 0 
J K -1 57 0 1 6913 0 0 
K 0 35 65 
J D 0 -11 -14 1 6913 0 0 
W 0 0 0 \01\06 
J N 6 117 14 3 1 0 1 23 
K -15 0 65 
K 0 0 43 
A D 2 16 
J N 6 181 14 2 865 288 1 23 
K 0 0 43 
A D 2 16 
J N 6 243 14 2 1729 288 1 23 
K 0 0 43 
A D 2 16 
J N 6 305 14 2 2593 288 1 23 
K 0 0 43 
A D 2 16 
H 23 B -46 0 108 4 2 1 1 3 
J N 6 367 14 2 3457 288 1 24 
K 0 0 43 
A D 2 16 
J N 6 429 14 2 4321 288 1 24 
K 0 0 43 
A D 2 16 
J N 6 491 14 2 5185 288 1 24 
K 0 0 43 
A D 2 16 
J N 6 553 14 2 6049 288 1 24 
K 0 0 43 
A D 2 16 
H 24 B -46 0 108 4 2 1 1 3 
J B 17 617 1 82 6913 288 0 
J N 6 638 35 2 1 0 1 25 
K 0 0 43 
A D 2 16 
J N 6 700 35 2 865 288 1 25 
K 0 0 43 
A D 2 16 
J N 6 762 35 2 1729 288 1 25 
K 0 0 43 
A D 2 16 
J N 6 824 35 2 2593 288 1 25 
K 0 0 43 
A D 2 16 
H 25 B 42 0 108 4 2 1 1 3 
J N 6 886 35 2 3457 288 1 26 
K 0 0 43 
A D 2 16 
J N 6 958 35 2 4321 288 1 26 
K 0 0 43 
A D 2 16 
J N 6 1020 35 2 5185 288 1 26 
K 0 0 43 
A D 2 16 
J N 6 1082 35 2 6049 288 1 26 
K 0 0 43 
A D 2 16 
H 26 B 42 0 108 4 2 1 1 3 
J B 18 1146 1 82 6913 288 0 
J N 6 1171 14 3 1 0 1 27 
K -15 0 65 
K 0 0 43 
A D 2 16 
J N 6 1235 14 2 865 288 1 27 
K 0 0 43 
A D 2 16 
J N 6 1297 14 2 1729 288 1 27 
K 0 0 43 
A D 2 16 
J N 6 1358 14 2 2593 288 1 27 
K 0 0 43 
A D 2 16 
H 27 B -46 0 108 4 2 1 1 3 
J N 6 1418 14 2 3457 288 1 28 
K 0 0 43 
A D 2 16 
J N 6 1478 14 2 4321 288 1 28 
K 0 0 43 
A D 2 16 
J N 6 1538 14 2 5185 288 1 28 
K 0 0 43 
A D 2 16 
J N 6 1598 14 2 6049 288 1 28 
K 0 0 43 
A D 2 16 
H 28 B -46 0 108 4 2 1 1 3 
J B 19 1661 1 82 6913 288 0 
J N 6 1682 35 2 1 0 1 29 
K 0 0 43 
A D 2 16 
J N 6 1742 35 2 865 288 1 29 
K 0 0 43 
A D 2 16 
J N 6 1802 35 2 1729 288 1 29 
K 0 0 43 
A D 2 16 
J N 6 1862 35 2 2593 288 1 29 
K 0 0 43 
A D 2 16 
H 29 B 42 0 108 4 2 1 1 3 
J N 7 1922 35 4 3457 288 0 
K 0 0 43 
K 0 0 59 
K 0 -21 59 
A D 4 16 
J R 7 1986 28 2 5185 576 0 
K 0 0 48 
A D 4 16 
J B 20 2050 1 82 6913 576 0 
E * 
L 1010 0 0 313 313 * 0 14 0 
J C 22 5 14 36 6913 0 0 
J K -1 57 0 1 6913 0 0 
K 0 42 65 
J D 0 -11 -14 1 6913 0 0 
W 0 0 0 \01\06 
J F 0 117 98 2 1 0 0 
K 0 0 205 
K 15 0 219 
J N 6 117 56 2 1 0 1 19 
K 0 0 43 
A D 1 8 
J N 6 181 56 2 865 288 1 19 
K 0 0 43 
A D 1 8 
J N 6 243 56 2 1729 288 1 19 
K 0 0 43 
A D 1 8 
J N 6 305 56 2 2593 288 1 19 
K 0 0 43 
A D 1 8 
H 19 B 46 0 108 4 2 1 1 3 
J N 6 367 49 3 3457 288 1 20 
K -15 0 65 
K 0 0 43 
A D 1 8 
J N 6 429 49 2 4321 288 1 20 
K 0 0 43 
A D 1 8 
J N 6 491 49 2 5185 288 1 20 
K 0 0 43 
A D 1 8 
J N 6 553 49 2 6049 288 1 20 
K 0 0 43 
A D 1 8 
H 20 B 49 0 108 4 2 1 1 3 
J B 17 617 1 82 6913 288 0 
J N 6 638 42 2 1 0 1 21 
K 0 0 43 
A D 1 8 
J N 6 700 42 2 865 288 1 21 
K 0 0 43 
A D 1 8 
J N 6 762 42 2 1729 288 1 21 
K 0 0 43 
A D 1 8 
J N 6 824 42 2 2593 288 1 21 
K 0 0 43 
A D 1 8 
H 21 B 46 0 108 4 2 1 1 3 
J N 6 886 21 3 3457 288 1 22 
K -15 0 65 
K 0 0 43 
A D 1 8 
J N 6 958 21 2 4321 288 1 22 
K 0 0 43 
A D 1 8 
J N 6 1020 21 2 5185 288 1 22 
K 0 0 43 
A D 1 8 
J N 6 1082 21 2 6049 288 1 22 
K 0 0 43 
A D 1 8 
H 22 B -42 0 108 4 2 1 1 3 
J B 18 1146 1 82 6913 288 0 
J F 0 1171 98 2 1 0 0 
K 0 0 205 
K 15 0 219 
J N 6 1171 56 2 1 0 1 23 
K 0 0 43 
A D 1 8 
J N 6 1235 56 2 865 288 1 23 
K 0 0 43 
A D 1 8 
J N 6 1297 56 2 1729 288 1 23 
K 0 0 43 
A D 1 8 
J N 6 1358 56 2 2593 288 1 23 
K 0 0 43 
A D 1 8 
H 23 B 46 0 108 4 2 1 1 3 
J N 6 1418 49 3 3457 288 1 24 
K -15 0 65 
K 0 0 43 
A D 1 8 
J N 6 1478 49 2 4321 288 1 24 
K 0 0 43 
A D 1 8 
J N 6 1538 49 2 5185 288 1 24 
K 0 0 43 
A D 1 8 
J N 6 1598 49 2 6049 288 1 24 
K 0 0 43 
A D 1 8 
H 24 B 49 0 108 4 2 1 1 3 
J B 19 1661 1 82 6913 288 0 
J N 6 1682 42 2 1 0 1 25 
K 0 0 43 
A D 1 8 
J N 6 1742 42 2 865 288 1 25 
K 0 0 43 
A D 1 8 
J N 6 1802 42 2 1729 288 1 25 
K 0 0 43 
A D 1 8 
J N 6 1862 42 2 2593 288 1 25 
K 0 0 43 
A D 1 8 
H 25 B 46 0 108 4 2 1 1 3 
J N 7 1922 21 5 3457 288 0 
K -15 0 65 
K 0 0 43 
K 0 0 60 
K 0 21 60 
A D 2 8 
J R 7 1986 28 2 5185 576 0 
K 0 0 48 
A D 2 8 
J B 20 2050 1 82 6913 576 0 
E * 
B 1 617 0 
B 1 1146 0 
B 1 1661 0 
B 1 2050 0 
S 0 200 1510 2050 1066 7 "[...][....]" 
L 0 0 0 313 313 * 0 14 0 
J C 4 5 42 2 6913 0 0 
K 0 0 33 
K 0 0 34 
J K -1 57 0 1 6913 0 0 
K 0 28 65 
J D 0 -11 -14 1 6913 0 0 
W 0 0 37 \02\00 
J N 7 113 28 4 1 0 0 
K 0 0 43 
K 0 0 60 
K 0 21 60 
A D 4 16 
J R 7 170 28 2 1729 576 0 
K 0 0 48 
A D 4 16 
J N 7 227 35 4 3457 576 0 
K 0 0 43 
K 0 0 59 
K 0 -21 59 
A D 4 16 
J R 7 284 28 2 5185 576 0 
K 0 0 48 
A D 4 16 
J B 21 344 1 82 6913 576 0 
J N 8 365 28 4 1 0 0 
K 0 0 42 
K 0 0 60 
K 0 21 60 
A D 8 16 
J R 8 447 28 3 3457 1152 0 
K 0 0 47 
K 3 -35 101 
A D 8 16 
J B 22 538 5 2 6913 1152 0 
K -8 0 82 
K 0 0 82 
J D 5 563 -42 1 1 0 0 
W 0 0 37 Adagio 
J N 5 563 42 2 1 0 2 70 71 
K 0 0 43 
A D 1 16 
J N 5 592 28 2 433 144 2 71 70 
K 0 0 43 
A D 1 16 
H 70 S 0 0 0 0 0 0 0 0 0 
J N 5 625 7 3 865 144 2 72 71 
K -15 0 65 
K 0 0 43 
A D 1 16 
J N 5 654 28 2 1297 144 2 71 72 
K 0 0 43 
A D 1 16 
H 71 B -45 -3 108 4 22 11 11 33 
H 72 S 0 0 0 0 0 0 0 3 0 
J N 5 683 42 2 1729 144 2 73 74 
K 0 0 43 
A D 1 16 
J N 5 724 56 3 2161 144 2 74 73 
K -15 0 65 
K 0 0 43 
A D 1 16 
H 73 S 12 0 0 0 0 0 0 0 0 
J N 5 753 42 2 2593 144 2 75 74 
K 0 0 43 
A D 1 16 
J N 5 782 28 2 3025 144 2 74 75 
K 0 0 43 
A D 1 16 
H 74 B 57 -1 108 4 22 11 11 33 
H 75 S 12 0 0 0 0 0 0 0 0 
J N 6 811 49 2 3457 144 1 76 
K 0 0 43 
A D 2 16 
J N 6 869 77 5 4321 288 1 76 
K 1 -7 45 
K 0 0 43 
K 0 -7 45 
K 1 -7 45 
A D 2 16 
H 76 B 40 9 108 2 2 3 
J R 7 927 28 2 5185 288 0 
K 0 0 48 
A D 4 16 
J B 23 1047 1 82 6913 576 0 
J N 5 1072 7 3 1 0 2 77 78 
K -15 0 65 
K 0 0 43 
A D 1 16 
J N 5 1101 -7 2 433 144 2 78 77 
K 0 0 43 
A D 1 16 
H 77 S 0 0 0 0 0 0 0 0 0 
J N 5 1130 -21 5 865 144 2 79 78 
K 0 7 45 
K 0 0 43 
K 0 7 45 
K 1 7 45 
A D 1 16 
J N 5 1159 -7 2 1297 144 2 78 79 
K 0 0 43 
A D 1 16 
H 78 B -40 -2 108 4 22 11 11 33 
H 79 S 0 0 0 0 0 0 0 2 0 
J N 5 1188 7 2 1729 144 2 80 81 
K 0 0 43 
A D 1 16 
J N 5 1217 21 2 2161 144 2 81 80 
K 0 0 43 
A D 1 16 
H 80 S 0 0 0 0 0 0 0 0 0 
J N 5 1258 35 3 2593 144 2 82 81 
K -15 0 65 
K 0 0 43 
A D 1 16 
J N 5 1287 21 2 3025 144 2 81 82 
K 0 0 43 
A D 1 16 
H 81 B -78 1 108 4 22 11 11 33 
H 82 S 0 0 0 0 0 0 0 0 0 
J N 6 1316 63 3 3457 144 0 
K 0 0 43 
K 0 0 53 
A D 2 16 
J N 7 1368 56 5 4321 288 0 
K -15 0 65 
K 0 0 43 
K 0 0 59 
K 0 -21 59 
A D 4 16 
J N 6 1480 63 3 6049 576 0 
K 0 0 43 
K 0 0 53 
A D 2 16 
J B 24 1528 1 82 6913 288 0 
J N 6 1552 56 4 1 0 0 
K -15 0 65 
K 0 0 43 
K 0 0 53 
A D 2 16 
J N 7 1622 7 5 865 288 0 
K -15 0 65 
K 0 0 43 
K 0 0 60 
K 0 21 60 
A D 4 16 
J N 6 1744 14 3 2593 576 0 
K 0 0 43 
K 0 0 54 
A D 2 16 
J N 5 1802 56 2 3457 288 2 83 84 
K 0 0 43 
A D 1 16 
J N 5 1835 42 2 3889 144 2 84 83 
K 0 0 43 
A D 1 16 
H 84 B 56 -4 108 2 22 33 
H 83 S 12 0 0 0 0 0 0 1 0 
J N 7 1872 21 4 4321 144 0 
K 0 0 43 
K 0 0 60 
K 0 21 60 
A D 4 16 
J N 6 1988 28 3 6049 576 0 
K 0 0 43 
K 0 0 54 
A D 2 16 
J B 25 2050 1 82 6913 288 0 
E * 
L 160 0 0 313 313 * 0 14 0 
J C 4 5 42 2 6913 0 0 
K 0 0 33 
K 0 0 34 
J K -1 57 0 1 6913 0 0 
K 0 28 65 
J D 0 -11 -14 1 6913 0 0 
W 0 0 0 \02\00 
J N 7 113 49 4 1 0 0 
K 0 0 43 
K 0 0 59 
K 0 -21 59 
A D 4 16 
J R 7 170 28 2 1729 576 0 
K 0 0 48 
A D 4 16 
J N 7 227 56 5 3457 576 0 
K -15 0 65 
K 0 0 43 
K 0 0 59 
K 0 -21 59 
A D 4 16 
J R 7 284 28 2 5185 576 0 
K 0 0 48 
A D 4 16 
J B 21 344 1 82 6913 576 0 
J N 8 365 63 4 1 0 0 
K 0 0 42 
K 0 0 59 
K 0 -21 59 
A D 8 16 
J R 8 447 28 3 3457 1152 0 
K 0 0 47 
K 3 -35 101 
A D 8 16 
J B 22 538 5 2 6913 1152 0 
K -8 0 82 
K 0 0 82 
J D 5 563 -42 1 1 0 0 
W 0 0 0 (37) Adagio 
J R 8 563 28 2 1 0 0 
K 0 0 47 
A D 8 16 
J N 5 811 49 2 3457 1152 2 36 37 
K 0 0 43 
A D 1 16 
J N 5 840 28 2 3889 144 2 37 36 
K 0 0 43 
A D 1 16 
H 36 S 12 0 0 0 0 0 0 2 0 
J N 5 869 14 2 4321 144 2 38 37 
K 0 0 43 
A D 1 16 
J N 5 898 28 2 4753 144 2 37 38 
K 0 0 43 
A D 1 16 
H 37 B 72 -4 108 4 22 11 11 33 
H 38 S 12 0 0 0 0 0 0 0 0 
J N 5 927 49 2 5185 144 2 39 40 
K 0 0 43 
A D 1 16 
J N 5 956 63 2 5617 144 2 40 39 
K 0 0 43 
A D 1 16 
H 39 S 12 0 0 0 0 0 0 0 0 
J N 5 985 49 2 6049 144 2 41 40 
K 0 0 43 
A D 1 16 
J N 5 1014 28 2 6481 144 2 40 41 
K 0 0 43 
A D 1 16 
H 40 B 53 -4 108 4 22 11 11 33 
H 41 S 12 0 0 0 0 0 0 2 0 
J B 23 1047 1 82 6913 144 0 
J N 6 1072 56 3 1 0 1 42 
K -15 0 65 
K 0 0 43 
A D 2 16 
J N 6 1130 7 3 865 288 1 42 
K -15 0 65 
K 0 0 43 
A D 2 16 
H 42 B 69 -11 108 2 2 3 
J R 7 1188 28 2 1729 288 0 
K 0 0 48 
A D 4 16 
J N 6 1316 35 3 3457 576 1 43 
K -15 0 65 
K 0 0 43 
A D 2 16 
J N 6 1368 42 2 4321 288 1 43 
K 0 0 43 
A D 2 16 
J N 6 1438 49 3 5185 288 1 43 
K 0 0 43 
K 25 0 44 
A D 3 16 
J N 5 1495 28 2 6481 432 1 43 
K 0 0 43 
A D 1 16 
H 43 B 52 0 108 4 2 1 1 53 
J B 24 1528 1 82 6913 144 0 
J N 6 1552 42 2 1 0 1 44 
K 0 0 43 
A D 2 16 
J N 6 1622 -7 2 865 288 1 44 
K 0 0 43 
A D 2 16 
J N 6 1680 0 2 1729 288 1 44 
K 0 0 43 
A D 2 16 
J N 6 1744 28 2 2593 288 1 44 
K 0 0 43 
A D 2 16 
H 44 B -42 -1 108 4 2 1 1 3 
J R 6 1802 28 2 3457 288 0 
K 0 0 49 
A D 2 16 
J N 6 1872 7 3 4321 288 1 45 
K -15 0 65 
K 0 0 43 
A D 2 16 
J N 6 1930 14 2 5185 288 1 45 
K 0 0 43 
A D 2 16 
J N 6 1988 42 2 6049 288 1 45 
K 0 0 43 
A D 2 16 
H 45 B -54 6 108 3 2 1 3 
J B 25 2050 1 82 6913 288 0 
E * 
L 320 0 0 313 313 * 0 14 0 
J C 22 5 14 36 6913 0 0 
J K -1 57 0 1 6913 0 0 
K 0 42 65 
J D 0 -11 -14 1 6913 0 0 
W 0 0 0 \02\00 
J F 0 113 98 1 1 0 0 
K 0 0 205 
J N 7 113 28 4 1 0 0 
K 0 0 43 
K 0 0 60 
K 0 21 60 
A D 4 16 
J R 7 170 28 2 1729 576 0 
K 0 0 48 
A D 4 16 
J F 0 227 98 2 3457 576 0 
K 0 0 205 
K 0 21 219 
J N 7 227 35 4 3457 0 0 
K 0 0 43 
K 0 0 59 
K 0 -21 59 
A D 4 16 
J R 7 284 28 2 5185 576 0 
K 0 0 48 
A D 4 16 
J B 21 344 1 82 6913 576 0 
J N 8 365 42 4 1 0 0 
K 0 0 42 
K 0 0 59 
K 0 -21 59 
A D 8 16 
J R 8 447 28 3 3457 1152 0 
K 0 0 47 
K 3 -35 101 
A D 8 16 
J B 22 538 5 2 6913 1152 0 
K -8 0 82 
K 0 0 82 
J D 5 560 -42 1 1 0 0 
W 0 0 0 (37) Adagio 
J N 6 563 -28 7 1 0 1 44 
K 0 14 45 
K 0 0 45 
K -15 0 65 
K 0 0 43 
K -1 0 45 
K 2 0 45 
A D 2 16 
J N 6 625 -28 6 865 288 1 44 
K 0 14 45 
K 0 0 45 
K 0 0 43 
K -1 0 45 
K 2 0 45 
A D 2 16 
J N 6 683 -28 6 1729 288 1 44 
K 0 14 45 
K 0 0 45 
K 0 0 43 
K -1 0 45 
K 2 0 45 
A D 2 16 
J N 6 753 -28 6 2593 288 1 44 
K 0 14 45 
K 0 0 45 
K 0 0 43 
K -1 0 45 
K 2 0 45 
A D 2 16 
H 44 B -56 0 108 4 2 1 1 3 
J F 0 811 98 1 3457 288 0 
K 0 0 205 
J N 6 811 -21 5 3457 0 1 45 
K 0 7 45 
K 0 0 43 
K 0 7 45 
K 1 7 45 
A D 2 16 
J N 6 869 -21 5 4321 288 1 45 
K 0 7 45 
K 0 0 43 
K 0 7 45 
K 1 7 45 
A D 2 16 
J N 6 927 -21 5 5185 288 1 45 
K 0 7 45 
K 0 0 43 
K 0 7 45 
K 1 7 45 
A D 2 16 
J N 6 985 -21 5 6049 288 1 45 
K 0 7 45 
K 0 0 43 
K 0 7 45 
K 1 7 45 
A D 2 16 
H 45 B -49 0 108 4 2 1 1 3 
J B 23 1047 1 82 6913 288 0 
J F 0 1072 98 2 1 0 0 
K 0 0 206 
K 0 21 219 
J N 6 1072 -14 5 1 0 1 46 
K 0 0 45 
K 0 0 43 
K -1 0 45 
K 2 0 45 
A D 2 16 
J N 6 1130 -14 5 865 288 1 46 
K 0 0 45 
K 0 0 43 
K -1 0 45 
K 2 0 45 
A D 2 16 
J F 0 1188 98 2 1729 288 0 
K 0 0 205 
K 15 0 219 
J N 6 1188 -14 5 1729 0 1 46 
K 0 0 45 
K 0 0 43 
K -1 0 45 
K 2 0 45 
A D 2 16 
J F 0 1258 98 1 2593 288 0 
K 0 0 206 
J N 6 1258 -35 6 2593 0 1 46 
K 0 21 45 
K 0 7 45 
K 0 0 43 
K 0 7 45 
K 1 7 45 
A D 2 16 
H 46 B -47 0 108 4 2 1 1 3 
J F 0 1316 98 2 3457 288 0 
K 0 0 206 
K 15 0 219 
J N 6 1316 -7 2 3457 0 1 47 
K 0 0 43 
A D 2 16 
J N 6 1368 21 3 4321 288 1 47 
K -15 0 65 
K 0 0 43 
A D 2 16 
J F 0 1438 107 2 5185 288 0 
K 0 0 203 
K 15 0 219 
J N 6 1438 -7 2 5185 0 1 47 
K 0 0 43 
A D 2 16 
J F 0 1480 107 1 6049 288 0 
K 0 0 202 
J N 6 1480 42 2 6049 0 1 47 
K 0 0 43 
A D 2 16 
H 47 B -70 4 108 4 2 1 1 3 
J B 24 1528 1 82 6913 288 0 
J R 5 1552 28 3 1 0 0 
K 0 14 49 
K 4 0 50 
A D 1 16 
J N 5 1593 21 3 433 144 1 48 
K -15 0 65 
K 0 0 43 
A D 1 16 
J N 5 1622 7 2 865 144 1 48 
K 0 0 43 
A D 1 16 
J N 5 1651 21 2 1297 144 1 48 
K 0 0 43 
A D 1 16 
H 48 B -50 0 108 3 22 11 33 
J F 0 1680 107 2 1729 144 0 
K 0 0 203 
K 15 0 219 
J N 5 1680 -7 2 1729 0 1 49 
K 0 0 43 
A D 1 16 
J N 5 1715 42 2 2161 144 1 49 
K 0 0 43 
A D 1 16 
J N 5 1744 28 2 2593 144 1 49 
K 0 0 43 
A D 1 16 
J N 5 1773 42 2 3025 144 1 49 
K 0 0 43 
A D 1 16 
H 49 B -89 5 108 4 22 11 11 33 
J F 0 1802 98 1 3457 144 0 
K 0 0 208 
J R 5 1802 28 3 3457 0 0 
K 0 14 49 
K 4 0 50 
A D 1 16 
J N 5 1835 -14 5 3889 144 1 50 
K 0 0 45 
K 0 0 43 
K -1 0 45 
K 2 0 45 
A D 1 16 
J F 0 1872 98 1 4321 144 0 
K 0 0 205 
J N 5 1872 -28 7 4321 0 1 50 
K 0 14 45 
K 0 0 45 
K -15 0 65 
K 0 0 43 
K -1 0 45 
K 2 0 45 
A D 1 16 
J N 5 1901 -14 5 4753 144 1 50 
K 0 0 45 
K 0 0 43 
K -1 0 45 
K 2 0 45 
A D 1 16 
H 50 B -46 0 108 3 22 11 33 
J F 0 1930 98 1 5185 144 0 
K 0 0 203 
J N 5 1930 -42 7 5185 0 1 51 
K 0 28 45 
K 0 14 45 
K 0 0 45 
K 0 0 43 
K -1 0 45 
K 2 0 45 
A D 1 16 
J N 5 1959 7 2 5617 144 1 51 
K 0 0 43 
A D 1 16 
J N 5 1988 -7 2 6049 144 1 51 
K 0 0 43 
A D 1 16 
J N 5 2017 7 2 6481 144 1 51 
K 0 0 43 
A D 1 16 
H 51 B -89 5 108 4 22 11 11 33 
J B 25 2050 1 82 6913 144 0 
E * 
L 530 0 0 313 313 * 0 14 0 
J C 4 5 42 2 6913 0 0 
K 0 0 33 
K 0 0 34 
J K -1 57 0 1 6913 0 0 
K 0 28 65 
J D 0 -11 -14 1 6913 0 0 
W 0 0 0 \02\00 
J N 7 113 28 4 1 0 0 
K 0 0 43 
K 0 0 60 
K 0 21 60 
A D 4 16 
J R 7 170 28 2 1729 576 0 
K 0 0 48 
A D 4 16 
J N 7 227 35 4 3457 576 0 
K 0 0 43 
K 0 0 59 
K 0 -21 59 
A D 4 16 
J R 7 284 28 2 5185 576 0 
K 0 0 48 
A D 4 16 
J B 21 344 1 82 6913 576 0 
J N 8 365 28 4 1 0 0 
K 0 0 42 
K 0 0 60 
K 0 21 60 
A D 8 16 
J R 8 447 28 3 3457 1152 0 
K 0 0 47 
K 3 -35 101 
A D 8 16 
J B 22 538 5 2 6913 1152 0 
K -8 0 82 
K 0 0 82 
J D 5 563 -42 1 1 0 0 
W 0 0 0 (37) Adagio 
J N 6 563 28 3 1 0 1 55 
K 0 0 43 
K 0 67 108 
A D 2 16 
J N 6 625 28 2 865 288 1 55 
K 0 0 43 
A D 2 16 
J N 6 683 28 2 1729 288 1 55 
K 0 0 43 
A D 2 16 
J N 6 753 28 2 2593 288 1 55 
K 0 0 43 
A D 2 16 
H 55 B -42 0 108 4 2 1 1 3 
J N 6 811 28 2 3457 288 1 56 
K 0 0 43 
A D 2 16 
J N 6 869 28 2 4321 288 1 56 
K 0 0 43 
A D 2 16 
J N 6 927 28 2 5185 288 1 56 
K 0 0 43 
A D 2 16 
J N 6 985 28 2 6049 288 1 56 
K 0 0 43 
A D 2 16 
H 56 B -42 0 108 4 2 1 1 3 
J B 23 1047 1 82 6913 288 0 
J N 6 1072 28 2 1 0 1 57 
K 0 0 43 
A D 2 16 
J N 6 1130 56 3 865 288 1 57 
K -15 0 65 
K 0 0 43 
A D 2 16 
J N 6 1188 35 3 1729 288 1 57 
K -15 0 65 
K 0 0 43 
A D 2 16 
J N 6 1258 21 2 2593 288 1 57 
K 0 0 43 
A D 2 16 
H 57 B 49 0 108 4 2 1 1 3 
J N 6 1316 63 4 3457 288 0 
K 0 0 43 
K 0 36 110 
K 0 0 53 
A D 2 16 
J N 7 1368 56 4 4321 288 0 
K 0 0 43 
K 0 0 59 
K 0 -21 59 
A D 4 16 
J N 6 1480 63 3 6049 576 0 
K 0 0 43 
K 0 0 53 
A D 2 16 
J B 24 1528 1 82 6913 288 0 
J N 7 1552 56 5 1 0 0 
K -15 0 65 
K 0 0 43 
K 0 0 59 
K 0 -21 59 
A D 4 16 
J R 7 1680 28 2 1729 576 0 
K 0 0 48 
A D 4 16 
J R 8 1802 28 2 3457 576 0 
K 0 0 47 
A D 8 16 
J B 25 2050 1 82 6913 1152 0 
E * 
L 690 0 0 313 313 * 0 14 0 
J C 4 5 42 2 6913 0 0 
K 0 0 33 
K 0 0 34 
J K -1 57 0 1 6913 0 0 
K 0 28 65 
J D 0 -11 -14 1 6913 0 0 
W 0 0 0 \02\00 
J N 7 113 49 4 1 0 0 
K 0 0 43 
K 0 0 59 
K 0 -21 59 
A D 4 16 
J R 7 170 28 2 1729 576 0 
K 0 0 48 
A D 4 16 
J N 7 227 56 5 3457 576 0 
K -15 0 65 
K 0 0 43 
K 0 0 59 
K 0 -21 59 
A D 4 16 
J R 7 284 28 2 5185 576 0 
K 0 0 48 
A D 4 16 
J B 21 344 1 82 6913 576 0 
J N 8 365 63 4 1 0 0 
K 0 0 42 
K 0 0 59 
K 0 -21 59 
A D 8 16 
J R 8 447 28 3 3457 1152 0 
K 0 0 47 
K 3 -35 101 
A D 8 16 
J B 22 538 5 2 6913 1152 0 
K -8 0 82 
K 0 0 82 
J D 5 563 -42 1 1 0 0 
W 0 0 0 (37) Adagio 
J N 6 563 42 3 1 0 1 30 
K 0 0 43 
K 0 37 108 
A D 2 16 
J N 6 625 42 2 865 288 1 30 
K 0 0 43 
A D 2 16 
J N 6 683 42 2 1729 288 1 30 
K 0 0 43 
A D 2 16 
J N 6 753 42 2 2593 288 1 30 
K 0 0 43 
A D 2 16 
H 30 B 46 0 108 4 2 1 1 3 
J N 6 811 49 2 3457 288 1 31 
K 0 0 43 
A D 2 16 
J N 6 869 49 2 4321 288 1 31 
K 0 0 43 
A D 2 16 
J N 6 927 49 2 5185 288 1 31 
K 0 0 43 
A D 2 16 
J N 6 985 49 2 6049 288 1 31 
K 0 0 43 
A D 2 16 
H 31 B 49 0 108 4 2 1 1 3 
J B 23 1047 1 82 6913 288 0 
J N 6 1072 56 3 1 0 1 32 
K -15 0 65 
K 0 0 43 
A D 2 16 
J N 6 1130 56 2 865 288 1 32 
K 0 0 43 
A D 2 16 
J N 6 1188 56 2 1729 288 1 32 
K 0 0 43 
A D 2 16 
J N 6 1258 35 3 2593 288 1 32 
K -15 0 65 
K 0 0 43 
A D 2 16 
H 32 B 60 -2 108 4 2 1 1 3 
J N 6 1316 35 3 3457 288 1 33 
K 0 0 43 
K 0 51 110 
A D 2 16 
J N 6 1368 42 2 4321 288 1 33 
K 0 0 43 
A D 2 16 
J N 6 1438 49 3 5185 288 1 33 
K 0 0 43 
K 25 0 44 
A D 3 16 
J N 5 1495 28 2 6481 432 1 33 
K 0 0 43 
A D 1 16 
H 33 B 52 0 108 4 2 1 1 53 
J B 24 1528 1 82 6913 144 0 
J N 7 1552 42 4 1 0 0 
K 0 0 43 
K 0 0 59 
K 0 -21 59 
A D 4 16 
J R 7 1680 28 2 1729 576 0 
K 0 0 48 
A D 4 16 
J R 8 1802 28 2 3457 576 0 
K 0 0 47 
A D 8 16 
J B 25 2050 1 82 6913 1152 0 
E * 
L 850 0 0 313 313 * 0 14 0 
J C 13 5 28 35 6913 0 0 
J K -1 57 0 1 6913 0 0 
K 0 35 65 
J D 0 -11 -14 1 6913 0 0 
W 0 0 0 \02\00 
J N 7 113 35 4 1 0 0 
K 0 0 43 
K 0 0 59 
K 0 -21 59 
A D 4 16 
J R 7 170 28 2 1729 576 0 
K 0 0 48 
A D 4 16 
J N 7 227 28 4 3457 576 0 
K 0 0 43 
K 0 0 60 
K 0 21 60 
A D 4 16 
J R 7 284 28 2 5185 576 0 
K 0 0 48 
A D 4 16 
J B 21 344 1 82 6913 576 0 
J N 8 365 7 4 1 0 0 
K 0 0 42 
K 0 0 60 
K 0 21 60 
A D 8 16 
J R 8 447 28 3 3457 1152 0 
K 0 0 47 
K 3 -35 101 
A D 8 16 
J B 22 538 5 2 6913 1152 0 
K -8 0 82 
K 0 0 82 
J D 5 559 -42 1 1 0 0 
W 0 0 0 (37) Adagio 
J N 6 563 14 4 1 0 1 30 
K -15 0 65 
K 0 0 43 
K 0 71 108 
A D 2 16 
J N 6 625 14 2 865 288 1 30 
K 0 0 43 
A D 2 16 
J N 6 683 14 2 1729 288 1 30 
K 0 0 43 
A D 2 16 
J N 6 753 14 2 2593 288 1 30 
K 0 0 43 
A D 2 16 
H 30 B -46 0 108 4 2 1 1 3 
J N 6 811 -14 5 3457 288 1 31 
K 0 0 45 
K 0 0 43 
K -1 0 45 
K 2 0 45 
A D 2 16 
J N 6 869 35 2 4321 288 1 31 
K 0 0 43 
A D 2 16 
J N 6 927 35 2 5185 288 1 31 
K 0 0 43 
A D 2 16 
J N 6 985 35 2 6049 288 1 31 
K 0 0 43 
A D 2 16 
H 31 B -88 2 108 4 2 1 1 3 
J B 23 1047 1 82 6913 288 0 
J N 6 1072 28 2 1 0 1 32 
K 0 0 43 
A D 2 16 
J N 6 1130 28 2 865 288 1 32 
K 0 0 43 
A D 2 16 
J N 6 1188 14 3 1729 288 1 32 
K -15 0 65 
K 0 0 43 
A D 2 16 
J N 6 1258 14 2 2593 288 1 32 
K 0 0 43 
A D 2 16 
H 32 B -42 0 108 4 2 1 1 3 
J N 6 1316 7 3 3457 288 1 33 
K 0 0 43 
K 0 82 110 
A D 2 16 
J N 5 1368 0 2 4321 288 1 33 
K 0 0 43 
A D 1 16 
J N 5 1409 -7 3 4753 144 1 33 
K -15 0 65 
K 0 0 43 
A D 1 16 
H 33 B -40 -1 108 3 2 21 33 
J N 6 1438 -14 6 5185 144 1 34 
K 0 0 45 
K 0 0 43 
K -1 0 45 
K 2 0 45 
K 24 -6 44 
A D 3 16 
J N 5 1495 -14 5 6481 432 1 34 
K 0 0 45 
K 0 0 43 
K -1 0 45 
K 2 0 45 
A D 1 16 
H 34 B -46 0 108 2 2 53 
J B 24 1528 1 82 6913 144 0 
J N 7 1552 -14 7 1 0 0 
K 0 0 45 
K 0 0 43 
K -1 0 45 
K 2 0 45 
K 0 0 60 
K 0 21 60 
A D 4 16 
J R 7 1680 28 2 1729 576 0 
K 0 0 48 
A D 4 16 
J R 8 1802 28 2 3457 576 0 
K 0 0 47 
A D 8 16 
J B 25 2050 1 82 6913 1152 0 
E * 
L 1010 0 0 313 313 * 0 14 0 
J C 22 5 14 36 6913 0 0 
J K -1 57 0 1 6913 0 0 
K 0 42 65 
J D 0 -11 -14 1 6913 0 0 
W 0 0 0 \02\00 
J F 0 113 98 1 1 0 0 
K 0 0 205 
J N 7 113 28 4 1 0 0 
K 0 0 43 
K 0 0 60 
K 0 21 60 
A D 2 8 
J R 7 170 28 2 1729 576 0 
K 0 0 48 
A D 2 8 
J F 0 227 98 2 3457 576 0 
K 0 0 205 
K 0 21 219 
J N 7 227 35 4 3457 0 0 
K 0 0 43 
K 0 0 59 
K 0 -21 59 
A D 2 8 
J R 7 284 28 2 5185 576 0 
K 0 0 48 
A D 2 8 
J B 21 344 1 82 6913 576 0 
J N 8 365 42 4 1 0 0 
K 0 0 42 
K 0 0 59 
K 0 -21 59 
A D 4 8 
J R 8 447 28 3 3457 1152 0 
K 0 0 47 
K 3 -35 101 
A D 4 8 
J B 22 538 5 2 6913 1152 0 
K -8 0 82 
K 0 0 82 
J D 5 560 -42 1 1 0 0 
W 0 0 0 (37) Adagio 
J N 7 563 21 5 1 0 0 
K -15 0 65 
K 0 0 43 
K 0 0 60 
K 0 21 60 
A D 2 8 
J R 7 683 28 2 1729 576 0 
K 0 0 48 
A D 2 8 
J F 0 811 98 1 3457 576 0 
K 0 0 205 
J N 7 811 28 4 3457 0 0 
K 0 0 43 
K 0 0 60 
K 0 21 60 
A D 2 8 
J R 7 927 28 2 5185 576 0 
K 0 0 48 
A D 2 8 
J B 23 1047 1 82 6913 576 0 
J F 0 1072 98 2 1 0 0 
K 0 0 206 
K 0 21 219 
J N 7 1072 35 4 1 0 0 
K 0 0 43 
K 0 0 59 
K 0 -21 59 
A D 2 8 
J R 7 1188 28 2 1729 576 0 
K 0 0 48 
A D 2 8 
J F 0 1316 107 2 3457 576 0 
K 0 0 206 
K 15 0 219 
J N 6 1316 42 2 3457 0 1 26 
K 0 0 43 
A D 1 8 
J N 6 1368 21 3 4321 288 1 26 
K -15 0 65 
K 0 0 43 
A D 1 8 
J F 0 1438 107 2 5185 288 0 
K 0 0 203 
K 15 0 219 
J N 6 1438 -7 2 5185 0 1 26 
K 0 0 43 
A D 1 8 
J F 0 1480 107 1 6049 288 0 
K 0 0 202 
J N 6 1480 42 2 6049 0 1 26 
K 0 0 43 
A D 1 8 
H 26 B -42 0 108 4 2 1 1 3 
J B 24 1528 1 82 6913 288 0 
J N 7 1552 21 5 1 0 0 
K -15 0 65 
K 0 0 43 
K 0 0 60 
K 0 21 60 
A D 2 8 
J R 7 1680 28 2 1729 576 0 
K 0 0 48 
A D 2 8 
J R 8 1802 28 2 3457 576 0 
K 0 0 47 
A D 4 8 
J B 25 2050 1 82 6913 1152 0 
E * 
B 1 344 0 
B 5 538 0 
B 1 1047 0 
B 1 1528 0 
B 1 2050 0 
