@ SOURCE: not identified 
L 0 0 14 !39Violino 1
J D 4 500 -120 1 6913 0 0
W 0 0 44 
J D 1 75 -37 1 6913 0 0
W 0 -56 44 :  Violino 1
J C 4 5 42 2 6913 0 0
K 0 0 33
K 0 0 34
J K 2 57 0 2 6913 0 0
K 0 0 63
K 15 21 63
J D 5 103 -42 1 6913 0 0
W 0 0 37 Allegro
J T 0 103 42 1 6913 0 0
K 0 0 38
J R 9 151 28 2 1 10000 0
K 0 0 46
A D 8 8
J B 2 256 1 82 6913 2304 0
J R 9 277 28 2 1 10000 0
K 0 0 46
A D 8 8
J B 3 382 1 82 6913 2304 0
J R 9 403 28 2 1 10000 0
K 0 0 46
A D 8 8
J B 4 508 1 82 6913 2304 0
J R 9 529 28 2 1 10000 0
K 0 0 46
A D 8 8
J B 5 634 1 82 6913 2304 0
J R 9 655 28 2 1 10000 0
K 0 0 46
A D 8 8
J B 6 760 1 82 6913 2304 0
J R 7 781 28 2 1 0 0
K 0 0 48
A D 2 8
J N 8 808 -14 7 1729 576 0
K 0 0 45
K 0 0 42
K -1 0 45
K 2 0 45
K 0 0 60
K 0 21 60
A D 4 8
J N 7 843 -7 4 5185 1152 1 1
K 0 0 43
K 0 0 60
K 0 21 60
A D 2 8
J B 7 874 1 82 6913 576 0
J N 7 895 -7 4 1 0 1 1
K 0 0 43
K 0 0 60
K 0 21 60
A D 2 8
H 1 T -7 0 0 0 0 0 1 0
J N 8 922 0 4 1729 576 0
K 0 0 42
K 0 0 60
K 0 21 60
A D 4 8
J N 7 957 7 4 5185 1152 0
K 0 0 43
K 0 0 60
K 0 21 60
A D 2 8
J B 8 988 1 82 6913 576 0
J N 7 1009 35 4 1 0 0
K 0 0 43
K 0 0 59
K 0 -21 59
A D 2 8
J N 8 1036 14 4 1729 576 0
K 0 0 42
K 0 0 60
K 0 21 60
A D 4 8
J N 7 1071 21 4 5185 1152 0
K 0 0 43
K 0 0 60
K 0 21 60
A D 2 8
J B 9 1102 1 82 6913 576 0
J N 8 1123 14 4 1 0 0
K 0 0 42
K 0 0 60
K 0 21 60
A D 4 8
J R 8 1158 28 2 3457 1152 0
K 0 0 47
A D 4 8
J B 10 1197 1 82 6913 1152 0
J R 9 1218 28 2 1 10000 0
K 0 0 46
A D 8 8
J B 11 1323 1 82 6913 2304 0
J R 9 1344 28 2 1 10000 0
K 0 0 46
A D 8 8
J B 12 1449 1 82 6913 2304 0
J R 9 1470 28 2 1 10000 0
K 0 0 46
A D 8 8
J B 13 1575 1 82 6913 2304 0
J R 8 1596 28 2 1 0 0
K 0 0 47
A D 4 8
J N 7 1631 49 4 3457 1152 0
K 0 0 43
K 0 0 59
K 0 -21 59
A D 2 8
J N 7 1658 0 4 5185 576 0
K 0 0 43
K 0 0 60
K 0 21 60
A D 2 8
J B 14 1689 1 82 6913 576 0
J R 7 1710 28 2 1 0 0
K 0 0 48
A D 2 8
J N 7 1737 7 4 1729 576 0
K 0 0 43
K 0 0 60
K 0 21 60
A D 2 8
J R 7 1764 28 2 3457 576 0
K 0 0 48
A D 2 8
J N 7 1791 14 4 5185 576 0
K 0 0 43
K 0 0 60
K 0 21 60
A D 2 8
J B 15 1822 1 82 6913 576 0
J R 7 1843 28 2 1 0 0
K 0 0 48
A D 2 8
J N 7 1870 21 4 1729 576 0
K 0 0 43
K 0 0 60
K 0 21 60
A D 2 8
J R 7 1897 28 2 3457 576 0
K 0 0 48
A D 2 8
J N 7 1924 28 4 5185 576 0
K 0 0 43
K 0 0 60
K 0 21 60
A D 2 8
J B 16 1955 1 82 6913 576 0
J N 7 1976 21 4 1 0 0
K 0 0 43
K 0 0 60
K 0 21 60
A D 2 8
J N 8 2003 14 4 1729 576 0
K 0 0 42
K 0 0 60
K 0 21 60
A D 4 8
J N 7 2038 21 4 5185 1152 0
K 0 0 43
K 0 0 60
K 0 21 60
A D 2 8
J B 17 2069 1 82 6913 576 0
J N 8 2090 14 4 1 0 0
K 0 0 42
K 0 0 60
K 0 21 60
A D 4 8
J R 8 2125 28 2 3457 1152 0
K 0 0 47
A D 4 8
J B 18 2164 1 82 6913 1152 0
J R 8 2185 28 2 1 0 0
K 0 0 47
A D 4 8
J N 7 2220 28 4 3457 1152 0
K 0 0 43
K 0 0 60
K 0 21 60
A D 2 8
J N 7 2264 35 5 5185 576 0
K -18 0 63
K 0 0 43
K 0 0 59
K 0 -21 59
A D 2 8
J B 19 2295 1 82 6913 576 0
J N 7 2316 28 4 1 0 0
K 0 0 43
K 0 0 60
K 0 21 60
A D 2 8
J N 7 2343 63 4 1729 576 0
K 0 0 43
K 0 0 59
K 0 -21 59
A D 2 8
J R 8 2370 28 2 3457 576 0
K 0 0 47
A D 4 8
J B 20 2409 1 82 6913 1152 0
J R 8 2430 28 2 1 0 0
K 0 0 47
A D 4 8
J N 7 2465 -7 4 3457 1152 0
K 0 0 43
K 0 0 60
K 0 21 60
A D 2 8
J N 7 2492 0 4 5185 576 0
K 0 0 43
K 0 0 60
K 0 21 60
A D 2 8
J B 21 2523 1 82 6913 576 0
J N 7 2544 -7 4 1 0 0
K 0 0 43
K 0 0 60
K 0 21 60
A D 2 8
J N 7 2571 56 4 1729 576 0
K 0 0 43
K 0 0 59
K 0 -21 59
A D 2 8
J R 8 2598 28 2 3457 576 0
K 0 0 47
A D 4 8
J B 22 2637 1 82 6913 1152 0
J R 8 2658 28 2 1 0 0
K 0 0 47
A D 4 8
J N 7 2693 35 4 3457 1152 0
K 0 0 43
K 0 0 59
K 0 -21 59
A D 2 8
J N 7 2737 42 5 5185 576 0
K -18 0 63
K 0 0 43
K 0 0 59
K 0 -21 59
A D 2 8
J B 23 2768 1 82 6913 576 0
J N 7 2789 35 4 1 0 0
K 0 0 43
K 0 0 59
K 0 -21 59
A D 2 8
J N 7 2816 70 7 1729 576 0
K 1 0 45
K 0 0 43
K -1 0 45
K 2 0 45
K 0 0 59
K 0 -21 59
A D 2 8
J R 8 2843 28 2 3457 576 0
K 0 0 47
A D 4 8
J B 24 2882 1 82 6913 1152 0
J R 8 2903 28 2 1 0 0
K 0 0 47
A D 4 8
J N 7 2938 -14 7 3457 1152 0
K 0 0 45
K 0 0 43
K -1 0 45
K 2 0 45
K 0 0 60
K 0 21 60
A D 2 8
J N 7 2982 -7 5 5185 576 0
K -18 0 63
K 0 0 43
K 0 0 60
K 0 21 60
A D 2 8
J B 25 3013 1 82 6913 576 0
J N 7 3034 -14 7 1 0 0
K 0 0 45
K 0 0 43
K -1 0 45
K 2 0 45
K 0 0 60
K 0 21 60
A D 2 8
J N 7 3078 -7 5 1729 576 0
K -18 0 63
K 0 0 43
K 0 0 60
K 0 21 60
A D 2 8
J N 8 3105 0 4 3457 576 0
K 0 0 42
K 0 0 60
K 0 21 60
A D 4 8
J B 26 3144 1 82 6913 1152 0
J N 7 3171 7 5 1 0 0
K -18 0 63
K 0 0 43
K 0 0 60
K 0 21 60
A D 2 8
J N 8 3198 0 4 1729 576 0
K 0 0 42
K 0 0 60
K 0 21 60
A D 4 8
J N 7 3233 7 4 5185 1152 0
K 0 0 43
K 0 0 60
K 0 21 60
A D 2 8
J B 27 3264 1 82 6913 576 0
J R 7 3285 28 2 1 0 0
K 0 0 48
A D 2 8
J N 7 3312 14 5 1729 576 0
K 0 0 43
K 0 70 108
K 0 0 60
K 0 21 60
A D 2 8
J N 7 3339 21 4 3457 576 0
K 0 0 43
K 0 0 60
K 0 21 60
A D 2 8
J N 7 3366 28 4 5185 576 1 2
K 0 0 43
K 0 0 60
K 0 21 60
A D 2 8
J B 28 3397 1 82 6913 576 0
J N 7 3418 28 4 1 0 1 2
K 0 0 43
K 0 0 60
K 0 21 60
A D 2 8
H 2 T 28 0 0 0 0 0 5 0
J N 7 3445 35 4 1729 576 0
K 0 0 43
K 0 0 59
K 0 -21 59
A D 2 8
J N 8 3489 42 5 3457 576 0
K -18 0 63
K 0 0 42
K 0 0 59
K 0 -21 59
A D 4 8
J B 29 3528 1 82 6913 1152 0
J N 8 3549 49 4 1 0 0
K 0 0 42
K 0 0 59
K 0 -21 59
A D 4 8
J R 8 3584 28 2 3457 1152 0
K 0 0 47
A D 4 8
J B 30 3623 1 82 6913 1152 0
J R 9 3644 28 2 1 10000 0
K 0 0 46
A D 8 8
J B 31 3749 1 82 6913 2304 0
J R 9 3770 28 2 1 10000 0
K 0 0 46
A D 8 8
J B 32 3875 1 82 6913 2304 0
J R 9 3896 28 2 1 10000 0
K 0 0 46
A D 8 8
J B 33 4001 1 82 6913 2304 0
J R 9 4022 28 2 1 10000 0
K 0 0 46
A D 8 8
J B 34 4127 1 82 6913 2304 0
J R 8 4148 28 2 1 0 0
K 0 0 47
A D 4 8
J R 7 4183 28 2 3457 1152 0
K 0 0 48
A D 2 8
J N 7 4210 -14 7 5185 576 1 3
K 0 0 45
K 0 0 43
K -1 0 45
K 2 0 45
K 0 0 60
K 0 21 60
A D 2 8
J B 35 4241 1 82 6913 576 0
J N 7 4262 -14 7 1 0 1 3
K 0 0 45
K 0 0 43
K -1 0 45
K 2 0 45
K 0 0 60
K 0 21 60
A D 2 8
H 3 T -14 0 0 0 0 0 5 0
J N 8 4289 -7 4 1729 576 0
K 0 0 42
K 0 0 60
K 0 21 60
A D 4 8
J N 7 4324 0 4 5185 1152 1 4
K 0 0 43
K 0 0 60
K 0 21 60
A D 2 8
J B 36 4355 1 82 6913 576 0
J N 7 4376 0 4 1 0 1 4
K 0 0 43
K 0 0 60
K 0 21 60
A D 2 8
H 4 T 0 0 0 0 0 0 5 0
J N 7 4403 7 4 1729 576 0
K 0 0 43
K 0 0 60
K 0 21 60
A D 2 8
J N 7 4430 35 4 3457 576 0
K 0 0 43
K 0 0 59
K 0 -21 59
A D 2 8
J N 7 4457 14 4 5185 576 1 5
K 0 0 43
K 0 0 60
K 0 21 60
A D 2 8
J B 37 4488 1 82 6913 576 0
J N 7 4509 14 4 1 0 1 5
K 0 0 43
K 0 0 60
K 0 21 60
A D 2 8
H 5 T 14 0 0 0 0 0 5 0
J N 7 4536 21 4 1729 576 0
K 0 0 43
K 0 0 60
K 0 21 60
A D 2 8
J N 7 4563 14 4 3457 576 0
K 0 0 43
K 0 0 60
K 0 21 60
A D 2 8
J R 7 4590 28 2 5185 576 0
K 0 0 48
A D 2 8
J B 38 4621 1 82 6913 576 0
J R 7 4642 28 2 1 0 0
K 0 0 48
A D 2 8
J N 7 4669 -14 7 1729 576 0
K 0 0 45
K 0 0 43
K -1 0 45
K 2 0 45
K 0 0 60
K 0 21 60
A D 2 8
J N 7 4696 -14 7 3457 576 1 6
K 0 0 45
K 0 0 43
K -1 0 45
K 2 0 45
K 0 0 60
K 0 21 60
A D 2 8
J N 7 4723 -7 4 5185 576 1 6
K 0 0 43
K 0 0 60
K 0 21 60
A D 2 8
H 6 S 0 0 0 0 0 0 0 0 0
J B 39 4754 1 82 6913 576 0
J R 7 4775 28 2 1 0 0
K 0 0 48
A D 2 8
J N 7 4802 -21 7 1729 576 0
K 0 7 45
K 0 0 43
K 0 7 45
K 1 7 45
K 0 0 60
K 0 21 60
A D 2 8
J N 7 4829 -21 7 3457 576 1 7
K 0 7 45
K 0 0 43
K 0 7 45
K 1 7 45
K 0 0 60
K 0 21 60
A D 2 8
J N 7 4856 -14 7 5185 576 1 7
K 0 0 45
K 0 0 43
K -1 0 45
K 2 0 45
K 0 0 60
K 0 21 60
A D 2 8
H 7 S 0 0 0 0 0 0 0 0 0
J B 40 4887 1 82 6913 576 0
J R 7 4908 28 2 1 0 0
K 0 0 48
A D 2 8
J N 7 4935 -7 4 1729 576 0
K 0 0 43
K 0 0 60
K 0 21 60
A D 2 8
J N 8 4962 0 4 3457 576 0
K 0 0 42
K 0 0 60
K 0 21 60
A D 4 8
J B 41 5001 1 82 6913 1152 0
J N 7 5028 -7 5 1 0 0
K -18 0 63
K 0 0 43
K 0 0 60
K 0 21 60
A D 2 8
J N 8 5055 -14 7 1729 576 0
K 0 0 45
K 0 0 42
K -1 0 45
K 2 0 45
K 0 0 60
K 0 21 60
A D 4 8
J N 7 5090 -7 4 5185 1152 0
K 0 0 43
K 0 0 60
K 0 21 60
A D 2 8
J B 42 5121 1 82 6913 576 0
J R 7 5142 28 2 1 0 0
K 0 0 48
A D 2 8
J N 7 5169 21 5 1729 576 0
K 0 0 43
K 0 68 108
K 0 0 60
K 0 21 60
A D 2 8
J R 7 5196 28 2 3457 576 0
K 0 0 48
A D 2 8
J N 7 5223 28 4 5185 576 0
K 0 0 43
K 0 0 60
K 0 21 60
A D 2 8
J B 43 5254 1 82 6913 576 0
J R 7 5275 28 2 1 0 0
K 0 0 48
A D 2 8
J N 7 5302 35 4 1729 576 0
K 0 0 43
K 0 0 59
K 0 -21 59
A D 2 8
J R 7 5329 28 2 3457 576 0
K 0 0 48
A D 2 8
J N 7 5369 42 5 5185 576 0
K -18 0 63
K 0 0 43
K 0 0 59
K 0 -21 59
A D 2 8
J B 44 5400 1 82 6913 576 0
J R 7 5421 28 2 1 0 0
K 0 0 48
A D 2 8
J N 7 5448 49 4 1729 576 0
K 0 0 43
K 0 0 59
K 0 -21 59
A D 2 8
J N 7 5492 42 5 3457 576 0
K -18 0 63
K 0 0 43
K 0 0 59
K 0 -21 59
A D 2 8
J N 7 5519 35 4 5185 576 1 8
K 0 0 43
K 0 0 59
K 0 -21 59
A D 2 8
J B 45 5550 1 82 6913 576 0
J N 7 5571 35 4 1 0 1 8
K 0 0 43
K 0 0 59
K 0 -21 59
A D 2 8
H 8 T 35 0 0 0 0 0 9 0
J N 7 5615 42 5 1729 576 0
K -18 0 63
K 0 0 43
K 0 0 59
K 0 -21 59
A D 2 8
J N 8 5642 35 4 3457 576 0
K 0 0 42
K 0 0 59
K 0 -21 59
A D 4 8
J B 46 5681 1 82 6913 1152 0
J R 9 5702 28 2 1 10000 0
K 0 0 46
A D 8 8
J B 47 5807 1 82 6913 2304 0
J N 7 5828 0 4 1 0 0
K 0 0 43
K 0 0 60
K 0 21 60
A D 2 8
J R 7 5855 28 2 1729 576 0
K 0 0 48
A D 2 8
J N 7 5882 7 4 3457 576 0
K 0 0 43
K 0 0 60
K 0 21 60
A D 2 8
J N 7 5909 -14 7 5185 576 0
K 0 0 45
K 0 0 43
K -1 0 45
K 2 0 45
K 0 0 60
K 0 21 60
A D 2 8
J B 48 5940 1 82 6913 576 0
J N 7 5961 0 4 1 0 0
K 0 0 43
K 0 0 60
K 0 21 60
A D 2 8
J N 7 5988 49 4 1729 576 0
K 0 0 43
K 0 0 59
K 0 -21 59
A D 2 8
J R 8 6015 28 2 3457 576 0
K 0 0 47
A D 4 8
J B 49 6054 1 82 6913 1152 0
J R 9 6075 28 2 1 10000 0
K 0 0 46
A D 8 8
J B 50 6180 1 82 6913 2304 0
J R 8 6201 28 2 1 0 0
K 0 0 47
A D 4 8
J N 7 6236 -21 7 3457 1152 0
K 0 7 45
K 0 0 43
K 0 7 45
K 1 7 45
K 0 0 60
K 0 21 60
A D 2 8
J R 7 6263 28 2 5185 576 0
K 0 0 48
A D 2 8
J B 51 6294 1 82 6913 576 0
J N 7 6315 -21 7 1 0 0
K 0 7 45
K 0 0 43
K 0 7 45
K 1 7 45
K 0 0 60
K 0 21 60
A D 2 8
J R 7 6342 28 2 1729 576 0
K 0 0 48
A D 2 8
J N 7 6369 0 4 3457 576 0
K 0 0 43
K 0 0 60
K 0 21 60
A D 2 8
J N 7 6413 -14 8 5185 576 0
K 0 0 45
K -18 0 63
K 0 0 43
K -1 0 45
K 2 0 45
K 0 0 60
K 0 21 60
A D 2 8
J B 52 6444 1 82 6913 576 0
J N 7 6465 -21 7 1 0 0
K 0 7 45
K 0 0 43
K 0 7 45
K 1 7 45
K 0 0 60
K 0 21 60
A D 2 8
J R 7 6492 28 2 1729 576 0
K 0 0 48
A D 2 8
J R 8 6519 28 2 3457 576 0
K 0 0 47
A D 4 8
J B 53 6558 1 82 6913 1152 0
J R 9 6579 28 2 1 10000 0
K 0 0 46
A D 8 8
J B 54 6684 1 82 6913 2304 0
J R 8 6705 28 2 1 0 0
K 0 0 47
A D 4 8
J N 7 6740 -21 7 3457 1152 0
K 0 7 45
K 0 0 43
K 0 7 45
K 1 7 45
K 0 0 60
K 0 21 60
A D 2 8
J R 7 6767 28 2 5185 576 0
K 0 0 48
A D 2 8
J B 55 6798 1 82 6913 576 0
J N 7 6819 -21 7 1 0 0
K 0 7 45
K 0 0 43
K 0 7 45
K 1 7 45
K 0 0 60
K 0 21 60
A D 2 8
J R 7 6846 28 2 1729 576 0
K 0 0 48
A D 2 8
J N 7 6873 0 4 3457 576 0
K 0 0 43
K 0 0 60
K 0 21 60
A D 2 8
J N 7 6917 -14 8 5185 576 0
K 0 0 45
K -18 0 63
K 0 0 43
K -1 0 45
K 2 0 45
K 0 0 60
K 0 21 60
A D 2 8
J B 56 6948 1 82 6913 576 0
J N 7 6969 -21 7 1 0 0
K 0 7 45
K 0 0 43
K 0 7 45
K 1 7 45
K 0 0 60
K 0 21 60
A D 2 8
J R 7 6996 28 2 1729 576 0
K 0 0 48
A D 2 8
J R 8 7023 28 2 3457 576 0
K 0 0 47
A D 4 8
J B 57 7062 1 82 6913 1152 0
J N 7 7083 -21 7 1 0 0
K 0 7 45
K 0 0 43
K 0 7 45
K 1 7 45
K 0 0 60
K 0 21 60
A D 2 8
J R 7 7110 28 2 1729 576 0
K 0 0 48
A D 2 8
J R 8 7137 28 2 3457 576 0
K 0 0 47
A D 4 8
J B 58 7176 1 82 6913 1152 0
J N 7 7197 -14 7 1 0 0
K 0 0 45
K 0 0 43
K -1 0 45
K 2 0 45
K 0 0 60
K 0 21 60
A D 2 8
J R 7 7224 28 2 1729 576 0
K 0 0 48
A D 2 8
J R 8 7251 28 2 3457 576 0
K 0 0 47
A D 4 8
J B 59 7290 1 82 6913 1152 0
J N 7 7311 -14 7 1 0 0
K 0 0 45
K 0 0 43
K -1 0 45
K 2 0 45
K 0 0 60
K 0 21 60
A D 2 8
J R 7 7338 28 2 1729 576 0
K 0 0 48
A D 2 8
J R 8 7365 28 2 3457 576 0
K 0 0 47
A D 4 8
J B 60 7404 1 82 6913 1152 0
J N 7 7425 -7 4 1 0 0
K 0 0 43
K 0 0 60
K 0 21 60
A D 2 8
J R 7 7452 28 2 1729 576 0
K 0 0 48
A D 2 8
J R 8 7479 28 2 3457 576 0
K 0 0 47
A D 4 8
J B 61 7518 1 82 6913 1152 0
J N 7 7539 -7 4 1 0 0
K 0 0 43
K 0 0 60
K 0 21 60
A D 2 8
J R 7 7566 28 2 1729 576 0
K 0 0 48
A D 2 8
J R 8 7593 28 2 3457 576 0
K 0 0 47
A D 4 8
J B 62 7632 1 82 6913 1152 0
J N 7 7653 0 4 1 0 0
K 0 0 43
K 0 0 60
K 0 21 60
A D 2 8
J R 7 7680 28 2 1729 576 0
K 0 0 48
A D 2 8
J R 8 7707 28 2 3457 576 0
K 0 0 47
A D 4 8
J B 63 7746 1 82 6913 1152 0
J N 7 7767 0 4 1 0 0
K 0 0 43
K 0 0 60
K 0 21 60
A D 2 8
J N 7 7794 28 4 1729 576 0
K 0 0 43
K 0 0 60
K 0 21 60
A D 2 8
J N 7 7821 7 5 3457 576 0
K 0 0 43
K 25 0 44
K 0 0 60
K 0 21 60
A D 3 8
J N 6 7859 14 3 6049 864 0
K 0 0 43
K 0 0 54
A D 1 8
J B 64 7890 1 82 6913 288 0
J N 7 7911 21 4 1 0 0
K 0 0 43
K 0 0 60
K 0 21 60
A D 2 8
J R 7 7938 28 2 1729 576 0
K 0 0 48
A D 2 8
J R 8 7965 28 2 3457 576 0
K 0 0 47
A D 4 8
J B 65 8004 1 82 6913 1152 0
J R 9 8025 28 2 1 10000 0
K 0 0 46
A D 8 8
J B 66 8130 1 82 6913 2304 0
J R 8 8151 28 2 1 0 0
K 0 0 47
A D 4 8
J N 7 8186 -14 7 3457 1152 0
K 0 0 45
K 0 0 43
K -1 0 45
K 2 0 45
K 0 0 60
K 0 21 60
A D 2 8
J N 7 8213 -35 9 5185 576 0
K 0 21 45
K 0 7 45
K 0 0 43
K 0 7 45
K 1 7 45
K 0 0 60
K 0 28 60
K 0 35 60
A D 2 8
J B 67 8244 1 82 6913 576 0
J N 7 8265 -21 7 1 0 0
K 0 7 45
K 0 0 43
K 0 7 45
K 1 7 45
K 0 0 60
K 0 21 60
A D 2 8
J N 8 8292 -35 9 1729 576 0
K 0 21 45
K 0 7 45
K 0 0 42
K 0 7 45
K 1 7 45
K 0 0 60
K 0 28 60
K 0 35 60
A D 4 8
J N 7 8327 -28 8 5185 1152 0
K 0 14 45
K 0 0 45
K 0 0 43
K -1 0 45
K 2 0 45
K 0 0 60
K 0 28 60
A D 2 8
J B 68 8358 1 82 6913 576 0
J N 7 8379 -35 9 1 0 0
K 0 21 45
K 0 7 45
K 0 0 43
K 0 7 45
K 1 7 45
K 0 0 60
K 0 28 60
K 0 35 60
A D 2 8
J R 7 8406 28 2 1729 576 0
K 0 0 48
A D 2 8
J R 8 8433 28 2 3457 576 0
K 0 0 47
A D 4 8
J B 69 8472 1 82 6913 1152 0
J R 9 8493 28 2 1 10000 0
K 0 0 46
A D 8 8
J B 70 8598 1 82 6913 2304 0
J R 8 8619 28 2 1 0 0
K 0 0 47
A D 4 8
J R 7 8654 28 2 3457 1152 0
K 0 0 48
A D 2 8
J N 7 8681 42 4 5185 576 1 9
K 0 0 43
K 0 0 59
K 0 -21 59
A D 2 8
J B 71 8712 1 82 6913 576 0
J N 7 8733 42 4 1 0 1 9
K 0 0 43
K 0 0 59
K 0 -21 59
A D 2 8
H 9 T 42 0 0 0 0 0 13 0
J N 7 8760 49 4 1729 576 0
K 0 0 43
K 0 0 59
K 0 -21 59
A D 2 8
J N 7 8787 56 5 3457 576 0
K 0 0 43
K 24 -6 44
K 0 0 59
K 0 -21 59
A D 3 8
J N 6 8819 35 3 6049 864 0
K 0 0 43
K 0 0 53
A D 1 8
J B 72 8860 1 82 6913 288 0
J N 7 8881 49 4 1 0 0
K 0 0 43
K 0 0 59
K 0 -21 59
A D 2 8
J R 7 8908 28 2 1729 576 0
K 0 0 48
A D 2 8
J R 8 8935 28 2 3457 576 0
K 0 0 47
A D 4 8
J B 73 8974 1 82 6913 1152 0
J R 9 8995 28 2 1 10000 0
K 0 0 46
A D 8 8
J B 74 9100 1 82 6913 2304 0
J R 8 9121 28 2 1 0 0
K 0 0 47
A D 4 8
J R 7 9156 28 2 3457 1152 0
K 0 0 48
A D 2 8
J N 7 9183 42 5 5185 576 1 10
K 0 0 43
K 0 50 110
K 0 0 59
K 0 -21 59
A D 2 8
J B 75 9214 1 82 6913 576 0
J N 7 9235 42 4 1 0 1 10
K 0 0 43
K 0 0 59
K 0 -21 59
A D 2 8
H 10 T 42 0 0 0 0 0 13 0
J N 7 9262 49 4 1729 576 0
K 0 0 43
K 0 0 59
K 0 -21 59
A D 2 8
J N 7 9289 56 5 3457 576 0
K 0 0 43
K 24 -6 44
K 0 0 59
K 0 -21 59
A D 3 8
J N 6 9321 35 3 6049 864 0
K 0 0 43
K 0 0 53
A D 1 8
J B 76 9362 1 82 6913 288 0
J N 7 9383 49 4 1 0 0
K 0 0 43
K 0 0 59
K 0 -21 59
A D 2 8
J R 7 9410 28 2 1729 576 0
K 0 0 48
A D 2 8
J N 7 9437 56 4 3457 576 0
K 0 0 43
K 0 0 59
K 0 -21 59
A D 2 8
J R 7 9464 28 2 5185 576 0
K 0 0 48
A D 2 8
J B 77 9495 1 82 6913 576 0
J N 9 9516 49 2 1 0 0
K 0 0 41
A D 8 8
J B 0 9582 6 2 6913 2304 0
K -13 0 82
K -6 0 84
J M 0 9582 0 0 10000 0 0
