@ SOURCE: not identified 
L 0 0 14 !39Basso
J D 4 500 -120 1 6913 0 0
W 0 0 44 
J D 1 75 -37 1 6913 0 0
W 0 -56 44 :  Basso
J C 22 5 14 36 6913 0 0
J K 2 57 0 2 6913 0 0
K 0 14 63
K 15 35 63
J D 5 103 -42 1 6913 0 0
W 0 0 37 Allegro
J T 0 103 42 1 6913 0 0
K 0 0 38
J R 9 151 28 2 1 10000 0
K 0 0 46
A D 8 8
J B 2 256 1 82 6913 2304 0
J R 9 277 28 2 1 10000 0
K 0 0 46
A D 8 8
J B 3 382 1 82 6913 2304 0
J R 9 403 28 2 1 10000 0
K 0 0 46
A D 8 8
J B 4 508 1 82 6913 2304 0
J R 9 529 28 2 1 10000 0
K 0 0 46
A D 8 8
J B 5 634 1 82 6913 2304 0
J R 9 655 28 2 1 10000 0
K 0 0 46
A D 8 8
J B 6 760 1 82 6913 2304 0
J R 7 781 28 2 1 0 0
K 0 0 48
A D 2 8
J N 7 808 14 4 1729 576 0
K 0 0 43
K 0 0 60
K 0 21 60
A D 2 8
J F 0 835 98 1 3457 576 0
K 0 0 206
J N 7 835 -7 4 3457 0 0
K 0 0 43
K 0 0 60
K 0 21 60
A D 2 8
J F 0 862 98 1 5185 576 0
K 0 0 206
J N 7 862 21 4 5185 0 0
K 0 0 43
K 0 0 60
K 0 21 60
A D 2 8
J B 7 893 1 82 6913 576 0
J F 0 914 98 1 1 0 0
K 0 0 206
J N 7 914 0 4 1 0 0
K 0 0 43
K 0 0 60
K 0 21 60
A D 2 8
J F 0 941 98 1 1729 576 0
K 0 0 206
J N 7 941 28 4 1729 0 0
K 0 0 43
K 0 0 60
K 0 21 60
A D 2 8
J F 0 968 98 1 3457 576 0
K 0 0 206
J N 7 968 56 4 3457 0 0
K 0 0 43
K 0 0 59
K 0 -21 59
A D 2 8
J F 0 995 98 1 5185 576 0
K 0 0 205
J N 7 995 7 4 5185 0 1 1
K 0 0 43
K 0 0 60
K 0 21 60
A D 2 8
J B 8 1026 1 82 6913 576 0
J F 0 1047 98 2 1 0 0
K 0 0 203
K 0 21 201
J N 7 1047 7 4 1 0 1 1
K 0 0 43
K 0 0 60
K 0 21 60
A D 2 8
H 1 T 7 0 0 0 0 0 1 0
J F 0 1074 98 1 1729 576 0
K 0 0 205
J N 6 1074 14 2 1729 0 1 2
K 0 0 43
A D 1 8
J N 6 1101 7 2 2593 288 1 2
K 0 0 43
A D 1 8
H 2 B 1 0 108 2 2 3
J F 0 1128 98 1 3457 288 0
K 0 0 203
J N 7 1128 0 4 3457 0 0
K 0 0 43
K 0 0 60
K 0 21 60
A D 2 8
J F 0 1155 98 1 5185 576 0
K 0 0 202
J N 7 1155 49 4 5185 0 0
K 0 0 43
K 0 0 59
K 0 -21 59
A D 2 8
J B 9 1186 1 82 6913 576 0
J N 8 1207 28 4 1 0 0
K 0 0 42
K 0 0 60
K 0 21 60
A D 4 8
J R 8 1242 28 2 3457 1152 0
K 0 0 47
A D 4 8
J B 10 1281 1 82 6913 1152 0
J R 9 1302 28 2 1 10000 0
K 0 0 46
A D 8 8
J B 11 1407 1 82 6913 2304 0
J R 9 1428 28 2 1 10000 0
K 0 0 46
A D 8 8
J B 12 1533 1 82 6913 2304 0
J R 9 1554 28 2 1 10000 0
K 0 0 46
A D 8 8
J B 13 1659 1 82 6913 2304 0
J R 8 1680 28 2 1 0 0
K 0 0 47
A D 4 8
J N 7 1715 -21 7 3457 1152 0
K 0 7 45
K 0 0 43
K 0 7 45
K 1 7 45
K 0 0 60
K 0 21 60
A D 2 8
J R 7 1742 28 2 5185 576 0
K 0 0 48
A D 2 8
J B 14 1773 1 82 6913 576 0
J N 7 1794 0 4 1 0 0
K 0 0 43
K 0 0 60
K 0 21 60
A D 2 8
J R 7 1821 28 2 1729 576 0
K 0 0 48
A D 2 8
J N 7 1848 -7 4 3457 576 0
K 0 0 43
K 0 0 60
K 0 21 60
A D 2 8
J R 7 1875 28 2 5185 576 0
K 0 0 48
A D 2 8
J B 15 1906 1 82 6913 576 0
J N 7 1927 14 4 1 0 0
K 0 0 43
K 0 0 60
K 0 21 60
A D 2 8
J R 7 1954 28 2 1729 576 0
K 0 0 48
A D 2 8
J N 7 1981 7 4 3457 576 0
K 0 0 43
K 0 0 60
K 0 21 60
A D 2 8
J R 7 2008 28 2 5185 576 0
K 0 0 48
A D 2 8
J B 16 2039 1 82 6913 576 0
J F 0 2060 98 1 1 0 0
K 0 0 206
J N 7 2060 0 4 1 0 0
K 0 0 43
K 0 0 60
K 0 21 60
A D 2 8
J N 7 2087 28 4 1729 576 0
K 0 0 43
K 0 0 60
K 0 21 60
A D 2 8
J F 0 2114 98 1 3457 576 0
K 0 0 203
J N 8 2114 49 4 3457 0 0
K 0 0 42
K 0 0 59
K 0 -21 59
A D 4 8
J F 0 2141 98 1 5185 576 0
K 0 0 202
J B 17 2172 1 82 6913 576 0
J N 8 2193 28 4 1 0 0
K 0 0 42
K 0 0 60
K 0 21 60
A D 4 8
J R 8 2228 28 2 3457 1152 0
K 0 0 47
A D 4 8
J B 18 2267 1 82 6913 1152 0
J R 8 2288 28 2 1 0 0
K 0 0 47
A D 4 8
J N 7 2323 -7 4 3457 1152 0
K 0 0 43
K 0 0 60
K 0 21 60
A D 2 8
J F 0 2350 98 1 5185 576 0
K 0 0 213
J N 7 2350 14 4 5185 0 0
K 0 0 43
K 0 0 60
K 0 21 60
A D 2 8
J B 19 2381 1 82 6913 576 0
J N 7 2402 -7 4 1 0 0
K 0 0 43
K 0 0 60
K 0 21 60
A D 2 8
J N 7 2429 42 4 1729 576 0
K 0 0 43
K 0 0 59
K 0 -21 59
A D 2 8
J R 8 2456 28 2 3457 576 0
K 0 0 47
A D 4 8
J B 20 2495 1 82 6913 1152 0
J R 8 2516 28 2 1 0 0
K 0 0 47
A D 4 8
J N 7 2551 -28 8 3457 1152 0
K 0 14 45
K 0 0 45
K 0 0 43
K -1 0 45
K 2 0 45
K 0 0 60
K 0 28 60
A D 2 8
J F 0 2578 98 1 5185 576 0
K 0 0 213
J N 7 2578 -7 4 5185 0 0
K 0 0 43
K 0 0 60
K 0 21 60
A D 2 8
J B 21 2609 1 82 6913 576 0
J N 7 2630 -28 8 1 0 0
K 0 14 45
K 0 0 45
K 0 0 43
K -1 0 45
K 2 0 45
K 0 0 60
K 0 28 60
A D 2 8
J N 7 2657 21 4 1729 576 0
K 0 0 43
K 0 0 60
K 0 21 60
A D 2 8
J R 8 2684 28 2 3457 576 0
K 0 0 47
A D 4 8
J B 22 2723 1 82 6913 1152 0
J R 8 2744 28 2 1 0 0
K 0 0 47
A D 4 8
J N 7 2779 0 4 3457 1152 0
K 0 0 43
K 0 0 60
K 0 21 60
A D 2 8
J F 0 2806 98 1 5185 576 0
K 0 0 213
J N 7 2806 21 4 5185 0 0
K 0 0 43
K 0 0 60
K 0 21 60
A D 2 8
J B 23 2837 1 82 6913 576 0
J N 7 2858 0 4 1 0 0
K 0 0 43
K 0 0 60
K 0 21 60
A D 2 8
J N 7 2885 49 4 1729 576 0
K 0 0 43
K 0 0 59
K 0 -21 59
A D 2 8
J R 8 2912 28 2 3457 576 0
K 0 0 47
A D 4 8
J B 24 2951 1 82 6913 1152 0
J R 8 2972 28 2 1 0 0
K 0 0 47
A D 4 8
J N 7 3007 -35 9 3457 1152 0
K 0 21 45
K 0 7 45
K 0 0 43
K 0 7 45
K 1 7 45
K 0 0 60
K 0 28 60
K 0 35 60
A D 2 8
J F 0 3034 98 1 5185 576 0
K 0 0 213
J N 7 3034 -14 7 5185 0 0
K 0 0 45
K 0 0 43
K -1 0 45
K 2 0 45
K 0 0 60
K 0 21 60
A D 2 8
J B 25 3065 1 82 6913 576 0
J N 7 3086 14 4 1 0 0
K 0 0 43
K 0 0 60
K 0 21 60
A D 2 8
J F 0 3113 98 2 1729 576 0
K 0 0 205
K 0 21 213
J N 7 3113 21 4 1729 0 0
K 0 0 43
K 0 0 60
K 0 21 60
A D 2 8
J F 0 3140 98 1 3457 576 0
K 0 0 206
J N 7 3140 28 4 3457 0 0
K 0 0 43
K 0 0 60
K 0 21 60
A D 2 8
J F 0 3167 98 1 5185 576 0
K 0 0 206
J N 7 3167 56 5 5185 0 0
K -18 0 63
K 0 0 43
K 0 0 59
K 0 -21 59
A D 2 8
J B 26 3198 1 82 6913 576 0
J F 0 3219 98 2 1 0 0
K 0 0 206
K 0 21 213
J N 7 3219 35 4 1 0 0
K 0 0 43
K 0 0 59
K 0 -21 59
A D 2 8
J N 7 3246 14 4 1729 576 0
K 0 0 43
K 0 0 60
K 0 21 60
A D 2 8
J F 0 3273 98 1 3457 576 0
K 0 0 203
J N 7 3273 -14 7 3457 0 0
K 0 0 45
K 0 0 43
K -1 0 45
K 2 0 45
K 0 0 60
K 0 21 60
A D 2 8
J F 0 3300 98 1 5185 576 0
K 0 0 213
J N 7 3300 35 4 5185 0 0
K 0 0 43
K 0 0 59
K 0 -21 59
A D 2 8
J B 27 3331 1 82 6913 576 0
J R 7 3352 28 2 1 0 0
K 0 0 48
A D 2 8
J F 0 3379 114 1 1729 576 0
K 0 0 205
J N 7 3379 14 5 1729 0 0
K 0 0 43
K 0 70 108
K 0 0 60
K 0 21 60
A D 2 8
J F 0 3406 98 2 3457 576 0
K 0 0 205
K 0 21 213
J N 7 3406 21 4 3457 0 0
K 0 0 43
K 0 0 60
K 0 21 60
A D 2 8
J F 0 3433 98 1 5185 576 0
K 0 0 205
J N 7 3433 28 4 5185 0 0
K 0 0 43
K 0 0 60
K 0 21 60
A D 2 8
J B 28 3464 1 82 6913 576 0
J F 0 3485 98 2 1 0 0
K 0 0 206
K 0 21 213
J N 7 3485 35 4 1 0 0
K 0 0 43
K 0 0 59
K 0 -21 59
A D 2 8
J N 7 3512 63 4 1729 576 0
K 0 0 43
K 0 0 59
K 0 -21 59
A D 2 8
J F 0 3539 98 1 3457 576 0
K 0 0 203
J N 8 3539 35 4 3457 0 0
K 0 0 42
K 0 0 59
K 0 -21 59
A D 4 8
J F 0 3566 98 1 5185 576 0
K 0 0 213
J B 29 3597 1 82 6913 576 0
J N 8 3618 63 4 1 0 0
K 0 0 42
K 0 0 59
K 0 -21 59
A D 4 8
J R 8 3653 28 2 3457 1152 0
K 0 0 47
A D 4 8
J B 30 3692 1 82 6913 1152 0
J R 9 3713 28 2 1 10000 0
K 0 0 46
A D 8 8
J B 31 3818 1 82 6913 2304 0
J R 9 3839 28 2 1 10000 0
K 0 0 46
A D 8 8
J B 32 3944 1 82 6913 2304 0
J R 9 3965 28 2 1 10000 0
K 0 0 46
A D 8 8
J B 33 4070 1 82 6913 2304 0
J R 9 4091 28 2 1 10000 0
K 0 0 46
A D 8 8
J B 34 4196 1 82 6913 2304 0
J R 8 4217 28 2 1 0 0
K 0 0 47
A D 4 8
J R 7 4252 28 2 3457 1152 0
K 0 0 48
A D 2 8
J N 7 4279 14 7 5185 576 0
K 0 0 43
K -11 72 195
K 0 77 253
K 22 72 196
K 0 0 60
K 0 21 60
A D 2 8
J B 35 4310 1 82 6913 576 0
J F 0 4331 98 1 1 0 0
K 0 0 206
J N 7 4331 -7 4 1 0 0
K 0 0 43
K 0 0 60
K 0 21 60
A D 2 8
J F 0 4358 98 1 1729 576 0
K 0 0 206
J N 7 4358 21 4 1729 0 0
K 0 0 43
K 0 0 60
K 0 21 60
A D 2 8
J F 0 4385 98 1 3457 576 0
K 0 0 206
J N 7 4385 0 4 3457 0 0
K 0 0 43
K 0 0 60
K 0 21 60
A D 2 8
J F 0 4412 98 1 5185 576 0
K 0 0 206
J N 7 4412 28 4 5185 0 0
K 0 0 43
K 0 0 60
K 0 21 60
A D 2 8
J B 36 4443 1 82 6913 576 0
J F 0 4464 98 1 1 0 0
K 0 0 206
J N 7 4464 56 4 1 0 0
K 0 0 43
K 0 0 59
K 0 -21 59
A D 2 8
J F 0 4491 98 1 1729 576 0
K 0 0 205
J N 8 4491 7 4 1729 0 0
K 0 0 42
K 0 0 60
K 0 21 60
A D 4 8
J F 0 4518 98 2 3457 576 0
K 0 0 203
K 0 21 201
J F 0 4545 98 1 5185 576 0
K 0 0 205
J N 6 4545 14 2 5185 0 1 3
K 0 0 43
A D 1 8
J N 6 4572 7 2 6049 288 1 3
K 0 0 43
A D 1 8
H 3 B 1 0 108 2 2 3
J B 37 4603 1 82 6913 288 0
J F 0 4624 98 1 1 0 0
K 0 0 203
J N 7 4624 0 4 1 0 0
K 0 0 43
K 0 0 60
K 0 21 60
A D 2 8
J F 0 4651 98 1 1729 576 0
K 0 0 202
J N 7 4651 49 4 1729 0 0
K 0 0 43
K 0 0 59
K 0 -21 59
A D 2 8
J N 7 4678 28 4 3457 576 0
K 0 0 43
K 0 0 60
K 0 21 60
A D 2 8
J R 7 4705 28 2 5185 576 0
K 0 0 48
A D 2 8
J B 38 4736 1 82 6913 576 0
J R 7 4757 28 2 1 0 0
K 0 0 48
A D 2 8
J N 7 4784 49 4 1729 576 0
K 0 0 43
K 0 0 59
K 0 -21 59
A D 2 8
J F 0 4811 98 1 3457 576 0
K 0 0 203
J N 7 4811 21 4 3457 0 0
K 0 0 43
K 0 0 60
K 0 21 60
A D 2 8
J F 0 4838 98 1 5185 576 0
K 0 0 202
J N 7 4838 70 7 5185 0 0
K 1 0 45
K 0 0 43
K -1 0 45
K 2 0 45
K 0 0 59
K 0 -21 59
A D 2 8
J B 39 4869 1 82 6913 576 0
J R 7 4890 28 2 1 0 0
K 0 0 48
A D 2 8
J N 7 4917 42 4 1729 576 0
K 0 0 43
K 0 0 59
K 0 -21 59
A D 2 8
J F 0 4944 98 1 3457 576 0
K 0 0 203
J N 7 4944 14 4 3457 0 0
K 0 0 43
K 0 0 60
K 0 21 60
A D 2 8
J F 0 4971 98 1 5185 576 0
K 0 0 202
J N 7 4971 63 4 5185 0 0
K 0 0 43
K 0 0 59
K 0 -21 59
A D 2 8
J B 40 5002 1 82 6913 576 0
J R 7 5023 28 2 1 0 0
K 0 0 48
A D 2 8
J F 0 5050 98 2 1729 576 0
K 0 0 205
K 0 21 204
J N 7 5050 -14 7 1729 0 0
K 0 0 45
K 0 0 43
K -1 0 45
K 2 0 45
K 0 0 60
K 0 21 60
A D 2 8
J F 0 5077 98 1 3457 576 0
K 0 0 208
J N 7 5077 -21 7 3457 0 0
K 0 7 45
K 0 0 43
K 0 7 45
K 1 7 45
K 0 0 60
K 0 21 60
A D 2 8
J F 0 5104 98 1 5185 576 0
K 0 0 207
J N 7 5104 28 4 5185 0 0
K 0 0 43
K 0 0 60
K 0 21 60
A D 2 8
J B 41 5135 1 82 6913 576 0
J F 0 5156 98 2 1 0 0
K 0 0 206
K 0 21 213
J N 7 5156 21 4 1 0 0
K 0 0 43
K 0 0 60
K 0 21 60
A D 2 8
J N 7 5183 49 4 1729 576 0
K 0 0 43
K 0 0 59
K 0 -21 59
A D 2 8
J F 0 5210 98 1 3457 576 0
K 0 0 203
J N 7 5210 21 4 3457 0 0
K 0 0 43
K 0 0 60
K 0 21 60
A D 2 8
J F 0 5237 98 1 5185 576 0
K 0 0 213
J N 7 5237 70 7 5185 0 0
K 1 0 45
K 0 0 43
K -1 0 45
K 2 0 45
K 0 0 59
K 0 -21 59
A D 2 8
J B 42 5268 1 82 6913 576 0
J N 7 5289 0 5 1 0 0
K 0 0 43
K 0 79 108
K 0 0 60
K 0 21 60
A D 2 8
J R 7 5316 28 2 1729 576 0
K 0 0 48
A D 2 8
J F 0 5343 98 1 3457 576 0
K 0 0 213
J N 7 5343 21 4 3457 0 0
K 0 0 43
K 0 0 60
K 0 21 60
A D 2 8
J R 7 5370 28 2 5185 576 0
K 0 0 48
A D 2 8
J B 43 5401 1 82 6913 576 0
J N 7 5422 14 4 1 0 0
K 0 0 43
K 0 0 60
K 0 21 60
A D 2 8
J R 7 5449 28 2 1729 576 0
K 0 0 48
A D 2 8
J F 0 5476 98 1 3457 576 0
K 0 0 215
J N 7 5476 35 4 3457 0 0
K 0 0 43
K 0 0 59
K 0 -21 59
A D 2 8
J R 7 5507 28 2 5185 576 0
K 0 0 48
A D 2 8
J B 44 5538 1 82 6913 576 0
J N 7 5559 28 4 1 0 0
K 0 0 43
K 0 0 60
K 0 21 60
A D 2 8
J R 7 5586 28 2 1729 576 0
K 0 0 48
A D 2 8
J F 0 5613 98 2 3457 576 0
K 0 0 206
K 0 21 213
J N 7 5613 21 4 3457 0 0
K 0 0 43
K 0 0 60
K 0 21 60
A D 2 8
J N 7 5640 49 4 5185 576 0
K 0 0 43
K 0 0 59
K 0 -21 59
A D 2 8
J B 45 5671 1 82 6913 576 0
J F 0 5692 98 1 1 0 0
K 0 0 203
J N 7 5692 21 4 1 0 0
K 0 0 43
K 0 0 60
K 0 21 60
A D 2 8
J F 0 5719 98 1 1729 576 0
K 0 0 213
J N 7 5719 70 7 1729 0 0
K 1 0 45
K 0 0 43
K -1 0 45
K 2 0 45
K 0 0 59
K 0 -21 59
A D 2 8
J N 8 5746 49 4 3457 576 0
K 0 0 42
K 0 0 59
K 0 -21 59
A D 4 8
J B 46 5785 1 82 6913 1152 0
J R 9 5806 28 2 1 10000 0
K 0 0 46
A D 8 8
J B 47 5911 1 82 6913 2304 0
J N 7 5932 -21 7 1 0 0
K 0 7 45
K 0 0 43
K 0 7 45
K 1 7 45
K 0 0 60
K 0 21 60
A D 2 8
J R 7 5959 28 2 1729 576 0
K 0 0 48
A D 2 8
J F 0 5986 98 1 3457 576 0
K 0 0 205
J N 7 5986 -14 7 3457 0 0
K 0 0 45
K 0 0 43
K -1 0 45
K 2 0 45
K 0 0 60
K 0 21 60
A D 2 8
J N 7 6013 0 4 5185 576 0
K 0 0 43
K 0 0 60
K 0 21 60
A D 2 8
J B 48 6044 1 82 6913 576 0
J N 7 6065 -21 7 1 0 0
K 0 7 45
K 0 0 43
K 0 7 45
K 1 7 45
K 0 0 60
K 0 21 60
A D 2 8
J N 7 6092 28 4 1729 576 0
K 0 0 43
K 0 0 60
K 0 21 60
A D 2 8
J R 8 6119 28 2 3457 576 0
K 0 0 47
A D 4 8
J B 49 6158 1 82 6913 1152 0
J R 9 6179 28 2 1 10000 0
K 0 0 46
A D 8 8
J B 50 6284 1 82 6913 2304 0
J R 8 6305 28 2 1 0 0
K 0 0 47
A D 4 8
J F 0 6340 98 1 3457 1152 0
K 0 0 205
J N 7 6340 28 4 3457 0 0
K 0 0 43
K 0 0 60
K 0 21 60
A D 2 8
J N 7 6367 42 4 5185 576 0
K 0 0 43
K 0 0 59
K 0 -21 59
A D 2 8
J B 51 6398 1 82 6913 576 0
J F 0 6419 98 2 1 0 0
K 0 0 205
K 0 21 204
J N 7 6419 21 4 1 0 0
K 0 0 43
K 0 0 60
K 0 21 60
A D 2 8
J N 7 6446 35 4 1729 576 0
K 0 0 43
K 0 0 59
K 0 -21 59
A D 2 8
J F 0 6473 98 1 3457 576 0
K 0 0 213
J N 7 6473 14 4 3457 0 0
K 0 0 43
K 0 0 60
K 0 21 60
A D 2 8
J N 7 6500 63 4 5185 576 0
K 0 0 43
K 0 0 59
K 0 -21 59
A D 2 8
J B 52 6531 1 82 6913 576 0
J N 7 6552 42 4 1 0 0
K 0 0 43
K 0 0 59
K 0 -21 59
A D 2 8
J R 7 6579 28 2 1729 576 0
K 0 0 48
A D 2 8
J R 8 6606 28 2 3457 576 0
K 0 0 47
A D 4 8
J B 53 6645 1 82 6913 1152 0
J R 9 6666 28 2 1 10000 0
K 0 0 46
A D 8 8
J B 54 6771 1 82 6913 2304 0
J R 8 6792 28 2 1 0 0
K 0 0 47
A D 4 8
J F 0 6827 98 1 3457 1152 0
K 0 0 205
J N 7 6827 28 4 3457 0 0
K 0 0 43
K 0 0 60
K 0 21 60
A D 2 8
J N 7 6854 42 4 5185 576 0
K 0 0 43
K 0 0 59
K 0 -21 59
A D 2 8
J B 55 6885 1 82 6913 576 0
J F 0 6906 98 2 1 0 0
K 0 0 205
K 0 21 204
J N 7 6906 21 4 1 0 0
K 0 0 43
K 0 0 60
K 0 21 60
A D 2 8
J N 7 6933 35 4 1729 576 0
K 0 0 43
K 0 0 59
K 0 -21 59
A D 2 8
J F 0 6960 98 1 3457 576 0
K 0 0 213
J N 7 6960 14 4 3457 0 0
K 0 0 43
K 0 0 60
K 0 21 60
A D 2 8
J N 7 6987 63 4 5185 576 0
K 0 0 43
K 0 0 59
K 0 -21 59
A D 2 8
J B 56 7018 1 82 6913 576 0
J N 7 7039 42 4 1 0 0
K 0 0 43
K 0 0 59
K 0 -21 59
A D 2 8
J R 7 7066 28 2 1729 576 0
K 0 0 48
A D 2 8
J R 8 7093 28 2 3457 576 0
K 0 0 47
A D 4 8
J B 57 7132 1 82 6913 1152 0
J F 0 7153 98 2 1 0 0
K 0 0 206
K 0 21 213
J N 7 7153 35 4 1 0 0
K 0 0 43
K 0 0 59
K 0 -21 59
A D 2 8
J R 7 7180 28 2 1729 576 0
K 0 0 48
A D 2 8
J R 8 7207 28 2 3457 576 0
K 0 0 47
A D 4 8
J B 58 7246 1 82 6913 1152 0
J N 7 7267 14 4 1 0 0
K 0 0 43
K 0 0 60
K 0 21 60
A D 2 8
J R 7 7294 28 2 1729 576 0
K 0 0 48
A D 2 8
J R 8 7321 28 2 3457 576 0
K 0 0 47
A D 4 8
J B 59 7360 1 82 6913 1152 0
J F 0 7381 98 2 1 0 0
K 0 0 206
K 0 21 213
J N 7 7381 42 4 1 0 0
K 0 0 43
K 0 0 59
K 0 -21 59
A D 2 8
J R 7 7408 28 2 1729 576 0
K 0 0 48
A D 2 8
J R 8 7435 28 2 3457 576 0
K 0 0 47
A D 4 8
J B 60 7474 1 82 6913 1152 0
J N 7 7495 21 4 1 0 0
K 0 0 43
K 0 0 60
K 0 21 60
A D 2 8
J R 7 7522 28 2 1729 576 0
K 0 0 48
A D 2 8
J R 8 7549 28 2 3457 576 0
K 0 0 47
A D 4 8
J B 61 7588 1 82 6913 1152 0
J F 0 7609 98 1 1 0 0
K 0 0 206
J N 7 7609 49 4 1 0 0
K 0 0 43
K 0 0 59
K 0 -21 59
A D 2 8
J R 7 7636 28 2 1729 576 0
K 0 0 48
A D 2 8
J R 8 7663 28 2 3457 576 0
K 0 0 47
A D 4 8
J B 62 7702 1 82 6913 1152 0
J N 7 7723 28 4 1 0 0
K 0 0 43
K 0 0 60
K 0 21 60
A D 2 8
J R 7 7750 28 2 1729 576 0
K 0 0 48
A D 2 8
J R 8 7777 28 2 3457 576 0
K 0 0 47
A D 4 8
J B 63 7816 1 82 6913 1152 0
J F 0 7837 98 1 1 0 0
K 0 0 206
J N 7 7837 56 4 1 0 0
K 0 0 43
K 0 0 59
K 0 -21 59
A D 2 8
J R 7 7864 28 2 1729 576 0
K 0 0 48
A D 2 8
J F 0 7900 98 1 3457 576 0
K 0 0 205
J N 7 7900 56 5 3457 0 0
K -18 0 63
K 0 0 43
K 0 0 59
K 0 -21 59
A D 2 8
J R 7 7927 28 2 5185 576 0
K 0 0 48
A D 2 8
J B 64 7958 1 82 6913 576 0
J N 7 7979 49 4 1 0 0
K 0 0 43
K 0 0 59
K 0 -21 59
A D 2 8
J R 7 8006 28 2 1729 576 0
K 0 0 48
A D 2 8
J R 8 8033 28 2 3457 576 0
K 0 0 47
A D 4 8
J B 65 8072 1 82 6913 1152 0
J R 9 8093 28 2 1 10000 0
K 0 0 46
A D 8 8
J B 66 8198 1 82 6913 2304 0
J R 8 8219 28 2 1 0 0
K 0 0 47
A D 4 8
J F 0 8254 98 1 3457 1152 0
K 0 0 205
J N 7 8254 14 4 3457 0 0
K 0 0 43
K 0 0 60
K 0 21 60
A D 2 8
J N 7 8281 28 4 5185 576 0
K 0 0 43
K 0 0 60
K 0 21 60
A D 2 8
J B 67 8312 1 82 6913 576 0
J N 7 8333 7 4 1 0 0
K 0 0 43
K 0 0 60
K 0 21 60
A D 2 8
J N 7 8360 28 4 1729 576 0
K 0 0 43
K 0 0 60
K 0 21 60
A D 2 8
J F 0 8387 98 1 3457 576 0
K 0 0 203
J N 7 8387 0 4 3457 0 0
K 0 0 43
K 0 0 60
K 0 21 60
A D 2 8
J F 0 8414 98 1 5185 576 0
K 0 0 202
J N 7 8414 49 4 5185 0 0
K 0 0 43
K 0 0 59
K 0 -21 59
A D 2 8
J B 68 8445 1 82 6913 576 0
J N 7 8466 28 4 1 0 0
K 0 0 43
K 0 0 60
K 0 21 60
A D 2 8
J R 7 8493 28 2 1729 576 0
K 0 0 48
A D 2 8
J R 8 8520 28 2 3457 576 0
K 0 0 47
A D 4 8
J B 69 8559 1 82 6913 1152 0
J R 9 8580 28 2 1 10000 0
K 0 0 46
A D 8 8
J B 70 8685 1 82 6913 2304 0
J R 8 8706 28 2 1 0 0
K 0 0 47
A D 4 8
J R 7 8741 28 2 3457 1152 0
K 0 0 48
A D 2 8
J N 7 8768 7 4 5185 576 0
K 0 0 43
K 0 0 60
K 0 21 60
A D 2 8
J B 71 8799 1 82 6913 576 0
J F 0 8820 98 1 1 0 0
K 0 0 206
J N 7 8820 0 4 1 0 0
K 0 0 43
K 0 0 60
K 0 21 60
A D 2 8
J N 7 8847 28 4 1729 576 0
K 0 0 43
K 0 0 60
K 0 21 60
A D 2 8
J F 0 8874 98 1 3457 576 0
K 0 0 203
J N 7 8874 0 4 3457 0 0
K 0 0 43
K 0 0 60
K 0 21 60
A D 2 8
J F 0 8901 98 1 5185 576 0
K 0 0 202
J N 7 8901 49 4 5185 0 0
K 0 0 43
K 0 0 59
K 0 -21 59
A D 2 8
J B 72 8932 1 82 6913 576 0
J N 7 8953 28 4 1 0 0
K 0 0 43
K 0 0 60
K 0 21 60
A D 2 8
J R 7 8980 28 2 1729 576 0
K 0 0 48
A D 2 8
J R 8 9007 28 2 3457 576 0
K 0 0 47
A D 4 8
J B 73 9046 1 82 6913 1152 0
J R 9 9067 28 2 1 10000 0
K 0 0 46
A D 8 8
J B 74 9172 1 82 6913 2304 0
J R 8 9193 28 2 1 0 0
K 0 0 47
A D 4 8
J R 7 9228 28 2 3457 1152 0
K 0 0 48
A D 2 8
J N 7 9255 7 4 5185 576 0
K 0 0 43
K 0 0 60
K 0 21 60
A D 2 8
J B 75 9286 1 82 6913 576 0
J F 0 9307 98 1 1 0 0
K 0 0 206
J N 7 9307 0 4 1 0 0
K 0 0 43
K 0 0 60
K 0 21 60
A D 2 8
J N 7 9334 28 4 1729 576 0
K 0 0 43
K 0 0 60
K 0 21 60
A D 2 8
J F 0 9361 98 1 3457 576 0
K 0 0 203
J N 7 9361 0 4 3457 0 0
K 0 0 43
K 0 0 60
K 0 21 60
A D 2 8
J F 0 9388 98 1 5185 576 0
K 0 0 202
J N 7 9388 49 4 5185 0 0
K 0 0 43
K 0 0 59
K 0 -21 59
A D 2 8
J B 76 9419 1 82 6913 576 0
J N 7 9440 28 4 1 0 0
K 0 0 43
K 0 0 60
K 0 21 60
A D 2 8
J R 7 9467 28 2 1729 576 0
K 0 0 48
A D 2 8
J N 7 9494 49 4 3457 576 0
K 0 0 43
K 0 0 59
K 0 -21 59
A D 2 8
J R 7 9521 28 2 5185 576 0
K 0 0 48
A D 2 8
J B 77 9552 1 82 6913 576 0
J N 9 9573 77 6 1 0 0
K 1 -7 45
K 7 -7 45
K 0 0 41
K 0 -7 45
K 1 -7 45
A D 8 8
J B 0 9639 6 2 6913 2304 0
K -13 0 82
K -6 0 84
J M 0 9639 0 0 10000 0 0
