S 0 200 140 2050 1066 7 "[...][....]"             
L 0 0 0 313 313 * 0 14 0             
J C 4 5 42 2 6913 0 0             
K 0 0 33             
K 0 0 34             
J K -1 57 0 1 6913 0 0             
K 0 28 65             
J D 0 -11 -14 1 6913 0 0             
W 0 0 37 \05\08             
J N 7 116 -7 4 1 0 1 53             
K 0 0 43             
K 0 0 60             
K 0 21 60             
A D 2 8             
J M 0 64 0 0 6913 0 1 53             
H 53 T -7 0 0 0 0 0 1 0             
J N 7 155 14 4 1729 576 0             
K 0 0 43             
K 0 0 60             
K 0 21 60             
A D 2 8             
J N 7 194 -7 4 3457 576 0             
K 0 0 43             
K 0 0 60             
K 0 21 60             
A D 2 8             
J N 7 233 14 4 5185 576 0             
K 0 0 43             
K 0 0 60             
K 0 21 60             
A D 2 8             
J B 59 276 1 82 6913 576 0             
J N 7 303 0 5 1 0 0             
K -18 0 63             
K 0 0 43             
K 0 0 60             
K 0 21 60             
A D 2 8             
J N 8 342 -7 4 1729 576 0             
K 0 0 42             
K 0 0 60             
K 0 21 60             
A D 4 8             
J N 7 406 0 4 5185 1152 0             
K 0 0 43             
K 0 0 60             
K 0 21 60             
A D 2 8             
J B 60 449 1 82 6913 576 0             
J N 8 470 -7 4 1 0 0             
K 0 0 42             
K 0 0 60             
K 0 21 60             
A D 4 8             
J N 8 544 42 4 3457 1152 0             
K 0 0 42             
K 0 0 59             
K 0 -21 59             
A D 4 8             
J B 61 611 1 82 6913 1152 0             
J R 8 636 28 2 1 0 0             
K 0 0 47             
A D 4 8             
J N 8 710 42 4 3457 1152 0             
K 0 0 42             
K 0 0 59             
K 0 -21 59             
A D 4 8             
J B 62 786 1 82 6913 1152 0             
J R 8 810 28 2 1 0 0             
K 0 0 47             
A D 4 8             
J N 8 877 42 5 3457 1152 0             
K 0 0 42             
K 0 37 108             
K 0 0 59             
K 0 -21 59             
A D 4 8             
J B 63 943 1 82 6913 1152 0             
J R 8 967 28 2 1 0 0             
K 0 0 47             
A D 4 8             
J N 8 1032 42 4 3457 1152 0             
K 0 0 42             
K 0 0 59             
K 0 -21 59             
A D 4 8             
J B 64 1097 1 82 6913 1152 0             
J R 8 1122 28 2 1 0 0             
K 0 0 47             
A D 4 8             
J N 7 1207 42 5 3457 1152 0             
K 0 0 43             
K 0 44 110             
K 0 0 59             
K 0 -21 59             
A D 2 8             
J N 7 1248 7 5 5185 576 0             
K -15 0 65             
K 0 0 43             
K 0 0 60             
K 0 21 60             
A D 2 8             
J B 65 1290 1 82 6913 576 0             
J N 7 1317 49 5 1 0 0             
K -18 0 63             
K 0 0 43             
K 0 0 59             
K 0 -21 59             
A D 2 8             
J N 8 1355 42 4 1729 576 0             
K 0 0 42             
K 0 0 59             
K 0 -21 59             
A D 4 8             
J N 7 1444 49 4 5185 1152 0             
K 0 0 43             
K 0 0 59             
K 0 -21 59             
A D 2 8             
J B 66 1489 1 82 6913 576 0             
J N 8 1510 42 4 1 0 0             
K 0 0 42             
K 0 0 59             
K 0 -21 59             
A D 4 8             
J R 7 1563 28 2 3457 1152 0             
K 0 0 48             
A D 2 8             
J N 7 1601 7 6 5185 576 0             
K -15 0 65             
K 0 0 43             
K 0 74 108             
K 0 0 60             
K 0 21 60             
A D 2 8             
J B 67 1643 1 82 6913 576 0             
J N 7 1670 49 5 1 0 0             
K -18 0 63             
K 0 0 43             
K 0 0 59             
K 0 -21 59             
A D 2 8             
J N 8 1708 42 4 1729 576 0             
K 0 0 42             
K 0 0 59             
K 0 -21 59             
A D 4 8             
J N 7 1797 49 4 5185 1152 0             
K 0 0 43             
K 0 0 59             
K 0 -21 59             
A D 2 8             
J B 68 1842 1 82 6913 576 0             
J N 8 1863 42 5 1 0 0             
K 0 0 42             
K 24 -6 44             
K 0 0 59             
K 0 -21 59             
A D 6 8             
J B 69 1943 5 2 6913 1728 0             
K -8 0 82             
K 0 0 82             
J C 4 1948 42 2 6913 0 0             
K 0 0 33             
K 0 0 34             
J K 0 2000 0 1 6913 0 0             
K 0 28 64             
J D 5 2029 -42 1 6913 0 0             
J T 1208 2050 0 3 6913 0 0             
K 0 28 73             
K -21 28 72             
K -10 56 79             
E *             
L 160 0 0 313 313 * 0 14 0             
J C 4 5 42 2 6913 0 0             
K 0 0 33             
K 0 0 34             
J K -1 57 0 1 6913 0 0             
K 0 28 65             
J D 0 -11 -14 1 6913 0 0             
W 0 0 0 \05\08             
J N 8 116 -7 4 1 0 0             
K 0 0 42             
K 0 0 60             
K 0 21 60             
A D 4 8             
J R 7 194 28 2 3457 1152 0             
K 0 0 48             
A D 2 8             
J N 7 233 -35 9 5185 576 0             
K 0 21 45             
K 0 7 45             
K 0 0 43             
K 0 7 45             
K 1 7 45             
K 0 0 60             
K 0 28 60             
K 0 35 60             
A D 2 8             
J B 59 276 1 82 6913 576 0             
J N 7 303 -14 7 1 0 0             
K 0 0 45             
K 0 0 43             
K -1 0 45             
K 2 0 45             
K 0 0 60             
K 0 21 60             
A D 2 8             
J N 7 342 -21 7 1729 576 0             
K 0 7 45             
K 0 0 43             
K 0 7 45             
K 1 7 45             
K 0 0 60             
K 0 21 60             
A D 2 8             
J N 8 374 -14 7 3457 576 0             
K 0 0 45             
K 0 0 42             
K -1 0 45             
K 2 0 45             
K 0 0 60             
K 0 21 60             
A D 4 8             
J B 60 449 1 82 6913 1152 0             
J N 8 470 -7 4 1 0 0             
K 0 0 42             
K 0 0 60             
K 0 21 60             
A D 4 8             
J R 8 544 28 2 3457 1152 0             
K 0 0 47             
A D 4 8             
J B 61 611 1 82 6913 1152 0             
J N 8 636 42 4 1 0 0             
K 0 0 42             
K 0 0 59             
K 0 -21 59             
A D 4 8             
J R 8 710 28 2 3457 1152 0             
K 0 0 47             
A D 4 8             
J B 62 786 1 82 6913 1152 0             
J N 8 810 42 4 1 0 0             
K 0 0 42             
K 0 0 59             
K 0 -21 59             
A D 4 8             
J R 8 877 28 2 3457 1152 0             
K 0 0 47             
A D 4 8             
J B 63 943 1 82 6913 1152 0             
J N 8 967 42 5 1 0 0             
K 0 0 42             
K 0 37 108             
K 0 0 59             
K 0 -21 59             
A D 4 8             
J R 8 1032 28 2 3457 1152 0             
K 0 0 47             
A D 4 8             
J B 64 1097 1 82 6913 1152 0             
J N 8 1122 42 4 1 0 0             
K 0 0 42             
K 0 0 59             
K 0 -21 59             
A D 4 8             
J R 7 1207 28 2 3457 1152 0             
K 0 0 48             
A D 2 8             
J N 7 1248 21 5 5185 576 1 20             
K 0 0 43             
K 0 75 110             
K 0 0 60             
K 0 21 60             
A D 2 8             
J B 65 1290 1 82 6913 576 0             
J N 7 1317 21 4 1 0 1 20             
K 0 0 43             
K 0 0 60             
K 0 21 60             
A D 2 8             
H 20 T 21 0 0 0 0 0 1 0             
J N 7 1355 28 4 1729 576 0             
K 0 0 43             
K 0 0 60             
K 0 21 60             
A D 2 8             
J N 8 1413 35 4 3457 576 0             
K 0 0 42             
K 0 0 59             
K 0 -21 59             
A D 4 8             
J B 66 1489 1 82 6913 1152 0             
J N 8 1510 42 4 1 0 0             
K 0 0 42             
K 0 0 59             
K 0 -21 59             
A D 4 8             
J R 7 1563 28 2 3457 1152 0             
K 0 0 48             
A D 2 8             
J N 7 1601 21 5 5185 576 1 21             
K 0 0 43             
K 0 68 108             
K 0 0 60             
K 0 21 60             
A D 2 8             
J B 67 1643 1 82 6913 576 0             
J N 7 1670 21 4 1 0 1 21             
K 0 0 43             
K 0 0 60             
K 0 21 60             
A D 2 8             
H 21 T 21 0 0 0 0 0 1 0             
J N 7 1708 28 4 1729 576 0             
K 0 0 43             
K 0 0 60             
K 0 21 60             
A D 2 8             
J N 8 1766 35 4 3457 576 0             
K 0 0 42             
K 0 0 59             
K 0 -21 59             
A D 4 8             
J B 68 1842 1 82 6913 1152 0             
J N 8 1863 42 5 1 0 0             
K 0 0 42             
K 24 -6 44             
K 0 0 59             
K 0 -21 59             
A D 6 8             
J B 69 1943 5 2 6913 1728 0             
K -8 0 82             
K 0 0 82             
J C 4 1948 42 2 6913 0 0             
K 0 0 33             
K 0 0 34             
J K 0 2000 0 1 6913 0 0             
K 0 28 64             
J D 5 2029 -42 1 6913 0 0             
J T 1208 2050 0 3 6913 0 0             
K 0 28 73             
K -21 28 72             
K -10 56 79             
E *             
L 320 0 0 313 313 * 0 14 0             
J C 22 5 14 36 6913 0 0             
J K -1 57 0 1 6913 0 0             
K 0 42 65             
J D 0 -11 -14 1 6913 0 0             
W 0 0 0 \05\08             
J N 8 116 21 5 1 0 0             
K -15 0 65             
K 0 0 42             
K 0 0 60             
K 0 21 60             
A D 2 4             
J F 0 194 98 1 3457 1152 0             
K 0 0 205             
J N 8 194 42 4 3457 0 0             
K 0 0 42             
K 0 0 59             
K 0 -21 59             
A D 2 4             
J B 59 276 1 82 6913 1152 0             
J F 0 303 98 3 1 0 0             
K 0 0 205             
K 0 21 214             
K 0 42 219             
J N 8 303 35 4 1 0 0             
K 0 0 42             
K 0 0 59             
K 0 -21 59             
A D 2 4             
J F 0 342 98 2 1729 576 0             
K 0 0 206             
K 0 21 204             
J F 0 374 98 1 3457 576 0             
K 0 0 203             
J N 8 374 28 4 3457 0 0             
K 0 0 42             
K 0 0 60             
K 0 21 60             
A D 2 4             
J F 0 406 98 1 5185 576 0             
K 0 0 213             
J B 60 449 1 82 6913 576 0             
J N 7 470 7 4 1 0 0             
K 0 0 43             
K 0 0 60             
K 0 21 60             
A D 1 4             
J N 7 502 14 4 1729 576 0             
K 0 0 43             
K 0 0 60             
K 0 21 60             
A D 1 4             
J N 7 544 21 5 3457 576 0             
K -15 0 65             
K 0 0 43             
K 0 0 60             
K 0 21 60             
A D 1 4             
J N 7 576 28 4 5185 576 0             
K 0 0 43             
K 0 0 60             
K 0 21 60             
A D 1 4             
J B 61 611 1 82 6913 576 0             
J N 7 636 21 5 1 0 0             
K -15 0 65             
K 0 0 43             
K 0 0 60             
K 0 21 60             
A D 1 4             
J N 7 668 28 4 1729 576 0             
K 0 0 43             
K 0 0 60             
K 0 21 60             
A D 1 4             
J N 7 710 35 4 3457 576 0             
K 0 0 43             
K 0 0 59             
K 0 -21 59             
A D 1 4             
J N 7 751 42 5 5185 576 0             
K -14 0 64             
K 0 0 43             
K 0 0 59             
K 0 -21 59             
A D 1 4             
J B 62 786 1 82 6913 576 0             
J N 7 810 35 4 1 0 0             
K 0 0 43             
K 0 0 59             
K 0 -21 59             
A D 1 4             
J N 7 842 7 4 1729 576 0             
K 0 0 43             
K 0 0 60             
K 0 21 60             
A D 1 4             
J F 0 877 98 1 3457 576 0             
K 0 0 205             
J N 7 877 42 5 3457 0 0             
K -14 0 64             
K 0 0 43             
K 0 0 59             
K 0 -21 59             
A D 1 4             
J N 7 909 7 4 5185 576 0             
K 0 0 43             
K 0 0 60             
K 0 21 60             
A D 1 4             
J B 63 943 1 82 6913 576 0             
J N 7 967 35 7 1 0 0             
K 0 0 43             
K -8 44 195             
K 0 46 251             
K 18 44 196             
K 0 0 59             
K 0 -21 59             
A D 1 4             
J N 7 998 7 4 1729 576 0             
K 0 0 43             
K 0 0 60             
K 0 21 60             
A D 1 4             
J F 0 1032 98 1 3457 576 0             
K 0 0 205             
J N 7 1032 42 5 3457 0 0             
K -14 0 64             
K 0 0 43             
K 0 0 59             
K 0 -21 59             
A D 1 4             
J N 7 1063 7 4 5185 576 0             
K 0 0 43             
K 0 0 60             
K 0 21 60             
A D 1 4             
J B 64 1097 1 82 6913 576 0             
J N 7 1122 35 7 1 0 0             
K 0 0 43             
K -11 44 195             
K 0 50 253             
K 22 44 196             
K 0 0 59             
K 0 -21 59             
A D 1 4             
J N 7 1166 28 4 1729 576 0             
K 0 0 43             
K 0 0 60             
K 0 21 60             
A D 1 4             
J N 7 1207 21 5 3457 576 0             
K -15 0 65             
K 0 0 43             
K 0 0 60             
K 0 21 60             
A D 1 4             
J N 7 1248 35 4 5185 576 0             
K 0 0 43             
K 0 0 59             
K 0 -21 59             
A D 1 4             
J B 65 1290 1 82 6913 576 0             
J F 0 1317 98 2 1 0 0             
K 0 0 206             
K 0 21 213             
J N 7 1317 28 4 1 0 0             
K 0 0 43             
K 0 0 60             
K 0 21 60             
A D 1 4             
J N 7 1355 56 4 1729 576 0             
K 0 0 43             
K 0 0 59             
K 0 -21 59             
A D 1 4             
J F 0 1413 98 1 3457 576 0             
K 0 0 203             
J N 7 1413 28 4 3457 0 0             
K 0 0 43             
K 0 0 60             
K 0 21 60             
A D 1 4             
J F 0 1444 98 1 5185 576 0             
K 0 0 213             
J N 7 1444 28 4 5185 0 0             
K 0 0 43             
K 0 0 60             
K 0 21 60             
A D 1 4             
J B 66 1489 1 82 6913 576 0             
J N 8 1510 7 4 1 0 0             
K 0 0 42             
K 0 0 60             
K 0 21 60             
A D 2 4             
J R 7 1563 28 2 3457 1152 0             
K 0 0 48             
A D 1 4             
J F 0 1601 112 1 5185 576 0             
K 0 0 219             
J N 7 1601 35 5 5185 0 0             
K 0 0 43             
K 0 44 108             
K 0 0 59             
K 0 -21 59             
A D 1 4             
J B 67 1643 1 82 6913 576 0             
J F 0 1670 98 2 1 0 0             
K 0 0 206             
K 0 21 213             
J N 7 1670 28 4 1 0 0             
K 0 0 43             
K 0 0 60             
K 0 21 60             
A D 1 4             
J N 7 1708 56 4 1729 576 0             
K 0 0 43             
K 0 0 59             
K 0 -21 59             
A D 1 4             
J F 0 1766 98 1 3457 576 0             
K 0 0 203             
J N 7 1766 28 4 3457 0 0             
K 0 0 43             
K 0 0 60             
K 0 21 60             
A D 1 4             
J F 0 1797 109 1 5185 576 0             
K 0 0 213             
J N 7 1797 77 7 5185 0 0             
K 1 -7 45             
K 0 0 43             
K 0 -7 45             
K 1 -7 45             
K 0 0 59             
K 0 -21 59             
A D 1 4             
J B 68 1842 1 82 6913 576 0             
J N 8 1863 56 5 1 0 1 1             
K 0 0 42             
K 24 -6 44             
K 0 0 59             
K 0 -21 59             
A D 3 4             
J B 69 1943 5 2 6913 1728 0             
K -8 0 82             
K 0 0 82             
J C 22 1948 14 36 6913 0 0             
J K 0 2000 0 1 6913 0 0             
K 0 42 64             
J D 5 2029 -42 1 6913 0 0             
J T 1208 2050 0 3 6913 0 0             
K 0 28 73             
K -21 28 72             
K -10 56 79             
J M 0 2050 0 0 6913 0 1 1             
H 1 S 0 12 -21 0 0 0 0 2 4             
E *             
L 530 0 0 313 313 * 0 14 0             
J C 4 5 42 2 6913 0 0             
K 0 0 33             
K 0 0 34             
J K -1 57 0 1 6913 0 0             
K 0 28 65             
J D 0 -11 -14 1 6913 0 0             
W 0 0 0 \05\08             
J N 7 116 -7 4 1 0 1 13             
K 0 0 43             
K 0 0 60             
K 0 21 60             
A D 2 8             
J M 0 64 0 0 6913 0 1 13             
H 13 T -7 0 0 0 0 0 1 0             
J N 7 155 14 4 1729 576 0             
K 0 0 43             
K 0 0 60             
K 0 21 60             
A D 2 8             
J N 7 194 -7 4 3457 576 0             
K 0 0 43             
K 0 0 60             
K 0 21 60             
A D 2 8             
J N 7 233 14 4 5185 576 0             
K 0 0 43             
K 0 0 60             
K 0 21 60             
A D 2 8             
J B 59 276 1 82 6913 576 0             
J N 7 303 0 5 1 0 0             
K -18 0 63             
K 0 0 43             
K 0 0 60             
K 0 21 60             
A D 2 8             
J N 8 342 -7 4 1729 576 0             
K 0 0 42             
K 0 0 60             
K 0 21 60             
A D 4 8             
J N 7 406 0 4 5185 1152 0             
K 0 0 43             
K 0 0 60             
K 0 21 60             
A D 2 8             
J B 60 449 1 82 6913 576 0             
J N 8 470 -7 4 1 0 0             
K 0 0 42             
K 0 0 60             
K 0 21 60             
A D 4 8             
J N 8 544 42 4 3457 1152 0             
K 0 0 42             
K 0 0 59             
K 0 -21 59             
A D 4 8             
J B 61 611 1 82 6913 1152 0             
J R 8 636 28 2 1 0 0             
K 0 0 47             
A D 4 8             
J N 8 710 42 4 3457 1152 0             
K 0 0 42             
K 0 0 59             
K 0 -21 59             
A D 4 8             
J B 62 786 1 82 6913 1152 0             
J R 8 810 28 2 1 0 0             
K 0 0 47             
A D 4 8             
J N 8 877 42 5 3457 1152 0             
K 0 0 42             
K 0 37 108             
K 0 0 59             
K 0 -21 59             
A D 4 8             
J B 63 943 1 82 6913 1152 0             
J R 8 967 28 2 1 0 0             
K 0 0 47             
A D 4 8             
J N 8 1032 42 4 3457 1152 0             
K 0 0 42             
K 0 0 59             
K 0 -21 59             
A D 4 8             
J B 64 1097 1 82 6913 1152 0             
J R 8 1122 28 2 1 0 0             
K 0 0 47             
A D 4 8             
J N 7 1207 42 4 3457 1152 0             
K 0 0 43             
K 0 0 59             
K 0 -21 59             
A D 2 8             
J N 7 1248 7 6 5185 576 0             
K -15 0 65             
K 0 0 43             
K 0 78 110             
K 0 0 60             
K 0 21 60             
A D 2 8             
J B 65 1290 1 82 6913 576 0             
J N 7 1317 49 5 1 0 0             
K -18 0 63             
K 0 0 43             
K 0 0 59             
K 0 -21 59             
A D 2 8             
J N 8 1355 42 4 1729 576 0             
K 0 0 42             
K 0 0 59             
K 0 -21 59             
A D 4 8             
J N 7 1444 49 4 5185 1152 0             
K 0 0 43             
K 0 0 59             
K 0 -21 59             
A D 2 8             
J B 66 1489 1 82 6913 576 0             
J N 8 1510 42 4 1 0 0             
K 0 0 42             
K 0 0 59             
K 0 -21 59             
A D 4 8             
J R 7 1563 28 2 3457 1152 0             
K 0 0 48             
A D 2 8             
J N 7 1601 7 6 5185 576 0             
K -15 0 65             
K 0 0 43             
K 0 74 108             
K 0 0 60             
K 0 21 60             
A D 2 8             
J B 67 1643 1 82 6913 576 0             
J N 7 1670 49 5 1 0 0             
K -18 0 63             
K 0 0 43             
K 0 0 59             
K 0 -21 59             
A D 2 8             
J N 8 1708 42 4 1729 576 0             
K 0 0 42             
K 0 0 59             
K 0 -21 59             
A D 4 8             
J N 7 1797 49 4 5185 1152 0             
K 0 0 43             
K 0 0 59             
K 0 -21 59             
A D 2 8             
J B 68 1842 1 82 6913 576 0             
J N 8 1863 42 5 1 0 1 14             
K 0 0 42             
K 24 -6 44             
K 0 0 59             
K 0 -21 59             
A D 6 8             
J B 69 1943 5 2 6913 1728 0             
K -8 0 82             
K 0 0 82             
J C 4 1948 42 2 6913 0 0             
K 0 0 33             
K 0 0 34             
J K 0 2000 0 1 6913 0 0             
K 0 28 64             
J D 5 2029 -42 1 6913 0 0             
J T 1208 2050 0 3 6913 0 0             
K 0 28 73             
K -21 28 72             
K -10 56 79             
J M 0 2050 0 0 6913 0 1 14             
H  14 T -2 0 0 0 0 0 7 0             
E *             
L 690 0 0 313 313 * 0 14 0             
J C 4 5 42 2 6913 0 0             
K 0 0 33             
K 0 0 34             
J K -1 57 0 1 6913 0 0             
K 0 28 65             
J D 0 -11 -14 1 6913 0 0             
W 0 0 0 \05\08             
J N 8 116 -7 4 1 0 0             
K 0 0 42             
K 0 0 60             
K 0 21 60             
A D 4 8             
J R 7 194 28 2 3457 1152 0             
K 0 0 48             
A D 2 8             
J N 7 233 -35 9 5185 576 0             
K 0 21 45             
K 0 7 45             
K 0 0 43             
K 0 7 45             
K 1 7 45             
K 0 0 60             
K 0 28 60             
K 0 35 60             
A D 2 8             
J B 59 276 1 82 6913 576 0             
J N 7 303 -14 7 1 0 0             
K 0 0 45             
K 0 0 43             
K -1 0 45             
K 2 0 45             
K 0 0 60             
K 0 21 60             
A D 2 8             
J N 7 342 -21 7 1729 576 0             
K 0 7 45             
K 0 0 43             
K 0 7 45             
K 1 7 45             
K 0 0 60             
K 0 21 60             
A D 2 8             
J N 8 374 -14 7 3457 576 0             
K 0 0 45             
K 0 0 42             
K -1 0 45             
K 2 0 45             
K 0 0 60             
K 0 21 60             
A D 4 8             
J B 60 449 1 82 6913 1152 0             
J N 8 470 -7 4 1 0 0             
K 0 0 42             
K 0 0 60             
K 0 21 60             
A D 4 8             
J R 8 544 28 2 3457 1152 0             
K 0 0 47             
A D 4 8             
J B 61 611 1 82 6913 1152 0             
J N 8 636 42 4 1 0 0             
K 0 0 42             
K 0 0 59             
K 0 -21 59             
A D 4 8             
J R 8 710 28 2 3457 1152 0             
K 0 0 47             
A D 4 8             
J B 62 786 1 82 6913 1152 0             
J N 8 810 42 4 1 0 0             
K 0 0 42             
K 0 0 59             
K 0 -21 59             
A D 4 8             
J R 8 877 28 2 3457 1152 0             
K 0 0 47             
A D 4 8             
J B 63 943 1 82 6913 1152 0             
J N 8 967 42 5 1 0 0             
K 0 0 42             
K 0 37 108             
K 0 0 59             
K 0 -21 59             
A D 4 8             
J R 8 1032 28 2 3457 1152 0             
K 0 0 47             
A D 4 8             
J B 64 1097 1 82 6913 1152 0             
J N 8 1122 42 4 1 0 0             
K 0 0 42             
K 0 0 59             
K 0 -21 59             
A D 4 8             
J R 7 1207 28 2 3457 1152 0             
K 0 0 48             
A D 2 8             
J N 7 1248 21 5 5185 576 1 10             
K 0 0 43             
K 0 75 110             
K 0 0 60             
K 0 21 60             
A D 2 8             
J B 65 1290 1 82 6913 576 0             
J N 7 1317 21 4 1 0 1 10             
K 0 0 43             
K 0 0 60             
K 0 21 60             
A D 2 8             
H 10 T 21 0 0 0 0 0 1 0             
J N 7 1355 28 4 1729 576 0             
K 0 0 43             
K 0 0 60             
K 0 21 60             
A D 2 8             
J N 8 1413 35 4 3457 576 0             
K 0 0 42             
K 0 0 59             
K 0 -21 59             
A D 4 8             
J B 66 1489 1 82 6913 1152 0             
J N 8 1510 42 4 1 0 0             
K 0 0 42             
K 0 0 59             
K 0 -21 59             
A D 4 8             
J R 7 1563 28 2 3457 1152 0             
K 0 0 48             
A D 2 8             
J N 7 1601 21 5 5185 576 1 11             
K 0 0 43             
K 0 68 108             
K 0 0 60             
K 0 21 60             
A D 2 8             
J B 67 1643 1 82 6913 576 0             
J N 7 1670 21 4 1 0 1 11             
K 0 0 43             
K 0 0 60             
K 0 21 60             
A D 2 8             
H 11 T 21 0 0 0 0 0 1 0             
J N 7 1708 28 4 1729 576 0             
K 0 0 43             
K 0 0 60             
K 0 21 60             
A D 2 8             
J N 8 1766 35 4 3457 576 0             
K 0 0 42             
K 0 0 59             
K 0 -21 59             
A D 4 8             
J B 68 1842 1 82 6913 1152 0             
J N 8 1863 42 5 1 0 1 12             
K 0 0 42             
K 24 -6 44             
K 0 0 59             
K 0 -21 59             
A D 6 8             
J B 69 1943 5 2 6913 1728 0             
K -8 0 82             
K 0 0 82             
J C 4 1948 42 2 6913 0 0             
K 0 0 33             
K 0 0 34             
J K 0 2000 0 1 6913 0 0             
K 0 28 64             
J D 5 2029 -42 1 6913 0 0             
J T 1208 2050 0 3 6913 0 0             
K 0 28 73             
K -21 28 72             
K -10 56 79             
J M 0 2050 0 0 6913 0 1 12             
H  12 T 59 0 0 0 0 0 13 0             
E *             
L 850 0 0 313 313 * 0 14 0             
J C 13 5 28 35 6913 0 0             
J K -1 57 0 1 6913 0 0             
K 0 35 65             
J D 0 -11 -14 1 6913 0 0             
W 0 0 0 \05\08             
J N 8 116 0 4 1 0 0             
K 0 0 42             
K 0 0 60             
K 0 21 60             
A D 4 8             
J N 8 194 21 4 3457 1152 0             
K 0 0 42             
K 0 0 60             
K 0 21 60             
A D 4 8             
J B 59 276 1 82 6913 1152 0             
J N 7 303 14 5 1 0 0             
K -15 0 65             
K 0 0 43             
K 0 0 60             
K 0 21 60             
A D 2 8             
J N 7 342 0 4 1729 576 0             
K 0 0 43             
K 0 0 60             
K 0 21 60             
A D 2 8             
J N 8 374 21 4 3457 576 0             
K 0 0 42             
K 0 0 60             
K 0 21 60             
A D 4 8             
J B 60 449 1 82 6913 1152 0             
J N 8 470 21 4 1 0 0             
K 0 0 42             
K 0 0 60             
K 0 21 60             
A D 4 8             
J R 8 544 28 2 3457 1152 0             
K 0 0 47             
A D 4 8             
J B 61 611 1 82 6913 1152 0             
J N 7 636 0 4 1 0 0             
K 0 0 43             
K 0 0 60             
K 0 21 60             
A D 2 8             
J N 7 668 7 4 1729 576 0             
K 0 0 43             
K 0 0 60             
K 0 21 60             
A D 2 8             
J N 7 710 14 5 3457 576 0             
K -15 0 65             
K 0 0 43             
K 0 0 60             
K 0 21 60             
A D 2 8             
J N 7 751 21 4 5185 576 0             
K 0 0 43             
K 0 0 60             
K 0 21 60             
A D 2 8             
J B 62 786 1 82 6913 576 0             
J N 8 810 14 5 1 0 0             
K -15 0 65             
K 0 0 42             
K 0 0 60             
K 0 21 60             
A D 4 8             
J N 8 877 21 4 3457 1152 0             
K 0 0 42             
K 0 0 60             
K 0 21 60             
A D 4 8             
J B 63 943 1 82 6913 1152 0             
J N 8 967 14 6 1 0 0             
K -15 0 65             
K 0 0 42             
K 0 70 108             
K 0 0 60             
K 0 21 60             
A D 4 8             
J N 8 1032 21 4 3457 1152 0             
K 0 0 42             
K 0 0 60             
K 0 21 60             
A D 4 8             
J B 64 1097 1 82 6913 1152 0             
J N 7 1122 14 6 1 0 0             
K -15 0 65             
K 0 0 43             
K 0 77 110             
K 0 0 60             
K 0 21 60             
A D 2 8             
J N 7 1166 7 5 1729 576 0             
K -18 0 63             
K 0 0 43             
K 0 0 60             
K 0 21 60             
A D 2 8             
J N 7 1207 0 4 3457 576 0             
K 0 0 43             
K 0 0 60             
K 0 21 60             
A D 2 8             
J N 7 1248 14 4 5185 576 0             
K 0 0 43             
K 0 0 60             
K 0 21 60             
A D 2 8             
J B 65 1290 1 82 6913 576 0             
J N 7 1317 42 5 1 0 0             
K -14 0 64             
K 0 0 43             
K 0 0 59             
K 0 -21 59             
A D 2 8             
J N 6 1355 35 2 1729 576 1 3             
K 0 0 43             
A D 1 8             
J N 6 1384 28 2 2593 288 1 3             
K 0 0 43             
A D 1 8             
H 3 B 50 -4 108 2 2 3             
J N 7 1413 21 5 3457 288 0             
K 0 0 43             
K 25 0 44             
K 0 0 60             
K 0 21 60             
A D 3 8             
J N 6 1456 21 3 6049 864 0             
K 0 0 43             
K 0 0 54             
A D 1 8             
J B 66 1489 1 82 6913 288 0             
J N 8 1510 21 4 1 0 0             
K 0 0 42             
K 0 0 60             
K 0 21 60             
A D 4 8             
J R 7 1563 28 2 3457 1152 0             
K 0 0 48             
A D 2 8             
J N 7 1601 14 6 5185 576 0             
K -15 0 65             
K 0 0 43             
K 0 70 108             
K 0 0 60             
K 0 21 60             
A D 2 8             
J B 67 1643 1 82 6913 576 0             
J N 7 1670 42 5 1 0 0             
K -14 0 64             
K 0 0 43             
K 0 0 59             
K 0 -21 59             
A D 2 8             
J N 6 1708 35 2 1729 576 1 4             
K 0 0 43             
A D 1 8             
J N 6 1737 28 2 2593 288 1 4             
K 0 0 43             
A D 1 8             
H 4 B 50 -4 108 2 2 3             
J N 7 1766 21 5 3457 288 0             
K 0 0 43             
K 25 0 44             
K 0 0 60             
K 0 21 60             
A D 3 8             
J N 6 1809 21 3 6049 864 0             
K 0 0 43             
K 0 0 54             
A D 1 8             
J B 68 1842 1 82 6913 288 0             
J N 8 1863 21 5 1 0 1 5             
K 0 0 42             
K 25 0 44             
K 0 0 60             
K 0 21 60             
A D 6 8             
J B 69 1943 5 2 6913 1728 0             
K -8 0 82             
K 0 0 82             
J C 13 1948 28 35 6913 0 0             
J K 0 2000 0 1 6913 0 0             
K 0 35 64             
J D 5 2029 -42 1 6913 0 0             
J T 1208 2050 0 3 6913 0 0             
K 0 28 73             
K -21 28 72             
K -10 56 79             
J M 0 2050 0 0 6913 0 1 5             
H  5 T 7 0 0 0 0 0 1 0             
E *             
L 1010 0 0 313 313 * 0 14 0             
J C 22 5 14 36 6913 0 0             
J K -1 57 0 1 6913 0 0             
K 0 42 65             
J D 0 -11 -14 1 6913 0 0             
W 0 0 0 \05\08             
J N 8 116 21 5 1 0 0             
K -15 0 65             
K 0 0 42             
K 0 0 60             
K 0 21 60             
A D 2 4             
J F 0 194 98 1 3457 1152 0             
K 0 0 205             
J N 8 194 42 4 3457 0 0             
K 0 0 42             
K 0 0 59             
K 0 -21 59             
A D 2 4             
J B 59 276 1 82 6913 1152 0             
J F 0 303 98 3 1 0 0             
K 0 0 205             
K 0 21 214             
K 0 42 219             
J N 8 303 35 4 1 0 0             
K 0 0 42             
K 0 0 59             
K 0 -21 59             
A D 2 4             
J F 0 342 98 2 1729 576 0             
K 0 0 206             
K 0 21 204             
J F 0 374 98 1 3457 576 0             
K 0 0 203             
J N 8 374 28 4 3457 0 0             
K 0 0 42             
K 0 0 60             
K 0 21 60             
A D 2 4             
J F 0 406 98 1 5185 576 0             
K 0 0 213             
J B 60 449 1 82 6913 576 0             
J N 7 470 7 4 1 0 0             
K 0 0 43             
K 0 0 60             
K 0 21 60             
A D 1 4             
J N 7 502 14 4 1729 576 0             
K 0 0 43             
K 0 0 60             
K 0 21 60             
A D 1 4             
J N 7 544 21 5 3457 576 0             
K -15 0 65             
K 0 0 43             
K 0 0 60             
K 0 21 60             
A D 1 4             
J N 7 576 28 4 5185 576 0             
K 0 0 43             
K 0 0 60             
K 0 21 60             
A D 1 4             
J B 61 611 1 82 6913 576 0             
J N 7 636 21 5 1 0 0             
K -15 0 65             
K 0 0 43             
K 0 0 60             
K 0 21 60             
A D 1 4             
J N 7 668 28 4 1729 576 0             
K 0 0 43             
K 0 0 60             
K 0 21 60             
A D 1 4             
J N 7 710 35 4 3457 576 0             
K 0 0 43             
K 0 0 59             
K 0 -21 59             
A D 1 4             
J N 7 751 42 5 5185 576 0             
K -14 0 64             
K 0 0 43             
K 0 0 59             
K 0 -21 59             
A D 1 4             
J B 62 786 1 82 6913 576 0             
J N 7 810 35 4 1 0 0             
K 0 0 43             
K 0 0 59             
K 0 -21 59             
A D 1 4             
J N 7 842 7 4 1729 576 0             
K 0 0 43             
K 0 0 60             
K 0 21 60             
A D 1 4             
J F 0 877 98 1 3457 576 0             
K 0 0 205             
J N 7 877 42 5 3457 0 0             
K -14 0 64             
K 0 0 43             
K 0 0 59             
K 0 -21 59             
A D 1 4             
J N 7 909 7 4 5185 576 0             
K 0 0 43             
K 0 0 60             
K 0 21 60             
A D 1 4             
J B 63 943 1 82 6913 576 0             
J N 7 967 35 7 1 0 0             
K 0 0 43             
K -8 44 195             
K 0 46 251             
K 18 44 196             
K 0 0 59             
K 0 -21 59             
A D 1 4             
J N 7 998 7 4 1729 576 0             
K 0 0 43             
K 0 0 60             
K 0 21 60             
A D 1 4             
J F 0 1032 98 1 3457 576 0             
K 0 0 205             
J N 7 1032 42 5 3457 0 0             
K -14 0 64             
K 0 0 43             
K 0 0 59             
K 0 -21 59             
A D 1 4             
J N 7 1063 7 4 5185 576 0             
K 0 0 43             
K 0 0 60             
K 0 21 60             
A D 1 4             
J B 64 1097 1 82 6913 576 0             
J N 7 1122 35 7 1 0 0             
K 0 0 43             
K -11 44 195             
K 0 50 253             
K 22 44 196             
K 0 0 59             
K 0 -21 59             
A D 1 4             
J N 7 1166 28 4 1729 576 0             
K 0 0 43             
K 0 0 60             
K 0 21 60             
A D 1 4             
J N 7 1207 21 5 3457 576 0             
K -15 0 65             
K 0 0 43             
K 0 0 60             
K 0 21 60             
A D 1 4             
J N 7 1248 35 4 5185 576 0             
K 0 0 43             
K 0 0 59             
K 0 -21 59             
A D 1 4             
J B 65 1290 1 82 6913 576 0             
J F 0 1317 98 2 1 0 0             
K 0 0 206             
K 0 21 213             
J N 7 1317 28 4 1 0 0             
K 0 0 43             
K 0 0 60             
K 0 21 60             
A D 1 4             
J N 7 1355 56 4 1729 576 0             
K 0 0 43             
K 0 0 59             
K 0 -21 59             
A D 1 4             
J F 0 1413 98 1 3457 576 0             
K 0 0 203             
J N 7 1413 28 4 3457 0 0             
K 0 0 43             
K 0 0 60             
K 0 21 60             
A D 1 4             
J F 0 1444 98 1 5185 576 0             
K 0 0 213             
J N 7 1444 28 4 5185 0 0             
K 0 0 43             
K 0 0 60             
K 0 21 60             
A D 1 4             
J B 66 1489 1 82 6913 576 0             
J N 8 1510 7 4 1 0 0             
K 0 0 42             
K 0 0 60             
K 0 21 60             
A D 2 4             
J R 7 1563 28 2 3457 1152 0             
K 0 0 48             
A D 1 4             
J F 0 1601 112 1 5185 576 0             
K 0 0 219             
J N 7 1601 35 5 5185 0 0             
K 0 0 43             
K 0 44 108             
K 0 0 59             
K 0 -21 59             
A D 1 4             
J B 67 1643 1 82 6913 576 0             
J F 0 1670 98 2 1 0 0             
K 0 0 206             
K 0 21 213             
J N 7 1670 28 4 1 0 0             
K 0 0 43             
K 0 0 60             
K 0 21 60             
A D 1 4             
J N 7 1708 56 4 1729 576 0             
K 0 0 43             
K 0 0 59             
K 0 -21 59             
A D 1 4             
J F 0 1766 98 1 3457 576 0             
K 0 0 203             
J N 7 1766 28 4 3457 0 0             
K 0 0 43             
K 0 0 60             
K 0 21 60             
A D 1 4             
J F 0 1797 109 1 5185 576 0             
K 0 0 213             
J N 7 1797 77 7 5185 0 0             
K 1 -7 45             
K 0 0 43             
K 0 -7 45             
K 1 -7 45             
K 0 0 59             
K 0 -21 59             
A D 1 4             
J B 68 1842 1 82 6913 576 0             
J N 8 1863 56 5 1 0 1 1             
K 0 0 42             
K 24 -6 44             
K 0 0 59             
K 0 -21 59             
A D 3 4             
J B 69 1943 5 2 6913 1728 0             
K -8 0 82             
K 0 0 82             
J C 22 1948 14 36 6913 0 0             
J K 0 2000 0 1 6913 0 0             
K 0 42 64             
J D 5 2029 -42 1 6913 0 0             
J T 1208 2050 0 3 6913 0 0             
K 0 28 73             
K -21 28 72             
K -10 56 79             
J M 0 2050 0 0 6913 0 1 1             
H 1 T 56 0 0 0 0 0 13 0             
E *             
B 1 276 0             
B 1 449 0             
B 1 611 0             
B 1 786 0             
B 1 943 0             
B 1 1097 0             
B 1 1290 0             
B 1 1489 0             
B 1 1643 0             
B 1 1842 0             
B 5 1943 0             
X 43 1200C 1510 Pastorale ad libitum     
S 0 200 1630 2050 1066 7 "[...][....]"     
L 0 0 -42 333 333 * 0 14 0             
J C 4 5 42 2 6913 0 0             
K 0 0 33             
K 0 0 34             
J K 0 57 0 0 6913 0 0             
J T 1208 84 0 3 6913 0 0             
K 0 28 73             
K -21 28 72             
K -10 56 79             
J D 0 -11 -14 1 6913 0 0             
W 0 0 37 \06\09             
J D 5 86 -42 17 6913 0 0             
W 0 0 37 Largo             
J N 7 113 28 4 1 0 1 54             
K 0 0 43             
K 0 0 60             
K 0 21 60             
A D 2 8             
J N 6 160 21 3 1153 576 1 54             
K 0 0 43             
K 0 0 54             
A D 1 8             
H 54 S 0 0 0 0 0 0 0 0 0             
J N 7 198 14 4 1729 288 1 55             
K 0 0 43             
K 0 0 60             
K 0 21 60             
A D 2 8             
J N 6 245 28 3 2881 576 1 55             
K 0 0 43             
K 0 0 54             
A D 1 8             
H 55 S 0 0 0 0 0 0 0 0 0             
J N 7 283 7 4 3457 288 1 56             
K 0 0 43             
K 0 0 60             
K 0 21 60             
A D 2 8             
J N 6 330 14 3 4609 576 1 56             
K 0 0 43             
K 0 0 54             
A D 1 8             
H 56 S 0 0 0 0 0 0 0 0 0             
J N 6 362 7 2 5185 288 2 57 58             
K 0 0 43             
A D 1 8             
J N 6 394 14 2 5761 288 1 58             
K 0 0 43             
A D 1 8             
J N 6 426 21 2 6337 288 2 58 57             
K 0 0 43             
A D 1 8             
H 58 B -52 2 108 3 2 1 3             
H 57 S 0 0 0 0 0 0 0 0 0             
J B 2 460 1 82 6913 288 0             
J N 7 481 14 4 1 0 1 59             
K 0 0 43             
K 0 0 60             
K 0 21 60             
A D 2 8             
J N 6 528 21 3 1153 576 1 59             
K 0 0 43             
K 0 0 54             
A D 1 8             
H 59 S 0 0 0 0 0 0 0 0 0             
J N 7 566 14 4 1729 288 1 60             
K 0 0 43             
K 0 0 60             
K 0 21 60             
A D 2 8             
J N 6 613 28 3 2881 576 1 60             
K 0 0 43             
K 0 0 54             
A D 1 8             
H 60 S 0 0 0 0 0 0 0 0 0             
J N 6 647 21 2 3457 288 2 61 62             
K 0 0 43             
A D 1 8             
J N 6 692 14 2 4033 288 1 62             
K 0 0 43             
A D 1 8             
J N 6 724 28 2 4609 288 2 62 61             
K 0 0 43             
A D 1 8             
H 62 B -51 1 108 3 2 1 3             
H 61 S 0 0 -7 0 -7 0 0 0 0             
J N 7 756 35 4 5185 288 0             
K 0 0 43             
K 0 0 59             
K 0 -21 59             
A D 2 8             
J N 6 820 14 3 6337 576 0             
K 0 0 43             
K 0 0 54             
A D 1 8             
J B 3 854 1 82 6913 288 0             
J N 7 875 28 4 1 0 1 63             
K 0 0 43             
K 0 0 60             
K 0 21 60             
A D 2 8             
J N 6 922 21 3 1153 576 1 63             
K 0 0 43             
K 0 0 54             
A D 1 8             
H 63 S 0 0 0 0 0 0 0 0 0             
J N 7 960 14 4 1729 288 1 64             
K 0 0 43             
K 0 0 60             
K 0 21 60             
A D 2 8             
J N 6 1007 28 3 2881 576 1 64             
K 0 0 43             
K 0 0 54             
A D 1 8             
H 64 S 0 0 0 0 0 0 0 0 0             
J N 7 1047 49 5 3457 288 1 65             
K -18 0 63             
K 0 0 43             
K 0 0 59             
K 0 -21 59             
A D 2 8             
J N 6 1094 42 3 4609 576 1 65             
K 0 0 43             
K 0 0 53             
A D 1 8             
H 65 S 12 0 0 0 0 0 0 0 0             
J N 7 1150 35 4 5185 288 1 66             
K 0 0 43             
K 0 0 59             
K 0 -21 59             
A D 2 8             
J N 6 1197 49 3 6337 576 1 66             
K 0 0 43             
K 0 0 53             
A D 1 8             
H 66 S 12 0 0 0 0 0 0 0 0             
J B 4 1242 1 82 6913 288 0             
J N 7 1263 28 4 1 0 1 67             
K 0 0 43             
K 0 0 60             
K 0 21 60             
A D 2 8             
J N 6 1310 35 3 1153 576 1 67             
K 0 0 43             
K 0 0 53             
A D 1 8             
H 67 S 0 0 0 0 0 0 0 0 0             
J N 6 1348 28 2 1729 288 2 68 69             
K 0 0 43             
A D 1 8             
J N 6 1380 35 2 2305 288 1 69             
K 0 0 43             
A D 1 8             
J N 6 1412 42 2 2881 288 2 69 68             
K 0 0 43             
A D 1 8             
H 69 B 47 2 108 3 2 1 3             
H 68 S 12 0 0 0 0 0 0 0 0             
J N 7 1444 35 4 3457 288 1 70             
K 0 0 43             
K 0 0 59             
K 0 -21 59             
A D 2 8             
J N 6 1491 42 3 4609 576 1 70             
K 0 0 43             
K 0 0 53             
A D 1 8             
H 70 S 12 0 0 0 0 0 0 0 0             
J N 7 1529 35 4 5185 288 1 71             
K 0 0 43             
K 0 0 59             
K 0 -21 59             
A D 2 8             
J N 6 1576 49 4 6337 576 1 71             
K -18 0 63             
K 0 0 43             
K 0 0 53             
A D 1 8             
H 71 S 12 0 7 0 0 0 0 0 4             
J B 5 1621 1 82 6913 288 0             
J N 6 1642 42 2 1 0 2 72 73             
K 0 0 43             
A D 1 8             
J N 6 1687 35 2 577 288 1 73             
K 0 0 43             
A D 1 8             
J N 6 1731 49 3 1153 288 2 73 72             
K -18 0 63             
K 0 0 43             
A D 1 8             
H 73 B 49 0 108 3 2 1 3             
H 72 S 12 0 0 0 0 0 0 0 1             
J N 7 1763 56 4 1729 288 0             
K 0 0 43             
K 0 0 59             
K 0 -21 59             
A D 2 8             
J N 6 1826 35 3 2881 576 0             
K 0 0 43             
K 0 0 53             
A D 1 8             
J N 7 1859 49 4 3457 288 1 74             
K 0 0 43             
K 0 0 59             
K 0 -21 59             
A D 2 8             
J N 6 1905 42 3 4609 576 1 74             
K 0 0 43             
K 0 0 53             
A D 1 8             
H 74 S 12 0 0 0 0 0 0 0 0             
J N 7 1960 35 4 5185 288 1 75             
K 0 0 43             
K 0 0 59             
K 0 -21 59             
A D 2 8             
J N 6 2006 49 3 6337 576 1 75             
K 0 0 43             
K 0 0 53             
A D 1 8             
H 75 S 12 0 0 0 0 0 0 0 0             
J B 6 2050 1 82 6913 288 0             
E *             
L 160 0 -42 333 333 * 0 14 0             
J C 4 5 42 2 6913 0 0             
K 0 0 33             
K 0 0 34             
J K 0 57 0 0 6913 0 0             
J T 1208 84 0 3 6913 0 0             
K 0 28 73             
K -21 28 72             
K -10 56 79             
J D 0 -11 -14 1 6913 0 0             
W 0 0 0 \06\09             
J D 5 86 -42 17 6913 0 0             
W 0 0 0 (37) Largo             
J N 7 113 42 4 1 0 1 22             
K 0 0 43             
K 0 0 59             
K 0 -21 59             
A D 2 8             
J N 6 160 35 3 1153 576 1 22             
K 0 0 43             
K 0 0 53             
A D 1 8             
H 22 S 12 0 0 0 0 0 0 0 0             
J N 7 198 28 4 1729 288 1 23             
K 0 0 43             
K 0 0 60             
K 0 21 60             
A D 2 8             
J N 6 245 42 3 2881 576 1 23             
K 0 0 43             
K 0 0 53             
A D 1 8             
H 23 S 0 0 0 0 0 0 0 0 0             
J N 7 283 21 4 3457 288 1 24             
K 0 0 43             
K 0 0 60             
K 0 21 60             
A D 2 8             
J N 6 330 28 3 4609 576 1 24             
K 0 0 43             
K 0 0 54             
A D 1 8             
H 24 S 0 0 0 0 0 0 0 0 0             
J N 6 362 21 2 5185 288 2 25 26             
K 0 0 43             
A D 1 8             
J N 6 394 28 2 5761 288 1 26             
K 0 0 43             
A D 1 8             
J N 6 426 35 2 6337 288 2 26 25             
K 0 0 43             
A D 1 8             
H 26 B -48 4 108 3 2 1 3             
H 25 S 0 0 0 0 0 0 0 0 0             
J B 2 460 1 82 6913 288 0             
J N 7 481 28 4 1 0 1 27             
K 0 0 43             
K 0 0 60             
K 0 21 60             
A D 2 8             
J N 6 528 35 3 1153 576 1 27             
K 0 0 43             
K 0 0 53             
A D 1 8             
H 27 S 0 0 0 0 0 0 0 0 0             
J N 7 566 28 4 1729 288 1 28             
K 0 0 43             
K 0 0 60             
K 0 21 60             
A D 2 8             
J N 6 613 42 3 2881 576 1 28             
K 0 0 43             
K 0 0 53             
A D 1 8             
H 28 S 0 0 0 0 0 0 0 0 0             
J N 6 647 56 2 3457 288 1 29             
K 0 0 43             
A D 1 8             
J N 6 692 49 3 4033 288 1 29             
K -18 0 63             
K 0 0 43             
A D 1 8             
J N 6 724 42 2 4609 288 1 29             
K 0 0 43             
A D 1 8             
H 29 B 56 -2 108 3 2 1 3             
J N 6 756 63 2 5185 288 1 30             
K 0 0 43             
A D 1 8             
J N 6 788 42 2 5761 288 1 30             
K 0 0 43             
A D 1 8             
J N 6 820 49 2 6337 288 1 30             
K 0 0 43             
A D 1 8             
H 30 B 67 0 108 3 2 1 3             
J B 3 854 1 82 6913 288 0             
J N 7 875 42 4 1 0 1 31             
K 0 0 43             
K 0 0 59             
K 0 -21 59             
A D 2 8             
J N 6 922 35 3 1153 576 1 31             
K 0 0 43             
K 0 0 53             
A D 1 8             
H 31 S 12 0 0 0 0 0 0 0 0             
J N 7 960 28 4 1729 288 1 32             
K 0 0 43             
K 0 0 60             
K 0 21 60             
A D 2 8             
J N 6 1007 42 3 2881 576 1 32             
K 0 0 43             
K 0 0 53             
A D 1 8             
H 32 S 0 0 0 0 0 0 0 0 0             
J N 7 1047 63 4 3457 288 1 33             
K 0 0 43             
K 0 0 59             
K 0 -21 59             
A D 2 8             
J N 6 1094 56 3 4609 576 1 33             
K 0 0 43             
K 0 0 53             
A D 1 8             
H 33 S 12 0 0 0 0 0 0 0 0             
J N 7 1150 49 5 5185 288 1 34             
K -18 0 63             
K 0 0 43             
K 0 0 59             
K 0 -21 59             
A D 2 8             
J N 6 1197 63 3 6337 576 1 34             
K 0 0 43             
K 0 0 53             
A D 1 8             
H 34 S 12 0 0 0 0 0 0 0 0             
J B 4 1242 1 82 6913 288 0             
J N 7 1263 42 4 1 0 1 35             
K 0 0 43             
K 0 0 59             
K 0 -21 59             
A D 2 8             
J N 6 1310 49 4 1153 576 1 35             
K -18 0 63             
K 0 0 43             
K 0 0 53             
A D 1 8             
H 35 S 12 0 0 0 0 0 0 0 4             
J N 6 1348 42 2 1729 288 2 36 37             
K 0 0 43             
A D 1 8             
J N 6 1380 49 2 2305 288 1 37             
K 0 0 43             
A D 1 8             
J N 6 1412 56 2 2881 288 2 37 36             
K 0 0 43             
A D 1 8             
H 37 B 47 2 108 3 2 1 3             
H 36 S 12 0 0 0 0 0 0 0 0             
J N 7 1444 49 4 3457 288 1 38             
K 0 0 43             
K 0 0 59             
K 0 -21 59             
A D 2 8             
J N 6 1491 56 3 4609 576 1 38             
K 0 0 43             
K 0 0 53             
A D 1 8             
H 38 S 12 0 0 0 0 0 0 0 0             
J N 7 1529 49 4 5185 288 1 39             
K 0 0 43             
K 0 0 59             
K 0 -21 59             
A D 2 8             
J N 6 1576 63 3 6337 576 1 39             
K 0 0 43             
K 0 0 53             
A D 1 8             
H 39 S 12 0 0 0 0 0 0 0 0             
J B 5 1621 1 82 6913 288 0             
J N 6 1642 77 5 1 0 2 40 41             
K 1 -7 45             
K 0 0 43             
K 0 -7 45             
K 1 -7 45             
A D 1 8             
J N 6 1687 70 6 577 288 1 41             
K 1 0 45             
K -18 0 63             
K 0 0 43             
K -1 0 45             
K 2 0 45             
A D 1 8             
J N 6 1731 63 2 1153 288 2 41 40             
K 0 0 43             
A D 1 8             
H 41 B 51 -2 108 3 2 1 3             
H 40 S 12 0 0 0 0 0 0 0 0             
J N 6 1763 84 6 1729 288 2 42 43             
K 1 -14 45             
K 1 0 45             
K 0 0 43             
K -1 0 45             
K 2 0 45             
A D 1 8             
J N 6 1795 63 2 2305 288 1 43             
K 0 0 43             
A D 1 8             
J N 6 1826 70 5 2881 288 2 43 42             
K 1 0 45             
K 0 0 43             
K -1 0 45             
K 2 0 45             
A D 1 8             
H 43 B 70 0 108 3 2 1 3             
H 42 S 12 0 0 0 0 0 0 0 0             
J N 7 1859 63 4 3457 288 1 44             
K 0 0 43             
K 0 0 59             
K 0 -21 59             
A D 2 8             
J N 6 1905 56 3 4609 576 1 44             
K 0 0 43             
K 0 0 53             
A D 1 8             
H 44 S 12 0 0 0 0 0 0 0 0             
J N 7 1960 49 5 5185 288 1 45             
K -18 0 63             
K 0 0 43             
K 0 0 59             
K 0 -21 59             
A D 2 8             
J N 6 2006 63 3 6337 576 1 45             
K 0 0 43             
K 0 0 53             
A D 1 8             
H 45 S 12 0 0 0 0 0 0 0 0             
J B 6 2050 1 82 6913 288 0             
E *             
L 320 0 -42 333 333 * 0 14 0             
J C 22 5 14 36 6913 0 0             
J K 0 57 0 0 6913 0 0             
J T 1208 84 0 3 6913 0 0             
K 0 28 73             
K -21 28 72             
K -10 56 79             
J D 0 -11 -14 1 6913 0 0             
W 0 0 0 \06\09             
J D 5 86 -42 17 6913 0 0             
W 0 0 0 (37) Largo             
J N 8 113 7 5 1 0 1 2             
K 0 0 42             
K 25 0 44             
K 0 0 60             
K 0 21 60             
A D 6 8             
J M 0 61 0 0 6913 0 1 2             
H 2 S 0 -2 7 0 0 0 0 3 0             
J F 0 283 98 2 3457 1728 0             
K 0 0 205             
K 0 21 203             
J N 8 283 7 5 3457 0 0             
K 0 0 42             
K 25 0 44             
K 0 0 60             
K 0 21 60             
A D 6 8             
J B 2 460 1 82 6913 1728 0             
J F 0 481 98 2 1 0 0             
K 0 0 204             
K 0 21 202             
J N 8 481 7 5 1 0 0             
K 0 0 42             
K 25 0 44             
K 0 0 60             
K 0 21 60             
A D 6 8             
J N 7 647 35 5 3457 1728 0             
K 0 0 43             
K 25 0 44             
K 0 0 59             
K 0 -21 59             
A D 3 8             
J F 0 756 98 1 5185 864 0             
K 0 0 213             
J N 7 756 28 5 5185 0 0             
K 0 0 43             
K 24 -6 44             
K 0 0 60             
K 0 21 60             
A D 3 8             
J B 3 854 1 82 6913 864 0             
J N 7 875 56 5 1 0 0             
K 0 0 43             
K 24 -6 44             
K 0 0 59             
K 0 -21 59             
A D 3 8             
J R 7 960 28 2 1729 864 0             
K 0 0 48             
A D 2 8             
J R 6 1007 28 2 2881 576 0             
K 0 0 49             
A D 1 8             
J F 0 1047 98 1 3457 288 0             
K 0 0 213             
J N 8 1047 28 5 3457 0 0             
K 0 0 42             
K 24 -6 44             
K 0 0 60             
K 0 21 60             
A D 6 8             
J B 4 1242 1 82 6913 1728 0             
J F 0 1263 98 2 1 0 0             
K 0 0 205             
K 0 21 203             
J N 8 1263 28 5 1 0 0             
K 0 0 42             
K 24 -6 44             
K 0 0 60             
K 0 21 60             
A D 6 8             
J F 0 1444 98 2 3457 1728 0             
K 0 0 204             
K 0 21 213             
J N 8 1444 28 5 3457 0 0             
K 0 0 42             
K 24 -6 44             
K 0 0 60             
K 0 21 60             
A D 6 8             
J B 5 1621 1 82 6913 1728 0             
J N 7 1642 56 5 1 0 0             
K 0 0 43             
K 24 -6 44             
K 0 0 59             
K 0 -21 59             
A D 3 8             
J F 0 1763 98 1 1729 864 0             
K 0 0 213             
J N 7 1763 49 5 1729 0 0             
K 0 0 43             
K 25 0 44             
K 0 0 59             
K 0 -21 59             
A D 3 8             
J N 7 1859 77 8 3457 864 0             
K 1 -7 45             
K 0 0 43             
K 0 -7 45             
K 1 -7 45             
K 25 0 44             
K 0 0 59             
K 0 -21 59             
A D 3 8             
J R 7 1960 28 2 5185 864 0             
K 0 0 48             
A D 2 8             
J R 6 2006 28 2 6337 576 0             
K 0 0 49             
A D 1 8             
J B 6 2050 1 82 6913 288 0             
E *             
L 530 0 -42 333 333 * 0 14 0             
J C 4 5 42 2 6913 0 0             
K 0 0 33             
K 0 0 34             
J K 0 57 0 0 6913 0 0             
J T 1208 84 0 3 6913 0 0             
K 0 28 73             
K -21 28 72             
K -10 56 79             
J D 0 -11 -14 1 6913 0 0             
W 0 0 0 \06\09             
J D 5 86 -42 17 6913 0 0             
W 0 0 0 (37) Largo             
J N 8 113 42 13 1 0 1 14             
K 1 28 45             
K 1 42 45             
K 0 0 42             
K 24 -6 44             
K 0 49 42             
K 0 42 45             
K 1 42 45             
K 25 49 44             
K 0 49 59             
K 0 21 59             
K 0 0 59             
K 0 -21 59             
A D 6 8             
J M 0 61 0 0 6913 0 1 14             
H  14 T 6 -11 0 0 0 0 7 0             
J N 8 283 42 13 3457 1728 0             
K 1 28 45             
K 1 42 45             
K 0 0 42             
K 24 -6 44             
K 0 49 42             
K 0 42 45             
K 1 42 45             
K 25 49 44             
K 0 49 59             
K 0 21 59             
K 0 0 59             
K 0 -21 59             
A D 6 8             
J B 2 460 1 82 6913 1728 0             
J N 8 481 42 13 1 0 0             
K 1 28 45             
K 1 42 45             
K 0 0 42             
K 24 -6 44             
K 0 49 42             
K 0 42 45             
K 1 42 45             
K 25 49 44             
K 0 49 59             
K 0 21 59             
K 0 0 59             
K 0 -21 59             
A D 6 8             
J N 7 647 70 8 3457 1728 0             
K 1 0 45             
K 0 0 43             
K -1 0 45             
K 2 0 45             
K 24 -6 44             
K 0 0 59             
K 0 -21 59             
A D 3 8             
J N 7 756 63 5 5185 864 0             
K 0 0 43             
K 25 0 44             
K 0 0 59             
K 0 -21 59             
A D 3 8             
J B 3 854 1 82 6913 864 0             
J N 7 875 91 10 1 0 0             
K 1 -21 45             
K 1 -7 45             
K 0 0 43             
K 0 -7 45             
K 1 -7 45             
K 25 0 44             
K 0 0 59             
K 0 -28 59             
K 0 -35 59             
A D 3 8             
J R 7 960 28 2 1729 864 0             
K 0 0 48             
A D 2 8             
J R 6 1007 28 2 2881 576 0             
K 0 0 49             
A D 1 8             
J N 8 1047 14 9 3457 288 0             
K 0 0 42             
K 24 -6 44             
K 0 49 42             
K 25 49 44             
K 0 49 59             
K 0 21 59             
K 0 0 59             
K 0 -14 59             
A D 6 8             
J B 4 1242 1 82 6913 1728 0             
J N 8 1263 14 9 1 0 0             
K 0 0 42             
K 24 -6 44             
K 0 49 42             
K 25 49 44             
K 0 49 59             
K 0 21 59             
K 0 0 59             
K 0 -14 59             
A D 6 8             
J N 8 1444 14 9 3457 1728 0             
K 0 0 42             
K 24 -6 44             
K 0 49 42             
K 25 49 44             
K 0 49 59             
K 0 21 59             
K 0 0 59             
K 0 -14 59             
A D 6 8             
J B 5 1621 1 82 6913 1728 0             
J N 7 1642 91 10 1 0 0             
K 1 -21 45             
K 1 -7 45             
K 0 0 43             
K 0 -7 45             
K 1 -7 45             
K 25 0 44             
K 0 0 59             
K 0 -28 59             
K 0 -35 59             
A D 3 8             
J N 7 1763 84 9 1729 864 0             
K 1 -14 45             
K 1 0 45             
K 0 0 43             
K -1 0 45             
K 2 0 45             
K 24 -6 44             
K 0 0 59             
K 0 -28 59             
A D 3 8             
J N 7 1859 63 5 3457 864 0             
K 0 0 43             
K 25 0 44             
K 0 0 59             
K 0 -21 59             
A D 3 8             
J R 7 1960 28 2 5185 864 0             
K 0 0 48             
A D 2 8             
J R 6 2006 28 2 6337 576 0             
K 0 0 49             
A D 1 8             
J B 6 2050 1 82 6913 288 0             
E *             
L 690 0 -42 333 333 * 0 14 0             
J C 4 5 42 2 6913 0 0             
K 0 0 33             
K 0 0 34             
J K 0 57 0 0 6913 0 0             
J T 1208 84 0 3 6913 0 0             
K 0 28 73             
K -21 28 72             
K -10 56 79             
J D 0 -11 -14 1 6913 0 0             
W 0 0 0 \06\09             
J D 5 86 -42 17 6913 0 0             
W 0 0 0 (37) Largo             
J N 7 113 42 5 1 0 1 12             
K 0 0 43             
K 24 -6 44             
K 0 0 59             
K 0 -21 59             
A D 3 8             
J M 0 61 0 0 6913 0 1 12             
H  12 T 48 0 0 0 0 0 13 0             
J R 7 198 28 2 1729 864 0             
K 0 0 48             
A D 2 8             
J R 6 245 28 2 2881 576 0             
K 0 0 49             
A D 1 8             
J N 8 283 42 13 3457 288 0             
K 1 28 45             
K 1 42 45             
K 0 0 42             
K 24 -6 44             
K 0 49 42             
K 0 42 45             
K 1 42 45             
K 25 49 44             
K 0 49 59             
K 0 21 59             
K 0 0 59             
K 0 -21 59             
A D 6 8             
J B 2 460 1 82 6913 1728 0             
J N 8 481 42 13 1 0 0             
K 1 28 45             
K 1 42 45             
K 0 0 42             
K 24 -6 44             
K 0 49 42             
K 0 42 45             
K 1 42 45             
K 25 49 44             
K 0 49 59             
K 0 21 59             
K 0 0 59             
K 0 -21 59             
A D 6 8             
J N 7 647 70 8 3457 1728 0             
K 1 0 45             
K 0 0 43             
K -1 0 45             
K 2 0 45             
K 24 -6 44             
K 0 0 59             
K 0 -21 59             
A D 3 8             
J N 7 756 63 5 5185 864 0             
K 0 0 43             
K 25 0 44             
K 0 0 59             
K 0 -21 59             
A D 3 8             
J B 3 854 1 82 6913 864 0             
J N 7 875 91 10 1 0 0             
K 1 -21 45             
K 1 -7 45             
K 0 0 43             
K 0 -7 45             
K 1 -7 45             
K 25 0 44             
K 0 0 59             
K 0 -28 59             
K 0 -35 59             
A D 3 8             
J R 7 960 28 2 1729 864 0             
K 0 0 48             
A D 2 8             
J R 6 1007 28 2 2881 576 0             
K 0 0 49             
A D 1 8             
J N 8 1047 14 9 3457 288 0             
K 0 0 42             
K 24 -6 44             
K 0 49 42             
K 25 49 44             
K 0 49 59             
K 0 21 59             
K 0 0 59             
K 0 -14 59             
A D 6 8             
J B 4 1242 1 82 6913 1728 0             
J N 8 1263 14 9 1 0 0             
K 0 0 42             
K 24 -6 44             
K 0 49 42             
K 25 49 44             
K 0 49 59             
K 0 21 59             
K 0 0 59             
K 0 -14 59             
A D 6 8             
J N 8 1444 14 9 3457 1728 0             
K 0 0 42             
K 24 -6 44             
K 0 49 42             
K 25 49 44             
K 0 49 59             
K 0 21 59             
K 0 0 59             
K 0 -14 59             
A D 6 8             
J B 5 1621 1 82 6913 1728 0             
J N 7 1642 91 10 1 0 0             
K 1 -21 45             
K 1 -7 45             
K 0 0 43             
K 0 -7 45             
K 1 -7 45             
K 25 0 44             
K 0 0 59             
K 0 -28 59             
K 0 -35 59             
A D 3 8             
J N 7 1763 84 9 1729 864 0             
K 1 -14 45             
K 1 0 45             
K 0 0 43             
K -1 0 45             
K 2 0 45             
K 24 -6 44             
K 0 0 59             
K 0 -28 59             
A D 3 8             
J N 7 1859 63 5 3457 864 0             
K 0 0 43             
K 25 0 44             
K 0 0 59             
K 0 -21 59             
A D 3 8             
J R 7 1960 28 2 5185 864 0             
K 0 0 48             
A D 2 8             
J R 6 2006 28 2 6337 576 0             
K 0 0 49             
A D 1 8             
J B 6 2050 1 82 6913 288 0             
E *             
L 850 0 -42 333 333 * 0 14 0             
J C 13 5 28 35 6913 0 0             
J K 0 57 0 0 6913 0 0             
J T 1208 84 0 3 6913 0 0             
K 0 28 73             
K -21 28 72             
K -10 56 79             
J D 0 -11 -14 1 6913 0 0             
W 0 0 0 \06\09             
J D 5 86 -42 17 6913 0 0             
W 0 0 0 (37) Largo             
J N 7 113 21 5 1 0 1 5             
K 0 0 43             
K 25 0 44             
K 0 0 60             
K 0 21 60             
A D 3 8             
J M 0 61 0 0 6913 0 1 5             
H  5 T 7 0 0 0 0 0 1 0             
J R 7 198 28 2 1729 864 0             
K 0 0 48             
A D 2 8             
J R 6 245 28 2 2881 576 0             
K 0 0 49             
A D 1 8             
J R 8 283 28 2 3457 288 0             
K 0 0 47             
A D 6 8             
J B 2 460 1 82 6913 1728 0             
J R 9 643 28 2 1 10000 0             
K 0 0 46             
A D 12 8             
J B 3 854 1 82 6913 3456 0             
J R 9 1034 28 2 1 10000 0             
K 0 0 46             
A D 12 8             
J B 4 1242 1 82 6913 3456 0             
J R 9 1417 28 2 1 10000 0             
K 0 0 46             
A D 12 8             
J B 5 1621 1 82 6913 3456 0             
J R 9 1821 28 2 1 10000 0             
K 0 0 46             
A D 12 8             
J B 6 2050 1 82 6913 3456 0             
E *             
L 1010 0 -42 333 333 * 0 14 0             
J C 22 5 14 36 6913 0 0             
J K 0 57 0 0 6913 0 0             
J T 1208 84 0 3 6913 0 0             
K 0 28 73             
K -21 28 72             
K -10 56 79             
J D 0 -11 -14 1 6913 0 0             
W 0 0 0 \06\09             
J D 5 86 -42 17 6913 0 0             
W 0 0 0 (37) Largo             
J N 7 113 56 5 1 0 1 1             
K 0 0 43             
K 24 -6 44             
K 0 0 59             
K 0 -21 59             
A D 3 8             
J M 0 61 0 0 6913 0 1 1             
H 1 T 56 0 0 0 0 0 13 0             
J R 7 198 28 2 1729 864 0             
K 0 0 48             
A D 2 8             
J R 6 245 28 2 2881 576 0             
K 0 0 49             
A D 1 8             
J R 8 283 28 2 3457 288 0             
K 0 0 47             
A D 6 8             
J B 2 460 1 82 6913 1728 0             
J R 9 643 28 2 1 10000 0             
K 0 0 46             
A D 12 8             
J B 3 854 1 82 6913 3456 0             
J R 9 1034 28 2 1 10000 0             
K 0 0 46             
A D 12 8             
J B 4 1242 1 82 6913 3456 0             
J R 9 1417 28 2 1 10000 0             
K 0 0 46             
A D 12 8             
J B 5 1621 1 82 6913 3456 0             
J R 9 1821 28 2 1 10000 0             
K 0 0 46             
A D 12 8             
J B 6 2050 1 82 6913 3456 0             
E *             
B 1 460 0             
B 1 854 0             
B 1 1242 0             
B 1 1621 0             
B 1 2050 0             
