@ SOURCE: not identified 
L 0 0 14 !39Violino 2 concertino
J D 4 500 -120 1 6913 0 0
W 0 0 44 III
J D 1 75 -37 1 6913 0 0
W 0 -56 44 III:  Violino 2 concertino
J C 4 5 42 2 6913 0 0
K 0 0 33
K 0 0 34
J K 2 57 0 2 6913 0 0
K 0 0 63
K 15 21 63
J D 5 103 -42 1 6913 0 0
W 0 0 37 Allegro
J T 101 103 42 1 6913 0 0
K 0 0 37
J N 7 151 0 4 1 0 0
K 0 0 43
K 0 0 60
K 0 21 60
A D 2 8
J R 7 183 28 2 1729 576 0
K 0 0 48
A D 2 8
J N 7 215 14 4 3457 576 0
K 0 0 43
K 0 0 60
K 0 21 60
A D 2 8
J R 7 247 28 2 5185 576 0
K 0 0 48
A D 2 8
J B 2 283 1 82 6913 576 0
J N 7 304 7 4 1 0 0
K 0 0 43
K 0 0 60
K 0 21 60
A D 2 8
J R 7 336 28 2 1729 576 0
K 0 0 48
A D 2 8
J N 7 368 21 4 3457 576 0
K 0 0 43
K 0 0 60
K 0 21 60
A D 2 8
J R 7 400 28 2 5185 576 0
K 0 0 48
A D 2 8
J B 3 436 1 82 6913 576 0
J N 7 457 14 4 1 0 0
K 0 0 43
K 0 0 60
K 0 21 60
A D 2 8
J R 7 489 28 2 1729 576 0
K 0 0 48
A D 2 8
J N 6 521 28 2 3457 576 2 1 2
K 0 0 43
A D 1 8
J N 6 547 21 2 4321 288 2 2 1
K 0 0 43
A D 1 8
H 1 S 0 0 0 0 0 0 0 0 0
J N 6 573 14 2 5185 288 2 3 2
K 0 0 43
A D 1 8
J N 6 599 7 2 6049 288 2 2 3
K 0 0 43
A D 1 8
H 2 B 1 0 108 4 2 1 1 3
H 3 S 0 0 0 0 0 0 0 0 0
J B 4 628 1 82 6913 288 0
J N 7 649 21 4 1 0 0
K 0 0 43
K 0 0 60
K 0 21 60
A D 2 8
J R 6 681 28 2 1729 576 0
K 0 0 49
A D 1 8
J N 6 706 -14 6 2593 288 0
K 0 0 45
K 0 0 43
K -1 0 45
K 2 0 45
K 0 0 54
A D 1 8
J N 7 732 -21 8 3457 288 0
K 0 7 45
K 0 0 43
K 0 7 45
K 1 7 45
K 25 0 44
K 0 0 60
K 0 21 60
A D 3 8
J N 6 771 28 3 6049 864 0
K 0 0 43
K 0 0 54
A D 1 8
J B 5 800 1 82 6913 288 0
J N 6 821 21 2 1 0 1 4
K 0 0 43
A D 1 8
J N 6 846 35 2 865 288 1 4
K 0 0 43
A D 1 8
H 4 B 1 0 108 2 2 3
J N 8 872 14 4 1729 288 0
K 0 0 42
K 0 0 60
K 0 21 60
A D 4 8
J N 7 917 21 4 5185 1152 0
K 0 0 43
K 0 0 60
K 0 21 60
A D 2 8
J B 6 953 1 82 6913 576 0
J N 8 974 14 4 1 0 0
K 0 0 42
K 0 0 60
K 0 21 60
A D 4 8
J N 6 1019 0 2 3457 1152 1 5
K 0 0 43
A D 1 8
J N 6 1044 7 2 4321 288 1 5
K 0 0 43
A D 1 8
J N 6 1070 0 2 5185 288 1 5
K 0 0 43
A D 1 8
J N 6 1095 14 2 6049 288 1 5
K 0 0 43
A D 1 8
H 5 B 1 0 108 4 2 1 1 3
J B 7 1124 1 82 6913 288 0
J N 6 1145 7 2 1 0 1 6
K 0 0 43
A D 1 8
J N 6 1170 14 2 865 288 1 6
K 0 0 43
A D 1 8
J N 6 1196 7 2 1729 288 1 6
K 0 0 43
A D 1 8
J N 6 1221 21 2 2593 288 1 6
K 0 0 43
A D 1 8
H 6 B 1 0 108 4 2 1 1 3
J N 6 1247 14 2 3457 288 2 7 8
K 0 0 43
A D 1 8
J N 6 1272 21 2 4321 288 2 8 7
K 0 0 43
A D 1 8
H 7 S 0 0 0 0 0 0 0 0 0
J N 6 1298 14 2 5185 288 2 9 8
K 0 0 43
A D 1 8
J N 6 1323 28 2 6049 288 2 8 9
K 0 0 43
A D 1 8
H 8 B 1 0 108 4 2 1 1 3
H 9 S 0 0 0 0 0 0 0 0 0
J B 8 1352 1 82 6913 288 0
J N 7 1373 21 5 1 0 0
K 0 0 43
K 25 0 44
K 0 0 60
K 0 21 60
A D 3 8
J N 6 1412 21 3 2593 864 0
K 0 0 43
K 0 0 54
A D 1 8
J N 6 1438 14 2 3457 288 2 10 11
K 0 0 43
A D 1 8
J N 6 1463 21 2 4321 288 2 11 10
K 0 0 43
A D 1 8
H 10 S 0 0 0 0 0 0 0 0 0
J N 6 1488 28 2 5185 288 2 12 11
K 0 0 43
A D 1 8
J N 6 1513 35 2 6049 288 2 11 12
K 0 0 43
A D 1 8
H 11 B 1 0 108 4 2 1 1 3
H 12 S 0 0 0 0 0 0 0 0 0
J B 9 1542 1 82 6913 288 0
J N 6 1569 42 3 1 0 1 13
K -18 0 63
K 0 0 43
A D 1 8
J N 6 1595 7 2 865 288 1 13
K 0 0 43
A D 1 8
H 13 B 1 0 108 2 2 3
J N 8 1621 -14 7 1729 288 0
K 0 0 45
K 0 0 42
K -1 0 45
K 2 0 45
K 0 0 60
K 0 21 60
A D 4 8
J N 7 1666 -7 5 5185 1152 0
K -18 0 63
K 0 0 43
K 0 0 60
K 0 21 60
A D 2 8
J B 10 1702 1 82 6913 576 0
J N 8 1723 -14 7 1 0 0
K 0 0 45
K 0 0 42
K -1 0 45
K 2 0 45
K 0 0 60
K 0 21 60
A D 4 8
J N 7 1768 0 4 3457 1152 0
K 0 0 43
K 0 0 60
K 0 21 60
A D 2 8
J R 7 1800 28 2 5185 576 0
K 0 0 48
A D 2 8
J B 11 1836 1 82 6913 576 0
J N 7 1857 14 4 1 0 0
K 0 0 43
K 0 0 60
K 0 21 60
A D 2 8
J R 7 1889 28 2 1729 576 0
K 0 0 48
A D 2 8
J N 7 1921 7 4 3457 576 0
K 0 0 43
K 0 0 60
K 0 21 60
A D 2 8
J R 7 1953 28 2 5185 576 0
K 0 0 48
A D 2 8
J B 12 1989 1 82 6913 576 0
J N 7 2010 21 4 1 0 0
K 0 0 43
K 0 0 60
K 0 21 60
A D 2 8
J R 7 2042 28 2 1729 576 0
K 0 0 48
A D 2 8
J N 7 2074 14 4 3457 576 0
K 0 0 43
K 0 0 60
K 0 21 60
A D 2 8
J R 7 2106 28 2 5185 576 0
K 0 0 48
A D 2 8
J B 13 2142 1 82 6913 576 0
J N 6 2163 28 2 1 0 2 14 15
K 0 0 43
A D 1 8
J N 6 2189 21 2 865 288 2 15 14
K 0 0 43
A D 1 8
H 14 S 0 0 0 0 0 0 0 0 0
J N 6 2215 14 2 1729 288 2 16 15
K 0 0 43
A D 1 8
J N 6 2241 7 2 2593 288 2 15 16
K 0 0 43
A D 1 8
H 15 B 1 0 108 4 2 1 1 3
H 16 S 0 0 0 0 0 0 0 0 0
J N 7 2266 21 4 3457 288 0
K 0 0 43
K 0 0 60
K 0 21 60
A D 2 8
J R 7 2298 28 2 5185 576 0
K 0 0 48
A D 2 8
J B 14 2334 1 82 6913 576 0
J N 7 2355 0 5 1 0 0
K 0 0 43
K 24 -6 44
K 0 0 60
K 0 21 60
A D 3 8
J N 6 2394 0 3 2593 864 0
K 0 0 43
K 0 0 54
A D 1 8
J N 6 2419 28 2 3457 288 2 17 18
K 0 0 43
A D 1 8
J N 6 2445 21 2 4321 288 2 18 17
K 0 0 43
A D 1 8
H 18 B 1 0 108 2 2 3
H 17 S 0 0 0 0 0 0 0 0 0
J N 7 2471 14 4 5185 288 0
K 0 0 43
K 0 0 60
K 0 21 60
A D 2 8
J B 15 2507 1 82 6913 576 0
J N 7 2528 14 5 1 0 0
K 0 0 43
K 24 -6 44
K 0 0 60
K 0 21 60
A D 3 8
J N 6 2567 21 3 2593 864 0
K 0 0 43
K 0 0 54
A D 1 8
J N 8 2593 14 4 3457 288 0
K 0 0 42
K 0 0 60
K 0 21 60
A D 4 8
J B 16 2642 1 82 6913 1152 0
J N 7 2663 0 5 1 0 0
K 0 0 43
K 24 -6 44
K 0 0 60
K 0 21 60
A D 3 8
J N 6 2702 -14 6 2593 864 0
K 0 0 45
K 0 0 43
K -1 0 45
K 2 0 45
K 0 0 54
A D 1 8
J N 6 2727 28 2 3457 288 2 19 20
K 0 0 43
A D 1 8
J N 6 2753 21 2 4321 288 2 20 19
K 0 0 43
A D 1 8
H 20 B 1 0 108 2 2 3
H 19 S 0 0 0 0 0 0 0 0 0
J N 7 2779 14 4 5185 288 0
K 0 0 43
K 0 0 60
K 0 21 60
A D 2 8
J B 17 2815 1 82 6913 576 0
J N 7 2836 14 5 1 0 0
K 0 0 43
K 24 -6 44
K 0 0 60
K 0 21 60
A D 3 8
J N 6 2875 21 3 2593 864 0
K 0 0 43
K 0 0 54
A D 1 8
J N 8 2901 14 4 3457 288 0
K 0 0 42
K 0 0 60
K 0 21 60
A D 4 8
J B 18 2972 10 6 6913 1152 0
K -22 21 44
K -22 35 44
K -12 0 84
K 0 0 84
K 11 21 44
K 11 35 44
J N 7 3009 14 4 1 0 0
K 0 0 43
K 0 0 60
K 0 21 60
A D 2 8
J R 7 3041 28 2 1729 576 0
K 0 0 48
A D 2 8
J N 7 3073 21 4 3457 576 0
K 0 0 43
K 0 0 60
K 0 21 60
A D 2 8
J R 7 3105 28 2 5185 576 0
K 0 0 48
A D 2 8
J B 19 3141 1 82 6913 576 0
J N 7 3162 28 4 1 0 0
K 0 0 43
K 0 0 60
K 0 21 60
A D 2 8
J R 7 3194 28 2 1729 576 0
K 0 0 48
A D 2 8
J N 7 3234 35 5 3457 576 0
K -18 0 63
K 0 0 43
K 0 0 59
K 0 -21 59
A D 2 8
J R 7 3266 28 2 5185 576 0
K 0 0 48
A D 2 8
J B 20 3302 1 82 6913 576 0
J N 7 3323 28 5 1 0 0
K 0 0 43
K 24 -6 44
K 0 0 60
K 0 21 60
A D 3 8
J N 6 3362 0 3 2593 864 0
K 0 0 43
K 0 0 54
A D 1 8
J N 7 3387 28 4 3457 288 0
K 0 0 43
K 0 0 60
K 0 21 60
A D 2 8
J N 7 3431 35 5 5185 576 0
K -18 0 63
K 0 0 43
K 0 0 59
K 0 -21 59
A D 2 8
J B 21 3467 1 82 6913 576 0
J N 7 3488 28 5 1 0 0
K 0 0 43
K 24 -6 44
K 0 0 60
K 0 21 60
A D 3 8
J N 6 3527 21 3 2593 864 0
K 0 0 43
K 0 0 54
A D 1 8
J N 8 3570 35 5 3457 288 0
K -18 0 63
K 0 0 42
K 0 0 59
K 0 -21 59
A D 4 8
J B 22 3619 1 82 6913 1152 0
J N 7 3646 35 6 1 0 0
K -18 0 63
K 0 0 43
K 25 0 44
K 0 0 59
K 0 -21 59
A D 3 8
J N 6 3685 35 3 2593 864 0
K 0 0 43
K 0 0 53
A D 1 8
J N 7 3722 28 4 3457 288 0
K 0 0 43
K 0 0 60
K 0 21 60
A D 2 8
J N 7 3754 28 4 5185 576 0
K 0 0 43
K 0 0 60
K 0 21 60
A D 2 8
J B 23 3790 1 82 6913 576 0
J N 7 3811 21 5 1 0 0
K 0 0 43
K 25 0 44
K 0 0 60
K 0 21 60
A D 3 8
J N 6 3850 21 3 2593 864 0
K 0 0 43
K 0 0 54
A D 1 8
J N 8 3875 49 4 3457 288 0
K 0 0 42
K 0 0 59
K 0 -21 59
A D 4 8
J B 24 3924 1 82 6913 1152 0
J N 7 3945 0 5 1 0 0
K 0 0 43
K 24 -6 44
K 0 0 60
K 0 21 60
A D 3 8
J N 6 3984 0 3 2593 864 0
K 0 0 43
K 0 0 54
A D 1 8
J N 7 4009 28 4 3457 288 0
K 0 0 43
K 0 0 60
K 0 21 60
A D 2 8
J N 7 4041 28 4 5185 576 0
K 0 0 43
K 0 0 60
K 0 21 60
A D 2 8
J B 25 4077 1 82 6913 576 0
J N 7 4098 28 5 1 0 0
K 0 0 43
K 24 -6 44
K 0 0 60
K 0 21 60
A D 3 8
J N 6 4153 35 4 2593 864 0
K -18 0 63
K 0 0 43
K 0 0 53
A D 1 8
J N 8 4190 28 4 3457 288 0
K 0 0 42
K 0 0 60
K 0 21 60
A D 4 8
J B 26 4239 1 82 6913 1152 0
J N 7 4260 0 5 1 0 0
K 0 0 43
K 24 -6 44
K 0 0 60
K 0 21 60
A D 3 8
J N 6 4299 0 3 2593 864 0
K 0 0 43
K 0 0 54
A D 1 8
J N 8 4324 28 4 3457 288 0
K 0 0 42
K 0 0 60
K 0 21 60
A D 4 8
J B 27 4373 1 82 6913 1152 0
J N 7 4394 -21 8 1 0 0
K 0 7 45
K 0 0 43
K 0 7 45
K 1 7 45
K 25 0 44
K 0 0 60
K 0 21 60
A D 3 8
J N 6 4433 -21 7 2593 864 0
K 0 7 45
K 0 0 43
K 0 7 45
K 1 7 45
K 0 0 60
K 0 0 54
A D 1 8
J N 8 4458 7 4 3457 288 0
K 0 0 42
K 0 0 60
K 0 21 60
A D 4 8
J B 28 4507 1 82 6913 1152 0
J N 7 4528 7 5 1 0 0
K 0 0 43
K 25 0 44
K 0 0 60
K 0 21 60
A D 3 8
J N 6 4567 7 3 2593 864 0
K 0 0 43
K 0 0 54
A D 1 8
J N 8 4592 35 4 3457 288 0
K 0 0 42
K 0 0 59
K 0 -21 59
A D 4 8
J B 29 4641 1 82 6913 1152 0
J N 7 4662 -14 8 1 0 0
K 0 0 45
K 0 0 43
K -1 0 45
K 2 0 45
K 24 -6 44
K 0 0 60
K 0 21 60
A D 3 8
J N 6 4701 -14 6 2593 864 0
K 0 0 45
K 0 0 43
K -1 0 45
K 2 0 45
K 0 0 54
A D 1 8
J N 7 4726 14 5 3457 288 0
K 0 0 43
K 24 -6 44
K 0 0 60
K 0 21 60
A D 3 8
J N 6 4765 0 3 6049 864 0
K 0 0 43
K 0 0 54
A D 1 8
J B 30 4794 1 82 6913 288 0
J N 6 4815 28 2 1 0 2 21 22
K 0 0 43
A D 1 8
J N 6 4841 21 2 865 288 2 22 21
K 0 0 43
A D 1 8
H 22 B 1 0 108 2 2 3
H 21 S 0 0 0 0 0 0 0 0 0
J N 7 4867 14 4 1729 288 0
K 0 0 43
K 0 0 60
K 0 21 60
A D 2 8
J N 8 4899 21 4 3457 576 0
K 0 0 42
K 0 0 60
K 0 21 60
A D 4 8
J B 31 4948 1 82 6913 1152 0
J N 7 4969 -14 8 1 0 0
K 0 0 45
K 0 0 43
K -1 0 45
K 2 0 45
K 24 -6 44
K 0 0 60
K 0 21 60
A D 3 8
J N 6 5008 0 3 2593 864 0
K 0 0 43
K 0 0 54
A D 1 8
J N 6 5034 -21 5 3457 288 2 23 24
K 0 7 45
K 0 0 43
K 0 7 45
K 1 7 45
A D 1 8
J N 6 5059 -14 5 4321 288 2 24 23
K 0 0 45
K 0 0 43
K -1 0 45
K 2 0 45
A D 1 8
H 23 S 0 0 0 0 0 0 0 0 0
J N 6 5084 -7 2 5185 288 2 25 24
K 0 0 43
A D 1 8
J N 6 5109 0 2 6049 288 2 24 25
K 0 0 43
A D 1 8
H 24 B 1 0 108 4 2 1 1 3
H 25 S 0 0 0 0 0 0 0 0 0
J B 32 5138 1 82 6913 288 0
J N 8 5159 7 4 1 0 0
K 0 0 42
K 0 0 60
K 0 21 60
A D 4 8
J N 8 5204 14 4 3457 1152 0
K 0 0 42
K 0 0 60
K 0 21 60
A D 4 8
J B 33 5253 1 82 6913 1152 0
J N 7 5274 35 6 1 0 0
K 0 0 43
K 25 0 44
K 0 44 108
K 0 0 59
K 0 -21 59
A D 3 8
J N 6 5313 49 3 2593 864 0
K 0 0 43
K 0 0 53
A D 1 8
J N 6 5350 28 2 3457 288 2 26 27
K 0 0 43
A D 1 8
J N 6 5375 35 2 4321 288 2 27 26
K 0 0 43
A D 1 8
H 26 S 12 0 0 0 0 0 0 0 0
J N 6 5400 42 2 5185 288 2 28 27
K 0 0 43
A D 1 8
J N 6 5425 49 2 6049 288 2 27 28
K 0 0 43
A D 1 8
H 27 B 0 0 108 4 2 1 1 3
H 28 S 12 0 0 0 0 0 0 0 0
J B 34 5454 1 82 6913 288 0
J N 7 5475 56 5 1 0 0
K 0 0 43
K 24 -6 44
K 0 0 59
K 0 -21 59
A D 3 8
J N 6 5514 35 3 2593 864 0
K 0 0 43
K 0 0 53
A D 1 8
J N 8 5543 49 4 3457 288 0
K 0 0 42
K 0 0 59
K 0 -21 59
A D 4 8
J B 0 5615 6 4 6913 1152 0
K -23 21 44
K -23 35 44
K -13 0 82
K -6 0 84
J M 0 5615 0 0 10000 0 0
