@ SOURCE: not identified 
L 0 0 14 !39Violoncello concertino
J D 4 500 -120 1 6913 0 0
W 0 0 44 III
J D 1 75 -37 1 6913 0 0
W 0 -56 44 III:  Violoncello concertino
J C 22 5 14 36 6913 0 0
J K 2 57 0 2 6913 0 0
K 0 14 63
K 15 35 63
J D 5 103 -42 1 6913 0 0
W 0 0 37 Allegro
J T 101 103 42 1 6913 0 0
K 0 0 37
J N 6 151 28 2 1 0 1 1
K 0 0 43
A D 1 8
J N 6 177 21 2 865 288 1 1
K 0 0 43
A D 1 8
J N 6 203 14 2 1729 288 1 1
K 0 0 43
A D 1 8
J N 6 228 28 2 2593 288 1 1
K 0 0 43
A D 1 8
H 1 B 1 0 108 4 2 1 1 3
J N 6 254 7 2 3457 288 1 2
K 0 0 43
A D 1 8
J N 6 280 0 2 4321 288 1 2
K 0 0 43
A D 1 8
J N 6 306 -7 2 5185 288 1 2
K 0 0 43
A D 1 8
J N 6 331 7 2 6049 288 1 2
K 0 0 43
A D 1 8
H 2 B 1 0 108 4 2 1 1 3
J B 2 360 1 82 6913 288 0
J N 6 381 21 2 1 0 1 3
K 0 0 43
A D 1 8
J N 6 407 14 2 865 288 1 3
K 0 0 43
A D 1 8
J N 6 433 7 2 1729 288 1 3
K 0 0 43
A D 1 8
J N 6 458 21 2 2593 288 1 3
K 0 0 43
A D 1 8
H 3 B 1 0 108 4 2 1 1 3
J N 6 484 0 2 3457 288 1 4
K 0 0 43
A D 1 8
J N 6 510 -7 2 4321 288 1 4
K 0 0 43
A D 1 8
J N 6 536 -14 5 5185 288 1 4
K 0 0 45
K 0 0 43
K -1 0 45
K 2 0 45
A D 1 8
J N 6 561 0 2 6049 288 1 4
K 0 0 43
A D 1 8
H 4 B 1 0 108 4 2 1 1 3
J B 3 590 1 82 6913 288 0
J N 6 611 28 2 1 0 1 5
K 0 0 43
A D 1 8
J N 6 637 21 2 865 288 1 5
K 0 0 43
A D 1 8
J N 6 663 14 2 1729 288 1 5
K 0 0 43
A D 1 8
J N 6 688 28 2 2593 288 1 5
K 0 0 43
A D 1 8
H 5 B 1 0 108 4 2 1 1 3
J N 7 714 7 4 3457 288 0
K 0 0 43
K 0 0 60
K 0 21 60
A D 2 8
J N 7 746 28 4 5185 576 0
K 0 0 43
K 0 0 60
K 0 21 60
A D 2 8
J B 4 782 1 82 6913 576 0
J N 7 803 0 4 1 0 0
K 0 0 43
K 0 0 60
K 0 21 60
A D 2 8
J R 6 835 28 2 1729 576 0
K 0 0 49
A D 1 8
J N 6 860 14 3 2593 288 0
K 0 0 43
K 0 0 54
A D 1 8
J F 0 885 98 1 3457 288 0
K 0 0 208
J N 6 885 7 2 3457 0 1 6
K 0 0 43
A D 1 8
J N 6 911 0 2 4321 288 1 6
K 0 0 43
A D 1 8
J F 0 936 98 1 5185 288 0
K 0 0 205
J N 6 936 -7 2 5185 0 1 6
K 0 0 43
A D 1 8
J N 6 961 7 2 6049 288 1 6
K 0 0 43
A D 1 8
H 6 B 1 0 108 4 2 1 1 3
J B 5 990 1 82 6913 288 0
J F 0 1011 98 1 1 0 0
K 0 0 206
J N 6 1011 0 2 1 0 1 7
K 0 0 43
A D 1 8
J N 6 1037 -14 5 865 288 1 7
K 0 0 45
K 0 0 43
K -1 0 45
K 2 0 45
A D 1 8
J N 6 1063 -21 5 1729 288 1 7
K 0 7 45
K 0 0 43
K 0 7 45
K 1 7 45
A D 1 8
J F 0 1088 98 2 2593 288 0
K 0 0 205
K 0 21 204
J N 6 1088 7 2 2593 0 1 7
K 0 0 43
A D 1 8
H 7 B 1 0 108 4 2 1 1 3
J F 0 1113 98 2 3457 288 0
K 0 0 205
K 0 21 203
J N 6 1113 0 2 3457 0 1 8
K 0 0 43
A D 1 8
J N 6 1138 7 2 4321 288 1 8
K 0 0 43
A D 1 8
J F 0 1163 98 2 5185 288 0
K 0 0 204
K 0 21 202
J N 6 1163 0 2 5185 0 1 8
K 0 0 43
A D 1 8
J N 6 1188 49 2 6049 288 1 8
K 0 0 43
A D 1 8
H 8 B 1 0 108 4 2 1 1 3
J B 6 1217 1 82 6913 288 0
J N 8 1238 28 4 1 0 0
K 0 0 42
K 0 0 60
K 0 21 60
A D 4 8
J N 6 1283 -21 5 3457 1152 1 9
K 0 7 45
K 0 0 43
K 0 7 45
K 1 7 45
A D 1 8
J N 6 1308 -14 5 4321 288 1 9
K 0 0 45
K 0 0 43
K -1 0 45
K 2 0 45
A D 1 8
J N 6 1334 -21 5 5185 288 1 9
K 0 7 45
K 0 0 43
K 0 7 45
K 1 7 45
A D 1 8
J N 6 1359 -7 2 6049 288 1 9
K 0 0 43
A D 1 8
H 9 B 1 0 108 4 2 1 1 3
J B 7 1388 1 82 6913 288 0
J F 0 1409 98 1 1 0 0
K 0 0 205
J N 6 1409 -14 5 1 0 1 10
K 0 0 45
K 0 0 43
K -1 0 45
K 2 0 45
A D 1 8
J N 6 1434 -7 2 865 288 1 10
K 0 0 43
A D 1 8
J N 6 1460 -14 5 1729 288 1 10
K 0 0 45
K 0 0 43
K -1 0 45
K 2 0 45
A D 1 8
J N 6 1485 0 2 2593 288 1 10
K 0 0 43
A D 1 8
H 10 B 1 0 108 4 2 1 1 3
J F 0 1510 98 1 3457 288 0
K 0 0 206
J N 6 1510 -7 2 3457 0 1 11
K 0 0 43
A D 1 8
J N 6 1535 0 2 4321 288 1 11
K 0 0 43
A D 1 8
J F 0 1560 98 1 5185 288 0
K 0 0 216
J N 6 1560 -7 2 5185 0 1 11
K 0 0 43
A D 1 8
J N 6 1589 21 2 6049 288 1 11
K 0 0 43
A D 1 8
H 11 B 1 0 108 4 2 1 1 3
J B 8 1618 1 82 6913 288 0
J N 6 1639 0 2 1 0 1 12
K 0 0 43
A D 1 8
J N 6 1665 -7 2 865 288 1 12
K 0 0 43
A D 1 8
J N 6 1691 -14 5 1729 288 1 12
K 0 0 45
K 0 0 43
K -1 0 45
K 2 0 45
A D 1 8
J N 6 1716 0 2 2593 288 1 12
K 0 0 43
A D 1 8
H 12 B 1 0 108 4 2 1 1 3
J N 6 1742 -21 5 3457 288 1 13
K 0 7 45
K 0 0 43
K 0 7 45
K 1 7 45
A D 1 8
J N 6 1768 -28 6 4321 288 1 13
K 0 14 45
K 0 0 45
K 0 0 43
K -1 0 45
K 2 0 45
A D 1 8
J N 6 1794 -35 6 5185 288 1 13
K 0 21 45
K 0 7 45
K 0 0 43
K 0 7 45
K 1 7 45
A D 1 8
J N 6 1819 -21 5 6049 288 1 13
K 0 7 45
K 0 0 43
K 0 7 45
K 1 7 45
A D 1 8
H 13 B 1 0 108 4 2 1 1 3
J B 9 1848 1 82 6913 288 0
J F 0 1869 98 1 1 0 0
K 0 0 213
J N 6 1869 -28 6 1 0 1 14
K 0 14 45
K 0 0 45
K 0 0 43
K -1 0 45
K 2 0 45
A D 1 8
J N 6 1894 -21 5 865 288 1 14
K 0 7 45
K 0 0 43
K 0 7 45
K 1 7 45
A D 1 8
J N 6 1919 -14 5 1729 288 1 14
K 0 0 45
K 0 0 43
K -1 0 45
K 2 0 45
A D 1 8
J N 6 1944 0 2 2593 288 1 14
K 0 0 43
A D 1 8
H 14 B 1 0 108 4 2 1 1 3
J F 0 1969 98 2 3457 288 0
K 0 0 205
K 0 21 204
J N 6 1969 -21 5 3457 0 1 15
K 0 7 45
K 0 0 43
K 0 7 45
K 1 7 45
A D 1 8
J N 6 1994 -7 2 4321 288 1 15
K 0 0 43
A D 1 8
J F 0 2019 98 1 5185 288 0
K 0 0 213
J N 6 2019 -28 6 5185 0 1 15
K 0 14 45
K 0 0 45
K 0 0 43
K -1 0 45
K 2 0 45
A D 1 8
J N 6 2044 21 2 6049 288 1 15
K 0 0 43
A D 1 8
H 15 B 1 0 108 4 2 1 1 3
J B 10 2073 1 82 6913 288 0
J N 8 2094 0 4 1 0 0
K 0 0 42
K 0 0 60
K 0 21 60
A D 4 8
J N 6 2139 28 2 3457 1152 1 16
K 0 0 43
A D 1 8
J N 6 2165 21 2 4321 288 1 16
K 0 0 43
A D 1 8
J N 6 2191 14 2 5185 288 1 16
K 0 0 43
A D 1 8
J N 6 2216 28 2 6049 288 1 16
K 0 0 43
A D 1 8
H 16 B 1 0 108 4 2 1 1 3
J B 11 2245 1 82 6913 288 0
J N 6 2266 7 2 1 0 1 17
K 0 0 43
A D 1 8
J N 6 2292 0 2 865 288 1 17
K 0 0 43
A D 1 8
J N 6 2318 -7 2 1729 288 1 17
K 0 0 43
A D 1 8
J N 6 2343 7 2 2593 288 1 17
K 0 0 43
A D 1 8
H 17 B 1 0 108 4 2 1 1 3
J N 6 2368 21 2 3457 288 1 18
K 0 0 43
A D 1 8
J N 6 2394 14 2 4321 288 1 18
K 0 0 43
A D 1 8
J N 6 2420 7 2 5185 288 1 18
K 0 0 43
A D 1 8
J N 6 2445 21 2 6049 288 1 18
K 0 0 43
A D 1 8
H 18 B 1 0 108 4 2 1 1 3
J B 12 2474 1 82 6913 288 0
J N 6 2495 0 2 1 0 1 19
K 0 0 43
A D 1 8
J N 6 2521 -7 2 865 288 1 19
K 0 0 43
A D 1 8
J N 6 2547 -14 5 1729 288 1 19
K 0 0 45
K 0 0 43
K -1 0 45
K 2 0 45
A D 1 8
J N 6 2572 0 2 2593 288 1 19
K 0 0 43
A D 1 8
H 19 B 1 0 108 4 2 1 1 3
J N 6 2597 28 2 3457 288 1 20
K 0 0 43
A D 1 8
J N 6 2623 21 2 4321 288 1 20
K 0 0 43
A D 1 8
J N 6 2649 14 2 5185 288 1 20
K 0 0 43
A D 1 8
J N 6 2674 28 2 6049 288 1 20
K 0 0 43
A D 1 8
H 20 B 1 0 108 4 2 1 1 3
J B 13 2703 1 82 6913 288 0
J N 7 2724 7 4 1 0 0
K 0 0 43
K 0 0 60
K 0 21 60
A D 2 8
J N 7 2756 28 4 1729 576 0
K 0 0 43
K 0 0 60
K 0 21 60
A D 2 8
J N 7 2788 0 4 3457 576 0
K 0 0 43
K 0 0 60
K 0 21 60
A D 2 8
J R 7 2820 28 2 5185 576 0
K 0 0 48
A D 2 8
J B 14 2856 1 82 6913 576 0
J N 6 2877 14 2 1 0 1 21
K 0 0 43
A D 1 8
J N 6 2903 7 2 865 288 1 21
K 0 0 43
A D 1 8
J N 6 2929 0 2 1729 288 1 21
K 0 0 43
A D 1 8
J N 6 2954 14 2 2593 288 1 21
K 0 0 43
A D 1 8
H 21 B 1 0 108 4 2 1 1 3
J N 6 2980 7 2 3457 288 1 22
K 0 0 43
A D 1 8
J N 6 3006 0 2 4321 288 1 22
K 0 0 43
A D 1 8
J N 6 3032 -7 2 5185 288 1 22
K 0 0 43
A D 1 8
J N 6 3057 14 2 6049 288 1 22
K 0 0 43
A D 1 8
H 22 B 1 0 108 4 2 1 1 3
J B 15 3086 1 82 6913 288 0
J F 0 3107 98 2 1 0 0
K 0 0 205
K 0 21 204
J N 6 3107 7 2 1 0 1 23
K 0 0 43
A D 1 8
J N 6 3132 21 2 865 288 1 23
K 0 0 43
A D 1 8
J F 0 3157 98 1 1729 288 0
K 0 21 203
J N 6 3157 0 2 1729 0 1 23
K 0 0 43
A D 1 8
J F 0 3182 98 1 2593 288 0
K 0 21 202
J N 6 3182 49 2 2593 0 1 23
K 0 0 43
A D 1 8
H 23 B 1 0 108 4 2 1 1 3
J N 8 3208 28 4 3457 288 0
K 0 0 42
K 0 0 60
K 0 21 60
A D 4 8
J B 16 3257 1 82 6913 1152 0
J N 6 3278 -21 5 1 0 1 24
K 0 7 45
K 0 0 43
K 0 7 45
K 1 7 45
A D 1 8
J N 6 3303 -14 5 865 288 1 24
K 0 0 45
K 0 0 43
K -1 0 45
K 2 0 45
A D 1 8
J N 6 3328 -7 2 1729 288 1 24
K 0 0 43
A D 1 8
J N 6 3353 0 2 2593 288 1 24
K 0 0 43
A D 1 8
H 24 B 1 0 108 4 2 1 1 3
J N 6 3378 7 2 3457 288 1 25
K 0 0 43
A D 1 8
J N 6 3404 0 2 4321 288 1 25
K 0 0 43
A D 1 8
J N 6 3430 -7 2 5185 288 1 25
K 0 0 43
A D 1 8
J N 6 3455 14 2 6049 288 1 25
K 0 0 43
A D 1 8
H 25 B 1 0 108 4 2 1 1 3
J B 17 3484 1 82 6913 288 0
J F 0 3505 98 2 1 0 0
K 0 0 205
K 0 21 204
J N 6 3505 7 2 1 0 1 26
K 0 0 43
A D 1 8
J N 6 3530 21 2 865 288 1 26
K 0 0 43
A D 1 8
J F 0 3555 98 1 1729 288 0
K 0 21 203
J N 6 3555 0 2 1729 0 1 26
K 0 0 43
A D 1 8
J F 0 3580 98 1 2593 288 0
K 0 21 202
J N 6 3580 49 2 2593 0 1 26
K 0 0 43
A D 1 8
H 26 B 1 0 108 4 2 1 1 3
J N 8 3606 28 4 3457 288 0
K 0 0 42
K 0 0 60
K 0 21 60
A D 4 8
J B 18 3677 10 6 6913 1152 0
K -22 21 44
K -22 35 44
K -12 0 84
K 0 0 84
K 11 21 44
K 11 35 44
J N 6 3714 28 2 1 0 1 27
K 0 0 43
A D 1 8
J N 6 3740 21 2 865 288 1 27
K 0 0 43
A D 1 8
J N 6 3766 14 2 1729 288 1 27
K 0 0 43
A D 1 8
J N 6 3792 7 2 2593 288 1 27
K 0 0 43
A D 1 8
H 27 B 1 0 108 4 2 1 1 3
J N 6 3818 0 2 3457 288 1 28
K 0 0 43
A D 1 8
J N 6 3844 -7 2 4321 288 1 28
K 0 0 43
A D 1 8
J N 6 3870 -14 5 5185 288 1 28
K 0 0 45
K 0 0 43
K -1 0 45
K 2 0 45
A D 1 8
J F 0 3909 98 1 6049 288 0
K 0 0 205
J N 6 3909 0 3 6049 0 1 28
K -18 0 63
K 0 0 43
A D 1 8
H 28 B 1 0 108 4 2 1 1 3
J B 19 3938 1 82 6913 288 0
J N 6 3959 -7 2 1 0 1 29
K 0 0 43
A D 1 8
J N 6 3985 -14 5 865 288 1 29
K 0 0 45
K 0 0 43
K -1 0 45
K 2 0 45
A D 1 8
J N 6 4011 -21 5 1729 288 1 29
K 0 7 45
K 0 0 43
K 0 7 45
K 1 7 45
A D 1 8
J N 6 4037 -28 6 2593 288 1 29
K 0 14 45
K 0 0 45
K 0 0 43
K -1 0 45
K 2 0 45
A D 1 8
H 29 B 1 0 108 4 2 1 1 3
J F 0 4062 98 1 3457 288 0
K 0 0 213
J N 7 4062 -35 9 3457 0 0
K 0 21 45
K 0 7 45
K 0 0 43
K 0 7 45
K 1 7 45
K 0 0 60
K 0 28 60
K 0 35 60
A D 2 8
J R 7 4094 28 2 5185 576 0
K 0 0 48
A D 2 8
J B 20 4130 1 82 6913 576 0
J F 0 4151 98 1 1 0 0
K 0 0 205
J N 6 4151 28 2 1 0 1 30
K 0 0 43
A D 1 8
J N 6 4177 21 2 865 288 1 30
K 0 0 43
A D 1 8
J N 6 4203 14 2 1729 288 1 30
K 0 0 43
A D 1 8
J N 6 4228 28 2 2593 288 1 30
K 0 0 43
A D 1 8
H 30 B 1 0 108 4 2 1 1 3
J N 7 4254 21 4 3457 288 0
K 0 0 43
K 0 0 60
K 0 21 60
A D 2 8
J F 0 4286 98 1 5185 576 0
K 0 0 213
J N 7 4286 14 4 5185 0 0
K 0 0 43
K 0 0 60
K 0 21 60
A D 2 8
J B 21 4322 1 82 6913 576 0
J F 0 4343 98 1 1 0 0
K 0 0 206
J N 8 4343 7 4 1 0 0
K 0 0 42
K 0 0 60
K 0 21 60
A D 4 8
J F 0 4375 98 1 1729 576 0
K 0 0 205
J F 0 4407 98 1 3457 576 0
K 0 0 213
J N 8 4407 14 4 3457 0 0
K 0 0 42
K 0 0 60
K 0 21 60
A D 4 8
J B 22 4456 1 82 6913 1152 0
J F 0 4477 98 1 1 0 0
K 0 0 213
J N 6 4477 14 2 1 0 1 31
K 0 0 43
A D 1 8
J N 6 4521 7 3 865 288 1 31
K -18 0 63
K 0 0 43
A D 1 8
J N 6 4565 0 3 1729 288 1 31
K -18 0 63
K 0 0 43
A D 1 8
J N 6 4590 14 2 2593 288 1 31
K 0 0 43
A D 1 8
H 31 B 1 0 108 4 2 1 1 3
J F 0 4615 98 1 3457 288 0
K 0 0 206
J N 7 4615 7 4 3457 0 0
K 0 0 43
K 0 0 60
K 0 21 60
A D 2 8
J F 0 4647 98 1 5185 576 0
K 0 0 205
J N 7 4647 56 5 5185 0 0
K -18 0 63
K 0 0 43
K 0 0 59
K 0 -21 59
A D 2 8
J B 23 4683 1 82 6913 576 0
J F 0 4706 98 1 1 0 0
K 0 0 204
J N 6 4706 0 3 1 0 1 32
K -18 0 63
K 0 0 43
A D 1 8
J N 6 4732 -7 2 865 288 1 32
K 0 0 43
A D 1 8
J N 6 4758 -14 5 1729 288 1 32
K 0 0 45
K 0 0 43
K -1 0 45
K 2 0 45
A D 1 8
J N 6 4783 0 2 2593 288 1 32
K 0 0 43
A D 1 8
H 32 B 1 0 108 4 2 1 1 3
J F 0 4808 98 1 3457 288 0
K 0 0 203
J N 7 4808 -7 4 3457 0 0
K 0 0 43
K 0 0 60
K 0 21 60
A D 2 8
J F 0 4840 98 1 5185 576 0
K 0 0 202
J N 7 4840 42 4 5185 0 0
K 0 0 43
K 0 0 59
K 0 -21 59
A D 2 8
J B 24 4876 1 82 6913 576 0
J F 0 4897 98 1 1 0 0
K 0 0 205
J N 6 4897 28 2 1 0 1 33
K 0 0 43
A D 1 8
J N 6 4923 21 2 865 288 1 33
K 0 0 43
A D 1 8
J N 6 4949 14 2 1729 288 1 33
K 0 0 43
A D 1 8
J N 6 4974 28 2 2593 288 1 33
K 0 0 43
A D 1 8
H 33 B 1 0 108 4 2 1 1 3
J N 6 5000 21 2 3457 288 1 34
K 0 0 43
A D 1 8
J N 6 5026 14 2 4321 288 1 34
K 0 0 43
A D 1 8
J N 6 5052 7 2 5185 288 1 34
K 0 0 43
A D 1 8
J N 6 5077 21 2 6049 288 1 34
K 0 0 43
A D 1 8
H 34 B 1 0 108 4 2 1 1 3
J B 25 5106 1 82 6913 288 0
J F 0 5127 98 2 1 0 0
K 0 0 205
K 0 21 203
J N 6 5127 14 2 1 0 1 35
K 0 0 43
A D 1 8
J N 6 5152 21 2 865 288 1 35
K 0 0 43
A D 1 8
J F 0 5177 98 2 1729 288 0
K 0 0 204
K 0 21 203
J N 6 5177 14 2 1729 0 1 35
K 0 0 43
A D 1 8
J F 0 5202 98 1 2593 288 0
K 0 0 213
J N 6 5202 63 2 2593 0 1 35
K 0 0 43
A D 1 8
H 35 B 0 0 108 4 2 1 1 3
J F 0 5227 98 1 3457 288 0
K 0 0 218
J N 8 5227 42 4 3457 0 0
K 0 0 42
K 0 0 59
K 0 -21 59
A D 4 8
J B 26 5276 1 82 6913 1152 0
J F 0 5297 98 1 1 0 0
K 0 0 213
J N 6 5297 -7 2 1 0 1 36
K 0 0 43
A D 1 8
J N 6 5323 -14 5 865 288 1 36
K 0 0 45
K 0 0 43
K -1 0 45
K 2 0 45
A D 1 8
J N 6 5348 -7 2 1729 288 1 36
K 0 0 43
A D 1 8
J N 6 5373 0 2 2593 288 1 36
K 0 0 43
A D 1 8
H 36 B 1 0 108 4 2 1 1 3
J F 0 5413 98 1 3457 288 0
K 0 0 205
J N 6 5413 7 3 3457 0 1 37
K -18 0 63
K 0 0 43
A D 1 8
J N 6 5438 14 2 4321 288 1 37
K 0 0 43
A D 1 8
J N 6 5464 7 2 5185 288 1 37
K 0 0 43
A D 1 8
J N 6 5489 21 2 6049 288 1 37
K 0 0 43
A D 1 8
H 37 B 1 0 108 4 2 1 1 3
J B 27 5518 1 82 6913 288 0
J F 0 5539 98 1 1 0 0
K 0 0 213
J N 6 5539 -28 6 1 0 1 38
K 0 14 45
K 0 0 45
K 0 0 43
K -1 0 45
K 2 0 45
A D 1 8
J N 6 5565 -35 6 865 288 1 38
K 0 21 45
K 0 7 45
K 0 0 43
K 0 7 45
K 1 7 45
A D 1 8
J N 6 5590 -28 6 1729 288 1 38
K 0 14 45
K 0 0 45
K 0 0 43
K -1 0 45
K 2 0 45
A D 1 8
J N 6 5615 -21 5 2593 288 1 38
K 0 7 45
K 0 0 43
K 0 7 45
K 1 7 45
A D 1 8
H 38 B 1 0 108 4 2 1 1 3
J N 6 5640 -14 5 3457 288 1 39
K 0 0 45
K 0 0 43
K -1 0 45
K 2 0 45
A D 1 8
J N 6 5665 -7 2 4321 288 1 39
K 0 0 43
A D 1 8
J N 6 5691 -14 5 5185 288 1 39
K 0 0 45
K 0 0 43
K -1 0 45
K 2 0 45
A D 1 8
J N 6 5716 0 2 6049 288 1 39
K 0 0 43
A D 1 8
H 39 B 1 0 108 4 2 1 1 3
J B 28 5745 1 82 6913 288 0
J F 0 5766 98 1 1 0 0
K 0 0 205
J N 6 5766 35 2 1 0 1 40
K 0 0 43
A D 1 8
J N 6 5791 42 2 865 288 1 40
K 0 0 43
A D 1 8
J N 6 5817 35 2 1729 288 1 40
K 0 0 43
A D 1 8
J N 6 5842 49 2 2593 288 1 40
K 0 0 43
A D 1 8
H 40 B 0 0 108 4 2 1 1 3
J N 6 5868 28 2 3457 288 1 41
K 0 0 43
A D 1 8
J N 6 5894 21 2 4321 288 1 41
K 0 0 43
A D 1 8
J N 6 5920 14 2 5185 288 1 41
K 0 0 43
A D 1 8
J N 6 5945 28 2 6049 288 1 41
K 0 0 43
A D 1 8
H 41 B 1 0 108 4 2 1 1 3
J B 29 5974 1 82 6913 288 0
J N 6 5995 14 2 1 0 1 42
K 0 0 43
A D 1 8
J N 6 6020 21 2 865 288 1 42
K 0 0 43
A D 1 8
J N 6 6046 14 2 1729 288 1 42
K 0 0 43
A D 1 8
J N 6 6071 28 2 2593 288 1 42
K 0 0 43
A D 1 8
H 42 B 1 0 108 4 2 1 1 3
J N 6 6097 7 2 3457 288 1 43
K 0 0 43
A D 1 8
J N 6 6123 0 2 4321 288 1 43
K 0 0 43
A D 1 8
J N 6 6149 -7 2 5185 288 1 43
K 0 0 43
A D 1 8
J N 6 6174 14 2 6049 288 1 43
K 0 0 43
A D 1 8
H 43 B 1 0 108 4 2 1 1 3
J B 30 6203 1 82 6913 288 0
J N 6 6224 7 2 1 0 1 44
K 0 0 43
A D 1 8
J N 6 6250 0 2 865 288 1 44
K 0 0 43
A D 1 8
J N 6 6276 -7 2 1729 288 1 44
K 0 0 43
A D 1 8
J N 6 6301 7 2 2593 288 1 44
K 0 0 43
A D 1 8
H 44 B 1 0 108 4 2 1 1 3
J N 6 6327 0 2 3457 288 1 45
K 0 0 43
A D 1 8
J N 6 6353 -7 2 4321 288 1 45
K 0 0 43
A D 1 8
J N 6 6379 -14 5 5185 288 1 45
K 0 0 45
K 0 0 43
K -1 0 45
K 2 0 45
A D 1 8
J N 6 6404 0 2 6049 288 1 45
K 0 0 43
A D 1 8
H 45 B 1 0 108 4 2 1 1 3
J B 31 6433 1 82 6913 288 0
J N 6 6454 -21 5 1 0 1 46
K 0 7 45
K 0 0 43
K 0 7 45
K 1 7 45
A D 1 8
J N 6 6479 -14 5 865 288 1 46
K 0 0 45
K 0 0 43
K -1 0 45
K 2 0 45
A D 1 8
J N 6 6504 -7 2 1729 288 1 46
K 0 0 43
A D 1 8
J N 6 6529 0 2 2593 288 1 46
K 0 0 43
A D 1 8
H 46 B 1 0 108 4 2 1 1 3
J N 6 6554 7 2 3457 288 1 47
K 0 0 43
A D 1 8
J N 6 6580 0 2 4321 288 1 47
K 0 0 43
A D 1 8
J N 6 6606 -7 2 5185 288 1 47
K 0 0 43
A D 1 8
J N 6 6631 14 2 6049 288 1 47
K 0 0 43
A D 1 8
H 47 B 1 0 108 4 2 1 1 3
J B 32 6660 1 82 6913 288 0
J F 0 6681 98 2 1 0 0
K 0 0 205
K 0 21 204
J N 6 6681 7 2 1 0 1 48
K 0 0 43
A D 1 8
J N 6 6706 21 2 865 288 1 48
K 0 0 43
A D 1 8
J F 0 6731 98 1 1729 288 0
K 0 21 203
J N 6 6731 0 2 1729 0 1 48
K 0 0 43
A D 1 8
J F 0 6756 98 1 2593 288 0
K 0 21 202
J N 6 6756 49 2 2593 0 1 48
K 0 0 43
A D 1 8
H 48 B 1 0 108 4 2 1 1 3
J N 8 6782 28 4 3457 288 0
K 0 0 42
K 0 0 60
K 0 21 60
A D 4 8
J B 33 6831 1 82 6913 1152 0
J N 6 6852 -21 6 1 0 1 49
K 0 7 45
K 0 0 43
K 0 7 45
K 1 7 45
K 0 99 108
A D 1 8
J N 6 6877 -14 5 865 288 1 49
K 0 0 45
K 0 0 43
K -1 0 45
K 2 0 45
A D 1 8
J N 6 6902 -7 2 1729 288 1 49
K 0 0 43
A D 1 8
J N 6 6927 0 2 2593 288 1 49
K 0 0 43
A D 1 8
H 49 B 1 0 108 4 2 1 1 3
J N 6 6952 7 2 3457 288 1 50
K 0 0 43
A D 1 8
J N 6 6978 0 2 4321 288 1 50
K 0 0 43
A D 1 8
J N 6 7004 -7 2 5185 288 1 50
K 0 0 43
A D 1 8
J N 6 7029 14 2 6049 288 1 50
K 0 0 43
A D 1 8
H 50 B 1 0 108 4 2 1 1 3
J B 34 7058 1 82 6913 288 0
J F 0 7079 98 2 1 0 0
K 0 0 205
K 0 21 204
J N 6 7079 7 2 1 0 1 51
K 0 0 43
A D 1 8
J N 6 7104 21 2 865 288 1 51
K 0 0 43
A D 1 8
J F 0 7129 98 1 1729 288 0
K 0 21 203
J N 6 7129 0 2 1729 0 1 51
K 0 0 43
A D 1 8
J F 0 7154 98 1 2593 288 0
K 0 21 202
J N 6 7154 49 2 2593 0 1 51
K 0 0 43
A D 1 8
H 51 B 1 0 108 4 2 1 1 3
J N 8 7180 28 4 3457 288 0
K 0 0 42
K 0 0 60
K 0 21 60
A D 4 8
J B 0 7252 6 4 6913 1152 0
K -23 21 44
K -23 35 44
K -13 0 82
K -6 0 84
J M 0 7252 0 0 10000 0 0
