@ SOURCE: not identified 
L 0 0 14 !39Violino 1 concerto grosso
J D 4 500 -120 1 6913 0 0
W 0 0 44 III
J D 1 75 -37 1 6913 0 0
W 0 -56 44 III:  Violino 1 concerto grosso
J C 4 5 42 2 6913 0 0
K 0 0 33
K 0 0 34
J K 2 57 0 2 6913 0 0
K 0 0 63
K 15 21 63
J D 5 103 -42 1 6913 0 0
W 0 0 37 Allegro
J T 101 103 42 1 6913 0 0
K 0 0 37
J N 7 151 -14 7 1 0 0
K 0 0 45
K 0 0 43
K -1 0 45
K 2 0 45
K 0 0 60
K 0 21 60
A D 2 8
J R 7 183 28 2 1729 576 0
K 0 0 48
A D 2 8
J N 7 215 -21 7 3457 576 0
K 0 7 45
K 0 0 43
K 0 7 45
K 1 7 45
K 0 0 60
K 0 21 60
A D 2 8
J R 7 247 28 2 5185 576 0
K 0 0 48
A D 2 8
J B 2 283 1 82 6913 576 0
J N 7 304 -7 4 1 0 0
K 0 0 43
K 0 0 60
K 0 21 60
A D 2 8
J R 7 336 28 2 1729 576 0
K 0 0 48
A D 2 8
J N 7 368 -14 7 3457 576 0
K 0 0 45
K 0 0 43
K -1 0 45
K 2 0 45
K 0 0 60
K 0 21 60
A D 2 8
J R 7 400 28 2 5185 576 0
K 0 0 48
A D 2 8
J B 3 436 1 82 6913 576 0
J N 7 457 0 4 1 0 0
K 0 0 43
K 0 0 60
K 0 21 60
A D 2 8
J R 7 489 28 2 1729 576 0
K 0 0 48
A D 2 8
J N 6 521 -7 2 3457 576 2 1 2
K 0 0 43
A D 1 8
J N 6 547 -14 5 4321 288 2 2 1
K 0 0 45
K 0 0 43
K -1 0 45
K 2 0 45
A D 1 8
H 1 S 0 0 0 0 0 0 0 0 0
J N 6 572 0 2 5185 288 2 3 2
K 0 0 43
A D 1 8
J N 6 598 -7 2 6049 288 2 2 3
K 0 0 43
A D 1 8
H 2 B 1 0 108 4 2 1 1 3
H 3 S 0 0 0 0 0 0 0 0 0
J B 4 627 1 82 6913 288 0
J N 6 648 7 2 1 0 1 4
K 0 0 43
A D 1 8
J N 6 673 35 2 865 288 1 4
K 0 0 43
A D 1 8
H 4 B 1 0 108 2 2 3
J N 7 699 -14 7 1729 288 1 5
K 0 0 45
K 0 0 43
K -1 0 45
K 2 0 45
K 0 0 60
K 0 21 60
A D 2 8
J N 6 731 -14 5 3457 576 2 6 5
K 0 0 45
K 0 0 43
K -1 0 45
K 2 0 45
A D 1 8
H 5 T -14 0 0 0 0 0 5 0
J N 6 756 14 2 4321 288 1 6
K 0 0 43
A D 1 8
H 6 B 1 0 108 2 2 3
J N 7 782 -7 4 5185 288 1 7
K 0 0 43
K 0 0 60
K 0 21 60
A D 2 8
J B 5 818 1 82 6913 576 0
J N 6 839 -7 2 1 0 2 8 7
K 0 0 43
A D 1 8
H 7 T -7 0 0 0 0 0 1 0
J N 6 865 -14 5 865 288 1 8
K 0 0 45
K 0 0 43
K -1 0 45
K 2 0 45
A D 1 8
J N 6 890 0 2 1729 288 1 8
K 0 0 43
A D 1 8
J N 6 915 7 2 2593 288 1 8
K 0 0 43
A D 1 8
H 8 B 1 0 108 4 2 1 1 3
J N 7 941 0 4 3457 288 0
K 0 0 43
K 0 0 60
K 0 21 60
A D 2 8
J N 7 973 7 4 5185 576 0
K 0 0 43
K 0 0 60
K 0 21 60
A D 2 8
J B 6 1009 1 82 6913 576 0
J N 8 1030 14 4 1 0 0
K 0 0 42
K 0 0 60
K 0 21 60
A D 4 8
J R 8 1075 28 2 3457 1152 0
K 0 0 47
A D 4 8
J B 7 1124 1 82 6913 1152 0
J R 9 1145 28 2 1 10000 0
K 0 0 46
A D 8 8
J B 8 1250 1 82 6913 2304 0
J R 9 1271 28 2 1 10000 0
K 0 0 46
A D 8 8
J B 9 1376 1 82 6913 2304 0
J R 9 1397 28 2 1 10000 0
K 0 0 46
A D 8 8
J B 10 1502 1 82 6913 2304 0
J R 8 1523 28 2 1 0 0
K 0 0 47
A D 4 8
J N 7 1568 -14 7 3457 1152 0
K 0 0 45
K 0 0 43
K -1 0 45
K 2 0 45
K 0 0 60
K 0 21 60
A D 2 8
J R 7 1600 28 2 5185 576 0
K 0 0 48
A D 2 8
J B 11 1636 1 82 6913 576 0
J N 7 1657 -21 7 1 0 0
K 0 7 45
K 0 0 43
K 0 7 45
K 1 7 45
K 0 0 60
K 0 21 60
A D 2 8
J R 7 1689 28 2 1729 576 0
K 0 0 48
A D 2 8
J N 7 1721 -7 4 3457 576 0
K 0 0 43
K 0 0 60
K 0 21 60
A D 2 8
J R 7 1753 28 2 5185 576 0
K 0 0 48
A D 2 8
J B 12 1789 1 82 6913 576 0
J N 7 1810 -14 7 1 0 0
K 0 0 45
K 0 0 43
K -1 0 45
K 2 0 45
K 0 0 60
K 0 21 60
A D 2 8
J R 7 1842 28 2 1729 576 0
K 0 0 48
A D 2 8
J N 7 1874 0 4 3457 576 0
K 0 0 43
K 0 0 60
K 0 21 60
A D 2 8
J R 7 1906 28 2 5185 576 0
K 0 0 48
A D 2 8
J B 13 1942 1 82 6913 576 0
J N 6 1963 -7 2 1 0 2 9 10
K 0 0 43
A D 1 8
J N 6 1989 -14 5 865 288 2 10 9
K 0 0 45
K 0 0 43
K -1 0 45
K 2 0 45
A D 1 8
H 9 S 0 0 0 0 0 0 0 0 0
J N 6 2014 0 2 1729 288 2 11 10
K 0 0 43
A D 1 8
J N 6 2040 -7 2 2593 288 2 10 11
K 0 0 43
A D 1 8
H 10 B 1 0 108 4 2 1 1 3
H 11 S 0 0 0 0 0 0 0 0 0
J N 7 2065 7 4 3457 288 0
K 0 0 43
K 0 0 60
K 0 21 60
A D 2 8
J R 7 2097 28 2 5185 576 0
K 0 0 48
A D 2 8
J B 14 2133 1 82 6913 576 0
J N 7 2154 -14 8 1 0 0
K 0 0 45
K 0 0 43
K -1 0 45
K 2 0 45
K 24 -6 44
K 0 0 60
K 0 21 60
A D 3 8
J N 6 2193 -14 6 2593 864 0
K 0 0 45
K 0 0 43
K -1 0 45
K 2 0 45
K 0 0 54
A D 1 8
J N 6 2219 -21 5 3457 288 2 12 13
K 0 7 45
K 0 0 43
K 0 7 45
K 1 7 45
A D 1 8
J N 6 2244 -14 5 4321 288 2 13 12
K 0 0 45
K 0 0 43
K -1 0 45
K 2 0 45
A D 1 8
H 12 S 0 0 0 0 0 0 0 0 0
J N 6 2269 -7 2 5185 288 2 14 13
K 0 0 43
A D 1 8
J N 6 2294 0 2 6049 288 2 13 14
K 0 0 43
A D 1 8
H 13 B 1 0 108 4 2 1 1 3
H 14 S 0 0 0 0 0 0 0 0 0
J B 15 2323 1 82 6913 288 0
J N 8 2344 7 4 1 0 0
K 0 0 42
K 0 0 60
K 0 21 60
A D 4 8
J N 8 2389 14 4 3457 1152 0
K 0 0 42
K 0 0 60
K 0 21 60
A D 4 8
J B 16 2438 1 82 6913 1152 0
J R 9 2459 28 2 1 10000 0
K 0 0 46
A D 8 8
J B 17 2564 1 82 6913 2304 0
J R 9 2585 28 2 1 10000 0
K 0 0 46
A D 8 8
J B 18 2712 10 6 6913 2304 0
K -22 21 44
K -22 35 44
K -12 0 84
K 0 0 84
K 11 21 44
K 11 35 44
J N 7 2749 0 4 1 0 0
K 0 0 43
K 0 0 60
K 0 21 60
A D 2 8
J R 7 2781 28 2 1729 576 0
K 0 0 48
A D 2 8
J N 7 2813 7 4 3457 576 0
K 0 0 43
K 0 0 60
K 0 21 60
A D 2 8
J R 7 2845 28 2 5185 576 0
K 0 0 48
A D 2 8
J B 19 2881 1 82 6913 576 0
J N 7 2902 14 4 1 0 0
K 0 0 43
K 0 0 60
K 0 21 60
A D 2 8
J R 7 2934 28 2 1729 576 0
K 0 0 48
A D 2 8
J N 7 2966 21 4 3457 576 0
K 0 0 43
K 0 0 60
K 0 21 60
A D 2 8
J R 7 2998 28 2 5185 576 0
K 0 0 48
A D 2 8
J B 20 3034 1 82 6913 576 0
J N 7 3055 0 5 1 0 0
K 0 0 43
K 24 -6 44
K 0 0 60
K 0 21 60
A D 3 8
J N 6 3094 -21 7 2593 864 0
K 0 7 45
K 0 0 43
K 0 7 45
K 1 7 45
K 0 0 60
K 0 0 54
A D 1 8
J N 7 3119 -7 4 3457 288 0
K 0 0 43
K 0 0 60
K 0 21 60
A D 2 8
J N 7 3151 0 4 5185 576 1 15
K 0 0 43
K 0 0 60
K 0 21 60
A D 2 8
J B 21 3187 1 82 6913 576 0
J N 7 3208 0 4 1 0 1 15
K 0 0 43
K 0 0 60
K 0 21 60
A D 2 8
H 15 T 0 0 0 0 0 0 5 0
J N 7 3240 7 4 1729 576 0
K 0 0 43
K 0 0 60
K 0 21 60
A D 2 8
J N 8 3272 0 4 3457 576 0
K 0 0 42
K 0 0 60
K 0 21 60
A D 4 8
J B 22 3321 1 82 6913 1152 0
J R 9 3342 28 2 1 10000 0
K 0 0 46
A D 8 8
J B 23 3447 1 82 6913 2304 0
J R 9 3468 28 2 1 10000 0
K 0 0 46
A D 8 8
J B 24 3573 1 82 6913 2304 0
J R 9 3594 28 2 1 10000 0
K 0 0 46
A D 8 8
J B 25 3699 1 82 6913 2304 0
J R 9 3720 28 2 1 10000 0
K 0 0 46
A D 8 8
J B 26 3825 1 82 6913 2304 0
J N 7 3852 14 6 1 0 0
K -18 0 63
K 0 0 43
K 24 -6 44
K 0 0 60
K 0 21 60
A D 3 8
J N 6 3891 14 3 2593 864 0
K 0 0 43
K 0 0 54
A D 1 8
J N 8 3917 7 4 3457 288 0
K 0 0 42
K 0 0 60
K 0 21 60
A D 4 8
J B 27 3966 1 82 6913 1152 0
J R 9 3987 28 2 1 10000 0
K 0 0 46
A D 8 8
J B 28 4092 1 82 6913 2304 0
J N 7 4113 -14 8 1 0 0
K 0 0 45
K 0 0 43
K -1 0 45
K 2 0 45
K 24 -6 44
K 0 0 60
K 0 21 60
A D 3 8
J N 6 4152 -7 3 2593 864 0
K 0 0 43
K 0 0 54
A D 1 8
J N 8 4177 0 4 3457 288 0
K 0 0 42
K 0 0 60
K 0 21 60
A D 4 8
J B 29 4226 1 82 6913 1152 0
J R 9 4247 28 2 1 10000 0
K 0 0 46
A D 8 8
J B 30 4352 1 82 6913 2304 0
J R 9 4373 28 2 1 10000 0
K 0 0 46
A D 8 8
J B 31 4478 1 82 6913 2304 0
J N 7 4499 0 5 1 0 0
K 0 0 43
K 24 -6 44
K 0 0 60
K 0 21 60
A D 3 8
J N 6 4538 -14 6 2593 864 0
K 0 0 45
K 0 0 43
K -1 0 45
K 2 0 45
K 0 0 54
A D 1 8
J N 6 4563 28 2 3457 288 2 16 17
K 0 0 43
A D 1 8
J N 6 4589 21 2 4321 288 2 17 16
K 0 0 43
A D 1 8
H 17 B 1 0 108 2 2 3
H 16 S 0 0 0 0 0 0 0 0 0
J N 7 4615 14 4 5185 288 0
K 0 0 43
K 0 0 60
K 0 21 60
A D 2 8
J B 32 4651 1 82 6913 576 0
J N 7 4672 14 5 1 0 0
K 0 0 43
K 24 -6 44
K 0 0 60
K 0 21 60
A D 3 8
J N 6 4711 21 3 2593 864 0
K 0 0 43
K 0 0 54
A D 1 8
J N 8 4737 14 4 3457 288 0
K 0 0 42
K 0 0 60
K 0 21 60
A D 4 8
J B 33 4786 1 82 6913 1152 0
J N 7 4807 49 6 1 0 0
K 0 0 43
K 25 0 44
K 0 32 108
K 0 0 59
K 0 -21 59
A D 3 8
J N 6 4846 35 3 2593 864 0
K 0 0 43
K 0 0 53
A D 1 8
J N 6 4875 77 5 3457 288 1 18
K 1 -7 45
K 0 0 43
K 0 -7 45
K 1 -7 45
A D 1 8
J N 6 4901 70 5 4321 288 1 18
K 1 0 45
K 0 0 43
K -1 0 45
K 2 0 45
A D 1 8
H 18 B 0 0 108 2 2 3
J N 7 4927 63 4 5185 288 0
K 0 0 43
K 0 0 59
K 0 -21 59
A D 2 8
J B 34 4963 1 82 6913 576 0
J N 7 4984 63 5 1 0 0
K 0 0 43
K 25 0 44
K 0 0 59
K 0 -21 59
A D 3 8
J N 6 5023 70 6 2593 864 0
K 1 0 45
K 0 0 43
K -1 0 45
K 2 0 45
K 0 0 53
A D 1 8
J N 8 5060 63 4 3457 288 0
K 0 0 42
K 0 0 59
K 0 -21 59
A D 4 8
J B 0 5132 6 4 6913 1152 0
K -23 21 44
K -23 35 44
K -13 0 82
K -6 0 84
J M 0 5132 0 0 10000 0 0
