@ SOURCE: not identified 
L 0 0 14 !39Basso concerto grosso
J D 4 500 -120 1 6913 0 0
W 0 0 44 III
J D 1 75 -37 1 6913 0 0
W 0 -56 44 III:  Basso concerto grosso
J C 22 5 14 36 6913 0 0
J K 2 57 0 2 6913 0 0
K 0 14 63
K 15 35 63
J D 5 103 -42 1 6913 0 0
W 0 0 37 Allegro
J T 101 103 42 1 6913 0 0
K 0 0 37
J N 6 151 28 2 1 0 1 1
K 0 0 43
A D 1 8
J N 6 177 21 2 865 288 1 1
K 0 0 43
A D 1 8
J N 6 203 14 2 1729 288 1 1
K 0 0 43
A D 1 8
J N 6 228 28 2 2593 288 1 1
K 0 0 43
A D 1 8
H 1 B 1 0 108 4 2 1 1 3
J N 6 254 7 2 3457 288 1 2
K 0 0 43
A D 1 8
J N 6 280 0 2 4321 288 1 2
K 0 0 43
A D 1 8
J N 6 306 -7 2 5185 288 1 2
K 0 0 43
A D 1 8
J N 6 331 7 2 6049 288 1 2
K 0 0 43
A D 1 8
H 2 B 1 0 108 4 2 1 1 3
J B 2 360 1 82 6913 288 0
J N 6 381 21 2 1 0 1 3
K 0 0 43
A D 1 8
J N 6 407 14 2 865 288 1 3
K 0 0 43
A D 1 8
J N 6 433 7 2 1729 288 1 3
K 0 0 43
A D 1 8
J N 6 458 21 2 2593 288 1 3
K 0 0 43
A D 1 8
H 3 B 1 0 108 4 2 1 1 3
J N 6 484 0 2 3457 288 1 4
K 0 0 43
A D 1 8
J N 6 510 -7 2 4321 288 1 4
K 0 0 43
A D 1 8
J N 6 536 -14 5 5185 288 1 4
K 0 0 45
K 0 0 43
K -1 0 45
K 2 0 45
A D 1 8
J N 6 561 0 2 6049 288 1 4
K 0 0 43
A D 1 8
H 4 B 1 0 108 4 2 1 1 3
J B 3 590 1 82 6913 288 0
J N 6 611 28 2 1 0 1 5
K 0 0 43
A D 1 8
J N 6 637 21 2 865 288 1 5
K 0 0 43
A D 1 8
J N 6 663 14 2 1729 288 1 5
K 0 0 43
A D 1 8
J N 6 688 28 2 2593 288 1 5
K 0 0 43
A D 1 8
H 5 B 1 0 108 4 2 1 1 3
J N 7 714 7 4 3457 288 0
K 0 0 43
K 0 0 60
K 0 21 60
A D 2 8
J N 7 746 28 4 5185 576 0
K 0 0 43
K 0 0 60
K 0 21 60
A D 2 8
J B 4 782 1 82 6913 576 0
J N 7 803 0 4 1 0 0
K 0 0 43
K 0 0 60
K 0 21 60
A D 2 8
J R 6 835 28 2 1729 576 0
K 0 0 49
A D 1 8
J N 6 860 14 3 2593 288 0
K 0 0 43
K 0 0 54
A D 1 8
J F 0 885 98 1 3457 288 0
K 0 0 208
J N 6 885 7 2 3457 0 1 6
K 0 0 43
A D 1 8
J N 6 911 0 2 4321 288 1 6
K 0 0 43
A D 1 8
J F 0 936 98 1 5185 288 0
K 0 0 205
J N 6 936 -7 2 5185 0 1 6
K 0 0 43
A D 1 8
J N 6 961 7 2 6049 288 1 6
K 0 0 43
A D 1 8
H 6 B 1 0 108 4 2 1 1 3
J B 5 990 1 82 6913 288 0
J F 0 1011 98 1 1 0 0
K 0 0 206
J N 6 1011 0 2 1 0 1 7
K 0 0 43
A D 1 8
J N 6 1037 -14 5 865 288 1 7
K 0 0 45
K 0 0 43
K -1 0 45
K 2 0 45
A D 1 8
J N 6 1063 -21 5 1729 288 1 7
K 0 7 45
K 0 0 43
K 0 7 45
K 1 7 45
A D 1 8
J F 0 1088 98 2 2593 288 0
K 0 0 205
K 0 21 204
J N 6 1088 7 2 2593 0 1 7
K 0 0 43
A D 1 8
H 7 B 1 0 108 4 2 1 1 3
J F 0 1113 98 2 3457 288 0
K 0 0 205
K 0 21 203
J N 6 1113 0 2 3457 0 1 8
K 0 0 43
A D 1 8
J N 6 1138 7 2 4321 288 1 8
K 0 0 43
A D 1 8
J F 0 1163 98 2 5185 288 0
K 0 0 204
K 0 21 202
J N 6 1163 0 2 5185 0 1 8
K 0 0 43
A D 1 8
J N 6 1188 49 2 6049 288 1 8
K 0 0 43
A D 1 8
H 8 B 1 0 108 4 2 1 1 3
J B 6 1217 1 82 6913 288 0
J N 8 1238 28 4 1 0 0
K 0 0 42
K 0 0 60
K 0 21 60
A D 4 8
J R 8 1283 28 2 3457 1152 0
K 0 0 47
A D 4 8
J B 7 1332 1 82 6913 1152 0
J R 9 1353 28 2 1 10000 0
K 0 0 46
A D 8 8
J B 8 1458 1 82 6913 2304 0
J R 9 1479 28 2 1 10000 0
K 0 0 46
A D 8 8
J B 9 1584 1 82 6913 2304 0
J R 9 1605 28 2 1 10000 0
K 0 0 46
A D 8 8
J B 10 1710 1 82 6913 2304 0
J R 8 1731 28 2 1 0 0
K 0 0 47
A D 4 8
J N 6 1776 28 2 3457 1152 1 9
K 0 0 43
A D 1 8
J N 6 1802 21 2 4321 288 1 9
K 0 0 43
A D 1 8
J N 6 1828 14 2 5185 288 1 9
K 0 0 43
A D 1 8
J N 6 1853 28 2 6049 288 1 9
K 0 0 43
A D 1 8
H 9 B 1 0 108 4 2 1 1 3
J B 11 1882 1 82 6913 288 0
J N 6 1903 7 2 1 0 1 10
K 0 0 43
A D 1 8
J N 6 1929 0 2 865 288 1 10
K 0 0 43
A D 1 8
J N 6 1955 -7 2 1729 288 1 10
K 0 0 43
A D 1 8
J N 6 1980 7 2 2593 288 1 10
K 0 0 43
A D 1 8
H 10 B 1 0 108 4 2 1 1 3
J N 6 2005 21 2 3457 288 1 11
K 0 0 43
A D 1 8
J N 6 2031 14 2 4321 288 1 11
K 0 0 43
A D 1 8
J N 6 2057 7 2 5185 288 1 11
K 0 0 43
A D 1 8
J N 6 2082 21 2 6049 288 1 11
K 0 0 43
A D 1 8
H 11 B 1 0 108 4 2 1 1 3
J B 12 2111 1 82 6913 288 0
J N 6 2132 0 2 1 0 1 12
K 0 0 43
A D 1 8
J N 6 2158 -7 2 865 288 1 12
K 0 0 43
A D 1 8
J N 6 2184 -14 5 1729 288 1 12
K 0 0 45
K 0 0 43
K -1 0 45
K 2 0 45
A D 1 8
J N 6 2209 0 2 2593 288 1 12
K 0 0 43
A D 1 8
H 12 B 1 0 108 4 2 1 1 3
J N 6 2234 28 2 3457 288 1 13
K 0 0 43
A D 1 8
J N 6 2260 21 2 4321 288 1 13
K 0 0 43
A D 1 8
J N 6 2286 14 2 5185 288 1 13
K 0 0 43
A D 1 8
J N 6 2311 28 2 6049 288 1 13
K 0 0 43
A D 1 8
H 13 B 1 0 108 4 2 1 1 3
J B 13 2340 1 82 6913 288 0
J N 7 2361 7 4 1 0 0
K 0 0 43
K 0 0 60
K 0 21 60
A D 2 8
J N 7 2393 28 4 1729 576 0
K 0 0 43
K 0 0 60
K 0 21 60
A D 2 8
J N 7 2425 0 4 3457 576 0
K 0 0 43
K 0 0 60
K 0 21 60
A D 2 8
J R 7 2457 28 2 5185 576 0
K 0 0 48
A D 2 8
J B 14 2493 1 82 6913 576 0
J N 6 2514 14 2 1 0 1 14
K 0 0 43
A D 1 8
J N 6 2540 7 2 865 288 1 14
K 0 0 43
A D 1 8
J N 6 2566 0 2 1729 288 1 14
K 0 0 43
A D 1 8
J N 6 2591 14 2 2593 288 1 14
K 0 0 43
A D 1 8
H 14 B 1 0 108 4 2 1 1 3
J N 6 2617 7 2 3457 288 1 15
K 0 0 43
A D 1 8
J N 6 2643 0 2 4321 288 1 15
K 0 0 43
A D 1 8
J N 6 2669 -7 2 5185 288 1 15
K 0 0 43
A D 1 8
J N 6 2694 14 2 6049 288 1 15
K 0 0 43
A D 1 8
H 15 B 1 0 108 4 2 1 1 3
J B 15 2723 1 82 6913 288 0
J F 0 2744 98 2 1 0 0
K 0 0 205
K 0 21 204
J N 6 2744 7 2 1 0 1 16
K 0 0 43
A D 1 8
J N 6 2769 21 2 865 288 1 16
K 0 0 43
A D 1 8
J F 0 2794 98 1 1729 288 0
K 0 21 203
J N 6 2794 0 2 1729 0 1 16
K 0 0 43
A D 1 8
J F 0 2819 98 1 2593 288 0
K 0 21 202
J N 6 2819 49 2 2593 0 1 16
K 0 0 43
A D 1 8
H 16 B 1 0 108 4 2 1 1 3
J N 8 2845 28 4 3457 288 0
K 0 0 42
K 0 0 60
K 0 21 60
A D 4 8
J B 16 2894 1 82 6913 1152 0
J R 9 2915 28 2 1 10000 0
K 0 0 46
A D 8 8
J B 17 3020 1 82 6913 2304 0
J R 9 3041 28 2 1 10000 0
K 0 0 46
A D 8 8
J B 18 3168 10 6 6913 2304 0
K -22 21 44
K -22 35 44
K -12 0 84
K 0 0 84
K 11 21 44
K 11 35 44
J N 6 3205 28 2 1 0 1 17
K 0 0 43
A D 1 8
J N 6 3231 21 2 865 288 1 17
K 0 0 43
A D 1 8
J N 6 3257 14 2 1729 288 1 17
K 0 0 43
A D 1 8
J N 6 3283 7 2 2593 288 1 17
K 0 0 43
A D 1 8
H 17 B 1 0 108 4 2 1 1 3
J N 6 3309 0 2 3457 288 1 18
K 0 0 43
A D 1 8
J N 6 3335 -7 2 4321 288 1 18
K 0 0 43
A D 1 8
J N 6 3361 -14 5 5185 288 1 18
K 0 0 45
K 0 0 43
K -1 0 45
K 2 0 45
A D 1 8
J F 0 3400 98 1 6049 288 0
K 0 0 205
J N 6 3400 0 3 6049 0 1 18
K -18 0 63
K 0 0 43
A D 1 8
H 18 B 1 0 108 4 2 1 1 3
J B 19 3429 1 82 6913 288 0
J N 6 3450 -7 2 1 0 1 19
K 0 0 43
A D 1 8
J N 6 3476 -14 5 865 288 1 19
K 0 0 45
K 0 0 43
K -1 0 45
K 2 0 45
A D 1 8
J N 6 3502 -21 5 1729 288 1 19
K 0 7 45
K 0 0 43
K 0 7 45
K 1 7 45
A D 1 8
J N 6 3528 -28 6 2593 288 1 19
K 0 14 45
K 0 0 45
K 0 0 43
K -1 0 45
K 2 0 45
A D 1 8
H 19 B 1 0 108 4 2 1 1 3
J F 0 3553 98 1 3457 288 0
K 0 0 213
J N 7 3553 -35 9 3457 0 0
K 0 21 45
K 0 7 45
K 0 0 43
K 0 7 45
K 1 7 45
K 0 0 60
K 0 28 60
K 0 35 60
A D 2 8
J R 7 3585 28 2 5185 576 0
K 0 0 48
A D 2 8
J B 20 3621 1 82 6913 576 0
J F 0 3642 98 1 1 0 0
K 0 0 205
J N 6 3642 28 2 1 0 1 20
K 0 0 43
A D 1 8
J N 6 3668 21 2 865 288 1 20
K 0 0 43
A D 1 8
J N 6 3694 14 2 1729 288 1 20
K 0 0 43
A D 1 8
J N 6 3719 28 2 2593 288 1 20
K 0 0 43
A D 1 8
H 20 B 1 0 108 4 2 1 1 3
J N 7 3745 21 4 3457 288 0
K 0 0 43
K 0 0 60
K 0 21 60
A D 2 8
J F 0 3777 98 1 5185 576 0
K 0 0 213
J N 7 3777 14 4 5185 0 0
K 0 0 43
K 0 0 60
K 0 21 60
A D 2 8
J B 21 3813 1 82 6913 576 0
J F 0 3834 98 1 1 0 0
K 0 0 206
J N 8 3834 7 4 1 0 0
K 0 0 42
K 0 0 60
K 0 21 60
A D 4 8
J F 0 3866 98 1 1729 576 0
K 0 0 205
J F 0 3898 98 1 3457 576 0
K 0 0 213
J N 8 3898 14 4 3457 0 0
K 0 0 42
K 0 0 60
K 0 21 60
A D 4 8
J B 22 3947 1 82 6913 1152 0
J R 9 3968 28 2 1 10000 0
K 0 0 46
A D 8 8
J B 23 4073 1 82 6913 2304 0
J R 9 4094 28 2 1 10000 0
K 0 0 46
A D 8 8
J B 24 4199 1 82 6913 2304 0
J R 9 4220 28 2 1 10000 0
K 0 0 46
A D 8 8
J B 25 4325 1 82 6913 2304 0
J R 9 4346 28 2 1 10000 0
K 0 0 46
A D 8 8
J B 26 4451 1 82 6913 2304 0
J F 0 4472 98 1 1 0 0
K 0 0 213
J N 6 4472 -7 2 1 0 1 21
K 0 0 43
A D 1 8
J N 6 4498 -14 5 865 288 1 21
K 0 0 45
K 0 0 43
K -1 0 45
K 2 0 45
A D 1 8
J N 6 4523 -7 2 1729 288 1 21
K 0 0 43
A D 1 8
J N 6 4548 0 2 2593 288 1 21
K 0 0 43
A D 1 8
H 21 B 1 0 108 4 2 1 1 3
J F 0 4588 98 1 3457 288 0
K 0 0 205
J N 6 4588 7 3 3457 0 1 22
K -18 0 63
K 0 0 43
A D 1 8
J N 6 4613 14 2 4321 288 1 22
K 0 0 43
A D 1 8
J N 6 4639 7 2 5185 288 1 22
K 0 0 43
A D 1 8
J N 6 4664 21 2 6049 288 1 22
K 0 0 43
A D 1 8
H 22 B 1 0 108 4 2 1 1 3
J B 27 4693 1 82 6913 288 0
J R 9 4714 28 2 1 10000 0
K 0 0 46
A D 8 8
J B 28 4819 1 82 6913 2304 0
J F 0 4840 98 1 1 0 0
K 0 0 205
J N 6 4840 35 2 1 0 1 23
K 0 0 43
A D 1 8
J N 6 4865 42 2 865 288 1 23
K 0 0 43
A D 1 8
J N 6 4891 35 2 1729 288 1 23
K 0 0 43
A D 1 8
J N 6 4916 49 2 2593 288 1 23
K 0 0 43
A D 1 8
H 23 B 0 0 108 4 2 1 1 3
J N 6 4942 28 2 3457 288 1 24
K 0 0 43
A D 1 8
J N 6 4968 21 2 4321 288 1 24
K 0 0 43
A D 1 8
J N 6 4994 14 2 5185 288 1 24
K 0 0 43
A D 1 8
J N 6 5019 28 2 6049 288 1 24
K 0 0 43
A D 1 8
H 24 B 1 0 108 4 2 1 1 3
J B 29 5048 1 82 6913 288 0
J R 9 5069 28 2 1 10000 0
K 0 0 46
A D 8 8
J B 30 5174 1 82 6913 2304 0
J R 9 5195 28 2 1 10000 0
K 0 0 46
A D 8 8
J B 31 5300 1 82 6913 2304 0
J N 6 5321 -21 5 1 0 1 25
K 0 7 45
K 0 0 43
K 0 7 45
K 1 7 45
A D 1 8
J N 6 5346 -14 5 865 288 1 25
K 0 0 45
K 0 0 43
K -1 0 45
K 2 0 45
A D 1 8
J N 6 5371 -7 2 1729 288 1 25
K 0 0 43
A D 1 8
J N 6 5396 0 2 2593 288 1 25
K 0 0 43
A D 1 8
H 25 B 1 0 108 4 2 1 1 3
J N 6 5421 7 2 3457 288 1 26
K 0 0 43
A D 1 8
J N 6 5447 0 2 4321 288 1 26
K 0 0 43
A D 1 8
J N 6 5473 -7 2 5185 288 1 26
K 0 0 43
A D 1 8
J N 6 5498 14 2 6049 288 1 26
K 0 0 43
A D 1 8
H 26 B 1 0 108 4 2 1 1 3
J B 32 5527 1 82 6913 288 0
J F 0 5548 98 2 1 0 0
K 0 0 205
K 0 21 204
J N 6 5548 7 2 1 0 1 27
K 0 0 43
A D 1 8
J N 6 5573 21 2 865 288 1 27
K 0 0 43
A D 1 8
J F 0 5598 98 1 1729 288 0
K 0 21 203
J N 6 5598 0 2 1729 0 1 27
K 0 0 43
A D 1 8
J F 0 5623 98 1 2593 288 0
K 0 21 202
J N 6 5623 49 2 2593 0 1 27
K 0 0 43
A D 1 8
H 27 B 1 0 108 4 2 1 1 3
J N 8 5649 28 4 3457 288 0
K 0 0 42
K 0 0 60
K 0 21 60
A D 4 8
J B 33 5698 1 82 6913 1152 0
J N 6 5719 -21 6 1 0 1 28
K 0 7 45
K 0 0 43
K 0 7 45
K 1 7 45
K 0 99 108
A D 1 8
J N 6 5744 -14 5 865 288 1 28
K 0 0 45
K 0 0 43
K -1 0 45
K 2 0 45
A D 1 8
J N 6 5769 -7 2 1729 288 1 28
K 0 0 43
A D 1 8
J N 6 5794 0 2 2593 288 1 28
K 0 0 43
A D 1 8
H 28 B 1 0 108 4 2 1 1 3
J N 6 5819 7 2 3457 288 1 29
K 0 0 43
A D 1 8
J N 6 5845 0 2 4321 288 1 29
K 0 0 43
A D 1 8
J N 6 5871 -7 2 5185 288 1 29
K 0 0 43
A D 1 8
J N 6 5896 14 2 6049 288 1 29
K 0 0 43
A D 1 8
H 29 B 1 0 108 4 2 1 1 3
J B 34 5925 1 82 6913 288 0
J F 0 5946 98 2 1 0 0
K 0 0 205
K 0 21 204
J N 6 5946 7 2 1 0 1 30
K 0 0 43
A D 1 8
J N 6 5971 21 2 865 288 1 30
K 0 0 43
A D 1 8
J F 0 5996 98 1 1729 288 0
K 0 21 203
J N 6 5996 0 2 1729 0 1 30
K 0 0 43
A D 1 8
J F 0 6021 98 1 2593 288 0
K 0 21 202
J N 6 6021 49 2 2593 0 1 30
K 0 0 43
A D 1 8
H 30 B 1 0 108 4 2 1 1 3
J N 8 6047 28 4 3457 288 0
K 0 0 42
K 0 0 60
K 0 21 60
A D 4 8
J B 0 6119 6 4 6913 1152 0
K -23 21 44
K -23 35 44
K -13 0 82
K -6 0 84
J M 0 6119 0 0 10000 0 0
