X 46 1200C 120 V.  
S 0 500 270 1750 1066 7 "[...][....]" 
L 0 0 0 0 0 * 0 14 0 
J D 0 -300 21 1 6913 0 0 
W 0 0 39 Violino 1 
W 0 42 33 concertino 
J D 1 75 -37 1 6913 0 0 
W 0 -56 0 (44) :  Violino 1 
J C 4 5 42 2 6913 0 0 
K 0 0 33 
K 0 0 34 
J K 2 57 0 2 6913 0 0 
K 0 0 63 
K 15 21 63 
J D 5 103 -42 1 6913 0 0 
W 0 -37 37 Allegro 
J T 0 103 42 1 6913 0 0 
K 0 0 38 
J D 0 151 0 1 1 0 0 
W 0 -42 33 !31|Soli 
J N 9 151 -14 6 1 0 0 
K 0 0 45 
K 6 0 45 
K 0 0 41 
K -1 0 45 
K 2 0 45 
A D 4 4 
J N 8 197 -21 8 3457 2304 0 
K 0 7 45 
K 0 0 42 
K 0 7 45 
K 1 7 45 
K 25 0 44 
K 0 0 60 
K 0 21 60 
A D 3 4 
J N 7 238 -28 8 6049 1728 0 
K 0 14 45 
K 0 0 45 
K 0 0 43 
K -1 0 45 
K 2 0 45 
K 0 0 60 
K 0 28 60 
A D 1 4 
J B 2 268 1 82 6913 576 0 
J N 7 289 -35 9 1 0 0 
K 0 21 45 
K 0 7 45 
K 0 0 43 
K 0 7 45 
K 1 7 45 
K 0 0 60 
K 0 28 60 
K 0 35 60 
A D 1 4 
J N 7 313 -14 7 865 576 0 
K 0 0 45 
K 0 0 43 
K -1 0 45 
K 2 0 45 
K 0 0 60 
K 0 21 60 
A D 1 4 
J N 9 337 -35 8 1729 576 0 
K 0 21 45 
K 6 21 45 
K 0 7 45 
K 6 7 45 
K 0 0 41 
K 0 7 45 
K 1 7 45 
A D 4 4 
J N 8 387 -28 9 5185 2304 1 1 
K 0 14 45 
K 0 0 45 
K -14 0 64 
K 0 0 42 
K -1 0 45 
K 2 0 45 
K 0 0 60 
K 0 28 60 
A D 2 4 
J B 3 431 1 82 6913 1152 0 
J N 8 454 -28 9 1 0 1 1 
K 0 14 45 
K 0 0 45 
k -14 0 64 
K 0 0 42 
K -1 0 45 
K 2 0 45 
K 0 0 60 
K 0 28 60 
A D 2 4 
H 1 T -28 0 0 0 0 0 5 0 
J N 8 502 -21 7 1729 1152 0 
K 0 7 45 
K 0 0 42 
K 0 7 45 
K 1 7 45 
K 0 0 60 
K 0 21 60 
A D 2 4 
J N 8 535 -7 4 3457 1152 0 
K 0 0 42 
K 0 0 60 
K 0 21 60 
A D 2 4 
J N 8 568 -35 9 5185 1152 1 2 
K 0 21 45 
K 0 7 45 
K 0 0 42 
K 0 7 45 
K 1 7 45 
K 0 0 60 
K 0 28 60 
K 0 35 60 
A D 2 4 
J B 4 605 1 82 6913 1152 0 
J N 8 626 -35 9 1 0 1 2 
K 0 21 45 
K 0 7 45 
K 0 0 42 
K 0 7 45 
K 1 7 45 
K 0 0 60 
K 0 28 60 
K 0 35 60 
A D 2 4 
H 2 T -35 0 0 0 0 0 1 0 
J N 8 659 -28 8 1729 1152 0 
K 0 14 45 
K 0 0 45 
K 0 0 42 
K -1 0 45 
K 2 0 45 
K 0 0 60 
K 0 28 60 
A D 2 4 
J N 8 692 -35 10 3457 1152 0 
K 0 21 45 
K 0 7 45 
K 0 0 42 
K 0 7 45 
K 1 7 45 
K 25 0 44 
K 0 0 60 
K 0 28 60 
K 0 35 60 
A D 3 4 
J N 7 749 -42 10 6049 1728 0 
K 0 28 45 
K 0 14 45 
K 0 0 45 
K 0 0 43 
K -1 0 45 
K 2 0 45 
K 0 0 60 
K 0 28 60 
K 0 42 60 
A D 1 4 
J B 5 779 1 82 6913 576 0 
J N 8 800 -14 7 1 0 0 
K 0 0 45 
K 0 0 42 
K -1 0 45 
K 2 0 45 
K 0 0 60 
K 0 21 60 
A D 2 4 
J D 0 849 0 1 1729 1152 0 
W 0 -21 33 !31|Tutti 
J N 9 849 14 2 1729 0 0 
K 0 0 41 
A D 4 4 
J N 8 915 21 5 5185 2304 1 3 
K -14 0 64 
K 0 0 42 
K 0 0 60 
K 0 21 60 
A D 2 4 
J B 6 978 1 82 6913 1152 0 
J N 8 1001 21 5 1 0 1 3 
k -14 0 64 
K 0 0 42 
K 0 0 60 
K 0 21 60 
A D 2 4 
H 3 T 21 0 0 0 0 0 1 0 
J N 8 1059 28 4 1729 1152 0 
K 0 0 42 
K 0 0 60 
K 0 21 60 
A D 2 4 
J N 7 1103 21 5 3457 1152 0 
K -18 0 63 
K 0 0 43 
K 0 0 60 
K 0 21 60 
A D 1 4 
J N 7 1128 35 4 4321 576 0 
K 0 0 43 
K 0 0 59 
K 0 -21 59 
A D 1 4 
J N 8 1153 14 4 5185 576 1 4 
K 0 0 42 
K 0 0 60 
K 0 21 60 
A D 2 4 
J B 7 1196 1 82 6913 1152 0 
J N 8 1217 14 4 1 0 1 4 
K 0 0 42 
K 0 0 60 
K 0 21 60 
A D 2 4 
H 4 T 14 0 0 0 0 0 5 0 
J N 8 1267 21 4 1729 1152 0 
K 0 0 42 
K 0 0 60 
K 0 21 60 
A D 2 4 
J N 8 1300 14 4 3457 1152 0 
K 0 0 42 
K 0 0 60 
K 0 21 60 
A D 2 4 
J N 8 1333 35 4 5185 1152 0 
K 0 0 42 
K 0 0 59 
K 0 -21 59 
A D 2 4 
J B 8 1370 1 82 6913 1152 0 
J N 8 1397 28 4 1 0 0 
K 0 0 42 
K 0 0 60 
K 0 21 60 
A D 2 4 
J N 8 1430 21 4 1729 1152 0 
K 0 0 42 
K 0 0 60 
K 0 21 60 
A D 2 4 
J N 9 1471 14 2 3457 1152 0 
K 0 0 41 
A D 4 4 
J B 9 1558 1 82 6913 2304 0 
J N 8 1579 21 4 1 0 0 
K 0 0 42 
K 0 0 60 
K 0 21 60 
A D 2 4 
J N 8 1612 -14 7 1729 1152 1 5 
K 0 0 45 
K 0 0 42 
K -1 0 45 
K 2 0 45 
K 0 0 60 
K 0 21 60 
A D 2 4 
J N 7 1645 -14 7 3457 1152 1 5 
K 0 0 45 
K 0 0 43 
K -1 0 45 
K 2 0 45 
K 0 0 60 
K 0 21 60 
A D 1 4 
H 5 T -14 0 0 0 0 0 5 0 
J N 7 1670 14 4 4321 576 0 
K 0 0 43 
K 0 0 60 
K 0 21 60 
A D 1 4 
J N 8 1695 -7 4 5185 576 1 6 
K 0 0 42 
K 0 0 60 
K 0 21 60 
A D 2 4 
J B 10 1750 1 82 6913 1152 0 
J M 0 1750 0 0 6913 0 1 6 
H 6 T -7 0 0 0 0 0 1 0 
E * 
L 160 0 0 0 0 * 0 14 0 
J D 0 -300 21 1 6913 0 0 
W 0 0 39 Violino 2 
W 0 42 33 concertino 
J D 1 75 -37 1 6913 0 0 
W 0 -56 0 (44) :  Violino 2 
J C 4 5 42 2 6913 0 0 
K 0 0 33 
K 0 0 34 
J K 2 57 0 2 6913 0 0 
K 0 0 63 
K 15 21 63 
J D 5 103 -42 1 6913 0 0 
W 0 0 0 (37) Allegro 
J T 0 103 42 1 6913 0 0 
K 0 0 38 
J R 9 171 28 2 1 10000 0 
K 0 0 46 
A D 8 4 
J B 2 268 1 82 6913 4608 0 
J N 9 289 14 2 1 0 0 
K 0 0 41 
A D 4 4 
J N 8 360 7 5 3457 2304 0 
K 0 0 42 
K 25 0 44 
K 0 0 60 
K 0 21 60 
A D 3 4 
J N 7 401 0 4 6049 1728 0 
K 0 0 43 
K 0 0 60 
K 0 21 60 
A D 1 4 
J B 3 431 1 82 6913 576 0 
J N 7 454 -7 4 1 0 0 
K 0 0 43 
K 0 0 60 
K 0 21 60 
A D 1 4 
J N 7 478 14 4 865 576 0 
K 0 0 43 
K 0 0 60 
K 0 21 60 
A D 1 4 
J N 9 502 -7 2 1729 576 0 
K 0 0 41 
A D 4 4 
J N 8 568 0 4 5185 2304 0 
K 0 0 42 
K 0 0 60 
K 0 21 60 
A D 2 4 
J B 4 605 1 82 6913 1152 0 
J N 8 626 7 4 1 0 0 
K 0 0 42 
K 0 0 60 
K 0 21 60 
A D 2 4 
J N 9 659 -14 6 1729 1152 0 
K 0 0 45 
K 6 0 45 
K 0 0 41 
K -1 0 45 
K 2 0 45 
A D 4 4 
J N 8 725 -7 4 5185 2304 1 1 
K 0 0 42 
K 0 0 60 
K 0 21 60 
A D 2 4 
J B 5 779 1 82 6913 1152 0 
J N 8 800 -7 4 1 0 1 1 
K 0 0 42 
K 0 0 60 
K 0 21 60 
A D 2 4 
H 1 T -7 0 0 0 0 0 1 0 
J N 8 849 0 4 1729 1152 0 
K 0 0 42 
K 0 0 60 
K 0 21 60 
A D 2 4 
J N 8 882 -7 5 3457 1152 0 
K 0 0 42 
K 25 0 44 
K 0 0 60 
K 0 21 60 
A D 3 4 
J N 7 948 -14 7 6049 1728 0 
K 0 0 45 
K 0 0 43 
K -1 0 45 
K 2 0 45 
K 0 0 60 
K 0 21 60 
A D 1 4 
J B 6 978 1 82 6913 576 0 
J N 8 1001 14 4 1 0 0 
K 0 0 42 
K 0 0 60 
K 0 21 60 
A D 2 4 
J N 8 1059 14 4 1729 1152 0 
K 0 0 42 
K 0 0 60 
K 0 21 60 
A D 2 4 
J N 8 1103 7 4 3457 1152 0 
K 0 0 42 
K 0 0 60 
K 0 21 60 
A D 2 4 
J N 8 1153 0 4 5185 1152 0 
K 0 0 42 
K 0 0 60 
K 0 21 60 
A D 2 4 
J B 7 1196 1 82 6913 1152 0 
J N 9 1217 -7 2 1 0 0 
K 0 0 41 
A D 4 4 
J N 8 1300 0 4 3457 2304 0 
K 0 0 42 
K 0 0 60 
K 0 21 60 
A D 2 4 
J N 8 1333 49 4 5185 1152 0 
K 0 0 42 
K 0 0 59 
K 0 -21 59 
A D 2 4 
J B 8 1370 1 82 6913 1152 0 
J N 8 1397 42 5 1 0 0 
K -18 0 63 
K 0 0 42 
K 0 0 59 
K 0 -21 59 
A D 2 4 
J N 9 1430 35 2 1729 1152 0 
K 0 0 41 
A D 4 4 
J N 8 1521 42 4 5185 2304 0 
K 0 0 42 
K 0 0 59 
K 0 -21 59 
A D 2 4 
J B 9 1558 1 82 6913 1152 0 
J N 8 1579 35 4 1 0 0 
K 0 0 42 
K 0 0 59 
K 0 -21 59 
A D 2 4 
J N 8 1612 21 4 1729 1152 0 
K 0 0 42 
K 0 0 60 
K 0 21 60 
A D 2 4 
J N 8 1645 14 5 3457 1152 0 
K 0 0 42 
K 24 -6 44 
K 0 0 60 
K 0 21 60 
A D 3 4 
J N 7 1720 7 4 6049 1728 0 
K 0 0 43 
K 0 0 60 
K 0 21 60 
A D 1 4 
J B 10 1750 1 82 6913 576 0 
E * 
L 320 0 0 0 0 * 0 14 0 
J D 0 -300 21 1 6913 0 0 
W 0 0 39 Violoncello 
W 0 42 33 concertino 
J D 1 75 -37 1 6913 0 0 
W 0 -56 0 (44) :  Violoncello 
J C 22 5 14 36 6913 0 0 
J K 2 57 0 2 6913 0 0 
K 0 14 63 
K 15 35 63 
J D 5 103 -42 1 6913 0 0 
W 0 0 0 (37) Allegro 
J T 0 103 42 1 6913 0 0 
K 0 0 38 
J R 9 171 28 2 1 10000 0 
K 0 0 46 
A D 8 4 
J B 2 268 1 82 6913 4608 0 
J R 9 335 28 2 1 10000 0 
K 0 0 46 
A D 8 4 
J B 3 431 1 82 6913 4608 0 
J R 9 504 28 2 1 10000 0 
K 0 0 46 
A D 8 4 
J B 4 605 1 82 6913 4608 0 
J F 0 626 98 1 1 0 0 
K 0 0 203 
J N 9 626 0 2 1 0 0 
K 0 0 41 
A D 4 4 
J F 0 659 98 1 1729 1152 0 
K 0 0 202 
J F 0 692 98 1 3457 1152 0 
K 0 0 206 
J N 8 692 -7 5 3457 0 0 
K 0 0 42 
K 25 0 44 
K 0 0 60 
K 0 21 60 
A D 3 4 
J F 0 725 98 1 5185 1152 0 
K 0 0 205 
J N 7 749 -14 7 6049 576 0 
K 0 0 45 
K 0 0 43 
K -1 0 45 
K 2 0 45 
K 0 0 60 
K 0 21 60 
A D 1 4 
J B 5 779 1 82 6913 576 0 
J F 0 800 98 1 1 0 0 
K 0 0 203 
J N 9 800 28 2 1 0 0 
K 0 0 41 
A D 4 4 
J F 0 824 98 1 865 576 0 
K 0 0 202 
J F 0 849 98 1 1729 576 0 
K 0 0 206 
J F 0 882 98 2 3457 1152 0 
K 0 0 205 
K 15 0 218 
J N 8 882 21 5 3457 0 0 
K 0 0 42 
K 25 0 44 
K 0 0 60 
K 0 21 60 
A D 3 4 
J F 0 915 98 2 5185 1152 0 
K 0 0 204 
K 15 0 218 
J N 7 948 14 4 6049 576 0 
K 0 0 43 
K 0 0 60 
K 0 21 60 
A D 1 4 
J B 6 978 1 82 6913 576 0 
J F 0 1001 98 2 1 0 0 
K 0 0 203 
K 15 0 218 
J N 7 1001 7 4 1 0 0 
K 0 0 43 
K 0 0 60 
K 0 21 60 
A D 1 4 
J N 7 1034 28 4 865 576 0 
K 0 0 43 
K 0 0 60 
K 0 21 60 
A D 1 4 
J F 0 1059 98 1 1729 576 0 
K 0 0 202 
J N 9 1059 7 2 1729 0 0 
K 0 0 41 
A D 4 4 
J F 0 1103 98 2 3457 1152 0 
K 0 0 214 
K 0 21 201 
J F 0 1153 98 1 5185 1152 0 
K 0 0 205 
J N 8 1153 14 4 5185 0 0 
K 0 0 42 
K 0 0 60 
K 0 21 60 
A D 2 4 
J B 7 1196 1 82 6913 1152 0 
J F 0 1217 98 1 1 0 0 
K 0 0 206 
J N 8 1217 21 4 1 0 0 
K 0 0 42 
K 0 0 60 
K 0 21 60 
A D 2 4 
J F 0 1267 98 1 1729 1152 0 
K 0 0 206 
J N 8 1267 49 4 1729 0 0 
K 0 0 42 
K 0 0 59 
K 0 -21 59 
A D 2 4 
J N 8 1300 28 4 3457 1152 0 
K 0 0 42 
K 0 0 60 
K 0 21 60 
A D 2 4 
J N 8 1333 -21 7 5185 1152 1 1 
K 0 7 45 
K 0 0 42 
K 0 7 45 
K 1 7 45 
K 0 0 60 
K 0 21 60 
A D 2 4 
J B 8 1370 1 82 6913 1152 0 
J F 0 1397 98 2 1 0 0 
K 0 0 214 
K 0 21 201 
J N 8 1397 -21 7 1 0 1 1 
K 0 7 45 
K 0 0 42 
K 0 7 45 
K 1 7 45 
K 0 0 60 
K 0 21 60 
A D 2 4 
H 1 T -21 0 0 0 0 0 1 0 
J F 0 1430 98 1 1729 1152 0 
K 0 0 205 
J N 8 1430 -14 7 1729 0 0 
K 0 0 45 
K 0 0 42 
K -1 0 45 
K 2 0 45 
K 0 0 60 
K 0 21 60 
A D 2 4 
J F 0 1471 98 1 3457 1152 0 
K 0 0 206 
J N 8 1471 -7 4 3457 0 0 
K 0 0 42 
K 0 0 60 
K 0 21 60 
A D 2 4 
J F 0 1521 98 2 5185 1152 0 
K 0 0 206 
K 0 21 213 
J N 8 1521 21 4 5185 0 0 
K 0 0 42 
K 0 0 60 
K 0 21 60 
A D 2 4 
J B 9 1558 1 82 6913 1152 0 
J N 9 1579 49 2 1 0 0 
K 0 0 41 
A D 4 4 
J F 0 1645 98 1 3457 2304 0 
K 0 0 206 
J N 8 1645 42 5 3457 0 0 
K 0 0 42 
K 24 -6 44 
K 0 0 59 
K 0 -21 59 
A D 3 4 
J F 0 1695 98 1 5185 1152 0 
K 0 0 205 
J F 0 1720 98 1 6049 576 0 
K 0 0 204 
J N 7 1720 35 4 6049 0 0 
K 0 0 43 
K 0 0 59 
K 0 -21 59 
A D 1 4 
J B 10 1750 1 82 6913 576 0 
E * 
L 530 0 0 0 0 * 0 14 0 
J D 0 -300 21 1 6913 0 0 
W 0 0 39 Violino 1 
W 0 42 33 concerto grosso 
J D 1 75 -37 1 6913 0 0 
W 0 -56 0 (44) :  Violino 1 
J C 4 5 42 2 6913 0 0 
K 0 0 33 
K 0 0 34 
J K 2 57 0 2 6913 0 0 
K 0 0 63 
K 15 21 63 
J D 5 103 -42 1 6913 0 0 
W 0 0 0 (37) Allegro 
J T 0 103 42 1 6913 0 0 
K 0 0 38 
J R 9 171 28 2 1 10000 0 
K 0 0 46 
A D 8 4 
J B 2 268 1 82 6913 4608 0 
J R 9 335 28 2 1 10000 0 
K 0 0 46 
A D 8 4 
J B 3 431 1 82 6913 4608 0 
J R 9 504 28 2 1 10000 0 
K 0 0 46 
A D 8 4 
J B 4 605 1 82 6913 4608 0 
J R 9 678 28 2 1 10000 0 
K 0 0 46 
A D 8 4 
J B 5 779 1 82 6913 4608 0 
J R 8 800 28 2 1 0 0 
K 0 0 47 
A D 2 4 
J N 9 849 14 2 1729 1152 0 
K 0 0 41 
A D 4 4 
J N 8 915 21 5 5185 2304 1 1 
K -14 0 64 
K 0 0 42 
K 0 0 60 
K 0 21 60 
A D 2 4 
J B 6 978 1 82 6913 1152 0 
J N 8 1001 21 5 1 0 1 1 
k -14 0 64 
K 0 0 42 
K 0 0 60 
K 0 21 60 
A D 2 4 
H 1 T 21 0 0 0 0 0 1 0 
J N 8 1059 28 4 1729 1152 0 
K 0 0 42 
K 0 0 60 
K 0 21 60 
A D 2 4 
J N 7 1103 21 5 3457 1152 0 
K -18 0 63 
K 0 0 43 
K 0 0 60 
K 0 21 60 
A D 1 4 
J N 7 1128 35 4 4321 576 0 
K 0 0 43 
K 0 0 59 
K 0 -21 59 
A D 1 4 
J N 8 1153 14 4 5185 576 1 2 
K 0 0 42 
K 0 0 60 
K 0 21 60 
A D 2 4 
J B 7 1196 1 82 6913 1152 0 
J N 8 1217 14 4 1 0 1 2 
K 0 0 42 
K 0 0 60 
K 0 21 60 
A D 2 4 
H 2 T 14 0 0 0 0 0 5 0 
J N 8 1267 21 4 1729 1152 0 
K 0 0 42 
K 0 0 60 
K 0 21 60 
A D 2 4 
J N 8 1300 14 4 3457 1152 0 
K 0 0 42 
K 0 0 60 
K 0 21 60 
A D 2 4 
J N 8 1333 35 4 5185 1152 0 
K 0 0 42 
K 0 0 59 
K 0 -21 59 
A D 2 4 
J B 8 1370 1 82 6913 1152 0 
J N 8 1397 28 4 1 0 0 
K 0 0 42 
K 0 0 60 
K 0 21 60 
A D 2 4 
J N 8 1430 21 4 1729 1152 0 
K 0 0 42 
K 0 0 60 
K 0 21 60 
A D 2 4 
J N 9 1471 14 2 3457 1152 0 
K 0 0 41 
A D 4 4 
J B 9 1558 1 82 6913 2304 0 
J N 8 1579 21 4 1 0 0 
K 0 0 42 
K 0 0 60 
K 0 21 60 
A D 2 4 
J N 8 1612 -14 7 1729 1152 1 3 
K 0 0 45 
K 0 0 42 
K -1 0 45 
K 2 0 45 
K 0 0 60 
K 0 21 60 
A D 2 4 
J N 7 1645 -14 7 3457 1152 1 3 
K 0 0 45 
K 0 0 43 
K -1 0 45 
K 2 0 45 
K 0 0 60 
K 0 21 60 
A D 1 4 
H 3 T -14 0 0 0 0 0 5 0 
J N 7 1670 14 4 4321 576 0 
K 0 0 43 
K 0 0 60 
K 0 21 60 
A D 1 4 
J N 8 1695 -7 4 5185 576 1 4 
K 0 0 42 
K 0 0 60 
K 0 21 60 
A D 2 4 
J B 10 1750 1 82 6913 1152 0 
J M 0 1750 0 0 6913 0 1 4 
H 4 T -7 0 0 0 0 0 1 0 
E * 
L 680 0 0 0 0 * 0 14 0 
J D 0 -300 21 1 6913 0 0 
W 0 0 39 Violino 2 
W 0 42 33 concerto grosso 
J D 1 75 -37 1 6913 0 0 
W 0 -56 0 (44) :  Violino 2 
J C 4 5 42 2 6913 0 0 
K 0 0 33 
K 0 0 34 
J K 2 57 0 2 6913 0 0 
K 0 0 63 
K 15 21 63 
J D 5 103 -42 1 6913 0 0 
W 0 0 0 (37) Allegro 
J T 0 103 42 1 6913 0 0 
K 0 0 38 
J R 9 171 28 2 1 10000 0 
K 0 0 46 
A D 8 4 
J B 2 268 1 82 6913 4608 0 
J R 9 335 28 2 1 10000 0 
K 0 0 46 
A D 8 4 
J B 3 431 1 82 6913 4608 0 
J R 9 504 28 2 1 10000 0 
K 0 0 46 
A D 8 4 
J B 4 605 1 82 6913 4608 0 
J R 9 678 28 2 1 10000 0 
K 0 0 46 
A D 8 4 
J B 5 779 1 82 6913 4608 0 
J R 8 800 28 2 1 0 0 
K 0 0 47 
A D 2 4 
J N 8 849 0 4 1729 1152 0 
K 0 0 42 
K 0 0 60 
K 0 21 60 
A D 2 4 
J N 8 882 -7 5 3457 1152 0 
K 0 0 42 
K 25 0 44 
K 0 0 60 
K 0 21 60 
A D 3 4 
J N 7 948 -14 7 6049 1728 0 
K 0 0 45 
K 0 0 43 
K -1 0 45 
K 2 0 45 
K 0 0 60 
K 0 21 60 
A D 1 4 
J B 6 978 1 82 6913 576 0 
J N 8 1001 14 4 1 0 0 
K 0 0 42 
K 0 0 60 
K 0 21 60 
A D 2 4 
J N 8 1059 14 4 1729 1152 0 
K 0 0 42 
K 0 0 60 
K 0 21 60 
A D 2 4 
J N 8 1103 7 4 3457 1152 0 
K 0 0 42 
K 0 0 60 
K 0 21 60 
A D 2 4 
J N 8 1153 0 4 5185 1152 0 
K 0 0 42 
K 0 0 60 
K 0 21 60 
A D 2 4 
J B 7 1196 1 82 6913 1152 0 
J N 9 1217 -7 2 1 0 0 
K 0 0 41 
A D 4 4 
J N 8 1300 0 4 3457 2304 0 
K 0 0 42 
K 0 0 60 
K 0 21 60 
A D 2 4 
J N 8 1333 49 4 5185 1152 0 
K 0 0 42 
K 0 0 59 
K 0 -21 59 
A D 2 4 
J B 8 1370 1 82 6913 1152 0 
J N 8 1397 42 5 1 0 0 
K -18 0 63 
K 0 0 42 
K 0 0 59 
K 0 -21 59 
A D 2 4 
J N 9 1430 35 2 1729 1152 0 
K 0 0 41 
A D 4 4 
J N 8 1521 42 4 5185 2304 0 
K 0 0 42 
K 0 0 59 
K 0 -21 59 
A D 2 4 
J B 9 1558 1 82 6913 1152 0 
J N 8 1579 35 4 1 0 0 
K 0 0 42 
K 0 0 59 
K 0 -21 59 
A D 2 4 
J N 8 1612 21 4 1729 1152 0 
K 0 0 42 
K 0 0 60 
K 0 21 60 
A D 2 4 
J N 8 1645 14 5 3457 1152 0 
K 0 0 42 
K 24 -6 44 
K 0 0 60 
K 0 21 60 
A D 3 4 
J N 7 1720 7 4 6049 1728 0 
K 0 0 43 
K 0 0 60 
K 0 21 60 
A D 1 4 
J B 10 1750 1 82 6913 576 0 
E * 
L 830 0 0 0 0 * 0 14 0 
J D 0 -300 42 1 6913 0 0 
W 0 0 39 Viola 
J D 1 75 -37 1 6913 0 0 
W 0 -56 0 (44) :  Viola 
J C 13 5 28 35 6913 0 0 
J K 2 57 0 2 6913 0 0 
K 0 7 63 
K 15 28 63 
J D 5 103 -42 1 6913 0 0 
W 0 0 0 (37) Allegro 
J T 0 103 42 1 6913 0 0 
K 0 0 38 
J R 9 171 28 2 1 10000 0 
K 0 0 46 
A D 8 4 
J B 2 268 1 82 6913 4608 0 
J R 9 335 28 2 1 10000 0 
K 0 0 46 
A D 8 4 
J B 3 431 1 82 6913 4608 0 
J R 9 504 28 2 1 10000 0 
K 0 0 46 
A D 8 4 
J B 4 605 1 82 6913 4608 0 
J N 9 626 -7 2 1 0 0 
K 0 0 41 
A D 4 4 
J N 8 692 -14 8 3457 2304 0 
K 0 0 45 
K 0 0 42 
K -1 0 45 
K 2 0 45 
K 24 -6 44 
K 0 0 60 
K 0 21 60 
A D 3 4 
J N 7 749 -21 7 6049 1728 0 
K 0 7 45 
K 0 0 43 
K 0 7 45 
K 1 7 45 
K 0 0 60 
K 0 21 60 
A D 1 4 
J B 5 779 1 82 6913 576 0 
J N 7 800 -28 8 1 0 0 
K 0 14 45 
K 0 0 45 
K 0 0 43 
K -1 0 45 
K 2 0 45 
K 0 0 60 
K 0 28 60 
A D 1 4 
J N 7 824 -7 4 865 576 0 
K 0 0 43 
K 0 0 60 
K 0 21 60 
A D 1 4 
J N 8 849 -28 8 1729 576 0 
K 0 14 45 
K 0 0 45 
K 0 0 42 
K -1 0 45 
K 2 0 45 
K 0 0 60 
K 0 28 60 
A D 2 4 
J N 9 882 0 2 3457 1152 0 
K 0 0 41 
A D 4 4 
J B 6 978 1 82 6913 2304 0 
J R 8 1001 28 2 1 0 0 
K 0 0 47 
A D 2 4 
J N 8 1059 -14 7 1729 1152 0 
K 0 0 45 
K 0 0 42 
K -1 0 45 
K 2 0 45 
K 0 0 60 
K 0 21 60 
A D 2 4 
J N 8 1103 -7 5 3457 1152 0 
K 0 0 42 
K 25 0 44 
K 0 0 60 
K 0 21 60 
A D 3 4 
J N 7 1166 -7 4 6049 1728 0 
K 0 0 43 
K 0 0 60 
K 0 21 60 
A D 1 4 
J B 7 1196 1 82 6913 576 0 
J N 7 1217 -14 7 1 0 0 
K 0 0 45 
K 0 0 43 
K -1 0 45 
K 2 0 45 
K 0 0 60 
K 0 21 60 
A D 1 4 
J N 7 1242 0 4 865 576 0 
K 0 0 43 
K 0 0 60 
K 0 21 60 
A D 1 4 
J N 8 1267 -7 4 1729 576 0 
K 0 0 42 
K 0 0 60 
K 0 21 60 
A D 2 4 
J N 8 1300 -7 4 3457 1152 0 
K 0 0 42 
K 0 0 60 
K 0 21 60 
A D 2 4 
J N 8 1333 7 4 5185 1152 0 
K 0 0 42 
K 0 0 60 
K 0 21 60 
A D 2 4 
J B 8 1370 1 82 6913 1152 0 
J N 8 1397 14 5 1 0 0 
K 0 0 42 
K 24 -6 44 
K 0 0 60 
K 0 21 60 
A D 3 4 
J N 7 1446 14 4 2593 1728 0 
K 0 0 43 
K 0 0 60 
K 0 21 60 
A D 1 4 
J N 7 1471 7 4 3457 576 0 
K 0 0 43 
K 0 0 60 
K 0 21 60 
A D 1 4 
J N 7 1496 21 4 4321 576 0 
K 0 0 43 
K 0 0 60 
K 0 21 60 
A D 1 4 
J N 8 1521 14 4 5185 576 0 
K 0 0 42 
K 0 0 60 
K 0 21 60 
A D 2 4 
J B 9 1558 1 82 6913 1152 0 
J N 9 1579 14 2 1 0 0 
K 0 0 41 
A D 4 4 
J R 9 1645 28 2 3457 2304 0 
K 0 0 46 
A D 4 4 
J B 10 1750 1 82 6913 2304 0 
E * 
L 980 0 0 0 0 * 0 14 0 
J D 0 -300 21 1 6913 0 0 
W 0 0 39 Basso 
W 0 42 33 concerto grosso 
J D 1 75 -37 1 6913 0 0 
W 0 -56 0 (44) :  Basso 
J C 22 5 14 36 6913 0 0 
J K 2 57 0 2 6913 0 0 
K 0 14 63 
K 15 35 63 
J D 5 103 -42 1 6913 0 0 
W 0 0 0 (37) Allegro 
J T 0 103 42 1 6913 0 0 
K 0 0 38 
J R 9 171 28 2 1 10000 0 
K 0 0 46 
A D 8 4 
J B 2 268 1 82 6913 4608 0 
J R 9 335 28 2 1 10000 0 
K 0 0 46 
A D 8 4 
J B 3 431 1 82 6913 4608 0 
J R 9 504 28 2 1 10000 0 
K 0 0 46 
A D 8 4 
J B 4 605 1 82 6913 4608 0 
J R 9 678 28 2 1 10000 0 
K 0 0 46 
A D 8 4 
J B 5 779 1 82 6913 4608 0 
J F 0 800 98 1 1 0 0 
K 0 0 203 
J N 9 800 28 2 1 0 0 
K 0 0 41 
A D 4 4 
J F 0 824 98 1 865 576 0 
K 0 0 202 
J F 0 849 98 1 1729 576 0 
K 0 0 206 
J F 0 882 98 2 3457 1152 0 
K 0 0 205 
K 15 0 218 
J N 8 882 21 5 3457 0 0 
K 0 0 42 
K 25 0 44 
K 0 0 60 
K 0 21 60 
A D 3 4 
J F 0 915 98 2 5185 1152 0 
K 0 0 204 
K 15 0 218 
J N 7 948 14 4 6049 576 0 
K 0 0 43 
K 0 0 60 
K 0 21 60 
A D 1 4 
J B 6 978 1 82 6913 576 0 
J F 0 1001 98 2 1 0 0 
K 0 0 203 
K 15 0 218 
J N 7 1001 7 4 1 0 0 
K 0 0 43 
K 0 0 60 
K 0 21 60 
A D 1 4 
J N 7 1034 28 4 865 576 0 
K 0 0 43 
K 0 0 60 
K 0 21 60 
A D 1 4 
J F 0 1059 98 1 1729 576 0 
K 0 0 202 
J N 9 1059 7 2 1729 0 0 
K 0 0 41 
A D 4 4 
J F 0 1103 98 2 3457 1152 0 
K 0 0 214 
K 0 21 201 
J F 0 1153 98 1 5185 1152 0 
K 0 0 205 
J N 8 1153 14 4 5185 0 0 
K 0 0 42 
K 0 0 60 
K 0 21 60 
A D 2 4 
J B 7 1196 1 82 6913 1152 0 
J F 0 1217 98 1 1 0 0 
K 0 0 206 
J N 8 1217 21 4 1 0 0 
K 0 0 42 
K 0 0 60 
K 0 21 60 
A D 2 4 
J F 0 1267 98 1 1729 1152 0 
K 0 0 206 
J N 8 1267 49 4 1729 0 0 
K 0 0 42 
K 0 0 59 
K 0 -21 59 
A D 2 4 
J N 8 1300 28 4 3457 1152 0 
K 0 0 42 
K 0 0 60 
K 0 21 60 
A D 2 4 
J N 8 1333 -21 7 5185 1152 1 1 
K 0 7 45 
K 0 0 42 
K 0 7 45 
K 1 7 45 
K 0 0 60 
K 0 21 60 
A D 2 4 
J B 8 1370 1 82 6913 1152 0 
J F 0 1397 98 2 1 0 0 
K 0 0 214 
K 0 21 201 
J N 8 1397 -21 7 1 0 1 1 
K 0 7 45 
K 0 0 42 
K 0 7 45 
K 1 7 45 
K 0 0 60 
K 0 21 60 
A D 2 4 
H 1 T -21 0 0 0 0 0 1 0 
J F 0 1430 98 1 1729 1152 0 
K 0 0 205 
J N 8 1430 -14 7 1729 0 0 
K 0 0 45 
K 0 0 42 
K -1 0 45 
K 2 0 45 
K 0 0 60 
K 0 21 60 
A D 2 4 
J F 0 1471 98 1 3457 1152 0 
K 0 0 206 
J N 8 1471 -7 4 3457 0 0 
K 0 0 42 
K 0 0 60 
K 0 21 60 
A D 2 4 
J F 0 1521 98 2 5185 1152 0 
K 0 0 206 
K 0 21 213 
J N 8 1521 21 4 5185 0 0 
K 0 0 42 
K 0 0 60 
K 0 21 60 
A D 2 4 
J B 9 1558 1 82 6913 1152 0 
J N 9 1579 49 2 1 0 0 
K 0 0 41 
A D 4 4 
J F 0 1645 98 1 3457 2304 0 
K 0 0 206 
J N 8 1645 42 5 3457 0 0 
K 0 0 42 
K 24 -6 44 
K 0 0 59 
K 0 -21 59 
A D 3 4 
J F 0 1695 98 1 5185 1152 0 
K 0 0 205 
J F 0 1720 98 1 6049 576 0 
K 0 0 204 
J N 7 1720 35 4 6049 0 0 
K 0 0 43 
K 0 0 59 
K 0 -21 59 
A D 1 4 
J B 10 1750 1 82 6913 576 0 
E * 
B 1 268 0 
B 1 431 0 
B 1 605 0 
B 1 779 0 
B 1 978 0 
B 1 1196 0 
B 1 1370 0 
B 1 1558 0 
B 1 1750 0 
S 0 200 1610 2050 1066 7 "[...][....]" 
L 0 0 0 330 330 * 0 14 0 
J C 4 5 42 2 6913 0 0 
K 0 0 33 
K 0 0 34 
J K 2 57 0 2 6913 0 0 
K 0 0 63 
K 15 21 63 
J D 0 -11 -14 1 6913 0 0 
W 0 0 37 \01\00 
J N 8 130 -7 4 1 0 1 6 
K 0 0 42 
K 0 0 60 
K 0 21 60 
A D 2 4 
J M 0 78 0 0 6913 0 1 6 
H 6 T -7 0 0 0 0 0 1 0 
J N 9 180 0 2 1729 1152 0 
K 0 0 41 
A D 4 4 
J N 8 246 7 4 5185 2304 1 7 
K 0 0 42 
K 0 0 60 
K 0 21 60 
A D 2 4 
J B 11 283 1 82 6913 1152 0 
J N 7 304 7 4 1 0 1 7 
K 0 0 43 
K 0 0 60 
K 0 21 60 
A D 1 4 
H 7 T 7 0 0 0 0 0 1 0 
J N 7 329 35 4 865 576 0 
K 0 0 43 
K 0 0 59 
K 0 -21 59 
A D 1 4 
J N 9 354 14 2 1729 576 0 
K 0 0 41 
A D 4 4 
J N 8 434 21 4 5185 2304 1 8 
K 0 0 42 
K 0 0 60 
K 0 21 60 
A D 2 4 
J B 12 471 1 82 6913 1152 0 
J N 7 492 21 4 1 0 1 8 
K 0 0 43 
K 0 0 60 
K 0 21 60 
A D 1 4 
H 8 T 21 0 0 0 0 0 1 0 
J N 7 517 49 4 865 576 0 
K 0 0 43 
K 0 0 59 
K 0 -21 59 
A D 1 4 
J N 9 542 28 2 1729 576 0 
K 0 0 41 
A D 4 4 
J N 8 625 35 5 5185 2304 0 
K -18 0 63 
K 0 0 42 
K 0 0 59 
K 0 -21 59 
A D 2 4 
J B 13 680 1 82 6913 1152 0 
J N 8 707 -21 8 1 0 0 
K 0 7 45 
K 0 0 42 
K 0 7 45 
K 1 7 45 
K 25 0 44 
K 0 0 60 
K 0 21 60 
A D 3 4 
J N 7 801 -14 7 2593 1728 0 
K 0 0 45 
K 0 0 43 
K -1 0 45 
K 2 0 45 
K 0 0 60 
K 0 21 60 
A D 1 4 
J N 7 845 -7 5 3457 576 0 
K -18 0 63 
K 0 0 43 
K 0 0 60 
K 0 21 60 
A D 1 4 
J N 7 870 0 4 4321 576 0 
K 0 0 43 
K 0 0 60 
K 0 21 60 
A D 1 4 
J N 7 895 7 4 5185 576 0 
K 0 0 43 
K 0 0 60 
K 0 21 60 
A D 1 4 
J N 7 920 -7 4 6049 576 0 
K 0 0 43 
K 0 0 60 
K 0 21 60 
A D 1 4 
J B 14 950 1 82 6913 576 0 
J N 8 971 -14 8 1 0 0 
K 0 0 45 
K 0 0 42 
K -1 0 45 
K 2 0 45 
K 24 -6 44 
K 0 0 60 
K 0 21 60 
A D 3 4 
J N 7 1046 -7 4 2593 1728 0 
K 0 0 43 
K 0 0 60 
K 0 21 60 
A D 1 4 
J N 7 1071 0 4 3457 576 0 
K 0 0 43 
K 0 0 60 
K 0 21 60 
A D 1 4 
J N 7 1096 35 4 4321 576 0 
K 0 0 43 
K 0 0 59 
K 0 -21 59 
A D 1 4 
J N 8 1121 14 4 5185 576 1 9 
K 0 0 42 
K 0 0 60 
K 0 21 60 
A D 2 4 
J B 15 1176 1 82 6913 1152 0 
J N 7 1197 14 4 1 0 1 9 
K 0 0 43 
K 0 0 60 
K 0 21 60 
A D 1 4 
H 9 T 14 0 0 0 0 0 5 0 
J N 7 1222 28 4 865 576 0 
K 0 0 43 
K 0 0 60 
K 0 21 60 
A D 1 4 
J N 8 1247 7 4 1729 576 0 
K 0 0 42 
K 0 0 60 
K 0 21 60 
A D 2 4 
J N 8 1297 35 5 3457 1152 0 
K 0 0 42 
K 25 0 44 
K 0 0 59 
K 0 -21 59 
A D 3 4 
J N 7 1372 0 4 6049 1728 0 
K 0 0 43 
K 0 0 60 
K 0 21 60 
A D 1 4 
J B 16 1402 1 82 6913 576 0 
J N 7 1423 7 4 1 0 0 
K 0 0 43 
K 0 0 60 
K 0 21 60 
A D 1 4 
J N 7 1448 0 4 865 576 0 
K 0 0 43 
K 0 0 60 
K 0 21 60 
A D 1 4 
J N 7 1473 -7 4 1729 576 0 
K 0 0 43 
K 0 0 60 
K 0 21 60 
A D 1 4 
J N 7 1499 -14 7 2593 576 0 
K 0 0 45 
K 0 0 43 
K -1 0 45 
K 2 0 45 
K 0 0 60 
K 0 21 60 
A D 1 4 
J N 7 1525 14 4 3457 576 0 
K 0 0 43 
K 0 0 60 
K 0 21 60 
A D 1 4 
J N 7 1551 21 4 4321 576 0 
K 0 0 43 
K 0 0 60 
K 0 21 60 
A D 1 4 
J N 7 1577 14 4 5185 576 0 
K 0 0 43 
K 0 0 60 
K 0 21 60 
A D 1 4 
J N 7 1603 7 4 6049 576 0 
K 0 0 43 
K 0 0 60 
K 0 21 60 
A D 1 4 
J B 17 1633 1 82 6913 576 0 
J N 8 1654 0 4 1 0 0 
K 0 0 42 
K 0 0 60 
K 0 21 60 
A D 2 4 
J N 7 1706 35 4 1729 1152 0 
K 0 0 43 
K 0 0 59 
K 0 -21 59 
A D 1 4 
J N 7 1750 28 4 2593 576 0 
K 0 0 43 
K 0 0 60 
K 0 21 60 
A D 1 4 
J N 8 1776 21 4 3457 576 0 
K 0 0 42 
K 0 0 60 
K 0 21 60 
A D 2 4 
J N 8 1828 -14 7 5185 1152 1 10 
K 0 0 45 
K 0 0 42 
K -1 0 45 
K 2 0 45 
K 0 0 60 
K 0 21 60 
A D 2 4 
J B 18 1865 1 82 6913 1152 0 
J N 8 1886 -14 7 1 0 1 10 
K 0 0 45 
K 0 0 42 
K -1 0 45 
K 2 0 45 
K 0 0 60 
K 0 21 60 
A D 2 4 
H 10 T -14 0 0 0 0 0 5 0 
J N 9 1919 -7 2 1729 1152 0 
K 0 0 41 
A D 4 4 
J N 8 2013 0 4 5185 2304 0 
K 0 0 42 
K 0 0 60 
K 0 21 60 
A D 2 4 
J B 19 2050 1 82 6913 1152 0 
E * 
L 160 0 0 330 330 * 0 14 0 
J C 4 5 42 2 6913 0 0 
K 0 0 33 
K 0 0 34 
J K 2 57 0 2 6913 0 0 
K 0 0 63 
K 15 21 63 
J D 0 -11 -14 1 6913 0 0 
W 0 0 0 \01\00 
J N 8 130 35 4 1 0 0 
K 0 0 42 
K 0 0 59 
K 0 -21 59 
A D 2 4 
J N 8 180 -14 7 1729 1152 0 
K 0 0 45 
K 0 0 42 
K -1 0 45 
K 2 0 45 
K 0 0 60 
K 0 21 60 
A D 2 4 
J N 9 213 -7 2 3457 1152 0 
K 0 0 41 
A D 4 4 
J B 11 283 1 82 6913 2304 0 
J N 9 304 0 2 1 0 0 
K 0 0 41 
A D 4 4 
J N 9 394 7 2 3457 2304 0 
K 0 0 41 
A D 4 4 
J B 12 471 1 82 6913 2304 0 
J N 9 492 14 2 1 0 0 
K 0 0 41 
A D 4 4 
J N 8 592 21 4 3457 2304 0 
K 0 0 42 
K 0 0 60 
K 0 21 60 
A D 2 4 
J N 8 625 0 4 5185 1152 1 2 
K 0 0 42 
K 0 0 60 
K 0 21 60 
A D 2 4 
J B 13 680 1 82 6913 1152 0 
J N 7 707 0 4 1 0 1 2 
K 0 0 43 
K 0 0 60 
K 0 21 60 
A D 1 4 
H 2 T 0 0 0 0 0 0 5 0 
J N 7 732 7 4 865 576 0 
K 0 0 43 
K 0 0 60 
K 0 21 60 
A D 1 4 
J N 7 776 14 5 1729 576 0 
K -18 0 63 
K 0 0 43 
K 0 0 60 
K 0 21 60 
A D 1 4 
J N 7 801 0 4 2593 576 0 
K 0 0 43 
K 0 0 60 
K 0 21 60 
A D 1 4 
J N 8 845 28 4 3457 576 0 
K 0 0 42 
K 0 0 60 
K 0 21 60 
A D 2 4 
J N 8 895 7 4 5185 1152 1 3 
K 0 0 42 
K 0 0 60 
K 0 21 60 
A D 2 4 
J B 14 950 1 82 6913 1152 0 
J N 7 971 7 4 1 0 1 3 
K 0 0 43 
K 0 0 60 
K 0 21 60 
A D 1 4 
H 3 T 7 0 0 0 0 0 1 0 
J N 7 996 14 4 865 576 0 
K 0 0 43 
K 0 0 60 
K 0 21 60 
A D 1 4 
J N 7 1021 21 4 1729 576 0 
K 0 0 43 
K 0 0 60 
K 0 21 60 
A D 1 4 
J N 7 1046 7 4 2593 576 0 
K 0 0 43 
K 0 0 60 
K 0 21 60 
A D 1 4 
J N 9 1071 35 2 3457 576 0 
K 0 0 41 
A D 4 4 
J B 15 1176 1 82 6913 2304 0 
J N 8 1197 28 5 1 0 0 
K 0 0 42 
K 24 -6 44 
K 0 0 60 
K 0 21 60 
A D 3 4 
J N 7 1272 21 4 2593 1728 0 
K 0 0 43 
K 0 0 60 
K 0 21 60 
A D 1 4 
J N 7 1297 14 4 3457 576 0 
K 0 0 43 
K 0 0 60 
K 0 21 60 
A D 1 4 
J N 7 1322 35 4 4321 576 0 
K 0 0 43 
K 0 0 59 
K 0 -21 59 
A D 1 4 
J N 8 1347 14 4 5185 576 1 4 
K 0 0 42 
K 0 0 60 
K 0 21 60 
A D 2 4 
J B 16 1402 1 82 6913 1152 0 
J N 8 1423 14 4 1 0 1 4 
K 0 0 42 
K 0 0 60 
K 0 21 60 
A D 2 4 
H 4 T 14 0 0 0 0 0 5 0 
J N 8 1473 21 4 1729 1152 0 
K 0 0 42 
K 0 0 60 
K 0 21 60 
A D 2 4 
J N 9 1525 28 2 3457 1152 0 
K 0 0 41 
A D 4 4 
J B 17 1633 1 82 6913 2304 0 
J N 9 1654 35 2 1 0 0 
K 0 0 41 
A D 4 4 
J N 9 1776 -14 6 3457 2304 0 
K 0 0 45 
K 6 0 45 
K 0 0 41 
K -1 0 45 
K 2 0 45 
A D 4 4 
J B 18 1865 1 82 6913 2304 0 
J N 8 1886 -21 8 1 0 0 
K 0 7 45 
K 0 0 42 
K 0 7 45 
K 1 7 45 
K 25 0 44 
K 0 0 60 
K 0 21 60 
A D 3 4 
J N 7 1935 -28 8 2593 1728 0 
K 0 14 45 
K 0 0 45 
K 0 0 43 
K -1 0 45 
K 2 0 45 
K 0 0 60 
K 0 28 60 
A D 1 4 
J N 7 1961 -35 9 3457 576 0 
K 0 21 45 
K 0 7 45 
K 0 0 43 
K 0 7 45 
K 1 7 45 
K 0 0 60 
K 0 28 60 
K 0 35 60 
A D 1 4 
J N 7 1987 -14 7 4321 576 0 
K 0 0 45 
K 0 0 43 
K -1 0 45 
K 2 0 45 
K 0 0 60 
K 0 21 60 
A D 1 4 
J N 8 2013 -35 9 5185 576 1 5 
K 0 21 45 
K 0 7 45 
K 0 0 42 
K 0 7 45 
K 1 7 45 
K 0 0 60 
K 0 28 60 
K 0 35 60 
A D 2 4 
J B 19 2050 1 82 6913 1152 0 
J M 0 2050 0 0 6913 0 1 5 
H 5 T -35 0 0 0 0 0 1 0 
E * 
L 320 0 0 330 330 * 0 14 0 
J C 22 5 14 36 6913 0 0 
J K 2 57 0 2 6913 0 0 
K 0 14 63 
K 15 35 63 
J D 0 -11 -14 1 6913 0 0 
W 0 0 0 \01\00 
J F 0 130 98 1 1 0 0 
K 0 0 203 
J N 7 130 28 4 1 0 0 
K 0 0 43 
K 0 0 60 
K 0 21 60 
A D 1 4 
J N 7 155 49 4 865 576 0 
K 0 0 43 
K 0 0 59 
K 0 -21 59 
A D 1 4 
J F 0 180 98 1 1729 576 0 
K 0 0 202 
J N 8 180 28 4 1729 0 0 
K 0 0 42 
K 0 0 60 
K 0 21 60 
A D 2 4 
J F 0 213 98 2 3457 1152 0 
K 0 0 205 
K 0 21 204 
J N 8 213 42 4 3457 0 0 
K 0 0 42 
K 0 0 59 
K 0 -21 59 
A D 2 4 
J F 0 246 98 2 5185 1152 0 
K 0 0 205 
K 0 21 204 
J N 8 246 35 4 5185 0 0 
K 0 0 42 
K 0 0 59 
K 0 -21 59 
A D 2 4 
J B 11 283 1 82 6913 1152 0 
J F 0 304 98 1 1 0 0 
K 0 0 208 
J N 8 304 28 4 1 0 0 
K 0 0 42 
K 0 0 60 
K 0 21 60 
A D 2 4 
J F 0 354 98 1 1729 1152 0 
K 0 0 205 
J N 8 354 14 4 1729 0 0 
K 0 0 42 
K 0 0 60 
K 0 21 60 
A D 2 4 
J F 0 394 98 2 3457 1152 0 
K 0 0 205 
K 0 21 204 
J N 8 394 7 5 3457 0 0 
K -18 0 63 
K 0 0 42 
K 0 0 60 
K 0 21 60 
A D 2 4 
J F 0 434 98 2 5185 1152 0 
K 0 0 205 
K 0 21 204 
J N 8 434 0 5 5185 0 0 
K -18 0 63 
K 0 0 42 
K 0 0 60 
K 0 21 60 
A D 2 4 
J B 12 471 1 82 6913 1152 0 
J F 0 492 98 1 1 0 0 
K 0 0 208 
J N 7 492 -7 4 1 0 0 
K 0 0 43 
K 0 0 60 
K 0 21 60 
A D 1 4 
J N 7 517 -14 7 865 576 0 
K 0 0 45 
K 0 0 43 
K -1 0 45 
K 2 0 45 
K 0 0 60 
K 0 21 60 
A D 1 4 
J F 0 542 98 1 1729 576 0 
K 0 0 205 
J N 7 542 -21 7 1729 0 0 
K 0 7 45 
K 0 0 43 
K 0 7 45 
K 1 7 45 
K 0 0 60 
K 0 21 60 
A D 1 4 
J N 7 567 -28 8 2593 576 0 
K 0 14 45 
K 0 0 45 
K 0 0 43 
K -1 0 45 
K 2 0 45 
K 0 0 60 
K 0 28 60 
A D 1 4 
J F 0 592 98 1 3457 576 0 
K 0 0 203 
J N 8 592 -35 10 3457 0 0 
K 0 21 45 
K 0 7 45 
K 0 0 42 
K 0 7 45 
K 1 7 45 
K 25 0 44 
K 0 0 60 
K 0 28 60 
K 0 35 60 
A D 3 4 
J F 0 625 98 1 5185 1152 0 
K 0 0 213 
J N 7 650 -28 8 6049 576 0 
K 0 14 45 
K 0 0 45 
K 0 0 43 
K -1 0 45 
K 2 0 45 
K 0 0 60 
K 0 28 60 
A D 1 4 
J B 13 680 1 82 6913 576 0 
J F 0 707 98 1 1 0 0 
K 0 0 205 
J N 7 707 -21 8 1 0 0 
K 0 7 45 
K -18 0 63 
K 0 0 43 
K 0 7 45 
K 1 7 45 
K 0 0 60 
K 0 21 60 
A D 1 4 
J N 7 732 -14 7 865 576 0 
K 0 0 45 
K 0 0 43 
K -1 0 45 
K 2 0 45 
K 0 0 60 
K 0 21 60 
A D 1 4 
J N 7 776 -7 4 1729 576 0 
K 0 0 43 
K 0 0 60 
K 0 21 60 
A D 1 4 
J N 7 801 -21 7 2593 576 0 
K 0 7 45 
K 0 0 43 
K 0 7 45 
K 1 7 45 
K 0 0 60 
K 0 21 60 
A D 1 4 
J F 0 845 98 1 3457 576 0 
K 0 0 213 
J N 8 845 -28 9 3457 0 0 
K 0 14 45 
K 0 0 45 
K 0 0 42 
K -1 0 45 
K 2 0 45 
K 24 -6 44 
K 0 0 60 
K 0 28 60 
A D 3 4 
J N 7 920 -21 8 6049 1728 0 
K 0 7 45 
K -14 0 64 
K 0 0 43 
K 0 7 45 
K 1 7 45 
K 0 0 60 
K 0 21 60 
A D 1 4 
J B 14 950 1 82 6913 576 0 
J N 7 971 -14 7 1 0 0 
K 0 0 45 
K 0 0 43 
K -1 0 45 
K 2 0 45 
K 0 0 60 
K 0 21 60 
A D 1 4 
J N 7 996 -7 4 865 576 0 
K 0 0 43 
K 0 0 60 
K 0 21 60 
A D 1 4 
J N 7 1021 0 4 1729 576 0 
K 0 0 43 
K 0 0 60 
K 0 21 60 
A D 1 4 
J N 7 1046 -14 7 2593 576 0 
K 0 0 45 
K 0 0 43 
K -1 0 45 
K 2 0 45 
K 0 0 60 
K 0 21 60 
A D 1 4 
J N 7 1071 28 4 3457 576 0 
K 0 0 43 
K 0 0 60 
K 0 21 60 
A D 1 4 
J N 7 1096 35 4 4321 576 0 
K 0 0 43 
K 0 0 59 
K 0 -21 59 
A D 1 4 
J N 7 1121 42 4 5185 576 0 
K 0 0 43 
K 0 0 59 
K 0 -21 59 
A D 1 4 
J N 7 1146 49 4 6049 576 0 
K 0 0 43 
K 0 0 59 
K 0 -21 59 
A D 1 4 
J B 15 1176 1 82 6913 576 0 
J F 0 1197 98 1 1 0 0 
K 0 0 204 
J N 8 1197 56 5 1 0 0 
K 0 0 42 
K 24 -6 44 
K 0 0 59 
K 0 -21 59 
A D 3 4 
J F 0 1247 98 1 1729 1152 0 
K 0 0 205 
J N 7 1272 7 4 2593 576 0 
K 0 0 43 
K 0 0 60 
K 0 21 60 
A D 1 4 
J F 0 1297 98 1 3457 576 0 
K 0 0 205 
J N 7 1297 14 4 3457 0 0 
K 0 0 43 
K 0 0 60 
K 0 21 60 
A D 1 4 
J N 7 1322 21 4 4321 576 0 
K 0 0 43 
K 0 0 60 
K 0 21 60 
A D 1 4 
J N 7 1347 14 4 5185 576 0 
K 0 0 43 
K 0 0 60 
K 0 21 60 
A D 1 4 
J N 7 1372 28 4 6049 576 0 
K 0 0 43 
K 0 0 60 
K 0 21 60 
A D 1 4 
J B 16 1402 1 82 6913 576 0 
J F 0 1423 98 1 1 0 0 
K 0 0 203 
J N 9 1423 0 2 1 0 0 
K 0 0 41 
A D 4 4 
J F 0 1473 98 1 1729 1152 0 
K 0 0 202 
J F 0 1525 98 1 3457 1152 0 
K 0 0 205 
J N 8 1525 -7 5 3457 0 0 
K 0 0 42 
K 25 0 44 
K 0 0 60 
K 0 21 60 
A D 3 4 
J N 7 1603 -14 7 6049 1728 0 
K 0 0 45 
K 0 0 43 
K -1 0 45 
K 2 0 45 
K 0 0 60 
K 0 21 60 
A D 1 4 
J B 17 1633 1 82 6913 576 0 
J N 7 1654 -21 7 1 0 0 
K 0 7 45 
K 0 0 43 
K 0 7 45 
K 1 7 45 
K 0 0 60 
K 0 21 60 
A D 1 4 
J N 7 1680 0 4 865 576 0 
K 0 0 43 
K 0 0 60 
K 0 21 60 
A D 1 4 
J N 8 1706 -21 7 1729 576 0 
K 0 7 45 
K 0 0 42 
K 0 7 45 
K 1 7 45 
K 0 0 60 
K 0 21 60 
A D 2 4 
J N 9 1776 0 2 3457 1152 0 
K 0 0 41 
A D 4 4 
J B 18 1865 1 82 6913 2304 0 
J R 9 1886 28 2 1 0 0 
K 0 0 46 
A D 4 4 
J F 0 1961 98 1 3457 2304 0 
K 0 0 203 
J N 9 1961 28 2 3457 0 0 
K 0 0 41 
A D 4 4 
J F 0 2013 98 1 5185 1152 0 
K 0 0 202 
J B 19 2050 1 82 6913 1152 0 
E * 
L 530 0 0 330 330 * 0 14 0 
J C 4 5 42 2 6913 0 0 
K 0 0 33 
K 0 0 34 
J K 2 57 0 2 6913 0 0 
K 0 0 63 
K 15 21 63 
J D 0 -11 -14 1 6913 0 0 
W 0 0 0 \01\00 
J N 8 130 -7 4 1 0 1 4 
K 0 0 42 
K 0 0 60 
K 0 21 60 
A D 2 4 
J M 0 78 0 0 6913 0 1 4 
H 4 T -7 0 0 0 0 0 1 0 
J N 9 180 0 2 1729 1152 0 
K 0 0 41 
A D 4 4 
J N 8 246 7 4 5185 2304 1 5 
K 0 0 42 
K 0 0 60 
K 0 21 60 
A D 2 4 
J B 11 283 1 82 6913 1152 0 
J N 7 304 7 4 1 0 1 5 
K 0 0 43 
K 0 0 60 
K 0 21 60 
A D 1 4 
H 5 T 7 0 0 0 0 0 1 0 
J N 7 329 35 4 865 576 0 
K 0 0 43 
K 0 0 59 
K 0 -21 59 
A D 1 4 
J N 9 354 14 2 1729 576 0 
K 0 0 41 
A D 4 4 
J N 8 434 21 4 5185 2304 1 6 
K 0 0 42 
K 0 0 60 
K 0 21 60 
A D 2 4 
J B 12 471 1 82 6913 1152 0 
J N 7 492 21 4 1 0 1 6 
K 0 0 43 
K 0 0 60 
K 0 21 60 
A D 1 4 
H 6 T 21 0 0 0 0 0 1 0 
J N 7 517 49 4 865 576 0 
K 0 0 43 
K 0 0 59 
K 0 -21 59 
A D 1 4 
J N 9 542 28 2 1729 576 0 
K 0 0 41 
A D 4 4 
J N 8 625 35 5 5185 2304 0 
K -18 0 63 
K 0 0 42 
K 0 0 59 
K 0 -21 59 
A D 2 4 
J B 13 680 1 82 6913 1152 0 
J N 8 707 -21 8 1 0 0 
K 0 7 45 
K 0 0 42 
K 0 7 45 
K 1 7 45 
K 25 0 44 
K 0 0 60 
K 0 21 60 
A D 3 4 
J N 7 801 -14 7 2593 1728 0 
K 0 0 45 
K 0 0 43 
K -1 0 45 
K 2 0 45 
K 0 0 60 
K 0 21 60 
A D 1 4 
J N 7 845 -7 5 3457 576 0 
K -18 0 63 
K 0 0 43 
K 0 0 60 
K 0 21 60 
A D 1 4 
J N 7 870 0 4 4321 576 0 
K 0 0 43 
K 0 0 60 
K 0 21 60 
A D 1 4 
J N 7 895 7 4 5185 576 0 
K 0 0 43 
K 0 0 60 
K 0 21 60 
A D 1 4 
J N 7 920 -7 4 6049 576 0 
K 0 0 43 
K 0 0 60 
K 0 21 60 
A D 1 4 
J B 14 950 1 82 6913 576 0 
J N 8 971 -14 8 1 0 0 
K 0 0 45 
K 0 0 42 
K -1 0 45 
K 2 0 45 
K 24 -6 44 
K 0 0 60 
K 0 21 60 
A D 3 4 
J N 7 1046 -7 4 2593 1728 0 
K 0 0 43 
K 0 0 60 
K 0 21 60 
A D 1 4 
J N 7 1071 0 4 3457 576 0 
K 0 0 43 
K 0 0 60 
K 0 21 60 
A D 1 4 
J N 7 1096 35 4 4321 576 0 
K 0 0 43 
K 0 0 59 
K 0 -21 59 
A D 1 4 
J N 8 1121 14 4 5185 576 1 7 
K 0 0 42 
K 0 0 60 
K 0 21 60 
A D 2 4 
J B 15 1176 1 82 6913 1152 0 
J N 7 1197 14 4 1 0 1 7 
K 0 0 43 
K 0 0 60 
K 0 21 60 
A D 1 4 
H 7 T 14 0 0 0 0 0 5 0 
J N 7 1222 28 4 865 576 0 
K 0 0 43 
K 0 0 60 
K 0 21 60 
A D 1 4 
J N 8 1247 7 4 1729 576 0 
K 0 0 42 
K 0 0 60 
K 0 21 60 
A D 2 4 
J N 8 1297 35 5 3457 1152 0 
K 0 0 42 
K 25 0 44 
K 0 0 59 
K 0 -21 59 
A D 3 4 
J N 7 1372 0 4 6049 1728 0 
K 0 0 43 
K 0 0 60 
K 0 21 60 
A D 1 4 
J B 16 1402 1 82 6913 576 0 
J N 7 1423 7 4 1 0 0 
K 0 0 43 
K 0 0 60 
K 0 21 60 
A D 1 4 
J N 7 1448 0 4 865 576 0 
K 0 0 43 
K 0 0 60 
K 0 21 60 
A D 1 4 
J N 7 1473 -7 4 1729 576 0 
K 0 0 43 
K 0 0 60 
K 0 21 60 
A D 1 4 
J N 7 1499 -14 7 2593 576 0 
K 0 0 45 
K 0 0 43 
K -1 0 45 
K 2 0 45 
K 0 0 60 
K 0 21 60 
A D 1 4 
J N 7 1525 14 4 3457 576 0 
K 0 0 43 
K 0 0 60 
K 0 21 60 
A D 1 4 
J N 7 1551 21 4 4321 576 0 
K 0 0 43 
K 0 0 60 
K 0 21 60 
A D 1 4 
J N 7 1577 14 4 5185 576 0 
K 0 0 43 
K 0 0 60 
K 0 21 60 
A D 1 4 
J N 7 1603 7 4 6049 576 0 
K 0 0 43 
K 0 0 60 
K 0 21 60 
A D 1 4 
J B 17 1633 1 82 6913 576 0 
J N 8 1654 0 4 1 0 0 
K 0 0 42 
K 0 0 60 
K 0 21 60 
A D 2 4 
J N 7 1706 35 4 1729 1152 0 
K 0 0 43 
K 0 0 59 
K 0 -21 59 
A D 1 4 
J N 7 1750 28 4 2593 576 0 
K 0 0 43 
K 0 0 60 
K 0 21 60 
A D 1 4 
J N 8 1776 21 4 3457 576 0 
K 0 0 42 
K 0 0 60 
K 0 21 60 
A D 2 4 
J N 8 1828 -14 7 5185 1152 1 8 
K 0 0 45 
K 0 0 42 
K -1 0 45 
K 2 0 45 
K 0 0 60 
K 0 21 60 
A D 2 4 
J B 18 1865 1 82 6913 1152 0 
J N 8 1886 -14 7 1 0 1 8 
K 0 0 45 
K 0 0 42 
K -1 0 45 
K 2 0 45 
K 0 0 60 
K 0 21 60 
A D 2 4 
H 8 T -14 0 0 0 0 0 5 0 
J N 9 1919 -7 2 1729 1152 0 
K 0 0 41 
A D 4 4 
J N 8 2013 0 4 5185 2304 0 
K 0 0 42 
K 0 0 60 
K 0 21 60 
A D 2 4 
J B 19 2050 1 82 6913 1152 0 
E * 
L 690 0 0 330 330 * 0 14 0 
J C 4 5 42 2 6913 0 0 
K 0 0 33 
K 0 0 34 
J K 2 57 0 2 6913 0 0 
K 0 0 63 
K 15 21 63 
J D 0 -11 -14 1 6913 0 0 
W 0 0 0 \01\00 
J N 8 130 35 4 1 0 0 
K 0 0 42 
K 0 0 59 
K 0 -21 59 
A D 2 4 
J N 8 180 -14 7 1729 1152 0 
K 0 0 45 
K 0 0 42 
K -1 0 45 
K 2 0 45 
K 0 0 60 
K 0 21 60 
A D 2 4 
J N 9 213 -7 2 3457 1152 0 
K 0 0 41 
A D 4 4 
J B 11 283 1 82 6913 2304 0 
J N 9 304 0 2 1 0 0 
K 0 0 41 
A D 4 4 
J N 9 394 7 2 3457 2304 0 
K 0 0 41 
A D 4 4 
J B 12 471 1 82 6913 2304 0 
J N 9 492 14 2 1 0 0 
K 0 0 41 
A D 4 4 
J N 8 592 21 4 3457 2304 0 
K 0 0 42 
K 0 0 60 
K 0 21 60 
A D 2 4 
J N 8 625 0 4 5185 1152 1 1 
K 0 0 42 
K 0 0 60 
K 0 21 60 
A D 2 4 
J B 13 680 1 82 6913 1152 0 
J N 7 707 0 4 1 0 1 1 
K 0 0 43 
K 0 0 60 
K 0 21 60 
A D 1 4 
H 1 T 0 0 0 0 0 0 5 0 
J N 7 732 7 4 865 576 0 
K 0 0 43 
K 0 0 60 
K 0 21 60 
A D 1 4 
J N 7 776 14 5 1729 576 0 
K -18 0 63 
K 0 0 43 
K 0 0 60 
K 0 21 60 
A D 1 4 
J N 7 801 0 4 2593 576 0 
K 0 0 43 
K 0 0 60 
K 0 21 60 
A D 1 4 
J N 8 845 28 4 3457 576 0 
K 0 0 42 
K 0 0 60 
K 0 21 60 
A D 2 4 
J N 8 895 7 4 5185 1152 1 2 
K 0 0 42 
K 0 0 60 
K 0 21 60 
A D 2 4 
J B 14 950 1 82 6913 1152 0 
J N 7 971 7 4 1 0 1 2 
K 0 0 43 
K 0 0 60 
K 0 21 60 
A D 1 4 
H 2 T 7 0 0 0 0 0 1 0 
J N 7 996 14 4 865 576 0 
K 0 0 43 
K 0 0 60 
K 0 21 60 
A D 1 4 
J N 7 1021 21 4 1729 576 0 
K 0 0 43 
K 0 0 60 
K 0 21 60 
A D 1 4 
J N 7 1046 7 4 2593 576 0 
K 0 0 43 
K 0 0 60 
K 0 21 60 
A D 1 4 
J N 9 1071 35 2 3457 576 0 
K 0 0 41 
A D 4 4 
J B 15 1176 1 82 6913 2304 0 
J N 8 1197 28 5 1 0 0 
K 0 0 42 
K 24 -6 44 
K 0 0 60 
K 0 21 60 
A D 3 4 
J N 7 1272 21 4 2593 1728 0 
K 0 0 43 
K 0 0 60 
K 0 21 60 
A D 1 4 
J N 7 1297 14 4 3457 576 0 
K 0 0 43 
K 0 0 60 
K 0 21 60 
A D 1 4 
J N 7 1322 35 4 4321 576 0 
K 0 0 43 
K 0 0 59 
K 0 -21 59 
A D 1 4 
J N 8 1347 14 4 5185 576 1 3 
K 0 0 42 
K 0 0 60 
K 0 21 60 
A D 2 4 
J B 16 1402 1 82 6913 1152 0 
J N 8 1423 14 4 1 0 1 3 
K 0 0 42 
K 0 0 60 
K 0 21 60 
A D 2 4 
H 3 T 14 0 0 0 0 0 5 0 
J N 8 1473 21 4 1729 1152 0 
K 0 0 42 
K 0 0 60 
K 0 21 60 
A D 2 4 
J N 9 1525 28 2 3457 1152 0 
K 0 0 41 
A D 4 4 
J B 17 1633 1 82 6913 2304 0 
J N 9 1654 35 2 1 0 0 
K 0 0 41 
A D 4 4 
J N 9 1776 -14 6 3457 2304 0 
K 0 0 45 
K 6 0 45 
K 0 0 41 
K -1 0 45 
K 2 0 45 
A D 4 4 
J B 18 1865 1 82 6913 2304 0 
J N 8 1886 -21 8 1 0 0 
K 0 7 45 
K 0 0 42 
K 0 7 45 
K 1 7 45 
K 25 0 44 
K 0 0 60 
K 0 21 60 
A D 3 4 
J N 7 1935 -28 8 2593 1728 0 
K 0 14 45 
K 0 0 45 
K 0 0 43 
K -1 0 45 
K 2 0 45 
K 0 0 60 
K 0 28 60 
A D 1 4 
J N 7 1961 -35 9 3457 576 0 
K 0 21 45 
K 0 7 45 
K 0 0 43 
K 0 7 45 
K 1 7 45 
K 0 0 60 
K 0 28 60 
K 0 35 60 
A D 1 4 
J N 7 1987 -14 7 4321 576 0 
K 0 0 45 
K 0 0 43 
K -1 0 45 
K 2 0 45 
K 0 0 60 
K 0 21 60 
A D 1 4 
J N 8 2013 -35 9 5185 576 1 4 
K 0 21 45 
K 0 7 45 
K 0 0 42 
K 0 7 45 
K 1 7 45 
K 0 0 60 
K 0 28 60 
K 0 35 60 
A D 2 4 
J B 19 2050 1 82 6913 1152 0 
J M 0 2050 0 0 6913 0 1 4 
H 4 T -35 0 0 0 0 0 1 0 
E * 
L 850 0 0 330 330 * 0 14 0 
J C 13 5 28 35 6913 0 0 
J K 2 57 0 2 6913 0 0 
K 0 7 63 
K 15 28 63 
J D 0 -11 -14 1 6913 0 0 
W 0 0 0 \01\00 
J R 8 130 28 2 1 0 0 
K 0 0 47 
A D 2 4 
J N 8 180 7 4 1729 1152 0 
K 0 0 42 
K 0 0 60 
K 0 21 60 
A D 2 4 
J N 8 213 21 4 3457 1152 0 
K 0 0 42 
K 0 0 60 
K 0 21 60 
A D 2 4 
J N 8 246 14 4 5185 1152 0 
K 0 0 42 
K 0 0 60 
K 0 21 60 
A D 2 4 
J B 11 283 1 82 6913 1152 0 
J N 8 304 42 4 1 0 0 
K 0 0 42 
K 0 0 59 
K 0 -21 59 
A D 2 4 
J N 8 354 -7 4 1729 1152 0 
K 0 0 42 
K 0 0 60 
K 0 21 60 
A D 2 4 
J N 8 394 -14 7 3457 1152 0 
K 0 0 45 
K 0 0 42 
K -1 0 45 
K 2 0 45 
K 0 0 60 
K 0 21 60 
A D 2 4 
J N 8 434 -21 7 5185 1152 0 
K 0 7 45 
K 0 0 42 
K 0 7 45 
K 1 7 45 
K 0 0 60 
K 0 21 60 
A D 2 4 
J B 12 471 1 82 6913 1152 0 
J N 9 492 7 2 1 0 0 
K 0 0 41 
A D 4 4 
J N 8 592 7 5 3457 2304 0 
K 0 0 42 
K 25 0 44 
K 0 0 60 
K 0 21 60 
A D 3 4 
J N 7 650 14 4 6049 1728 0 
K 0 0 43 
K 0 0 60 
K 0 21 60 
A D 1 4 
J B 13 680 1 82 6913 576 0 
J N 7 707 21 5 1 0 0 
K -18 0 63 
K 0 0 43 
K 0 0 60 
K 0 21 60 
A D 1 4 
J N 7 732 28 4 865 576 0 
K 0 0 43 
K 0 0 60 
K 0 21 60 
A D 1 4 
J N 7 776 35 4 1729 576 0 
K 0 0 43 
K 0 0 59 
K 0 -21 59 
A D 1 4 
J N 7 801 21 4 2593 576 0 
K 0 0 43 
K 0 0 60 
K 0 21 60 
A D 1 4 
J N 8 845 14 5 3457 576 0 
K 0 0 42 
K 24 -6 44 
K 0 0 60 
K 0 21 60 
A D 3 4 
J N 7 920 21 5 6049 1728 0 
K -14 0 64 
K 0 0 43 
K 0 0 60 
K 0 21 60 
A D 1 4 
J B 14 950 1 82 6913 576 0 
J N 7 971 28 4 1 0 0 
K 0 0 43 
K 0 0 60 
K 0 21 60 
A D 1 4 
J N 7 996 35 4 865 576 0 
K 0 0 43 
K 0 0 59 
K 0 -21 59 
A D 1 4 
J N 7 1021 42 4 1729 576 0 
K 0 0 43 
K 0 0 59 
K 0 -21 59 
A D 1 4 
J N 7 1046 28 4 2593 576 0 
K 0 0 43 
K 0 0 60 
K 0 21 60 
A D 1 4 
J N 9 1071 21 2 3457 576 0 
K 0 0 41 
A D 4 4 
J B 15 1176 1 82 6913 2304 0 
J R 9 1197 28 2 1 0 0 
K 0 0 46 
A D 4 4 
J N 9 1297 21 2 3457 2304 0 
K 0 0 41 
A D 4 4 
J B 16 1402 1 82 6913 2304 0 
J N 8 1423 14 5 1 0 0 
K 0 0 42 
K 24 -6 44 
K 0 0 60 
K 0 21 60 
A D 3 4 
J N 7 1499 7 4 2593 1728 0 
K 0 0 43 
K 0 0 60 
K 0 21 60 
A D 1 4 
J N 8 1525 0 5 3457 576 0 
K 0 0 42 
K 24 -6 44 
K 0 0 60 
K 0 21 60 
A D 3 4 
J N 7 1603 0 4 6049 1728 0 
K 0 0 43 
K 0 0 60 
K 0 21 60 
A D 1 4 
J B 17 1633 1 82 6913 576 0 
J N 7 1654 7 4 1 0 0 
K 0 0 43 
K 0 0 60 
K 0 21 60 
A D 1 4 
J N 7 1680 14 4 865 576 0 
K 0 0 43 
K 0 0 60 
K 0 21 60 
A D 1 4 
J N 7 1706 7 4 1729 576 0 
K 0 0 43 
K 0 0 60 
K 0 21 60 
A D 1 4 
J N 7 1750 0 5 2593 576 0 
K -18 0 63 
K 0 0 43 
K 0 0 60 
K 0 21 60 
A D 1 4 
J N 7 1776 -7 4 3457 576 0 
K 0 0 43 
K 0 0 60 
K 0 21 60 
A D 1 4 
J N 7 1802 14 4 4321 576 0 
K 0 0 43 
K 0 0 60 
K 0 21 60 
A D 1 4 
J N 8 1828 -21 7 5185 576 0 
K 0 7 45 
K 0 0 42 
K 0 7 45 
K 1 7 45 
K 0 0 60 
K 0 21 60 
A D 2 4 
J B 18 1865 1 82 6913 1152 0 
J N 8 1886 -28 8 1 0 0 
K 0 14 45 
K 0 0 45 
K 0 0 42 
K -1 0 45 
K 2 0 45 
K 0 0 60 
K 0 28 60 
A D 2 4 
J N 8 1919 -35 9 1729 1152 0 
K 0 21 45 
K 0 7 45 
K 0 0 42 
K 0 7 45 
K 1 7 45 
K 0 0 60 
K 0 28 60 
K 0 35 60 
A D 2 4 
J N 9 1961 -7 2 3457 1152 0 
K 0 0 41 
A D 4 4 
J B 19 2050 1 82 6913 2304 0 
E * 
L 1010 0 0 330 330 * 0 14 0 
J C 22 5 14 36 6913 0 0 
J K 2 57 0 2 6913 0 0 
K 0 14 63 
K 15 35 63 
J D 0 -11 -14 1 6913 0 0 
W 0 0 0 \01\00 
J F 0 130 98 1 1 0 0 
K 0 0 203 
J N 7 130 28 4 1 0 0 
K 0 0 43 
K 0 0 60 
K 0 21 60 
A D 1 4 
J N 7 155 49 4 865 576 0 
K 0 0 43 
K 0 0 59 
K 0 -21 59 
A D 1 4 
J F 0 180 98 1 1729 576 0 
K 0 0 202 
J N 8 180 28 4 1729 0 0 
K 0 0 42 
K 0 0 60 
K 0 21 60 
A D 2 4 
J F 0 213 98 2 3457 1152 0 
K 0 0 205 
K 0 21 204 
J N 8 213 42 4 3457 0 0 
K 0 0 42 
K 0 0 59 
K 0 -21 59 
A D 2 4 
J F 0 246 98 2 5185 1152 0 
K 0 0 205 
K 0 21 204 
J N 8 246 35 4 5185 0 0 
K 0 0 42 
K 0 0 59 
K 0 -21 59 
A D 2 4 
J B 11 283 1 82 6913 1152 0 
J F 0 304 98 1 1 0 0 
K 0 0 208 
J N 8 304 28 4 1 0 0 
K 0 0 42 
K 0 0 60 
K 0 21 60 
A D 2 4 
J F 0 354 98 1 1729 1152 0 
K 0 0 205 
J N 8 354 14 4 1729 0 0 
K 0 0 42 
K 0 0 60 
K 0 21 60 
A D 2 4 
J F 0 394 98 2 3457 1152 0 
K 0 0 205 
K 0 21 204 
J N 8 394 7 5 3457 0 0 
K -18 0 63 
K 0 0 42 
K 0 0 60 
K 0 21 60 
A D 2 4 
J F 0 434 98 2 5185 1152 0 
K 0 0 205 
K 0 21 204 
J N 8 434 0 5 5185 0 0 
K -18 0 63 
K 0 0 42 
K 0 0 60 
K 0 21 60 
A D 2 4 
J B 12 471 1 82 6913 1152 0 
J F 0 492 98 1 1 0 0 
K 0 0 208 
J N 8 492 -7 4 1 0 0 
K 0 0 42 
K 0 0 60 
K 0 21 60 
A D 2 4 
J F 0 542 98 3 1729 1152 0 
K -7 -7 197 
K 0 0 207 
K 15 -7 198 
J N 8 542 42 4 1729 0 0 
K 0 0 42 
K 0 0 59 
K 0 -21 59 
A D 2 4 
J F 0 592 98 1 3457 1152 0 
K 0 0 203 
J N 9 592 14 2 3457 0 0 
K 0 0 41 
A D 4 4 
J F 0 625 98 1 5185 1152 0 
K 0 0 213 
J B 13 680 1 82 6913 1152 0 
J F 0 707 98 1 1 0 0 
K 0 0 213 
J N 9 707 42 2 1 0 0 
K 0 0 41 
A D 4 4 
J R 9 845 28 2 3457 2304 0 
K 0 0 46 
A D 4 4 
J B 14 950 1 82 6913 2304 0 
J R 9 971 28 2 1 0 0 
K 0 0 46 
A D 4 4 
J N 7 1071 28 4 3457 2304 0 
K 0 0 43 
K 0 0 60 
K 0 21 60 
A D 1 4 
J N 7 1096 35 4 4321 576 0 
K 0 0 43 
K 0 0 59 
K 0 -21 59 
A D 1 4 
J N 7 1121 42 4 5185 576 0 
K 0 0 43 
K 0 0 59 
K 0 -21 59 
A D 1 4 
J N 7 1146 49 4 6049 576 0 
K 0 0 43 
K 0 0 59 
K 0 -21 59 
A D 1 4 
J B 15 1176 1 82 6913 576 0 
J F 0 1197 98 1 1 0 0 
K 0 0 204 
J N 8 1197 56 5 1 0 0 
K 0 0 42 
K 24 -6 44 
K 0 0 59 
K 0 -21 59 
A D 3 4 
J F 0 1247 98 1 1729 1152 0 
K 0 0 205 
J N 7 1272 7 4 2593 576 0 
K 0 0 43 
K 0 0 60 
K 0 21 60 
A D 1 4 
J F 0 1297 98 1 3457 576 0 
K 0 0 205 
J N 7 1297 14 4 3457 0 0 
K 0 0 43 
K 0 0 60 
K 0 21 60 
A D 1 4 
J N 7 1322 21 4 4321 576 0 
K 0 0 43 
K 0 0 60 
K 0 21 60 
A D 1 4 
J N 7 1347 14 4 5185 576 0 
K 0 0 43 
K 0 0 60 
K 0 21 60 
A D 1 4 
J N 7 1372 28 4 6049 576 0 
K 0 0 43 
K 0 0 60 
K 0 21 60 
A D 1 4 
J B 16 1402 1 82 6913 576 0 
J F 0 1423 98 1 1 0 0 
K 0 0 203 
J N 9 1423 0 2 1 0 0 
K 0 0 41 
A D 4 4 
J F 0 1473 98 1 1729 1152 0 
K 0 0 202 
J F 0 1525 98 1 3457 1152 0 
K 0 0 205 
J N 8 1525 -7 5 3457 0 0 
K 0 0 42 
K 25 0 44 
K 0 0 60 
K 0 21 60 
A D 3 4 
J N 7 1603 -14 7 6049 1728 0 
K 0 0 45 
K 0 0 43 
K -1 0 45 
K 2 0 45 
K 0 0 60 
K 0 21 60 
A D 1 4 
J B 17 1633 1 82 6913 576 0 
J N 7 1654 -21 7 1 0 0 
K 0 7 45 
K 0 0 43 
K 0 7 45 
K 1 7 45 
K 0 0 60 
K 0 21 60 
A D 1 4 
J N 7 1680 0 4 865 576 0 
K 0 0 43 
K 0 0 60 
K 0 21 60 
A D 1 4 
J N 8 1706 -21 7 1729 576 0 
K 0 7 45 
K 0 0 42 
K 0 7 45 
K 1 7 45 
K 0 0 60 
K 0 21 60 
A D 2 4 
J N 9 1776 0 2 3457 1152 0 
K 0 0 41 
A D 4 4 
J B 18 1865 1 82 6913 2304 0 
J R 9 1886 28 2 1 0 0 
K 0 0 46 
A D 4 4 
J F 0 1961 98 1 3457 2304 0 
K 0 0 203 
J N 9 1961 28 2 3457 0 0 
K 0 0 41 
A D 4 4 
J F 0 2013 98 1 5185 1152 0 
K 0 0 202 
J B 19 2050 1 82 6913 1152 0 
E * 
B 1 283 0 
B 1 471 0 
B 1 680 0 
B 1 950 0 
B 1 1176 0 
B 1 1402 0 
B 1 1633 0 
B 1 1865 0 
B 1 2050 0 
