S 0 200 140 2050 1066 7 "[...][....]" 
L 0 0 0 330 330 * 0 14 0 
J C 4 5 42 2 6913 0 0 
K 0 0 33 
K 0 0 34 
J K 2 57 0 2 6913 0 0 
K 0 0 63 
K 15 21 63 
J D 0 -11 -14 1 6913 0 0 
W 0 0 37 \03\08 
J N 8 130 28 4 1 0 1 18 
K 0 0 42 
K 0 0 60 
K 0 21 60 
A D 2 4 
J M 0 78 0 0 6913 0 1 18 
H 18 T 28 0 0 0 0 0 5 0 
J N 9 163 21 2 1729 1152 0 
K 0 0 41 
A D 4 4 
J N 8 251 14 4 5185 2304 1 19 
K 0 0 42 
K 0 0 60 
K 0 21 60 
A D 2 4 
J B 39 305 1 82 6913 1152 0 
J N 8 326 14 4 1 0 1 19 
K 0 0 42 
K 0 0 60 
K 0 21 60 
A D 2 4 
H 19 T 14 0 0 0 0 0 5 0 
J N 7 359 7 4 1729 1152 0 
K 0 0 43 
K 0 0 60 
K 0 21 60 
A D 1 4 
J N 7 383 14 4 2593 576 0 
K 0 0 43 
K 0 0 60 
K 0 21 60 
A D 1 4 
J N 7 407 21 4 3457 576 0 
K 0 0 43 
K 0 0 60 
K 0 21 60 
A D 1 4 
J N 7 431 35 4 4321 576 0 
K 0 0 43 
K 0 0 59 
K 0 -21 59 
A D 1 4 
J N 8 455 14 4 5185 576 1 20 
K 0 0 42 
K 0 0 60 
K 0 21 60 
A D 2 4 
J B 40 529 1 82 6913 1152 0 
J N 8 550 14 4 1 0 1 20 
K 0 0 42 
K 0 0 60 
K 0 21 60 
A D 2 4 
H 20 T 14 0 0 0 0 0 5 0 
J N 9 583 21 2 1729 1152 0 
K 0 0 41 
A D 4 4 
J N 8 679 28 4 5185 2304 1 21 
K 0 0 42 
K 0 0 60 
K 0 21 60 
A D 2 4 
J B 41 733 1 82 6913 1152 0 
J N 8 760 28 4 1 0 1 21 
K 0 0 42 
K 0 0 60 
K 0 21 60 
A D 2 4 
H 21 T 28 0 0 0 0 0 5 0 
J N 8 793 35 4 1729 1152 0 
K 0 0 42 
K 0 0 59 
K 0 -21 59 
A D 2 4 
J N 9 841 42 3 3457 1152 0 
K -18 0 63 
K 0 0 41 
A D 4 4 
J B 42 911 1 82 6913 2304 0 
J N 9 932 49 2 1 0 0 
K 0 0 41 
A D 4 4 
J N 9 1028 -14 6 3457 2304 0 
K 0 0 45 
K 6 0 45 
K 0 0 41 
K -1 0 45 
K 2 0 45 
A D 4 4 
J B 43 1130 1 82 6913 2304 0 
J N 8 1151 -21 8 1 0 0 
K 0 7 45 
K 0 0 42 
K 0 7 45 
K 1 7 45 
K 25 0 44 
K 0 0 60 
K 0 21 60 
A D 3 4 
J N 7 1197 -28 8 2593 1728 0 
K 0 14 45 
K 0 0 45 
K 0 0 43 
K -1 0 45 
K 2 0 45 
K 0 0 60 
K 0 28 60 
A D 1 4 
J N 7 1221 -35 9 3457 576 0 
K 0 21 45 
K 0 7 45 
K 0 0 43 
K 0 7 45 
K 1 7 45 
K 0 0 60 
K 0 28 60 
K 0 35 60 
A D 1 4 
J N 7 1245 -14 7 4321 576 0 
K 0 0 45 
K 0 0 43 
K -1 0 45 
K 2 0 45 
K 0 0 60 
K 0 21 60 
A D 1 4 
J N 8 1269 -35 9 5185 576 1 22 
K 0 21 45 
K 0 7 45 
K 0 0 42 
K 0 7 45 
K 1 7 45 
K 0 0 60 
K 0 28 60 
K 0 35 60 
A D 2 4 
J B 44 1323 1 82 6913 1152 0 
J N 8 1344 -35 9 1 0 1 22 
K 0 21 45 
K 0 7 45 
K 0 0 42 
K 0 7 45 
K 1 7 45 
K 0 0 60 
K 0 28 60 
K 0 35 60 
A D 2 4 
H 22 T -35 0 0 0 0 0 1 0 
J N 9 1392 -28 8 1729 1152 0 
K 0 14 45 
K 6 14 45 
K 0 0 45 
K 6 0 45 
K 0 0 41 
K -1 0 45 
K 2 0 45 
A D 4 4 
J N 8 1528 -21 7 5185 2304 1 23 
K 0 7 45 
K 0 0 42 
K 0 7 45 
K 1 7 45 
K 0 0 60 
K 0 21 60 
A D 2 4 
J B 45 1583 1 82 6913 1152 0 
J N 8 1604 -21 7 1 0 1 23 
K 0 7 45 
K 0 0 42 
K 0 7 45 
K 1 7 45 
K 0 0 60 
K 0 21 60 
A D 2 4 
H 23 T -21 0 0 0 0 0 1 0 
J N 8 1654 -14 8 1729 1152 0 
K 0 0 45 
K -18 0 63 
K 0 0 42 
K -1 0 45 
K 2 0 45 
K 0 0 60 
K 0 21 60 
A D 2 4 
J N 7 1704 -21 7 3457 1152 0 
K 0 7 45 
K 0 0 43 
K 0 7 45 
K 1 7 45 
K 0 0 60 
K 0 21 60 
A D 1 4 
J N 7 1744 -14 8 4321 576 0 
K 0 0 45 
K -14 0 64 
K 0 0 43 
K -1 0 45 
K 2 0 45 
K 0 0 60 
K 0 21 60 
A D 1 4 
J N 7 1769 -7 4 5185 576 0 
K 0 0 43 
K 0 0 60 
K 0 21 60 
A D 1 4 
J N 7 1794 0 4 6049 576 0 
K 0 0 43 
K 0 0 60 
K 0 21 60 
A D 1 4 
J B 46 1824 1 82 6913 576 0 
J N 7 1845 -7 4 1 0 0 
K 0 0 43 
K 0 0 60 
K 0 21 60 
A D 1 4 
J N 7 1870 0 4 865 576 0 
K 0 0 43 
K 0 0 60 
K 0 21 60 
A D 1 4 
J N 7 1895 7 4 1729 576 0 
K 0 0 43 
K 0 0 60 
K 0 21 60 
A D 1 4 
J N 7 1920 14 4 2593 576 0 
K 0 0 43 
K 0 0 60 
K 0 21 60 
A D 1 4 
J N 9 1945 7 2 3457 576 0 
K 0 0 41 
A D 4 4 
J B 47 2050 1 82 6913 2304 0 
E * 
L 160 0 0 330 330 * 0 14 0 
J C 4 5 42 2 6913 0 0 
K 0 0 33 
K 0 0 34 
J K 2 57 0 2 6913 0 0 
K 0 0 63 
K 15 21 63 
J D 0 -11 -14 1 6913 0 0 
W 0 0 0 \03\08 
J N 9 130 42 2 1 0 0 
K 0 0 41 
A D 4 4 
J N 9 203 35 2 3457 2304 0 
K 0 0 41 
A D 4 4 
J B 39 305 1 82 6913 2304 0 
J N 9 326 28 2 1 0 0 
K 0 0 41 
A D 4 4 
J N 8 407 35 4 3457 2304 0 
K 0 0 42 
K 0 0 59 
K 0 -21 59 
A D 2 4 
J N 7 455 -14 7 5185 1152 0 
K 0 0 45 
K 0 0 43 
K -1 0 45 
K 2 0 45 
K 0 0 60 
K 0 21 60 
A D 1 4 
J N 7 479 -21 7 6049 576 0 
K 0 7 45 
K 0 0 43 
K 0 7 45 
K 1 7 45 
K 0 0 60 
K 0 21 60 
A D 1 4 
J B 40 529 1 82 6913 576 0 
J N 9 550 7 2 1 0 0 
K 0 0 41 
A D 4 4 
J N 9 631 14 2 3457 2304 0 
K 0 0 41 
A D 4 4 
J B 41 733 1 82 6913 2304 0 
J N 8 760 56 5 1 0 0 
K -18 0 63 
K 0 0 42 
K 0 0 59 
K 0 -21 59 
A D 2 4 
J N 9 793 49 2 1729 1152 0 
K 0 0 41 
A D 4 4 
J N 8 874 56 4 5185 2304 0 
K 0 0 42 
K 0 0 59 
K 0 -21 59 
A D 2 4 
J B 42 911 1 82 6913 1152 0 
J N 7 932 -14 7 1 0 0 
K 0 0 45 
K 0 0 43 
K -1 0 45 
K 2 0 45 
K 0 0 60 
K 0 21 60 
A D 1 4 
J N 7 956 -7 4 865 576 0 
K 0 0 43 
K 0 0 60 
K 0 21 60 
A D 1 4 
J N 7 980 0 4 1729 576 0 
K 0 0 43 
K 0 0 60 
K 0 21 60 
A D 1 4 
J N 7 1004 7 4 2593 576 0 
K 0 0 43 
K 0 0 60 
K 0 21 60 
A D 1 4 
J N 7 1028 14 4 3457 576 0 
K 0 0 43 
K 0 0 60 
K 0 21 60 
A D 1 4 
J N 7 1052 21 4 4321 576 0 
K 0 0 43 
K 0 0 60 
K 0 21 60 
A D 1 4 
J N 7 1076 28 4 5185 576 0 
K 0 0 43 
K 0 0 60 
K 0 21 60 
A D 1 4 
J N 7 1100 35 4 6049 576 0 
K 0 0 43 
K 0 0 59 
K 0 -21 59 
A D 1 4 
J B 43 1130 1 82 6913 576 0 
J N 8 1151 42 4 1 0 0 
K 0 0 42 
K 0 0 59 
K 0 -21 59 
A D 2 4 
J N 9 1184 -7 2 1729 1152 0 
K 0 0 41 
A D 4 4 
J N 8 1269 0 4 5185 2304 0 
K 0 0 42 
K 0 0 60 
K 0 21 60 
A D 2 4 
J B 44 1323 1 82 6913 1152 0 
J N 9 1344 7 2 1 0 0 
K 0 0 41 
A D 4 4 
J N 9 1480 14 2 3457 2304 0 
K 0 0 41 
A D 4 4 
J B 45 1583 1 82 6913 2304 0 
J N 9 1604 21 2 1 0 0 
K 0 0 41 
A D 4 4 
J N 9 1704 28 2 3457 2304 0 
K 0 0 41 
A D 4 4 
J B 46 1824 1 82 6913 2304 0 
J N 7 1845 7 4 1 0 0 
K 0 0 43 
K 0 0 60 
K 0 21 60 
A D 1 4 
J N 7 1870 14 4 865 576 0 
K 0 0 43 
K 0 0 60 
K 0 21 60 
A D 1 4 
J N 7 1895 21 4 1729 576 0 
K 0 0 43 
K 0 0 60 
K 0 21 60 
A D 1 4 
J N 7 1920 28 4 2593 576 0 
K 0 0 43 
K 0 0 60 
K 0 21 60 
A D 1 4 
J N 7 1945 21 4 3457 576 0 
K 0 0 43 
K 0 0 60 
K 0 21 60 
A D 1 4 
J N 7 1970 28 4 4321 576 0 
K 0 0 43 
K 0 0 60 
K 0 21 60 
A D 1 4 
J N 7 1995 35 4 5185 576 0 
K 0 0 43 
K 0 0 59 
K 0 -21 59 
A D 1 4 
J N 7 2020 42 4 6049 576 0 
K 0 0 43 
K 0 0 59 
K 0 -21 59 
A D 1 4 
J B 47 2050 1 82 6913 576 0 
E * 
L 320 0 0 330 330 * 0 14 0 
J C 22 5 14 36 6913 0 0 
J K 2 57 0 2 6913 0 0 
K 0 14 63 
K 15 35 63 
J D 0 -11 -14 1 6913 0 0 
W 0 0 0 \03\08 
J F 0 130 98 1 1 0 0 
K 0 0 204 
J N 9 130 21 2 1 0 0 
K 0 0 41 
A D 4 4 
J F 0 163 98 1 1729 1152 0 
K 0 0 205 
J F 0 203 98 1 3457 1152 0 
K 0 0 204 
J N 9 203 14 2 3457 0 0 
K 0 0 41 
A D 4 4 
J F 0 251 98 1 5185 1152 0 
K 0 0 205 
J B 39 305 1 82 6913 1152 0 
J F 0 326 98 1 1 0 0 
K 0 0 204 
J N 9 326 7 2 1 0 1 5 
K 0 0 41 
A D 4 4 
J F 0 359 98 1 1729 1152 0 
K 0 0 205 
J F 0 407 98 2 3457 1152 0 
K 0 0 203 
K 0 21 201 
J N 8 407 7 4 3457 0 1 5 
K 0 0 42 
K 0 0 60 
K 0 21 60 
A D 2 4 
H 5 T 7 0 0 0 0 0 1 0 
J F 0 455 98 1 5185 1152 0 
K 0 0 205 
J N 7 455 14 4 5185 0 0 
K 0 0 43 
K 0 0 60 
K 0 21 60 
A D 1 4 
J F 0 479 98 3 6049 576 0 
K -7 -7 197 
K 0 0 204 
K 15 -7 198 
J N 7 479 7 4 6049 0 0 
K 0 0 43 
K 0 0 60 
K 0 21 60 
A D 1 4 
J B 40 529 1 82 6913 576 0 
J F 0 550 98 1 1 0 0 
K 0 0 203 
J N 8 550 0 5 1 0 0 
K 0 0 42 
K 24 -6 44 
K 0 0 60 
K 0 21 60 
A D 3 4 
J F 0 583 98 1 1729 1152 0 
K 0 0 202 
J F 0 607 98 1 2593 576 0 
K 0 0 204 
J N 7 607 0 5 2593 0 0 
K -18 0 63 
K 0 0 43 
K 0 0 60 
K 0 21 60 
A D 1 4 
J F 0 631 98 1 3457 576 0 
K 0 0 208 
J N 7 631 -7 4 3457 0 0 
K 0 0 43 
K 0 0 60 
K 0 21 60 
A D 1 4 
J N 7 655 -14 7 4321 576 0 
K 0 0 45 
K 0 0 43 
K -1 0 45 
K 2 0 45 
K 0 0 60 
K 0 21 60 
A D 1 4 
J F 0 679 98 1 5185 576 0 
K 0 0 205 
J N 7 679 -21 7 5185 0 0 
K 0 7 45 
K 0 0 43 
K 0 7 45 
K 1 7 45 
K 0 0 60 
K 0 21 60 
A D 1 4 
J N 7 703 -7 4 6049 576 0 
K 0 0 43 
K 0 0 60 
K 0 21 60 
A D 1 4 
J B 41 733 1 82 6913 576 0 
J F 0 760 98 2 1 0 0 
K 0 0 206 
K 0 21 213 
J N 8 760 -14 7 1 0 0 
K 0 0 45 
K 0 0 42 
K -1 0 45 
K 2 0 45 
K 0 0 60 
K 0 21 60 
A D 2 4 
J N 8 793 14 4 1729 1152 0 
K 0 0 42 
K 0 0 60 
K 0 21 60 
A D 2 4 
J F 0 841 98 1 3457 1152 0 
K 0 0 203 
J N 9 841 35 2 3457 0 0 
K 0 0 41 
A D 4 4 
J F 0 874 98 1 5185 1152 0 
K 0 0 213 
J B 42 911 1 82 6913 1152 0 
J F 0 932 98 1 1 0 0 
K 0 0 218 
J N 9 932 63 2 1 0 0 
K 0 0 41 
A D 4 4 
J R 9 1028 28 2 3457 2304 0 
K 0 0 46 
A D 4 4 
J B 43 1130 1 82 6913 2304 0 
J R 9 1151 28 2 1 0 0 
K 0 0 46 
A D 4 4 
J F 0 1221 98 2 3457 2304 0 
K 0 0 204 
K 0 21 203 
J N 7 1221 28 4 3457 0 0 
K 0 0 43 
K 0 0 60 
K 0 21 60 
A D 1 4 
J N 7 1245 21 4 4321 576 0 
K 0 0 43 
K 0 0 60 
K 0 21 60 
A D 1 4 
J F 0 1269 98 1 5185 576 0 
K 0 0 205 
J N 7 1269 14 4 5185 0 0 
K 0 0 43 
K 0 0 60 
K 0 21 60 
A D 1 4 
J N 7 1293 7 4 6049 576 0 
K 0 0 43 
K 0 0 60 
K 0 21 60 
A D 1 4 
J B 44 1323 1 82 6913 576 0 
J F 0 1344 98 2 1 0 0 
K 0 0 204 
K 0 21 203 
J N 7 1344 0 4 1 0 0 
K 0 0 43 
K 0 0 60 
K 0 21 60 
A D 1 4 
J N 7 1368 -7 4 865 576 0 
K 0 0 43 
K 0 0 60 
K 0 21 60 
A D 1 4 
J F 0 1392 98 1 1729 576 0 
K 0 0 205 
J N 7 1392 -14 7 1729 0 0 
K 0 0 45 
K 0 0 43 
K -1 0 45 
K 2 0 45 
K 0 0 60 
K 0 21 60 
A D 1 4 
J F 0 1431 98 4 2593 576 0 
K -10 3 69 
K 0 0 205 
K 17 3 70 
K 0 21 204 
J N 7 1431 0 5 2593 0 0 
K -18 0 63 
K 0 0 43 
K 0 0 60 
K 0 21 60 
A D 1 4 
J F 0 1480 98 1 3457 576 0 
K 0 0 208 
J N 7 1480 -7 4 3457 0 0 
K 0 0 43 
K 0 0 60 
K 0 21 60 
A D 1 4 
J N 7 1504 -14 7 4321 576 0 
K 0 0 45 
K 0 0 43 
K -1 0 45 
K 2 0 45 
K 0 0 60 
K 0 21 60 
A D 1 4 
J F 0 1528 98 1 5185 576 0 
K 0 0 205 
J N 7 1528 -21 7 5185 0 0 
K 0 7 45 
K 0 0 43 
K 0 7 45 
K 1 7 45 
K 0 0 60 
K 0 21 60 
A D 1 4 
J N 7 1553 -7 4 6049 576 0 
K 0 0 43 
K 0 0 60 
K 0 21 60 
A D 1 4 
J B 45 1583 1 82 6913 576 0 
J F 0 1604 98 2 1 0 0 
K 0 0 205 
K 0 21 204 
J N 7 1604 -28 8 1 0 0 
K 0 14 45 
K 0 0 45 
K 0 0 43 
K -1 0 45 
K 2 0 45 
K 0 0 60 
K 0 28 60 
A D 1 4 
J N 7 1629 -14 7 865 576 0 
K 0 0 45 
K 0 0 43 
K -1 0 45 
K 2 0 45 
K 0 0 60 
K 0 21 60 
A D 1 4 
J F 0 1654 98 1 1729 576 0 
K 0 0 213 
J N 7 1654 -35 9 1729 0 0 
K 0 21 45 
K 0 7 45 
K 0 0 43 
K 0 7 45 
K 1 7 45 
K 0 0 60 
K 0 28 60 
K 0 35 60 
A D 1 4 
J N 7 1679 14 4 2593 576 0 
K 0 0 43 
K 0 0 60 
K 0 21 60 
A D 1 4 
J N 9 1704 -7 2 3457 576 0 
K 0 0 41 
A D 4 4 
J B 46 1824 1 82 6913 2304 0 
J R 9 1923 28 2 1 10000 0 
K 0 0 46 
A D 8 4 
J B 47 2050 1 82 6913 4608 0 
E * 
L 530 0 0 330 330 * 0 14 0 
J C 4 5 42 2 6913 0 0 
K 0 0 33 
K 0 0 34 
J K 2 57 0 2 6913 0 0 
K 0 0 63 
K 15 21 63 
J D 0 -11 -14 1 6913 0 0 
W 0 0 0 \03\08 
J N 8 130 28 4 1 0 1 15 
K 0 0 42 
K 0 0 60 
K 0 21 60 
A D 2 4 
J M 0 78 0 0 6913 0 1 15 
H 15 T 28 0 0 0 0 0 5 0 
J N 9 163 21 2 1729 1152 0 
K 0 0 41 
A D 4 4 
J N 8 251 14 4 5185 2304 1 16 
K 0 0 42 
K 0 0 60 
K 0 21 60 
A D 2 4 
J B 39 305 1 82 6913 1152 0 
J N 8 326 14 4 1 0 1 16 
K 0 0 42 
K 0 0 60 
K 0 21 60 
A D 2 4 
H 16 T 14 0 0 0 0 0 5 0 
J N 7 359 7 4 1729 1152 0 
K 0 0 43 
K 0 0 60 
K 0 21 60 
A D 1 4 
J N 7 383 14 4 2593 576 0 
K 0 0 43 
K 0 0 60 
K 0 21 60 
A D 1 4 
J N 7 407 21 4 3457 576 0 
K 0 0 43 
K 0 0 60 
K 0 21 60 
A D 1 4 
J N 7 431 35 4 4321 576 0 
K 0 0 43 
K 0 0 59 
K 0 -21 59 
A D 1 4 
J N 8 455 14 4 5185 576 1 17 
K 0 0 42 
K 0 0 60 
K 0 21 60 
A D 2 4 
J B 40 529 1 82 6913 1152 0 
J N 8 550 14 4 1 0 1 17 
K 0 0 42 
K 0 0 60 
K 0 21 60 
A D 2 4 
H 17 T 14 0 0 0 0 0 5 0 
J N 9 583 21 2 1729 1152 0 
K 0 0 41 
A D 4 4 
J N 8 679 28 4 5185 2304 1 18 
K 0 0 42 
K 0 0 60 
K 0 21 60 
A D 2 4 
J B 41 733 1 82 6913 1152 0 
J N 8 760 28 4 1 0 1 18 
K 0 0 42 
K 0 0 60 
K 0 21 60 
A D 2 4 
H 18 T 28 0 0 0 0 0 5 0 
J N 8 793 35 4 1729 1152 0 
K 0 0 42 
K 0 0 59 
K 0 -21 59 
A D 2 4 
J N 9 841 42 3 3457 1152 0 
K -18 0 63 
K 0 0 41 
A D 4 4 
J B 42 911 1 82 6913 2304 0 
J N 9 932 49 2 1 0 0 
K 0 0 41 
A D 4 4 
J R 9 1028 28 2 3457 2304 0 
K 0 0 46 
A D 4 4 
J B 43 1130 1 82 6913 2304 0 
J R 9 1151 28 2 1 0 0 
K 0 0 46 
A D 4 4 
J N 8 1221 -14 7 3457 2304 0 
K 0 0 45 
K 0 0 42 
K -1 0 45 
K 2 0 45 
K 0 0 60 
K 0 21 60 
A D 2 4 
J N 8 1269 -35 9 5185 1152 1 19 
K 0 21 45 
K 0 7 45 
K 0 0 42 
K 0 7 45 
K 1 7 45 
K 0 0 60 
K 0 28 60 
K 0 35 60 
A D 2 4 
J B 44 1323 1 82 6913 1152 0 
J N 8 1344 -35 9 1 0 1 19 
K 0 21 45 
K 0 7 45 
K 0 0 42 
K 0 7 45 
K 1 7 45 
K 0 0 60 
K 0 28 60 
K 0 35 60 
A D 2 4 
H 19 T -35 0 0 0 0 0 1 0 
J N 9 1392 -28 8 1729 1152 0 
K 0 14 45 
K 6 14 45 
K 0 0 45 
K 6 0 45 
K 0 0 41 
K -1 0 45 
K 2 0 45 
A D 4 4 
J N 8 1528 -21 7 5185 2304 1 20 
K 0 7 45 
K 0 0 42 
K 0 7 45 
K 1 7 45 
K 0 0 60 
K 0 21 60 
A D 2 4 
J B 45 1583 1 82 6913 1152 0 
J N 8 1604 -21 7 1 0 1 20 
K 0 7 45 
K 0 0 42 
K 0 7 45 
K 1 7 45 
K 0 0 60 
K 0 21 60 
A D 2 4 
H 20 T -21 0 0 0 0 0 1 0 
J N 8 1654 -14 8 1729 1152 0 
K 0 0 45 
K -18 0 63 
K 0 0 42 
K -1 0 45 
K 2 0 45 
K 0 0 60 
K 0 21 60 
A D 2 4 
J N 7 1704 -21 7 3457 1152 0 
K 0 7 45 
K 0 0 43 
K 0 7 45 
K 1 7 45 
K 0 0 60 
K 0 21 60 
A D 1 4 
J N 7 1744 -14 8 4321 576 0 
K 0 0 45 
K -14 0 64 
K 0 0 43 
K -1 0 45 
K 2 0 45 
K 0 0 60 
K 0 21 60 
A D 1 4 
J N 7 1769 -7 4 5185 576 0 
K 0 0 43 
K 0 0 60 
K 0 21 60 
A D 1 4 
J N 7 1794 0 4 6049 576 0 
K 0 0 43 
K 0 0 60 
K 0 21 60 
A D 1 4 
J B 46 1824 1 82 6913 576 0 
J N 7 1845 -7 4 1 0 0 
K 0 0 43 
K 0 0 60 
K 0 21 60 
A D 1 4 
J N 7 1870 0 4 865 576 0 
K 0 0 43 
K 0 0 60 
K 0 21 60 
A D 1 4 
J N 7 1895 7 4 1729 576 0 
K 0 0 43 
K 0 0 60 
K 0 21 60 
A D 1 4 
J N 7 1920 14 4 2593 576 0 
K 0 0 43 
K 0 0 60 
K 0 21 60 
A D 1 4 
J N 9 1945 7 2 3457 576 0 
K 0 0 41 
A D 4 4 
J B 47 2050 1 82 6913 2304 0 
E * 
L 690 0 0 330 330 * 0 14 0 
J C 4 5 42 2 6913 0 0 
K 0 0 33 
K 0 0 34 
J K 2 57 0 2 6913 0 0 
K 0 0 63 
K 15 21 63 
J D 0 -11 -14 1 6913 0 0 
W 0 0 0 \03\08 
J N 9 130 42 2 1 0 0 
K 0 0 41 
A D 4 4 
J N 9 203 35 2 3457 2304 0 
K 0 0 41 
A D 4 4 
J B 39 305 1 82 6913 2304 0 
J N 9 326 28 2 1 0 0 
K 0 0 41 
A D 4 4 
J N 8 407 35 4 3457 2304 0 
K 0 0 42 
K 0 0 59 
K 0 -21 59 
A D 2 4 
J N 7 455 -14 7 5185 1152 0 
K 0 0 45 
K 0 0 43 
K -1 0 45 
K 2 0 45 
K 0 0 60 
K 0 21 60 
A D 1 4 
J N 7 479 -21 7 6049 576 0 
K 0 7 45 
K 0 0 43 
K 0 7 45 
K 1 7 45 
K 0 0 60 
K 0 21 60 
A D 1 4 
J B 40 529 1 82 6913 576 0 
J N 9 550 7 2 1 0 0 
K 0 0 41 
A D 4 4 
J N 9 631 14 2 3457 2304 0 
K 0 0 41 
A D 4 4 
J B 41 733 1 82 6913 2304 0 
J N 8 760 56 5 1 0 0 
K -18 0 63 
K 0 0 42 
K 0 0 59 
K 0 -21 59 
A D 2 4 
J N 9 793 49 2 1729 1152 0 
K 0 0 41 
A D 4 4 
J N 8 874 56 4 5185 2304 0 
K 0 0 42 
K 0 0 59 
K 0 -21 59 
A D 2 4 
J B 42 911 1 82 6913 1152 0 
J N 9 932 49 2 1 0 0 
K 0 0 41 
A D 4 4 
J R 9 1028 28 2 3457 2304 0 
K 0 0 46 
A D 4 4 
J B 43 1130 1 82 6913 2304 0 
J R 9 1151 28 2 1 0 0 
K 0 0 46 
A D 4 4 
J R 8 1221 28 2 3457 2304 0 
K 0 0 47 
A D 2 4 
J N 8 1269 0 4 5185 1152 0 
K 0 0 42 
K 0 0 60 
K 0 21 60 
A D 2 4 
J B 44 1323 1 82 6913 1152 0 
J N 9 1344 7 2 1 0 0 
K 0 0 41 
A D 4 4 
J N 9 1480 14 2 3457 2304 0 
K 0 0 41 
A D 4 4 
J B 45 1583 1 82 6913 2304 0 
J N 9 1604 21 2 1 0 0 
K 0 0 41 
A D 4 4 
J N 9 1704 28 2 3457 2304 0 
K 0 0 41 
A D 4 4 
J B 46 1824 1 82 6913 2304 0 
J N 7 1845 7 4 1 0 0 
K 0 0 43 
K 0 0 60 
K 0 21 60 
A D 1 4 
J N 7 1870 14 4 865 576 0 
K 0 0 43 
K 0 0 60 
K 0 21 60 
A D 1 4 
J N 7 1895 21 4 1729 576 0 
K 0 0 43 
K 0 0 60 
K 0 21 60 
A D 1 4 
J N 7 1920 28 4 2593 576 0 
K 0 0 43 
K 0 0 60 
K 0 21 60 
A D 1 4 
J N 7 1945 21 4 3457 576 0 
K 0 0 43 
K 0 0 60 
K 0 21 60 
A D 1 4 
J N 7 1970 28 4 4321 576 0 
K 0 0 43 
K 0 0 60 
K 0 21 60 
A D 1 4 
J N 7 1995 35 4 5185 576 0 
K 0 0 43 
K 0 0 59 
K 0 -21 59 
A D 1 4 
J N 7 2020 42 4 6049 576 0 
K 0 0 43 
K 0 0 59 
K 0 -21 59 
A D 1 4 
J B 47 2050 1 82 6913 576 0 
E * 
L 850 0 0 330 330 * 0 14 0 
J C 13 5 28 35 6913 0 0 
J K 2 57 0 2 6913 0 0 
K 0 7 63 
K 15 28 63 
J D 0 -11 -14 1 6913 0 0 
W 0 0 0 \03\08 
J N 8 130 49 5 1 0 0 
K 0 0 42 
K 25 0 44 
K 0 0 59 
K 0 -21 59 
A D 3 4 
J N 7 179 0 4 2593 1728 0 
K 0 0 43 
K 0 0 60 
K 0 21 60 
A D 1 4 
J N 7 203 7 4 3457 576 0 
K 0 0 43 
K 0 0 60 
K 0 21 60 
A D 1 4 
J N 7 227 14 4 4321 576 0 
K 0 0 43 
K 0 0 60 
K 0 21 60 
A D 1 4 
J N 7 251 21 4 5185 576 0 
K 0 0 43 
K 0 0 60 
K 0 21 60 
A D 1 4 
J N 7 275 28 4 6049 576 0 
K 0 0 43 
K 0 0 60 
K 0 21 60 
A D 1 4 
J B 39 305 1 82 6913 576 0 
J N 8 326 35 4 1 0 0 
K 0 0 42 
K 0 0 59 
K 0 -21 59 
A D 2 4 
J N 7 359 0 4 1729 1152 0 
K 0 0 43 
K 0 0 60 
K 0 21 60 
A D 1 4 
J N 7 383 7 4 2593 576 0 
K 0 0 43 
K 0 0 60 
K 0 21 60 
A D 1 4 
J N 8 407 14 4 3457 576 0 
K 0 0 42 
K 0 0 60 
K 0 21 60 
A D 2 4 
J N 8 455 21 4 5185 1152 0 
K 0 0 42 
K 0 0 60 
K 0 21 60 
A D 2 4 
J B 40 529 1 82 6913 1152 0 
J N 8 550 -7 5 1 0 0 
K 0 0 42 
K 25 0 44 
K 0 0 60 
K 0 21 60 
A D 3 4 
J N 7 607 -21 7 2593 1728 0 
K 0 7 45 
K 0 0 43 
K 0 7 45 
K 1 7 45 
K 0 0 60 
K 0 21 60 
A D 1 4 
J N 8 631 7 5 3457 576 0 
K 0 0 42 
K 25 0 44 
K 0 0 60 
K 0 21 60 
A D 3 4 
J N 7 703 -28 8 6049 1728 0 
K 0 14 45 
K 0 0 45 
K 0 0 43 
K -1 0 45 
K 2 0 45 
K 0 0 60 
K 0 28 60 
A D 1 4 
J B 41 733 1 82 6913 576 0 
J N 8 760 0 5 1 0 0 
K -18 0 63 
K 0 0 42 
K 0 0 60 
K 0 21 60 
A D 2 4 
J N 7 793 -7 4 1729 1152 0 
K 0 0 43 
K 0 0 60 
K 0 21 60 
A D 1 4 
J N 7 817 -14 7 2593 576 0 
K 0 0 45 
K 0 0 43 
K -1 0 45 
K 2 0 45 
K 0 0 60 
K 0 21 60 
A D 1 4 
J N 8 841 -21 7 3457 576 0 
K 0 7 45 
K 0 0 42 
K 0 7 45 
K 1 7 45 
K 0 0 60 
K 0 21 60 
A D 2 4 
J N 8 874 28 4 5185 1152 0 
K 0 0 42 
K 0 0 60 
K 0 21 60 
A D 2 4 
J B 42 911 1 82 6913 1152 0 
J N 9 932 28 2 1 0 0 
K 0 0 41 
A D 4 4 
J R 9 1028 28 2 3457 2304 0 
K 0 0 46 
A D 4 4 
J B 43 1130 1 82 6913 2304 0 
J R 9 1212 28 2 1 10000 0 
K 0 0 46 
A D 8 4 
J B 44 1323 1 82 6913 4608 0 
J N 8 1344 -7 5 1 0 0 
K 0 0 42 
K 25 0 44 
K 0 0 60 
K 0 21 60 
A D 3 4 
J N 7 1431 -21 7 2593 1728 0 
K 0 7 45 
K 0 0 43 
K 0 7 45 
K 1 7 45 
K 0 0 60 
K 0 21 60 
A D 1 4 
J N 8 1480 7 5 3457 576 0 
K 0 0 42 
K 25 0 44 
K 0 0 60 
K 0 21 60 
A D 3 4 
J N 7 1553 14 4 6049 1728 0 
K 0 0 43 
K 0 0 60 
K 0 21 60 
A D 1 4 
J B 45 1583 1 82 6913 576 0 
J N 7 1604 0 4 1 0 0 
K 0 0 43 
K 0 0 60 
K 0 21 60 
A D 1 4 
J N 7 1629 14 4 865 576 0 
K 0 0 43 
K 0 0 60 
K 0 21 60 
A D 1 4 
J N 8 1654 7 4 1729 576 0 
K 0 0 42 
K 0 0 60 
K 0 21 60 
A D 2 4 
J N 9 1704 7 2 3457 1152 0 
K 0 0 41 
A D 4 4 
J B 46 1824 1 82 6913 2304 0 
J R 9 1845 28 2 1 0 0 
K 0 0 46 
A D 4 4 
J N 7 1945 -7 4 3457 2304 0 
K 0 0 43 
K 0 0 60 
K 0 21 60 
A D 1 4 
J N 7 1970 0 4 4321 576 0 
K 0 0 43 
K 0 0 60 
K 0 21 60 
A D 1 4 
J N 7 1995 7 4 5185 576 0 
K 0 0 43 
K 0 0 60 
K 0 21 60 
A D 1 4 
J N 7 2020 14 4 6049 576 0 
K 0 0 43 
K 0 0 60 
K 0 21 60 
A D 1 4 
J B 47 2050 1 82 6913 576 0 
E * 
L 1010 0 0 330 330 * 0 14 0 
J C 22 5 14 36 6913 0 0 
J K 2 57 0 2 6913 0 0 
K 0 14 63 
K 15 35 63 
J D 0 -11 -14 1 6913 0 0 
W 0 0 0 \03\08 
J F 0 130 98 1 1 0 0 
K 0 0 204 
J N 9 130 21 2 1 0 0 
K 0 0 41 
A D 4 4 
J F 0 163 98 1 1729 1152 0 
K 0 0 205 
J F 0 203 98 1 3457 1152 0 
K 0 0 204 
J N 9 203 14 2 3457 0 0 
K 0 0 41 
A D 4 4 
J F 0 251 98 1 5185 1152 0 
K 0 0 205 
J B 39 305 1 82 6913 1152 0 
J F 0 326 98 1 1 0 0 
K 0 0 204 
J N 9 326 7 2 1 0 1 4 
K 0 0 41 
A D 4 4 
J F 0 359 98 1 1729 1152 0 
K 0 0 205 
J F 0 407 98 2 3457 1152 0 
K 0 0 203 
K 0 21 201 
J N 8 407 7 4 3457 0 1 4 
K 0 0 42 
K 0 0 60 
K 0 21 60 
A D 2 4 
H 4 T 7 0 0 0 0 0 1 0 
J F 0 455 98 1 5185 1152 0 
K 0 0 205 
J N 7 455 14 4 5185 0 0 
K 0 0 43 
K 0 0 60 
K 0 21 60 
A D 1 4 
J F 0 479 98 3 6049 576 0 
K -7 -7 197 
K 0 0 204 
K 15 -7 198 
J N 7 479 7 4 6049 0 0 
K 0 0 43 
K 0 0 60 
K 0 21 60 
A D 1 4 
J B 40 529 1 82 6913 576 0 
J F 0 550 98 1 1 0 0 
K 0 0 203 
J N 8 550 0 5 1 0 0 
K 0 0 42 
K 24 -6 44 
K 0 0 60 
K 0 21 60 
A D 3 4 
J F 0 583 98 1 1729 1152 0 
K 0 0 202 
J F 0 607 98 1 2593 576 0 
K 0 0 204 
J N 7 607 0 5 2593 0 0 
K -18 0 63 
K 0 0 43 
K 0 0 60 
K 0 21 60 
A D 1 4 
J F 0 631 98 1 3457 576 0 
K 0 0 208 
J N 7 631 -7 4 3457 0 0 
K 0 0 43 
K 0 0 60 
K 0 21 60 
A D 1 4 
J N 7 655 -14 7 4321 576 0 
K 0 0 45 
K 0 0 43 
K -1 0 45 
K 2 0 45 
K 0 0 60 
K 0 21 60 
A D 1 4 
J F 0 679 98 1 5185 576 0 
K 0 0 205 
J N 7 679 -21 7 5185 0 0 
K 0 7 45 
K 0 0 43 
K 0 7 45 
K 1 7 45 
K 0 0 60 
K 0 21 60 
A D 1 4 
J N 7 703 -7 4 6049 576 0 
K 0 0 43 
K 0 0 60 
K 0 21 60 
A D 1 4 
J B 41 733 1 82 6913 576 0 
J F 0 760 98 2 1 0 0 
K 0 0 206 
K 0 21 213 
J N 8 760 -14 7 1 0 0 
K 0 0 45 
K 0 0 42 
K -1 0 45 
K 2 0 45 
K 0 0 60 
K 0 21 60 
A D 2 4 
J N 8 793 14 4 1729 1152 0 
K 0 0 42 
K 0 0 60 
K 0 21 60 
A D 2 4 
J F 0 841 98 1 3457 1152 0 
K 0 0 203 
J N 9 841 35 2 3457 0 0 
K 0 0 41 
A D 4 4 
J F 0 874 98 1 5185 1152 0 
K 0 0 213 
J B 42 911 1 82 6913 1152 0 
J F 0 932 98 1 1 0 0 
K 0 0 218 
J N 9 932 63 2 1 0 0 
K 0 0 41 
A D 4 4 
J R 9 1028 28 2 3457 2304 0 
K 0 0 46 
A D 4 4 
J B 43 1130 1 82 6913 2304 0 
J R 9 1151 28 2 1 0 0 
K 0 0 46 
A D 4 4 
J F 0 1221 98 2 3457 2304 0 
K 0 0 204 
K 0 21 203 
J N 7 1221 28 4 3457 0 0 
K 0 0 43 
K 0 0 60 
K 0 21 60 
A D 1 4 
J N 7 1245 21 4 4321 576 0 
K 0 0 43 
K 0 0 60 
K 0 21 60 
A D 1 4 
J F 0 1269 98 1 5185 576 0 
K 0 0 205 
J N 7 1269 14 4 5185 0 0 
K 0 0 43 
K 0 0 60 
K 0 21 60 
A D 1 4 
J N 7 1293 7 4 6049 576 0 
K 0 0 43 
K 0 0 60 
K 0 21 60 
A D 1 4 
J B 44 1323 1 82 6913 576 0 
J F 0 1344 98 2 1 0 0 
K 0 0 204 
K 0 21 203 
J N 7 1344 0 4 1 0 0 
K 0 0 43 
K 0 0 60 
K 0 21 60 
A D 1 4 
J N 7 1368 -7 4 865 576 0 
K 0 0 43 
K 0 0 60 
K 0 21 60 
A D 1 4 
J F 0 1392 98 1 1729 576 0 
K 0 0 205 
J N 7 1392 -14 7 1729 0 0 
K 0 0 45 
K 0 0 43 
K -1 0 45 
K 2 0 45 
K 0 0 60 
K 0 21 60 
A D 1 4 
J F 0 1431 98 4 2593 576 0 
K -10 3 69 
K 0 0 205 
K 17 3 70 
K 0 21 204 
J N 7 1431 0 5 2593 0 0 
K -18 0 63 
K 0 0 43 
K 0 0 60 
K 0 21 60 
A D 1 4 
J F 0 1480 98 1 3457 576 0 
K 0 0 208 
J N 7 1480 -7 4 3457 0 0 
K 0 0 43 
K 0 0 60 
K 0 21 60 
A D 1 4 
J N 7 1504 -14 7 4321 576 0 
K 0 0 45 
K 0 0 43 
K -1 0 45 
K 2 0 45 
K 0 0 60 
K 0 21 60 
A D 1 4 
J F 0 1528 98 1 5185 576 0 
K 0 0 205 
J N 7 1528 -21 7 5185 0 0 
K 0 7 45 
K 0 0 43 
K 0 7 45 
K 1 7 45 
K 0 0 60 
K 0 21 60 
A D 1 4 
J N 7 1553 -7 4 6049 576 0 
K 0 0 43 
K 0 0 60 
K 0 21 60 
A D 1 4 
J B 45 1583 1 82 6913 576 0 
J F 0 1604 98 2 1 0 0 
K 0 0 205 
K 0 21 204 
J N 7 1604 -28 8 1 0 0 
K 0 14 45 
K 0 0 45 
K 0 0 43 
K -1 0 45 
K 2 0 45 
K 0 0 60 
K 0 28 60 
A D 1 4 
J N 7 1629 -14 7 865 576 0 
K 0 0 45 
K 0 0 43 
K -1 0 45 
K 2 0 45 
K 0 0 60 
K 0 21 60 
A D 1 4 
J F 0 1654 98 1 1729 576 0 
K 0 0 213 
J N 7 1654 -35 9 1729 0 0 
K 0 21 45 
K 0 7 45 
K 0 0 43 
K 0 7 45 
K 1 7 45 
K 0 0 60 
K 0 28 60 
K 0 35 60 
A D 1 4 
J N 7 1679 14 4 2593 576 0 
K 0 0 43 
K 0 0 60 
K 0 21 60 
A D 1 4 
J N 9 1704 -7 2 3457 576 0 
K 0 0 41 
A D 4 4 
J B 46 1824 1 82 6913 2304 0 
J R 9 1923 28 2 1 10000 0 
K 0 0 46 
A D 8 4 
J B 47 2050 1 82 6913 4608 0 
E * 
B 1 305 0 
B 1 529 0 
B 1 733 0 
B 1 911 0 
B 1 1130 0 
B 1 1323 0 
B 1 1583 0 
B 1 1824 0 
B 1 2050 0 
S 0 200 1510 2050 1066 7 "[...][....]" 
L 0 0 0 330 330 * 0 14 0 
J C 4 5 42 2 6913 0 0 
K 0 0 33 
K 0 0 34 
J K 2 57 0 2 6913 0 0 
K 0 0 63 
K 15 21 63 
J D 0 -11 -14 1 6913 0 0 
W 0 0 37 \04\07 
J N 7 130 0 4 1 0 0 
K 0 0 43 
K 0 0 60 
K 0 21 60 
A D 1 4 
J N 7 156 7 4 865 576 0 
K 0 0 43 
K 0 0 60 
K 0 21 60 
A D 1 4 
J N 7 182 14 4 1729 576 0 
K 0 0 43 
K 0 0 60 
K 0 21 60 
A D 1 4 
J N 7 208 21 4 2593 576 0 
K 0 0 43 
K 0 0 60 
K 0 21 60 
A D 1 4 
J N 7 234 28 4 3457 576 0 
K 0 0 43 
K 0 0 60 
K 0 21 60 
A D 1 4 
J N 7 260 35 4 4321 576 0 
K 0 0 43 
K 0 0 59 
K 0 -21 59 
A D 1 4 
J N 7 286 42 4 5185 576 0 
K 0 0 43 
K 0 0 59 
K 0 -21 59 
A D 1 4 
J N 7 312 49 4 6049 576 0 
K 0 0 43 
K 0 0 59 
K 0 -21 59 
A D 1 4 
J B 48 342 1 82 6913 576 0 
J N 8 363 56 4 1 0 0 
K 0 0 42 
K 0 0 59 
K 0 -21 59 
A D 2 4 
J N 8 415 21 4 1729 1152 0 
K 0 0 42 
K 0 0 60 
K 0 21 60 
A D 2 4 
J N 8 450 14 5 3457 1152 0 
K 0 0 42 
K 24 -6 44 
K 0 0 60 
K 0 21 60 
A D 3 4 
J N 7 528 7 4 6049 1728 0 
K 0 0 43 
K 0 0 60 
K 0 21 60 
A D 1 4 
J B 49 581 1 82 6913 576 0 
J N 8 602 35 4 1 0 0 
K 0 0 42 
K 0 0 59 
K 0 -21 59 
A D 2 4 
J N 8 654 -14 7 1729 1152 0 
K 0 0 45 
K 0 0 42 
K -1 0 45 
K 2 0 45 
K 0 0 60 
K 0 21 60 
A D 2 4 
J N 8 698 -21 7 3457 1152 0 
K 0 7 45 
K 0 0 42 
K 0 7 45 
K 1 7 45 
K 0 0 60 
K 0 21 60 
A D 2 4 
J N 8 733 -28 8 5185 1152 0 
K 0 14 45 
K 0 0 45 
K 0 0 42 
K -1 0 45 
K 2 0 45 
K 0 0 60 
K 0 28 60 
A D 2 4 
J B 50 776 1 82 6913 1152 0 
J N 9 797 -35 8 1 0 0 
K 0 21 45 
K 6 21 45 
K 0 7 45 
K 6 7 45 
K 0 0 41 
K 0 7 45 
K 1 7 45 
A D 4 4 
J N 8 884 -28 8 3457 2304 0 
K 0 14 45 
K 0 0 45 
K 0 0 42 
K -1 0 45 
K 2 0 45 
K 0 0 60 
K 0 28 60 
A D 2 4 
J N 8 919 21 4 5185 1152 0 
K 0 0 42 
K 0 0 60 
K 0 21 60 
A D 2 4 
J B 51 957 1 82 6913 1152 0 
J N 8 978 14 4 1 0 0 
K 0 0 42 
K 0 0 60 
K 0 21 60 
A D 2 4 
J N 8 1014 7 4 1729 1152 0 
K 0 0 42 
K 0 0 60 
K 0 21 60 
A D 2 4 
J N 8 1048 35 4 3457 1152 0 
K 0 0 42 
K 0 0 59 
K 0 -21 59 
A D 2 4 
J N 8 1082 14 4 5185 1152 1 24 
K 0 0 42 
K 0 0 60 
K 0 21 60 
A D 2 4 
J B 52 1119 1 82 6913 1152 0 
J N 8 1140 14 4 1 0 1 24 
K 0 0 42 
K 0 0 60 
K 0 21 60 
A D 2 4 
H 24 T 14 0 0 0 0 0 5 0 
J N 8 1174 21 4 1729 1152 0 
K 0 0 42 
K 0 0 60 
K 0 21 60 
A D 2 4 
J N 8 1208 14 4 3457 1152 0 
K 0 0 42 
K 0 0 60 
K 0 21 60 
A D 2 4 
J N 8 1242 28 4 5185 1152 1 25 
K 0 0 42 
K 0 0 60 
K 0 21 60 
A D 2 4 
J B 53 1298 1 82 6913 1152 0 
J N 8 1319 28 4 1 0 1 25 
K 0 0 42 
K 0 0 60 
K 0 21 60 
A D 2 4 
H 25 T 28 0 0 0 0 0 5 0 
J N 9 1371 35 2 1729 1152 0 
K 0 0 41 
A D 4 4 
J N 8 1475 42 4 5185 2304 1 26 
K 0 0 42 
K 0 0 59 
K 0 -21 59 
A D 2 4 
J B 54 1531 1 82 6913 1152 0 
J N 8 1552 42 4 1 0 1 26 
K 0 0 42 
K 0 0 59 
K 0 -21 59 
A D 2 4 
H 26 T 42 0 0 0 0 0 13 0 
J N 8 1604 49 4 1729 1152 0 
K 0 0 42 
K 0 0 59 
K 0 -21 59 
A D 2 4 
J N 8 1656 77 7 3457 1152 0 
K 1 -7 45 
K 0 0 42 
K 0 -7 45 
K 1 -7 45 
K 0 0 59 
K 0 -21 59 
A D 2 4 
J N 7 1708 56 4 5185 1152 0 
K 0 0 43 
K 0 0 59 
K 0 -21 59 
A D 1 4 
J N 7 1734 63 4 6049 576 0 
K 0 0 43 
K 0 0 59 
K 0 -21 59 
A D 1 4 
J B 55 1764 1 82 6913 576 0 
J D 5 1785 -42 1 1 0 0 
W 0 0 37 Adagio 
J N 8 1785 70 7 1 0 0 
K 1 0 45 
K 0 0 42 
K -1 0 45 
K 2 0 45 
K 0 0 59 
K 0 -21 59 
A D 2 4 
J N 9 1819 63 2 1729 1152 0 
K 0 0 41 
A D 4 4 
J N 8 1905 70 7 5185 2304 0 
K 1 0 45 
K 0 0 42 
K -1 0 45 
K 2 0 45 
K 0 0 59 
K 0 -21 59 
A D 2 4 
J B 56 1942 1 82 6913 1152 0 
J N 10 1963 63 2 1 0 0 
K 0 0 40 
A D 8 4 
J B 0 2050 6 2 6913 4608 0 
K -13 0 82 
K -6 0 84 
E * 
L 160 0 0 330 330 * 0 14 0 
J C 4 5 42 2 6913 0 0 
K 0 0 33 
K 0 0 34 
J K 2 57 0 2 6913 0 0 
K 0 0 63 
K 15 21 63 
J D 0 -11 -14 1 6913 0 0 
W 0 0 0 \04\07 
J N 8 130 49 4 1 0 0 
K 0 0 42 
K 0 0 59 
K 0 -21 59 
A D 2 4 
J N 8 182 35 4 1729 1152 0 
K 0 0 42 
K 0 0 59 
K 0 -21 59 
A D 2 4 
J N 9 234 28 2 3457 1152 0 
K 0 0 41 
A D 4 4 
J B 48 342 1 82 6913 2304 0 
J N 7 363 21 4 1 0 0 
K 0 0 43 
K 0 0 60 
K 0 21 60 
A D 1 4 
J N 7 389 35 4 865 576 0 
K 0 0 43 
K 0 0 59 
K 0 -21 59 
A D 1 4 
J N 8 415 -14 8 1729 576 0 
K 0 0 45 
K 0 0 42 
K -1 0 45 
K 2 0 45 
K 24 -6 44 
K 0 0 60 
K 0 21 60 
A D 3 4 
J N 7 476 14 4 4321 1728 0 
K 0 0 43 
K 0 0 60 
K 0 21 60 
A D 1 4 
J N 8 502 -7 4 5185 576 1 10 
K 0 0 42 
K 0 0 60 
K 0 21 60 
A D 2 4 
J B 49 581 1 82 6913 1152 0 
J N 8 602 -7 4 1 0 1 10 
K 0 0 42 
K 0 0 60 
K 0 21 60 
A D 2 4 
H 10 T -7 0 0 0 0 0 1 0 
J N 8 654 0 4 1729 1152 0 
K 0 0 42 
K 0 0 60 
K 0 21 60 
A D 2 4 
J N 8 698 -7 5 3457 1152 0 
K -18 0 63 
K 0 0 42 
K 0 0 60 
K 0 21 60 
A D 2 4 
J N 8 733 -14 7 5185 1152 1 11 
K 0 0 45 
K 0 0 42 
K -1 0 45 
K 2 0 45 
K 0 0 60 
K 0 21 60 
A D 2 4 
J B 50 776 1 82 6913 1152 0 
J N 8 797 -14 7 1 0 1 11 
K 0 0 45 
K 0 0 42 
K -1 0 45 
K 2 0 45 
K 0 0 60 
K 0 21 60 
A D 2 4 
H 11 T -14 0 0 0 0 0 5 0 
J N 8 849 -7 5 1729 1152 0 
K -18 0 63 
K 0 0 42 
K 0 0 60 
K 0 21 60 
A D 2 4 
J N 8 884 -14 7 3457 1152 0 
K 0 0 45 
K 0 0 42 
K -1 0 45 
K 2 0 45 
K 0 0 60 
K 0 21 60 
A D 2 4 
J N 8 919 35 4 5185 1152 0 
K 0 0 42 
K 0 0 59 
K 0 -21 59 
A D 2 4 
J B 51 957 1 82 6913 1152 0 
J N 9 978 28 2 1 0 0 
K 0 0 41 
A D 4 4 
J N 8 1048 21 4 3457 2304 0 
K 0 0 42 
K 0 0 60 
K 0 21 60 
A D 2 4 
J N 8 1082 35 4 5185 1152 0 
K 0 0 42 
K 0 0 59 
K 0 -21 59 
A D 2 4 
J B 52 1119 1 82 6913 1152 0 
J N 9 1140 42 2 1 0 0 
K 0 0 41 
A D 4 4 
J N 8 1208 49 4 3457 2304 0 
K 0 0 42 
K 0 0 59 
K 0 -21 59 
A D 2 4 
J N 8 1242 14 4 5185 1152 0 
K 0 0 42 
K 0 0 60 
K 0 21 60 
A D 2 4 
J B 53 1298 1 82 6913 1152 0 
J N 9 1319 21 2 1 0 0 
K 0 0 41 
A D 4 4 
J N 9 1423 28 2 3457 2304 0 
K 0 0 41 
A D 4 4 
J B 54 1531 1 82 6913 2304 0 
J N 9 1552 35 2 1 0 1 12 
K 0 0 41 
A D 4 4 
J N 8 1656 35 4 3457 2304 1 12 
K 0 0 42 
K 0 0 59 
K 0 -21 59 
A D 2 4 
H 12 T 35 0 0 0 0 0 9 0 
J N 8 1708 42 4 5185 1152 1 13 
K 0 0 42 
K 0 0 59 
K 0 -21 59 
A D 2 4 
J B 55 1764 1 82 6913 1152 0 
J D 5 1785 -42 1 1 0 0 
W 0 0 0 (37) Adagio 
J N 8 1785 42 4 1 0 1 13 
K 0 0 42 
K 0 0 59 
K 0 -21 59 
A D 2 4 
H 13 T 42 0 0 0 0 0 13 0 
J N 8 1819 49 4 1729 1152 0 
K 0 0 42 
K 0 0 59 
K 0 -21 59 
A D 2 4 
J N 9 1871 56 2 3457 1152 0 
K 0 0 41 
A D 4 4 
J B 56 1942 1 82 6913 2304 0 
J N 10 1963 49 2 1 0 0 
K 0 0 40 
A D 8 4 
J B 0 2050 6 2 6913 4608 0 
K -13 0 82 
K -6 0 84 
E * 
L 320 0 0 330 330 * 0 14 0 
J C 22 5 14 36 6913 0 0 
J K 2 57 0 2 6913 0 0 
K 0 14 63 
K 15 35 63 
J D 0 -11 -14 1 6913 0 0 
W 0 0 0 \04\07 
J N 7 130 -21 7 1 0 0 
K 0 7 45 
K 0 0 43 
K 0 7 45 
K 1 7 45 
K 0 0 60 
K 0 21 60 
A D 1 4 
J N 7 156 -14 7 865 576 0 
K 0 0 45 
K 0 0 43 
K -1 0 45 
K 2 0 45 
K 0 0 60 
K 0 21 60 
A D 1 4 
J N 7 182 -7 4 1729 576 0 
K 0 0 43 
K 0 0 60 
K 0 21 60 
A D 1 4 
J N 7 208 0 4 2593 576 0 
K 0 0 43 
K 0 0 60 
K 0 21 60 
A D 1 4 
J N 7 234 7 4 3457 576 0 
K 0 0 43 
K 0 0 60 
K 0 21 60 
A D 1 4 
J N 7 260 14 4 4321 576 0 
K 0 0 43 
K 0 0 60 
K 0 21 60 
A D 1 4 
J N 7 286 21 4 5185 576 0 
K 0 0 43 
K 0 0 60 
K 0 21 60 
A D 1 4 
J N 7 312 28 4 6049 576 0 
K 0 0 43 
K 0 0 60 
K 0 21 60 
A D 1 4 
J B 48 342 1 82 6913 576 0 
J N 9 363 49 2 1 0 0 
K 0 0 41 
A D 4 4 
J F 0 450 98 1 3457 2304 0 
K 0 0 206 
J N 8 450 42 5 3457 0 0 
K 0 0 42 
K 24 -6 44 
K 0 0 59 
K 0 -21 59 
A D 3 4 
J F 0 502 98 1 5185 1152 0 
K 0 0 205 
J F 0 528 98 4 6049 576 0 
K -10 3 69 
K 0 0 205 
K 17 3 70 
K 0 21 204 
J N 7 528 35 4 6049 0 0 
K 0 0 43 
K 0 0 59 
K 0 -21 59 
A D 1 4 
J B 49 581 1 82 6913 576 0 
J F 0 602 98 1 1 0 0 
K 0 0 203 
J N 7 602 28 4 1 0 0 
K 0 0 43 
K 0 0 60 
K 0 21 60 
A D 1 4 
J N 7 628 49 4 865 576 0 
K 0 0 43 
K 0 0 59 
K 0 -21 59 
A D 1 4 
J F 0 654 98 2 1729 576 0 
K 0 0 204 
K 0 21 202 
J N 9 654 28 2 1729 0 0 
K 0 0 41 
A D 4 4 
J F 0 698 98 2 3457 1152 0 
K 0 0 214 
K 0 21 201 
J F 0 733 98 1 5185 1152 0 
K 0 0 205 
J N 8 733 35 4 5185 0 0 
K 0 0 42 
K 0 0 59 
K 0 -21 59 
A D 2 4 
J B 50 776 1 82 6913 1152 0 
J F 0 797 98 1 1 0 0 
K 0 0 206 
J N 8 797 42 4 1 0 0 
K 0 0 42 
K 0 0 59 
K 0 -21 59 
A D 2 4 
J F 0 849 98 2 1729 1152 0 
K 0 0 206 
K 0 21 213 
J N 8 849 21 4 1729 0 0 
K 0 0 42 
K 0 0 60 
K 0 21 60 
A D 2 4 
J N 8 884 49 4 3457 1152 0 
K 0 0 42 
K 0 0 59 
K 0 -21 59 
A D 2 4 
J N 8 919 0 4 5185 1152 1 6 
K 0 0 42 
K 0 0 60 
K 0 21 60 
A D 2 4 
J B 51 957 1 82 6913 1152 0 
J F 0 978 98 2 1 0 0 
K 0 0 203 
K 0 21 201 
J N 8 978 0 4 1 0 1 6 
K 0 0 42 
K 0 0 60 
K 0 21 60 
A D 2 4 
H 6 T 0 0 0 0 0 0 5 0 
J F 0 1014 98 1 1729 1152 0 
K 0 0 205 
J N 9 1014 7 2 1729 0 0 
K 0 0 41 
A D 4 4 
J F 0 1048 98 2 3457 1152 0 
K 0 0 203 
K 0 21 201 
J F 0 1082 98 1 5185 1152 0 
K 0 0 205 
J N 8 1082 14 4 5185 0 0 
K 0 0 42 
K 0 0 60 
K 0 21 60 
A D 2 4 
J B 52 1119 1 82 6913 1152 0 
J F 0 1140 98 1 1 0 0 
K 0 0 206 
J N 8 1140 21 4 1 0 0 
K 0 0 42 
K 0 0 60 
K 0 21 60 
A D 2 4 
J F 0 1174 98 1 1729 1152 0 
K 0 0 206 
J N 8 1174 0 4 1729 0 0 
K 0 0 42 
K 0 0 60 
K 0 21 60 
A D 2 4 
J N 8 1208 28 4 3457 1152 0 
K 0 0 42 
K 0 0 60 
K 0 21 60 
A D 2 4 
J N 7 1242 7 4 5185 1152 0 
K 0 0 43 
K 0 0 60 
K 0 21 60 
A D 1 4 
J N 7 1268 14 4 6049 576 0 
K 0 0 43 
K 0 0 60 
K 0 21 60 
A D 1 4 
J B 53 1298 1 82 6913 576 0 
J F 0 1319 98 2 1 0 0 
K 0 0 205 
K 0 21 204 
J N 7 1319 21 4 1 0 0 
K 0 0 43 
K 0 0 60 
K 0 21 60 
A D 1 4 
J N 7 1345 35 4 865 576 0 
K 0 0 43 
K 0 0 59 
K 0 -21 59 
A D 1 4 
J F 0 1371 98 1 1729 576 0 
K 0 0 218 
J N 7 1371 14 4 1729 0 0 
K 0 0 43 
K 0 0 60 
K 0 21 60 
A D 1 4 
J N 7 1397 21 4 2593 576 0 
K 0 0 43 
K 0 0 60 
K 0 21 60 
A D 1 4 
J F 0 1423 98 2 3457 576 0 
K 0 0 205 
K 0 21 204 
J N 7 1423 28 4 3457 0 0 
K 0 0 43 
K 0 0 60 
K 0 21 60 
A D 1 4 
J N 7 1449 42 4 4321 576 0 
K 0 0 43 
K 0 0 59 
K 0 -21 59 
A D 1 4 
J F 0 1475 98 1 5185 576 0 
K 0 0 218 
J N 7 1475 21 4 5185 0 0 
K 0 0 43 
K 0 0 60 
K 0 21 60 
A D 1 4 
J N 7 1501 28 4 6049 576 0 
K 0 0 43 
K 0 0 60 
K 0 21 60 
A D 1 4 
J B 54 1531 1 82 6913 576 0 
J F 0 1552 98 2 1 0 0 
K 0 0 205 
K 0 21 204 
J N 7 1552 35 4 1 0 0 
K 0 0 43 
K 0 0 59 
K 0 -21 59 
A D 1 4 
J N 7 1578 49 4 865 576 0 
K 0 0 43 
K 0 0 59 
K 0 -21 59 
A D 1 4 
J N 8 1604 28 4 1729 576 0 
K 0 0 42 
K 0 0 60 
K 0 21 60 
A D 2 4 
J F 0 1656 98 2 3457 1152 0 
K 0 0 208 
K 0 21 204 
J N 9 1656 56 2 3457 0 0 
K 0 0 41 
A D 4 4 
J F 0 1708 98 2 5185 1152 0 
K 0 0 207 
K 0 21 205 
J B 55 1764 1 82 6913 1152 0 
J D 5 1785 -42 1 1 0 0 
W 0 0 0 (37) Adagio 
J F 0 1785 98 2 1 0 0 
K 0 0 206 
K 0 21 202 
J N 9 1785 49 2 1 0 1 7 
K 0 0 41 
A D 4 4 
J F 0 1819 98 2 1729 1152 0 
K 0 0 205 
K 0 21 203 
J F 0 1871 98 2 3457 1152 0 
K 0 0 204 
K 0 21 203 
J N 9 1871 49 2 3457 0 1 7 
K 0 0 41 
A D 4 4 
H 7 T 49 0 0 0 0 0 9 0 
J F 0 1905 98 1 5185 1152 0 
K 0 21 202 
J B 56 1942 1 82 6913 1152 0 
J N 10 1963 77 6 1 0 0 
K 1 -7 45 
K 7 -7 45 
K 0 0 40 
K 0 -7 45 
K 1 -7 45 
A D 8 4 
J B 0 2050 6 2 6913 4608 0 
K -13 0 82 
K -6 0 84 
E * 
L 530 0 0 330 330 * 0 14 0 
J C 4 5 42 2 6913 0 0 
K 0 0 33 
K 0 0 34 
J K 2 57 0 2 6913 0 0 
K 0 0 63 
K 15 21 63 
J D 0 -11 -14 1 6913 0 0 
W 0 0 0 \04\07 
J N 7 130 0 4 1 0 0 
K 0 0 43 
K 0 0 60 
K 0 21 60 
A D 1 4 
J N 7 156 7 4 865 576 0 
K 0 0 43 
K 0 0 60 
K 0 21 60 
A D 1 4 
J N 7 182 14 4 1729 576 0 
K 0 0 43 
K 0 0 60 
K 0 21 60 
A D 1 4 
J N 7 208 21 4 2593 576 0 
K 0 0 43 
K 0 0 60 
K 0 21 60 
A D 1 4 
J N 7 234 28 4 3457 576 0 
K 0 0 43 
K 0 0 60 
K 0 21 60 
A D 1 4 
J N 7 260 35 4 4321 576 0 
K 0 0 43 
K 0 0 59 
K 0 -21 59 
A D 1 4 
J N 7 286 42 4 5185 576 0 
K 0 0 43 
K 0 0 59 
K 0 -21 59 
A D 1 4 
J N 7 312 49 4 6049 576 0 
K 0 0 43 
K 0 0 59 
K 0 -21 59 
A D 1 4 
J B 48 342 1 82 6913 576 0 
J N 8 363 56 4 1 0 0 
K 0 0 42 
K 0 0 59 
K 0 -21 59 
A D 2 4 
J N 8 415 21 4 1729 1152 0 
K 0 0 42 
K 0 0 60 
K 0 21 60 
A D 2 4 
J N 8 450 14 5 3457 1152 0 
K 0 0 42 
K 24 -6 44 
K 0 0 60 
K 0 21 60 
A D 3 4 
J N 7 528 7 4 6049 1728 0 
K 0 0 43 
K 0 0 60 
K 0 21 60 
A D 1 4 
J B 49 581 1 82 6913 576 0 
J N 8 602 35 4 1 0 0 
K 0 0 42 
K 0 0 59 
K 0 -21 59 
A D 2 4 
J N 8 654 -14 7 1729 1152 0 
K 0 0 45 
K 0 0 42 
K -1 0 45 
K 2 0 45 
K 0 0 60 
K 0 21 60 
A D 2 4 
J N 8 698 -21 7 3457 1152 0 
K 0 7 45 
K 0 0 42 
K 0 7 45 
K 1 7 45 
K 0 0 60 
K 0 21 60 
A D 2 4 
J N 8 733 -28 8 5185 1152 0 
K 0 14 45 
K 0 0 45 
K 0 0 42 
K -1 0 45 
K 2 0 45 
K 0 0 60 
K 0 28 60 
A D 2 4 
J B 50 776 1 82 6913 1152 0 
J N 9 797 -35 8 1 0 0 
K 0 21 45 
K 6 21 45 
K 0 7 45 
K 6 7 45 
K 0 0 41 
K 0 7 45 
K 1 7 45 
A D 4 4 
J N 8 884 -28 8 3457 2304 0 
K 0 14 45 
K 0 0 45 
K 0 0 42 
K -1 0 45 
K 2 0 45 
K 0 0 60 
K 0 28 60 
A D 2 4 
J N 8 919 21 4 5185 1152 0 
K 0 0 42 
K 0 0 60 
K 0 21 60 
A D 2 4 
J B 51 957 1 82 6913 1152 0 
J N 8 978 14 4 1 0 0 
K 0 0 42 
K 0 0 60 
K 0 21 60 
A D 2 4 
J N 8 1014 7 4 1729 1152 0 
K 0 0 42 
K 0 0 60 
K 0 21 60 
A D 2 4 
J N 8 1048 35 4 3457 1152 0 
K 0 0 42 
K 0 0 59 
K 0 -21 59 
A D 2 4 
J N 8 1082 14 4 5185 1152 1 21 
K 0 0 42 
K 0 0 60 
K 0 21 60 
A D 2 4 
J B 52 1119 1 82 6913 1152 0 
J N 8 1140 14 4 1 0 1 21 
K 0 0 42 
K 0 0 60 
K 0 21 60 
A D 2 4 
H 21 T 14 0 0 0 0 0 5 0 
J N 8 1174 21 4 1729 1152 0 
K 0 0 42 
K 0 0 60 
K 0 21 60 
A D 2 4 
J N 8 1208 14 4 3457 1152 0 
K 0 0 42 
K 0 0 60 
K 0 21 60 
A D 2 4 
J N 8 1242 28 4 5185 1152 1 22 
K 0 0 42 
K 0 0 60 
K 0 21 60 
A D 2 4 
J B 53 1298 1 82 6913 1152 0 
J N 8 1319 28 4 1 0 1 22 
K 0 0 42 
K 0 0 60 
K 0 21 60 
A D 2 4 
H 22 T 28 0 0 0 0 0 5 0 
J N 9 1371 35 2 1729 1152 0 
K 0 0 41 
A D 4 4 
J N 8 1475 42 4 5185 2304 1 23 
K 0 0 42 
K 0 0 59 
K 0 -21 59 
A D 2 4 
J B 54 1531 1 82 6913 1152 0 
J N 8 1552 42 4 1 0 1 23 
K 0 0 42 
K 0 0 59 
K 0 -21 59 
A D 2 4 
H 23 T 42 0 0 0 0 0 13 0 
J N 8 1604 49 4 1729 1152 0 
K 0 0 42 
K 0 0 59 
K 0 -21 59 
A D 2 4 
J N 8 1656 77 7 3457 1152 0 
K 1 -7 45 
K 0 0 42 
K 0 -7 45 
K 1 -7 45 
K 0 0 59 
K 0 -21 59 
A D 2 4 
J N 7 1708 56 4 5185 1152 0 
K 0 0 43 
K 0 0 59 
K 0 -21 59 
A D 1 4 
J N 7 1734 63 4 6049 576 0 
K 0 0 43 
K 0 0 59 
K 0 -21 59 
A D 1 4 
J B 55 1764 1 82 6913 576 0 
J D 5 1785 -42 1 1 0 0 
W 0 0 0 (37) Adagio 
J N 8 1785 70 7 1 0 0 
K 1 0 45 
K 0 0 42 
K -1 0 45 
K 2 0 45 
K 0 0 59 
K 0 -21 59 
A D 2 4 
J N 9 1819 63 2 1729 1152 0 
K 0 0 41 
A D 4 4 
J N 8 1905 70 7 5185 2304 0 
K 1 0 45 
K 0 0 42 
K -1 0 45 
K 2 0 45 
K 0 0 59 
K 0 -21 59 
A D 2 4 
J B 56 1942 1 82 6913 1152 0 
J N 10 1963 63 2 1 0 0 
K 0 0 40 
A D 8 4 
J B 0 2050 6 2 6913 4608 0 
K -13 0 82 
K -6 0 84 
E * 
L 690 0 0 330 330 * 0 14 0 
J C 4 5 42 2 6913 0 0 
K 0 0 33 
K 0 0 34 
J K 2 57 0 2 6913 0 0 
K 0 0 63 
K 15 21 63 
J D 0 -11 -14 1 6913 0 0 
W 0 0 0 \04\07 
J N 8 130 49 4 1 0 0 
K 0 0 42 
K 0 0 59 
K 0 -21 59 
A D 2 4 
J N 8 182 35 4 1729 1152 0 
K 0 0 42 
K 0 0 59 
K 0 -21 59 
A D 2 4 
J N 9 234 28 2 3457 1152 0 
K 0 0 41 
A D 4 4 
J B 48 342 1 82 6913 2304 0 
J N 7 363 21 4 1 0 0 
K 0 0 43 
K 0 0 60 
K 0 21 60 
A D 1 4 
J N 7 389 35 4 865 576 0 
K 0 0 43 
K 0 0 59 
K 0 -21 59 
A D 1 4 
J N 8 415 -14 7 1729 576 1 10 
K 0 0 45 
K 0 0 42 
K -1 0 45 
K 2 0 45 
K 0 0 60 
K 0 21 60 
A D 2 4 
J N 7 450 -14 7 3457 1152 1 10 
K 0 0 45 
K 0 0 43 
K -1 0 45 
K 2 0 45 
K 0 0 60 
K 0 21 60 
A D 1 4 
H 10 T -14 0 0 0 0 0 5 0 
J N 7 476 14 4 4321 576 0 
K 0 0 43 
K 0 0 60 
K 0 21 60 
A D 1 4 
J N 8 502 -7 4 5185 576 1 11 
K 0 0 42 
K 0 0 60 
K 0 21 60 
A D 2 4 
J B 49 581 1 82 6913 1152 0 
J N 8 602 -7 4 1 0 1 11 
K 0 0 42 
K 0 0 60 
K 0 21 60 
A D 2 4 
H 11 T -7 0 0 0 0 0 1 0 
J N 8 654 0 4 1729 1152 0 
K 0 0 42 
K 0 0 60 
K 0 21 60 
A D 2 4 
J N 8 698 -7 5 3457 1152 0 
K -18 0 63 
K 0 0 42 
K 0 0 60 
K 0 21 60 
A D 2 4 
J N 8 733 -14 7 5185 1152 1 12 
K 0 0 45 
K 0 0 42 
K -1 0 45 
K 2 0 45 
K 0 0 60 
K 0 21 60 
A D 2 4 
J B 50 776 1 82 6913 1152 0 
J N 8 797 -14 7 1 0 1 12 
K 0 0 45 
K 0 0 42 
K -1 0 45 
K 2 0 45 
K 0 0 60 
K 0 21 60 
A D 2 4 
H 12 T -14 0 0 0 0 0 5 0 
J N 8 849 -7 5 1729 1152 0 
K -18 0 63 
K 0 0 42 
K 0 0 60 
K 0 21 60 
A D 2 4 
J N 8 884 -14 7 3457 1152 0 
K 0 0 45 
K 0 0 42 
K -1 0 45 
K 2 0 45 
K 0 0 60 
K 0 21 60 
A D 2 4 
J N 8 919 35 4 5185 1152 0 
K 0 0 42 
K 0 0 59 
K 0 -21 59 
A D 2 4 
J B 51 957 1 82 6913 1152 0 
J N 9 978 28 2 1 0 0 
K 0 0 41 
A D 4 4 
J N 8 1048 21 4 3457 2304 0 
K 0 0 42 
K 0 0 60 
K 0 21 60 
A D 2 4 
J N 8 1082 35 4 5185 1152 0 
K 0 0 42 
K 0 0 59 
K 0 -21 59 
A D 2 4 
J B 52 1119 1 82 6913 1152 0 
J N 9 1140 42 2 1 0 0 
K 0 0 41 
A D 4 4 
J N 8 1208 49 4 3457 2304 0 
K 0 0 42 
K 0 0 59 
K 0 -21 59 
A D 2 4 
J N 8 1242 14 4 5185 1152 0 
K 0 0 42 
K 0 0 60 
K 0 21 60 
A D 2 4 
J B 53 1298 1 82 6913 1152 0 
J N 9 1319 21 2 1 0 0 
K 0 0 41 
A D 4 4 
J N 9 1423 28 2 3457 2304 0 
K 0 0 41 
A D 4 4 
J B 54 1531 1 82 6913 2304 0 
J N 9 1552 35 2 1 0 1 13 
K 0 0 41 
A D 4 4 
J N 8 1656 35 4 3457 2304 1 13 
K 0 0 42 
K 0 0 59 
K 0 -21 59 
A D 2 4 
H 13 T 35 0 0 0 0 0 9 0 
J N 8 1708 42 4 5185 1152 1 14 
K 0 0 42 
K 0 0 59 
K 0 -21 59 
A D 2 4 
J B 55 1764 1 82 6913 1152 0 
J D 5 1785 -42 1 1 0 0 
W 0 0 0 (37) Adagio 
J N 8 1785 42 4 1 0 1 14 
K 0 0 42 
K 0 0 59 
K 0 -21 59 
A D 2 4 
H 14 T 42 0 0 0 0 0 13 0 
J N 8 1819 49 4 1729 1152 0 
K 0 0 42 
K 0 0 59 
K 0 -21 59 
A D 2 4 
J N 9 1871 56 2 3457 1152 0 
K 0 0 41 
A D 4 4 
J B 56 1942 1 82 6913 2304 0 
J N 10 1963 49 2 1 0 0 
K 0 0 40 
A D 8 4 
J B 0 2050 6 2 6913 4608 0 
K -13 0 82 
K -6 0 84 
E * 
L 850 0 0 330 330 * 0 14 0 
J C 13 5 28 35 6913 0 0 
J K 2 57 0 2 6913 0 0 
K 0 7 63 
K 15 28 63 
J D 0 -11 -14 1 6913 0 0 
W 0 0 0 \04\07 
J N 8 130 21 4 1 0 0 
K 0 0 42 
K 0 0 60 
K 0 21 60 
A D 2 4 
J N 8 182 7 4 1729 1152 0 
K 0 0 42 
K 0 0 60 
K 0 21 60 
A D 2 4 
J N 9 234 0 2 3457 1152 0 
K 0 0 41 
A D 4 4 
J B 48 342 1 82 6913 2304 0 
J N 9 363 -7 2 1 0 0 
K 0 0 41 
A D 4 4 
J R 9 450 28 2 3457 2304 0 
K 0 0 46 
A D 4 4 
J B 49 581 1 82 6913 2304 0 
J N 8 602 21 5 1 0 0 
K 0 0 42 
K 25 0 44 
K 0 0 60 
K 0 21 60 
A D 3 4 
J N 7 670 7 4 2593 1728 0 
K 0 0 43 
K 0 0 60 
K 0 21 60 
A D 1 4 
J N 8 698 14 5 3457 576 0 
K 0 0 42 
K 24 -6 44 
K 0 0 60 
K 0 21 60 
A D 3 4 
J N 7 746 14 4 6049 1728 0 
K 0 0 43 
K 0 0 60 
K 0 21 60 
A D 1 4 
J B 50 776 1 82 6913 576 0 
J N 7 797 7 4 1 0 0 
K 0 0 43 
K 0 0 60 
K 0 21 60 
A D 1 4 
J N 7 823 21 4 865 576 0 
K 0 0 43 
K 0 0 60 
K 0 21 60 
A D 1 4 
J N 8 849 14 4 1729 576 0 
K 0 0 42 
K 0 0 60 
K 0 21 60 
A D 2 4 
J N 9 884 14 2 3457 1152 0 
K 0 0 41 
A D 4 4 
J B 51 957 1 82 6913 2304 0 
J R 8 978 28 2 1 0 0 
K 0 0 47 
A D 2 4 
J N 8 1014 35 4 1729 1152 0 
K 0 0 42 
K 0 0 59 
K 0 -21 59 
A D 2 4 
J N 8 1048 14 4 3457 1152 0 
K 0 0 42 
K 0 0 60 
K 0 21 60 
A D 2 4 
J N 8 1082 7 4 5185 1152 0 
K 0 0 42 
K 0 0 60 
K 0 21 60 
A D 2 4 
J B 52 1119 1 82 6913 1152 0 
J N 8 1140 -14 7 1 0 0 
K 0 0 45 
K 0 0 42 
K -1 0 45 
K 2 0 45 
K 0 0 60 
K 0 21 60 
A D 2 4 
J N 9 1174 -7 2 1729 1152 0 
K 0 0 41 
A D 4 4 
J N 8 1242 0 4 5185 2304 1 1 
K 0 0 42 
K 0 0 60 
K 0 21 60 
A D 2 4 
J B 53 1298 1 82 6913 1152 0 
J N 8 1319 0 4 1 0 1 1 
K 0 0 42 
K 0 0 60 
K 0 21 60 
A D 2 4 
H 1 T 0 0 0 0 0 0 5 0 
J N 9 1371 7 2 1729 1152 0 
K 0 0 41 
A D 4 4 
J N 7 1475 0 4 5185 2304 0 
K 0 0 43 
K 0 0 60 
K 0 21 60 
A D 1 4 
J N 7 1501 7 4 6049 576 0 
K 0 0 43 
K 0 0 60 
K 0 21 60 
A D 1 4 
J B 54 1531 1 82 6913 576 0 
J N 7 1552 14 4 1 0 0 
K 0 0 43 
K 0 0 60 
K 0 21 60 
A D 1 4 
J N 7 1578 28 4 865 576 0 
K 0 0 43 
K 0 0 60 
K 0 21 60 
A D 1 4 
J N 7 1604 7 4 1729 576 0 
K 0 0 43 
K 0 0 60 
K 0 21 60 
A D 1 4 
J N 7 1630 14 4 2593 576 0 
K 0 0 43 
K 0 0 60 
K 0 21 60 
A D 1 4 
J N 7 1656 21 4 3457 576 0 
K 0 0 43 
K 0 0 60 
K 0 21 60 
A D 1 4 
J N 7 1682 35 4 4321 576 0 
K 0 0 43 
K 0 0 59 
K 0 -21 59 
A D 1 4 
J N 7 1708 0 4 5185 576 0 
K 0 0 43 
K 0 0 60 
K 0 21 60 
A D 1 4 
J N 7 1734 7 4 6049 576 0 
K 0 0 43 
K 0 0 60 
K 0 21 60 
A D 1 4 
J B 55 1764 1 82 6913 576 0 
J D 5 1785 -42 1 1 0 0 
W 0 0 0 (37) Adagio 
J N 8 1785 14 4 1 0 0 
K 0 0 42 
K 0 0 60 
K 0 21 60 
A D 2 4 
J N 7 1819 7 4 1729 1152 0 
K 0 0 43 
K 0 0 60 
K 0 21 60 
A D 1 4 
J N 7 1845 0 4 2593 576 0 
K 0 0 43 
K 0 0 60 
K 0 21 60 
A D 1 4 
J N 8 1871 -7 4 3457 576 0 
K 0 0 42 
K 0 0 60 
K 0 21 60 
A D 2 4 
J N 8 1905 42 4 5185 1152 0 
K 0 0 42 
K 0 0 59 
K 0 -21 59 
A D 2 4 
J B 56 1942 1 82 6913 1152 0 
J N 10 1963 42 2 1 0 0 
K 0 0 40 
A D 8 4 
J B 0 2050 6 2 6913 4608 0 
K -13 0 82 
K -6 0 84 
E * 
L 1010 0 0 330 330 * 0 14 0 
J C 22 5 14 36 6913 0 0 
J K 2 57 0 2 6913 0 0 
K 0 14 63 
K 15 35 63 
J D 0 -11 -14 1 6913 0 0 
W 0 0 0 \04\07 
J N 7 130 -21 7 1 0 0 
K 0 7 45 
K 0 0 43 
K 0 7 45 
K 1 7 45 
K 0 0 60 
K 0 21 60 
A D 1 4 
J N 7 156 -14 7 865 576 0 
K 0 0 45 
K 0 0 43 
K -1 0 45 
K 2 0 45 
K 0 0 60 
K 0 21 60 
A D 1 4 
J N 7 182 -7 4 1729 576 0 
K 0 0 43 
K 0 0 60 
K 0 21 60 
A D 1 4 
J N 7 208 0 4 2593 576 0 
K 0 0 43 
K 0 0 60 
K 0 21 60 
A D 1 4 
J N 7 234 7 4 3457 576 0 
K 0 0 43 
K 0 0 60 
K 0 21 60 
A D 1 4 
J N 7 260 14 4 4321 576 0 
K 0 0 43 
K 0 0 60 
K 0 21 60 
A D 1 4 
J N 7 286 21 4 5185 576 0 
K 0 0 43 
K 0 0 60 
K 0 21 60 
A D 1 4 
J N 7 312 28 4 6049 576 0 
K 0 0 43 
K 0 0 60 
K 0 21 60 
A D 1 4 
J B 48 342 1 82 6913 576 0 
J N 9 363 49 2 1 0 0 
K 0 0 41 
A D 4 4 
J F 0 450 98 1 3457 2304 0 
K 0 0 206 
J N 8 450 42 5 3457 0 0 
K 0 0 42 
K 24 -6 44 
K 0 0 59 
K 0 -21 59 
A D 3 4 
J F 0 502 98 1 5185 1152 0 
K 0 0 205 
J F 0 528 98 4 6049 576 0 
K -10 3 69 
K 0 0 205 
K 17 3 70 
K 0 21 204 
J N 7 528 35 4 6049 0 0 
K 0 0 43 
K 0 0 59 
K 0 -21 59 
A D 1 4 
J B 49 581 1 82 6913 576 0 
J F 0 602 98 1 1 0 0 
K 0 0 203 
J N 7 602 28 4 1 0 0 
K 0 0 43 
K 0 0 60 
K 0 21 60 
A D 1 4 
J N 7 628 49 4 865 576 0 
K 0 0 43 
K 0 0 59 
K 0 -21 59 
A D 1 4 
J F 0 654 98 2 1729 576 0 
K 0 0 204 
K 0 21 202 
J N 9 654 28 2 1729 0 0 
K 0 0 41 
A D 4 4 
J F 0 698 98 2 3457 1152 0 
K 0 0 214 
K 0 21 201 
J F 0 733 98 1 5185 1152 0 
K 0 0 205 
J N 8 733 35 4 5185 0 0 
K 0 0 42 
K 0 0 59 
K 0 -21 59 
A D 2 4 
J B 50 776 1 82 6913 1152 0 
J F 0 797 98 1 1 0 0 
K 0 0 206 
J N 8 797 42 4 1 0 0 
K 0 0 42 
K 0 0 59 
K 0 -21 59 
A D 2 4 
J F 0 849 98 2 1729 1152 0 
K 0 0 206 
K 0 21 213 
J N 8 849 21 4 1729 0 0 
K 0 0 42 
K 0 0 60 
K 0 21 60 
A D 2 4 
J N 8 884 49 4 3457 1152 0 
K 0 0 42 
K 0 0 59 
K 0 -21 59 
A D 2 4 
J N 8 919 0 4 5185 1152 1 5 
K 0 0 42 
K 0 0 60 
K 0 21 60 
A D 2 4 
J B 51 957 1 82 6913 1152 0 
J F 0 978 98 2 1 0 0 
K 0 0 203 
K 0 21 201 
J N 8 978 0 4 1 0 1 5 
K 0 0 42 
K 0 0 60 
K 0 21 60 
A D 2 4 
H 5 T 0 0 0 0 0 0 5 0 
J F 0 1014 98 1 1729 1152 0 
K 0 0 205 
J N 9 1014 7 2 1729 0 0 
K 0 0 41 
A D 4 4 
J F 0 1048 98 2 3457 1152 0 
K 0 0 203 
K 0 21 201 
J F 0 1082 98 1 5185 1152 0 
K 0 0 205 
J N 8 1082 14 4 5185 0 0 
K 0 0 42 
K 0 0 60 
K 0 21 60 
A D 2 4 
J B 52 1119 1 82 6913 1152 0 
J F 0 1140 98 1 1 0 0 
K 0 0 206 
J N 8 1140 21 4 1 0 0 
K 0 0 42 
K 0 0 60 
K 0 21 60 
A D 2 4 
J F 0 1174 98 1 1729 1152 0 
K 0 0 206 
J N 8 1174 0 4 1729 0 0 
K 0 0 42 
K 0 0 60 
K 0 21 60 
A D 2 4 
J N 8 1208 28 4 3457 1152 0 
K 0 0 42 
K 0 0 60 
K 0 21 60 
A D 2 4 
J N 7 1242 7 4 5185 1152 0 
K 0 0 43 
K 0 0 60 
K 0 21 60 
A D 1 4 
J N 7 1268 14 4 6049 576 0 
K 0 0 43 
K 0 0 60 
K 0 21 60 
A D 1 4 
J B 53 1298 1 82 6913 576 0 
J F 0 1319 98 2 1 0 0 
K 0 0 205 
K 0 21 204 
J N 7 1319 21 4 1 0 0 
K 0 0 43 
K 0 0 60 
K 0 21 60 
A D 1 4 
J N 7 1345 35 4 865 576 0 
K 0 0 43 
K 0 0 59 
K 0 -21 59 
A D 1 4 
J F 0 1371 98 1 1729 576 0 
K 0 0 218 
J N 7 1371 14 4 1729 0 0 
K 0 0 43 
K 0 0 60 
K 0 21 60 
A D 1 4 
J N 7 1397 21 4 2593 576 0 
K 0 0 43 
K 0 0 60 
K 0 21 60 
A D 1 4 
J F 0 1423 98 2 3457 576 0 
K 0 0 205 
K 0 21 204 
J N 7 1423 28 4 3457 0 0 
K 0 0 43 
K 0 0 60 
K 0 21 60 
A D 1 4 
J N 7 1449 42 4 4321 576 0 
K 0 0 43 
K 0 0 59 
K 0 -21 59 
A D 1 4 
J F 0 1475 98 1 5185 576 0 
K 0 0 218 
J N 7 1475 21 4 5185 0 0 
K 0 0 43 
K 0 0 60 
K 0 21 60 
A D 1 4 
J N 7 1501 28 4 6049 576 0 
K 0 0 43 
K 0 0 60 
K 0 21 60 
A D 1 4 
J B 54 1531 1 82 6913 576 0 
J F 0 1552 98 2 1 0 0 
K 0 0 205 
K 0 21 204 
J N 7 1552 35 4 1 0 0 
K 0 0 43 
K 0 0 59 
K 0 -21 59 
A D 1 4 
J N 7 1578 49 4 865 576 0 
K 0 0 43 
K 0 0 59 
K 0 -21 59 
A D 1 4 
J N 8 1604 28 4 1729 576 0 
K 0 0 42 
K 0 0 60 
K 0 21 60 
A D 2 4 
J F 0 1656 98 2 3457 1152 0 
K 0 0 208 
K 0 21 204 
J N 9 1656 56 2 3457 0 0 
K 0 0 41 
A D 4 4 
J F 0 1708 98 2 5185 1152 0 
K 0 0 207 
K 0 21 205 
J B 55 1764 1 82 6913 1152 0 
J D 5 1785 -42 1 1 0 0 
W 0 0 0 (37) Adagio 
J F 0 1785 98 2 1 0 0 
K 0 0 206 
K 0 21 202 
J N 9 1785 49 2 1 0 1 6 
K 0 0 41 
A D 4 4 
J F 0 1819 98 2 1729 1152 0 
K 0 0 205 
K 0 21 203 
J F 0 1871 98 2 3457 1152 0 
K 0 0 204 
K 0 21 203 
J N 9 1871 49 2 3457 0 1 6 
K 0 0 41 
A D 4 4 
H 6 T 49 0 0 0 0 0 9 0 
J F 0 1905 98 1 5185 1152 0 
K 0 21 202 
J B 56 1942 1 82 6913 1152 0 
J N 10 1963 77 6 1 0 0 
K 1 -7 45 
K 7 -7 45 
K 0 0 40 
K 0 -7 45 
K 1 -7 45 
A D 8 4 
J B 0 2050 6 2 6913 4608 0 
K -13 0 82 
K -6 0 84 
E * 
B 1 342 0 
B 1 581 0 
B 1 776 0 
B 1 957 0 
B 1 1119 0 
B 1 1298 0 
B 1 1531 0 
B 1 1764 0 
B 1 1942 0 
B 6 2050 0 
