X 46 1200C 120 VI. Giga     
S 0 500 240 1750 1066 7 "[...][....]"     
L 0 0 0 0 0 * 0 14 0     
J D 0 -300 21 2 6913 0 0     
W 0 0 39 Violino 1     
W 0 42 33 concertino     
J D 1 75 -37 1 6913 0 0     
W 0 -56 0 (44) VI. Giga:  Violino 1 concertino     
J C 4 5 42 2 6913 0 0     
K 0 0 33     
K 0 0 34     
J K -1 57 0 1 6913 0 0     
K 0 28 65     
J D 5 86 -42 1 6913 0 0     
W 0 0 37 Vivace     
J T 608 95 0 2 6913 0 0     
K -10 28 77     
K -10 56 79     
J N 6 137 0 3 1 0 0     
K 0 0 43     
K 0 0 54     
A D 1 8     
J B 1 173 1 82 6913 288 0     
J N 6 194 14 2 1 0 2 1 2     
K 0 0 43     
A D 1 8     
J N 6 227 21 2 1153 288 1 2     
K 0 0 43     
A D 1 8     
J N 6 260 28 2 2305 288 2 2 1     
K 0 0 43     
A D 1 8     
H 2 B -57 2 108 3 2 1 3     
H 1 S 0 0 0 0 0 0 0 0 0     
J N 7 293 0 4 3457 288 0     
K 0 0 43     
K 0 0 60     
K 0 21 60     
A D 2 8     
J N 6 340 -21 7 5761 576 0     
K 0 7 45     
K 0 0 43     
K 0 7 45     
K 1 7 45     
K 0 0 60     
K 0 0 54     
A D 1 8     
J B 2 376 1 82 6913 288 0     
J N 7 397 -14 7 1 0 0     
K 0 0 45     
K 0 0 43     
K -1 0 45     
K 2 0 45     
K 0 0 60     
K 0 21 60     
A D 2 8     
J N 6 444 21 3 2305 576 0     
K 0 0 43     
K 0 0 54     
A D 1 8     
J N 7 476 49 4 3457 288 0     
K 0 0 43     
K 0 0 59     
K 0 -21 59     
A D 2 8     
J N 6 524 0 3 5761 576 0     
K 0 0 43     
K 0 0 54     
A D 1 8     
J B 3 570 1 82 6913 288 0     
J N 6 595 -7 2 1 0 2 3 4     
K 0 0 43     
A D 1 8     
J N 6 627 0 2 1153 288 1 4     
K 0 0 43     
A D 1 8     
J N 6 659 -7 2 2305 288 2 4 3     
K 0 0 43     
A D 1 8     
H 4 B -53 0 108 3 2 1 3     
H 3 S 0 0 0 0 0 0 0 0 0     
J N 7 691 56 5 3457 288 0     
K -15 0 65     
K 0 0 43     
K 0 0 59     
K 0 -21 59     
A D 2 8     
J N 6 739 -7 3 5761 576 0     
K 0 0 43     
K 0 0 54     
A D 1 8     
J B 4 774 1 82 6913 288 0     
J N 7 795 0 4 1 0 0     
K 0 0 43     
K 0 0 60     
K 0 21 60     
A D 2 8     
J N 6 841 28 3 2305 576 0     
K 0 0 43     
K 0 0 54     
A D 1 8     
J N 7 873 63 4 3457 288 0     
K 0 0 43     
K 0 0 59     
K 0 -21 59     
A D 2 8     
J N 6 921 0 3 5761 576 0     
K 0 0 43     
K 0 0 54     
A D 1 8     
J B 5 956 1 82 6913 288 0     
J N 6 977 -21 5 1 0 2 5 6     
K 0 7 45     
K 0 0 43     
K 0 7 45     
K 1 7 45     
A D 1 8     
J N 6 1009 -14 5 1153 288 1 6     
K 0 0 45     
K 0 0 43     
K -1 0 45     
K 2 0 45     
A D 1 8     
J N 6 1045 -21 5 2305 288 2 6 5     
K 0 7 45     
K 0 0 43     
K 0 7 45     
K 1 7 45     
A D 1 8     
H 6 B -53 0 108 3 2 1 3     
H 5 S 0 0 0 0 0 0 0 0 0     
J N 7 1077 42 4 3457 288 0     
K 0 0 43     
K 0 0 59     
K 0 -21 59     
A D 2 8     
J N 6 1125 -21 7 5761 576 0     
K 0 7 45     
K 0 0 43     
K 0 7 45     
K 1 7 45     
K 0 0 60     
K 0 0 54     
A D 1 8     
J B 6 1160 1 82 6913 288 0     
J N 7 1183 56 5 1 0 0     
K -14 0 64     
K 0 0 43     
K 0 0 59     
K 0 -21 59     
A D 2 8     
J N 6 1229 -21 7 2305 576 0     
K 0 7 45     
K 0 0 43     
K 0 7 45     
K 1 7 45     
K 0 0 60     
K 0 0 54     
A D 1 8     
J N 7 1261 70 7 3457 288 0     
K 1 0 45     
K 0 0 43     
K -1 0 45     
K 2 0 45     
K 0 0 59     
K 0 -21 59     
A D 2 8     
J N 6 1309 -21 7 5761 576 0     
K 0 7 45     
K 0 0 43     
K 0 7 45     
K 1 7 45     
K 0 0 60     
K 0 0 54     
A D 1 8     
J B 7 1344 1 82 6913 288 0     
J N 6 1365 -14 5 1 0 2 7 8     
K 0 0 45     
K 0 0 43     
K -1 0 45     
K 2 0 45     
A D 1 8     
J N 6 1397 -7 2 1153 288 1 8     
K 0 0 43     
A D 1 8     
J N 6 1433 0 2 2305 288 2 8 7     
K 0 0 43     
A D 1 8     
H 8 B -57 2 108 3 2 1 3     
H 7 S 0 0 0 0 0 0 0 0 0     
J N 6 1465 21 2 3457 288 2 9 10     
K 0 0 43     
A D 1 8     
J N 6 1497 0 2 4609 288 1 10     
K 0 0 43     
A D 1 8     
J N 6 1533 7 2 5761 288 2 10 9     
K 0 0 43     
A D 1 8     
H 10 B -42 -2 108 3 2 1 3     
H 9 S 0 0 -7 0 -7 2 0 -3 6     
J B 8 1568 1 82 6913 288 0     
J N 7 1589 0 4 1 0 0     
K 0 0 43     
K 0 0 60     
K 0 21 60     
A D 2 8     
J N 6 1635 21 3 2305 576 0     
K 0 0 43     
K 0 0 54     
A D 1 8     
J N 7 1667 49 4 3457 288 0     
K 0 0 43     
K 0 0 59     
K 0 -21 59     
A D 2 8     
J N 6 1715 0 3 5761 576 0     
K 0 0 43     
K 0 0 54     
A D 1 8     
J B 9 1750 1 82 6913 288 0     
E *     
L 160 0 0 0 0 * 0 14 0     
J D 0 -300 21 2 6913 0 0     
W 0 0 39 Violino 2     
W 0 42 33 concertino     
J D 1 75 -37 1 6913 0 0     
W 0 -56 0 (44) VI. Giga:  Violino 2 concertino     
J C 4 5 42 2 6913 0 0     
K 0 0 33     
K 0 0 34     
J K -1 57 0 1 6913 0 0     
K 0 28 65     
J D 5 86 -42 1 6913 0 0     
W 0 0 0 (37) Vivace     
J T 608 95 0 2 6913 0 0     
K -10 28 77     
K -10 56 79     
J R 6 137 28 2 1 0 0     
K 0 0 49     
A D 1 8     
J B 1 173 1 82 6913 288 0     
J N 7 194 49 5 1 0 0     
K 0 0 43     
K 25 0 44     
K 0 0 59     
K 0 -21 59     
A D 3 8     
J N 7 293 14 5 3457 864 0     
K 0 0 43     
K 24 -6 44     
K 0 0 60     
K 0 21 60     
A D 3 8     
J B 2 376 1 82 6913 864 0     
J N 7 397 21 5 1 0 0     
K 0 0 43     
K 25 0 44     
K 0 0 60     
K 0 21 60     
A D 3 8     
J R 7 476 28 2 3457 864 0     
K 0 0 48     
A D 2 8     
J N 6 524 14 3 5761 576 0     
K 0 0 43     
K 0 0 54     
A D 1 8     
J B 3 570 1 82 6913 288 0     
J N 7 595 42 5 1 0 0     
K 0 0 43     
K 24 -6 44     
K 0 0 59     
K 0 -21 59     
A D 3 8     
J N 7 691 35 5 3457 864 0     
K 0 0 43     
K 25 0 44     
K 0 0 59     
K 0 -21 59     
A D 3 8     
J B 4 774 1 82 6913 864 0     
J N 7 795 28 5 1 0 0     
K 0 0 43     
K 24 -6 44     
K 0 0 60     
K 0 21 60     
A D 3 8     
J R 7 873 28 2 3457 864 0     
K 0 0 48     
A D 2 8     
J R 6 921 28 2 5761 576 0     
K 0 0 49     
A D 1 8     
J B 5 956 1 82 6913 288 0     
J N 7 977 14 5 1 0 0     
K 0 0 43     
K 24 -6 44     
K 0 0 60     
K 0 21 60     
A D 3 8     
J N 7 1077 28 5 3457 864 0     
K 0 0 43     
K 24 -6 44     
K 0 0 60     
K 0 21 60     
A D 3 8     
J B 6 1160 1 82 6913 864 0     
J N 7 1183 42 5 1 0 0     
K 0 0 43     
K 24 -6 44     
K 0 0 59     
K 0 -21 59     
A D 3 8     
J R 7 1261 28 2 3457 864 0     
K 0 0 48     
A D 2 8     
J N 6 1309 -7 3 5761 576 0     
K 0 0 43     
K 0 0 54     
A D 1 8     
J B 7 1344 1 82 6913 288 0     
J N 7 1365 21 4 1 0 0     
K 0 0 43     
K 0 0 60     
K 0 21 60     
A D 2 8     
J N 6 1433 14 3 2305 576 0     
K 0 0 43     
K 0 0 54     
A D 1 8     
J N 7 1465 28 5 3457 288 0     
K 0 0 43     
K 24 -6 44     
K 0 0 60     
K 0 21 60     
A D 3 8     
J B 8 1568 1 82 6913 864 0     
J N 7 1589 35 5 1 0 0     
K 0 0 43     
K 25 0 44     
K 0 0 59     
K 0 -21 59     
A D 3 8     
J N 7 1667 14 5 3457 864 1 1     
K 0 0 43     
K 24 -6 44     
K 0 0 60     
K 0 21 60     
A D 3 8     
J B 9 1750 1 82 6913 864 0     
J M 0 1750 0 0 6913 0 1 1     
H 1 T 14 0 0 0 0 0 5 0     
E *     
L 320 0 0 0 0 * 0 14 0     
J D 0 -300 21 2 6913 0 0     
W 0 0 39 Violoncello     
W 0 42 33 concertino     
J D 1 75 -37 1 6913 0 0     
W 0 -56 0 (44) VI. Giga:  Violoncello concertino     
J C 22 5 14 36 6913 0 0     
J K -1 57 0 1 6913 0 0     
K 0 42 65     
J D 5 86 -42 1 6913 0 0     
W 0 0 0 (37) Vivace     
J T 204 95 0 2 6913 0 0     
K -10 28 73     
K -10 56 75     
J R 6 137 28 2 1 0 0     
K 0 0 49     
A D 2 16     
J B 1 173 1 82 6913 288 0     
J N 7 194 -7 4 1 0 0     
K 0 0 43     
K 0 0 60     
K 0 21 60     
A D 6 16     
J N 7 293 42 4 3457 864 0     
K 0 0 43     
K 0 0 59     
K 0 -21 59     
A D 6 16     
J B 2 376 1 82 6913 864 0     
J N 7 397 14 4 1 0 0     
K 0 0 43     
K 0 0 60     
K 0 21 60     
A D 6 16     
J R 6 476 28 2 3457 864 0     
K 0 0 49     
A D 3 16     
J N 6 513 28 3 5185 432 0     
K 0 0 43     
K 0 0 54     
A D 3 16     
J B 3 570 1 82 6913 432 0     
J N 7 595 21 5 1 0 0     
K -15 0 65     
K 0 0 43     
K 0 0 60     
K 0 21 60     
A D 6 16     
J R 6 691 28 2 3457 864 0     
K 0 0 49     
A D 3 16     
J N 6 728 21 3 5185 432 0     
K 0 0 43     
K 0 0 54     
A D 3 16     
J B 4 774 1 82 6913 432 0     
J N 7 795 28 4 1 0 0     
K 0 0 43     
K 0 0 60     
K 0 21 60     
A D 6 16     
J R 6 873 28 2 3457 864 0     
K 0 0 49     
A D 3 16     
J N 6 910 28 3 5185 432 0     
K 0 0 43     
K 0 0 54     
A D 3 16     
J B 5 956 1 82 6913 432 0     
J N 6 977 7 2 1 0 1 1     
K 0 0 43     
A D 3 16     
J N 6 1025 0 2 1729 432 1 1     
K 0 0 43     
A D 3 16     
J N 6 1077 -7 2 3457 432 1 1     
K 0 0 43     
A D 3 16     
J N 6 1114 7 2 5185 432 1 1     
K 0 0 43     
A D 3 16     
H 1 B -49 0 108 4 2 1 1 3     
J B 6 1160 1 82 6913 432 0     
J N 7 1183 -14 7 1 0 0     
K 0 0 45     
K 0 0 43     
K -1 0 45     
K 2 0 45     
K 0 0 60     
K 0 21 60     
A D 6 16     
J R 6 1261 28 2 3457 864 0     
K 0 0 49     
A D 3 16     
J N 6 1298 21 3 5185 432 0     
K 0 0 43     
K 0 0 54     
A D 3 16     
J B 7 1344 1 82 6913 432 0     
J N 6 1365 14 2 1 0 1 2     
K 0 0 43     
A D 3 16     
J N 6 1413 -7 2 1729 432 1 2     
K 0 0 43     
A D 3 16     
J F 0 1465 98 1 3457 432 0     
K 0 0 202     
J N 6 1465 -14 5 3457 0 1 2     
K 0 0 45     
K 0 0 43     
K -1 0 45     
K 2 0 45     
A D 3 16     
J N 6 1513 35 2 5185 432 1 2     
K 0 0 43     
A D 3 16     
H 2 B -54 2 108 4 2 1 1 3     
J B 8 1568 1 82 6913 432 0     
J N 7 1589 14 4 1 0 0     
K 0 0 43     
K 0 0 60     
K 0 21 60     
A D 6 16     
J R 6 1667 28 2 3457 864 0     
K 0 0 49     
A D 3 16     
J N 6 1704 -21 7 5185 432 0     
K 0 7 45     
K 0 0 43     
K 0 7 45     
K 1 7 45     
K 0 0 60     
K 0 0 54     
A D 3 16     
J B 9 1750 1 82 6913 432 0     
E *     
L 530 0 0 0 0 * 0 14 0     
J D 0 -300 21 2 6913 0 0     
W 0 0 39 Violino 1     
W 0 42 33 concerto grosso     
J D 1 75 -37 1 6913 0 0     
W 0 -56 0 (44) VI. Giga:  Violino 1 concerto grosso     
J C 4 5 42 2 6913 0 0     
K 0 0 33     
K 0 0 34     
J K -1 57 0 1 6913 0 0     
K 0 28 65     
J D 5 86 -42 1 6913 0 0     
W 0 0 0 (37) Vivace     
J T 608 95 0 2 6913 0 0     
K -10 28 77     
K -10 56 79     
J R 6 137 28 2 1 0 0     
K 0 0 49     
A D 1 8     
J B 1 173 1 82 6913 288 0     
J R 9 260 28 2 1 10000 0     
K 0 0 46     
A D 6 8     
J B 2 376 1 82 6913 1728 0     
J R 7 397 28 2 1 0 0     
K 0 0 48     
A D 2 8     
J R 6 444 28 2 2305 576 0     
K 0 0 49     
A D 1 8     
J R 7 476 28 2 3457 288 0     
K 0 0 48     
A D 2 8     
J N 6 524 0 3 5761 576 0     
K 0 0 43     
K 0 0 54     
A D 1 8     
J B 3 570 1 82 6913 288 0     
J N 6 595 -7 2 1 0 2 1 2     
K 0 0 43     
A D 1 8     
J N 6 627 0 2 1153 288 1 2     
K 0 0 43     
A D 1 8     
J N 6 659 -7 2 2305 288 2 2 1     
K 0 0 43     
A D 1 8     
H 2 B -53 0 108 3 2 1 3     
H 1 S 0 0 0 0 0 0 0 0 0     
J N 7 691 56 5 3457 288 0     
K -15 0 65     
K 0 0 43     
K 0 0 59     
K 0 -21 59     
A D 2 8     
J N 6 739 -7 3 5761 576 0     
K 0 0 43     
K 0 0 54     
A D 1 8     
J B 4 774 1 82 6913 288 0     
J N 7 795 0 4 1 0 0     
K 0 0 43     
K 0 0 60     
K 0 21 60     
A D 2 8     
J N 6 841 28 3 2305 576 0     
K 0 0 43     
K 0 0 54     
A D 1 8     
J N 7 873 63 5 3457 288 0     
K 0 0 43     
K 25 0 44     
K 0 0 59     
K 0 -21 59     
A D 3 8     
J B 5 956 1 82 6913 864 0     
J R 9 1044 28 2 1 10000 0     
K 0 0 46     
A D 6 8     
J B 6 1160 1 82 6913 1728 0     
J R 7 1183 28 2 1 0 0     
K 0 0 48     
A D 2 8     
J R 6 1229 28 2 2305 576 0     
K 0 0 49     
A D 1 8     
J R 7 1261 28 2 3457 288 0     
K 0 0 48     
A D 2 8     
J N 6 1309 -21 7 5761 576 0     
K 0 7 45     
K 0 0 43     
K 0 7 45     
K 1 7 45     
K 0 0 60     
K 0 0 54     
A D 1 8     
J B 7 1344 1 82 6913 288 0     
J N 6 1365 -14 5 1 0 2 3 4     
K 0 0 45     
K 0 0 43     
K -1 0 45     
K 2 0 45     
A D 1 8     
J N 6 1397 -7 2 1153 288 1 4     
K 0 0 43     
A D 1 8     
J N 6 1433 0 2 2305 288 2 4 3     
K 0 0 43     
A D 1 8     
H 4 B -57 2 108 3 2 1 3     
H 3 S 0 0 0 0 0 0 0 0 0     
J N 6 1465 21 2 3457 288 2 5 6     
K 0 0 43     
A D 1 8     
J N 6 1497 0 2 4609 288 1 6     
K 0 0 43     
A D 1 8     
J N 6 1533 7 2 5761 288 2 6 5     
K 0 0 43     
A D 1 8     
H 6 B -42 -2 108 3 2 1 3     
H 5 S 0 0 -7 0 -7 2 0 -3 6     
J B 8 1568 1 82 6913 288 0     
J N 7 1589 0 4 1 0 0     
K 0 0 43     
K 0 0 60     
K 0 21 60     
A D 2 8     
J N 6 1635 21 3 2305 576 0     
K 0 0 43     
K 0 0 54     
A D 1 8     
J N 7 1667 49 5 3457 288 0     
K 0 0 43     
K 25 0 44     
K 0 0 59     
K 0 -21 59     
A D 3 8     
J B 9 1750 1 82 6913 864 0     
E *     
L 690 0 0 0 0 * 0 14 0     
J D 0 -300 21 2 6913 0 0     
W 0 0 39 Violino 2     
W 0 42 33 concerto grosso     
J D 1 75 -37 1 6913 0 0     
W 0 -56 0 (44) VI. Giga:  Violino 2 concerto grosso     
J C 4 5 42 2 6913 0 0     
K 0 0 33     
K 0 0 34     
J K -1 57 0 1 6913 0 0     
K 0 28 65     
J D 5 86 -42 1 6913 0 0     
W 0 0 0 (37) Vivace     
J T 608 95 0 2 6913 0 0     
K -10 28 77     
K -10 56 79     
J R 6 137 28 2 1 0 0     
K 0 0 49     
A D 1 8     
J B 1 173 1 82 6913 288 0     
J R 9 260 28 2 1 10000 0     
K 0 0 46     
A D 6 8     
J B 2 376 1 82 6913 1728 0     
J R 7 397 28 2 1 0 0     
K 0 0 48     
A D 2 8     
J R 6 444 28 2 2305 576 0     
K 0 0 49     
A D 1 8     
J R 7 476 28 2 3457 288 0     
K 0 0 48     
A D 2 8     
J N 6 524 14 3 5761 576 0     
K 0 0 43     
K 0 0 54     
A D 1 8     
J B 3 570 1 82 6913 288 0     
J N 7 595 42 5 1 0 0     
K 0 0 43     
K 24 -6 44     
K 0 0 59     
K 0 -21 59     
A D 3 8     
J N 7 691 35 5 3457 864 0     
K 0 0 43     
K 25 0 44     
K 0 0 59     
K 0 -21 59     
A D 3 8     
J B 4 774 1 82 6913 864 0     
J N 7 795 28 5 1 0 0     
K 0 0 43     
K 24 -6 44     
K 0 0 60     
K 0 21 60     
A D 3 8     
J R 7 873 28 2 3457 864 0     
K 0 0 48     
A D 2 8     
J R 6 921 28 2 5761 576 0     
K 0 0 49     
A D 1 8     
J B 5 956 1 82 6913 288 0     
J R 9 1044 28 2 1 10000 0     
K 0 0 46     
A D 6 8     
J B 6 1160 1 82 6913 1728 0     
J R 7 1183 28 2 1 0 0     
K 0 0 48     
A D 2 8     
J R 6 1229 28 2 2305 576 0     
K 0 0 49     
A D 1 8     
J R 7 1261 28 2 3457 288 0     
K 0 0 48     
A D 2 8     
J N 6 1309 -7 3 5761 576 0     
K 0 0 43     
K 0 0 54     
A D 1 8     
J B 7 1344 1 82 6913 288 0     
J N 7 1365 21 4 1 0 0     
K 0 0 43     
K 0 0 60     
K 0 21 60     
A D 2 8     
J N 6 1433 14 3 2305 576 0     
K 0 0 43     
K 0 0 54     
A D 1 8     
J N 7 1465 28 5 3457 288 0     
K 0 0 43     
K 24 -6 44     
K 0 0 60     
K 0 21 60     
A D 3 8     
J B 8 1568 1 82 6913 864 0     
J N 7 1589 35 5 1 0 0     
K 0 0 43     
K 25 0 44     
K 0 0 59     
K 0 -21 59     
A D 3 8     
J R 7 1667 28 2 3457 864 0     
K 0 0 48     
A D 2 8     
J R 6 1715 28 2 5761 576 0     
K 0 0 49     
A D 1 8     
J B 9 1750 1 82 6913 288 0     
E *     
L 850 0 0 0 0 * 0 14 0     
J D 0 -300 42 1 6913 0 0     
W 0 0 39 Viola     
J D 1 75 -37 1 6913 0 0     
W 0 -56 0 (44) VI. Giga:  Viola     
J C 13 5 28 35 6913 0 0     
J K -1 57 0 1 6913 0 0     
K 0 35 65     
J D 5 86 -42 1 6913 0 0     
W 0 0 0 (37) Vivace     
J T 608 95 0 2 6913 0 0     
K -10 28 77     
K -10 56 79     
J R 6 137 28 2 1 0 0     
K 0 0 49     
A D 1 8     
J B 1 173 1 82 6913 288 0     
J R 9 260 28 2 1 10000 0     
K 0 0 46     
A D 6 8     
J B 2 376 1 82 6913 1728 0     
J R 7 397 28 2 1 0 0     
K 0 0 48     
A D 2 8     
J R 6 444 28 2 2305 576 0     
K 0 0 49     
A D 1 8     
J R 7 476 28 2 3457 288 0     
K 0 0 48     
A D 2 8     
J N 6 524 35 3 5761 576 0     
K 0 0 43     
K 0 0 53     
A D 1 8     
J B 3 570 1 82 6913 288 0     
J N 7 595 35 5 1 0 0     
K 0 0 43     
K 25 0 44     
K 0 0 59     
K 0 -21 59     
A D 3 8     
J N 7 691 28 5 3457 864 0     
K 0 0 43     
K 24 -6 44     
K 0 0 60     
K 0 21 60     
A D 3 8     
J B 4 774 1 82 6913 864 0     
J N 7 795 21 5 1 0 0     
K 0 0 43     
K 25 0 44     
K 0 0 60     
K 0 21 60     
A D 3 8     
J R 7 873 28 2 3457 864 0     
K 0 0 48     
A D 2 8     
J R 6 921 28 2 5761 576 0     
K 0 0 49     
A D 1 8     
J B 5 956 1 82 6913 288 0     
J R 9 1044 28 2 1 10000 0     
K 0 0 46     
A D 6 8     
J B 6 1160 1 82 6913 1728 0     
J R 7 1183 28 2 1 0 0     
K 0 0 48     
A D 2 8     
J R 6 1229 28 2 2305 576 0     
K 0 0 49     
A D 1 8     
J R 7 1261 28 2 3457 288 0     
K 0 0 48     
A D 2 8     
J N 6 1309 0 3 5761 576 0     
K 0 0 43     
K 0 0 54     
A D 1 8     
J B 7 1344 1 82 6913 288 0     
J N 7 1365 7 4 1 0 0     
K 0 0 43     
K 0 0 60     
K 0 21 60     
A D 2 8     
J N 6 1433 21 3 2305 576 0     
K 0 0 43     
K 0 0 54     
A D 1 8     
J N 7 1465 28 5 3457 288 0     
K 0 0 43     
K 24 -6 44     
K 0 0 60     
K 0 21 60     
A D 3 8     
J B 8 1568 1 82 6913 864 0     
J N 7 1589 28 5 1 0 0     
K 0 0 43     
K 24 -6 44     
K 0 0 60     
K 0 21 60     
A D 3 8     
J R 7 1667 28 2 3457 864 0     
K 0 0 48     
A D 2 8     
J R 6 1715 28 2 5761 576 0     
K 0 0 49     
A D 1 8     
J B 9 1750 1 82 6913 288 0     
E *     
L 1010 0 0 0 0 * 0 14 0     
J D 0 -300 21 2 6913 0 0     
W 0 0 39 Basso     
W 0 42 33 concerto grosso     
J D 1 75 -37 1 6913 0 0     
W 0 -56 0 (44) VI. Giga:  Basso concerto grosso     
J C 22 5 14 36 6913 0 0     
J K -1 57 0 1 6913 0 0     
K 0 42 65     
J D 5 86 -42 1 6913 0 0     
W 0 0 0 (37) Vivace     
J T 204 95 0 2 6913 0 0     
K -10 28 73     
K -10 56 75     
J R 6 137 28 2 1 0 0     
K 0 0 49     
A D 2 16     
J B 1 173 1 82 6913 288 0     
J R 9 260 28 2 1 10000 0     
K 0 0 46     
A D 12 16     
J B 2 376 1 82 6913 1728 0     
J R 7 397 28 2 1 0 0     
K 0 0 48     
A D 6 16     
J R 6 476 28 2 3457 864 0     
K 0 0 49     
A D 3 16     
J F 0 513 98 1 5185 432 0     
K 0 0 205     
J N 6 513 28 3 5185 0 0     
K 0 0 43     
K 0 0 54     
A D 3 16     
J B 3 570 1 82 6913 432 0     
J N 7 595 21 5 1 0 0     
K -15 0 65     
K 0 0 43     
K 0 0 60     
K 0 21 60     
A D 6 16     
J R 6 691 28 2 3457 864 0     
K 0 0 49     
A D 3 16     
J N 6 728 21 3 5185 432 0     
K 0 0 43     
K 0 0 54     
A D 3 16     
J B 4 774 1 82 6913 432 0     
J N 7 795 28 4 1 0 0     
K 0 0 43     
K 0 0 60     
K 0 21 60     
A D 6 16     
J R 7 873 28 2 3457 864 0     
K 0 0 48     
A D 6 16     
J B 5 956 1 82 6913 864 0     
J R 9 1044 28 2 1 10000 0     
K 0 0 46     
A D 12 16     
J B 6 1160 1 82 6913 1728 0     
J R 7 1183 28 2 1 0 0     
K 0 0 48     
A D 6 16     
J R 6 1261 28 2 3457 864 0     
K 0 0 49     
A D 3 16     
J N 6 1298 21 3 5185 432 0     
K 0 0 43     
K 0 0 54     
A D 3 16     
J B 7 1344 1 82 6913 432 0     
J N 6 1365 14 2 1 0 1 1     
K 0 0 43     
A D 3 16     
J N 6 1413 -7 2 1729 432 1 1     
K 0 0 43     
A D 3 16     
J F 0 1465 98 1 3457 432 0     
K 0 0 202     
J N 6 1465 -14 5 3457 0 1 1     
K 0 0 45     
K 0 0 43     
K -1 0 45     
K 2 0 45     
A D 3 16     
J N 6 1513 35 2 5185 432 1 1     
K 0 0 43     
A D 3 16     
H 1 B -54 2 108 4 2 1 1 3     
J B 8 1568 1 82 6913 432 0     
J N 7 1589 14 4 1 0 0     
K 0 0 43     
K 0 0 60     
K 0 21 60     
A D 6 16     
J R 7 1667 28 2 3457 864 0     
K 0 0 48     
A D 6 16     
J B 9 1750 1 82 6913 864 0     
E *     
B 1 173 0     
B 1 376 0     
B 1 570 0     
B 1 774 0     
B 1 956 0     
B 1 1160 0     
B 1 1344 0     
B 1 1568 0     
B 1 1750 0     
S 0 200 1610 2050 1066 7 "[...][....]"     
L 0 0 0 313 313 * 0 14 0     
J C 4 5 42 2 6913 0 0     
K 0 0 33     
K 0 0 34     
J K -1 57 0 1 6913 0 0     
K 0 28 65     
J D 0 5 -14 1 6913 0 0     
W 0 0 37 \09     
J N 6 113 -7 2 1 0 2 11 12     
K 0 0 43     
A D 1 8     
J N 6 155 0 2 1153 288 1 12     
K 0 0 43     
A D 1 8     
J N 6 197 -7 2 2305 288 2 12 11     
K 0 0 43     
A D 1 8     
H 12 B -53 0 108 3 2 1 3     
H 11 S 0 0 0 0 0 0 0 0 0     
J N 7 245 56 5 3457 288 0     
K -15 0 65     
K 0 0 43     
K 0 0 59     
K 0 -21 59     
A D 2 8     
J N 6 310 -7 3 5761 576 0     
K 0 0 43     
K 0 0 54     
A D 1 8     
J B 10 353 1 82 6913 288 0     
J N 7 374 0 4 1 0 0     
K 0 0 43     
K 0 0 60     
K 0 21 60     
A D 2 8     
J N 6 428 28 3 2305 576 0     
K 0 0 43     
K 0 0 54     
A D 1 8     
J N 7 475 63 4 3457 288 0     
K 0 0 43     
K 0 0 59     
K 0 -21 59     
A D 2 8     
J N 6 539 28 3 5761 576 0     
K 0 0 43     
K 0 0 54     
A D 1 8     
J B 11 582 1 82 6913 288 0     
J N 6 603 21 2 1 0 2 13 14     
K 0 0 43     
A D 1 8     
J N 6 644 14 2 1153 288 1 14     
K 0 0 43     
A D 1 8     
J N 6 695 7 3 2305 288 2 14 13     
K -15 0 65     
K 0 0 43     
A D 1 8     
H 14 B -41 -1 108 3 2 1 3     
H 13 S 0 0 0 0 0 0 0 0 -2     
J N 7 736 84 8 3457 288 0     
K 1 -14 45     
K 1 0 45     
K 0 0 43     
K -1 0 45     
K 2 0 45     
K 0 0 59     
K 0 -28 59     
A D 2 8     
J N 6 790 7 3 5761 576 0     
K 0 0 43     
K 0 0 54     
A D 1 8     
J B 12 844 1 82 6913 288 0     
J N 7 865 14 4 1 0 0     
K 0 0 43     
K 0 0 60     
K 0 21 60     
A D 2 8     
J N 6 919 49 3 2305 576 0     
K 0 0 43     
K 0 0 53     
A D 1 8     
J N 7 962 77 7 3457 288 0     
K 1 -7 45     
K 0 0 43     
K 0 -7 45     
K 1 -7 45     
K 0 0 59     
K 0 -21 59     
A D 2 8     
J N 6 1026 0 3 5761 576 0     
K 0 0 43     
K 0 0 54     
A D 1 8     
J B 13 1069 1 82 6913 288 0     
J N 7 1090 -7 4 1 0 0     
K 0 0 43     
K 0 0 60     
K 0 21 60     
A D 2 8     
J N 6 1144 28 3 2305 576 0     
K 0 0 43     
K 0 0 54     
A D 1 8     
J N 7 1191 56 5 3457 288 0     
K -15 0 65     
K 0 0 43     
K 0 0 59     
K 0 -21 59     
A D 2 8     
J N 6 1259 -7 3 5761 576 0     
K 0 0 43     
K 0 0 54     
A D 1 8     
J B 14 1302 1 82 6913 288 0     
J N 7 1323 -14 7 1 0 0     
K 0 0 45     
K 0 0 43     
K -1 0 45     
K 2 0 45     
K 0 0 60     
K 0 21 60     
A D 2 8     
J N 6 1377 49 3 2305 576 0     
K 0 0 43     
K 0 0 53     
A D 1 8     
J N 7 1424 -21 7 3457 288 0     
K 0 7 45     
K 0 0 43     
K 0 7 45     
K 1 7 45     
K 0 0 60     
K 0 21 60     
A D 2 8     
J N 6 1492 7 4 5761 576 0     
K -15 0 65     
K 0 0 43     
K 0 0 54     
A D 1 8     
J B 15 1535 1 82 6913 288 0     
J N 6 1556 14 2 1 0 2 15 16     
K 0 0 43     
A D 1 8     
J N 6 1607 21 2 1153 288 1 16     
K 0 0 43     
A D 1 8     
J N 6 1648 28 2 2305 288 2 16 15     
K 0 0 43     
A D 1 8     
H 16 B -57 1 108 3 2 1 3     
H 15 S 0 0 0 0 0 0 0 0 0     
J N 6 1689 49 2 3457 288 2 17 18     
K 0 0 43     
A D 1 8     
J N 6 1730 28 2 4609 288 1 18     
K 0 0 43     
A D 1 8     
J N 6 1771 35 2 5761 288 2 18 17     
K 0 0 43     
A D 1 8     
H 18 B 63 0 108 3 2 1 3     
H 17 S 12 0 0 0 0 0 0 0 0     
J B 16 1825 1 82 6913 288 0     
J N 7 1846 28 4 1 0 0     
K 0 0 43     
K 0 0 60     
K 0 21 60     
A D 2 8     
J N 6 1900 49 3 2305 576 0     
K 0 0 43     
K 0 0 53     
A D 1 8     
J N 7 1943 77 7 3457 288 0     
K 1 -7 45     
K 0 0 43     
K 0 -7 45     
K 1 -7 45     
K 0 0 59     
K 0 -21 59     
A D 2 8     
J N 6 2007 0 3 5761 576 0     
K 0 0 43     
K 0 0 54     
A D 1 8     
J B 17 2050 1 82 6913 288 0     
E *     
L 160 0 0 313 313 * 0 14 0     
J C 4 5 42 2 6913 0 0     
K 0 0 33     
K 0 0 34     
J K -1 57 0 1 6913 0 0     
K 0 28 65     
J D 0 5 -14 1 6913 0 0     
W 0 0 0 \09     
J N 7 113 14 4 1 0 1 1     
K 0 0 43     
K 0 0 60     
K 0 21 60     
A D 2 8     
J M 0 61 0 0 6913 0 1 1     
H 1 T 14 0 0 0 0 0 5 0     
J N 6 197 42 3 2305 576 0     
K 0 0 43     
K 0 0 53     
A D 1 8     
J N 7 245 21 5 3457 288 1 2     
K 0 0 43     
K 25 0 44     
K 0 0 60     
K 0 21 60     
A D 3 8     
J B 10 353 1 82 6913 864 0     
J N 7 374 21 4 1 0 1 2     
K 0 0 43     
K 0 0 60     
K 0 21 60     
A D 2 8     
H 2 T 21 0 0 0 0 0 1 0     
J N 6 428 49 3 2305 576 0     
K 0 0 43     
K 0 0 53     
A D 1 8     
J N 7 475 28 5 3457 288 1 3     
K 0 0 43     
K 24 -6 44     
K 0 0 59     
K 0 -14 59     
A D 3 8     
J B 11 582 1 82 6913 864 0     
J N 6 603 28 2 1 0 2 4 3     
K 0 0 43     
A D 1 8     
H 3 T 28 0 0 0 0 0 13 0     
J N 6 644 35 2 1153 288 1 4     
K 0 0 43     
A D 1 8     
J N 6 695 28 2 2305 288 1 4     
K 0 0 43     
A D 1 8     
H 4 B 42 0 108 3 2 1 3     
J N 7 736 70 7 3457 288 0     
K 1 0 45     
K 0 0 43     
K -1 0 45     
K 2 0 45     
K 0 0 59     
K 0 -21 59     
A D 2 8     
J N 6 790 35 3 5761 576 0     
K 0 0 43     
K 0 0 53     
A D 1 8     
J B 12 844 1 82 6913 288 0     
J N 7 865 28 5 1 0 0     
K 0 0 43     
K 24 -6 44     
K 0 0 60     
K 0 21 60     
A D 3 8     
J N 7 962 14 5 3457 864 1 5     
K 0 0 43     
K 24 -6 44     
K 0 0 60     
K 0 21 60     
A D 3 8     
J B 13 1069 1 82 6913 864 0     
J N 7 1090 14 4 1 0 1 5     
K 0 0 43     
K 0 0 60     
K 0 21 60     
A D 2 8     
H  5 T 11 -3 3 0 0 0 5 0     
J N 6 1144 42 3 2305 576 0     
K 0 0 43     
K 0 0 53     
A D 1 8     
J N 7 1191 21 4 3457 288 0     
K 0 0 43     
K 0 0 60     
K 0 21 60     
A D 2 8     
J N 6 1259 7 4 5761 576 0     
K -15 0 65     
K 0 0 43     
K 0 0 54     
A D 1 8     
J B 14 1302 1 82 6913 288 0     
J N 7 1323 49 5 1 0 0     
K 0 0 43     
K 25 0 44     
K 0 0 59     
K 0 -21 59     
A D 3 8     
J R 7 1424 28 2 3457 864 0     
K 0 0 48     
A D 2 8     
J N 6 1492 -7 3 5761 576 0     
K 0 0 43     
K 0 0 54     
A D 1 8     
J B 15 1535 1 82 6913 288 0     
J N 6 1556 0 2 1 0 2 6 7     
K 0 0 43     
A D 1 8     
J N 6 1607 7 3 1153 288 1 7     
K -15 0 65     
K 0 0 43     
A D 1 8     
J N 6 1648 14 2 2305 288 2 7 6     
K 0 0 43     
A D 1 8     
H 7 B -57 1 108 3 2 1 3     
H 6 S 0 0 0 0 0 0 0 0 0     
J N 7 1689 21 4 3457 288 0     
K 0 0 43     
K 0 0 60     
K 0 21 60     
A D 2 8     
J N 6 1771 49 3 5761 576 0     
K 0 0 43     
K 0 0 53     
A D 1 8     
J B 16 1825 1 82 6913 288 0     
J N 7 1846 63 5 1 0 0     
K 0 0 43     
K 25 0 44     
K 0 0 59     
K 0 -21 59     
A D 3 8     
J N 7 1943 14 5 3457 864 1 8     
K 0 0 43     
K 24 -6 44     
K 0 0 60     
K 0 21 60     
A D 3 8     
J B 17 2050 1 82 6913 864 0     
J M 0 2050 0 0 6913 0 1 8     
H  8 T 11 -2 2 0 0 0 5 0     
E *     
L 320 0 0 313 313 * 0 14 0     
J C 22 5 14 36 6913 0 0     
J K -1 57 0 1 6913 0 0     
K 0 42 65     
J D 0 5 -14 1 6913 0 0     
W 0 0 0 \09     
J F 0 113 98 1 1 0 0     
K 0 0 206     
J N 7 113 -28 9 1 0 0     
K 0 14 45     
K 0 0 45     
K -15 0 65     
K 0 0 43     
K -1 0 45     
K 2 0 45     
K 0 0 60     
K 0 28 60     
A D 6 16     
J R 6 245 28 2 3457 864 0     
K 0 0 49     
A D 3 16     
J F 0 291 98 1 5185 432 0     
K 0 0 205     
J N 6 291 -28 8 5185 0 0     
K 0 14 45     
K 0 0 45     
K 0 0 43     
K -1 0 45     
K 2 0 45     
K 0 0 60     
K 0 7 54     
A D 3 16     
J B 10 353 1 82 6913 432 0     
J F 0 374 98 1 1 0 0     
K 0 0 206     
J N 7 374 -21 7 1 0 0     
K 0 7 45     
K 0 0 43     
K 0 7 45     
K 1 7 45     
K 0 0 60     
K 0 21 60     
A D 6 16     
J R 6 475 28 2 3457 864 0     
K 0 0 49     
A D 3 16     
J F 0 520 98 1 5185 432 0     
K 0 0 205     
J N 6 520 -21 7 5185 0 0     
K 0 7 45     
K 0 0 43     
K 0 7 45     
K 1 7 45     
K 0 0 60     
K 0 0 54     
A D 3 16     
J B 11 582 1 82 6913 432 0     
J F 0 603 98 2 1 0 0     
K 0 0 206     
K 0 21 219     
J N 7 603 -14 7 1 0 0     
K 0 0 45     
K 0 0 43     
K -1 0 45     
K 2 0 45     
K 0 0 60     
K 0 21 60     
A D 6 16     
J F 0 736 98 1 3457 864 0     
K 0 0 206     
J N 7 736 14 4 3457 0 0     
K 0 0 43     
K 0 0 60     
K 0 21 60     
A D 6 16     
J B 12 844 1 82 6913 864 0     
J N 7 865 -7 4 1 0 0     
K 0 0 43     
K 0 0 60     
K 0 21 60     
A D 6 16     
J R 6 962 28 2 3457 864 0     
K 0 0 49     
A D 3 16     
J N 6 1007 28 3 5185 432 0     
K 0 0 43     
K 0 0 54     
A D 3 16     
J B 13 1069 1 82 6913 432 0     
J F 0 1090 98 1 1 0 0     
K 0 0 206     
J N 7 1090 21 5 1 0 0     
K -15 0 65     
K 0 0 43     
K 0 0 60     
K 0 21 60     
A D 6 16     
J R 6 1191 28 2 3457 864 0     
K 0 0 49     
A D 3 16     
J F 0 1236 98 1 5185 432 0     
K 0 0 205     
J N 6 1236 21 3 5185 0 0     
K 0 0 43     
K 0 0 54     
A D 3 16     
J B 14 1302 1 82 6913 432 0     
J F 0 1323 98 2 1 0 0     
K 0 0 203     
K 0 21 201     
J N 7 1323 21 5 1 0 0     
K -15 0 65     
K 0 0 43     
K 0 0 60     
K 0 21 60     
A D 6 16     
J F 0 1424 98 1 3457 864 0     
K 0 0 205     
J N 6 1424 28 2 3457 0 1 3     
K 0 0 43     
A D 3 16     
J N 6 1469 21 2 5185 432 1 3     
K 0 0 43     
A D 3 16     
H 3 B -47 -3 108 2 2 3     
J B 15 1535 1 82 6913 432 0     
J F 0 1556 98 2 1 0 0     
K 0 0 205     
K 0 21 203     
J N 7 1556 14 4 1 0 0     
K 0 0 43     
K 0 0 60     
K 0 21 60     
A D 6 16     
J F 0 1689 98 2 3457 864 0     
K 0 0 204     
K 0 21 202     
J N 7 1689 63 4 3457 0 0     
K 0 0 43     
K 0 0 59     
K 0 -21 59     
A D 6 16     
J B 16 1825 1 82 6913 864 0     
J N 7 1846 42 4 1 0 0     
K 0 0 43     
K 0 0 59     
K 0 -21 59     
A D 6 16     
J R 6 1943 28 2 3457 864 0     
K 0 0 49     
A D 3 16     
J N 6 1988 -21 7 5185 432 0     
K 0 7 45     
K 0 0 43     
K 0 7 45     
K 1 7 45     
K 0 0 60     
K 0 0 54     
A D 3 16     
J B 17 2050 1 82 6913 432 0     
E *     
L 530 0 0 313 313 * 0 14 0     
J C 4 5 42 2 6913 0 0     
K 0 0 33     
K 0 0 34     
J K -1 57 0 1 6913 0 0     
K 0 28 65     
J D 0 5 -14 1 6913 0 0     
W 0 0 0 \09     
J R 9 208 28 2 1 10000 0     
K 0 0 46     
A D 6 8     
J B 10 353 1 82 6913 1728 0     
J R 9 453 28 2 1 10000 0     
K 0 0 46     
A D 6 8     
J B 11 582 1 82 6913 1728 0     
J R 9 699 28 2 1 10000 0     
K 0 0 46     
A D 6 8     
J B 12 844 1 82 6913 1728 0     
J R 7 865 28 2 1 0 0     
K 0 0 48     
A D 2 8     
J R 6 919 28 2 2305 576 0     
K 0 0 49     
A D 1 8     
J R 7 962 28 2 3457 288 0     
K 0 0 48     
A D 2 8     
J N 6 1026 0 3 5761 576 0     
K 0 0 43     
K 0 0 54     
A D 1 8     
J B 13 1069 1 82 6913 288 0     
J N 7 1090 -7 4 1 0 0     
K 0 0 43     
K 0 0 60     
K 0 21 60     
A D 2 8     
J N 6 1144 28 3 2305 576 0     
K 0 0 43     
K 0 0 54     
A D 1 8     
J N 7 1191 56 5 3457 288 0     
K -15 0 65     
K 0 0 43     
K 0 0 59     
K 0 -21 59     
A D 2 8     
J N 6 1259 -7 3 5761 576 0     
K 0 0 43     
K 0 0 54     
A D 1 8     
J B 14 1302 1 82 6913 288 0     
J N 7 1323 -14 7 1 0 0     
K 0 0 45     
K 0 0 43     
K -1 0 45     
K 2 0 45     
K 0 0 60     
K 0 21 60     
A D 2 8     
J N 6 1377 49 3 2305 576 0     
K 0 0 43     
K 0 0 53     
A D 1 8     
J N 7 1424 -21 7 3457 288 0     
K 0 7 45     
K 0 0 43     
K 0 7 45     
K 1 7 45     
K 0 0 60     
K 0 21 60     
A D 2 8     
J N 6 1492 7 4 5761 576 0     
K -15 0 65     
K 0 0 43     
K 0 0 54     
A D 1 8     
J B 15 1535 1 82 6913 288 0     
J N 6 1556 14 2 1 0 2 7 8     
K 0 0 43     
A D 1 8     
J N 6 1607 21 2 1153 288 1 8     
K 0 0 43     
A D 1 8     
J N 6 1648 28 2 2305 288 2 8 7     
K 0 0 43     
A D 1 8     
H 8 B -57 1 108 3 2 1 3     
H 7 S 0 0 0 0 0 0 0 0 0     
J N 6 1689 49 2 3457 288 2 9 10     
K 0 0 43     
A D 1 8     
J N 6 1730 28 2 4609 288 1 10     
K 0 0 43     
A D 1 8     
J N 6 1771 35 2 5761 288 2 10 9     
K 0 0 43     
A D 1 8     
H 10 B 63 0 108 3 2 1 3     
H 9 S 12 0 0 0 0 0 0 0 0     
J B 16 1825 1 82 6913 288 0     
J N 7 1846 28 4 1 0 0     
K 0 0 43     
K 0 0 60     
K 0 21 60     
A D 2 8     
J N 6 1900 49 3 2305 576 0     
K 0 0 43     
K 0 0 53     
A D 1 8     
J N 7 1943 77 8 3457 288 0     
K 1 -7 45     
K 0 0 43     
K 0 -7 45     
K 1 -7 45     
K 25 0 44     
K 0 0 59     
K 0 -21 59     
A D 3 8     
J B 17 2050 1 82 6913 864 0     
E *     
L 690 0 0 313 313 * 0 14 0     
J C 4 5 42 2 6913 0 0     
K 0 0 33     
K 0 0 34     
J K -1 57 0 1 6913 0 0     
K 0 28 65     
J D 0 5 -14 1 6913 0 0     
W 0 0 0 \09     
J R 9 208 28 2 1 10000 0     
K 0 0 46     
A D 6 8     
J B 10 353 1 82 6913 1728 0     
J R 9 453 28 2 1 10000 0     
K 0 0 46     
A D 6 8     
J B 11 582 1 82 6913 1728 0     
J R 9 699 28 2 1 10000 0     
K 0 0 46     
A D 6 8     
J B 12 844 1 82 6913 1728 0     
J R 7 865 28 2 1 0 0     
K 0 0 48     
A D 2 8     
J R 6 919 28 2 2305 576 0     
K 0 0 49     
A D 1 8     
J N 7 962 14 5 3457 288 1 1     
K 0 0 43     
K 24 -6 44     
K 0 0 60     
K 0 21 60     
A D 3 8     
J B 13 1069 1 82 6913 864 0     
J N 7 1090 14 4 1 0 1 1     
K 0 0 43     
K 0 0 60     
K 0 21 60     
A D 2 8     
H  1 T 11 -2 2 0 0 0 5 0     
J N 6 1144 42 3 2305 576 0     
K 0 0 43     
K 0 0 53     
A D 1 8     
J N 7 1191 21 4 3457 288 0     
K 0 0 43     
K 0 0 60     
K 0 21 60     
A D 2 8     
J N 6 1259 7 4 5761 576 0     
K -15 0 65     
K 0 0 43     
K 0 0 54     
A D 1 8     
J B 14 1302 1 82 6913 288 0     
J N 7 1323 49 5 1 0 0     
K 0 0 43     
K 25 0 44     
K 0 0 59     
K 0 -21 59     
A D 3 8     
J R 7 1424 28 2 3457 864 0     
K 0 0 48     
A D 2 8     
J N 6 1492 -7 3 5761 576 0     
K 0 0 43     
K 0 0 54     
A D 1 8     
J B 15 1535 1 82 6913 288 0     
J N 6 1556 0 2 1 0 2 2 3     
K 0 0 43     
A D 1 8     
J N 6 1607 7 3 1153 288 1 3     
K -15 0 65     
K 0 0 43     
A D 1 8     
J N 6 1648 14 2 2305 288 2 3 2     
K 0 0 43     
A D 1 8     
H 3 B -57 1 108 3 2 1 3     
H 2 S 0 0 0 0 0 0 0 0 0     
J N 7 1689 21 4 3457 288 0     
K 0 0 43     
K 0 0 60     
K 0 21 60     
A D 2 8     
J N 6 1771 49 3 5761 576 0     
K 0 0 43     
K 0 0 53     
A D 1 8     
J B 16 1825 1 82 6913 288 0     
J N 7 1846 63 5 1 0 0     
K 0 0 43     
K 25 0 44     
K 0 0 59     
K 0 -21 59     
A D 3 8     
J R 7 1943 28 2 3457 864 0     
K 0 0 48     
A D 2 8     
J R 6 2007 28 2 5761 576 0     
K 0 0 49     
A D 1 8     
J B 17 2050 1 82 6913 288 0     
E *     
L 850 0 0 313 313 * 0 14 0     
J C 13 5 28 35 6913 0 0     
J K -1 57 0 1 6913 0 0     
K 0 35 65     
J D 0 5 -14 1 6913 0 0     
W 0 0 0 \09     
J R 9 208 28 2 1 10000 0     
K 0 0 46     
A D 6 8     
J B 10 353 1 82 6913 1728 0     
J R 9 453 28 2 1 10000 0     
K 0 0 46     
A D 6 8     
J B 11 582 1 82 6913 1728 0     
J R 9 699 28 2 1 10000 0     
K 0 0 46     
A D 6 8     
J B 12 844 1 82 6913 1728 0     
J R 7 865 28 2 1 0 0     
K 0 0 48     
A D 2 8     
J R 6 919 28 2 2305 576 0     
K 0 0 49     
A D 1 8     
J R 7 962 28 2 3457 288 0     
K 0 0 48     
A D 2 8     
J N 6 1026 -14 6 5761 576 0     
K 0 0 45     
K 0 0 43     
K -1 0 45     
K 2 0 45     
K 0 0 54     
A D 1 8     
J B 13 1069 1 82 6913 288 0     
J N 7 1090 -14 8 1 0 0     
K 0 0 45     
K 0 0 43     
K -1 0 45     
K 2 0 45     
K 24 -6 44     
K 0 0 60     
K 0 21 60     
A D 3 8     
J R 7 1191 28 2 3457 864 0     
K 0 0 48     
A D 2 8     
J N 6 1259 0 3 5761 576 0     
K 0 0 43     
K 0 0 54     
A D 1 8     
J B 14 1302 1 82 6913 288 0     
J N 7 1323 -21 8 1 0 0     
K 0 7 45     
K 0 0 43     
K 0 7 45     
K 1 7 45     
K 25 0 44     
K 0 0 60     
K 0 21 60     
A D 3 8     
J R 7 1424 28 2 3457 864 0     
K 0 0 48     
A D 2 8     
J N 6 1492 -14 6 5761 576 0     
K 0 0 45     
K 0 0 43     
K -1 0 45     
K 2 0 45     
K 0 0 54     
A D 1 8     
J B 15 1535 1 82 6913 288 0     
J N 7 1556 -14 8 1 0 0     
K 0 0 45     
K 0 0 43     
K -1 0 45     
K 2 0 45     
K 24 -6 44     
K 0 0 60     
K 0 21 60     
A D 3 8     
J N 6 1689 -7 2 3457 864 2 1 2     
K 0 0 43     
A D 1 8     
J N 6 1730 -14 5 4609 288 1 2     
K 0 0 45     
K 0 0 43     
K -1 0 45     
K 2 0 45     
A D 1 8     
J N 6 1771 -21 5 5761 288 2 2 1     
K 0 7 45     
K 0 0 43     
K 0 7 45     
K 1 7 45     
A D 1 8     
H 2 B -42 -2 108 3 2 1 3     
H 1 S 0 0 0 0 0 0 0 0 0     
J B 16 1825 1 82 6913 288 0     
J N 7 1846 -14 8 1 0 0     
K 0 0 45     
K 0 0 43     
K -1 0 45     
K 2 0 45     
K 24 -6 44     
K 0 0 60     
K 0 21 60     
A D 3 8     
J R 7 1943 28 2 3457 864 0     
K 0 0 48     
A D 2 8     
J R 6 2007 28 2 5761 576 0     
K 0 0 49     
A D 1 8     
J B 17 2050 1 82 6913 288 0     
E *     
L 1010 0 0 313 313 * 0 14 0     
J C 22 5 14 36 6913 0 0     
J K -1 57 0 1 6913 0 0     
K 0 42 65     
J D 0 5 -14 1 6913 0 0     
W 0 0 0 \09     
J R 9 208 28 2 1 10000 0     
K 0 0 46     
A D 12 16     
J B 10 353 1 82 6913 1728 0     
J R 9 453 28 2 1 10000 0     
K 0 0 46     
A D 12 16     
J B 11 582 1 82 6913 1728 0     
J R 9 699 28 2 1 10000 0     
K 0 0 46     
A D 12 16     
J B 12 844 1 82 6913 1728 0     
J R 7 865 28 2 1 0 0     
K 0 0 48     
A D 6 16     
J R 6 962 28 2 3457 864 0     
K 0 0 49     
A D 3 16     
J N 6 1007 28 3 5185 432 0     
K 0 0 43     
K 0 0 54     
A D 3 16     
J B 13 1069 1 82 6913 432 0     
J F 0 1090 98 1 1 0 0     
K 0 0 206     
J N 7 1090 21 5 1 0 0     
K -15 0 65     
K 0 0 43     
K 0 0 60     
K 0 21 60     
A D 6 16     
J R 6 1191 28 2 3457 864 0     
K 0 0 49     
A D 3 16     
J F 0 1236 98 1 5185 432 0     
K 0 0 205     
J N 6 1236 21 3 5185 0 0     
K 0 0 43     
K 0 0 54     
A D 3 16     
J B 14 1302 1 82 6913 432 0     
J F 0 1323 98 2 1 0 0     
K 0 0 203     
K 0 21 201     
J N 7 1323 21 5 1 0 0     
K -15 0 65     
K 0 0 43     
K 0 0 60     
K 0 21 60     
A D 6 16     
J F 0 1424 98 1 3457 864 0     
K 0 0 205     
J N 6 1424 28 2 3457 0 1 2     
K 0 0 43     
A D 3 16     
J N 6 1469 21 2 5185 432 1 2     
K 0 0 43     
A D 3 16     
H 2 B -47 -3 108 2 2 3     
J B 15 1535 1 82 6913 432 0     
J F 0 1556 98 2 1 0 0     
K 0 0 205     
K 0 21 203     
J N 7 1556 14 4 1 0 0     
K 0 0 43     
K 0 0 60     
K 0 21 60     
A D 6 16     
J F 0 1689 98 2 3457 864 0     
K 0 0 204     
K 0 21 202     
J N 7 1689 63 4 3457 0 0     
K 0 0 43     
K 0 0 59     
K 0 -21 59     
A D 6 16     
J B 16 1825 1 82 6913 864 0     
J N 7 1846 42 4 1 0 0     
K 0 0 43     
K 0 0 59     
K 0 -21 59     
A D 6 16     
J R 7 1943 28 2 3457 864 0     
K 0 0 48     
A D 6 16     
J B 17 2050 1 82 6913 864 0     
E *     
B 1 353 0     
B 1 582 0     
B 1 844 0     
B 1 1069 0     
B 1 1302 0     
B 1 1535 0     
B 1 1825 0     
B 1 2050 0     
