S 0 200 140 2050 1066 7 "[...][....]" 
L 0 0 0 313 313 * 0 14 0 
J C 4 5 42 2 6913 0 0 
K 0 0 33 
K 0 0 34 
J K -1 57 0 1 6913 0 0 
K 0 28 65 
J D 0 -11 -14 1 6913 0 0 
W 0 0 37 \01\07 
J N 6 113 -7 2 1 0 2 19 20 
K 0 0 43 
A D 1 8 
J N 6 145 0 2 1153 288 1 20 
K 0 0 43 
A D 1 8 
J N 6 177 -7 2 2305 288 2 20 19 
K 0 0 43 
A D 1 8 
H 20 B -53 0 108 3 2 1 3 
H 19 S 0 0 0 0 0 0 0 0 0 
J N 7 215 56 5 3457 288 0 
K -15 0 65 
K 0 0 43 
K 0 0 59 
K 0 -21 59 
A D 2 8 
J N 6 264 -7 3 5761 576 0 
K 0 0 43 
K 0 0 54 
A D 1 8 
J B 18 298 1 82 6913 288 0 
J N 7 319 0 4 1 0 0 
K 0 0 43 
K 0 0 60 
K 0 21 60 
A D 2 8 
J N 6 367 28 3 2305 576 0 
K 0 0 43 
K 0 0 54 
A D 1 8 
J N 7 405 63 4 3457 288 0 
K 0 0 43 
K 0 0 59 
K 0 -21 59 
A D 2 8 
J N 6 454 28 3 5761 576 0 
K 0 0 43 
K 0 0 54 
A D 1 8 
J B 19 488 1 82 6913 288 0 
J N 6 509 21 2 1 0 2 21 22 
K 0 0 43 
A D 1 8 
J N 6 541 14 2 1153 288 1 22 
K 0 0 43 
A D 1 8 
J N 6 583 7 3 2305 288 2 22 21 
K -15 0 65 
K 0 0 43 
A D 1 8 
H 22 B -42 -2 108 3 2 1 3 
H 21 S 0 0 0 0 0 0 0 0 -11 
J N 7 615 84 8 3457 288 0 
K 1 -14 45 
K 1 0 45 
K 0 0 43 
K -1 0 45 
K 2 0 45 
K 0 0 59 
K 0 -28 59 
A D 2 8 
J N 6 663 7 3 5761 576 0 
K 0 0 43 
K 0 0 54 
A D 1 8 
J B 20 708 1 82 6913 288 0 
J N 7 729 14 4 1 0 0 
K 0 0 43 
K 0 0 60 
K 0 21 60 
A D 2 8 
J N 6 777 49 3 2305 576 0 
K 0 0 43 
K 0 0 53 
A D 1 8 
J N 7 811 77 7 3457 288 0 
K 1 -7 45 
K 0 0 43 
K 0 -7 45 
K 1 -7 45 
K 0 0 59 
K 0 -21 59 
A D 2 8 
J N 6 860 0 3 5761 576 0 
K 0 0 43 
K 0 0 54 
A D 1 8 
J B 21 893 1 82 6913 288 0 
J N 7 914 -7 4 1 0 0 
K 0 0 43 
K 0 0 60 
K 0 21 60 
A D 2 8 
J N 6 961 28 3 2305 576 0 
K 0 0 43 
K 0 0 54 
A D 1 8 
J N 7 998 56 5 3457 288 0 
K -15 0 65 
K 0 0 43 
K 0 0 59 
K 0 -21 59 
A D 2 8 
J N 6 1049 -7 3 5761 576 0 
K 0 0 43 
K 0 0 54 
A D 1 8 
J B 22 1082 1 82 6913 288 0 
J N 7 1103 -14 7 1 0 0 
K 0 0 45 
K 0 0 43 
K -1 0 45 
K 2 0 45 
K 0 0 60 
K 0 21 60 
A D 2 8 
J N 6 1150 49 3 2305 576 0 
K 0 0 43 
K 0 0 53 
A D 1 8 
J N 7 1187 -21 7 3457 288 0 
K 0 7 45 
K 0 0 43 
K 0 7 45 
K 1 7 45 
K 0 0 60 
K 0 21 60 
A D 2 8 
J N 6 1238 7 4 5761 576 0 
K -15 0 65 
K 0 0 43 
K 0 0 54 
A D 1 8 
J B 23 1271 1 82 6913 288 0 
J N 6 1292 14 2 1 0 2 23 24 
K 0 0 43 
A D 1 8 
J N 6 1333 21 2 1153 288 1 24 
K 0 0 43 
A D 1 8 
J N 6 1364 28 2 2305 288 2 24 23 
K 0 0 43 
A D 1 8 
H 24 B -57 2 108 3 2 1 3 
H 23 S 0 0 0 0 0 0 0 0 0 
J N 6 1395 49 2 3457 288 2 25 26 
K 0 0 43 
A D 1 8 
J N 6 1426 28 2 4609 288 1 26 
K 0 0 43 
A D 1 8 
J N 6 1457 35 2 5761 288 2 26 25 
K 0 0 43 
A D 1 8 
H 26 B 63 0 108 3 2 1 3 
H 25 S 12 0 0 0 0 0 0 0 0 
J B 24 1501 1 82 6913 288 0 
J N 7 1522 28 4 1 0 0 
K 0 0 43 
K 0 0 60 
K 0 21 60 
A D 2 8 
J N 6 1569 7 4 2305 576 0 
K -15 0 65 
K 0 0 43 
K 0 0 54 
A D 1 8 
J N 7 1600 14 5 3457 288 1 27 
K 0 0 43 
K 24 -6 44 
K 0 0 60 
K 0 21 60 
A D 3 8 
J B 25 1680 1 82 6913 864 0 
J N 7 1707 14 4 1 0 1 27 
K 0 0 43 
K 0 0 60 
K 0 21 60 
A D 2 8 
H  27 T 11 -2 2 0 0 0 5 0 
J N 6 1754 7 4 2305 576 0 
K -15 0 65 
K 0 0 43 
K 0 0 54 
A D 1 8 
J N 7 1785 14 5 3457 288 1 28 
K 0 0 43 
K 24 -6 44 
K 0 0 60 
K 0 21 60 
A D 3 8 
J B 26 1865 1 82 6913 864 0 
J N 7 1892 14 4 1 0 1 28 
K 0 0 43 
K 0 0 60 
K 0 21 60 
A D 2 8 
H  28 T 11 -2 2 0 0 0 5 0 
J N 6 1939 7 4 2305 576 0 
K -15 0 65 
K 0 0 43 
K 0 0 54 
A D 1 8 
J N 7 1970 14 5 3457 288 1 29 
K 0 0 43 
K 0 -24 236 
K 0 0 60 
K 0 21 60 
A D 2 8 
J N 6 2017 21 3 5761 576 1 29 
K 0 0 43 
K 0 0 54 
A D 1 8 
H 29 S 0 0 0 0 0 0 0 0 0 
J B 27 2050 1 82 6913 288 0 
E * 
L 160 0 0 313 313 * 0 14 0 
J C 4 5 42 2 6913 0 0 
K 0 0 33 
K 0 0 34 
J K -1 57 0 1 6913 0 0 
K 0 28 65 
J D 0 -11 -14 1 6913 0 0 
W 0 0 0 \01\07 
J N 7 113 14 4 1 0 1 8 
K 0 0 43 
K 0 0 60 
K 0 21 60 
A D 2 8 
J M 0 61 0 0 6913 0 1 8 
H 8 T 14 0 0 0 0 0 5 0 
J N 6 177 42 3 2305 576 0 
K 0 0 43 
K 0 0 53 
A D 1 8 
J N 7 215 21 5 3457 288 1 9 
K 0 0 43 
K 25 0 44 
K 0 0 60 
K 0 21 60 
A D 3 8 
J B 18 298 1 82 6913 864 0 
J N 7 319 21 4 1 0 1 9 
K 0 0 43 
K 0 0 60 
K 0 21 60 
A D 2 8 
H 9 T 21 0 0 0 0 0 1 0 
J N 6 367 49 3 2305 576 0 
K 0 0 43 
K 0 0 53 
A D 1 8 
J N 7 405 28 5 3457 288 1 10 
K 0 0 43 
K 24 -6 44 
K 0 0 59 
K 0 -14 59 
A D 3 8 
J B 19 488 1 82 6913 864 0 
J N 6 509 28 2 1 0 2 11 10 
K 0 0 43 
A D 1 8 
H 10 T 28 0 0 0 0 0 13 0 
J N 6 541 35 2 1153 288 1 11 
K 0 0 43 
A D 1 8 
J N 6 583 28 2 2305 288 1 11 
K 0 0 43 
A D 1 8 
H 11 B 42 0 108 3 2 1 3 
J N 7 615 70 7 3457 288 0 
K 1 0 45 
K 0 0 43 
K -1 0 45 
K 2 0 45 
K 0 0 59 
K 0 -21 59 
A D 2 8 
J N 6 663 35 3 5761 576 0 
K 0 0 43 
K 0 0 53 
A D 1 8 
J B 20 708 1 82 6913 288 0 
J N 7 729 28 5 1 0 0 
K 0 0 43 
K 24 -6 44 
K 0 0 60 
K 0 21 60 
A D 3 8 
J N 7 811 14 5 3457 864 1 12 
K 0 0 43 
K 24 -6 44 
K 0 0 60 
K 0 21 60 
A D 3 8 
J B 21 893 1 82 6913 864 0 
J N 7 914 14 4 1 0 1 12 
K 0 0 43 
K 0 0 60 
K 0 21 60 
A D 2 8 
H  12 T 11 -2 2 0 0 0 5 0 
J N 6 961 42 3 2305 576 0 
K 0 0 43 
K 0 0 53 
A D 1 8 
J N 7 998 21 4 3457 288 0 
K 0 0 43 
K 0 0 60 
K 0 21 60 
A D 2 8 
J N 6 1049 7 4 5761 576 0 
K -15 0 65 
K 0 0 43 
K 0 0 54 
A D 1 8 
J B 22 1082 1 82 6913 288 0 
J N 7 1103 49 5 1 0 0 
K 0 0 43 
K 25 0 44 
K 0 0 59 
K 0 -21 59 
A D 3 8 
J R 7 1187 28 2 3457 864 0 
K 0 0 48 
A D 2 8 
J N 6 1238 -7 3 5761 576 0 
K 0 0 43 
K 0 0 54 
A D 1 8 
J B 23 1271 1 82 6913 288 0 
J N 6 1292 0 2 1 0 2 13 14 
K 0 0 43 
A D 1 8 
J N 6 1333 7 3 1153 288 1 14 
K -15 0 65 
K 0 0 43 
A D 1 8 
J N 6 1364 14 2 2305 288 2 14 13 
K 0 0 43 
A D 1 8 
H 14 B -57 2 108 3 2 1 3 
H 13 S 0 0 0 0 0 0 0 0 -2 
J N 7 1395 21 4 3457 288 0 
K 0 0 43 
K 0 0 60 
K 0 21 60 
A D 2 8 
J N 6 1457 49 3 5761 576 0 
K 0 0 43 
K 0 0 53 
A D 1 8 
J B 24 1501 1 82 6913 288 0 
J N 7 1522 63 5 1 0 0 
K 0 0 43 
K 25 0 44 
K 0 0 59 
K 0 -21 59 
A D 3 8 
J R 7 1600 28 2 3457 864 0 
K 0 0 48 
A D 2 8 
J N 6 1647 28 3 5761 576 0 
K 0 0 43 
K 0 0 54 
A D 1 8 
J B 25 1680 1 82 6913 288 0 
J N 7 1707 35 5 1 0 0 
K 0 0 43 
K 25 0 44 
K 0 0 59 
K 0 -21 59 
A D 3 8 
J R 7 1785 28 2 3457 864 0 
K 0 0 48 
A D 2 8 
J N 6 1832 28 3 5761 576 0 
K 0 0 43 
K 0 0 54 
A D 1 8 
J B 26 1865 1 82 6913 288 0 
J N 7 1892 35 5 1 0 0 
K 0 0 43 
K 25 0 44 
K 0 0 59 
K 0 -21 59 
A D 3 8 
J R 7 1970 28 2 3457 864 0 
K 0 0 48 
A D 2 8 
J N 6 2017 7 4 5761 576 0 
K -15 0 65 
K 0 0 43 
K 0 0 54 
A D 1 8 
J B 27 2050 1 82 6913 288 0 
E * 
L 320 0 0 313 313 * 0 14 0 
J C 22 5 14 36 6913 0 0 
J K -1 57 0 1 6913 0 0 
K 0 42 65 
J D 0 -11 -14 1 6913 0 0 
W 0 0 0 \01\07 
J F 0 113 98 1 1 0 0 
K 0 0 206 
J N 7 113 -28 9 1 0 0 
K 0 14 45 
K 0 0 45 
K -15 0 65 
K 0 0 43 
K -1 0 45 
K 2 0 45 
K 0 0 60 
K 0 28 60 
A D 6 16 
J R 6 215 28 2 3457 864 0 
K 0 0 49 
A D 3 16 
J F 0 254 98 1 5185 432 0 
K 0 0 205 
J N 6 254 -28 8 5185 0 0 
K 0 14 45 
K 0 0 45 
K 0 0 43 
K -1 0 45 
K 2 0 45 
K 0 0 60 
K 0 7 54 
A D 3 16 
J B 18 298 1 82 6913 432 0 
J F 0 319 98 1 1 0 0 
K 0 0 206 
J N 7 319 -21 7 1 0 0 
K 0 7 45 
K 0 0 43 
K 0 7 45 
K 1 7 45 
K 0 0 60 
K 0 21 60 
A D 6 16 
J R 6 405 28 2 3457 864 0 
K 0 0 49 
A D 3 16 
J F 0 444 98 1 5185 432 0 
K 0 0 205 
J N 6 444 -21 7 5185 0 0 
K 0 7 45 
K 0 0 43 
K 0 7 45 
K 1 7 45 
K 0 0 60 
K 0 0 54 
A D 3 16 
J B 19 488 1 82 6913 432 0 
J F 0 509 98 2 1 0 0 
K 0 0 206 
K 0 21 219 
J N 7 509 -14 7 1 0 0 
K 0 0 45 
K 0 0 43 
K -1 0 45 
K 2 0 45 
K 0 0 60 
K 0 21 60 
A D 6 16 
J F 0 615 98 1 3457 864 0 
K 0 0 206 
J N 7 615 14 4 3457 0 0 
K 0 0 43 
K 0 0 60 
K 0 21 60 
A D 6 16 
J B 20 708 1 82 6913 864 0 
J N 7 729 -7 4 1 0 0 
K 0 0 43 
K 0 0 60 
K 0 21 60 
A D 6 16 
J R 6 811 28 2 3457 864 0 
K 0 0 49 
A D 3 16 
J N 6 850 28 3 5185 432 0 
K 0 0 43 
K 0 0 54 
A D 3 16 
J B 21 893 1 82 6913 432 0 
J F 0 914 98 1 1 0 0 
K 0 0 206 
J N 7 914 21 5 1 0 0 
K -15 0 65 
K 0 0 43 
K 0 0 60 
K 0 21 60 
A D 6 16 
J R 6 998 28 2 3457 864 0 
K 0 0 49 
A D 3 16 
J F 0 1036 98 1 5185 432 0 
K 0 0 205 
J N 6 1036 21 3 5185 0 0 
K 0 0 43 
K 0 0 54 
A D 3 16 
J B 22 1082 1 82 6913 432 0 
J F 0 1103 98 2 1 0 0 
K 0 0 203 
K 0 21 201 
J N 7 1103 21 5 1 0 0 
K -15 0 65 
K 0 0 43 
K 0 0 60 
K 0 21 60 
A D 6 16 
J F 0 1187 98 1 3457 864 0 
K 0 0 205 
J N 6 1187 28 2 3457 0 1 4 
K 0 0 43 
A D 3 16 
J N 6 1225 21 2 5185 432 1 4 
K 0 0 43 
A D 3 16 
H 4 B -46 -3 108 2 2 3 
J B 23 1271 1 82 6913 432 0 
J F 0 1292 98 2 1 0 0 
K 0 0 205 
K 0 21 203 
J N 7 1292 14 4 1 0 0 
K 0 0 43 
K 0 0 60 
K 0 21 60 
A D 6 16 
J F 0 1395 98 2 3457 864 0 
K 0 0 204 
K 0 21 202 
J N 7 1395 63 4 3457 0 0 
K 0 0 43 
K 0 0 59 
K 0 -21 59 
A D 6 16 
J B 24 1501 1 82 6913 864 0 
J N 7 1522 42 4 1 0 0 
K 0 0 43 
K 0 0 59 
K 0 -21 59 
A D 6 16 
J R 6 1600 28 2 3457 864 0 
K 0 0 49 
A D 3 16 
J N 6 1638 7 3 5185 432 0 
K 0 0 43 
K 0 0 54 
A D 3 16 
J B 25 1680 1 82 6913 432 0 
J N 7 1707 14 5 1 0 0 
K -18 0 63 
K 0 0 43 
K 0 0 60 
K 0 21 60 
A D 6 16 
J R 6 1785 28 2 3457 864 0 
K 0 0 49 
A D 3 16 
J N 6 1823 7 3 5185 432 0 
K 0 0 43 
K 0 0 54 
A D 3 16 
J B 26 1865 1 82 6913 432 0 
J N 7 1892 14 5 1 0 0 
K -18 0 63 
K 0 0 43 
K 0 0 60 
K 0 21 60 
A D 6 16 
J R 6 1970 28 2 3457 864 0 
K 0 0 49 
A D 3 16 
J F 0 2008 98 1 5185 432 0 
K 0 0 205 
J N 6 2008 14 3 5185 0 0 
K 0 0 43 
K 0 0 54 
A D 3 16 
J B 27 2050 1 82 6913 432 0 
E * 
L 530 0 0 313 313 * 0 14 0 
J C 4 5 42 2 6913 0 0 
K 0 0 33 
K 0 0 34 
J K -1 57 0 1 6913 0 0 
K 0 28 65 
J D 0 -11 -14 1 6913 0 0 
W 0 0 0 \01\07 
J R 9 181 28 2 1 10000 0 
K 0 0 46 
A D 6 8 
J B 18 298 1 82 6913 1728 0 
J R 9 379 28 2 1 10000 0 
K 0 0 46 
A D 6 8 
J B 19 488 1 82 6913 1728 0 
J R 9 584 28 2 1 10000 0 
K 0 0 46 
A D 6 8 
J B 20 708 1 82 6913 1728 0 
J R 7 729 28 2 1 0 0 
K 0 0 48 
A D 2 8 
J R 6 777 28 2 2305 576 0 
K 0 0 49 
A D 1 8 
J R 7 811 28 2 3457 288 0 
K 0 0 48 
A D 2 8 
J N 6 860 0 3 5761 576 0 
K 0 0 43 
K 0 0 54 
A D 1 8 
J B 21 893 1 82 6913 288 0 
J N 7 914 -7 4 1 0 0 
K 0 0 43 
K 0 0 60 
K 0 21 60 
A D 2 8 
J N 6 961 28 3 2305 576 0 
K 0 0 43 
K 0 0 54 
A D 1 8 
J N 7 998 56 5 3457 288 0 
K -15 0 65 
K 0 0 43 
K 0 0 59 
K 0 -21 59 
A D 2 8 
J N 6 1049 -7 3 5761 576 0 
K 0 0 43 
K 0 0 54 
A D 1 8 
J B 22 1082 1 82 6913 288 0 
J N 7 1103 -14 7 1 0 0 
K 0 0 45 
K 0 0 43 
K -1 0 45 
K 2 0 45 
K 0 0 60 
K 0 21 60 
A D 2 8 
J N 6 1150 49 3 2305 576 0 
K 0 0 43 
K 0 0 53 
A D 1 8 
J N 7 1187 -21 7 3457 288 0 
K 0 7 45 
K 0 0 43 
K 0 7 45 
K 1 7 45 
K 0 0 60 
K 0 21 60 
A D 2 8 
J N 6 1238 7 4 5761 576 0 
K -15 0 65 
K 0 0 43 
K 0 0 54 
A D 1 8 
J B 23 1271 1 82 6913 288 0 
J N 6 1292 14 2 1 0 2 11 12 
K 0 0 43 
A D 1 8 
J N 6 1333 21 2 1153 288 1 12 
K 0 0 43 
A D 1 8 
J N 6 1364 28 2 2305 288 2 12 11 
K 0 0 43 
A D 1 8 
H 12 B -57 2 108 3 2 1 3 
H 11 S 0 0 0 0 0 0 0 0 0 
J N 6 1395 49 2 3457 288 2 13 14 
K 0 0 43 
A D 1 8 
J N 6 1426 28 2 4609 288 1 14 
K 0 0 43 
A D 1 8 
J N 6 1457 35 2 5761 288 2 14 13 
K 0 0 43 
A D 1 8 
H 14 B 63 0 108 3 2 1 3 
H 13 S 12 0 0 0 0 0 0 0 0 
J B 24 1501 1 82 6913 288 0 
J N 7 1522 28 5 1 0 0 
K 0 0 43 
K 24 -6 44 
K 0 0 60 
K 0 21 60 
A D 3 8 
J R 7 1600 28 2 3457 864 0 
K 0 0 48 
A D 2 8 
J R 6 1647 28 2 5761 576 0 
K 0 0 49 
A D 1 8 
J B 25 1680 1 82 6913 288 0 
J R 9 1758 28 2 1 10000 0 
K 0 0 46 
A D 6 8 
J B 26 1865 1 82 6913 1728 0 
J R 7 1892 28 2 1 0 0 
K 0 0 48 
A D 2 8 
J R 6 1939 28 2 2305 576 0 
K 0 0 49 
A D 1 8 
J R 7 1970 28 2 3457 288 0 
K 0 0 48 
A D 2 8 
J N 6 2017 21 3 5761 576 0 
K 0 0 43 
K 0 0 54 
A D 1 8 
J B 27 2050 1 82 6913 288 0 
E * 
L 690 0 0 313 313 * 0 14 0 
J C 4 5 42 2 6913 0 0 
K 0 0 33 
K 0 0 34 
J K -1 57 0 1 6913 0 0 
K 0 28 65 
J D 0 -11 -14 1 6913 0 0 
W 0 0 0 \01\07 
J R 9 181 28 2 1 10000 0 
K 0 0 46 
A D 6 8 
J B 18 298 1 82 6913 1728 0 
J R 9 379 28 2 1 10000 0 
K 0 0 46 
A D 6 8 
J B 19 488 1 82 6913 1728 0 
J R 9 584 28 2 1 10000 0 
K 0 0 46 
A D 6 8 
J B 20 708 1 82 6913 1728 0 
J R 7 729 28 2 1 0 0 
K 0 0 48 
A D 2 8 
J R 6 777 28 2 2305 576 0 
K 0 0 49 
A D 1 8 
J N 7 811 14 5 3457 288 1 4 
K 0 0 43 
K 24 -6 44 
K 0 0 60 
K 0 21 60 
A D 3 8 
J B 21 893 1 82 6913 864 0 
J N 7 914 14 4 1 0 1 4 
K 0 0 43 
K 0 0 60 
K 0 21 60 
A D 2 8 
H  4 T 11 -2 2 0 0 0 5 0 
J N 6 961 42 3 2305 576 0 
K 0 0 43 
K 0 0 53 
A D 1 8 
J N 7 998 21 4 3457 288 0 
K 0 0 43 
K 0 0 60 
K 0 21 60 
A D 2 8 
J N 6 1049 7 4 5761 576 0 
K -15 0 65 
K 0 0 43 
K 0 0 54 
A D 1 8 
J B 22 1082 1 82 6913 288 0 
J N 7 1103 49 5 1 0 0 
K 0 0 43 
K 25 0 44 
K 0 0 59 
K 0 -21 59 
A D 3 8 
J R 7 1187 28 2 3457 864 0 
K 0 0 48 
A D 2 8 
J N 6 1238 -7 3 5761 576 0 
K 0 0 43 
K 0 0 54 
A D 1 8 
J B 23 1271 1 82 6913 288 0 
J N 6 1292 0 2 1 0 2 5 6 
K 0 0 43 
A D 1 8 
J N 6 1333 7 3 1153 288 1 6 
K -15 0 65 
K 0 0 43 
A D 1 8 
J N 6 1364 14 2 2305 288 2 6 5 
K 0 0 43 
A D 1 8 
H 6 B -57 2 108 3 2 1 3 
H 5 S 0 0 0 0 0 0 0 0 -2 
J N 7 1395 21 4 3457 288 0 
K 0 0 43 
K 0 0 60 
K 0 21 60 
A D 2 8 
J N 6 1457 49 3 5761 576 0 
K 0 0 43 
K 0 0 53 
A D 1 8 
J B 24 1501 1 82 6913 288 0 
J N 7 1522 63 5 1 0 0 
K 0 0 43 
K 25 0 44 
K 0 0 59 
K 0 -21 59 
A D 3 8 
J R 7 1600 28 2 3457 864 0 
K 0 0 48 
A D 2 8 
J R 6 1647 28 2 5761 576 0 
K 0 0 49 
A D 1 8 
J B 25 1680 1 82 6913 288 0 
J R 9 1758 28 2 1 10000 0 
K 0 0 46 
A D 6 8 
J B 26 1865 1 82 6913 1728 0 
J R 7 1892 28 2 1 0 0 
K 0 0 48 
A D 2 8 
J R 6 1939 28 2 2305 576 0 
K 0 0 49 
A D 1 8 
J R 7 1970 28 2 3457 288 0 
K 0 0 48 
A D 2 8 
J N 6 2017 7 4 5761 576 0 
K -15 0 65 
K 0 0 43 
K 0 0 54 
A D 1 8 
J B 27 2050 1 82 6913 288 0 
E * 
L 850 0 0 313 313 * 0 14 0 
J C 13 5 28 35 6913 0 0 
J K -1 57 0 1 6913 0 0 
K 0 35 65 
J D 0 -11 -14 1 6913 0 0 
W 0 0 0 \01\07 
J R 9 181 28 2 1 10000 0 
K 0 0 46 
A D 6 8 
J B 18 298 1 82 6913 1728 0 
J R 9 379 28 2 1 10000 0 
K 0 0 46 
A D 6 8 
J B 19 488 1 82 6913 1728 0 
J R 9 584 28 2 1 10000 0 
K 0 0 46 
A D 6 8 
J B 20 708 1 82 6913 1728 0 
J R 7 729 28 2 1 0 0 
K 0 0 48 
A D 2 8 
J R 6 777 28 2 2305 576 0 
K 0 0 49 
A D 1 8 
J R 7 811 28 2 3457 288 0 
K 0 0 48 
A D 2 8 
J N 6 860 -14 6 5761 576 0 
K 0 0 45 
K 0 0 43 
K -1 0 45 
K 2 0 45 
K 0 0 54 
A D 1 8 
J B 21 893 1 82 6913 288 0 
J N 7 914 -14 8 1 0 0 
K 0 0 45 
K 0 0 43 
K -1 0 45 
K 2 0 45 
K 24 -6 44 
K 0 0 60 
K 0 21 60 
A D 3 8 
J R 7 998 28 2 3457 864 0 
K 0 0 48 
A D 2 8 
J N 6 1049 0 3 5761 576 0 
K 0 0 43 
K 0 0 54 
A D 1 8 
J B 22 1082 1 82 6913 288 0 
J N 7 1103 -21 8 1 0 0 
K 0 7 45 
K 0 0 43 
K 0 7 45 
K 1 7 45 
K 25 0 44 
K 0 0 60 
K 0 21 60 
A D 3 8 
J R 7 1187 28 2 3457 864 0 
K 0 0 48 
A D 2 8 
J N 6 1238 -14 6 5761 576 0 
K 0 0 45 
K 0 0 43 
K -1 0 45 
K 2 0 45 
K 0 0 54 
A D 1 8 
J B 23 1271 1 82 6913 288 0 
J N 7 1292 -14 8 1 0 0 
K 0 0 45 
K 0 0 43 
K -1 0 45 
K 2 0 45 
K 24 -6 44 
K 0 0 60 
K 0 21 60 
A D 3 8 
J N 6 1395 -7 2 3457 864 2 3 4 
K 0 0 43 
A D 1 8 
J N 6 1426 -14 5 4609 288 1 4 
K 0 0 45 
K 0 0 43 
K -1 0 45 
K 2 0 45 
A D 1 8 
J N 6 1457 -21 5 5761 288 2 4 3 
K 0 7 45 
K 0 0 43 
K 0 7 45 
K 1 7 45 
A D 1 8 
H 4 B -42 -2 108 3 2 1 3 
H 3 S 0 0 0 0 0 0 0 0 0 
J B 24 1501 1 82 6913 288 0 
J N 7 1522 -14 8 1 0 0 
K 0 0 45 
K 0 0 43 
K -1 0 45 
K 2 0 45 
K 24 -6 44 
K 0 0 60 
K 0 21 60 
A D 3 8 
J R 7 1600 28 2 3457 864 0 
K 0 0 48 
A D 2 8 
J R 6 1647 28 2 5761 576 0 
K 0 0 49 
A D 1 8 
J B 25 1680 1 82 6913 288 0 
J R 9 1758 28 2 1 10000 0 
K 0 0 46 
A D 6 8 
J B 26 1865 1 82 6913 1728 0 
J R 7 1892 28 2 1 0 0 
K 0 0 48 
A D 2 8 
J R 6 1939 28 2 2305 576 0 
K 0 0 49 
A D 1 8 
J R 7 1970 28 2 3457 288 0 
K 0 0 48 
A D 2 8 
J N 6 2017 21 3 5761 576 0 
K 0 0 43 
K 0 0 54 
A D 1 8 
J B 27 2050 1 82 6913 288 0 
E * 
L 1010 0 0 313 313 * 0 14 0 
J C 22 5 14 36 6913 0 0 
J K -1 57 0 1 6913 0 0 
K 0 42 65 
J D 0 -11 -14 1 6913 0 0 
W 0 0 0 \01\07 
J R 9 181 28 2 1 10000 0 
K 0 0 46 
A D 12 16 
J B 18 298 1 82 6913 1728 0 
J R 9 379 28 2 1 10000 0 
K 0 0 46 
A D 12 16 
J B 19 488 1 82 6913 1728 0 
J R 9 584 28 2 1 10000 0 
K 0 0 46 
A D 12 16 
J B 20 708 1 82 6913 1728 0 
J R 7 729 28 2 1 0 0 
K 0 0 48 
A D 6 16 
J R 6 811 28 2 3457 864 0 
K 0 0 49 
A D 3 16 
J N 6 850 28 3 5185 432 0 
K 0 0 43 
K 0 0 54 
A D 3 16 
J B 21 893 1 82 6913 432 0 
J F 0 914 98 1 1 0 0 
K 0 0 206 
J N 7 914 21 5 1 0 0 
K -15 0 65 
K 0 0 43 
K 0 0 60 
K 0 21 60 
A D 6 16 
J R 6 998 28 2 3457 864 0 
K 0 0 49 
A D 3 16 
J F 0 1036 98 1 5185 432 0 
K 0 0 205 
J N 6 1036 21 3 5185 0 0 
K 0 0 43 
K 0 0 54 
A D 3 16 
J B 22 1082 1 82 6913 432 0 
J F 0 1103 98 2 1 0 0 
K 0 0 203 
K 0 21 201 
J N 7 1103 21 5 1 0 0 
K -15 0 65 
K 0 0 43 
K 0 0 60 
K 0 21 60 
A D 6 16 
J F 0 1187 98 1 3457 864 0 
K 0 0 205 
J N 6 1187 28 2 3457 0 1 3 
K 0 0 43 
A D 3 16 
J N 6 1225 21 2 5185 432 1 3 
K 0 0 43 
A D 3 16 
H 3 B -46 -3 108 2 2 3 
J B 23 1271 1 82 6913 432 0 
J F 0 1292 98 2 1 0 0 
K 0 0 205 
K 0 21 203 
J N 7 1292 14 4 1 0 0 
K 0 0 43 
K 0 0 60 
K 0 21 60 
A D 6 16 
J F 0 1395 98 2 3457 864 0 
K 0 0 204 
K 0 21 202 
J N 7 1395 63 4 3457 0 0 
K 0 0 43 
K 0 0 59 
K 0 -21 59 
A D 6 16 
J B 24 1501 1 82 6913 864 0 
J N 7 1522 42 4 1 0 0 
K 0 0 43 
K 0 0 59 
K 0 -21 59 
A D 6 16 
J R 7 1600 28 2 3457 864 0 
K 0 0 48 
A D 6 16 
J B 25 1680 1 82 6913 864 0 
J R 9 1758 28 2 1 10000 0 
K 0 0 46 
A D 12 16 
J B 26 1865 1 82 6913 1728 0 
J R 7 1892 28 2 1 0 0 
K 0 0 48 
A D 6 16 
J R 6 1970 28 2 3457 864 0 
K 0 0 49 
A D 3 16 
J F 0 2008 98 1 5185 432 0 
K 0 0 205 
J N 6 2008 14 4 5185 0 0 
K -18 0 63 
K 0 0 43 
K 0 0 54 
A D 3 16 
J B 27 2050 1 82 6913 432 0 
E * 
B 1 298 0 
B 1 488 0 
B 1 708 0 
B 1 893 0 
B 1 1082 0 
B 1 1271 0 
B 1 1501 0 
B 1 1680 0 
B 1 1865 0 
B 1 2050 0 
S 0 200 1510 2050 1066 7 "[...][....]" 
L 0 0 0 313 313 * 0 14 0 
J C 4 5 42 2 6913 0 0 
K 0 0 33 
K 0 0 34 
J K -1 57 0 1 6913 0 0 
K 0 28 65 
J D 0 -11 -14 1 6913 0 0 
W 0 0 37 \02\07 
J N 6 113 28 2 1 0 2 30 31 
K 0 0 43 
A D 1 8 
J N 6 151 35 2 1153 288 1 31 
K 0 0 43 
A D 1 8 
J N 6 199 42 2 2305 288 2 31 30 
K 0 0 43 
A D 1 8 
H 31 B 48 2 108 3 2 1 3 
H 30 S 12 0 0 0 0 0 0 0 0 
J N 6 237 63 2 3457 288 2 32 33 
K 0 0 43 
A D 1 8 
J N 6 275 42 2 4609 288 1 33 
K 0 0 43 
A D 1 8 
J N 6 338 49 3 5761 288 2 33 32 
K -18 0 63 
K 0 0 43 
A D 1 8 
H 33 B 67 0 108 3 2 1 3 
H 32 S 12 0 0 0 0 0 0 0 0 
J B 28 379 1 82 6913 288 0 
J N 7 400 42 4 1 0 0 
K 0 0 43 
K 0 0 59 
K 0 -21 59 
A D 2 8 
J N 6 452 -14 7 2305 576 0 
K 0 0 45 
K -15 0 65 
K 0 0 43 
K -1 0 45 
K 2 0 45 
K 0 0 54 
A D 1 8 
J N 7 490 -7 5 3457 288 1 34 
K 0 0 43 
K 25 0 44 
K 0 0 60 
K 0 21 60 
A D 3 8 
J B 29 595 1 82 6913 864 0 
J N 7 620 -7 4 1 0 1 34 
K 0 0 43 
K 0 0 60 
K 0 21 60 
A D 2 8 
H 34 T -7 0 0 0 0 0 1 0 
J N 6 672 -14 7 2305 576 0 
K 0 0 45 
K -15 0 65 
K 0 0 43 
K -1 0 45 
K 2 0 45 
K 0 0 54 
A D 1 8 
J N 7 710 -7 5 3457 288 1 35 
K 0 0 43 
K 25 0 44 
K 0 0 60 
K 0 21 60 
A D 3 8 
J B 30 803 1 82 6913 864 0 
J N 7 828 -7 4 1 0 1 35 
K 0 0 43 
K 0 0 60 
K 0 21 60 
A D 2 8 
H 35 T -7 0 0 0 0 0 1 0 
J N 6 880 -14 7 2305 576 0 
K 0 0 45 
K -15 0 65 
K 0 0 43 
K -1 0 45 
K 2 0 45 
K 0 0 54 
A D 1 8 
J N 7 918 -7 5 3457 288 1 36 
K 0 0 43 
K 0 -22 236 
K 0 0 60 
K 0 21 60 
A D 2 8 
J N 6 978 0 3 5761 576 1 36 
K 0 0 43 
K 0 0 54 
A D 1 8 
H 36 S 0 0 0 0 0 0 0 0 0 
J B 31 1019 1 82 6913 288 0 
J N 6 1044 7 3 1 0 2 37 38 
K -15 0 65 
K 0 0 43 
A D 1 8 
J N 6 1082 14 2 1153 288 1 38 
K 0 0 43 
A D 1 8 
J N 6 1142 21 2 2305 288 2 38 37 
K 0 0 43 
A D 1 8 
H 38 B -52 1 108 3 2 1 3 
H 37 S 0 0 0 0 0 0 0 0 0 
J N 6 1179 42 2 3457 288 2 39 40 
K 0 0 43 
A D 1 8 
J N 6 1216 21 2 4609 288 1 40 
K 0 0 43 
A D 1 8 
J N 6 1273 28 3 5761 288 2 40 39 
K -14 0 64 
K 0 0 43 
A D 1 8 
H 40 B -42 -2 108 3 2 1 3 
H 39 S 0 0 -7 0 -7 0 0 0 0 
J B 32 1313 1 82 6913 288 0 
J N 7 1334 21 5 1 0 0 
K 0 0 43 
K 25 0 44 
K 0 0 60 
K 0 21 60 
A D 3 8 
J R 7 1433 28 2 3457 864 0 
K 0 0 48 
A D 2 8 
J N 6 1491 -7 3 5761 576 0 
K 0 0 43 
K 0 0 54 
A D 1 8 
J B 33 1542 1 82 6913 288 0 
J N 6 1567 7 3 1 0 2 41 42 
K -15 0 65 
K 0 0 43 
A D 1 8 
J N 6 1604 14 2 1153 288 1 42 
K 0 0 43 
A D 1 8 
J N 6 1650 21 2 2305 288 2 42 41 
K 0 0 43 
A D 1 8 
H 42 B -51 2 108 3 2 1 3 
H 41 S 1 0 0 0 0 0 0 0 0 
J R 7 1687 28 2 3457 288 0 
K 0 0 48 
A D 2 8 
J N 6 1745 -7 3 5761 576 0 
K 0 0 43 
K 0 0 54 
A D 1 8 
J B 34 1796 1 82 6913 288 0 
J N 6 1821 7 3 1 0 2 43 44 
K -15 0 65 
K 0 0 43 
A D 1 8 
J N 6 1858 14 2 1153 288 1 44 
K 0 0 43 
A D 1 8 
J N 6 1904 21 2 2305 288 2 44 43 
K 0 0 43 
A D 1 8 
H 44 B -51 2 108 3 2 1 3 
H 43 S 0 0 0 0 0 0 0 0 0 
J R 7 1941 28 2 3457 288 0 
K 0 0 48 
A D 2 8 
J N 6 1999 -7 3 5761 576 0 
K 0 0 43 
K 0 0 54 
A D 1 8 
J B 35 2050 1 82 6913 288 0 
E * 
L 160 0 0 313 313 * 0 14 0 
J C 4 5 42 2 6913 0 0 
K 0 0 33 
K 0 0 34 
J K -1 57 0 1 6913 0 0 
K 0 28 65 
J D 0 -11 -14 1 6913 0 0 
W 0 0 0 \02\07 
J N 6 113 14 2 1 0 2 15 16 
K 0 0 43 
A D 1 8 
J N 6 151 21 2 1153 288 1 16 
K 0 0 43 
A D 1 8 
J N 6 199 28 2 2305 288 2 16 15 
K 0 0 43 
A D 1 8 
H 16 B -56 2 108 3 2 1 3 
H 15 S 0 0 0 0 0 0 0 0 0 
J N 7 237 35 5 3457 288 0 
K 0 0 43 
K 25 0 44 
K 0 0 59 
K 0 -21 59 
A D 3 8 
J B 28 379 1 82 6913 864 0 
J N 7 400 42 5 1 0 0 
K 0 0 43 
K 24 -6 44 
K 0 0 59 
K 0 -21 59 
A D 3 8 
J R 7 490 28 2 3457 864 0 
K 0 0 48 
A D 2 8 
J N 6 554 7 4 5761 576 0 
K -15 0 65 
K 0 0 43 
K 0 0 54 
A D 1 8 
J B 29 595 1 82 6913 288 0 
J N 7 620 14 5 1 0 0 
K 0 0 43 
K 24 -6 44 
K 0 0 60 
K 0 21 60 
A D 3 8 
J R 7 710 28 2 3457 864 0 
K 0 0 48 
A D 2 8 
J N 6 762 7 4 5761 576 0 
K -15 0 65 
K 0 0 43 
K 0 0 54 
A D 1 8 
J B 30 803 1 82 6913 288 0 
J N 7 828 14 5 1 0 0 
K 0 0 43 
K 24 -6 44 
K 0 0 60 
K 0 21 60 
A D 3 8 
J R 7 918 28 2 3457 864 0 
K 0 0 48 
A D 2 8 
J N 6 978 -14 7 5761 576 0 
K 0 0 45 
K -15 0 65 
K 0 0 43 
K -1 0 45 
K 2 0 45 
K 0 0 54 
A D 1 8 
J B 31 1019 1 82 6913 288 0 
J N 6 1044 -7 2 1 0 2 17 18 
K 0 0 43 
A D 1 8 
J N 6 1082 0 2 1153 288 1 18 
K 0 0 43 
A D 1 8 
J N 6 1142 7 3 2305 288 2 18 17 
K -15 0 65 
K 0 0 43 
A D 1 8 
H 18 B -52 1 108 3 2 1 3 
H 17 S 0 0 0 0 0 0 0 0 -2 
J N 7 1179 14 5 3457 288 0 
K 0 0 43 
K 24 -6 44 
K 0 0 60 
K 0 21 60 
A D 3 8 
J B 32 1313 1 82 6913 864 0 
J N 7 1334 21 4 1 0 0 
K 0 0 43 
K 0 0 60 
K 0 21 60 
A D 2 8 
J N 6 1396 7 4 2305 576 0 
K -15 0 65 
K 0 0 43 
K 0 0 54 
A D 1 8 
J N 7 1433 14 4 3457 288 0 
K 0 0 43 
K 0 0 60 
K 0 21 60 
A D 2 8 
J N 6 1491 42 3 5761 576 0 
K 0 0 43 
K 0 0 53 
A D 1 8 
J B 33 1542 1 82 6913 288 0 
J R 7 1567 28 2 1 0 0 
K 0 0 48 
A D 2 8 
J N 6 1650 7 4 2305 576 0 
K -15 0 65 
K 0 0 43 
K 0 0 54 
A D 1 8 
J N 7 1687 14 4 3457 288 0 
K 0 0 43 
K 0 0 60 
K 0 21 60 
A D 2 8 
J N 6 1745 42 3 5761 576 0 
K 0 0 43 
K 0 0 53 
A D 1 8 
J B 34 1796 1 82 6913 288 0 
J R 7 1821 28 2 1 0 0 
K 0 0 48 
A D 2 8 
J N 6 1904 7 4 2305 576 0 
K -15 0 65 
K 0 0 43 
K 0 0 54 
A D 1 8 
J N 7 1941 14 4 3457 288 0 
K 0 0 43 
K 0 0 60 
K 0 21 60 
A D 2 8 
J N 6 1999 42 3 5761 576 0 
K 0 0 43 
K 0 0 53 
A D 1 8 
J B 35 2050 1 82 6913 288 0 
E * 
L 320 0 0 313 313 * 0 14 0 
J C 22 5 14 36 6913 0 0 
J K -1 57 0 1 6913 0 0 
K 0 42 65 
J D 0 -11 -14 1 6913 0 0 
W 0 0 0 \02\07 
J N 6 113 7 2 1 0 1 5 
K 0 0 43 
A D 3 16 
J N 6 173 35 2 1729 432 1 5 
K 0 0 43 
A D 3 16 
J F 0 237 98 1 3457 432 0 
K 0 0 203 
J N 6 237 28 2 3457 0 1 5 
K 0 0 43 
A D 3 16 
J F 0 305 108 1 5185 432 0 
K 0 0 213 
J N 6 305 77 5 5185 0 1 5 
K 1 -7 45 
K 0 0 43 
K 0 -7 45 
K 1 -7 45 
A D 3 16 
H 5 B 42 4 108 4 2 1 1 3 
J B 28 379 1 82 6913 432 0 
J N 7 400 56 4 1 0 0 
K 0 0 43 
K 0 0 59 
K 0 -21 59 
A D 6 16 
J R 6 490 28 2 3457 864 0 
K 0 0 49 
A D 3 16 
J F 0 533 98 1 5185 432 0 
K 0 0 219 
J N 6 533 -14 6 5185 0 0 
K 0 0 45 
K 0 0 43 
K -1 0 45 
K 2 0 45 
K 0 0 54 
A D 3 16 
J B 29 595 1 82 6913 432 0 
J N 7 620 -7 5 1 0 0 
K -14 0 64 
K 0 0 43 
K 0 0 60 
K 0 21 60 
A D 6 16 
J N 7 710 -14 7 3457 864 0 
K 0 0 45 
K 0 0 43 
K -1 0 45 
K 2 0 45 
K 0 0 60 
K 0 21 60 
A D 6 16 
J B 30 803 1 82 6913 864 0 
J N 7 828 -7 5 1 0 0 
K -14 0 64 
K 0 0 43 
K 0 0 60 
K 0 21 60 
A D 6 16 
J R 6 918 28 2 3457 864 0 
K 0 0 49 
A D 3 16 
J F 0 961 98 1 5185 432 0 
K 0 0 205 
J N 6 961 -7 3 5185 0 0 
K 0 0 43 
K 0 0 54 
A D 3 16 
J B 31 1019 1 82 6913 432 0 
J F 0 1044 98 1 1 0 0 
K 0 0 219 
J N 6 1044 -14 5 1 0 1 6 
K 0 0 45 
K 0 0 43 
K -1 0 45 
K 2 0 45 
A D 3 16 
J N 6 1104 14 2 1729 432 1 6 
K 0 0 43 
A D 3 16 
J F 0 1179 115 1 3457 432 0 
K 0 0 203 
J N 6 1179 7 2 3457 0 1 6 
K 0 0 43 
A D 3 16 
J F 0 1243 122 1 5185 432 0 
K 0 0 218 
J N 6 1243 56 2 5185 0 1 6 
K 0 0 43 
A D 3 16 
H 6 B -86 4 108 4 2 1 1 3 
J B 32 1313 1 82 6913 432 0 
J N 6 1334 35 2 1 0 1 7 
K 0 0 43 
A D 3 16 
J F 0 1376 98 1 1729 432 0 
K 0 0 219 
J N 6 1376 -14 5 1729 0 1 7 
K 0 0 45 
K 0 0 43 
K -1 0 45 
K 2 0 45 
A D 3 16 
J N 6 1433 -7 3 3457 432 1 7 
K -14 0 64 
K 0 0 43 
A D 3 16 
J N 6 1475 7 2 5185 432 1 7 
K 0 0 43 
A D 3 16 
H 7 B -42 -3 108 4 2 1 1 3 
J B 33 1542 1 82 6913 432 0 
J R 6 1567 28 2 1 0 0 
K 0 0 49 
A D 3 16 
J F 0 1625 98 1 1729 432 0 
K 0 0 219 
J N 6 1625 -14 5 1729 0 1 8 
K 0 0 45 
K 0 0 43 
K -1 0 45 
K 2 0 45 
A D 3 16 
J N 6 1687 -7 3 3457 432 1 8 
K -14 0 64 
K 0 0 43 
A D 3 16 
J N 6 1729 7 2 5185 432 1 8 
K 0 0 43 
A D 3 16 
H 8 B -60 4 108 3 2 1 3 
J B 34 1796 1 82 6913 432 0 
J R 6 1821 28 2 1 0 0 
K 0 0 49 
A D 3 16 
J F 0 1879 98 1 1729 432 0 
K 0 0 219 
J N 6 1879 -14 5 1729 0 1 9 
K 0 0 45 
K 0 0 43 
K -1 0 45 
K 2 0 45 
A D 3 16 
J N 6 1941 -7 3 3457 432 1 9 
K -14 0 64 
K 0 0 43 
A D 3 16 
J N 6 1983 7 2 5185 432 1 9 
K 0 0 43 
A D 3 16 
H 9 B -60 4 108 3 2 1 3 
J B 35 2050 1 82 6913 432 0 
E * 
L 530 0 0 313 313 * 0 14 0 
J C 4 5 42 2 6913 0 0 
K 0 0 33 
K 0 0 34 
J K -1 57 0 1 6913 0 0 
K 0 28 65 
J D 0 -11 -14 1 6913 0 0 
W 0 0 0 \02\07 
J N 6 113 28 2 1 0 2 15 16 
K 0 0 43 
A D 1 8 
J N 6 151 35 2 1153 288 1 16 
K 0 0 43 
A D 1 8 
J N 6 199 42 2 2305 288 2 16 15 
K 0 0 43 
A D 1 8 
H 16 B 48 2 108 3 2 1 3 
H 15 S 12 0 0 0 0 0 0 0 0 
J N 6 237 63 2 3457 288 2 17 18 
K 0 0 43 
A D 1 8 
J N 6 275 42 2 4609 288 1 18 
K 0 0 43 
A D 1 8 
J N 6 338 49 3 5761 288 2 18 17 
K -18 0 63 
K 0 0 43 
A D 1 8 
H 18 B 67 0 108 3 2 1 3 
H 17 S 12 0 0 0 0 0 0 0 0 
J B 28 379 1 82 6913 288 0 
J N 7 400 42 5 1 0 0 
K 0 0 43 
K 24 -6 44 
K 0 0 59 
K 0 -21 59 
A D 3 8 
J R 7 490 28 2 3457 864 0 
K 0 0 48 
A D 2 8 
J R 6 554 28 2 5761 576 0 
K 0 0 49 
A D 1 8 
J B 29 595 1 82 6913 288 0 
J R 9 685 28 2 1 10000 0 
K 0 0 46 
A D 6 8 
J B 30 803 1 82 6913 1728 0 
J R 7 828 28 2 1 0 0 
K 0 0 48 
A D 2 8 
J R 6 880 28 2 2305 576 0 
K 0 0 49 
A D 1 8 
J R 7 918 28 2 3457 288 0 
K 0 0 48 
A D 2 8 
J N 6 978 0 3 5761 576 0 
K 0 0 43 
K 0 0 54 
A D 1 8 
J B 31 1019 1 82 6913 288 0 
J N 6 1044 7 3 1 0 2 19 20 
K -15 0 65 
K 0 0 43 
A D 1 8 
J N 6 1082 14 2 1153 288 1 20 
K 0 0 43 
A D 1 8 
J N 6 1142 21 2 2305 288 2 20 19 
K 0 0 43 
A D 1 8 
H 20 B -52 1 108 3 2 1 3 
H 19 S 0 0 0 0 0 0 0 0 0 
J N 6 1179 42 2 3457 288 2 21 22 
K 0 0 43 
A D 1 8 
J N 6 1216 21 2 4609 288 1 22 
K 0 0 43 
A D 1 8 
J N 6 1273 28 3 5761 288 2 22 21 
K -14 0 64 
K 0 0 43 
A D 1 8 
H 22 B 63 0 108 3 2 1 3 
H 21 S 12 0 0 0 0 0 0 0 0 
J B 32 1313 1 82 6913 288 0 
J N 7 1334 21 5 1 0 0 
K 0 0 43 
K 25 0 44 
K 0 0 60 
K 0 21 60 
A D 3 8 
J R 7 1433 28 2 3457 864 0 
K 0 0 48 
A D 2 8 
J R 6 1491 28 2 5761 576 0 
K 0 0 49 
A D 1 8 
J B 33 1542 1 82 6913 288 0 
J R 9 1655 28 2 1 10000 0 
K 0 0 46 
A D 6 8 
J B 34 1796 1 82 6913 1728 0 
J R 7 1821 28 2 1 0 0 
K 0 0 48 
A D 2 8 
J R 6 1904 28 2 2305 576 0 
K 0 0 49 
A D 1 8 
J R 7 1941 28 2 3457 288 0 
K 0 0 48 
A D 2 8 
J N 6 1999 -7 3 5761 576 0 
K 0 0 43 
K 0 0 54 
A D 1 8 
J B 35 2050 1 82 6913 288 0 
E * 
L 690 0 0 313 313 * 0 14 0 
J C 4 5 42 2 6913 0 0 
K 0 0 33 
K 0 0 34 
J K -1 57 0 1 6913 0 0 
K 0 28 65 
J D 0 -11 -14 1 6913 0 0 
W 0 0 0 \02\07 
J N 6 113 14 2 1 0 2 7 8 
K 0 0 43 
A D 1 8 
J N 6 151 21 2 1153 288 1 8 
K 0 0 43 
A D 1 8 
J N 6 199 28 2 2305 288 2 8 7 
K 0 0 43 
A D 1 8 
H 8 B -56 2 108 3 2 1 3 
H 7 S 0 0 0 0 0 0 0 0 0 
J N 7 237 35 5 3457 288 0 
K 0 0 43 
K 25 0 44 
K 0 0 59 
K 0 -21 59 
A D 3 8 
J B 28 379 1 82 6913 864 0 
J N 7 400 42 5 1 0 0 
K 0 0 43 
K 24 -6 44 
K 0 0 59 
K 0 -21 59 
A D 3 8 
J R 7 490 28 2 3457 864 0 
K 0 0 48 
A D 2 8 
J R 6 554 28 2 5761 576 0 
K 0 0 49 
A D 1 8 
J B 29 595 1 82 6913 288 0 
J R 9 685 28 2 1 10000 0 
K 0 0 46 
A D 6 8 
J B 30 803 1 82 6913 1728 0 
J R 7 828 28 2 1 0 0 
K 0 0 48 
A D 2 8 
J R 6 880 28 2 2305 576 0 
K 0 0 49 
A D 1 8 
J R 7 918 28 2 3457 288 0 
K 0 0 48 
A D 2 8 
J N 6 978 -14 7 5761 576 0 
K 0 0 45 
K -15 0 65 
K 0 0 43 
K -1 0 45 
K 2 0 45 
K 0 0 54 
A D 1 8 
J B 31 1019 1 82 6913 288 0 
J N 6 1044 -7 2 1 0 2 9 10 
K 0 0 43 
A D 1 8 
J N 6 1082 0 2 1153 288 1 10 
K 0 0 43 
A D 1 8 
J N 6 1142 7 3 2305 288 2 10 9 
K -15 0 65 
K 0 0 43 
A D 1 8 
H 10 B -52 1 108 3 2 1 3 
H 9 S 0 0 0 0 0 0 0 0 -2 
J N 7 1179 14 5 3457 288 0 
K 0 0 43 
K 24 -6 44 
K 0 0 60 
K 0 21 60 
A D 3 8 
J B 32 1313 1 82 6913 864 0 
J N 7 1334 21 5 1 0 0 
K 0 0 43 
K 25 0 44 
K 0 0 60 
K 0 21 60 
A D 3 8 
J R 7 1433 28 2 3457 864 0 
K 0 0 48 
A D 2 8 
J R 6 1491 28 2 5761 576 0 
K 0 0 49 
A D 1 8 
J B 33 1542 1 82 6913 288 0 
J R 9 1655 28 2 1 10000 0 
K 0 0 46 
A D 6 8 
J B 34 1796 1 82 6913 1728 0 
J R 7 1821 28 2 1 0 0 
K 0 0 48 
A D 2 8 
J R 6 1904 28 2 2305 576 0 
K 0 0 49 
A D 1 8 
J R 7 1941 28 2 3457 288 0 
K 0 0 48 
A D 2 8 
J N 6 1999 42 3 5761 576 0 
K 0 0 43 
K 0 0 53 
A D 1 8 
J B 35 2050 1 82 6913 288 0 
E * 
L 850 0 0 313 313 * 0 14 0 
J C 13 5 28 35 6913 0 0 
J K -1 57 0 1 6913 0 0 
K 0 35 65 
J D 0 -11 -14 1 6913 0 0 
W 0 0 0 \02\07 
J N 7 113 21 4 1 0 0 
K 0 0 43 
K 0 0 60 
K 0 21 60 
A D 2 8 
J N 6 199 14 4 2305 576 0 
K -15 0 65 
K 0 0 43 
K 0 0 54 
A D 1 8 
J N 7 237 42 4 3457 288 0 
K 0 0 43 
K 0 0 59 
K 0 -21 59 
A D 2 8 
J N 6 338 21 3 5761 576 0 
K 0 0 43 
K 0 0 54 
A D 1 8 
J B 28 379 1 82 6913 288 0 
J N 7 400 21 5 1 0 0 
K 0 0 43 
K 25 0 44 
K 0 0 60 
K 0 21 60 
A D 3 8 
J R 7 490 28 2 3457 864 0 
K 0 0 48 
A D 2 8 
J R 6 554 28 2 5761 576 0 
K 0 0 49 
A D 1 8 
J B 29 595 1 82 6913 288 0 
J R 9 685 28 2 1 10000 0 
K 0 0 46 
A D 6 8 
J B 30 803 1 82 6913 1728 0 
J R 7 828 28 2 1 0 0 
K 0 0 48 
A D 2 8 
J R 6 880 28 2 2305 576 0 
K 0 0 49 
A D 1 8 
J R 7 918 28 2 3457 288 0 
K 0 0 48 
A D 2 8 
J N 6 978 0 3 5761 576 0 
K 0 0 43 
K 0 0 54 
A D 1 8 
J B 31 1019 1 82 6913 288 0 
J N 7 1044 0 4 1 0 0 
K 0 0 43 
K 0 0 60 
K 0 21 60 
A D 2 8 
J N 6 1142 -7 4 2305 576 0 
K -15 0 65 
K 0 0 43 
K 0 0 54 
A D 1 8 
J N 7 1179 21 4 3457 288 0 
K 0 0 43 
K 0 0 60 
K 0 21 60 
A D 2 8 
J N 6 1273 0 3 5761 576 0 
K 0 0 43 
K 0 0 54 
A D 1 8 
J B 32 1313 1 82 6913 288 0 
J N 7 1334 0 5 1 0 0 
K 0 0 43 
K 24 -6 44 
K 0 0 60 
K 0 21 60 
A D 3 8 
J R 7 1433 28 2 3457 864 0 
K 0 0 48 
A D 2 8 
J R 6 1491 28 2 5761 576 0 
K 0 0 49 
A D 1 8 
J B 33 1542 1 82 6913 288 0 
J R 9 1655 28 2 1 10000 0 
K 0 0 46 
A D 6 8 
J B 34 1796 1 82 6913 1728 0 
J R 7 1821 28 2 1 0 0 
K 0 0 48 
A D 2 8 
J R 6 1904 28 2 2305 576 0 
K 0 0 49 
A D 1 8 
J R 7 1941 28 2 3457 288 0 
K 0 0 48 
A D 2 8 
J N 6 1999 35 4 5761 576 0 
K -14 0 64 
K 0 0 43 
K 0 0 53 
A D 1 8 
J B 35 2050 1 82 6913 288 0 
E * 
L 1010 0 0 313 313 * 0 14 0 
J C 22 5 14 36 6913 0 0 
J K -1 57 0 1 6913 0 0 
K 0 42 65 
J D 0 -11 -14 1 6913 0 0 
W 0 0 0 \02\07 
J N 6 113 7 2 1 0 1 4 
K 0 0 43 
A D 3 16 
J N 6 173 35 2 1729 432 1 4 
K 0 0 43 
A D 3 16 
J F 0 237 98 1 3457 432 0 
K 0 0 203 
J N 6 237 28 2 3457 0 1 4 
K 0 0 43 
A D 3 16 
J F 0 305 108 1 5185 432 0 
K 0 0 213 
J N 6 305 77 5 5185 0 1 4 
K 1 -7 45 
K 0 0 43 
K 0 -7 45 
K 1 -7 45 
A D 3 16 
H 4 B 42 4 108 4 2 1 1 3 
J B 28 379 1 82 6913 432 0 
J N 7 400 56 4 1 0 0 
K 0 0 43 
K 0 0 59 
K 0 -21 59 
A D 6 16 
J R 7 490 28 2 3457 864 0 
K 0 0 48 
A D 6 16 
J B 29 595 1 82 6913 864 0 
J R 9 685 28 2 1 10000 0 
K 0 0 46 
A D 12 16 
J B 30 803 1 82 6913 1728 0 
J R 7 828 28 2 1 0 0 
K 0 0 48 
A D 6 16 
J R 6 918 28 2 3457 864 0 
K 0 0 49 
A D 3 16 
J F 0 961 98 1 5185 432 0 
K 0 0 205 
J N 6 961 -7 4 5185 0 0 
K -14 0 64 
K 0 0 43 
K 0 0 54 
A D 3 16 
J B 31 1019 1 82 6913 432 0 
J F 0 1044 98 1 1 0 0 
K 0 0 219 
J N 6 1044 -14 5 1 0 1 5 
K 0 0 45 
K 0 0 43 
K -1 0 45 
K 2 0 45 
A D 3 16 
J N 6 1104 14 2 1729 432 1 5 
K 0 0 43 
A D 3 16 
J F 0 1179 115 1 3457 432 0 
K 0 0 203 
J N 6 1179 7 2 3457 0 1 5 
K 0 0 43 
A D 3 16 
J F 0 1243 122 1 5185 432 0 
K 0 0 218 
J N 6 1243 56 2 5185 0 1 5 
K 0 0 43 
A D 3 16 
H 5 B -86 4 108 4 2 1 1 3 
J B 32 1313 1 82 6913 432 0 
J N 7 1334 35 4 1 0 0 
K 0 0 43 
K 0 0 59 
K 0 -21 59 
A D 6 16 
J R 7 1433 28 2 3457 864 0 
K 0 0 48 
A D 6 16 
J B 33 1542 1 82 6913 864 0 
J R 9 1655 28 2 1 10000 0 
K 0 0 46 
A D 12 16 
J B 34 1796 1 82 6913 1728 0 
J R 7 1821 28 2 1 0 0 
K 0 0 48 
A D 6 16 
J R 6 1941 28 2 3457 864 0 
K 0 0 49 
A D 3 16 
J N 6 1983 7 3 5185 432 0 
K 0 0 43 
K 0 0 54 
A D 3 16 
J B 35 2050 1 82 6913 432 0 
E * 
B 1 379 0 
B 1 595 0 
B 1 803 0 
B 1 1019 0 
B 1 1313 0 
B 1 1542 0 
B 1 1796 0 
B 1 2050 0 
