S 0 200 140 2050 1066 7 "[...][....]" 
L 0 0 0 313 313 * 0 14 0 
J C 4 5 42 2 6913 0 0 
K 0 0 33 
K 0 0 34 
J K -1 57 0 1 6913 0 0 
K 0 28 65 
J D 0 -11 -14 1 6913 0 0 
W 0 0 37 \05\02 
J N 7 113 0 4 1 0 0 
K 0 0 43 
K 0 0 60 
K 0 21 60 
A D 2 8 
J N 6 163 28 3 2305 576 0 
K 0 0 43 
K 0 0 54 
A D 1 8 
J N 7 206 63 4 3457 288 0 
K 0 0 43 
K 0 0 59 
K 0 -21 59 
A D 2 8 
J N 6 262 28 3 5761 576 0 
K 0 0 43 
K 0 0 54 
A D 1 8 
J B 53 301 1 82 6913 288 0 
J N 6 322 21 2 1 0 2 69 70 
K 0 0 43 
A D 1 8 
J N 6 359 14 2 1153 288 1 70 
K 0 0 43 
A D 1 8 
J N 6 406 7 3 2305 288 2 70 69 
K -15 0 65 
K 0 0 43 
A D 1 8 
H 70 B -42 -2 108 3 2 1 3 
H 69 S 0 0 0 0 0 0 0 0 -10 
J N 7 443 84 8 3457 288 0 
K 1 -14 45 
K 1 0 45 
K 0 0 43 
K -1 0 45 
K 2 0 45 
K 0 0 59 
K 0 -28 59 
A D 2 8 
J N 6 493 7 3 5761 576 0 
K 0 0 43 
K 0 0 54 
A D 1 8 
J B 54 543 1 82 6913 288 0 
J N 7 564 14 4 1 0 0 
K 0 0 43 
K 0 0 60 
K 0 21 60 
A D 2 8 
J N 6 613 49 3 2305 576 0 
K 0 0 43 
K 0 0 53 
A D 1 8 
J N 7 651 77 7 3457 288 0 
K 1 -7 45 
K 0 0 43 
K 0 -7 45 
K 1 -7 45 
K 0 0 59 
K 0 -21 59 
A D 2 8 
J N 6 705 0 3 5761 576 0 
K 0 0 43 
K 0 0 54 
A D 1 8 
J B 55 743 1 82 6913 288 0 
J N 7 764 -7 4 1 0 0 
K 0 0 43 
K 0 0 60 
K 0 21 60 
A D 2 8 
J N 6 813 28 3 2305 576 0 
K 0 0 43 
K 0 0 54 
A D 1 8 
J N 7 855 56 5 3457 288 0 
K -15 0 65 
K 0 0 43 
K 0 0 59 
K 0 -21 59 
A D 2 8 
J N 6 913 -7 3 5761 576 0 
K 0 0 43 
K 0 0 54 
A D 1 8 
J B 56 951 1 82 6913 288 0 
J N 7 972 -14 7 1 0 0 
K 0 0 45 
K 0 0 43 
K -1 0 45 
K 2 0 45 
K 0 0 60 
K 0 21 60 
A D 2 8 
J N 6 1021 49 3 2305 576 0 
K 0 0 43 
K 0 0 53 
A D 1 8 
J N 7 1063 -21 7 3457 288 0 
K 0 7 45 
K 0 0 43 
K 0 7 45 
K 1 7 45 
K 0 0 60 
K 0 21 60 
A D 2 8 
J N 6 1121 7 4 5761 576 0 
K -15 0 65 
K 0 0 43 
K 0 0 54 
A D 1 8 
J B 57 1159 1 82 6913 288 0 
J N 6 1180 14 2 1 0 2 71 72 
K 0 0 43 
A D 1 8 
J N 6 1226 21 2 1153 288 1 72 
K 0 0 43 
A D 1 8 
J N 6 1262 28 2 2305 288 2 72 71 
K 0 0 43 
A D 1 8 
H 72 B -56 2 108 3 2 1 3 
H 71 S 0 0 0 0 0 0 0 0 0 
J N 6 1298 49 2 3457 288 2 73 74 
K 0 0 43 
A D 1 8 
J N 6 1334 28 2 4609 288 1 74 
K 0 0 43 
A D 1 8 
J N 6 1370 35 2 5761 288 2 74 73 
K 0 0 43 
A D 1 8 
H 74 B 63 0 108 3 2 1 3 
H 73 S 12 0 0 0 0 0 0 0 0 
J B 58 1419 1 82 6913 288 0 
J N 7 1440 28 4 1 0 0 
K 0 0 43 
K 0 0 60 
K 0 21 60 
A D 2 8 
J N 6 1489 49 3 2305 576 0 
K 0 0 43 
K 0 0 53 
A D 1 8 
J N 7 1527 77 7 3457 288 0 
K 1 -7 45 
K 0 0 43 
K 0 -7 45 
K 1 -7 45 
K 0 0 59 
K 0 -21 59 
A D 2 8 
J N 6 1581 0 3 5761 576 0 
K 0 0 43 
K 0 0 54 
A D 1 8 
J B 59 1619 1 82 6913 288 0 
J N 6 1640 -7 2 1 0 2 75 76 
K 0 0 43 
A D 1 8 
J N 6 1676 0 2 1153 288 1 76 
K 0 0 43 
A D 1 8 
J N 6 1712 -7 2 2305 288 2 76 75 
K 0 0 43 
A D 1 8 
H 76 B -53 0 108 3 2 1 3 
H 75 S 0 0 0 0 0 0 0 0 0 
J N 7 1754 56 5 3457 288 0 
K -15 0 65 
K 0 0 43 
K 0 0 59 
K 0 -21 59 
A D 2 8 
J N 6 1808 -7 3 5761 576 0 
K 0 0 43 
K 0 0 54 
A D 1 8 
J B 60 1846 1 82 6913 288 0 
J N 7 1867 0 4 1 0 0 
K 0 0 43 
K 0 0 60 
K 0 21 60 
A D 2 8 
J N 6 1916 28 3 2305 576 0 
K 0 0 43 
K 0 0 54 
A D 1 8 
J N 7 1958 63 4 3457 288 0 
K 0 0 43 
K 0 0 59 
K 0 -21 59 
A D 2 8 
J N 6 2012 28 3 5761 576 0 
K 0 0 43 
K 0 0 54 
A D 1 8 
J B 61 2050 1 82 6913 288 0 
E * 
L 160 0 0 313 313 * 0 14 0 
J C 4 5 42 2 6913 0 0 
K 0 0 33 
K 0 0 34 
J K -1 57 0 1 6913 0 0 
K 0 28 65 
J D 0 -11 -14 1 6913 0 0 
W 0 0 0 \05\02 
J N 7 113 21 4 1 0 1 26 
K 0 0 43 
K 0 0 60 
K 0 21 60 
A D 2 8 
J M 0 61 0 0 6913 0 1 26 
H 26 T 21 0 0 0 0 0 1 0 
J N 6 163 49 3 2305 576 0 
K 0 0 43 
K 0 0 53 
A D 1 8 
J N 7 206 28 5 3457 288 1 27 
K 0 0 43 
K 24 -6 44 
K 0 0 59 
K 0 -14 59 
A D 3 8 
J B 53 301 1 82 6913 864 0 
J N 6 322 28 2 1 0 2 28 27 
K 0 0 43 
A D 1 8 
H 27 T 28 0 0 0 0 0 13 0 
J N 6 359 35 2 1153 288 1 28 
K 0 0 43 
A D 1 8 
J N 6 406 28 2 2305 288 1 28 
K 0 0 43 
A D 1 8 
H 28 B 42 0 108 3 2 1 3 
J N 7 443 70 7 3457 288 0 
K 1 0 45 
K 0 0 43 
K -1 0 45 
K 2 0 45 
K 0 0 59 
K 0 -21 59 
A D 2 8 
J N 6 493 35 3 5761 576 0 
K 0 0 43 
K 0 0 53 
A D 1 8 
J B 54 543 1 82 6913 288 0 
J N 7 564 28 5 1 0 0 
K 0 0 43 
K 24 -6 44 
K 0 0 60 
K 0 21 60 
A D 3 8 
J N 7 651 14 5 3457 864 1 29 
K 0 0 43 
K 24 -6 44 
K 0 0 60 
K 0 21 60 
A D 3 8 
J B 55 743 1 82 6913 864 0 
J N 7 764 14 4 1 0 1 29 
K 0 0 43 
K 0 0 60 
K 0 21 60 
A D 2 8 
H  29 T 11 -2 2 0 0 0 5 0 
J N 6 813 42 3 2305 576 0 
K 0 0 43 
K 0 0 53 
A D 1 8 
J N 7 855 21 4 3457 288 0 
K 0 0 43 
K 0 0 60 
K 0 21 60 
A D 2 8 
J N 6 913 7 4 5761 576 0 
K -15 0 65 
K 0 0 43 
K 0 0 54 
A D 1 8 
J B 56 951 1 82 6913 288 0 
J N 7 972 49 5 1 0 0 
K 0 0 43 
K 25 0 44 
K 0 0 59 
K 0 -21 59 
A D 3 8 
J R 7 1063 28 2 3457 864 0 
K 0 0 48 
A D 2 8 
J N 6 1121 -7 3 5761 576 0 
K 0 0 43 
K 0 0 54 
A D 1 8 
J B 57 1159 1 82 6913 288 0 
J N 6 1180 0 2 1 0 2 30 31 
K 0 0 43 
A D 1 8 
J N 6 1226 7 3 1153 288 1 31 
K -15 0 65 
K 0 0 43 
A D 1 8 
J N 6 1262 14 2 2305 288 2 31 30 
K 0 0 43 
A D 1 8 
H 31 B -56 2 108 3 2 1 3 
H 30 S 0 0 0 0 0 0 0 0 -2 
J N 7 1298 21 4 3457 288 0 
K 0 0 43 
K 0 0 60 
K 0 21 60 
A D 2 8 
J N 6 1370 49 3 5761 576 0 
K 0 0 43 
K 0 0 53 
A D 1 8 
J B 58 1419 1 82 6913 288 0 
J N 7 1440 63 5 1 0 0 
K 0 0 43 
K 25 0 44 
K 0 0 59 
K 0 -21 59 
A D 3 8 
J N 7 1527 14 5 3457 864 1 32 
K 0 0 43 
K 24 -6 44 
K 0 0 60 
K 0 21 60 
A D 3 8 
J B 59 1619 1 82 6913 864 0 
J N 7 1640 14 4 1 0 1 32 
K 0 0 43 
K 0 0 60 
K 0 21 60 
A D 2 8 
H  32 T 11 -2 2 0 0 0 5 0 
J N 6 1712 42 3 2305 576 0 
K 0 0 43 
K 0 0 53 
A D 1 8 
J N 7 1754 21 5 3457 288 1 33 
K 0 0 43 
K 25 0 44 
K 0 0 60 
K 0 21 60 
A D 3 8 
J B 60 1846 1 82 6913 864 0 
J N 7 1867 21 4 1 0 1 33 
K 0 0 43 
K 0 0 60 
K 0 21 60 
A D 2 8 
H 33 T 21 0 0 0 0 0 1 0 
J N 6 1916 49 3 2305 576 0 
K 0 0 43 
K 0 0 53 
A D 1 8 
J N 7 1958 28 5 3457 288 1 34 
K 0 0 43 
K 24 -6 44 
K 0 0 59 
K 0 -14 59 
A D 3 8 
J B 61 2050 1 82 6913 864 0 
J M 0 2050 0 0 6913 0 1 34 
H 34 T 28 0 0 0 0 0 13 0 
E * 
L 320 0 0 313 313 * 0 14 0 
J C 22 5 14 36 6913 0 0 
J K -1 57 0 1 6913 0 0 
K 0 42 65 
J D 0 -11 -14 1 6913 0 0 
W 0 0 0 \05\02 
J F 0 113 98 1 1 0 0 
K 0 0 206 
J N 7 113 -21 7 1 0 0 
K 0 7 45 
K 0 0 43 
K 0 7 45 
K 1 7 45 
K 0 0 60 
K 0 21 60 
A D 6 16 
J R 6 206 28 2 3457 864 0 
K 0 0 49 
A D 3 16 
J F 0 247 98 1 5185 432 0 
K 0 0 205 
J N 6 247 -21 7 5185 0 0 
K 0 7 45 
K 0 0 43 
K 0 7 45 
K 1 7 45 
K 0 0 60 
K 0 0 54 
A D 3 16 
J B 53 301 1 82 6913 432 0 
J F 0 322 98 2 1 0 0 
K 0 0 206 
K 0 21 219 
J N 7 322 -14 7 1 0 0 
K 0 0 45 
K 0 0 43 
K -1 0 45 
K 2 0 45 
K 0 0 60 
K 0 21 60 
A D 6 16 
J F 0 443 98 1 3457 864 0 
K 0 0 206 
J N 7 443 14 4 3457 0 0 
K 0 0 43 
K 0 0 60 
K 0 21 60 
A D 6 16 
J B 54 543 1 82 6913 864 0 
J N 7 564 -7 4 1 0 0 
K 0 0 43 
K 0 0 60 
K 0 21 60 
A D 6 16 
J R 6 651 28 2 3457 864 0 
K 0 0 49 
A D 3 16 
J N 6 691 28 3 5185 432 0 
K 0 0 43 
K 0 0 54 
A D 3 16 
J B 55 743 1 82 6913 432 0 
J F 0 764 98 1 1 0 0 
K 0 0 206 
J N 7 764 21 5 1 0 0 
K -15 0 65 
K 0 0 43 
K 0 0 60 
K 0 21 60 
A D 6 16 
J R 6 855 28 2 3457 864 0 
K 0 0 49 
A D 3 16 
J F 0 895 98 1 5185 432 0 
K 0 0 205 
J N 6 895 21 3 5185 0 0 
K 0 0 43 
K 0 0 54 
A D 3 16 
J B 56 951 1 82 6913 432 0 
J F 0 972 98 2 1 0 0 
K 0 0 203 
K 0 21 201 
J N 7 972 21 5 1 0 0 
K -15 0 65 
K 0 0 43 
K 0 0 60 
K 0 21 60 
A D 6 16 
J F 0 1063 98 1 3457 864 0 
K 0 0 205 
J N 6 1063 28 2 3457 0 1 14 
K 0 0 43 
A D 3 16 
J N 6 1103 21 2 5185 432 1 14 
K 0 0 43 
A D 3 16 
H 14 B -47 -3 108 2 2 3 
J B 57 1159 1 82 6913 432 0 
J F 0 1180 98 2 1 0 0 
K 0 0 205 
K 0 21 203 
J N 7 1180 14 4 1 0 0 
K 0 0 43 
K 0 0 60 
K 0 21 60 
A D 6 16 
J F 0 1298 98 2 3457 864 0 
K 0 0 204 
K 0 21 202 
J N 7 1298 63 4 3457 0 0 
K 0 0 43 
K 0 0 59 
K 0 -21 59 
A D 6 16 
J B 58 1419 1 82 6913 864 0 
J N 7 1440 42 4 1 0 0 
K 0 0 43 
K 0 0 59 
K 0 -21 59 
A D 6 16 
J R 6 1527 28 2 3457 864 0 
K 0 0 49 
A D 3 16 
J N 6 1567 -21 7 5185 432 0 
K 0 7 45 
K 0 0 43 
K 0 7 45 
K 1 7 45 
K 0 0 60 
K 0 0 54 
A D 3 16 
J B 59 1619 1 82 6913 432 0 
J F 0 1640 98 1 1 0 0 
K 0 0 206 
J N 7 1640 -28 9 1 0 0 
K 0 14 45 
K 0 0 45 
K -15 0 65 
K 0 0 43 
K -1 0 45 
K 2 0 45 
K 0 0 60 
K 0 28 60 
A D 6 16 
J R 6 1754 28 2 3457 864 0 
K 0 0 49 
A D 3 16 
J F 0 1794 98 1 5185 432 0 
K 0 0 205 
J N 6 1794 -28 8 5185 0 0 
K 0 14 45 
K 0 0 45 
K 0 0 43 
K -1 0 45 
K 2 0 45 
K 0 0 60 
K 0 7 54 
A D 3 16 
J B 60 1846 1 82 6913 432 0 
J F 0 1867 98 1 1 0 0 
K 0 0 206 
J N 7 1867 -21 7 1 0 0 
K 0 7 45 
K 0 0 43 
K 0 7 45 
K 1 7 45 
K 0 0 60 
K 0 21 60 
A D 6 16 
J R 6 1958 28 2 3457 864 0 
K 0 0 49 
A D 3 16 
J F 0 1998 98 1 5185 432 0 
K 0 0 205 
J N 6 1998 -21 7 5185 0 0 
K 0 7 45 
K 0 0 43 
K 0 7 45 
K 1 7 45 
K 0 0 60 
K 0 0 54 
A D 3 16 
J B 61 2050 1 82 6913 432 0 
E * 
L 530 0 0 313 313 * 0 14 0 
J C 4 5 42 2 6913 0 0 
K 0 0 33 
K 0 0 34 
J K -1 57 0 1 6913 0 0 
K 0 28 65 
J D 0 -11 -14 1 6913 0 0 
W 0 0 0 \05\02 
J R 9 182 28 2 1 10000 0 
K 0 0 46 
A D 6 8 
J B 53 301 1 82 6913 1728 0 
J R 9 408 28 2 1 10000 0 
K 0 0 46 
A D 6 8 
J B 54 543 1 82 6913 1728 0 
J R 7 564 28 2 1 0 0 
K 0 0 48 
A D 2 8 
J R 6 613 28 2 2305 576 0 
K 0 0 49 
A D 1 8 
J R 7 651 28 2 3457 288 0 
K 0 0 48 
A D 2 8 
J N 6 705 0 3 5761 576 0 
K 0 0 43 
K 0 0 54 
A D 1 8 
J B 55 743 1 82 6913 288 0 
J N 7 764 -7 4 1 0 0 
K 0 0 43 
K 0 0 60 
K 0 21 60 
A D 2 8 
J N 6 813 28 3 2305 576 0 
K 0 0 43 
K 0 0 54 
A D 1 8 
J N 7 855 56 5 3457 288 0 
K -15 0 65 
K 0 0 43 
K 0 0 59 
K 0 -21 59 
A D 2 8 
J N 6 913 -7 3 5761 576 0 
K 0 0 43 
K 0 0 54 
A D 1 8 
J B 56 951 1 82 6913 288 0 
J N 7 972 -14 7 1 0 0 
K 0 0 45 
K 0 0 43 
K -1 0 45 
K 2 0 45 
K 0 0 60 
K 0 21 60 
A D 2 8 
J N 6 1021 49 3 2305 576 0 
K 0 0 43 
K 0 0 53 
A D 1 8 
J N 7 1063 -21 7 3457 288 0 
K 0 7 45 
K 0 0 43 
K 0 7 45 
K 1 7 45 
K 0 0 60 
K 0 21 60 
A D 2 8 
J N 6 1121 7 4 5761 576 0 
K -15 0 65 
K 0 0 43 
K 0 0 54 
A D 1 8 
J B 57 1159 1 82 6913 288 0 
J N 6 1180 14 2 1 0 2 40 41 
K 0 0 43 
A D 1 8 
J N 6 1226 21 2 1153 288 1 41 
K 0 0 43 
A D 1 8 
J N 6 1262 28 2 2305 288 2 41 40 
K 0 0 43 
A D 1 8 
H 41 B -56 2 108 3 2 1 3 
H 40 S 0 0 0 0 0 0 0 0 0 
J N 6 1298 49 2 3457 288 2 42 43 
K 0 0 43 
A D 1 8 
J N 6 1334 28 2 4609 288 1 43 
K 0 0 43 
A D 1 8 
J N 6 1370 35 2 5761 288 2 43 42 
K 0 0 43 
A D 1 8 
H 43 B 63 0 108 3 2 1 3 
H 42 S 12 0 0 0 0 0 0 0 0 
J B 58 1419 1 82 6913 288 0 
J N 7 1440 28 4 1 0 0 
K 0 0 43 
K 0 0 60 
K 0 21 60 
A D 2 8 
J N 6 1489 49 3 2305 576 0 
K 0 0 43 
K 0 0 53 
A D 1 8 
J N 7 1527 77 8 3457 288 0 
K 1 -7 45 
K 0 0 43 
K 0 -7 45 
K 1 -7 45 
K 25 0 44 
K 0 0 59 
K 0 -21 59 
A D 3 8 
J B 59 1619 1 82 6913 864 0 
J R 9 1718 28 2 1 10000 0 
K 0 0 46 
A D 6 8 
J B 60 1846 1 82 6913 1728 0 
J R 9 1934 28 2 1 10000 0 
K 0 0 46 
A D 6 8 
J B 61 2050 1 82 6913 1728 0 
E * 
L 690 0 0 313 313 * 0 14 0 
J C 4 5 42 2 6913 0 0 
K 0 0 33 
K 0 0 34 
J K -1 57 0 1 6913 0 0 
K 0 28 65 
J D 0 -11 -14 1 6913 0 0 
W 0 0 0 \05\02 
J R 9 182 28 2 1 10000 0 
K 0 0 46 
A D 6 8 
J B 53 301 1 82 6913 1728 0 
J R 9 408 28 2 1 10000 0 
K 0 0 46 
A D 6 8 
J B 54 543 1 82 6913 1728 0 
J R 7 564 28 2 1 0 0 
K 0 0 48 
A D 2 8 
J R 6 613 28 2 2305 576 0 
K 0 0 49 
A D 1 8 
J N 7 651 14 5 3457 288 1 17 
K 0 0 43 
K 24 -6 44 
K 0 0 60 
K 0 21 60 
A D 3 8 
J B 55 743 1 82 6913 864 0 
J N 7 764 14 4 1 0 1 17 
K 0 0 43 
K 0 0 60 
K 0 21 60 
A D 2 8 
H  17 T 11 -2 2 0 0 0 5 0 
J N 6 813 42 3 2305 576 0 
K 0 0 43 
K 0 0 53 
A D 1 8 
J N 7 855 21 4 3457 288 0 
K 0 0 43 
K 0 0 60 
K 0 21 60 
A D 2 8 
J N 6 913 7 4 5761 576 0 
K -15 0 65 
K 0 0 43 
K 0 0 54 
A D 1 8 
J B 56 951 1 82 6913 288 0 
J N 7 972 49 5 1 0 0 
K 0 0 43 
K 25 0 44 
K 0 0 59 
K 0 -21 59 
A D 3 8 
J R 7 1063 28 2 3457 864 0 
K 0 0 48 
A D 2 8 
J N 6 1121 -7 3 5761 576 0 
K 0 0 43 
K 0 0 54 
A D 1 8 
J B 57 1159 1 82 6913 288 0 
J N 6 1180 0 2 1 0 2 18 19 
K 0 0 43 
A D 1 8 
J N 6 1226 7 3 1153 288 1 19 
K -15 0 65 
K 0 0 43 
A D 1 8 
J N 6 1262 14 2 2305 288 2 19 18 
K 0 0 43 
A D 1 8 
H 19 B -56 2 108 3 2 1 3 
H 18 S 0 0 0 0 0 0 0 0 -2 
J N 7 1298 21 4 3457 288 0 
K 0 0 43 
K 0 0 60 
K 0 21 60 
A D 2 8 
J N 6 1370 49 3 5761 576 0 
K 0 0 43 
K 0 0 53 
A D 1 8 
J B 58 1419 1 82 6913 288 0 
J N 7 1440 63 5 1 0 0 
K 0 0 43 
K 25 0 44 
K 0 0 59 
K 0 -21 59 
A D 3 8 
J R 7 1527 28 2 3457 864 0 
K 0 0 48 
A D 2 8 
J R 6 1581 28 2 5761 576 0 
K 0 0 49 
A D 1 8 
J B 59 1619 1 82 6913 288 0 
J R 9 1718 28 2 1 10000 0 
K 0 0 46 
A D 6 8 
J B 60 1846 1 82 6913 1728 0 
J R 9 1934 28 2 1 10000 0 
K 0 0 46 
A D 6 8 
J B 61 2050 1 82 6913 1728 0 
E * 
L 850 0 0 313 313 * 0 14 0 
J C 13 5 28 35 6913 0 0 
J K -1 57 0 1 6913 0 0 
K 0 35 65 
J D 0 -11 -14 1 6913 0 0 
W 0 0 0 \05\02 
J R 9 182 28 2 1 10000 0 
K 0 0 46 
A D 6 8 
J B 53 301 1 82 6913 1728 0 
J R 9 408 28 2 1 10000 0 
K 0 0 46 
A D 6 8 
J B 54 543 1 82 6913 1728 0 
J R 7 564 28 2 1 0 0 
K 0 0 48 
A D 2 8 
J R 6 613 28 2 2305 576 0 
K 0 0 49 
A D 1 8 
J R 7 651 28 2 3457 288 0 
K 0 0 48 
A D 2 8 
J N 6 705 -14 6 5761 576 0 
K 0 0 45 
K 0 0 43 
K -1 0 45 
K 2 0 45 
K 0 0 54 
A D 1 8 
J B 55 743 1 82 6913 288 0 
J N 7 764 -14 8 1 0 0 
K 0 0 45 
K 0 0 43 
K -1 0 45 
K 2 0 45 
K 24 -6 44 
K 0 0 60 
K 0 21 60 
A D 3 8 
J R 7 855 28 2 3457 864 0 
K 0 0 48 
A D 2 8 
J N 6 913 0 3 5761 576 0 
K 0 0 43 
K 0 0 54 
A D 1 8 
J B 56 951 1 82 6913 288 0 
J N 7 972 -21 8 1 0 0 
K 0 7 45 
K 0 0 43 
K 0 7 45 
K 1 7 45 
K 25 0 44 
K 0 0 60 
K 0 21 60 
A D 3 8 
J R 7 1063 28 2 3457 864 0 
K 0 0 48 
A D 2 8 
J N 6 1121 -14 6 5761 576 0 
K 0 0 45 
K 0 0 43 
K -1 0 45 
K 2 0 45 
K 0 0 54 
A D 1 8 
J B 57 1159 1 82 6913 288 0 
J N 7 1180 -14 8 1 0 0 
K 0 0 45 
K 0 0 43 
K -1 0 45 
K 2 0 45 
K 24 -6 44 
K 0 0 60 
K 0 21 60 
A D 3 8 
J N 6 1298 -7 2 3457 864 2 5 6 
K 0 0 43 
A D 1 8 
J N 6 1334 -14 5 4609 288 1 6 
K 0 0 45 
K 0 0 43 
K -1 0 45 
K 2 0 45 
A D 1 8 
J N 6 1370 -21 5 5761 288 2 6 5 
K 0 7 45 
K 0 0 43 
K 0 7 45 
K 1 7 45 
A D 1 8 
H 6 B -42 -2 108 3 2 1 3 
H 5 S 0 0 0 0 0 0 0 0 0 
J B 58 1419 1 82 6913 288 0 
J N 7 1440 -14 8 1 0 0 
K 0 0 45 
K 0 0 43 
K -1 0 45 
K 2 0 45 
K 24 -6 44 
K 0 0 60 
K 0 21 60 
A D 3 8 
J R 7 1527 28 2 3457 864 0 
K 0 0 48 
A D 2 8 
J R 6 1581 28 2 5761 576 0 
K 0 0 49 
A D 1 8 
J B 59 1619 1 82 6913 288 0 
J R 9 1718 28 2 1 10000 0 
K 0 0 46 
A D 6 8 
J B 60 1846 1 82 6913 1728 0 
J R 9 1934 28 2 1 10000 0 
K 0 0 46 
A D 6 8 
J B 61 2050 1 82 6913 1728 0 
E * 
L 1010 0 0 313 313 * 0 14 0 
J C 22 5 14 36 6913 0 0 
J K -1 57 0 1 6913 0 0 
K 0 42 65 
J D 0 -11 -14 1 6913 0 0 
W 0 0 0 \05\02 
J R 9 182 28 2 1 10000 0 
K 0 0 46 
A D 12 16 
J B 53 301 1 82 6913 1728 0 
J R 9 408 28 2 1 10000 0 
K 0 0 46 
A D 12 16 
J B 54 543 1 82 6913 1728 0 
J R 7 564 28 2 1 0 0 
K 0 0 48 
A D 6 16 
J R 6 651 28 2 3457 864 0 
K 0 0 49 
A D 3 16 
J N 6 691 28 3 5185 432 0 
K 0 0 43 
K 0 0 54 
A D 3 16 
J B 55 743 1 82 6913 432 0 
J F 0 764 98 1 1 0 0 
K 0 0 206 
J N 7 764 21 5 1 0 0 
K -15 0 65 
K 0 0 43 
K 0 0 60 
K 0 21 60 
A D 6 16 
J R 6 855 28 2 3457 864 0 
K 0 0 49 
A D 3 16 
J F 0 895 98 1 5185 432 0 
K 0 0 205 
J N 6 895 21 3 5185 0 0 
K 0 0 43 
K 0 0 54 
A D 3 16 
J B 56 951 1 82 6913 432 0 
J F 0 972 98 2 1 0 0 
K 0 0 203 
K 0 21 201 
J N 7 972 21 5 1 0 0 
K -15 0 65 
K 0 0 43 
K 0 0 60 
K 0 21 60 
A D 6 16 
J F 0 1063 98 1 3457 864 0 
K 0 0 205 
J N 6 1063 28 2 3457 0 1 9 
K 0 0 43 
A D 3 16 
J N 6 1103 21 2 5185 432 1 9 
K 0 0 43 
A D 3 16 
H 9 B -47 -3 108 2 2 3 
J B 57 1159 1 82 6913 432 0 
J F 0 1180 98 2 1 0 0 
K 0 0 205 
K 0 21 203 
J N 7 1180 14 4 1 0 0 
K 0 0 43 
K 0 0 60 
K 0 21 60 
A D 6 16 
J F 0 1298 98 2 3457 864 0 
K 0 0 204 
K 0 21 202 
J N 7 1298 63 4 3457 0 0 
K 0 0 43 
K 0 0 59 
K 0 -21 59 
A D 6 16 
J B 58 1419 1 82 6913 864 0 
J N 7 1440 42 4 1 0 0 
K 0 0 43 
K 0 0 59 
K 0 -21 59 
A D 6 16 
J R 7 1527 28 2 3457 864 0 
K 0 0 48 
A D 6 16 
J B 59 1619 1 82 6913 864 0 
J R 9 1718 28 2 1 10000 0 
K 0 0 46 
A D 12 16 
J B 60 1846 1 82 6913 1728 0 
J R 9 1934 28 2 1 10000 0 
K 0 0 46 
A D 12 16 
J B 61 2050 1 82 6913 1728 0 
E * 
B 1 301 0 
B 1 543 0 
B 1 743 0 
B 1 951 0 
B 1 1159 0 
B 1 1419 0 
B 1 1619 0 
B 1 1846 0 
B 1 2050 0 
S 0 200 1510 2050 1066 7 "[...][....]" 
L 0 0 0 313 313 * 0 14 0 
J C 4 5 42 2 6913 0 0 
K 0 0 33 
K 0 0 34 
J K -1 57 0 1 6913 0 0 
K 0 28 65 
J D 0 -11 -14 1 6913 0 0 
W 0 0 37 \06\01 
J N 6 113 21 2 1 0 2 77 78 
K 0 0 43 
A D 1 8 
J N 6 149 14 2 1153 288 1 78 
K 0 0 43 
A D 1 8 
J N 6 195 7 3 2305 288 2 78 77 
K -15 0 65 
K 0 0 43 
A D 1 8 
H 78 B -42 -2 108 3 2 1 3 
H 77 S 0 0 0 0 0 0 0 0 -10 
J N 7 231 84 8 3457 288 0 
K 1 -14 45 
K 1 0 45 
K 0 0 43 
K -1 0 45 
K 2 0 45 
K 0 0 59 
K 0 -28 59 
A D 2 8 
J N 6 293 7 3 5761 576 0 
K 0 0 43 
K 0 0 54 
A D 1 8 
J B 62 342 1 82 6913 288 0 
J N 7 363 14 4 1 0 0 
K 0 0 43 
K 0 0 60 
K 0 21 60 
A D 2 8 
J N 6 425 49 3 2305 576 0 
K 0 0 43 
K 0 0 53 
A D 1 8 
J N 7 463 77 7 3457 288 0 
K 1 -7 45 
K 0 0 43 
K 0 -7 45 
K 1 -7 45 
K 0 0 59 
K 0 -21 59 
A D 2 8 
J N 6 517 0 3 5761 576 0 
K 0 0 43 
K 0 0 54 
A D 1 8 
J B 63 555 1 82 6913 288 0 
J N 7 576 -7 4 1 0 0 
K 0 0 43 
K 0 0 60 
K 0 21 60 
A D 2 8 
J N 6 638 28 3 2305 576 0 
K 0 0 43 
K 0 0 54 
A D 1 8 
J N 7 680 56 5 3457 288 0 
K -15 0 65 
K 0 0 43 
K 0 0 59 
K 0 -21 59 
A D 2 8 
J N 6 738 -7 3 5761 576 0 
K 0 0 43 
K 0 0 54 
A D 1 8 
J B 64 776 1 82 6913 288 0 
J N 7 797 -14 7 1 0 0 
K 0 0 45 
K 0 0 43 
K -1 0 45 
K 2 0 45 
K 0 0 60 
K 0 21 60 
A D 2 8 
J N 6 859 49 3 2305 576 0 
K 0 0 43 
K 0 0 53 
A D 1 8 
J N 7 900 -21 7 3457 288 0 
K 0 7 45 
K 0 0 43 
K 0 7 45 
K 1 7 45 
K 0 0 60 
K 0 21 60 
A D 2 8 
J N 6 956 7 4 5761 576 0 
K -15 0 65 
K 0 0 43 
K 0 0 54 
A D 1 8 
J B 65 993 1 82 6913 288 0 
J N 6 1014 14 2 1 0 2 79 80 
K 0 0 43 
A D 1 8 
J N 6 1059 21 2 1153 288 1 80 
K 0 0 43 
A D 1 8 
J N 6 1094 28 2 2305 288 2 80 79 
K 0 0 43 
A D 1 8 
H 80 B -56 2 108 3 2 1 3 
H 79 S 0 0 0 0 0 0 0 0 0 
J N 6 1129 49 2 3457 288 2 81 82 
K 0 0 43 
A D 1 8 
J N 6 1164 28 2 4609 288 1 82 
K 0 0 43 
A D 1 8 
J N 6 1199 35 2 5761 288 2 82 81 
K 0 0 43 
A D 1 8 
H 82 B 63 0 108 3 2 1 3 
H 81 S 12 0 0 0 0 0 0 0 0 
J B 66 1247 1 82 6913 288 0 
J N 7 1268 28 5 1 0 0 
K 0 0 43 
K 24 -6 44 
K 0 0 60 
K 0 21 60 
A D 3 8 
J R 7 1342 28 2 3457 864 0 
K 0 0 48 
A D 2 8 
J N 6 1403 42 3 5761 576 0 
K 0 0 43 
K 0 0 53 
A D 1 8 
J B 67 1451 1 82 6913 288 0 
J N 7 1472 84 9 1 0 0 
K 1 -14 45 
K 1 0 45 
K 0 0 43 
K -1 0 45 
K 2 0 45 
K 24 -6 44 
K 0 0 59 
K 0 -28 59 
A D 3 8 
J R 7 1546 28 2 3457 864 0 
K 0 0 48 
A D 2 8 
J N 6 1607 49 3 5761 576 0 
K 0 0 43 
K 0 0 53 
A D 1 8 
J B 68 1655 1 82 6913 288 0 
J N 6 1680 56 3 1 0 2 83 84 
K -15 0 65 
K 0 0 43 
A D 1 8 
J N 6 1715 49 2 1153 288 1 84 
K 0 0 43 
A D 1 8 
J N 6 1750 63 2 2305 288 2 84 83 
K 0 0 43 
A D 1 8 
H 84 B 56 0 108 3 2 1 3 
H 83 S 12 0 0 0 0 0 0 0 0 
J N 7 1785 70 7 3457 288 0 
K 1 0 45 
K 0 0 43 
K -1 0 45 
K 2 0 45 
K 0 0 59 
K 0 -21 59 
A D 2 8 
J N 6 1846 49 3 5761 576 0 
K 0 0 43 
K 0 0 53 
A D 1 8 
J B 69 1894 1 82 6913 288 0 
J N 7 1915 63 5 1 0 1 85 
K 0 0 43 
K 25 0 44 
K 0 0 59 
K 0 -21 59 
A D 3 8 
J N 7 1989 63 4 4147 864 1 85 
K 0 0 43 
K 0 0 59 
K 0 -21 59 
A D 2 8 
H 85 T 63 0 0 0 0 0 9 0 
J B 0 2050 6 2 6913 576 0 
K -13 0 82 
K -6 0 84 
E * 
L 160 0 0 313 313 * 0 14 0 
J C 4 5 42 2 6913 0 0 
K 0 0 33 
K 0 0 34 
J K -1 57 0 1 6913 0 0 
K 0 28 65 
J D 0 -11 -14 1 6913 0 0 
W 0 0 0 \06\01 
J N 6 113 28 2 1 0 2 35 34 
K 0 0 43 
A D 1 8 
J M 0 61 0 0 6913 0 1 34 
H 34 T 28 0 0 0 0 0 13 0 
J N 6 149 35 2 1153 288 1 35 
K 0 0 43 
A D 1 8 
J N 6 195 28 2 2305 288 1 35 
K 0 0 43 
A D 1 8 
H 35 B 42 0 108 3 2 1 3 
J N 7 231 70 7 3457 288 0 
K 1 0 45 
K 0 0 43 
K -1 0 45 
K 2 0 45 
K 0 0 59 
K 0 -21 59 
A D 2 8 
J N 6 293 35 3 5761 576 0 
K 0 0 43 
K 0 0 53 
A D 1 8 
J B 62 342 1 82 6913 288 0 
J N 7 363 28 5 1 0 0 
K 0 0 43 
K 24 -6 44 
K 0 0 60 
K 0 21 60 
A D 3 8 
J N 7 463 14 5 3457 864 1 36 
K 0 0 43 
K 24 -6 44 
K 0 0 60 
K 0 21 60 
A D 3 8 
J B 63 555 1 82 6913 864 0 
J N 7 576 14 4 1 0 1 36 
K 0 0 43 
K 0 0 60 
K 0 21 60 
A D 2 8 
H  36 T 11 -2 2 0 0 0 5 0 
J N 6 638 42 3 2305 576 0 
K 0 0 43 
K 0 0 53 
A D 1 8 
J N 7 680 21 4 3457 288 0 
K 0 0 43 
K 0 0 60 
K 0 21 60 
A D 2 8 
J N 6 738 7 4 5761 576 0 
K -15 0 65 
K 0 0 43 
K 0 0 54 
A D 1 8 
J B 64 776 1 82 6913 288 0 
J N 7 797 49 5 1 0 0 
K 0 0 43 
K 25 0 44 
K 0 0 59 
K 0 -21 59 
A D 3 8 
J R 7 900 28 2 3457 864 0 
K 0 0 48 
A D 2 8 
J N 6 956 -7 3 5761 576 0 
K 0 0 43 
K 0 0 54 
A D 1 8 
J B 65 993 1 82 6913 288 0 
J N 6 1014 0 2 1 0 2 37 38 
K 0 0 43 
A D 1 8 
J N 6 1059 7 3 1153 288 1 38 
K -15 0 65 
K 0 0 43 
A D 1 8 
J N 6 1094 14 2 2305 288 2 38 37 
K 0 0 43 
A D 1 8 
H 38 B -56 2 108 3 2 1 3 
H 37 S 0 0 0 0 0 0 0 0 -2 
J N 7 1129 21 4 3457 288 0 
K 0 0 43 
K 0 0 60 
K 0 21 60 
A D 2 8 
J N 6 1199 49 3 5761 576 0 
K 0 0 43 
K 0 0 53 
A D 1 8 
J B 66 1247 1 82 6913 288 0 
J N 7 1268 63 5 1 0 0 
K 0 0 43 
K 25 0 44 
K 0 0 59 
K 0 -21 59 
A D 3 8 
J R 7 1342 28 2 3457 864 0 
K 0 0 48 
A D 2 8 
J N 6 1403 56 4 5761 576 0 
K -15 0 65 
K 0 0 43 
K 0 0 53 
A D 1 8 
J B 67 1451 1 82 6913 288 0 
J N 7 1472 49 5 1 0 0 
K 0 0 43 
K 25 0 44 
K 0 0 59 
K 0 -21 59 
A D 3 8 
J R 7 1546 28 2 3457 864 0 
K 0 0 48 
A D 2 8 
J N 6 1607 14 3 5761 576 0 
K 0 0 43 
K 0 0 54 
A D 1 8 
J B 68 1655 1 82 6913 288 0 
J N 6 1680 21 2 1 0 2 39 40 
K 0 0 43 
A D 1 8 
J N 6 1715 14 2 1153 288 1 40 
K 0 0 43 
A D 1 8 
J N 6 1750 28 2 2305 288 2 40 39 
K 0 0 43 
A D 1 8 
H 40 B -50 2 108 3 2 1 3 
H 39 S 0 0 -7 0 -7 0 0 0 0 
J N 7 1785 49 4 3457 288 0 
K 0 0 43 
K 0 0 59 
K 0 -21 59 
A D 2 8 
J N 6 1846 35 3 5761 576 0 
K 0 0 43 
K 0 0 53 
A D 1 8 
J B 69 1894 1 82 6913 288 0 
J N 7 1915 28 5 1 0 1 41 
K 0 0 43 
K 24 -6 44 
K 0 0 60 
K 0 21 60 
A D 3 8 
J N 7 1989 28 4 4147 864 1 41 
K 0 0 43 
K 0 0 60 
K 0 21 60 
A D 2 8 
H 41 T 28 0 0 0 0 0 5 0 
J B 0 2050 6 2 6913 576 0 
K -13 0 82 
K -6 0 84 
E * 
L 320 0 0 313 313 * 0 14 0 
J C 22 5 14 36 6913 0 0 
J K -1 57 0 1 6913 0 0 
K 0 42 65 
J D 0 -11 -14 1 6913 0 0 
W 0 0 0 \06\01 
J F 0 113 98 2 1 0 0 
K 0 0 206 
K 0 21 219 
J N 7 113 -14 7 1 0 0 
K 0 0 45 
K 0 0 43 
K -1 0 45 
K 2 0 45 
K 0 0 60 
K 0 21 60 
A D 6 16 
J F 0 231 98 1 3457 864 0 
K 0 0 206 
J N 7 231 14 4 3457 0 0 
K 0 0 43 
K 0 0 60 
K 0 21 60 
A D 6 16 
J B 62 342 1 82 6913 864 0 
J N 7 363 -7 4 1 0 0 
K 0 0 43 
K 0 0 60 
K 0 21 60 
A D 6 16 
J R 6 463 28 2 3457 864 0 
K 0 0 49 
A D 3 16 
J N 6 503 28 3 5185 432 0 
K 0 0 43 
K 0 0 54 
A D 3 16 
J B 63 555 1 82 6913 432 0 
J F 0 576 98 1 1 0 0 
K 0 0 206 
J N 7 576 21 5 1 0 0 
K -15 0 65 
K 0 0 43 
K 0 0 60 
K 0 21 60 
A D 6 16 
J R 6 680 28 2 3457 864 0 
K 0 0 49 
A D 3 16 
J F 0 720 98 1 5185 432 0 
K 0 0 205 
J N 6 720 21 3 5185 0 0 
K 0 0 43 
K 0 0 54 
A D 3 16 
J B 64 776 1 82 6913 432 0 
J F 0 797 98 2 1 0 0 
K 0 0 203 
K 0 21 201 
J N 7 797 21 5 1 0 0 
K -15 0 65 
K 0 0 43 
K 0 0 60 
K 0 21 60 
A D 6 16 
J F 0 900 98 1 3457 864 0 
K 0 0 205 
J N 6 900 28 2 3457 0 1 15 
K 0 0 43 
A D 3 16 
J N 6 939 21 2 5185 432 1 15 
K 0 0 43 
A D 3 16 
H 15 B -46 -3 108 2 2 3 
J B 65 993 1 82 6913 432 0 
J F 0 1014 98 2 1 0 0 
K 0 0 205 
K 0 21 203 
J N 7 1014 14 4 1 0 0 
K 0 0 43 
K 0 0 60 
K 0 21 60 
A D 6 16 
J F 0 1129 98 2 3457 864 0 
K 0 0 204 
K 0 21 202 
J N 7 1129 63 4 3457 0 0 
K 0 0 43 
K 0 0 59 
K 0 -21 59 
A D 6 16 
J B 66 1247 1 82 6913 864 0 
J N 7 1268 42 4 1 0 0 
K 0 0 43 
K 0 0 59 
K 0 -21 59 
A D 6 16 
J N 7 1342 21 5 3457 864 1 16 
K -15 0 65 
K 0 0 43 
K 0 0 60 
K 0 21 60 
A D 6 16 
J B 67 1451 1 82 6913 864 0 
J F 0 1472 98 2 1 0 0 
K 0 0 203 
K 0 21 201 
J N 7 1472 21 5 1 0 1 16 
k -15 0 65 
K 0 0 43 
K 0 0 60 
K 0 21 60 
A D 6 16 
H 16 T 21 0 0 0 0 0 1 0 
J F 0 1546 98 1 3457 864 0 
K 0 0 205 
J N 7 1546 28 4 3457 0 0 
K 0 0 43 
K 0 0 60 
K 0 21 60 
A D 6 16 
J B 68 1655 1 82 6913 864 0 
J F 0 1680 98 2 1 0 0 
K 0 0 205 
K 0 21 204 
J N 7 1680 21 5 1 0 0 
K -15 0 65 
K 0 0 43 
K 0 0 60 
K 0 21 60 
A D 6 16 
J F 0 1785 98 1 3457 864 0 
K 0 0 202 
J N 7 1785 14 4 3457 0 0 
K 0 0 43 
K 0 0 60 
K 0 21 60 
A D 6 16 
J B 69 1894 1 82 6913 864 0 
J N 7 1915 42 5 1 0 0 
K 0 0 43 
K 24 -6 44 
K 0 0 59 
K 0 -21 59 
A D 10 16 
J B 0 2050 6 2 6913 1440 0 
K -13 0 82 
K -6 0 84 
E * 
L 530 0 0 313 313 * 0 14 0 
J C 4 5 42 2 6913 0 0 
K 0 0 33 
K 0 0 34 
J K -1 57 0 1 6913 0 0 
K 0 28 65 
J D 0 -11 -14 1 6913 0 0 
W 0 0 0 \06\01 
J R 9 203 28 2 1 10000 0 
K 0 0 46 
A D 6 8 
J B 62 342 1 82 6913 1728 0 
J R 7 363 28 2 1 0 0 
K 0 0 48 
A D 2 8 
J R 6 425 28 2 2305 576 0 
K 0 0 49 
A D 1 8 
J R 7 463 28 2 3457 288 0 
K 0 0 48 
A D 2 8 
J N 6 517 0 3 5761 576 0 
K 0 0 43 
K 0 0 54 
A D 1 8 
J B 63 555 1 82 6913 288 0 
J N 7 576 -7 4 1 0 0 
K 0 0 43 
K 0 0 60 
K 0 21 60 
A D 2 8 
J N 6 638 28 3 2305 576 0 
K 0 0 43 
K 0 0 54 
A D 1 8 
J N 7 680 56 5 3457 288 0 
K -15 0 65 
K 0 0 43 
K 0 0 59 
K 0 -21 59 
A D 2 8 
J N 6 738 -7 3 5761 576 0 
K 0 0 43 
K 0 0 54 
A D 1 8 
J B 64 776 1 82 6913 288 0 
J N 7 797 -14 7 1 0 0 
K 0 0 45 
K 0 0 43 
K -1 0 45 
K 2 0 45 
K 0 0 60 
K 0 21 60 
A D 2 8 
J N 6 859 49 3 2305 576 0 
K 0 0 43 
K 0 0 53 
A D 1 8 
J N 7 900 -21 7 3457 288 0 
K 0 7 45 
K 0 0 43 
K 0 7 45 
K 1 7 45 
K 0 0 60 
K 0 21 60 
A D 2 8 
J N 6 956 7 4 5761 576 0 
K -15 0 65 
K 0 0 43 
K 0 0 54 
A D 1 8 
J B 65 993 1 82 6913 288 0 
J N 6 1014 14 2 1 0 2 44 45 
K 0 0 43 
A D 1 8 
J N 6 1059 21 2 1153 288 1 45 
K 0 0 43 
A D 1 8 
J N 6 1094 28 2 2305 288 2 45 44 
K 0 0 43 
A D 1 8 
H 45 B -56 2 108 3 2 1 3 
H 44 S 0 0 0 0 0 0 0 0 0 
J N 6 1129 49 2 3457 288 2 46 47 
K 0 0 43 
A D 1 8 
J N 6 1164 28 2 4609 288 1 47 
K 0 0 43 
A D 1 8 
J N 6 1199 35 2 5761 288 2 47 46 
K 0 0 43 
A D 1 8 
H 47 B 63 0 108 3 2 1 3 
H 46 S 12 0 0 0 0 0 0 0 0 
J B 66 1247 1 82 6913 288 0 
J N 7 1268 28 5 1 0 0 
K 0 0 43 
K 24 -6 44 
K 0 0 60 
K 0 21 60 
A D 3 8 
J R 7 1342 28 2 3457 864 0 
K 0 0 48 
A D 2 8 
J N 6 1403 42 3 5761 576 0 
K 0 0 43 
K 0 0 53 
A D 1 8 
J B 67 1451 1 82 6913 288 0 
J N 7 1472 84 9 1 0 0 
K 1 -14 45 
K 1 0 45 
K 0 0 43 
K -1 0 45 
K 2 0 45 
K 24 -6 44 
K 0 0 59 
K 0 -28 59 
A D 3 8 
J R 7 1546 28 2 3457 864 0 
K 0 0 48 
A D 2 8 
J N 6 1607 49 3 5761 576 0 
K 0 0 43 
K 0 0 53 
A D 1 8 
J B 68 1655 1 82 6913 288 0 
J N 6 1680 56 3 1 0 2 48 49 
K -15 0 65 
K 0 0 43 
A D 1 8 
J N 6 1715 49 2 1153 288 1 49 
K 0 0 43 
A D 1 8 
J N 6 1750 63 2 2305 288 2 49 48 
K 0 0 43 
A D 1 8 
H 49 B 56 0 108 3 2 1 3 
H 48 S 12 0 0 0 0 0 0 0 0 
J N 7 1785 70 7 3457 288 0 
K 1 0 45 
K 0 0 43 
K -1 0 45 
K 2 0 45 
K 0 0 59 
K 0 -21 59 
A D 2 8 
J N 6 1846 49 3 5761 576 0 
K 0 0 43 
K 0 0 53 
A D 1 8 
J B 69 1894 1 82 6913 288 0 
J N 7 1915 63 5 1 0 1 50 
K 0 0 43 
K 25 0 44 
K 0 0 59 
K 0 -21 59 
A D 3 8 
J N 7 1989 63 4 4147 864 1 50 
K 0 0 43 
K 0 0 59 
K 0 -21 59 
A D 2 8 
H 50 T 63 0 0 0 0 0 9 0 
J B 0 2050 6 2 6913 576 0 
K -13 0 82 
K -6 0 84 
E * 
L 690 0 0 313 313 * 0 14 0 
J C 4 5 42 2 6913 0 0 
K 0 0 33 
K 0 0 34 
J K -1 57 0 1 6913 0 0 
K 0 28 65 
J D 0 -11 -14 1 6913 0 0 
W 0 0 0 \06\01 
J R 9 203 28 2 1 10000 0 
K 0 0 46 
A D 6 8 
J B 62 342 1 82 6913 1728 0 
J R 7 363 28 2 1 0 0 
K 0 0 48 
A D 2 8 
J R 6 425 28 2 2305 576 0 
K 0 0 49 
A D 1 8 
J N 7 463 14 5 3457 288 1 20 
K 0 0 43 
K 24 -6 44 
K 0 0 60 
K 0 21 60 
A D 3 8 
J B 63 555 1 82 6913 864 0 
J N 7 576 14 4 1 0 1 20 
K 0 0 43 
K 0 0 60 
K 0 21 60 
A D 2 8 
H  20 T 11 -2 2 0 0 0 5 0 
J N 6 638 42 3 2305 576 0 
K 0 0 43 
K 0 0 53 
A D 1 8 
J N 7 680 21 4 3457 288 0 
K 0 0 43 
K 0 0 60 
K 0 21 60 
A D 2 8 
J N 6 738 7 4 5761 576 0 
K -15 0 65 
K 0 0 43 
K 0 0 54 
A D 1 8 
J B 64 776 1 82 6913 288 0 
J N 7 797 49 5 1 0 0 
K 0 0 43 
K 25 0 44 
K 0 0 59 
K 0 -21 59 
A D 3 8 
J R 7 900 28 2 3457 864 0 
K 0 0 48 
A D 2 8 
J N 6 956 -7 3 5761 576 0 
K 0 0 43 
K 0 0 54 
A D 1 8 
J B 65 993 1 82 6913 288 0 
J N 6 1014 0 2 1 0 2 21 22 
K 0 0 43 
A D 1 8 
J N 6 1059 7 3 1153 288 1 22 
K -15 0 65 
K 0 0 43 
A D 1 8 
J N 6 1094 14 2 2305 288 2 22 21 
K 0 0 43 
A D 1 8 
H 22 B -56 2 108 3 2 1 3 
H 21 S 0 0 0 0 0 0 0 0 -2 
J N 7 1129 21 4 3457 288 0 
K 0 0 43 
K 0 0 60 
K 0 21 60 
A D 2 8 
J N 6 1199 49 3 5761 576 0 
K 0 0 43 
K 0 0 53 
A D 1 8 
J B 66 1247 1 82 6913 288 0 
J N 7 1268 63 5 1 0 0 
K 0 0 43 
K 25 0 44 
K 0 0 59 
K 0 -21 59 
A D 3 8 
J R 7 1342 28 2 3457 864 0 
K 0 0 48 
A D 2 8 
J N 6 1403 56 4 5761 576 0 
K -15 0 65 
K 0 0 43 
K 0 0 53 
A D 1 8 
J B 67 1451 1 82 6913 288 0 
J N 7 1472 49 5 1 0 0 
K 0 0 43 
K 25 0 44 
K 0 0 59 
K 0 -21 59 
A D 3 8 
J R 7 1546 28 2 3457 864 0 
K 0 0 48 
A D 2 8 
J N 6 1607 14 3 5761 576 0 
K 0 0 43 
K 0 0 54 
A D 1 8 
J B 68 1655 1 82 6913 288 0 
J N 6 1680 21 2 1 0 2 23 24 
K 0 0 43 
A D 1 8 
J N 6 1715 14 2 1153 288 1 24 
K 0 0 43 
A D 1 8 
J N 6 1750 28 2 2305 288 2 24 23 
K 0 0 43 
A D 1 8 
H 24 B -50 2 108 3 2 1 3 
H 23 S 0 0 -7 0 -7 0 0 0 0 
J N 7 1785 49 4 3457 288 0 
K 0 0 43 
K 0 0 59 
K 0 -21 59 
A D 2 8 
J N 6 1846 35 3 5761 576 0 
K 0 0 43 
K 0 0 53 
A D 1 8 
J B 69 1894 1 82 6913 288 0 
J N 7 1915 28 5 1 0 1 25 
K 0 0 43 
K 24 -6 44 
K 0 0 60 
K 0 21 60 
A D 3 8 
J N 7 1989 28 4 4147 864 1 25 
K 0 0 43 
K 0 0 60 
K 0 21 60 
A D 2 8 
H 25 T 28 0 0 0 0 0 5 0 
J B 0 2050 6 2 6913 576 0 
K -13 0 82 
K -6 0 84 
E * 
L 850 0 0 313 313 * 0 14 0 
J C 13 5 28 35 6913 0 0 
J K -1 57 0 1 6913 0 0 
K 0 35 65 
J D 0 -11 -14 1 6913 0 0 
W 0 0 0 \06\01 
J R 9 203 28 2 1 10000 0 
K 0 0 46 
A D 6 8 
J B 62 342 1 82 6913 1728 0 
J R 7 363 28 2 1 0 0 
K 0 0 48 
A D 2 8 
J R 6 425 28 2 2305 576 0 
K 0 0 49 
A D 1 8 
J R 7 463 28 2 3457 288 0 
K 0 0 48 
A D 2 8 
J N 6 517 -14 6 5761 576 0 
K 0 0 45 
K 0 0 43 
K -1 0 45 
K 2 0 45 
K 0 0 54 
A D 1 8 
J B 63 555 1 82 6913 288 0 
J N 7 576 -14 8 1 0 0 
K 0 0 45 
K 0 0 43 
K -1 0 45 
K 2 0 45 
K 24 -6 44 
K 0 0 60 
K 0 21 60 
A D 3 8 
J R 7 680 28 2 3457 864 0 
K 0 0 48 
A D 2 8 
J N 6 738 0 3 5761 576 0 
K 0 0 43 
K 0 0 54 
A D 1 8 
J B 64 776 1 82 6913 288 0 
J N 7 797 -21 8 1 0 0 
K 0 7 45 
K 0 0 43 
K 0 7 45 
K 1 7 45 
K 25 0 44 
K 0 0 60 
K 0 21 60 
A D 3 8 
J R 7 900 28 2 3457 864 0 
K 0 0 48 
A D 2 8 
J N 6 956 -14 6 5761 576 0 
K 0 0 45 
K 0 0 43 
K -1 0 45 
K 2 0 45 
K 0 0 54 
A D 1 8 
J B 65 993 1 82 6913 288 0 
J N 7 1014 -14 8 1 0 0 
K 0 0 45 
K 0 0 43 
K -1 0 45 
K 2 0 45 
K 24 -6 44 
K 0 0 60 
K 0 21 60 
A D 3 8 
J N 6 1129 -7 2 3457 864 2 7 8 
K 0 0 43 
A D 1 8 
J N 6 1164 -14 5 4609 288 1 8 
K 0 0 45 
K 0 0 43 
K -1 0 45 
K 2 0 45 
A D 1 8 
J N 6 1199 -21 5 5761 288 2 8 7 
K 0 7 45 
K 0 0 43 
K 0 7 45 
K 1 7 45 
A D 1 8 
H 8 B -42 -2 108 3 2 1 3 
H 7 S 0 0 0 0 0 0 0 0 0 
J B 66 1247 1 82 6913 288 0 
J N 7 1268 -14 8 1 0 0 
K 0 0 45 
K 0 0 43 
K -1 0 45 
K 2 0 45 
K 24 -6 44 
K 0 0 60 
K 0 21 60 
A D 3 8 
J R 7 1342 28 2 3457 864 0 
K 0 0 48 
A D 2 8 
J N 6 1403 35 3 5761 576 0 
K 0 0 43 
K 0 0 53 
A D 1 8 
J B 67 1451 1 82 6913 288 0 
J N 7 1472 28 5 1 0 0 
K 0 0 43 
K 24 -6 44 
K 0 0 60 
K 0 21 60 
A D 3 8 
J R 7 1546 28 2 3457 864 0 
K 0 0 48 
A D 2 8 
J N 6 1607 -14 6 5761 576 0 
K 0 0 45 
K 0 0 43 
K -1 0 45 
K 2 0 45 
K 0 0 54 
A D 1 8 
J B 68 1655 1 82 6913 288 0 
J N 7 1680 0 5 1 0 0 
K 0 0 43 
K 24 -6 44 
K 0 0 60 
K 0 21 60 
A D 3 8 
J N 7 1785 7 5 3457 864 0 
K 0 0 43 
K 25 0 44 
K 0 0 60 
K 0 21 60 
A D 3 8 
J B 69 1894 1 82 6913 864 0 
J N 7 1915 7 5 1 0 1 9 
K 0 0 43 
K 25 0 44 
K 0 0 60 
K 0 21 60 
A D 3 8 
J N 7 1989 7 4 4147 864 1 9 
K 0 0 43 
K 0 0 60 
K 0 21 60 
A D 2 8 
H 9 T 7 0 0 0 0 0 1 0 
J B 0 2050 6 2 6913 576 0 
K -13 0 82 
K -6 0 84 
E * 
L 1010 0 0 313 313 * 0 14 0 
J C 22 5 14 36 6913 0 0 
J K -1 57 0 1 6913 0 0 
K 0 42 65 
J D 0 -11 -14 1 6913 0 0 
W 0 0 0 \06\01 
J R 9 203 28 2 1 10000 0 
K 0 0 46 
A D 12 16 
J B 62 342 1 82 6913 1728 0 
J R 7 363 28 2 1 0 0 
K 0 0 48 
A D 6 16 
J R 6 463 28 2 3457 864 0 
K 0 0 49 
A D 3 16 
J N 6 503 28 3 5185 432 0 
K 0 0 43 
K 0 0 54 
A D 3 16 
J B 63 555 1 82 6913 432 0 
J F 0 576 98 1 1 0 0 
K 0 0 206 
J N 7 576 21 5 1 0 0 
K -15 0 65 
K 0 0 43 
K 0 0 60 
K 0 21 60 
A D 6 16 
J R 6 680 28 2 3457 864 0 
K 0 0 49 
A D 3 16 
J F 0 720 98 1 5185 432 0 
K 0 0 205 
J N 6 720 21 3 5185 0 0 
K 0 0 43 
K 0 0 54 
A D 3 16 
J B 64 776 1 82 6913 432 0 
J F 0 797 98 2 1 0 0 
K 0 0 203 
K 0 21 201 
J N 7 797 21 5 1 0 0 
K -15 0 65 
K 0 0 43 
K 0 0 60 
K 0 21 60 
A D 6 16 
J F 0 900 98 1 3457 864 0 
K 0 0 205 
J N 6 900 28 2 3457 0 1 10 
K 0 0 43 
A D 3 16 
J N 6 939 21 2 5185 432 1 10 
K 0 0 43 
A D 3 16 
H 10 B -46 -3 108 2 2 3 
J B 65 993 1 82 6913 432 0 
J F 0 1014 98 2 1 0 0 
K 0 0 205 
K 0 21 203 
J N 7 1014 14 4 1 0 0 
K 0 0 43 
K 0 0 60 
K 0 21 60 
A D 6 16 
J F 0 1129 98 2 3457 864 0 
K 0 0 204 
K 0 21 202 
J N 7 1129 63 4 3457 0 0 
K 0 0 43 
K 0 0 59 
K 0 -21 59 
A D 6 16 
J B 66 1247 1 82 6913 864 0 
J N 7 1268 42 4 1 0 0 
K 0 0 43 
K 0 0 59 
K 0 -21 59 
A D 6 16 
J N 7 1342 21 5 3457 864 1 11 
K -15 0 65 
K 0 0 43 
K 0 0 60 
K 0 21 60 
A D 6 16 
J B 67 1451 1 82 6913 864 0 
J F 0 1472 98 2 1 0 0 
K 0 0 203 
K 0 21 201 
J N 7 1472 21 5 1 0 1 11 
k -15 0 65 
K 0 0 43 
K 0 0 60 
K 0 21 60 
A D 6 16 
H 11 T 21 0 0 0 0 0 1 0 
J F 0 1546 98 1 3457 864 0 
K 0 0 205 
J N 7 1546 28 4 3457 0 0 
K 0 0 43 
K 0 0 60 
K 0 21 60 
A D 6 16 
J B 68 1655 1 82 6913 864 0 
J F 0 1680 98 2 1 0 0 
K 0 0 205 
K 0 21 204 
J N 7 1680 21 5 1 0 0 
K -15 0 65 
K 0 0 43 
K 0 0 60 
K 0 21 60 
A D 6 16 
J F 0 1785 98 1 3457 864 0 
K 0 0 202 
J N 7 1785 14 4 3457 0 0 
K 0 0 43 
K 0 0 60 
K 0 21 60 
A D 6 16 
J B 69 1894 1 82 6913 864 0 
J N 7 1915 42 5 1 0 0 
K 0 0 43 
K 24 -6 44 
K 0 0 59 
K 0 -21 59 
A D 10 16 
J B 0 2050 6 2 6913 1440 0 
K -13 0 82 
K -6 0 84 
E * 
B 1 342 0 
B 1 555 0 
B 1 776 0 
B 1 993 0 
B 1 1247 0 
B 1 1451 0 
B 1 1655 0 
B 1 1894 0 
B 6 2050 0 
