@ SOURCE: not identified 
L 0 0 14 !39Violoncello
J D 4 500 -120 1 6913 0 0
W 0 0 44 
J D 1 75 -37 1 6913 0 0
W 0 -56 44 :  Violoncello
J C 22 5 14 36 6913 0 0
J K -2 57 0 2 6913 0 0
K 0 42 65
K 13 21 65
J D 5 99 -42 1 6913 0 0
W 0 0 37 Allegro
J T 1208 120 0 3 6913 0 0
K 0 28 73
K -21 28 72
K -10 56 79
J R 9 160 28 2 1 10000 0
K 0 0 46
A D 12 8
J B 2 265 1 82 6913 3456 0
J R 9 286 28 2 1 10000 0
K 0 0 46
A D 12 8
J B 3 391 1 82 6913 3456 0
J R 7 412 28 2 1 0 0
K 0 0 48
A D 2 8
J R 6 448 28 2 1153 576 0
K 0 0 49
A D 1 8
J F 0 476 98 1 1729 288 0
K 0 0 205
J N 6 476 7 2 1729 0 1 1
K 0 0 43
A D 1 8
J N 6 504 14 2 2305 288 1 1
K 0 0 43
A D 1 8
J N 6 532 7 2 2881 288 1 1
K 0 0 43
A D 1 8
H 1 B 1 0 108 3 2 1 3
J F 0 560 98 2 3457 288 0
K 0 0 205
K 0 21 204
J N 6 560 0 2 3457 0 1 2
K 0 0 43
A D 1 8
J N 6 588 7 2 4033 288 1 2
K 0 0 43
A D 1 8
J N 6 616 0 2 4609 288 1 2
K 0 0 43
A D 1 8
H 2 B 1 0 108 3 2 1 3
J F 0 652 98 1 5185 288 0
K 0 0 204
J N 6 652 -7 3 5185 0 1 3
K -14 0 64
K 0 0 43
A D 1 8
J N 6 680 0 2 5761 288 1 3
K 0 0 43
A D 1 8
J N 6 708 -7 2 6337 288 1 3
K 0 0 43
A D 1 8
H 3 B 1 0 108 3 2 1 3
J B 4 740 1 82 6913 288 0
J F 0 761 98 1 1 0 0
K 0 0 208
J N 6 761 -14 5 1 0 1 4
K 0 0 45
K 0 0 43
K -1 0 45
K 2 0 45
A D 1 8
J N 6 801 -7 3 577 288 1 4
K -14 0 64
K 0 0 43
A D 1 8
J N 6 829 -14 5 1153 288 1 4
K 0 0 45
K 0 0 43
K -1 0 45
K 2 0 45
A D 1 8
H 4 B 1 0 108 3 2 1 3
J F 0 857 98 1 1729 288 0
K 0 0 205
J N 6 857 21 2 1729 0 1 5
K 0 0 43
A D 1 8
J N 6 885 28 2 2305 288 1 5
K 0 0 43
A D 1 8
J N 6 913 21 2 2881 288 1 5
K 0 0 43
A D 1 8
H 5 B 1 0 108 3 2 1 3
J F 0 941 98 3 3457 288 0
K 0 0 205
K 0 21 204
K 0 42 219
J N 6 941 14 2 3457 0 1 6
K 0 0 43
A D 1 8
J N 6 969 21 2 4033 288 1 6
K 0 0 43
A D 1 8
J N 6 997 14 2 4609 288 1 6
K 0 0 43
A D 1 8
H 6 B 1 0 108 3 2 1 3
J F 0 1025 98 1 5185 288 0
K 0 0 218
J N 6 1025 7 2 5185 0 1 7
K 0 0 43
A D 1 8
J N 6 1053 14 2 5761 288 1 7
K 0 0 43
A D 1 8
J N 6 1081 7 2 6337 288 1 7
K 0 0 43
A D 1 8
H 7 B 1 0 108 3 2 1 3
J B 5 1113 1 82 6913 288 0
J N 7 1134 35 4 1 0 0
K 0 0 43
K 0 0 59
K 0 -21 59
A D 2 8
J N 6 1170 -14 6 1153 576 0
K 0 0 45
K 0 0 43
K -1 0 45
K 2 0 45
K 0 0 54
A D 1 8
J N 6 1210 -7 3 1729 288 1 8
K -14 0 64
K 0 0 43
A D 1 8
J N 6 1238 7 2 2305 288 1 8
K 0 0 43
A D 1 8
J N 6 1266 -7 2 2881 288 1 8
K 0 0 43
A D 1 8
H 8 B 1 0 108 3 2 1 3
J N 6 1294 -14 5 3457 288 1 9
K 0 0 45
K 0 0 43
K -1 0 45
K 2 0 45
A D 1 8
J N 6 1322 7 2 4033 288 1 9
K 0 0 43
A D 1 8
J N 6 1350 -14 5 4609 288 1 9
K 0 0 45
K 0 0 43
K -1 0 45
K 2 0 45
A D 1 8
H 9 B 1 0 108 3 2 1 3
J N 6 1378 -7 2 5185 288 1 10
K 0 0 43
A D 1 8
J N 6 1406 7 2 5761 288 1 10
K 0 0 43
A D 1 8
J N 6 1434 -7 2 6337 288 1 10
K 0 0 43
A D 1 8
H 10 B 1 0 108 3 2 1 3
J B 6 1466 1 82 6913 288 0
J N 7 1487 -14 7 1 0 0
K 0 0 45
K 0 0 43
K -1 0 45
K 2 0 45
K 0 0 60
K 0 21 60
A D 2 8
J N 6 1523 -28 8 1153 576 0
K 0 14 45
K 0 0 45
K 0 0 43
K -1 0 45
K 2 0 45
K 0 0 60
K 0 7 54
A D 1 8
J N 6 1551 -21 5 1729 288 1 11
K 0 7 45
K 0 0 43
K 0 7 45
K 1 7 45
A D 1 8
J N 6 1579 -7 2 2305 288 1 11
K 0 0 43
A D 1 8
J N 6 1607 -21 5 2881 288 1 11
K 0 7 45
K 0 0 43
K 0 7 45
K 1 7 45
A D 1 8
H 11 B 1 0 108 3 2 1 3
J N 6 1635 -28 6 3457 288 1 12
K 0 14 45
K 0 0 45
K 0 0 43
K -1 0 45
K 2 0 45
A D 1 8
J N 6 1663 -7 2 4033 288 1 12
K 0 0 43
A D 1 8
J N 6 1691 -28 6 4609 288 1 12
K 0 14 45
K 0 0 45
K 0 0 43
K -1 0 45
K 2 0 45
A D 1 8
H 12 B 1 0 108 3 2 1 3
J N 6 1719 -21 5 5185 288 1 13
K 0 7 45
K 0 0 43
K 0 7 45
K 1 7 45
A D 1 8
J N 6 1747 -7 2 5761 288 1 13
K 0 0 43
A D 1 8
J N 6 1775 -21 5 6337 288 1 13
K 0 7 45
K 0 0 43
K 0 7 45
K 1 7 45
A D 1 8
H 13 B 1 0 108 3 2 1 3
J B 7 1807 1 82 6913 288 0
J N 7 1828 -28 8 1 0 0
K 0 14 45
K 0 0 45
K 0 0 43
K -1 0 45
K 2 0 45
K 0 0 60
K 0 28 60
A D 2 8
J F 0 1864 98 1 1153 576 0
K 0 0 219
J N 6 1864 -35 8 1153 0 0
K 0 21 45
K 0 7 45
K 0 0 43
K 0 7 45
K 1 7 45
K 0 0 60
K 0 14 54
A D 1 8
J N 6 1904 -28 7 1729 288 1 14
K 0 14 45
K 0 0 45
K -14 0 64
K 0 0 43
K -1 0 45
K 2 0 45
A D 1 8
J N 6 1932 -14 5 2305 288 1 14
K 0 0 45
K 0 0 43
K -1 0 45
K 2 0 45
A D 1 8
J N 6 1960 -28 6 2881 288 1 14
K 0 14 45
K 0 0 45
K 0 0 43
K -1 0 45
K 2 0 45
A D 1 8
H 14 B 1 0 108 3 2 1 3
J N 6 1988 -35 6 3457 288 1 15
K 0 21 45
K 0 7 45
K 0 0 43
K 0 7 45
K 1 7 45
A D 1 8
J N 6 2016 -14 5 4033 288 1 15
K 0 0 45
K 0 0 43
K -1 0 45
K 2 0 45
A D 1 8
J N 6 2044 -35 6 4609 288 1 15
K 0 21 45
K 0 7 45
K 0 0 43
K 0 7 45
K 1 7 45
A D 1 8
H 15 B 1 0 108 3 2 1 3
J N 6 2072 -28 6 5185 288 1 16
K 0 14 45
K 0 0 45
K 0 0 43
K -1 0 45
K 2 0 45
A D 1 8
J N 6 2100 -14 5 5761 288 1 16
K 0 0 45
K 0 0 43
K -1 0 45
K 2 0 45
A D 1 8
J N 6 2128 -28 6 6337 288 1 16
K 0 14 45
K 0 0 45
K 0 0 43
K -1 0 45
K 2 0 45
A D 1 8
H 16 B 1 0 108 3 2 1 3
J B 8 2160 1 82 6913 288 0
J F 0 2181 98 1 1 0 0
K 0 0 219
J N 7 2181 -35 10 1 0 0
K 0 21 45
K 0 7 45
K 0 0 43
K 0 7 45
K 1 7 45
K 25 0 44
K 0 0 60
K 0 28 60
K 0 35 60
A D 3 8
J F 0 2225 98 1 1729 864 0
K 0 0 218
J N 7 2225 -42 11 1729 0 0
K 0 28 45
K 0 14 45
K 0 0 45
K 0 0 43
K -1 0 45
K 2 0 45
K 24 -6 44
K 0 0 60
K 0 28 60
K 0 42 60
A D 3 8
J F 0 2273 98 1 3457 864 0
K 0 0 206
J N 8 2273 -49 12 3457 0 0
K 0 35 45
K 0 21 45
K 0 7 45
K -15 0 65
K 0 0 42
K 0 7 45
K 1 7 45
K 25 0 44
K 0 0 60
K 0 28 60
K 0 49 60
A D 6 8
J F 0 2317 98 1 5185 864 0
K 0 0 205
J B 9 2365 1 82 6913 864 0
J F 0 2386 98 1 1 0 0
K 0 0 218
J N 7 2386 -42 11 1 0 0
K 0 28 45
K 0 14 45
K 0 0 45
K 0 0 43
K -1 0 45
K 2 0 45
K 24 -6 44
K 0 0 60
K 0 28 60
K 0 42 60
A D 3 8
J N 6 2430 -14 5 1729 864 1 17
K 0 0 45
K 0 0 43
K -1 0 45
K 2 0 45
A D 1 8
J N 6 2458 -7 2 2305 288 1 17
K 0 0 43
A D 1 8
J N 6 2486 -14 5 2881 288 1 17
K 0 0 45
K 0 0 43
K -1 0 45
K 2 0 45
A D 1 8
H 17 B 1 0 108 3 2 1 3
J F 0 2514 98 2 3457 288 0
K 0 0 206
K 0 21 219
J N 6 2514 14 2 3457 0 1 18
K 0 0 43
A D 1 8
J N 6 2542 7 2 4033 288 1 18
K 0 0 43
A D 1 8
J N 6 2583 0 3 4609 288 1 18
K -15 0 65
K 0 0 43
A D 1 8
H 18 B 1 0 108 3 2 1 3
J F 0 2611 98 2 5185 288 0
K 0 0 206
K 15 0 219
J N 6 2611 -7 2 5185 0 1 19
K 0 0 43
A D 1 8
J N 6 2646 0 2 5761 288 1 19
K 0 0 43
A D 1 8
J N 6 2674 -7 2 6337 288 1 19
K 0 0 43
A D 1 8
H 19 B 1 0 108 3 2 1 3
J B 10 2706 1 82 6913 288 0
J F 0 2727 98 1 1 0 0
K 0 0 206
J N 6 2727 21 2 1 0 1 20
K 0 0 43
A D 1 8
J N 6 2755 14 2 577 288 1 20
K 0 0 43
A D 1 8
J N 6 2783 7 2 1153 288 1 20
K 0 0 43
A D 1 8
H 20 B 1 0 108 3 2 1 3
J F 0 2820 98 1 1729 288 0
K 0 0 206
J N 6 2820 0 3 1729 0 1 21
K -15 0 65
K 0 0 43
A D 1 8
J N 6 2848 7 2 2305 288 1 21
K 0 0 43
A D 1 8
J N 6 2876 0 2 2881 288 1 21
K 0 0 43
A D 1 8
H 21 B 1 0 108 3 2 1 3
J F 0 2904 98 1 3457 288 0
K 0 0 206
J N 6 2904 28 2 3457 0 1 22
K 0 0 43
A D 1 8
J N 6 2932 21 2 4033 288 1 22
K 0 0 43
A D 1 8
J N 6 2960 14 2 4609 288 1 22
K 0 0 43
A D 1 8
H 22 B 1 0 108 3 2 1 3
J F 0 2988 98 2 5185 288 0
K 0 0 206
K 0 21 218
J N 6 2988 7 2 5185 0 1 23
K 0 0 43
A D 1 8
J N 6 3016 14 2 5761 288 1 23
K 0 0 43
A D 1 8
J N 6 3044 7 2 6337 288 1 23
K 0 0 43
A D 1 8
H 23 B 1 0 108 3 2 1 3
J B 11 3076 1 82 6913 288 0
J N 7 3097 35 5 1 0 0
K 0 0 43
K 25 0 44
K 0 0 59
K 0 -21 59
A D 3 8
J F 0 3141 98 2 1729 864 0
K 0 0 205
K 15 0 219
J N 7 3141 -14 8 1729 0 0
K 0 0 45
K 0 0 43
K -1 0 45
K 2 0 45
K 24 -6 44
K 0 0 60
K 0 21 60
A D 3 8
J F 0 3185 98 2 3457 864 0
K 0 0 206
K 15 0 219
J N 7 3185 -7 5 3457 0 0
K 0 0 43
K 25 0 44
K 0 0 60
K 0 21 60
A D 3 8
J F 0 3229 98 1 5185 864 0
K 0 0 206
J N 7 3229 21 5 5185 0 0
K 0 0 43
K 25 0 44
K 0 0 60
K 0 21 60
A D 3 8
J B 12 3277 1 82 6913 864 0
J F 0 3298 98 1 1 0 0
K 0 0 206
J N 7 3298 0 6 1 0 0
K -15 0 65
K 0 0 43
K 24 -6 44
K 0 0 60
K 0 21 60
A D 3 8
J F 0 3342 98 1 1729 864 0
K 0 0 205
J N 7 3342 49 6 1729 0 0
K -15 0 65
K 0 0 43
K 25 0 44
K 0 0 59
K 0 -21 59
A D 3 8
J F 0 3386 98 1 3457 864 0
K 0 0 218
J N 7 3386 56 5 3457 0 0
K 0 0 43
K 24 -6 44
K 0 0 59
K 0 -21 59
A D 3 8
J R 7 3430 28 2 5185 864 0
K 0 0 48
A D 2 8
J R 6 3466 28 2 6337 576 0
K 0 0 49
A D 1 8
J B 13 3498 1 82 6913 288 0
J R 7 3519 28 2 1 0 0
K 0 0 48
A D 2 8
J R 6 3555 28 2 1153 576 0
K 0 0 49
A D 1 8
J N 7 3583 35 5 1729 288 0
K 0 0 43
K 25 0 44
K 0 0 59
K 0 -21 59
A D 3 8
J F 0 3627 98 1 3457 864 0
K 0 0 218
J N 8 3627 7 5 3457 0 0
K 0 0 42
K 25 0 44
K 0 0 60
K 0 21 60
A D 6 8
J B 14 3695 1 82 6913 1728 0
J R 7 3716 28 2 1 0 0
K 0 0 48
A D 2 8
J R 6 3752 28 2 1153 576 0
K 0 0 49
A D 1 8
J N 7 3780 35 6 1729 288 0
K 0 0 43
K 25 0 44
K 0 44 108
K 0 0 59
K 0 -21 59
A D 3 8
J F 0 3824 98 1 3457 864 0
K 0 0 218
J N 8 3824 56 5 3457 0 0
K 0 0 42
K 24 -6 44
K 0 0 59
K 0 -21 59
A D 6 8
J B 15 3914 10 6 6913 1728 0
K -22 21 44
K -22 35 44
K -12 0 84
K 0 0 84
K 11 21 44
K 11 35 44
J R 9 3951 28 2 1 10000 0
K 0 0 46
A D 12 8
J B 16 4056 1 82 6913 3456 0
J R 9 4077 28 2 1 10000 0
K 0 0 46
A D 12 8
J B 17 4182 1 82 6913 3456 0
J R 7 4203 28 2 1 0 0
K 0 0 48
A D 2 8
J R 6 4239 28 2 1153 576 0
K 0 0 49
A D 1 8
J F 0 4267 98 1 1729 288 0
K 0 0 205
J N 6 4267 28 2 1729 0 1 24
K 0 0 43
A D 1 8
J N 6 4295 35 2 2305 288 1 24
K 0 0 43
A D 1 8
J N 6 4323 28 2 2881 288 1 24
K 0 0 43
A D 1 8
H 24 B 1 0 108 3 2 1 3
J F 0 4359 98 2 3457 288 0
K 0 0 205
K 0 21 204
J N 6 4359 21 3 3457 0 1 25
K -14 0 64
K 0 0 43
A D 1 8
J N 6 4387 28 2 4033 288 1 25
K 0 0 43
A D 1 8
J N 6 4415 21 2 4609 288 1 25
K 0 0 43
A D 1 8
H 25 B 1 0 108 3 2 1 3
J F 0 4455 98 1 5185 288 0
K 0 0 204
J N 6 4455 14 3 5185 0 1 26
K -18 0 63
K 0 0 43
A D 1 8
J N 6 4483 21 2 5761 288 1 26
K 0 0 43
A D 1 8
J N 6 4511 14 2 6337 288 1 26
K 0 0 43
A D 1 8
H 26 B 1 0 108 3 2 1 3
J B 18 4543 1 82 6913 288 0
J F 0 4564 98 1 1 0 0
K 0 0 208
J N 6 4564 7 2 1 0 1 27
K 0 0 43
A D 1 8
J N 6 4608 14 3 577 288 1 27
K -18 0 63
K 0 0 43
A D 1 8
J N 6 4636 7 2 1153 288 1 27
K 0 0 43
A D 1 8
H 27 B 1 0 108 3 2 1 3
J F 0 4664 98 1 1729 288 0
K 0 0 205
J N 6 4664 42 2 1729 0 1 28
K 0 0 43
A D 1 8
J N 6 4692 49 2 2305 288 1 28
K 0 0 43
A D 1 8
J N 6 4720 42 2 2881 288 1 28
K 0 0 43
A D 1 8
H 28 B 0 0 108 3 2 1 3
J F 0 4748 98 2 3457 288 0
K 0 0 205
K 0 21 204
J N 6 4748 35 2 3457 0 1 29
K 0 0 43
A D 1 8
J N 6 4776 42 2 4033 288 1 29
K 0 0 43
A D 1 8
J N 6 4804 35 2 4609 288 1 29
K 0 0 43
A D 1 8
H 29 B 0 0 108 3 2 1 3
J F 0 4832 98 1 5185 288 0
K 0 0 213
J N 6 4832 28 2 5185 0 1 30
K 0 0 43
A D 1 8
J N 6 4860 35 2 5761 288 1 30
K 0 0 43
A D 1 8
J N 6 4888 28 2 6337 288 1 30
K 0 0 43
A D 1 8
H 30 B 1 0 108 3 2 1 3
J B 19 4920 1 82 6913 288 0
J N 8 4941 56 5 1 0 0
K 0 0 42
K 24 -6 44
K 0 0 59
K 0 -21 59
A D 6 8
J N 7 5005 7 5 3457 1728 0
K 0 0 43
K 25 0 44
K 0 0 60
K 0 21 60
A D 3 8
J F 0 5053 98 2 5185 864 0
K 0 0 205
K 0 21 204
J N 7 5053 21 6 5185 0 0
K -14 0 64
K 0 0 43
K 25 0 44
K 0 0 60
K 0 21 60
A D 3 8
J B 20 5101 1 82 6913 864 0
J F 0 5122 98 1 1 0 0
K 0 0 219
J N 7 5122 14 5 1 0 0
K 0 0 43
K 24 -6 44
K 0 0 60
K 0 21 60
A D 3 8
J R 7 5166 28 2 1729 864 0
K 0 0 48
A D 2 8
J R 6 5202 28 2 2881 576 0
K 0 0 49
A D 1 8
J F 0 5230 98 1 3457 288 0
K 0 0 218
J N 7 5230 -14 8 3457 0 0
K 0 0 45
K 0 0 43
K -1 0 45
K 2 0 45
K 24 -6 44
K 0 0 60
K 0 21 60
A D 3 8
J N 7 5274 35 5 5185 864 0
K 0 0 43
K 25 0 44
K 0 0 59
K 0 -21 59
A D 3 8
J B 21 5322 1 82 6913 864 0
J F 0 5343 98 1 1 0 0
K 0 0 219
J N 7 5343 63 5 1 0 0
K 0 0 43
K 25 0 44
K 0 0 59
K 0 -21 59
A D 3 8
J R 7 5387 28 2 1729 864 0
K 0 0 48
A D 2 8
J R 6 5423 28 2 2881 576 0
K 0 0 49
A D 1 8
J F 0 5451 98 1 3457 288 0
K 0 0 219
J N 7 5451 14 5 3457 0 0
K 0 0 43
K 24 -6 44
K 0 0 60
K 0 21 60
A D 3 8
J F 0 5495 98 3 5185 864 0
K 0 0 205
K 0 21 204
K 15 21 219
J N 7 5495 28 5 5185 0 0
K 0 0 43
K 24 -6 44
K 0 0 60
K 0 21 60
A D 3 8
J B 22 5543 1 82 6913 864 0
J N 7 5564 21 5 1 0 0
K 0 0 43
K 25 0 44
K 0 0 60
K 0 21 60
A D 3 8
J R 7 5608 28 2 1729 864 0
K 0 0 48
A D 2 8
J R 6 5644 28 2 2881 576 0
K 0 0 49
A D 1 8
J N 7 5672 -7 5 3457 288 0
K 0 0 43
K 25 0 44
K 0 0 60
K 0 21 60
A D 3 8
J N 7 5716 42 5 5185 864 0
K 0 0 43
K 24 -6 44
K 0 0 59
K 0 -21 59
A D 3 8
J B 23 5764 1 82 6913 864 0
J N 7 5785 70 8 1 0 0
K 1 0 45
K 0 0 43
K -1 0 45
K 2 0 45
K 24 -6 44
K 0 0 59
K 0 -21 59
A D 3 8
J R 7 5829 28 2 1729 864 0
K 0 0 48
A D 2 8
J R 6 5865 28 2 2881 576 0
K 0 0 49
A D 1 8
J R 8 5893 28 2 3457 288 0
K 0 0 47
A D 6 8
J B 24 5947 1 82 6913 1728 0
J R 8 5968 28 2 1 0 0
K 0 0 47
A D 6 8
J N 7 6018 -14 8 3457 1728 0
K 0 0 45
K 0 0 43
K -1 0 45
K 2 0 45
K 24 -6 44
K 0 0 60
K 0 21 60
A D 3 8
J F 0 6062 98 1 5185 864 0
K 0 0 218
J N 7 6062 7 5 5185 0 0
K 0 0 43
K 25 0 44
K 0 0 60
K 0 21 60
A D 3 8
J B 25 6110 1 82 6913 864 0
J N 7 6131 35 5 1 0 0
K 0 0 43
K 25 0 44
K 0 0 59
K 0 -21 59
A D 3 8
J R 7 6175 28 2 1729 864 0
K 0 0 48
A D 2 8
J R 6 6211 28 2 2881 576 0
K 0 0 49
A D 1 8
J R 8 6239 28 2 3457 288 0
K 0 0 47
A D 6 8
J B 26 6293 1 82 6913 1728 0
J R 8 6314 28 2 1 0 0
K 0 0 47
A D 6 8
J N 7 6364 -7 5 3457 1728 0
K 0 0 43
K 25 0 44
K 0 0 60
K 0 21 60
A D 3 8
J N 7 6408 14 5 5185 864 0
K 0 0 43
K 24 -6 44
K 0 0 60
K 0 21 60
A D 3 8
J B 27 6456 1 82 6913 864 0
J N 7 6477 42 5 1 0 0
K 0 0 43
K 24 -6 44
K 0 0 59
K 0 -21 59
A D 3 8
J R 7 6521 28 2 1729 864 0
K 0 0 48
A D 2 8
J R 6 6557 28 2 2881 576 0
K 0 0 49
A D 1 8
J R 8 6585 28 2 3457 288 0
K 0 0 47
A D 6 8
J B 28 6639 1 82 6913 1728 0
J R 8 6660 28 2 1 0 0
K 0 0 47
A D 6 8
J N 7 6710 0 6 3457 1728 0
K -15 0 65
K 0 0 43
K 24 -6 44
K 0 0 60
K 0 21 60
A D 3 8
J N 7 6754 21 5 5185 864 0
K 0 0 43
K 25 0 44
K 0 0 60
K 0 21 60
A D 3 8
J B 29 6802 1 82 6913 864 0
J N 7 6826 49 6 1 0 0
K -15 0 65
K 0 0 43
K 25 0 44
K 0 0 59
K 0 -21 59
A D 3 8
J F 0 6870 98 1 1729 864 0
K 0 0 219
J N 7 6870 14 5 1729 0 0
K 0 0 43
K 24 -6 44
K 0 0 60
K 0 21 60
A D 3 8
J F 0 6914 98 1 3457 864 0
K 0 0 218
J N 7 6914 7 5 3457 0 0
K 0 0 43
K 25 0 44
K 0 0 60
K 0 21 60
A D 3 8
J R 7 6958 28 2 5185 864 0
K 0 0 48
A D 2 8
J R 6 6994 28 2 6337 576 0
K 0 0 49
A D 1 8
J B 30 7026 1 82 6913 288 0
J F 0 7047 98 1 1 0 0
K 0 0 205
J N 7 7047 -28 9 1 0 0
K 0 14 45
K 0 0 45
K 0 0 43
K -1 0 45
K 2 0 45
K 24 -6 44
K 0 0 60
K 0 28 60
A D 3 8
J R 7 7091 28 2 1729 864 0
K 0 0 48
A D 2 8
J R 6 7127 28 2 2881 576 0
K 0 0 49
A D 1 8
J F 0 7155 98 2 3457 288 0
K 0 0 208
K 0 21 219
J N 7 7155 -35 10 3457 0 0
K 0 21 45
K 0 7 45
K 0 0 43
K 0 7 45
K 1 7 45
K 25 0 44
K 0 0 60
K 0 28 60
K 0 35 60
A D 3 8
J R 7 7199 28 2 5185 864 0
K 0 0 48
A D 2 8
J R 6 7235 28 2 6337 576 0
K 0 0 49
A D 1 8
J B 31 7267 1 82 6913 288 0
J F 0 7288 98 4 1 0 0
K 0 0 205
K 15 0 218
K 0 21 204
K 15 21 219
J N 7 7288 -21 8 1 0 0
K 0 7 45
K 0 0 43
K 0 7 45
K 1 7 45
K 25 0 44
K 0 0 60
K 0 21 60
A D 3 8
J R 7 7332 28 2 1729 864 0
K 0 0 48
A D 2 8
J R 6 7368 28 2 2881 576 0
K 0 0 49
A D 1 8
J F 0 7396 98 1 3457 288 0
K 0 0 205
J N 7 7396 -28 9 3457 0 0
K 0 14 45
K 0 0 45
K 0 0 43
K -1 0 45
K 2 0 45
K 24 -6 44
K 0 0 60
K 0 28 60
A D 3 8
J R 7 7440 28 2 5185 864 0
K 0 0 48
A D 2 8
J R 6 7476 28 2 6337 576 0
K 0 0 49
A D 1 8
J B 32 7508 1 82 6913 288 0
J F 0 7529 98 1 1 0 0
K 0 0 205
J N 7 7529 0 6 1 0 0
K -15 0 65
K 0 0 43
K 24 -6 44
K 0 0 60
K 0 21 60
A D 3 8
J N 7 7573 14 5 1729 864 0
K 0 0 43
K 24 -6 44
K 0 0 60
K 0 21 60
A D 3 8
J F 0 7617 98 2 3457 864 0
K 0 0 206
K 0 21 218
J N 7 7617 7 5 3457 0 0
K 0 0 43
K 25 0 44
K 0 0 60
K 0 21 60
A D 3 8
J N 7 7661 35 5 5185 864 0
K 0 0 43
K 25 0 44
K 0 0 59
K 0 -21 59
A D 3 8
J B 33 7709 1 82 6913 864 0
J F 0 7730 98 2 1 0 0
K 0 0 205
K 0 21 203
J N 7 7730 7 5 1 0 0
K 0 0 43
K 25 0 44
K 0 0 60
K 0 21 60
A D 3 8
J F 0 7774 98 2 1729 864 0
K 0 0 204
K 0 21 218
J N 7 7774 56 5 1729 0 0
K 0 0 43
K 24 -6 44
K 0 0 59
K 0 -21 59
A D 3 8
J N 7 7818 35 5 3457 864 0
K 0 0 43
K 25 0 44
K 0 0 59
K 0 -21 59
A D 3 8
J R 7 7862 28 2 5185 864 0
K 0 0 48
A D 2 8
J R 6 7898 28 2 6337 576 0
K 0 0 49
A D 1 8
J B 34 7930 1 82 6913 288 0
J F 0 7951 98 1 1 0 0
K 0 0 205
J N 7 7951 -28 9 1 0 0
K 0 14 45
K 0 0 45
K 0 0 43
K -1 0 45
K 2 0 45
K 24 -6 44
K 0 0 60
K 0 28 60
A D 3 8
J R 7 7995 28 2 1729 864 0
K 0 0 48
A D 2 8
J R 6 8031 28 2 2881 576 0
K 0 0 49
A D 1 8
J F 0 8059 98 2 3457 288 0
K 0 0 208
K 0 21 219
J N 7 8059 -35 10 3457 0 0
K 0 21 45
K 0 7 45
K 0 0 43
K 0 7 45
K 1 7 45
K 25 0 44
K 0 0 60
K 0 28 60
K 0 35 60
A D 3 8
J R 7 8103 28 2 5185 864 0
K 0 0 48
A D 2 8
J R 6 8139 28 2 6337 576 0
K 0 0 49
A D 1 8
J B 35 8171 1 82 6913 288 0
J F 0 8192 98 4 1 0 0
K 0 0 205
K 15 0 218
K 0 21 204
K 15 21 219
J N 7 8192 -21 8 1 0 0
K 0 7 45
K 0 0 43
K 0 7 45
K 1 7 45
K 25 0 44
K 0 0 60
K 0 21 60
A D 3 8
J R 7 8236 28 2 1729 864 0
K 0 0 48
A D 2 8
J R 6 8272 28 2 2881 576 0
K 0 0 49
A D 1 8
J F 0 8300 98 1 3457 288 0
K 0 0 205
J N 7 8300 -28 9 3457 0 0
K 0 14 45
K 0 0 45
K 0 0 43
K -1 0 45
K 2 0 45
K 24 -6 44
K 0 0 60
K 0 28 60
A D 3 8
J R 7 8344 28 2 5185 864 0
K 0 0 48
A D 2 8
J R 6 8380 28 2 6337 576 0
K 0 0 49
A D 1 8
J B 36 8412 1 82 6913 288 0
J F 0 8433 98 1 1 0 0
K 0 0 205
J N 7 8433 0 6 1 0 0
K -15 0 65
K 0 0 43
K 24 -6 44
K 0 0 60
K 0 21 60
A D 3 8
J N 7 8477 14 5 1729 864 0
K 0 0 43
K 24 -6 44
K 0 0 60
K 0 21 60
A D 3 8
J F 0 8521 98 2 3457 864 0
K 0 0 206
K 0 21 218
J N 7 8521 7 5 3457 0 0
K 0 0 43
K 25 0 44
K 0 0 60
K 0 21 60
A D 3 8
J N 7 8565 35 5 5185 864 0
K 0 0 43
K 25 0 44
K 0 0 59
K 0 -21 59
A D 3 8
J B 37 8613 1 82 6913 864 0
J F 0 8634 98 2 1 0 0
K 0 0 205
K 0 21 203
J N 7 8634 7 5 1 0 0
K 0 0 43
K 25 0 44
K 0 0 60
K 0 21 60
A D 3 8
J F 0 8678 98 2 1729 864 0
K 0 0 204
K 0 21 218
J N 7 8678 56 5 1729 0 0
K 0 0 43
K 24 -6 44
K 0 0 59
K 0 -21 59
A D 3 8
J N 7 8722 35 5 3457 864 0
K 0 0 43
K 25 0 44
K 0 0 59
K 0 -21 59
A D 3 8
J R 6 8766 28 2 5185 864 0
K 0 0 49
A D 1 8
J R 6 8794 28 2 5761 288 0
K 0 0 49
A D 1 8
J F 0 8822 98 2 6337 288 0
K 0 0 205
K 15 0 219
J N 6 8822 -14 6 6337 0 0
K 0 0 45
K 0 0 43
K -1 0 45
K 2 0 45
K 0 0 54
A D 1 8
J B 38 8861 1 82 6913 288 0
J F 0 8882 98 1 1 0 0
K 0 0 206
J N 7 8882 -7 5 1 0 1 31
K 0 0 43
K 25 0 44
K 0 0 60
K 0 21 60
A D 3 8
J F 0 8926 98 1 1729 864 0
K 0 0 205
J N 7 8926 -7 4 1729 0 1 31
K 0 0 43
K 0 0 60
K 0 21 60
A D 2 8
H 31 T -7 0 0 0 0 0 1 0
J F 0 8962 98 1 2881 576 0
K 0 0 218
J N 6 8962 7 3 2881 0 0
K 0 0 43
K 0 0 54
A D 1 8
J F 0 8999 98 1 3457 288 0
K 0 0 206
J N 7 8999 0 6 3457 0 1 32
K -15 0 65
K 0 0 43
K 24 -6 44
K 0 0 60
K 0 21 60
A D 3 8
J F 0 9043 98 1 5185 864 0
K 0 0 205
J N 7 9043 0 4 5185 0 1 32
K 0 0 43
K 0 0 60
K 0 21 60
A D 2 8
H 32 T 0 0 0 0 0 0 5 0
J N 6 9079 14 3 6337 576 0
K 0 0 43
K 0 0 54
A D 1 8
J B 39 9111 1 82 6913 288 0
J F 0 9132 98 2 1 0 0
K 0 0 206
K 0 21 218
J N 7 9132 7 5 1 0 0
K 0 0 43
K 25 0 44
K 0 0 60
K 0 21 60
A D 3 8
J N 7 9176 35 5 1729 864 0
K 0 0 43
K 25 0 44
K 0 0 59
K 0 -21 59
A D 3 8
J F 0 9220 98 1 3457 864 0
K 0 0 203
J N 7 9220 7 5 3457 0 0
K 0 0 43
K 25 0 44
K 0 0 60
K 0 21 60
A D 3 8
J F 0 9264 98 1 5185 864 0
K 0 0 218
J N 7 9264 56 5 5185 0 0
K 0 0 43
K 24 -6 44
K 0 0 59
K 0 -21 59
A D 3 8
J B 40 9312 1 82 6913 864 0
J N 7 9333 35 5 1 0 0
K 0 0 43
K 25 0 44
K 0 0 59
K 0 -21 59
A D 3 8
J R 6 9377 28 2 1729 864 0
K 0 0 49
A D 1 8
J R 6 9405 28 2 2305 288 0
K 0 0 49
A D 1 8
J F 0 9433 98 2 2881 288 0
K 0 0 205
K 15 0 219
J N 6 9433 -14 7 2881 0 0
K 0 0 45
K 0 0 43
K -1 0 45
K 2 0 45
K 0 93 108
K 0 0 54
A D 1 8
J F 0 9468 98 1 3457 288 0
K 0 0 206
J N 7 9468 -7 5 3457 0 1 33
K 0 0 43
K 25 0 44
K 0 0 60
K 0 21 60
A D 3 8
J F 0 9512 98 1 5185 864 0
K 0 0 205
J N 7 9512 -7 4 5185 0 1 33
K 0 0 43
K 0 0 60
K 0 21 60
A D 2 8
H 33 T -7 0 0 0 0 0 1 0
J F 0 9548 98 1 6337 576 0
K 0 0 218
J N 6 9548 7 3 6337 0 0
K 0 0 43
K 0 0 54
A D 1 8
J B 41 9580 1 82 6913 288 0
J F 0 9601 98 1 1 0 0
K 0 0 206
J N 7 9601 0 6 1 0 1 34
K -15 0 65
K 0 0 43
K 24 -6 44
K 0 0 60
K 0 21 60
A D 3 8
J F 0 9645 98 1 1729 864 0
K 0 0 205
J N 7 9645 0 4 1729 0 1 34
K 0 0 43
K 0 0 60
K 0 21 60
A D 2 8
H 34 T 0 0 0 0 0 0 5 0
J N 6 9681 14 3 2881 576 0
K 0 0 43
K 0 0 54
A D 1 8
J F 0 9709 98 2 3457 288 0
K 0 0 206
K 0 21 218
J N 7 9709 7 5 3457 0 0
K 0 0 43
K 25 0 44
K 0 0 60
K 0 21 60
A D 3 8
J N 7 9753 35 5 5185 864 0
K 0 0 43
K 25 0 44
K 0 0 59
K 0 -21 59
A D 3 8
J B 42 9801 1 82 6913 864 0
J F 0 9822 98 1 1 0 0
K 0 0 203
J N 7 9822 7 5 1 0 0
K 0 0 43
K 25 0 44
K 0 0 60
K 0 21 60
A D 3 8
J F 0 9866 98 1 1729 864 0
K 0 0 218
J N 7 9866 56 5 1729 0 0
K 0 0 43
K 24 -6 44
K 0 0 59
K 0 -21 59
A D 3 8
J N 8 9910 35 5 3457 864 0
K 0 0 42
K 25 0 44
K 0 0 59
K 0 -21 59
A D 6 8
J B 0 10001 6 4 6913 1728 0
K -23 21 44
K -23 35 44
K -13 0 82
K -6 0 84
J M 0 10001 0 0 10000 0 0
