X 46 1200C 120 V.                  
S 0 500 240 1750 1066 7 "[...][....]"                 
L 0 0 0 0 0 * 0 14 0                 
J D 0 -300 21 2 6913 0 0                 
W 0 0 39 Violino 1                 
W 0 42 33 concertino                 
J D 1 75 -37 1 6913 0 0                 
W 0 -56 0 (44) V:  Violino 1 concertino                 
J C 4 5 42 2 6913 0 0                 
K 0 0 33                 
K 0 0 34                 
J K -1 57 0 1 6913 0 0                 
K 0 28 65                 
J D 5 86 -42 1 6913 0 0                 
W 0 0 37 Allegro                 
J T 101 86 42 1 6913 0 0                 
K 0 0 37                 
J N 7 134 0 4 1 0 0                 
K 0 0 43                 
K 0 0 60                 
K 0 21 60                 
A D 12 48                 
J N 7 190 0 4 1729 576 0                 
K 0 0 43                 
K 0 0 60                 
K 0 21 60                 
A D 12 48                 
J N 7 246 0 4 3457 576 0                 
K 0 0 43                 
K 0 0 60                 
K 0 21 60                 
A D 12 48                 
J N 7 302 0 4 5185 576 0                 
K 0 0 43                 
K 0 0 60                 
K 0 21 60                 
A D 12 48                 
J B 2 358 1 82 6913 576 0                 
J D 0 379 0 1 1 0 0                 
W 0 -53 31 Soli                 
J N 6 379 0 2 1 0 3 1 2 3                 
K 0 0 43                 
A D 4 48                 
J N 6 420 -7 2 577 192 1 3                 
K 0 0 43                 
A D 4 48                 
J N 6 451 0 2 1153 192 3 3 1 2                 
K 0 0 43                 
A D 4 48                 
H 2 X 9 3 3 1 3 1 3                 
H 3 B -46 0 108 3 2 1 3                 
H 1 S 0 0 -14 0 -14 0 0 0 -5                 
J N 6 482 0 2 1729 192 3 4 5 6                 
K 0 0 43                 
A D 4 48                 
J N 6 513 -7 2 2305 192 1 6                 
K 0 0 43                 
A D 4 48                 
J N 6 544 0 2 2881 192 3 6 4 5                 
K 0 0 43                 
A D 4 48                 
H 5 X 9 3 3 1 3 1 6                 
H 6 B -46 0 108 3 2 1 3                 
H 4 S 0 0 -14 0 -14 0 0 0 -5                 
J N 6 575 0 2 3457 192 3 7 8 9                 
K 0 0 43                 
A D 4 48                 
J N 6 606 -7 2 4033 192 1 9                 
K 0 0 43                 
A D 4 48                 
J N 6 637 0 2 4609 192 3 9 7 8                 
K 0 0 43                 
A D 4 48                 
H 8 X 9 3 3 1 3 1 9                 
H 9 B -46 0 108 3 2 1 3                 
H 7 S 0 0 -14 0 -14 0 0 0 -5                 
J N 6 668 0 2 5185 192 3 10 11 12                 
K 0 0 43                 
A D 4 48                 
J N 6 699 -7 2 5761 192 1 12                 
K 0 0 43                 
A D 4 48                 
J N 6 730 0 2 6337 192 3 12 10 11                 
K 0 0 43                 
A D 4 48                 
H 11 X 9 3 3 1 3 1 12                 
H 12 B -46 0 108 3 2 1 3                 
H 10 S 0 0 -14 0 -14 0 0 0 -5                 
J B 3 763 1 82 6913 192 0                 
J D 0 787 0 1 1 0 0                 
W 0 -28 31 Tutti                 
J N 7 787 -7 4 1 0 0                 
K 0 0 43                 
K 0 0 60                 
K 0 21 60                 
A D 12 48                 
J N 7 843 -7 4 1729 576 0                 
K 0 0 43                 
K 0 0 60                 
K 0 21 60                 
A D 12 48                 
J N 7 899 -7 4 3457 576 0                 
K 0 0 43                 
K 0 0 60                 
K 0 21 60                 
A D 12 48                 
J N 7 955 -7 4 5185 576 0                 
K 0 0 43                 
K 0 0 60                 
K 0 21 60                 
A D 12 48                 
J B 4 1011 1 82 6913 576 0                 
J D 0 1036 0 1 1 0 0                 
W 0 -54 31 Soli                 
J N 6 1036 -7 2 1 0 2 13 14                 
K 0 0 43                 
A D 4 48                 
J N 6 1077 -14 6 577 192 1 14                 
K 0 0 45                 
K -15 0 65                 
K 0 0 43                 
K -1 0 45                 
K 2 0 45                 
A D 4 48                 
J N 6 1108 -7 2 1153 192 2 14 13                 
K 0 0 43                 
A D 4 48                 
H 14 B -49 0 108 3 2 1 3                 
H 13 S 0 0 0 0 0 0 0 0 -14                 
J N 6 1138 -7 2 1729 192 2 15 16                 
K 0 0 43                 
A D 4 48                 
J N 6 1168 -14 5 2305 192 1 16                 
K 0 0 45                 
K 0 0 43                 
K -1 0 45                 
K 2 0 45                 
A D 4 48                 
J N 6 1198 -7 2 2881 192 2 16 15                 
K 0 0 43                 
A D 4 48                 
H 16 B -49 0 108 3 2 1 3                 
H 15 S 0 0 0 0 0 0 0 0 -2                 
J N 6 1228 -7 2 3457 192 2 17 18                 
K 0 0 43                 
A D 4 48                 
J N 6 1258 -14 5 4033 192 1 18                 
K 0 0 45                 
K 0 0 43                 
K -1 0 45                 
K 2 0 45                 
A D 4 48                 
J N 6 1288 -7 2 4609 192 2 18 17                 
K 0 0 43                 
A D 4 48                 
H 18 B -49 0 108 3 2 1 3                 
H 17 S 0 0 0 0 0 0 0 0 -2                 
J N 6 1318 -7 2 5185 192 2 19 20                 
K 0 0 43                 
A D 4 48                 
J N 6 1348 -14 5 5761 192 1 20                 
K 0 0 45                 
K 0 0 43                 
K -1 0 45                 
K 2 0 45                 
A D 4 48                 
J N 6 1378 -7 2 6337 192 2 20 19                 
K 0 0 43                 
A D 4 48                 
H 20 B -49 0 108 3 2 1 3                 
H 19 S 0 0 0 0 0 0 0 0 -2                 
J B 5 1411 1 82 6913 192 0                 
J D 0 1436 0 1 1 0 0                 
W 0 -28 31 Tutti                 
J N 7 1436 0 5 1 0 0                 
K 0 0 43                 
K 24 -6 44                 
K 0 0 60                 
K 0 21 60                 
A D 18 48                 
J N 6 1535 0 3 2593 864 0                 
K 0 0 43                 
K 0 0 54                 
A D 6 48                 
J N 6 1578 7 3 3457 288 2 21 22                 
K -15 0 65                 
K 0 0 43                 
A D 6 48                 
J N 6 1621 0 2 4321 288 2 22 21                 
K 0 0 43                 
A D 6 48                 
H 21 S 0 0 0 0 0 0 0 0 0                 
J N 6 1664 14 2 5185 288 2 23 22                 
K 0 0 43                 
A D 6 48                 
J N 6 1707 21 2 6049 288 2 22 23                 
K 0 0 43                 
A D 6 48                 
H 22 B -52 1 108 4 2 1 1 3                 
H 23 S 0 0 0 0 0 0 0 0 0                 
J B 6 1750 1 82 6913 288 0                 
E *                 
L 160 0 0 0 0 * 0 14 0                 
J D 0 -300 21 2 6913 0 0                 
W 0 0 39 Violino 2                 
W 0 42 33 concertino                 
J D 1 75 -37 1 6913 0 0                 
W 0 -56 0 (44) V:  Violino 2 concertino                 
J C 4 5 42 2 6913 0 0                 
K 0 0 33                 
K 0 0 34                 
J K -1 57 0 1 6913 0 0                 
K 0 28 65                 
J D 5 86 -42 1 6913 0 0                 
W 0 0 0 (37) Allegro                 
J T 101 86 42 1 6913 0 0                 
K 0 0 37                 
J N 7 134 14 4 1 0 0                 
K 0 0 43                 
K 0 0 60                 
K 0 21 60                 
A D 6 24                 
J N 7 190 21 4 1729 576 0                 
K 0 0 43                 
K 0 0 60                 
K 0 21 60                 
A D 6 24                 
J N 7 246 14 4 3457 576 0                 
K 0 0 43                 
K 0 0 60                 
K 0 21 60                 
A D 6 24                 
J N 7 302 21 4 5185 576 0                 
K 0 0 43                 
K 0 0 60                 
K 0 21 60                 
A D 6 24                 
J B 2 358 1 82 6913 576 0                 
J N 6 379 14 2 1 0 3 1 2 3                 
K 0 0 43                 
A D 2 24                 
J N 6 420 7 3 577 192 1 3                 
K -15 0 65                 
K 0 0 43                 
A D 2 24                 
J N 6 451 14 2 1153 192 3 3 1 2                 
K 0 0 43                 
A D 2 24                 
H 2 X 9 3 3 0 3 0 3                 
H 3 B -46 0 108 3 2 1 3                 
H 1 S 0 0 0 0 0 0 0 0 -18                 
J N 6 482 21 2 1729 192 3 4 5 6                 
K 0 0 43                 
A D 2 24                 
J N 6 513 14 2 2305 192 1 6                 
K 0 0 43                 
A D 2 24                 
J N 6 544 21 2 2881 192 3 6 4 5                 
K 0 0 43                 
A D 2 24                 
H 5 X 9 3 3 -9 3 -9 6                 
H 6 B -42 0 108 3 2 1 3                 
H 4 S 0 0 0 0 0 0 0 0 -24                 
J N 6 575 14 2 3457 192 3 7 8 9                 
K 0 0 43                 
A D 2 24                 
J N 6 606 7 2 4033 192 1 9                 
K 0 0 43                 
A D 2 24                 
J N 6 637 14 2 4609 192 3 9 7 8                 
K 0 0 43                 
A D 2 24                 
H 8 X 9 3 3 -2 3 -2 9                 
H 9 B -46 0 108 3 2 1 3                 
H 7 S 0 0 0 0 0 0 0 0 -19                 
J N 6 668 21 2 5185 192 3 10 11 12                 
K 0 0 43                 
A D 2 24                 
J N 6 699 14 2 5761 192 1 12                 
K 0 0 43                 
A D 2 24                 
J N 6 730 21 2 6337 192 3 12 10 11                 
K 0 0 43                 
A D 2 24                 
H 11 X 9 3 3 0 3 0 12                 
H 12 B -42 0 108 3 2 1 3                 
H 10 S 0 0 0 0 0 0 0 0 -24                 
J B 3 763 1 82 6913 192 0                 
J N 7 787 7 5 1 0 0                 
K -15 0 65                 
K 0 0 43                 
K 0 0 60                 
K 0 21 60                 
A D 6 24                 
J N 7 843 14 4 1729 576 0                 
K 0 0 43                 
K 0 0 60                 
K 0 21 60                 
A D 6 24                 
J N 7 899 7 4 3457 576 0                 
K 0 0 43                 
K 0 0 60                 
K 0 21 60                 
A D 6 24                 
J N 7 955 14 4 5185 576 0                 
K 0 0 43                 
K 0 0 60                 
K 0 21 60                 
A D 6 24                 
J B 4 1011 1 82 6913 576 0                 
J N 6 1036 7 3 1 0 2 13 14                 
K -15 0 65                 
K 0 0 43                 
A D 2 24                 
J N 6 1077 0 2 577 192 1 14                 
K 0 0 43                 
A D 2 24                 
J N 6 1108 7 2 1153 192 2 14 13                 
K 0 0 43                 
A D 2 24                 
H 14 B -49 0 108 3 2 1 3                 
H 13 S 0 0 0 0 0 0 0 0 -2                 
J N 6 1138 14 2 1729 192 2 15 16                 
K 0 0 43                 
A D 2 24                 
J N 6 1168 7 2 2305 192 1 16                 
K 0 0 43                 
A D 2 24                 
J N 6 1198 14 2 2881 192 2 16 15                 
K 0 0 43                 
A D 2 24                 
H 16 B -46 0 108 3 2 1 3                 
H 15 S 0 0 0 0 0 0 0 0 0                 
J N 6 1228 7 2 3457 192 2 17 18                 
K 0 0 43                 
A D 2 24                 
J N 6 1258 0 2 4033 192 1 18                 
K 0 0 43                 
A D 2 24                 
J N 6 1288 7 2 4609 192 2 18 17                 
K 0 0 43                 
A D 2 24                 
H 18 B -49 0 108 3 2 1 3                 
H 17 S 0 0 0 0 0 0 0 0 -1                 
J N 6 1318 14 2 5185 192 2 19 20                 
K 0 0 43                 
A D 2 24                 
J N 6 1348 7 2 5761 192 1 20                 
K 0 0 43                 
A D 2 24                 
J N 6 1378 14 2 6337 192 2 20 19                 
K 0 0 43                 
A D 2 24                 
H 20 B -46 0 108 3 2 1 3                 
H 19 S 0 0 0 0 0 0 0 0 0                 
J B 5 1411 1 82 6913 192 0                 
J N 7 1436 14 5 1 0 0                 
K 0 0 43                 
K 24 -6 44                 
K 0 0 60                 
K 0 21 60                 
A D 9 24                 
J N 6 1535 14 3 2593 864 0                 
K 0 0 43                 
K 0 0 54                 
A D 3 24                 
J N 6 1578 42 2 3457 288 2 21 22                 
K 0 0 43                 
A D 3 24                 
J N 6 1621 35 2 4321 288 2 22 21                 
K 0 0 43                 
A D 3 24                 
H 22 B 44 -3 108 2 2 3                 
H 21 S 12 0 0 0 0 0 0 0 0                 
J N 7 1664 28 4 5185 288 0                 
K 0 0 43                 
K 0 0 60                 
K 0 21 60                 
A D 6 24                 
J B 6 1750 1 82 6913 576 0                 
E *                 
L 320 0 0 0 0 * 0 14 0                 
J D 0 -300 21 2 6913 0 0                 
W 0 0 39 Violoncello                 
W 0 42 33 concertino                 
J D 1 75 -37 1 6913 0 0                 
W 0 -56 0 (44) V:  Violoncello concertino                 
J C 22 5 14 36 6913 0 0                 
J K -1 57 0 1 6913 0 0                 
K 0 42 65                 
J D 5 86 -42 1 6913 0 0                 
W 0 0 0 (37) Allegro                 
J T 101 86 42 1 6913 0 0                 
K 0 0 37                 
J N 7 134 -7 4 1 0 0                 
K 0 0 43                 
K 0 0 60                 
K 0 21 60                 
A D 1 4                 
J N 7 190 0 4 1729 576 0                 
K 0 0 43                 
K 0 0 60                 
K 0 21 60                 
A D 1 4                 
J N 7 246 -7 4 3457 576 0                 
K 0 0 43                 
K 0 0 60                 
K 0 21 60                 
A D 1 4                 
J N 7 302 14 4 5185 576 0                 
K 0 0 43                 
K 0 0 60                 
K 0 21 60                 
A D 1 4                 
J B 2 358 1 82 6913 576 0                 
J N 7 379 -7 4 1 0 0                 
K 0 0 43                 
K 0 0 60                 
K 0 21 60                 
A D 1 4                 
J N 7 482 0 4 1729 576 0                 
K 0 0 43                 
K 0 0 60                 
K 0 21 60                 
A D 1 4                 
J N 7 575 -7 4 3457 576 0                 
K 0 0 43                 
K 0 0 60                 
K 0 21 60                 
A D 1 4                 
J N 7 668 14 4 5185 576 0                 
K 0 0 43                 
K 0 0 60                 
K 0 21 60                 
A D 1 4                 
J B 3 763 1 82 6913 576 0                 
J F 0 787 98 1 1 0 0                 
K 0 0 219                 
J N 7 787 -14 7 1 0 0                 
K 0 0 45                 
K 0 0 43                 
K -1 0 45                 
K 2 0 45                 
K 0 0 60                 
K 0 21 60                 
A D 1 4                 
J N 7 843 -7 5 1729 576 0                 
K -14 0 64                 
K 0 0 43                 
K 0 0 60                 
K 0 21 60                 
A D 1 4                 
J N 7 899 -14 7 3457 576 0                 
K 0 0 45                 
K 0 0 43                 
K -1 0 45                 
K 2 0 45                 
K 0 0 60                 
K 0 21 60                 
A D 1 4                 
J N 7 955 7 4 5185 576 0                 
K 0 0 43                 
K 0 0 60                 
K 0 21 60                 
A D 1 4                 
J B 4 1011 1 82 6913 576 0                 
J N 7 1036 -14 7 1 0 0                 
K 0 0 45                 
K 0 0 43                 
K -1 0 45                 
K 2 0 45                 
K 0 0 60                 
K 0 21 60                 
A D 1 4                 
J N 7 1138 -7 5 1729 576 0                 
K -14 0 64                 
K 0 0 43                 
K 0 0 60                 
K 0 21 60                 
A D 1 4                 
J N 7 1228 -14 7 3457 576 0                 
K 0 0 45                 
K 0 0 43                 
K -1 0 45                 
K 2 0 45                 
K 0 0 60                 
K 0 21 60                 
A D 1 4                 
J N 7 1318 7 4 5185 576 0                 
K 0 0 43                 
K 0 0 60                 
K 0 21 60                 
A D 1 4                 
J B 5 1411 1 82 6913 576 0                 
J N 7 1436 -7 5 1 0 0                 
K -15 0 65                 
K 0 0 43                 
K 0 0 60                 
K 0 21 60                 
A D 1 4                 
J N 7 1492 28 4 1729 576 0                 
K 0 0 43                 
K 0 0 60                 
K 0 21 60                 
A D 1 4                 
J N 7 1578 21 5 3457 576 0                 
K -15 0 65                 
K 0 0 43                 
K 0 0 60                 
K 0 21 60                 
A D 1 4                 
J N 7 1664 42 4 5185 576 0                 
K 0 0 43                 
K 0 0 59                 
K 0 -21 59                 
A D 1 4                 
J B 6 1750 1 82 6913 576 0                 
E *                 
L 530 0 0 0 0 * 0 14 0                 
J D 0 -300 21 2 6913 0 0                 
W 0 0 39 Violino 1                 
W 0 42 33 concerto grosso                 
J D 1 75 -37 1 6913 0 0                 
W 0 -56 0 (44) V:  Violino 1 concerto grosso                 
J C 4 5 42 2 6913 0 0                 
K 0 0 33                 
K 0 0 34                 
J K -1 57 0 1 6913 0 0                 
K 0 28 65                 
J D 5 86 -42 1 6913 0 0                 
W 0 0 0 (37) Allegro                 
J T 101 86 42 1 6913 0 0                 
K 0 0 37                 
J N 7 134 0 4 1 0 0                 
K 0 0 43                 
K 0 0 60                 
K 0 21 60                 
A D 4 16                 
J N 7 190 0 4 1729 576 0                 
K 0 0 43                 
K 0 0 60                 
K 0 21 60                 
A D 4 16                 
J N 7 246 0 4 3457 576 0                 
K 0 0 43                 
K 0 0 60                 
K 0 21 60                 
A D 4 16                 
J N 7 302 0 4 5185 576 0                 
K 0 0 43                 
K 0 0 60                 
K 0 21 60                 
A D 4 16                 
J B 2 358 1 82 6913 576 0                 
J R 9 546 28 2 1 10000 0                 
K 0 0 46                 
A D 16 16                 
J B 3 763 1 82 6913 2304 0                 
J N 7 787 -7 4 1 0 0                 
K 0 0 43                 
K 0 0 60                 
K 0 21 60                 
A D 4 16                 
J N 7 843 -7 4 1729 576 0                 
K 0 0 43                 
K 0 0 60                 
K 0 21 60                 
A D 4 16                 
J N 7 899 -7 4 3457 576 0                 
K 0 0 43                 
K 0 0 60                 
K 0 21 60                 
A D 4 16                 
J N 7 955 -7 4 5185 576 0                 
K 0 0 43                 
K 0 0 60                 
K 0 21 60                 
A D 4 16                 
J B 4 1011 1 82 6913 576 0                 
J R 9 1197 28 2 1 10000 0                 
K 0 0 46                 
A D 16 16                 
J B 5 1411 1 82 6913 2304 0                 
J N 7 1436 0 5 1 0 0                 
K 0 0 43                 
K 24 -6 44                 
K 0 0 60                 
K 0 21 60                 
A D 6 16                 
J N 6 1535 0 3 2593 864 0                 
K 0 0 43                 
K 0 0 54                 
A D 2 16                 
J N 6 1578 7 3 3457 288 2 1 2                 
K -15 0 65                 
K 0 0 43                 
A D 2 16                 
J N 6 1621 0 2 4321 288 2 2 1                 
K 0 0 43                 
A D 2 16                 
H 1 S 0 0 0 0 0 0 0 0 0                 
J N 6 1664 14 2 5185 288 2 3 2                 
K 0 0 43                 
A D 2 16                 
J N 6 1707 21 2 6049 288 2 2 3                 
K 0 0 43                 
A D 2 16                 
H 2 B -52 1 108 4 2 1 1 3                 
H 3 S 0 0 0 0 0 0 0 0 0                 
J B 6 1750 1 82 6913 288 0                 
E *                 
L 690 0 0 0 0 * 0 14 0                 
J D 0 -300 21 2 6913 0 0                 
W 0 0 39 Violino 2                 
W 0 42 33 concerto grosso                 
J D 1 75 -37 1 6913 0 0                 
W 0 -56 0 (44) V:  Violino 2 concerto grosso                 
J C 4 5 42 2 6913 0 0                 
K 0 0 33                 
K 0 0 34                 
J K -1 57 0 1 6913 0 0                 
K 0 28 65                 
J D 5 86 -42 1 6913 0 0                 
W 0 0 0 (37) Allegro                 
J T 101 86 42 1 6913 0 0                 
K 0 0 37                 
J N 7 134 14 4 1 0 0                 
K 0 0 43                 
K 0 0 60                 
K 0 21 60                 
A D 2 8                 
J N 7 190 21 4 1729 576 0                 
K 0 0 43                 
K 0 0 60                 
K 0 21 60                 
A D 2 8                 
J N 7 246 14 4 3457 576 0                 
K 0 0 43                 
K 0 0 60                 
K 0 21 60                 
A D 2 8                 
J N 7 302 21 4 5185 576 0                 
K 0 0 43                 
K 0 0 60                 
K 0 21 60                 
A D 2 8                 
J B 2 358 1 82 6913 576 0                 
J R 9 546 28 2 1 10000 0                 
K 0 0 46                 
A D 8 8                 
J B 3 763 1 82 6913 2304 0                 
J N 7 787 7 5 1 0 0                 
K -15 0 65                 
K 0 0 43                 
K 0 0 60                 
K 0 21 60                 
A D 2 8                 
J N 7 843 14 4 1729 576 0                 
K 0 0 43                 
K 0 0 60                 
K 0 21 60                 
A D 2 8                 
J N 7 899 7 4 3457 576 0                 
K 0 0 43                 
K 0 0 60                 
K 0 21 60                 
A D 2 8                 
J N 7 955 14 4 5185 576 0                 
K 0 0 43                 
K 0 0 60                 
K 0 21 60                 
A D 2 8                 
J B 4 1011 1 82 6913 576 0                 
J R 9 1197 28 2 1 10000 0                 
K 0 0 46                 
A D 8 8                 
J B 5 1411 1 82 6913 2304 0                 
J N 7 1436 14 5 1 0 0                 
K 0 0 43                 
K 24 -6 44                 
K 0 0 60                 
K 0 21 60                 
A D 3 8                 
J N 6 1535 14 3 2593 864 0                 
K 0 0 43                 
K 0 0 54                 
A D 1 8                 
J N 6 1578 42 2 3457 288 2 1 2                 
K 0 0 43                 
A D 1 8                 
J N 6 1621 35 2 4321 288 2 2 1                 
K 0 0 43                 
A D 1 8                 
H 2 B 44 -3 108 2 2 3                 
H 1 S 12 0 0 0 0 0 0 0 0                 
J N 7 1664 28 4 5185 288 0                 
K 0 0 43                 
K 0 0 60                 
K 0 21 60                 
A D 2 8                 
J B 6 1750 1 82 6913 576 0                 
E *                 
L 850 0 0 0 0 * 0 14 0                 
J D 0 -300 42 1 6913 0 0                 
W 0 0 39 Viola                 
J D 1 75 -37 1 6913 0 0                 
W 0 -56 0 (44) V:  Viola                 
J C 13 5 28 35 6913 0 0                 
J K -1 57 0 1 6913 0 0                 
K 0 35 65                 
J D 5 86 -42 1 6913 0 0                 
W 0 0 0 (37) Allegro                 
J T 101 86 42 1 6913 0 0                 
K 0 0 37                 
J N 7 134 -14 7 1 0 0                 
K 0 0 45                 
K 0 0 43                 
K -1 0 45                 
K 2 0 45                 
K 0 0 60                 
K 0 21 60                 
A D 2 8                 
J N 7 190 7 4 1729 576 0                 
K 0 0 43                 
K 0 0 60                 
K 0 21 60                 
A D 2 8                 
J N 7 246 -14 7 3457 576 0                 
K 0 0 45                 
K 0 0 43                 
K -1 0 45                 
K 2 0 45                 
K 0 0 60                 
K 0 21 60                 
A D 2 8                 
J N 7 302 -7 4 5185 576 0                 
K 0 0 43                 
K 0 0 60                 
K 0 21 60                 
A D 2 8                 
J B 2 358 1 82 6913 576 0                 
J R 9 546 28 2 1 10000 0                 
K 0 0 46                 
A D 8 8                 
J B 3 763 1 82 6913 2304 0                 
J N 7 787 -21 7 1 0 0                 
K 0 7 45                 
K 0 0 43                 
K 0 7 45                 
K 1 7 45                 
K 0 0 60                 
K 0 21 60                 
A D 2 8                 
J N 7 843 0 4 1729 576 0                 
K 0 0 43                 
K 0 0 60                 
K 0 21 60                 
A D 2 8                 
J N 7 899 -21 7 3457 576 0                 
K 0 7 45                 
K 0 0 43                 
K 0 7 45                 
K 1 7 45                 
K 0 0 60                 
K 0 21 60                 
A D 2 8                 
J N 7 955 -14 8 5185 576 0                 
K 0 0 45                 
K -14 0 64                 
K 0 0 43                 
K -1 0 45                 
K 2 0 45                 
K 0 0 60                 
K 0 21 60                 
A D 2 8                 
J B 4 1011 1 82 6913 576 0                 
J R 9 1197 28 2 1 10000 0                 
K 0 0 46                 
A D 8 8                 
J B 5 1411 1 82 6913 2304 0                 
J N 7 1436 -14 9 1 0 0                 
K 0 0 45                 
K -15 0 65                 
K 0 0 43                 
K -1 0 45                 
K 2 0 45                 
K 24 -6 44                 
K 0 0 60                 
K 0 21 60                 
A D 3 8                 
J N 6 1535 -14 6 2593 864 0                 
K 0 0 45                 
K 0 0 43                 
K -1 0 45                 
K 2 0 45                 
K 0 0 54                 
A D 1 8                 
J N 7 1578 -14 7 3457 288 0                 
K 0 0 45                 
K 0 0 43                 
K -1 0 45                 
K 2 0 45                 
K 0 0 60                 
K 0 21 60                 
A D 2 8                 
J N 6 1664 21 2 5185 576 1 1                 
K 0 0 43                 
A D 1 8                 
J N 6 1707 14 3 6049 288 1 1                 
K -15 0 65                 
K 0 0 43                 
A D 1 8                 
H 1 B -42 -3 108 2 2 3                 
J B 6 1750 1 82 6913 288 0                 
E *                 
L 1010 0 0 0 0 * 0 14 0                 
J D 0 -300 21 2 6913 0 0                 
W 0 0 39 Basso                 
W 0 42 33 concerto grosso                 
J D 1 75 -37 1 6913 0 0                 
W 0 -56 0 (44) V:  Basso concerto grosso                 
J C 22 5 14 36 6913 0 0                 
J K -1 57 0 1 6913 0 0                 
K 0 42 65                 
J D 5 86 -42 1 6913 0 0                 
W 0 0 0 (37) Allegro                 
J T 101 86 42 1 6913 0 0                 
K 0 0 37                 
J N 7 134 -7 4 1 0 0                 
K 0 0 43                 
K 0 0 60                 
K 0 21 60                 
A D 1 4                 
J N 7 190 0 4 1729 576 0                 
K 0 0 43                 
K 0 0 60                 
K 0 21 60                 
A D 1 4                 
J N 7 246 -7 4 3457 576 0                 
K 0 0 43                 
K 0 0 60                 
K 0 21 60                 
A D 1 4                 
J N 7 302 14 4 5185 576 0                 
K 0 0 43                 
K 0 0 60                 
K 0 21 60                 
A D 1 4                 
J B 2 358 1 82 6913 576 0                 
J R 9 546 28 2 1 10000 0                 
K 0 0 46                 
A D 4 4                 
J B 3 763 1 82 6913 2304 0                 
J F 0 787 98 1 1 0 0                 
K 0 0 219                 
J N 7 787 -14 7 1 0 0                 
K 0 0 45                 
K 0 0 43                 
K -1 0 45                 
K 2 0 45                 
K 0 0 60                 
K 0 21 60                 
A D 1 4                 
J N 7 843 -7 5 1729 576 0                 
K -14 0 64                 
K 0 0 43                 
K 0 0 60                 
K 0 21 60                 
A D 1 4                 
J N 7 899 -14 7 3457 576 0                 
K 0 0 45                 
K 0 0 43                 
K -1 0 45                 
K 2 0 45                 
K 0 0 60                 
K 0 21 60                 
A D 1 4                 
J N 7 955 7 4 5185 576 0                 
K 0 0 43                 
K 0 0 60                 
K 0 21 60                 
A D 1 4                 
J B 4 1011 1 82 6913 576 0                 
J R 9 1197 28 2 1 10000 0                 
K 0 0 46                 
A D 4 4                 
J B 5 1411 1 82 6913 2304 0                 
J N 7 1436 -7 5 1 0 0                 
K -15 0 65                 
K 0 0 43                 
K 0 0 60                 
K 0 21 60                 
A D 1 4                 
J N 7 1492 28 4 1729 576 0                 
K 0 0 43                 
K 0 0 60                 
K 0 21 60                 
A D 1 4                 
J N 7 1578 21 5 3457 576 0                 
K -15 0 65                 
K 0 0 43                 
K 0 0 60                 
K 0 21 60                 
A D 1 4                 
J N 7 1664 42 4 5185 576 0                 
K 0 0 43                 
K 0 0 59                 
K 0 -21 59                 
A D 1 4                 
J B 6 1750 1 82 6913 576 0                 
E *                 
B 1 358 0                 
B 1 763 0                 
B 1 1011 0                 
B 1 1411 0                 
B 1 1750 0                 
S 0 200 1610 2050 1066 7 "[...][....]"                 
L 0 0 0 313 313 * 0 14 0                 
J C 4 5 42 2 6913 0 0                 
K 0 0 33                 
K 0 0 34                 
J K -1 57 0 1 6913 0 0                 
K 0 28 65                 
J D 0 5 -14 1 6913 0 0                 
W 0 0 37 \06                 
J N 7 113 14 4 1 0 0                 
K 0 0 43                 
K 0 0 60                 
K 0 21 60                 
A D 12 48                 
J N 7 156 21 4 1729 576 0                 
K 0 0 43                 
K 0 0 60                 
K 0 21 60                 
A D 12 48                 
J N 7 223 14 4 3457 576 0                 
K 0 0 43                 
K 0 0 60                 
K 0 21 60                 
A D 12 48                 
J N 7 268 77 7 5185 576 0                 
K 1 -7 45                 
K 0 0 43                 
K 0 -7 45                 
K 1 -7 45                 
K 0 0 59                 
K 0 -21 59                 
A D 12 48                 
J B 7 314 1 82 6913 576 0                 
J N 6 335 0 2 1 0 2 24 25                 
K 0 0 43                 
A D 4 48                 
J N 6 376 -7 2 577 192 1 25                 
K 0 0 43                 
A D 4 48                 
J N 6 405 0 2 1153 192 2 25 24                 
K 0 0 43                 
A D 4 48                 
H 25 B -46 0 108 3 2 1 3                 
H 24 S 0 0 0 0 0 0 0 0 -2                 
J N 6 434 0 2 1729 192 2 26 27                 
K 0 0 43                 
A D 4 48                 
J N 6 463 -7 2 2305 192 1 27                 
K 0 0 43                 
A D 4 48                 
J N 6 492 0 2 2881 192 2 27 26                 
K 0 0 43                 
A D 4 48                 
H 27 B -46 0 108 3 2 1 3                 
H 26 S 0 0 0 0 0 0 0 0 -2                 
J N 6 521 -7 2 3457 192 2 28 29                 
K 0 0 43                 
A D 4 48                 
J N 6 550 -21 5 4033 192 1 29                 
K 0 7 45                 
K 0 0 43                 
K 0 7 45                 
K 1 7 45                 
A D 4 48                 
J N 6 579 -14 5 4609 192 2 29 28                 
K 0 0 45                 
K 0 0 43                 
K -1 0 45                 
K 2 0 45                 
A D 4 48                 
H 29 B -41 -2 108 3 2 1 3                 
H 28 S 0 0 -7 0 -7 0 0 -2 7                 
J N 6 608 -21 5 5185 192 1 30                 
K 0 7 45                 
K 0 0 43                 
K 0 7 45                 
K 1 7 45                 
A D 6 48                 
J N 6 642 14 2 6049 288 1 30                 
K 0 0 43                 
A D 6 48                 
H 30 B -78 4 108 2 2 3                 
J B 8 678 1 82 6913 288 0                 
J N 7 699 21 5 1 0 0                 
K 0 0 43                 
K 25 0 44                 
K 0 0 60                 
K 0 21 60                 
A D 18 48                 
J N 6 767 0 3 2593 864 0                 
K 0 0 43                 
K 0 0 54                 
A D 6 48                 
J N 7 804 14 4 3457 288 0                 
K 0 0 43                 
K 0 0 60                 
K 0 21 60                 
A D 12 48                 
J N 7 848 77 7 5185 576 0                 
K 1 -7 45                 
K 0 0 43                 
K 0 -7 45                 
K 1 -7 45                 
K 0 0 59                 
K 0 -21 59                 
A D 12 48                 
J B 9 894 1 82 6913 576 0                 
J N 7 915 14 4 1 0 0                 
K 0 0 43                 
K 0 0 60                 
K 0 21 60                 
A D 12 48                 
J N 7 959 21 4 1729 576 0                 
K 0 0 43                 
K 0 0 60                 
K 0 21 60                 
A D 12 48                 
J N 7 1003 14 4 3457 576 0                 
K 0 0 43                 
K 0 0 60                 
K 0 21 60                 
A D 12 48                 
J N 7 1047 21 4 5185 576 0                 
K 0 0 43                 
K 0 0 60                 
K 0 21 60                 
A D 12 48                 
J B 10 1093 1 82 6913 576 0                 
J N 6 1114 14 2 1 0 2 31 32                 
K 0 0 43                 
A D 4 48                 
J N 6 1155 7 3 577 192 1 32                 
K -15 0 65                 
K 0 0 43                 
A D 4 48                 
J N 6 1184 14 2 1153 192 2 32 31                 
K 0 0 43                 
A D 4 48                 
H 32 B -46 0 108 3 2 1 3                 
H 31 S 0 0 0 0 0 0 0 0 -9                 
J N 6 1213 21 2 1729 192 2 33 34                 
K 0 0 43                 
A D 4 48                 
J N 6 1242 14 2 2305 192 1 34                 
K 0 0 43                 
A D 4 48                 
J N 6 1271 21 2 2881 192 2 34 33                 
K 0 0 43                 
A D 4 48                 
H 34 B -42 0 108 3 2 1 3                 
H 33 S 0 0 0 0 0 0 0 0 0                 
J N 6 1300 14 2 3457 192 2 35 36                 
K 0 0 43                 
A D 4 48                 
J N 6 1329 7 2 4033 192 1 36                 
K 0 0 43                 
A D 4 48                 
J N 6 1358 14 2 4609 192 2 36 35                 
K 0 0 43                 
A D 4 48                 
H 36 B -46 0 108 3 2 1 3                 
H 35 S 0 0 0 0 0 0 0 0 0                 
J N 6 1387 21 2 5185 192 2 37 38                 
K 0 0 43                 
A D 4 48                 
J N 6 1416 14 2 5761 192 1 38                 
K 0 0 43                 
A D 4 48                 
J N 6 1445 21 2 6337 192 2 38 37                 
K 0 0 43                 
A D 4 48                 
H 38 B -42 0 108 3 2 1 3                 
H 37 S 0 0 0 0 0 0 0 0 0                 
J B 11 1478 1 82 6913 192 0                 
J N 7 1499 -14 7 1 0 0                 
K 0 0 45                 
K 0 0 43                 
K -1 0 45                 
K 2 0 45                 
K 0 0 60                 
K 0 21 60                 
A D 12 48                 
J N 7 1543 -7 4 1729 576 0                 
K 0 0 43                 
K 0 0 60                 
K 0 21 60                 
A D 12 48                 
J N 7 1587 -14 7 3457 576 0                 
K 0 0 45                 
K 0 0 43                 
K -1 0 45                 
K 2 0 45                 
K 0 0 60                 
K 0 21 60                 
A D 12 48                 
J N 7 1631 -7 4 5185 576 0                 
K 0 0 43                 
K 0 0 60                 
K 0 21 60                 
A D 12 48                 
J B 12 1677 1 82 6913 576 0                 
J N 6 1698 -14 5 1 0 2 39 40                 
K 0 0 45                 
K 0 0 43                 
K -1 0 45                 
K 2 0 45                 
A D 4 48                 
J N 6 1727 -21 5 577 192 1 40                 
K 0 7 45                 
K 0 0 43                 
K 0 7 45                 
K 1 7 45                 
A D 4 48                 
J N 6 1756 -14 5 1153 192 2 40 39                 
K 0 0 45                 
K 0 0 43                 
K -1 0 45                 
K 2 0 45                 
A D 4 48                 
H 40 B -46 0 108 3 2 1 3                 
H 39 S 0 0 0 0 0 0 0 0 -2                 
J N 6 1785 -7 2 1729 192 2 41 42                 
K 0 0 43                 
A D 4 48                 
J N 6 1814 -14 5 2305 192 1 42                 
K 0 0 45                 
K 0 0 43                 
K -1 0 45                 
K 2 0 45                 
A D 4 48                 
J N 6 1843 -7 2 2881 192 2 42 41                 
K 0 0 43                 
A D 4 48                 
H 42 B -49 0 108 3 2 1 3                 
H 41 S 0 0 0 0 0 0 0 0 -2                 
J N 6 1872 -14 5 3457 192 2 43 44                 
K 0 0 45                 
K 0 0 43                 
K -1 0 45                 
K 2 0 45                 
A D 4 48                 
J N 6 1901 -21 5 4033 192 1 44                 
K 0 7 45                 
K 0 0 43                 
K 0 7 45                 
K 1 7 45                 
A D 4 48                 
J N 6 1930 -14 5 4609 192 2 44 43                 
K 0 0 45                 
K 0 0 43                 
K -1 0 45                 
K 2 0 45                 
A D 4 48                 
H 44 B -46 0 108 3 2 1 3                 
H 43 S 0 0 0 0 0 0 0 0 -2                 
J N 6 1959 -7 2 5185 192 2 45 46                 
K 0 0 43                 
A D 4 48                 
J N 6 1988 -14 5 5761 192 1 46                 
K 0 0 45                 
K 0 0 43                 
K -1 0 45                 
K 2 0 45                 
A D 4 48                 
J N 6 2017 -7 2 6337 192 2 46 45                 
K 0 0 43                 
A D 4 48                 
H 46 B -49 0 108 3 2 1 3                 
H 45 S 0 0 0 0 0 0 0 0 -2                 
J B 13 2050 1 82 6913 192 0                 
E *                 
L 160 0 0 313 313 * 0 14 0                 
J C 4 5 42 2 6913 0 0                 
K 0 0 33                 
K 0 0 34                 
J K -1 57 0 1 6913 0 0                 
K 0 28 65                 
J D 0 5 -14 1 6913 0 0                 
W 0 0 0 \06                 
J N 7 113 28 5 1 0 0                 
K 0 0 43                 
K 24 -6 44                 
K 0 0 60                 
K 0 21 60                 
A D 9 24                 
J N 6 185 35 3 2593 864 0                 
K 0 0 43                 
K 0 0 53                 
A D 3 24                 
J N 7 223 28 4 3457 288 0                 
K 0 0 43                 
K 0 0 60                 
K 0 21 60                 
A D 6 24                 
J N 7 268 63 4 5185 576 0                 
K 0 0 43                 
K 0 0 59                 
K 0 -21 59                 
A D 6 24                 
J B 7 314 1 82 6913 576 0                 
J N 6 335 14 2 1 0 2 23 24                 
K 0 0 43                 
A D 2 24                 
J N 6 376 7 3 577 192 1 24                 
K -15 0 65                 
K 0 0 43                 
A D 2 24                 
J N 6 405 14 2 1153 192 2 24 23                 
K 0 0 43                 
A D 2 24                 
H 24 B -46 0 108 3 2 1 3                 
H 23 S 0 0 0 0 0 0 0 0 -9                 
J N 6 434 14 2 1729 192 2 25 26                 
K 0 0 43                 
A D 2 24                 
J N 6 463 7 2 2305 192 1 26                 
K 0 0 43                 
A D 2 24                 
J N 6 492 14 2 2881 192 2 26 25                 
K 0 0 43                 
A D 2 24                 
H 26 B -46 0 108 3 2 1 3                 
H 25 S 0 0 0 0 0 0 0 0 0                 
J N 6 521 28 2 3457 192 2 27 28                 
K 0 0 43                 
A D 2 24                 
J N 6 550 14 2 4033 192 1 28                 
K 0 0 43                 
A D 2 24                 
J N 6 579 21 2 4609 192 2 28 27                 
K 0 0 43                 
A D 2 24                 
H 28 B -46 -2 108 3 2 1 3                 
H 27 S 0 0 -7 0 -7 0 0 0 0                 
J N 6 608 14 2 5185 192 1 29                 
K 0 0 43                 
A D 3 24                 
J N 6 642 28 2 6049 288 1 29                 
K 0 0 43                 
A D 3 24                 
H 29 B -57 4 108 2 2 3                 
J B 8 678 1 82 6913 288 0                 
J N 7 699 28 5 1 0 0                 
K 0 0 43                 
K 24 -6 44                 
K 0 0 60                 
K 0 21 60                 
A D 9 24                 
J N 6 767 35 3 2593 864 0                 
K 0 0 43                 
K 0 0 53                 
A D 3 24                 
J N 7 804 28 4 3457 288 0                 
K 0 0 43                 
K 0 0 60                 
K 0 21 60                 
A D 6 24                 
J N 7 848 63 4 5185 576 0                 
K 0 0 43                 
K 0 0 59                 
K 0 -21 59                 
A D 6 24                 
J B 9 894 1 82 6913 576 0                 
J N 7 915 28 4 1 0 0                 
K 0 0 43                 
K 0 0 60                 
K 0 21 60                 
A D 6 24                 
J N 7 959 35 4 1729 576 0                 
K 0 0 43                 
K 0 0 59                 
K 0 -21 59                 
A D 6 24                 
J N 7 1003 28 4 3457 576 0                 
K 0 0 43                 
K 0 0 60                 
K 0 21 60                 
A D 6 24                 
J N 7 1047 35 4 5185 576 0                 
K 0 0 43                 
K 0 0 59                 
K 0 -21 59                 
A D 6 24                 
J B 10 1093 1 82 6913 576 0                 
J N 6 1114 28 2 1 0 2 30 31                 
K 0 0 43                 
A D 2 24                 
J N 6 1155 21 2 577 192 1 31                 
K 0 0 43                 
A D 2 24                 
J N 6 1184 28 2 1153 192 2 31 30                 
K 0 0 43                 
A D 2 24                 
H 31 B -42 0 108 3 2 1 3                 
H 30 S 0 0 0 0 0 0 0 0 0                 
J N 6 1213 35 2 1729 192 2 32 33                 
K 0 0 43                 
A D 2 24                 
J N 6 1242 28 2 2305 192 1 33                 
K 0 0 43                 
A D 2 24                 
J N 6 1271 35 2 2881 192 2 33 32                 
K 0 0 43                 
A D 2 24                 
H 33 B 49 0 108 3 2 1 3                 
H 32 S 12 0 0 0 0 0 0 0 0                 
J N 6 1300 28 2 3457 192 2 34 35                 
K 0 0 43                 
A D 2 24                 
J N 6 1329 21 2 4033 192 1 35                 
K 0 0 43                 
A D 2 24                 
J N 6 1358 28 2 4609 192 2 35 34                 
K 0 0 43                 
A D 2 24                 
H 35 B -42 0 108 3 2 1 3                 
H 34 S 0 0 0 0 0 0 0 0 0                 
J N 6 1387 35 2 5185 192 2 36 37                 
K 0 0 43                 
A D 2 24                 
J N 6 1416 28 2 5761 192 1 37                 
K 0 0 43                 
A D 2 24                 
J N 6 1445 35 2 6337 192 2 37 36                 
K 0 0 43                 
A D 2 24                 
H 37 B 49 0 108 3 2 1 3                 
H 36 S 12 0 0 0 0 0 0 0 0                 
J B 11 1478 1 82 6913 192 0                 
J N 7 1499 0 4 1 0 0                 
K 0 0 43                 
K 0 0 60                 
K 0 21 60                 
A D 6 24                 
J N 7 1543 7 4 1729 576 0                 
K 0 0 43                 
K 0 0 60                 
K 0 21 60                 
A D 6 24                 
J N 7 1587 0 4 3457 576 0                 
K 0 0 43                 
K 0 0 60                 
K 0 21 60                 
A D 6 24                 
J N 7 1631 7 4 5185 576 0                 
K 0 0 43                 
K 0 0 60                 
K 0 21 60                 
A D 6 24                 
J B 12 1677 1 82 6913 576 0                 
J N 6 1698 0 2 1 0 2 38 39                 
K 0 0 43                 
A D 2 24                 
J N 6 1727 -7 2 577 192 1 39                 
K 0 0 43                 
A D 2 24                 
J N 6 1756 0 2 1153 192 2 39 38                 
K 0 0 43                 
A D 2 24                 
H 39 B -46 0 108 3 2 1 3                 
H 38 S 0 0 0 0 0 0 0 0 -2                 
J N 6 1785 7 2 1729 192 2 40 41                 
K 0 0 43                 
A D 2 24                 
J N 6 1814 0 2 2305 192 1 41                 
K 0 0 43                 
A D 2 24                 
J N 6 1843 7 2 2881 192 2 41 40                 
K 0 0 43                 
A D 2 24                 
H 41 B -49 0 108 3 2 1 3                 
H 40 S 0 0 0 0 0 0 0 0 -1                 
J N 6 1872 0 2 3457 192 2 42 43                 
K 0 0 43                 
A D 2 24                 
J N 6 1901 -7 2 4033 192 1 43                 
K 0 0 43                 
A D 2 24                 
J N 6 1930 0 2 4609 192 2 43 42                 
K 0 0 43                 
A D 2 24                 
H 43 B -46 0 108 3 2 1 3                 
H 42 S 0 0 0 0 0 0 0 0 -2                 
J N 6 1959 7 2 5185 192 2 44 45                 
K 0 0 43                 
A D 2 24                 
J N 6 1988 0 2 5761 192 1 45                 
K 0 0 43                 
A D 2 24                 
J N 6 2017 7 2 6337 192 2 45 44                 
K 0 0 43                 
A D 2 24                 
H 45 B -49 0 108 3 2 1 3                 
H 44 S 0 0 0 0 0 0 0 0 -1                 
J B 13 2050 1 82 6913 192 0                 
E *                 
L 320 0 0 313 313 * 0 14 0                 
J C 22 5 14 36 6913 0 0                 
J K -1 57 0 1 6913 0 0                 
K 0 42 65                 
J D 0 5 -14 1 6913 0 0                 
W 0 0 0 \06                 
J F 0 113 98 2 1 0 0                 
K 0 0 205                 
K 0 21 203                 
J N 7 113 14 4 1 0 0                 
K 0 0 43                 
K 0 0 60                 
K 0 21 60                 
A D 1 4                 
J F 0 156 98 2 1729 576 0                 
K 0 0 204                 
K 0 21 202                 
J N 7 156 63 4 1729 0 0                 
K 0 0 43                 
K 0 0 59                 
K 0 -21 59                 
A D 1 4                 
J N 8 223 42 4 3457 576 0                 
K 0 0 42                 
K 0 0 59                 
K 0 -21 59                 
A D 2 4                 
J B 7 314 1 82 6913 1152 0                 
J N 7 335 -7 4 1 0 0                 
K 0 0 43                 
K 0 0 60                 
K 0 21 60                 
A D 1 4                 
J N 7 434 28 4 1729 576 0                 
K 0 0 43                 
K 0 0 60                 
K 0 21 60                 
A D 1 4                 
J N 7 521 21 5 3457 576 0                 
K -15 0 65                 
K 0 0 43                 
K 0 0 60                 
K 0 21 60                 
A D 1 4                 
J N 7 608 42 4 5185 576 0                 
K 0 0 43                 
K 0 0 59                 
K 0 -21 59                 
A D 1 4                 
J B 8 678 1 82 6913 576 0                 
J F 0 699 98 1 1 0 0                 
K 0 0 203                 
J N 7 699 14 4 1 0 0                 
K 0 0 43                 
K 0 0 60                 
K 0 21 60                 
A D 1 4                 
J F 0 737 98 1 1729 576 0                 
K 0 0 202                 
J N 7 737 63 4 1729 0 0                 
K 0 0 43                 
K 0 0 59                 
K 0 -21 59                 
A D 1 4                 
J N 8 804 42 4 3457 576 0                 
K 0 0 42                 
K 0 0 59                 
K 0 -21 59                 
A D 2 4                 
J B 9 894 1 82 6913 1152 0                 
J N 7 915 -7 4 1 0 0                 
K 0 0 43                 
K 0 0 60                 
K 0 21 60                 
A D 1 4                 
J N 7 959 14 4 1729 576 0                 
K 0 0 43                 
K 0 0 60                 
K 0 21 60                 
A D 1 4                 
J N 7 1003 -7 4 3457 576 0                 
K 0 0 43                 
K 0 0 60                 
K 0 21 60                 
A D 1 4                 
J N 7 1047 14 4 5185 576 0                 
K 0 0 43                 
K 0 0 60                 
K 0 21 60                 
A D 1 4                 
J B 10 1093 1 82 6913 576 0                 
J N 7 1114 -7 4 1 0 0                 
K 0 0 43                 
K 0 0 60                 
K 0 21 60                 
A D 1 4                 
J N 7 1213 -35 9 1729 576 0                 
K 0 21 45                 
K 0 7 45                 
K 0 0 43                 
K 0 7 45                 
K 1 7 45                 
K 0 0 60                 
K 0 28 60                 
K 0 35 60                 
A D 1 4                 
J N 7 1300 -7 4 3457 576 0                 
K 0 0 43                 
K 0 0 60                 
K 0 21 60                 
A D 1 4                 
J N 7 1387 14 4 5185 576 0                 
K 0 0 43                 
K 0 0 60                 
K 0 21 60                 
A D 1 4                 
J B 11 1478 1 82 6913 576 0                 
J N 7 1499 14 4 1 0 0                 
K 0 0 43                 
K 0 0 60                 
K 0 21 60                 
A D 1 4                 
J N 7 1543 35 4 1729 576 0                 
K 0 0 43                 
K 0 0 59                 
K 0 -21 59                 
A D 1 4                 
J N 7 1587 14 4 3457 576 0                 
K 0 0 43                 
K 0 0 60                 
K 0 21 60                 
A D 1 4                 
J N 7 1631 35 4 5185 576 0                 
K 0 0 43                 
K 0 0 59                 
K 0 -21 59                 
A D 1 4                 
J B 12 1677 1 82 6913 576 0                 
J N 7 1698 14 4 1 0 0                 
K 0 0 43                 
K 0 0 60                 
K 0 21 60                 
A D 1 4                 
J N 7 1785 -14 7 1729 576 0                 
K 0 0 45                 
K 0 0 43                 
K -1 0 45                 
K 2 0 45                 
K 0 0 60                 
K 0 21 60                 
A D 1 4                 
J N 7 1872 14 4 3457 576 0                 
K 0 0 43                 
K 0 0 60                 
K 0 21 60                 
A D 1 4                 
J N 7 1959 35 4 5185 576 0                 
K 0 0 43                 
K 0 0 59                 
K 0 -21 59                 
A D 1 4                 
J B 13 2050 1 82 6913 576 0                 
E *                 
L 530 0 0 313 313 * 0 14 0                 
J C 4 5 42 2 6913 0 0                 
K 0 0 33                 
K 0 0 34                 
J K -1 57 0 1 6913 0 0                 
K 0 28 65                 
J D 0 5 -14 1 6913 0 0                 
W 0 0 0 \06                 
J N 7 113 14 4 1 0 0                 
K 0 0 43                 
K 0 0 60                 
K 0 21 60                 
A D 4 16                 
J N 7 156 21 4 1729 576 0                 
K 0 0 43                 
K 0 0 60                 
K 0 21 60                 
A D 4 16                 
J N 7 223 14 4 3457 576 0                 
K 0 0 43                 
K 0 0 60                 
K 0 21 60                 
A D 4 16                 
J N 7 268 77 7 5185 576 0                 
K 1 -7 45                 
K 0 0 43                 
K 0 -7 45                 
K 1 -7 45                 
K 0 0 59                 
K 0 -21 59                 
A D 4 16                 
J B 7 314 1 82 6913 576 0                 
J R 9 482 28 2 1 10000 0                 
K 0 0 46                 
A D 16 16                 
J B 8 678 1 82 6913 2304 0                 
J R 9 772 28 2 1 10000 0                 
K 0 0 46                 
A D 16 16                 
J B 9 894 1 82 6913 2304 0                 
J N 7 915 14 4 1 0 0                 
K 0 0 43                 
K 0 0 60                 
K 0 21 60                 
A D 4 16                 
J N 7 959 21 4 1729 576 0                 
K 0 0 43                 
K 0 0 60                 
K 0 21 60                 
A D 4 16                 
J N 7 1003 14 4 3457 576 0                 
K 0 0 43                 
K 0 0 60                 
K 0 21 60                 
A D 4 16                 
J N 7 1047 21 4 5185 576 0                 
K 0 0 43                 
K 0 0 60                 
K 0 21 60                 
A D 4 16                 
J B 10 1093 1 82 6913 576 0                 
J R 9 1271 28 2 1 10000 0                 
K 0 0 46                 
A D 16 16                 
J B 11 1478 1 82 6913 2304 0                 
J N 7 1499 -14 7 1 0 0                 
K 0 0 45                 
K 0 0 43                 
K -1 0 45                 
K 2 0 45                 
K 0 0 60                 
K 0 21 60                 
A D 4 16                 
J N 7 1543 -7 4 1729 576 0                 
K 0 0 43                 
K 0 0 60                 
K 0 21 60                 
A D 4 16                 
J N 7 1587 -14 7 3457 576 0                 
K 0 0 45                 
K 0 0 43                 
K -1 0 45                 
K 2 0 45                 
K 0 0 60                 
K 0 21 60                 
A D 4 16                 
J N 7 1631 -7 4 5185 576 0                 
K 0 0 43                 
K 0 0 60                 
K 0 21 60                 
A D 4 16                 
J B 12 1677 1 82 6913 576 0                 
J R 9 1849 28 2 1 10000 0                 
K 0 0 46                 
A D 16 16                 
J B 13 2050 1 82 6913 2304 0                 
E *                 
L 690 0 0 313 313 * 0 14 0                 
J C 4 5 42 2 6913 0 0                 
K 0 0 33                 
K 0 0 34                 
J K -1 57 0 1 6913 0 0                 
K 0 28 65                 
J D 0 5 -14 1 6913 0 0                 
W 0 0 0 \06                 
J N 7 113 28 5 1 0 0                 
K 0 0 43                 
K 24 -6 44                 
K 0 0 60                 
K 0 21 60                 
A D 3 8                 
J N 6 185 35 3 2593 864 0                 
K 0 0 43                 
K 0 0 53                 
A D 1 8                 
J N 7 223 28 4 3457 288 0                 
K 0 0 43                 
K 0 0 60                 
K 0 21 60                 
A D 2 8                 
J N 7 268 63 4 5185 576 0                 
K 0 0 43                 
K 0 0 59                 
K 0 -21 59                 
A D 2 8                 
J B 7 314 1 82 6913 576 0                 
J R 9 482 28 2 1 10000 0                 
K 0 0 46                 
A D 8 8                 
J B 8 678 1 82 6913 2304 0                 
J R 9 772 28 2 1 10000 0                 
K 0 0 46                 
A D 8 8                 
J B 9 894 1 82 6913 2304 0                 
J N 7 915 28 4 1 0 0                 
K 0 0 43                 
K 0 0 60                 
K 0 21 60                 
A D 2 8                 
J N 7 959 35 4 1729 576 0                 
K 0 0 43                 
K 0 0 59                 
K 0 -21 59                 
A D 2 8                 
J N 7 1003 28 4 3457 576 0                 
K 0 0 43                 
K 0 0 60                 
K 0 21 60                 
A D 2 8                 
J N 7 1047 35 4 5185 576 0                 
K 0 0 43                 
K 0 0 59                 
K 0 -21 59                 
A D 2 8                 
J B 10 1093 1 82 6913 576 0                 
J R 9 1271 28 2 1 10000 0                 
K 0 0 46                 
A D 8 8                 
J B 11 1478 1 82 6913 2304 0                 
J N 7 1499 0 4 1 0 0                 
K 0 0 43                 
K 0 0 60                 
K 0 21 60                 
A D 2 8                 
J N 7 1543 7 4 1729 576 0                 
K 0 0 43                 
K 0 0 60                 
K 0 21 60                 
A D 2 8                 
J N 7 1587 0 4 3457 576 0                 
K 0 0 43                 
K 0 0 60                 
K 0 21 60                 
A D 2 8                 
J N 7 1631 7 4 5185 576 0                 
K 0 0 43                 
K 0 0 60                 
K 0 21 60                 
A D 2 8                 
J B 12 1677 1 82 6913 576 0                 
J R 9 1849 28 2 1 10000 0                 
K 0 0 46                 
A D 8 8                 
J B 13 2050 1 82 6913 2304 0                 
E *                 
L 850 0 0 313 313 * 0 14 0                 
J C 13 5 28 35 6913 0 0                 
J K -1 57 0 1 6913 0 0                 
K 0 35 65                 
J D 0 5 -14 1 6913 0 0                 
W 0 0 0 \06                 
J N 7 113 7 5 1 0 0                 
K 0 0 43                 
K 25 0 44                 
K 0 0 60                 
K 0 21 60                 
A D 3 8                 
J N 6 185 7 3 2593 864 0                 
K 0 0 43                 
K 0 0 54                 
A D 1 8                 
J N 8 223 7 4 3457 288 0                 
K 0 0 42                 
K 0 0 60                 
K 0 21 60                 
A D 4 8                 
J B 7 314 1 82 6913 1152 0                 
J R 9 482 28 2 1 10000 0                 
K 0 0 46                 
A D 8 8                 
J B 8 678 1 82 6913 2304 0                 
J R 9 772 28 2 1 10000 0                 
K 0 0 46                 
A D 8 8                 
J B 9 894 1 82 6913 2304 0                 
J N 7 915 7 4 1 0 0                 
K 0 0 43                 
K 0 0 60                 
K 0 21 60                 
A D 2 8                 
J N 7 959 7 4 1729 576 0                 
K 0 0 43                 
K 0 0 60                 
K 0 21 60                 
A D 2 8                 
J N 7 1003 7 4 3457 576 0                 
K 0 0 43                 
K 0 0 60                 
K 0 21 60                 
A D 2 8                 
J N 7 1047 7 4 5185 576 0                 
K 0 0 43                 
K 0 0 60                 
K 0 21 60                 
A D 2 8                 
J B 10 1093 1 82 6913 576 0                 
J R 9 1271 28 2 1 10000 0                 
K 0 0 46                 
A D 8 8                 
J B 11 1478 1 82 6913 2304 0                 
J N 7 1499 -21 7 1 0 0                 
K 0 7 45                 
K 0 0 43                 
K 0 7 45                 
K 1 7 45                 
K 0 0 60                 
K 0 21 60                 
A D 2 8                 
J N 7 1543 -21 7 1729 576 0                 
K 0 7 45                 
K 0 0 43                 
K 0 7 45                 
K 1 7 45                 
K 0 0 60                 
K 0 21 60                 
A D 2 8                 
J N 7 1587 -21 7 3457 576 0                 
K 0 7 45                 
K 0 0 43                 
K 0 7 45                 
K 1 7 45                 
K 0 0 60                 
K 0 21 60                 
A D 2 8                 
J N 7 1631 -21 7 5185 576 0                 
K 0 7 45                 
K 0 0 43                 
K 0 7 45                 
K 1 7 45                 
K 0 0 60                 
K 0 21 60                 
A D 2 8                 
J B 12 1677 1 82 6913 576 0                 
J R 9 1849 28 2 1 10000 0                 
K 0 0 46                 
A D 8 8                 
J B 13 2050 1 82 6913 2304 0                 
E *                 
L 1010 0 0 313 313 * 0 14 0                 
J C 22 5 14 36 6913 0 0                 
J K -1 57 0 1 6913 0 0                 
K 0 42 65                 
J D 0 5 -14 1 6913 0 0                 
W 0 0 0 \06                 
J F 0 113 98 2 1 0 0                 
K 0 0 205                 
K 0 21 203                 
J N 7 113 14 4 1 0 0                 
K 0 0 43                 
K 0 0 60                 
K 0 21 60                 
A D 1 4                 
J F 0 156 98 2 1729 576 0                 
K 0 0 204                 
K 0 21 202                 
J N 7 156 63 4 1729 0 0                 
K 0 0 43                 
K 0 0 59                 
K 0 -21 59                 
A D 1 4                 
J N 8 223 42 4 3457 576 0                 
K 0 0 42                 
K 0 0 59                 
K 0 -21 59                 
A D 2 4                 
J B 7 314 1 82 6913 1152 0                 
J R 9 482 28 2 1 10000 0                 
K 0 0 46                 
A D 4 4                 
J B 8 678 1 82 6913 2304 0                 
J R 9 772 28 2 1 10000 0                 
K 0 0 46                 
A D 4 4                 
J B 9 894 1 82 6913 2304 0                 
J N 7 915 -7 4 1 0 0                 
K 0 0 43                 
K 0 0 60                 
K 0 21 60                 
A D 1 4                 
J N 7 959 14 4 1729 576 0                 
K 0 0 43                 
K 0 0 60                 
K 0 21 60                 
A D 1 4                 
J N 7 1003 -7 4 3457 576 0                 
K 0 0 43                 
K 0 0 60                 
K 0 21 60                 
A D 1 4                 
J N 7 1047 14 4 5185 576 0                 
K 0 0 43                 
K 0 0 60                 
K 0 21 60                 
A D 1 4                 
J B 10 1093 1 82 6913 576 0                 
J R 9 1271 28 2 1 10000 0                 
K 0 0 46                 
A D 4 4                 
J B 11 1478 1 82 6913 2304 0                 
J N 7 1499 14 4 1 0 0                 
K 0 0 43                 
K 0 0 60                 
K 0 21 60                 
A D 1 4                 
J N 7 1543 35 4 1729 576 0                 
K 0 0 43                 
K 0 0 59                 
K 0 -21 59                 
A D 1 4                 
J N 7 1587 14 4 3457 576 0                 
K 0 0 43                 
K 0 0 60                 
K 0 21 60                 
A D 1 4                 
J N 7 1631 35 4 5185 576 0                 
K 0 0 43                 
K 0 0 59                 
K 0 -21 59                 
A D 1 4                 
J B 12 1677 1 82 6913 576 0                 
J R 9 1849 28 2 1 10000 0                 
K 0 0 46                 
A D 4 4                 
J B 13 2050 1 82 6913 2304 0                 
E *                 
B 1 314 0                 
B 1 678 0                 
B 1 894 0                 
B 1 1093 0                 
B 1 1478 0                 
B 1 1677 0                 
B 1 2050 0                 
