@ SOURCE: not identified 
L 0 0 14 !39Violino 1 concertino
J D 4 500 -120 1 6913 0 0
W 0 0 44 II
J D 1 75 -37 1 6913 0 0
W 0 -56 44 II:  Violino 1 concertino
J C 4 5 42 2 6913 0 0
K 0 0 33
K 0 0 34
J K 2 57 0 2 6913 0 0
K 0 0 63
K 15 21 63
J D 5 103 -42 1 6913 0 0
W 0 0 37 Allegro
J T 304 112 0 2 6913 0 0
K -10 28 74
K -10 56 75
J D 0 151 0 1 1 0 0
W 0 -21 33 !31|Soli
J N 6 151 63 2 1 0 1 1
K 0 0 43
A D 6 48
J N 6 187 63 2 1153 288 1 1
K 0 0 43
A D 6 48
J N 6 223 49 2 2305 288 1 1
K 0 0 43
A D 6 48
J N 6 259 49 2 3457 288 1 1
K 0 0 43
A D 6 48
J N 6 295 35 2 4609 288 1 1
K 0 0 43
A D 6 48
J N 6 331 35 2 5761 288 1 1
K 0 0 43
A D 6 48
H 1 B 0 0 108 6 2 1 1 1 1 3
J B 2 371 1 82 6913 288 0
J N 7 392 14 4 1 0 0
K 0 0 43
K 0 0 60
K 0 21 60
A D 12 48
J R 7 443 28 2 2305 576 0
K 0 0 48
A D 12 48
J R 7 494 28 2 4609 576 0
K 0 0 48
A D 12 48
J B 3 549 1 82 6913 576 0
J N 6 570 49 2 1 0 3 2 3 4
K 0 0 43
A D 4 48
J N 6 603 63 2 769 192 2 4 2
K 0 0 43
A D 4 48
H 2 S 12 0 0 0 0 0 0 0 0
J N 6 636 49 2 1537 192 2 4 3
K 0 0 43
A D 4 48
H 3 X 25 3 0 0 0 0 4
H 4 B 0 0 108 3 2 1 3
J N 6 669 35 2 2305 192 3 5 6 7
K 0 0 43
A D 4 48
J N 6 702 49 2 3073 192 2 7 5
K 0 0 43
A D 4 48
H 5 S 12 0 0 0 0 0 0 0 0
J N 6 735 35 2 3841 192 2 7 6
K 0 0 43
A D 4 48
H 6 X 25 3 0 0 0 0 7
H 7 B 0 0 108 3 2 1 3
J N 6 768 14 2 4609 192 3 8 9 10
K 0 0 43
A D 4 48
J N 6 801 35 2 5377 192 2 10 8
K 0 0 43
A D 4 48
H 8 S 0 0 0 0 0 0 0 0 0
J N 6 834 14 2 6145 192 2 10 9
K 0 0 43
A D 4 48
H 9 X 25 3 0 0 0 0 10
H 10 B 1 0 108 3 2 1 3
J B 4 871 1 82 6913 192 0
J N 7 892 0 4 1 0 0
K 0 0 43
K 0 0 60
K 0 21 60
A D 12 48
J R 7 943 28 2 2305 576 0
K 0 0 48
A D 12 48
J R 7 994 28 2 4609 576 0
K 0 0 48
A D 12 48
J B 5 1049 1 82 6913 576 0
J N 6 1070 35 2 1 0 1 11
K 0 0 43
A D 6 48
J N 6 1106 35 2 1153 288 1 11
K 0 0 43
A D 6 48
J N 6 1142 14 2 2305 288 1 11
K 0 0 43
A D 6 48
J N 6 1178 14 2 3457 288 1 11
K 0 0 43
A D 6 48
J N 6 1214 0 2 4609 288 1 11
K 0 0 43
A D 6 48
J N 6 1250 0 2 5761 288 1 11
K 0 0 43
A D 6 48
H 11 B 1 0 108 6 2 1 1 1 1 3
J B 6 1290 1 82 6913 288 0
J N 7 1311 -14 7 1 0 0
K 0 0 45
K 0 0 43
K -1 0 45
K 2 0 45
K 0 0 60
K 0 21 60
A D 12 48
J R 7 1362 28 2 2305 576 0
K 0 0 48
A D 12 48
J R 7 1413 28 2 4609 576 0
K 0 0 48
A D 12 48
J B 7 1468 1 82 6913 576 0
J N 6 1489 14 2 1 0 3 12 13 14
K 0 0 43
A D 4 48
J N 6 1522 35 2 769 192 2 14 12
K 0 0 43
A D 4 48
H 12 S 0 0 0 0 0 0 0 0 0
J N 6 1555 14 2 1537 192 2 14 13
K 0 0 43
A D 4 48
H 13 X 25 3 0 0 0 0 14
H 14 B 1 0 108 3 2 1 3
J N 6 1588 0 2 2305 192 3 15 16 17
K 0 0 43
A D 4 48
J N 6 1621 14 2 3073 192 2 17 15
K 0 0 43
A D 4 48
H 15 S 0 0 0 0 0 0 0 0 0
J N 6 1654 0 2 3841 192 2 17 16
K 0 0 43
A D 4 48
H 16 X 25 3 0 0 0 0 17
H 17 B 1 0 108 3 2 1 3
J N 6 1687 -14 5 4609 192 3 18 19 20
K 0 0 45
K 0 0 43
K -1 0 45
K 2 0 45
A D 4 48
J N 6 1720 0 2 5377 192 2 20 18
K 0 0 43
A D 4 48
H 18 S 0 0 0 0 0 0 0 0 0
J N 6 1753 -14 5 6145 192 2 20 19
K 0 0 45
K 0 0 43
K -1 0 45
K 2 0 45
A D 4 48
H 19 X 25 3 0 0 0 0 20
H 20 B 1 0 108 3 2 1 3
J B 8 1790 1 82 6913 192 0
J N 7 1811 -35 9 1 0 0
K 0 21 45
K 0 7 45
K 0 0 43
K 0 7 45
K 1 7 45
K 0 0 60
K 0 28 60
K 0 35 60
A D 12 48
J R 7 1862 28 2 2305 576 0
K 0 0 48
A D 12 48
J R 7 1913 28 2 4609 576 0
K 0 0 48
A D 12 48
J B 9 1968 1 82 6913 576 0
J D 0 1989 0 1 1 0 0
W 0 -21 33 !31|Tutti
J N 6 1989 63 2 1 0 1 21
K 0 0 43
A D 6 48
J N 6 2025 63 2 1153 288 1 21
K 0 0 43
A D 6 48
J N 6 2061 49 2 2305 288 1 21
K 0 0 43
A D 6 48
J N 6 2097 49 2 3457 288 1 21
K 0 0 43
A D 6 48
J N 6 2133 35 2 4609 288 1 21
K 0 0 43
A D 6 48
J N 6 2169 35 2 5761 288 1 21
K 0 0 43
A D 6 48
H 21 B 0 0 108 6 2 1 1 1 1 3
J B 10 2209 1 82 6913 288 0
J N 6 2230 14 2 1 0 1 22
K 0 0 43
A D 6 48
J N 6 2266 35 2 1153 288 1 22
K 0 0 43
A D 6 48
J N 6 2302 14 2 2305 288 1 22
K 0 0 43
A D 6 48
J N 6 2338 49 2 3457 288 1 22
K 0 0 43
A D 6 48
J N 6 2374 56 2 4609 288 1 22
K 0 0 43
A D 6 48
J N 6 2410 21 2 5761 288 1 22
K 0 0 43
A D 6 48
H 22 B 0 0 108 6 2 1 1 1 1 3
J B 11 2450 1 82 6913 288 0
J N 6 2471 63 2 1 0 1 23
K 0 0 43
A D 6 48
J N 5 2513 0 2 1153 288 1 23
K 0 0 43
A D 3 48
J N 5 2541 -7 2 1729 144 1 23
K 0 0 43
A D 3 48
H 23 B 0 4 108 3 2 21 33
J N 5 2569 -14 5 2305 144 1 24
K 0 0 45
K 0 0 43
K -1 0 45
K 2 0 45
A D 3 48
J N 5 2597 -21 5 2881 144 1 24
K 0 7 45
K 0 0 43
K 0 7 45
K 1 7 45
A D 3 48
J N 5 2625 -14 5 3457 144 1 24
K 0 0 45
K 0 0 43
K -1 0 45
K 2 0 45
A D 3 48
J N 5 2653 -21 5 4033 144 1 24
K 0 7 45
K 0 0 43
K 0 7 45
K 1 7 45
A D 3 48
H 24 B 1 0 108 4 22 11 11 33
J N 5 2681 -7 2 4609 144 1 25
K 0 0 43
A D 3 48
J N 5 2709 -14 5 5185 144 1 25
K 0 0 45
K 0 0 43
K -1 0 45
K 2 0 45
A D 3 48
J N 5 2737 -7 2 5761 144 1 25
K 0 0 43
A D 3 48
J N 5 2765 -14 5 6337 144 1 25
K 0 0 45
K 0 0 43
K -1 0 45
K 2 0 45
A D 3 48
H 25 B 1 0 108 4 22 11 11 33
J B 12 2797 1 82 6913 144 0
J N 6 2818 0 2 1 0 1 26
K 0 0 43
A D 6 48
J N 5 2854 14 2 1153 288 1 26
K 0 0 43
A D 3 48
J N 5 2882 7 2 1729 144 1 26
K 0 0 43
A D 3 48
H 26 B 1 0 108 3 2 21 33
J N 5 2910 0 2 2305 144 1 27
K 0 0 43
A D 3 48
J N 5 2938 -7 2 2881 144 1 27
K 0 0 43
A D 3 48
J N 5 2966 0 2 3457 144 1 27
K 0 0 43
A D 3 48
J N 5 2994 -7 2 4033 144 1 27
K 0 0 43
A D 3 48
H 27 B 1 0 108 4 22 11 11 33
J N 5 3022 7 2 4609 144 1 28
K 0 0 43
A D 3 48
J N 5 3050 0 2 5185 144 1 28
K 0 0 43
A D 3 48
J N 5 3078 7 2 5761 144 1 28
K 0 0 43
A D 3 48
J N 5 3106 0 2 6337 144 1 28
K 0 0 43
A D 3 48
H 28 B 1 0 108 4 22 11 11 33
J B 13 3138 1 82 6913 144 0
J N 6 3159 14 2 1 0 1 29
K 0 0 43
A D 6 48
J N 5 3195 0 2 1153 288 1 29
K 0 0 43
A D 3 48
J N 5 3223 -7 2 1729 144 1 29
K 0 0 43
A D 3 48
H 29 B 1 0 108 3 2 21 33
J N 5 3251 -14 5 2305 144 1 30
K 0 0 45
K 0 0 43
K -1 0 45
K 2 0 45
A D 3 48
J N 5 3279 -21 5 2881 144 1 30
K 0 7 45
K 0 0 43
K 0 7 45
K 1 7 45
A D 3 48
J N 5 3307 -14 5 3457 144 1 30
K 0 0 45
K 0 0 43
K -1 0 45
K 2 0 45
A D 3 48
J N 5 3335 -21 5 4033 144 1 30
K 0 7 45
K 0 0 43
K 0 7 45
K 1 7 45
A D 3 48
H 30 B 1 0 108 4 22 11 11 33
J N 5 3363 -7 2 4609 144 1 31
K 0 0 43
A D 3 48
J N 5 3391 -14 5 5185 144 1 31
K 0 0 45
K 0 0 43
K -1 0 45
K 2 0 45
A D 3 48
J N 5 3419 -7 2 5761 144 1 31
K 0 0 43
A D 3 48
J N 5 3447 -14 5 6337 144 1 31
K 0 0 45
K 0 0 43
K -1 0 45
K 2 0 45
A D 3 48
H 31 B 1 0 108 4 22 11 11 33
J B 14 3479 1 82 6913 144 0
J N 5 3500 0 2 1 0 1 32
K 0 0 43
A D 3 48
J N 5 3528 -14 5 577 144 1 32
K 0 0 45
K 0 0 43
K -1 0 45
K 2 0 45
A D 3 48
J N 5 3556 -7 2 1153 144 1 32
K 0 0 43
A D 3 48
J N 5 3584 -14 5 1729 144 1 32
K 0 0 45
K 0 0 43
K -1 0 45
K 2 0 45
A D 3 48
H 32 B 1 0 108 4 22 11 11 33
J N 5 3612 0 2 2305 144 1 33
K 0 0 43
A D 3 48
J N 5 3640 -14 5 2881 144 1 33
K 0 0 45
K 0 0 43
K -1 0 45
K 2 0 45
A D 3 48
J N 5 3668 -7 2 3457 144 1 33
K 0 0 43
A D 3 48
J N 5 3696 -14 5 4033 144 1 33
K 0 0 45
K 0 0 43
K -1 0 45
K 2 0 45
A D 3 48
H 33 B 1 0 108 4 22 11 11 33
J N 5 3724 0 2 4609 144 1 34
K 0 0 43
A D 3 48
J N 5 3752 -14 5 5185 144 1 34
K 0 0 45
K 0 0 43
K -1 0 45
K 2 0 45
A D 3 48
J N 5 3780 -7 2 5761 144 1 34
K 0 0 43
A D 3 48
J N 5 3808 -14 5 6337 144 1 34
K 0 0 45
K 0 0 43
K -1 0 45
K 2 0 45
A D 3 48
H 34 B 1 0 108 4 22 11 11 33
J B 15 3840 1 82 6913 144 0
J N 7 3861 0 4 1 0 0
K 0 0 43
K 0 0 60
K 0 21 60
A D 12 48
J R 7 3912 28 2 2305 576 0
K 0 0 48
A D 12 48
J R 7 3963 28 2 4609 576 0
K 0 0 48
A D 12 48
J B 16 4018 1 82 6913 576 0
J N 5 4039 0 2 1 0 1 35
K 0 0 43
A D 3 48
J N 5 4067 -21 5 577 144 1 35
K 0 7 45
K 0 0 43
K 0 7 45
K 1 7 45
A D 3 48
J N 5 4095 -14 5 1153 144 1 35
K 0 0 45
K 0 0 43
K -1 0 45
K 2 0 45
A D 3 48
J N 5 4123 -21 5 1729 144 1 35
K 0 7 45
K 0 0 43
K 0 7 45
K 1 7 45
A D 3 48
H 35 B 1 0 108 4 22 11 11 33
J N 5 4151 0 2 2305 144 1 36
K 0 0 43
A D 3 48
J N 5 4179 -21 5 2881 144 1 36
K 0 7 45
K 0 0 43
K 0 7 45
K 1 7 45
A D 3 48
J N 5 4207 -14 5 3457 144 1 36
K 0 0 45
K 0 0 43
K -1 0 45
K 2 0 45
A D 3 48
J N 5 4235 -21 5 4033 144 1 36
K 0 7 45
K 0 0 43
K 0 7 45
K 1 7 45
A D 3 48
H 36 B 1 0 108 4 22 11 11 33
J N 5 4263 0 2 4609 144 1 37
K 0 0 43
A D 3 48
J N 5 4291 -21 5 5185 144 1 37
K 0 7 45
K 0 0 43
K 0 7 45
K 1 7 45
A D 3 48
J N 5 4319 -14 5 5761 144 1 37
K 0 0 45
K 0 0 43
K -1 0 45
K 2 0 45
A D 3 48
J N 5 4347 -21 5 6337 144 1 37
K 0 7 45
K 0 0 43
K 0 7 45
K 1 7 45
A D 3 48
H 37 B 1 0 108 4 22 11 11 33
J B 17 4379 1 82 6913 144 0
J N 7 4400 -7 4 1 0 0
K 0 0 43
K 0 0 60
K 0 21 60
A D 12 48
J R 7 4451 28 2 2305 576 0
K 0 0 48
A D 12 48
J R 7 4502 28 2 4609 576 0
K 0 0 48
A D 12 48
J B 18 4557 1 82 6913 576 0
J N 5 4578 28 2 1 0 1 38
K 0 0 43
A D 3 48
J N 5 4606 7 2 577 144 1 38
K 0 0 43
A D 3 48
J N 5 4634 14 2 1153 144 1 38
K 0 0 43
A D 3 48
J N 5 4662 7 2 1729 144 1 38
K 0 0 43
A D 3 48
H 38 B 1 0 108 4 22 11 11 33
J N 5 4690 28 2 2305 144 1 39
K 0 0 43
A D 3 48
J N 5 4718 7 2 2881 144 1 39
K 0 0 43
A D 3 48
J N 5 4746 14 2 3457 144 1 39
K 0 0 43
A D 3 48
J N 5 4774 7 2 4033 144 1 39
K 0 0 43
A D 3 48
H 39 B 1 0 108 4 22 11 11 33
J N 5 4802 28 2 4609 144 1 40
K 0 0 43
A D 3 48
J N 5 4830 7 2 5185 144 1 40
K 0 0 43
A D 3 48
J N 5 4858 14 2 5761 144 1 40
K 0 0 43
A D 3 48
J N 5 4886 7 2 6337 144 1 40
K 0 0 43
A D 3 48
H 40 B 1 0 108 4 22 11 11 33
J B 19 4918 1 82 6913 144 0
J N 7 4939 21 4 1 0 0
K 0 0 43
K 0 0 60
K 0 21 60
A D 12 48
J R 7 4990 28 2 2305 576 0
K 0 0 48
A D 12 48
J R 7 5041 28 2 4609 576 0
K 0 0 48
A D 12 48
J B 20 5096 1 82 6913 576 0
J N 5 5117 -14 5 1 0 1 41
K 0 0 45
K 0 0 43
K -1 0 45
K 2 0 45
A D 3 48
J N 5 5145 -28 6 577 144 1 41
K 0 14 45
K 0 0 45
K 0 0 43
K -1 0 45
K 2 0 45
A D 3 48
J N 5 5173 -21 5 1153 144 1 41
K 0 7 45
K 0 0 43
K 0 7 45
K 1 7 45
A D 3 48
J N 5 5201 -28 6 1729 144 1 41
K 0 14 45
K 0 0 45
K 0 0 43
K -1 0 45
K 2 0 45
A D 3 48
H 41 B 1 0 108 4 22 11 11 33
J N 5 5229 -14 5 2305 144 1 42
K 0 0 45
K 0 0 43
K -1 0 45
K 2 0 45
A D 3 48
J N 5 5257 -28 6 2881 144 1 42
K 0 14 45
K 0 0 45
K 0 0 43
K -1 0 45
K 2 0 45
A D 3 48
J N 5 5285 -21 5 3457 144 1 42
K 0 7 45
K 0 0 43
K 0 7 45
K 1 7 45
A D 3 48
J N 5 5313 -28 6 4033 144 1 42
K 0 14 45
K 0 0 45
K 0 0 43
K -1 0 45
K 2 0 45
A D 3 48
H 42 B 1 0 108 4 22 11 11 33
J N 5 5352 -7 3 4609 144 1 43
K -18 0 63
K 0 0 43
A D 3 48
J N 5 5380 -28 6 5185 144 1 43
K 0 14 45
K 0 0 45
K 0 0 43
K -1 0 45
K 2 0 45
A D 3 48
J N 5 5408 -21 5 5761 144 1 43
K 0 7 45
K 0 0 43
K 0 7 45
K 1 7 45
A D 3 48
J N 5 5436 -28 6 6337 144 1 43
K 0 14 45
K 0 0 45
K 0 0 43
K -1 0 45
K 2 0 45
A D 3 48
H 43 B 1 0 108 4 22 11 11 33
J B 21 5468 1 82 6913 144 0
J N 7 5489 -14 7 1 0 0
K 0 0 45
K 0 0 43
K -1 0 45
K 2 0 45
K 0 0 60
K 0 21 60
A D 12 48
J R 7 5540 28 2 2305 576 0
K 0 0 48
A D 12 48
J R 7 5591 28 2 4609 576 0
K 0 0 48
A D 12 48
J B 22 5646 1 82 6913 576 0
J N 5 5667 21 2 1 0 1 44
K 0 0 43
A D 3 48
J N 5 5695 0 2 577 144 1 44
K 0 0 43
A D 3 48
J N 5 5723 7 2 1153 144 1 44
K 0 0 43
A D 3 48
J N 5 5751 0 2 1729 144 1 44
K 0 0 43
A D 3 48
H 44 B 1 0 108 4 22 11 11 33
J N 5 5779 21 2 2305 144 1 45
K 0 0 43
A D 3 48
J N 5 5807 0 2 2881 144 1 45
K 0 0 43
A D 3 48
J N 5 5835 7 2 3457 144 1 45
K 0 0 43
A D 3 48
J N 5 5863 0 2 4033 144 1 45
K 0 0 43
A D 3 48
H 45 B 1 0 108 4 22 11 11 33
J N 5 5891 21 2 4609 144 1 46
K 0 0 43
A D 3 48
J N 5 5919 0 2 5185 144 1 46
K 0 0 43
A D 3 48
J N 5 5947 7 2 5761 144 1 46
K 0 0 43
A D 3 48
J N 5 5975 0 2 6337 144 1 46
K 0 0 43
A D 3 48
H 46 B 1 0 108 4 22 11 11 33
J B 23 6007 1 82 6913 144 0
J N 7 6034 14 5 1 0 0
K -18 0 63
K 0 0 43
K 0 0 60
K 0 21 60
A D 12 48
J R 7 6085 28 2 2305 576 0
K 0 0 48
A D 12 48
J R 7 6136 28 2 4609 576 0
K 0 0 48
A D 12 48
J B 24 6191 1 82 6913 576 0
J N 5 6212 28 2 1 0 1 47
K 0 0 43
A D 3 48
J N 5 6240 7 2 577 144 1 47
K 0 0 43
A D 3 48
J N 5 6268 14 2 1153 144 1 47
K 0 0 43
A D 3 48
J N 5 6296 7 2 1729 144 1 47
K 0 0 43
A D 3 48
H 47 B 1 0 108 4 22 11 11 33
J N 5 6324 28 2 2305 144 1 48
K 0 0 43
A D 3 48
J N 5 6352 7 2 2881 144 1 48
K 0 0 43
A D 3 48
J N 5 6380 14 2 3457 144 1 48
K 0 0 43
A D 3 48
J N 5 6408 7 2 4033 144 1 48
K 0 0 43
A D 3 48
H 48 B 1 0 108 4 22 11 11 33
J N 5 6436 28 2 4609 144 1 49
K 0 0 43
A D 3 48
J N 5 6464 7 2 5185 144 1 49
K 0 0 43
A D 3 48
J N 5 6492 14 2 5761 144 1 49
K 0 0 43
A D 3 48
J N 5 6520 7 2 6337 144 1 49
K 0 0 43
A D 3 48
H 49 B 1 0 108 4 22 11 11 33
J B 25 6552 1 82 6913 144 0
J N 7 6573 21 4 1 0 0
K 0 0 43
K 0 0 60
K 0 21 60
A D 12 48
J R 7 6624 28 2 2305 576 0
K 0 0 48
A D 12 48
J R 7 6675 28 2 4609 576 0
K 0 0 48
A D 12 48
J B 26 6730 1 82 6913 576 0
J N 5 6751 35 2 1 0 1 50
K 0 0 43
A D 3 48
J N 5 6779 14 2 577 144 1 50
K 0 0 43
A D 3 48
J N 5 6807 21 2 1153 144 1 50
K 0 0 43
A D 3 48
J N 5 6835 14 2 1729 144 1 50
K 0 0 43
A D 3 48
H 50 B 1 0 108 4 22 11 11 33
J N 5 6863 35 2 2305 144 1 51
K 0 0 43
A D 3 48
J N 5 6891 14 2 2881 144 1 51
K 0 0 43
A D 3 48
J N 5 6919 21 2 3457 144 1 51
K 0 0 43
A D 3 48
J N 5 6947 14 2 4033 144 1 51
K 0 0 43
A D 3 48
H 51 B 1 0 108 4 22 11 11 33
J N 5 6975 35 2 4609 144 1 52
K 0 0 43
A D 3 48
J N 5 7003 14 2 5185 144 1 52
K 0 0 43
A D 3 48
J N 5 7031 21 2 5761 144 1 52
K 0 0 43
A D 3 48
J N 5 7059 14 2 6337 144 1 52
K 0 0 43
A D 3 48
H 52 B 1 0 108 4 22 11 11 33
J B 27 7091 1 82 6913 144 0
J N 5 7112 28 2 1 0 1 53
K 0 0 43
A D 3 48
J N 5 7140 7 2 577 144 1 53
K 0 0 43
A D 3 48
J N 5 7168 14 2 1153 144 1 53
K 0 0 43
A D 3 48
J N 5 7196 7 2 1729 144 1 53
K 0 0 43
A D 3 48
H 53 B 1 0 108 4 22 11 11 33
J N 5 7224 28 2 2305 144 1 54
K 0 0 43
A D 3 48
J N 5 7252 7 2 2881 144 1 54
K 0 0 43
A D 3 48
J N 5 7280 14 2 3457 144 1 54
K 0 0 43
A D 3 48
J N 5 7308 7 2 4033 144 1 54
K 0 0 43
A D 3 48
H 54 B 1 0 108 4 22 11 11 33
J N 5 7336 28 2 4609 144 1 55
K 0 0 43
A D 3 48
J N 5 7364 7 2 5185 144 1 55
K 0 0 43
A D 3 48
J N 5 7392 14 2 5761 144 1 55
K 0 0 43
A D 3 48
J N 5 7420 7 2 6337 144 1 55
K 0 0 43
A D 3 48
H 55 B 1 0 108 4 22 11 11 33
J B 28 7452 1 82 6913 144 0
J N 5 7473 21 2 1 0 1 56
K 0 0 43
A D 3 48
J N 5 7501 0 2 577 144 1 56
K 0 0 43
A D 3 48
J N 5 7529 7 2 1153 144 1 56
K 0 0 43
A D 3 48
J N 5 7557 0 2 1729 144 1 56
K 0 0 43
A D 3 48
H 56 B 1 0 108 4 22 11 11 33
J N 5 7585 21 2 2305 144 1 57
K 0 0 43
A D 3 48
J N 5 7613 0 2 2881 144 1 57
K 0 0 43
A D 3 48
J N 5 7641 7 2 3457 144 1 57
K 0 0 43
A D 3 48
J N 5 7669 0 2 4033 144 1 57
K 0 0 43
A D 3 48
H 57 B 1 0 108 4 22 11 11 33
J N 5 7697 21 2 4609 144 1 58
K 0 0 43
A D 3 48
J N 5 7725 0 2 5185 144 1 58
K 0 0 43
A D 3 48
J N 5 7753 7 2 5761 144 1 58
K 0 0 43
A D 3 48
J N 5 7781 0 2 6337 144 1 58
K 0 0 43
A D 3 48
H 58 B 1 0 108 4 22 11 11 33
J B 29 7813 1 82 6913 144 0
J N 5 7834 14 2 1 0 1 59
K 0 0 43
A D 3 48
J N 5 7862 -7 2 577 144 1 59
K 0 0 43
A D 3 48
J N 5 7890 0 2 1153 144 1 59
K 0 0 43
A D 3 48
J N 5 7918 -7 2 1729 144 1 59
K 0 0 43
A D 3 48
H 59 B 1 0 108 4 22 11 11 33
J N 5 7946 14 2 2305 144 1 60
K 0 0 43
A D 3 48
J N 5 7974 -7 2 2881 144 1 60
K 0 0 43
A D 3 48
J N 5 8002 0 2 3457 144 1 60
K 0 0 43
A D 3 48
J N 5 8030 -7 2 4033 144 1 60
K 0 0 43
A D 3 48
H 60 B 1 0 108 4 22 11 11 33
J N 5 8058 14 2 4609 144 1 61
K 0 0 43
A D 3 48
J N 5 8086 -7 2 5185 144 1 61
K 0 0 43
A D 3 48
J N 5 8114 0 2 5761 144 1 61
K 0 0 43
A D 3 48
J N 5 8142 -7 2 6337 144 1 61
K 0 0 43
A D 3 48
H 61 B 1 0 108 4 22 11 11 33
J B 30 8174 1 82 6913 144 0
J N 5 8195 7 2 1 0 1 62
K 0 0 43
A D 3 48
J N 5 8223 -14 5 577 144 1 62
K 0 0 45
K 0 0 43
K -1 0 45
K 2 0 45
A D 3 48
J N 5 8251 -7 2 1153 144 1 62
K 0 0 43
A D 3 48
J N 5 8279 -14 5 1729 144 1 62
K 0 0 45
K 0 0 43
K -1 0 45
K 2 0 45
A D 3 48
H 62 B 1 0 108 4 22 11 11 33
J N 5 8307 7 2 2305 144 1 63
K 0 0 43
A D 3 48
J N 5 8335 -14 5 2881 144 1 63
K 0 0 45
K 0 0 43
K -1 0 45
K 2 0 45
A D 3 48
J N 5 8363 -7 2 3457 144 1 63
K 0 0 43
A D 3 48
J N 5 8391 -14 5 4033 144 1 63
K 0 0 45
K 0 0 43
K -1 0 45
K 2 0 45
A D 3 48
H 63 B 1 0 108 4 22 11 11 33
J N 5 8419 7 2 4609 144 1 64
K 0 0 43
A D 3 48
J N 5 8447 -14 5 5185 144 1 64
K 0 0 45
K 0 0 43
K -1 0 45
K 2 0 45
A D 3 48
J N 5 8475 -7 2 5761 144 1 64
K 0 0 43
A D 3 48
J N 5 8503 -14 5 6337 144 1 64
K 0 0 45
K 0 0 43
K -1 0 45
K 2 0 45
A D 3 48
H 64 B 1 0 108 4 22 11 11 33
J B 31 8535 1 82 6913 144 0
J N 6 8556 0 2 1 0 1 65
K 0 0 43
A D 6 48
J N 5 8592 63 2 1153 288 1 65
K 0 0 43
A D 3 48
J N 5 8620 63 2 1729 144 1 65
K 0 0 43
A D 3 48
H 65 B 1 4 108 3 2 21 33
J N 6 8648 63 2 2305 144 1 66
K 0 0 43
A D 6 48
J N 6 8684 63 2 3457 288 1 66
K 0 0 43
A D 6 48
J N 6 8720 63 2 4609 288 1 66
K 0 0 43
A D 6 48
J N 6 8756 63 2 5761 288 1 66
K 0 0 43
A D 6 48
H 66 B 0 0 108 4 2 1 1 3
J B 32 8796 1 82 6913 288 0
J N 6 8817 63 2 1 0 1 67
K 0 0 43
A D 6 48
J N 5 8853 49 2 1153 288 1 67
K 0 0 43
A D 3 48
J N 5 8881 49 2 1729 144 1 67
K 0 0 43
A D 3 48
H 67 B 0 0 108 3 2 21 33
J N 6 8909 49 2 2305 144 1 68
K 0 0 43
A D 6 48
J N 6 8945 49 2 3457 288 1 68
K 0 0 43
A D 6 48
J N 6 8981 49 2 4609 288 1 68
K 0 0 43
A D 6 48
J N 6 9017 49 2 5761 288 1 68
K 0 0 43
A D 6 48
H 68 B 0 0 108 4 2 1 1 3
J B 33 9057 1 82 6913 288 0
J N 6 9078 49 2 1 0 1 69
K 0 0 43
A D 6 48
J N 5 9114 35 2 1153 288 1 69
K 0 0 43
A D 3 48
J N 5 9142 35 2 1729 144 1 69
K 0 0 43
A D 3 48
H 69 B 0 0 108 3 2 21 33
J N 6 9170 35 2 2305 144 1 70
K 0 0 43
A D 6 48
J N 6 9206 35 2 3457 288 1 70
K 0 0 43
A D 6 48
J N 6 9242 35 2 4609 288 1 70
K 0 0 43
A D 6 48
J N 6 9278 35 2 5761 288 1 70
K 0 0 43
A D 6 48
H 70 B 0 0 108 4 2 1 1 3
J B 34 9318 1 82 6913 288 0
J N 5 9339 14 2 1 0 1 71
K 0 0 43
A D 3 48
J N 5 9367 35 2 577 144 1 71
K 0 0 43
A D 3 48
J N 5 9395 14 2 1153 144 1 71
K 0 0 43
A D 3 48
J N 5 9423 35 2 1729 144 1 71
K 0 0 43
A D 3 48
H 71 B 1 0 108 4 22 11 11 33
J N 5 9451 14 2 2305 144 1 72
K 0 0 43
A D 3 48
J N 5 9479 35 2 2881 144 1 72
K 0 0 43
A D 3 48
J N 5 9507 14 2 3457 144 1 72
K 0 0 43
A D 3 48
J N 5 9535 35 2 4033 144 1 72
K 0 0 43
A D 3 48
H 72 B 1 0 108 4 22 11 11 33
J N 5 9563 14 2 4609 144 1 73
K 0 0 43
A D 3 48
J N 5 9591 35 2 5185 144 1 73
K 0 0 43
A D 3 48
J N 5 9619 14 2 5761 144 1 73
K 0 0 43
A D 3 48
J N 5 9647 35 2 6337 144 1 73
K 0 0 43
A D 3 48
H 73 B 1 0 108 4 22 11 11 33
J B 35 9679 1 82 6913 144 0
J N 5 9700 0 2 1 0 1 74
K 0 0 43
A D 3 48
J N 5 9728 14 2 577 144 1 74
K 0 0 43
A D 3 48
J N 5 9756 0 2 1153 144 1 74
K 0 0 43
A D 3 48
J N 5 9784 14 2 1729 144 1 74
K 0 0 43
A D 3 48
H 74 B 1 0 108 4 22 11 11 33
J N 5 9812 0 2 2305 144 1 75
K 0 0 43
A D 3 48
J N 5 9840 14 2 2881 144 1 75
K 0 0 43
A D 3 48
J N 5 9868 0 2 3457 144 1 75
K 0 0 43
A D 3 48
J N 5 9896 14 2 4033 144 1 75
K 0 0 43
A D 3 48
H 75 B 1 0 108 4 22 11 11 33
J N 5 9924 0 2 4609 144 1 76
K 0 0 43
A D 3 48
J N 5 9952 14 2 5185 144 1 76
K 0 0 43
A D 3 48
J N 5 9980 0 2 5761 144 1 76
K 0 0 43
A D 3 48
J N 5 10008 14 2 6337 144 1 76
K 0 0 43
A D 3 48
H 76 B 1 0 108 4 22 11 11 33
J B 36 10040 1 82 6913 144 0
J N 5 10061 -14 5 1 0 1 77
K 0 0 45
K 0 0 43
K -1 0 45
K 2 0 45
A D 3 48
J N 5 10089 0 2 577 144 1 77
K 0 0 43
A D 3 48
J N 5 10117 -14 5 1153 144 1 77
K 0 0 45
K 0 0 43
K -1 0 45
K 2 0 45
A D 3 48
J N 5 10145 0 2 1729 144 1 77
K 0 0 43
A D 3 48
H 77 B 1 0 108 4 22 11 11 33
J N 5 10173 -14 5 2305 144 1 78
K 0 0 45
K 0 0 43
K -1 0 45
K 2 0 45
A D 3 48
J N 5 10201 0 2 2881 144 1 78
K 0 0 43
A D 3 48
J N 5 10229 -14 5 3457 144 1 78
K 0 0 45
K 0 0 43
K -1 0 45
K 2 0 45
A D 3 48
J N 5 10257 0 2 4033 144 1 78
K 0 0 43
A D 3 48
H 78 B 1 0 108 4 22 11 11 33
J N 5 10285 -14 5 4609 144 1 79
K 0 0 45
K 0 0 43
K -1 0 45
K 2 0 45
A D 3 48
J N 5 10313 0 2 5185 144 1 79
K 0 0 43
A D 3 48
J N 5 10341 -14 5 5761 144 1 79
K 0 0 45
K 0 0 43
K -1 0 45
K 2 0 45
A D 3 48
J N 5 10369 0 2 6337 144 1 79
K 0 0 43
A D 3 48
H 79 B 1 0 108 4 22 11 11 33
J B 37 10401 1 82 6913 144 0
J N 5 10422 -35 6 1 0 1 80
K 0 21 45
K 0 7 45
K 0 0 43
K 0 7 45
K 1 7 45
A D 3 48
J N 5 10450 -14 5 577 144 1 80
K 0 0 45
K 0 0 43
K -1 0 45
K 2 0 45
A D 3 48
J N 5 10478 -35 6 1153 144 1 80
K 0 21 45
K 0 7 45
K 0 0 43
K 0 7 45
K 1 7 45
A D 3 48
J N 5 10506 -14 5 1729 144 1 80
K 0 0 45
K 0 0 43
K -1 0 45
K 2 0 45
A D 3 48
H 80 B 1 0 108 4 22 11 11 33
J N 5 10534 -35 6 2305 144 1 81
K 0 21 45
K 0 7 45
K 0 0 43
K 0 7 45
K 1 7 45
A D 3 48
J N 5 10562 -14 5 2881 144 1 81
K 0 0 45
K 0 0 43
K -1 0 45
K 2 0 45
A D 3 48
J N 5 10590 -35 6 3457 144 1 81
K 0 21 45
K 0 7 45
K 0 0 43
K 0 7 45
K 1 7 45
A D 3 48
J N 5 10618 -14 5 4033 144 1 81
K 0 0 45
K 0 0 43
K -1 0 45
K 2 0 45
A D 3 48
H 81 B 1 0 108 4 22 11 11 33
J N 5 10646 -35 6 4609 144 1 82
K 0 21 45
K 0 7 45
K 0 0 43
K 0 7 45
K 1 7 45
A D 3 48
J N 5 10674 -14 5 5185 144 1 82
K 0 0 45
K 0 0 43
K -1 0 45
K 2 0 45
A D 3 48
J N 5 10702 -35 6 5761 144 1 82
K 0 21 45
K 0 7 45
K 0 0 43
K 0 7 45
K 1 7 45
A D 3 48
J N 5 10730 -14 5 6337 144 1 82
K 0 0 45
K 0 0 43
K -1 0 45
K 2 0 45
A D 3 48
H 82 B 1 0 108 4 22 11 11 33
J B 38 10762 1 82 6913 144 0
J N 5 10783 0 2 1 0 1 83
K 0 0 43
A D 3 48
J N 5 10811 -14 5 577 144 1 83
K 0 0 45
K 0 0 43
K -1 0 45
K 2 0 45
A D 3 48
J N 5 10839 0 2 1153 144 1 83
K 0 0 43
A D 3 48
J N 5 10867 -14 5 1729 144 1 83
K 0 0 45
K 0 0 43
K -1 0 45
K 2 0 45
A D 3 48
H 83 B 1 0 108 4 22 11 11 33
J N 5 10895 0 2 2305 144 1 84
K 0 0 43
A D 3 48
J N 5 10923 -14 5 2881 144 1 84
K 0 0 45
K 0 0 43
K -1 0 45
K 2 0 45
A D 3 48
J N 5 10951 0 2 3457 144 1 84
K 0 0 43
A D 3 48
J N 5 10979 -14 5 4033 144 1 84
K 0 0 45
K 0 0 43
K -1 0 45
K 2 0 45
A D 3 48
H 84 B 1 0 108 4 22 11 11 33
J N 5 11007 0 2 4609 144 1 85
K 0 0 43
A D 3 48
J N 5 11035 -14 5 5185 144 1 85
K 0 0 45
K 0 0 43
K -1 0 45
K 2 0 45
A D 3 48
J N 5 11063 0 2 5761 144 1 85
K 0 0 43
A D 3 48
J N 5 11091 -14 5 6337 144 1 85
K 0 0 45
K 0 0 43
K -1 0 45
K 2 0 45
A D 3 48
H 85 B 1 0 108 4 22 11 11 33
J B 39 11123 1 82 6913 144 0
J N 5 11144 14 2 1 0 1 86
K 0 0 43
A D 3 48
J N 5 11172 0 2 577 144 1 86
K 0 0 43
A D 3 48
J N 5 11200 14 2 1153 144 1 86
K 0 0 43
A D 3 48
J N 5 11228 0 2 1729 144 1 86
K 0 0 43
A D 3 48
H 86 B 1 0 108 4 22 11 11 33
J N 5 11256 14 2 2305 144 1 87
K 0 0 43
A D 3 48
J N 5 11284 0 2 2881 144 1 87
K 0 0 43
A D 3 48
J N 5 11312 14 2 3457 144 1 87
K 0 0 43
A D 3 48
J N 5 11340 0 2 4033 144 1 87
K 0 0 43
A D 3 48
H 87 B 1 0 108 4 22 11 11 33
J N 5 11368 14 2 4609 144 1 88
K 0 0 43
A D 3 48
J N 5 11396 0 2 5185 144 1 88
K 0 0 43
A D 3 48
J N 5 11424 14 2 5761 144 1 88
K 0 0 43
A D 3 48
J N 5 11452 0 2 6337 144 1 88
K 0 0 43
A D 3 48
H 88 B 1 0 108 4 22 11 11 33
J B 40 11484 1 82 6913 144 0
J N 5 11505 35 2 1 0 1 89
K 0 0 43
A D 3 48
J N 5 11533 14 2 577 144 1 89
K 0 0 43
A D 3 48
J N 5 11561 35 2 1153 144 1 89
K 0 0 43
A D 3 48
J N 5 11589 14 2 1729 144 1 89
K 0 0 43
A D 3 48
H 89 B 1 0 108 4 22 11 11 33
J N 5 11617 35 2 2305 144 1 90
K 0 0 43
A D 3 48
J N 5 11645 14 2 2881 144 1 90
K 0 0 43
A D 3 48
J N 5 11673 35 2 3457 144 1 90
K 0 0 43
A D 3 48
J N 5 11701 14 2 4033 144 1 90
K 0 0 43
A D 3 48
H 90 B 1 0 108 4 22 11 11 33
J N 5 11729 35 2 4609 144 1 91
K 0 0 43
A D 3 48
J N 5 11757 14 2 5185 144 1 91
K 0 0 43
A D 3 48
J N 5 11785 35 2 5761 144 1 91
K 0 0 43
A D 3 48
J N 5 11813 14 2 6337 144 1 91
K 0 0 43
A D 3 48
H 91 B 1 0 108 4 22 11 11 33
J B 41 11845 1 82 6913 144 0
J N 5 11866 49 2 1 0 1 92
K 0 0 43
A D 3 48
J N 5 11894 35 2 577 144 1 92
K 0 0 43
A D 3 48
J N 5 11922 49 2 1153 144 1 92
K 0 0 43
A D 3 48
J N 5 11950 35 2 1729 144 1 92
K 0 0 43
A D 3 48
H 92 B 0 0 108 4 22 11 11 33
J N 5 11978 49 2 2305 144 1 93
K 0 0 43
A D 3 48
J N 5 12006 35 2 2881 144 1 93
K 0 0 43
A D 3 48
J N 5 12034 49 2 3457 144 1 93
K 0 0 43
A D 3 48
J N 5 12062 35 2 4033 144 1 93
K 0 0 43
A D 3 48
H 93 B 0 0 108 4 22 11 11 33
J N 5 12090 49 2 4609 144 1 94
K 0 0 43
A D 3 48
J N 5 12118 35 2 5185 144 1 94
K 0 0 43
A D 3 48
J N 5 12146 49 2 5761 144 1 94
K 0 0 43
A D 3 48
J N 5 12174 35 2 6337 144 1 94
K 0 0 43
A D 3 48
H 94 B 0 0 108 4 22 11 11 33
J B 42 12206 1 82 6913 144 0
J N 5 12227 63 2 1 0 1 95
K 0 0 43
A D 3 48
J N 5 12255 49 2 577 144 1 95
K 0 0 43
A D 3 48
J N 5 12283 63 2 1153 144 1 95
K 0 0 43
A D 3 48
J N 5 12311 49 2 1729 144 1 95
K 0 0 43
A D 3 48
H 95 B 0 0 108 4 22 11 11 33
J N 5 12339 63 2 2305 144 1 96
K 0 0 43
A D 3 48
J N 5 12367 49 2 2881 144 1 96
K 0 0 43
A D 3 48
J N 5 12395 63 2 3457 144 1 96
K 0 0 43
A D 3 48
J N 5 12423 49 2 4033 144 1 96
K 0 0 43
A D 3 48
H 96 B 0 0 108 4 22 11 11 33
J N 5 12451 63 2 4609 144 1 97
K 0 0 43
A D 3 48
J N 5 12479 49 2 5185 144 1 97
K 0 0 43
A D 3 48
J N 5 12507 63 2 5761 144 1 97
K 0 0 43
A D 3 48
J N 5 12535 49 2 6337 144 1 97
K 0 0 43
A D 3 48
H 97 B 0 0 108 4 22 11 11 33
J B 43 12567 1 82 6913 144 0
J N 8 12588 28 4 1 0 0
K 0 0 42
K 0 0 60
K 0 21 60
A D 24 48
J D 5 12664 -42 1 4609 1152 0
W 0 0 37 Adagio
J R 7 12664 28 2 4609 0 0
K 0 0 48
A D 12 48
J B 44 12719 1 82 6913 576 0
J R 7 12740 28 2 1 0 0
K 0 0 48
A D 12 48
J R 7 12791 28 3 2305 576 0
K 0 0 48
K -2 -35 101
A D 12 48
J N 7 12842 21 4 4609 576 0
K 0 0 43
K 0 0 60
K 0 21 60
A D 12 48
J B 45 12897 1 82 6913 576 0
J N 8 12918 14 4 1 0 0
K 0 0 42
K 0 0 60
K 0 21 60
A D 24 48
J R 7 12994 28 2 4609 1152 0
K 0 0 48
A D 12 48
J B 46 13049 1 82 6913 576 0
J R 7 13070 28 2 1 0 0
K 0 0 48
A D 12 48
J R 7 13121 28 3 2305 576 0
K 0 0 48
K -2 -35 101
A D 12 48
J N 7 13172 28 4 4609 576 0
K 0 0 43
K 0 0 60
K 0 21 60
A D 12 48
J B 47 13227 1 82 6913 576 0
J N 8 13248 56 4 1 0 0
K 0 0 42
K 0 0 59
K 0 -21 59
A D 24 48
J N 7 13324 49 5 4609 1152 0
K 0 0 43
K 0 32 108
K 0 0 59
K 0 -21 59
A D 12 48
J B 48 13379 1 82 6913 576 0
J N 8 13400 56 5 1 0 0
K 0 0 42
K 24 -6 44
K 0 0 59
K 0 -21 59
A D 36 48
J B 49 13505 1 82 6913 1728 0
J N 7 13526 0 4 1 0 0
K 0 0 43
K 0 0 60
K 0 21 60
A D 12 48
J N 7 13577 0 5 2305 576 0
K 0 0 43
K 24 -6 44
K 0 0 60
K 0 21 60
A D 18 48
J N 6 13642 0 3 5761 864 0
K 0 0 43
K 0 0 54
A D 6 48
J B 50 13682 1 82 6913 288 0
J N 7 13703 0 4 1 0 0
K 0 0 43
K 0 0 60
K 0 21 60
A D 12 48
J N 7 13754 7 5 2305 576 0
K 0 0 43
K 25 0 44
K 0 0 60
K 0 21 60
A D 18 48
J N 6 13819 -14 6 5761 864 0
K 0 0 45
K 0 0 43
K -1 0 45
K 2 0 45
K 0 0 54
A D 6 48
J B 51 13859 1 82 6913 288 0
J N 6 13880 -21 5 1 0 2 98 99
K 0 7 45
K 0 0 43
K 0 7 45
K 1 7 45
A D 6 48
J N 6 13916 7 2 1153 288 2 99 98
K 0 0 43
A D 6 48
H 99 B 1 0 108 2 2 3
H 98 S 0 0 0 0 0 0 0 0 0
J N 8 13952 7 4 2305 288 0
K 0 0 42
K 0 0 60
K 0 21 60
A D 24 48
J B 52 14032 1 82 6913 1152 0
J N 8 14053 14 5 1 0 0
K 0 0 42
K 24 -6 44
K 0 0 60
K 0 21 60
A D 36 48
J B 53 14158 1 82 6913 1728 0
J D 0 14179 0 1 1 0 0
W 0 -21 33 !31|Tutti
J N 7 14179 0 4 1 0 0
K 0 0 43
K 0 0 60
K 0 21 60
A D 12 48
J N 7 14230 7 4 2305 576 0
K 0 0 43
K 0 0 60
K 0 21 60
A D 12 48
J R 7 14281 28 2 4609 576 0
K 0 0 48
A D 12 48
J B 54 14336 1 82 6913 576 0
J D 0 14357 0 1 1 0 0
W 0 -21 33 !31|Soli
J N 7 14357 0 4 1 0 0
K 0 0 43
K 0 0 60
K 0 21 60
A D 12 48
J N 7 14408 7 4 2305 576 0
K 0 0 43
K 0 0 60
K 0 21 60
A D 12 48
J R 7 14459 28 2 4609 576 0
K 0 0 48
A D 12 48
J B 55 14514 1 82 6913 576 0
J D 0 14535 0 1 1 0 0
W 0 -21 33 !31|Tutti
J N 7 14535 14 4 1 0 0
K 0 0 43
K 0 0 60
K 0 21 60
A D 12 48
J N 7 14586 21 4 2305 576 0
K 0 0 43
K 0 0 60
K 0 21 60
A D 12 48
J R 7 14637 28 2 4609 576 0
K 0 0 48
A D 12 48
J B 56 14692 1 82 6913 576 0
J D 0 14713 0 1 1 0 0
W 0 -21 33 !31|Soli
J N 7 14713 14 4 1 0 0
K 0 0 43
K 0 0 60
K 0 21 60
A D 12 48
J N 7 14764 21 4 2305 576 0
K 0 0 43
K 0 0 60
K 0 21 60
A D 12 48
J R 7 14815 28 2 4609 576 0
K 0 0 48
A D 12 48
J B 57 14870 1 82 6913 576 0
J D 0 14891 0 1 1 0 0
W 0 -21 33 !31|Tutti
J N 7 14891 0 4 1 0 0
K 0 0 43
K 0 0 60
K 0 21 60
A D 12 48
J N 7 14942 0 5 2305 576 0
K 0 0 43
K 24 -6 44
K 0 0 60
K 0 21 60
A D 18 48
J N 6 15007 0 3 5761 864 0
K 0 0 43
K 0 0 54
A D 6 48
J B 58 15047 1 82 6913 288 0
J N 7 15068 0 4 1 0 0
K 0 0 43
K 0 0 60
K 0 21 60
A D 12 48
J N 7 15119 7 5 2305 576 0
K 0 0 43
K 25 0 44
K 0 0 60
K 0 21 60
A D 18 48
J N 6 15184 -14 6 5761 864 0
K 0 0 45
K 0 0 43
K -1 0 45
K 2 0 45
K 0 0 54
A D 6 48
J B 59 15224 1 82 6913 288 0
J N 6 15245 -21 5 1 0 2 100 101
K 0 7 45
K 0 0 43
K 0 7 45
K 1 7 45
A D 6 48
J N 6 15281 7 2 1153 288 2 101 100
K 0 0 43
A D 6 48
H 101 B 1 0 108 2 2 3
H 100 S 0 0 0 0 0 0 0 0 0
J N 8 15317 7 4 2305 288 0
K 0 0 42
K 0 0 60
K 0 21 60
A D 24 48
J B 60 15397 1 82 6913 1152 0
J N 8 15418 14 4 1 0 0
K 0 0 42
K 0 0 60
K 0 21 60
A D 24 48
J R 6 15494 28 2 4609 1152 0
K 0 0 49
A D 6 48
J N 6 15530 35 3 5761 288 0
K 0 0 43
K 0 0 53
A D 6 48
J B 61 15574 1 82 6913 288 0
J N 7 15595 28 4 1 0 0
K 0 0 43
K 0 0 60
K 0 21 60
A D 12 48
J N 7 15646 56 5 2305 576 0
K 0 0 43
K 24 -6 44
K 0 0 59
K 0 -21 59
A D 18 48
J N 6 15711 35 3 5761 864 0
K 0 0 43
K 0 0 53
A D 6 48
J B 62 15755 1 82 6913 288 0
J N 8 15776 49 5 1 0 0
K 0 0 42
K 25 0 44
K 0 0 59
K 0 -21 59
A D 36 48
J B 0 15894 6 2 6913 1728 0
K -13 0 82
K -6 0 84
J M 0 15894 0 0 10000 0 0
