@ SOURCE: not identified 
L 0 0 14 !39Viola
J D 4 500 -120 1 6913 0 0
W 0 0 44 II
J D 1 75 -37 1 6913 0 0
W 0 -56 44 II:  Viola
J C 13 5 28 35 6913 0 0
J K 2 57 0 2 6913 0 0
K 0 7 63
K 15 28 63
J D 5 103 -42 1 6913 0 0
W 0 0 37 Allegro
J T 304 112 0 2 6913 0 0
K -10 28 74
K -10 56 75
J N 7 151 7 4 1 0 0
K 0 0 43
K 0 0 60
K 0 21 60
A D 4 16
J R 7 187 28 2 2305 576 0
K 0 0 48
A D 4 16
J R 7 223 28 2 4609 576 0
K 0 0 48
A D 4 16
J B 2 263 1 82 6913 576 0
J R 9 284 28 2 1 10000 0
K 0 0 46
A D 12 16
J B 3 389 1 82 6913 1728 0
J R 9 410 28 2 1 10000 0
K 0 0 46
A D 12 16
J B 4 515 1 82 6913 1728 0
J R 9 536 28 2 1 10000 0
K 0 0 46
A D 12 16
J B 5 641 1 82 6913 1728 0
J R 9 662 28 2 1 10000 0
K 0 0 46
A D 12 16
J B 6 767 1 82 6913 1728 0
J R 9 788 28 2 1 10000 0
K 0 0 46
A D 12 16
J B 7 893 1 82 6913 1728 0
J R 9 914 28 2 1 10000 0
K 0 0 46
A D 12 16
J B 8 1019 1 82 6913 1728 0
J R 9 1040 28 2 1 10000 0
K 0 0 46
A D 12 16
J B 9 1145 1 82 6913 1728 0
J R 9 1166 28 2 1 10000 0
K 0 0 46
A D 12 16
J B 10 1271 1 82 6913 1728 0
J R 9 1292 28 2 1 10000 0
K 0 0 46
A D 12 16
J B 11 1397 1 82 6913 1728 0
J N 6 1418 -7 2 1 0 1 1
K 0 0 43
A D 2 16
J N 6 1446 -7 2 1153 288 1 1
K 0 0 43
A D 2 16
J N 6 1474 -7 2 2305 288 1 1
K 0 0 43
A D 2 16
J N 6 1502 -7 2 3457 288 1 1
K 0 0 43
A D 2 16
J N 6 1530 -7 2 4609 288 1 1
K 0 0 43
A D 2 16
J N 6 1558 -7 2 5761 288 1 1
K 0 0 43
A D 2 16
H 1 B 1 0 108 6 2 1 1 1 1 3
J B 12 1590 1 82 6913 288 0
J N 6 1611 -7 2 1 0 1 2
K 0 0 43
A D 2 16
J N 6 1639 -7 2 1153 288 1 2
K 0 0 43
A D 2 16
J N 6 1667 -28 6 2305 288 1 2
K 0 14 45
K 0 0 45
K 0 0 43
K -1 0 45
K 2 0 45
A D 2 16
J N 6 1695 -28 6 3457 288 1 2
K 0 14 45
K 0 0 45
K 0 0 43
K -1 0 45
K 2 0 45
A D 2 16
J N 6 1723 -28 6 4609 288 1 2
K 0 14 45
K 0 0 45
K 0 0 43
K -1 0 45
K 2 0 45
A D 2 16
J N 6 1751 -21 5 5761 288 1 2
K 0 7 45
K 0 0 43
K 0 7 45
K 1 7 45
A D 2 16
H 2 B 1 0 108 6 2 1 1 1 1 3
J B 13 1783 1 82 6913 288 0
J N 6 1804 -28 6 1 0 1 3
K 0 14 45
K 0 0 45
K 0 0 43
K -1 0 45
K 2 0 45
A D 2 16
J N 6 1832 21 2 1153 288 1 3
K 0 0 43
A D 2 16
J N 6 1860 21 2 2305 288 1 3
K 0 0 43
A D 2 16
J N 6 1888 21 2 3457 288 1 3
K 0 0 43
A D 2 16
J N 6 1916 21 2 4609 288 1 3
K 0 0 43
A D 2 16
J N 6 1944 28 2 5761 288 1 3
K 0 0 43
A D 2 16
H 3 B 1 0 108 6 2 1 1 1 1 3
J B 14 1976 1 82 6913 288 0
J N 7 1997 21 4 1 0 0
K 0 0 43
K 0 0 60
K 0 21 60
A D 4 16
J R 7 2033 28 2 2305 576 0
K 0 0 48
A D 4 16
J R 7 2069 28 2 4609 576 0
K 0 0 48
A D 4 16
J B 15 2109 1 82 6913 576 0
J N 7 2130 7 4 1 0 0
K 0 0 43
K 0 0 60
K 0 21 60
A D 4 16
J N 7 2166 7 4 2305 576 0
K 0 0 43
K 0 0 60
K 0 21 60
A D 4 16
J N 7 2202 7 4 4609 576 0
K 0 0 43
K 0 0 60
K 0 21 60
A D 4 16
J B 16 2242 1 82 6913 576 0
J N 7 2263 7 4 1 0 0
K 0 0 43
K 0 0 60
K 0 21 60
A D 4 16
J R 7 2299 28 2 2305 576 0
K 0 0 48
A D 4 16
J R 7 2335 28 2 4609 576 0
K 0 0 48
A D 4 16
J B 17 2375 1 82 6913 576 0
J N 7 2396 -14 7 1 0 0
K 0 0 45
K 0 0 43
K -1 0 45
K 2 0 45
K 0 0 60
K 0 21 60
A D 4 16
J N 7 2432 -14 7 2305 576 0
K 0 0 45
K 0 0 43
K -1 0 45
K 2 0 45
K 0 0 60
K 0 21 60
A D 4 16
J N 7 2468 -14 7 4609 576 0
K 0 0 45
K 0 0 43
K -1 0 45
K 2 0 45
K 0 0 60
K 0 21 60
A D 4 16
J B 18 2508 1 82 6913 576 0
J N 7 2529 -14 7 1 0 0
K 0 0 45
K 0 0 43
K -1 0 45
K 2 0 45
K 0 0 60
K 0 21 60
A D 4 16
J R 7 2565 28 2 2305 576 0
K 0 0 48
A D 4 16
J R 7 2601 28 2 4609 576 0
K 0 0 48
A D 4 16
J B 19 2641 1 82 6913 576 0
J N 7 2662 14 4 1 0 0
K 0 0 43
K 0 0 60
K 0 21 60
A D 4 16
J N 7 2698 14 4 2305 576 0
K 0 0 43
K 0 0 60
K 0 21 60
A D 4 16
J N 7 2734 14 4 4609 576 0
K 0 0 43
K 0 0 60
K 0 21 60
A D 4 16
J B 20 2774 1 82 6913 576 0
J N 7 2795 14 4 1 0 0
K 0 0 43
K 0 0 60
K 0 21 60
A D 4 16
J R 7 2831 28 2 2305 576 0
K 0 0 48
A D 4 16
J R 7 2867 28 2 4609 576 0
K 0 0 48
A D 4 16
J B 21 2907 1 82 6913 576 0
J N 7 2928 -21 7 1 0 0
K 0 7 45
K 0 0 43
K 0 7 45
K 1 7 45
K 0 0 60
K 0 21 60
A D 4 16
J N 7 2964 -21 7 2305 576 0
K 0 7 45
K 0 0 43
K 0 7 45
K 1 7 45
K 0 0 60
K 0 21 60
A D 4 16
J N 7 3000 -21 7 4609 576 0
K 0 7 45
K 0 0 43
K 0 7 45
K 1 7 45
K 0 0 60
K 0 21 60
A D 4 16
J B 22 3040 1 82 6913 576 0
J N 7 3061 -21 7 1 0 0
K 0 7 45
K 0 0 43
K 0 7 45
K 1 7 45
K 0 0 60
K 0 21 60
A D 4 16
J R 7 3097 28 2 2305 576 0
K 0 0 48
A D 4 16
J R 7 3133 28 2 4609 576 0
K 0 0 48
A D 4 16
J B 23 3173 1 82 6913 576 0
J N 7 3194 -14 7 1 0 0
K 0 0 45
K 0 0 43
K -1 0 45
K 2 0 45
K 0 0 60
K 0 21 60
A D 4 16
J N 7 3230 -14 7 2305 576 0
K 0 0 45
K 0 0 43
K -1 0 45
K 2 0 45
K 0 0 60
K 0 21 60
A D 4 16
J N 7 3266 -14 7 4609 576 0
K 0 0 45
K 0 0 43
K -1 0 45
K 2 0 45
K 0 0 60
K 0 21 60
A D 4 16
J B 24 3306 1 82 6913 576 0
J N 7 3327 -14 7 1 0 0
K 0 0 45
K 0 0 43
K -1 0 45
K 2 0 45
K 0 0 60
K 0 21 60
A D 4 16
J R 7 3363 28 2 2305 576 0
K 0 0 48
A D 4 16
J R 7 3399 28 2 4609 576 0
K 0 0 48
A D 4 16
J B 25 3439 1 82 6913 576 0
J N 7 3460 -7 4 1 0 0
K 0 0 43
K 0 0 60
K 0 21 60
A D 4 16
J N 7 3496 -7 4 2305 576 0
K 0 0 43
K 0 0 60
K 0 21 60
A D 4 16
J N 7 3532 -7 4 4609 576 0
K 0 0 43
K 0 0 60
K 0 21 60
A D 4 16
J B 26 3572 1 82 6913 576 0
J N 7 3593 -7 4 1 0 0
K 0 0 43
K 0 0 60
K 0 21 60
A D 4 16
J N 7 3629 7 4 2305 576 0
K 0 0 43
K 0 0 60
K 0 21 60
A D 4 16
J N 7 3665 21 4 4609 576 0
K 0 0 43
K 0 0 60
K 0 21 60
A D 4 16
J B 27 3705 1 82 6913 576 0
J R 7 3726 28 2 1 0 0
K 0 0 48
A D 4 16
J N 7 3762 0 4 2305 576 0
K 0 0 43
K 0 0 60
K 0 21 60
A D 4 16
J N 7 3798 14 4 4609 576 0
K 0 0 43
K 0 0 60
K 0 21 60
A D 4 16
J B 28 3838 1 82 6913 576 0
J R 7 3859 28 2 1 0 0
K 0 0 48
A D 4 16
J N 7 3895 -7 4 2305 576 0
K 0 0 43
K 0 0 60
K 0 21 60
A D 4 16
J N 7 3931 7 4 4609 576 0
K 0 0 43
K 0 0 60
K 0 21 60
A D 4 16
J B 29 3971 1 82 6913 576 0
J R 7 3992 28 2 1 0 0
K 0 0 48
A D 4 16
J N 7 4028 -14 7 2305 576 0
K 0 0 45
K 0 0 43
K -1 0 45
K 2 0 45
K 0 0 60
K 0 21 60
A D 4 16
J N 7 4064 0 4 4609 576 0
K 0 0 43
K 0 0 60
K 0 21 60
A D 4 16
J B 30 4104 1 82 6913 576 0
J R 7 4125 28 2 1 0 0
K 0 0 48
A D 4 16
J N 7 4161 -21 7 2305 576 0
K 0 7 45
K 0 0 43
K 0 7 45
K 1 7 45
K 0 0 60
K 0 21 60
A D 4 16
J N 7 4197 -7 4 4609 576 0
K 0 0 43
K 0 0 60
K 0 21 60
A D 4 16
J B 31 4237 1 82 6913 576 0
J N 7 4258 -7 4 1 0 0
K 0 0 43
K 0 0 60
K 0 21 60
A D 4 16
J N 7 4294 7 4 2305 576 0
K 0 0 43
K 0 0 60
K 0 21 60
A D 4 16
J R 7 4330 28 2 4609 576 0
K 0 0 48
A D 4 16
J B 32 4370 1 82 6913 576 0
J R 9 4391 28 2 1 10000 0
K 0 0 46
A D 12 16
J B 33 4496 1 82 6913 1728 0
J N 7 4517 -28 8 1 0 0
K 0 14 45
K 0 0 45
K 0 0 43
K -1 0 45
K 2 0 45
K 0 0 60
K 0 28 60
A D 4 16
J N 7 4553 7 4 2305 576 0
K 0 0 43
K 0 0 60
K 0 21 60
A D 4 16
J N 7 4589 21 4 4609 576 0
K 0 0 43
K 0 0 60
K 0 21 60
A D 4 16
J B 34 4629 1 82 6913 576 0
J N 6 4650 -28 6 1 0 1 4
K 0 14 45
K 0 0 45
K 0 0 43
K -1 0 45
K 2 0 45
A D 2 16
J N 5 4678 21 2 1153 288 1 4
K 0 0 43
A D 1 16
J N 5 4706 21 2 1729 144 1 4
K 0 0 43
A D 1 16
H 4 B 1 0 108 3 2 21 33
J N 6 4734 21 2 2305 144 1 5
K 0 0 43
A D 2 16
J N 6 4762 21 2 3457 288 1 5
K 0 0 43
A D 2 16
J N 6 4790 21 2 4609 288 1 5
K 0 0 43
A D 2 16
J N 6 4818 21 2 5761 288 1 5
K 0 0 43
A D 2 16
H 5 B 1 0 108 4 2 1 1 3
J B 35 4850 1 82 6913 288 0
J N 6 4871 21 2 1 0 1 6
K 0 0 43
A D 2 16
J N 6 4899 -7 2 1153 288 1 6
K 0 0 43
A D 2 16
J N 6 4927 7 2 2305 288 1 6
K 0 0 43
A D 2 16
J N 6 4955 -7 2 3457 288 1 6
K 0 0 43
A D 2 16
J N 6 4983 7 2 4609 288 1 6
K 0 0 43
A D 2 16
J N 6 5011 -7 2 5761 288 1 6
K 0 0 43
A D 2 16
H 6 B 1 0 108 6 2 1 1 1 1 3
J B 36 5043 1 82 6913 288 0
J N 7 5064 21 4 1 0 0
K 0 0 43
K 0 0 60
K 0 21 60
A D 4 16
J N 7 5100 42 4 2305 576 0
K 0 0 43
K 0 0 59
K 0 -21 59
A D 4 16
J R 7 5136 28 2 4609 576 0
K 0 0 48
A D 4 16
J B 37 5176 1 82 6913 576 0
J N 7 5197 -7 4 1 0 0
K 0 0 43
K 0 0 60
K 0 21 60
A D 4 16
J N 7 5233 7 4 2305 576 0
K 0 0 43
K 0 0 60
K 0 21 60
A D 4 16
J R 7 5269 28 2 4609 576 0
K 0 0 48
A D 4 16
J B 38 5309 1 82 6913 576 0
J N 7 5330 -28 8 1 0 0
K 0 14 45
K 0 0 45
K 0 0 43
K -1 0 45
K 2 0 45
K 0 0 60
K 0 28 60
A D 4 16
J N 7 5366 -7 4 2305 576 0
K 0 0 43
K 0 0 60
K 0 21 60
A D 4 16
J R 7 5402 28 2 4609 576 0
K 0 0 48
A D 4 16
J B 39 5442 1 82 6913 576 0
J N 7 5463 7 4 1 0 0
K 0 0 43
K 0 0 60
K 0 21 60
A D 4 16
J N 7 5499 -7 4 2305 576 0
K 0 0 43
K 0 0 60
K 0 21 60
A D 4 16
J R 7 5535 28 2 4609 576 0
K 0 0 48
A D 4 16
J B 40 5575 1 82 6913 576 0
J N 7 5596 7 4 1 0 0
K 0 0 43
K 0 0 60
K 0 21 60
A D 4 16
J N 7 5632 -7 4 2305 576 0
K 0 0 43
K 0 0 60
K 0 21 60
A D 4 16
J R 7 5668 28 2 4609 576 0
K 0 0 48
A D 4 16
J B 41 5708 1 82 6913 576 0
J N 5 5729 7 2 1 0 1 7
K 0 0 43
A D 1 16
J N 5 5757 21 2 577 144 1 7
K 0 0 43
A D 1 16
J N 5 5785 21 2 1153 144 1 7
K 0 0 43
A D 1 16
J N 5 5813 21 2 1729 144 1 7
K 0 0 43
A D 1 16
H 7 B 1 0 108 4 22 11 11 33
J N 5 5841 21 2 2305 144 1 8
K 0 0 43
A D 1 16
J N 5 5869 21 2 2881 144 1 8
K 0 0 43
A D 1 16
J N 5 5897 21 2 3457 144 1 8
K 0 0 43
A D 1 16
J N 5 5925 21 2 4033 144 1 8
K 0 0 43
A D 1 16
H 8 B 1 0 108 4 22 11 11 33
J N 5 5953 21 2 4609 144 1 9
K 0 0 43
A D 1 16
J N 5 5981 21 2 5185 144 1 9
K 0 0 43
A D 1 16
J N 5 6009 21 2 5761 144 1 9
K 0 0 43
A D 1 16
J N 5 6037 21 2 6337 144 1 9
K 0 0 43
A D 1 16
H 9 B 1 0 108 4 22 11 11 33
J B 42 6069 1 82 6913 144 0
J N 5 6090 7 2 1 0 1 10
K 0 0 43
A D 1 16
J N 5 6118 21 2 577 144 1 10
K 0 0 43
A D 1 16
J N 5 6146 21 2 1153 144 1 10
K 0 0 43
A D 1 16
J N 5 6174 21 2 1729 144 1 10
K 0 0 43
A D 1 16
H 10 B 1 0 108 4 22 11 11 33
J N 5 6202 21 2 2305 144 1 11
K 0 0 43
A D 1 16
J N 5 6230 21 2 2881 144 1 11
K 0 0 43
A D 1 16
J N 5 6258 21 2 3457 144 1 11
K 0 0 43
A D 1 16
J N 5 6286 21 2 4033 144 1 11
K 0 0 43
A D 1 16
H 11 B 1 0 108 4 22 11 11 33
J N 5 6314 21 2 4609 144 1 12
K 0 0 43
A D 1 16
J N 5 6342 21 2 5185 144 1 12
K 0 0 43
A D 1 16
J N 5 6370 21 2 5761 144 1 12
K 0 0 43
A D 1 16
J N 5 6398 21 2 6337 144 1 12
K 0 0 43
A D 1 16
H 12 B 1 0 108 4 22 11 11 33
J B 43 6430 1 82 6913 144 0
J N 8 6451 35 4 1 0 0
K 0 0 42
K 0 0 59
K 0 -21 59
A D 8 16
J D 5 6502 -42 1 4609 1152 0
W 0 0 37 Adagio
J R 7 6502 28 2 4609 0 0
K 0 0 48
A D 4 16
J B 44 6542 1 82 6913 576 0
J R 7 6563 28 2 1 0 0
K 0 0 48
A D 4 16
J R 7 6599 28 3 2305 576 0
K 0 0 48
K -2 -35 101
A D 4 16
J N 7 6635 7 4 4609 576 0
K 0 0 43
K 0 0 60
K 0 21 60
A D 4 16
J B 45 6675 1 82 6913 576 0
J N 8 6696 35 4 1 0 0
K 0 0 42
K 0 0 59
K 0 -21 59
A D 8 16
J R 7 6747 28 2 4609 1152 0
K 0 0 48
A D 4 16
J B 46 6787 1 82 6913 576 0
J R 7 6808 28 2 1 0 0
K 0 0 48
A D 4 16
J R 7 6844 28 3 2305 576 0
K 0 0 48
K -2 -35 101
A D 4 16
J N 7 6880 35 4 4609 576 0
K 0 0 43
K 0 0 59
K 0 -21 59
A D 4 16
J B 47 6920 1 82 6913 576 0
J N 8 6941 42 4 1 0 0
K 0 0 42
K 0 0 59
K 0 -21 59
A D 8 16
J N 7 6992 42 5 4609 1152 0
K 0 0 43
K 0 37 108
K 0 0 59
K 0 -21 59
A D 4 16
J B 48 7032 1 82 6913 576 0
J N 8 7053 42 5 1 0 0
K 0 0 42
K 24 -6 44
K 0 0 59
K 0 -21 59
A D 12 16
J B 49 7122 1 82 6913 1728 0
J R 9 7143 28 2 1 10000 0
K 0 0 46
A D 12 16
J B 50 7248 1 82 6913 1728 0
J R 9 7269 28 2 1 10000 0
K 0 0 46
A D 12 16
J B 51 7374 1 82 6913 1728 0
J R 9 7395 28 2 1 10000 0
K 0 0 46
A D 12 16
J B 52 7500 1 82 6913 1728 0
J R 9 7521 28 2 1 10000 0
K 0 0 46
A D 12 16
J B 53 7626 1 82 6913 1728 0
J N 7 7647 -7 4 1 0 0
K 0 0 43
K 0 0 60
K 0 21 60
A D 4 16
J N 7 7683 -7 4 2305 576 0
K 0 0 43
K 0 0 60
K 0 21 60
A D 4 16
J R 7 7719 28 2 4609 576 0
K 0 0 48
A D 4 16
J B 54 7759 1 82 6913 576 0
J R 9 7780 28 2 1 10000 0
K 0 0 46
A D 12 16
J B 55 7885 1 82 6913 1728 0
J N 7 7906 7 4 1 0 0
K 0 0 43
K 0 0 60
K 0 21 60
A D 4 16
J N 7 7942 7 4 2305 576 0
K 0 0 43
K 0 0 60
K 0 21 60
A D 4 16
J R 7 7978 28 2 4609 576 0
K 0 0 48
A D 4 16
J B 56 8018 1 82 6913 576 0
J R 9 8039 28 2 1 10000 0
K 0 0 46
A D 12 16
J B 57 8144 1 82 6913 1728 0
J N 7 8165 21 4 1 0 0
K 0 0 43
K 0 0 60
K 0 21 60
A D 4 16
J N 7 8201 21 5 2305 576 0
K 0 0 43
K 25 0 44
K 0 0 60
K 0 21 60
A D 6 16
J N 6 8246 21 3 5761 864 0
K 0 0 43
K 0 0 54
A D 2 16
J B 58 8278 1 82 6913 288 0
J N 7 8299 21 4 1 0 0
K 0 0 43
K 0 0 60
K 0 21 60
A D 4 16
J N 7 8335 -7 5 2305 576 0
K 0 0 43
K 25 0 44
K 0 0 60
K 0 21 60
A D 6 16
J N 6 8380 21 3 5761 864 0
K 0 0 43
K 0 0 54
A D 2 16
J B 59 8412 1 82 6913 288 0
J N 7 8433 35 4 1 0 0
K 0 0 43
K 0 0 59
K 0 -21 59
A D 4 16
J N 7 8469 42 5 2305 576 0
K 0 0 43
K 24 -6 44
K 0 0 59
K 0 -21 59
A D 6 16
J N 6 8514 -7 3 5761 864 0
K 0 0 43
K 0 0 54
A D 2 16
J B 60 8546 1 82 6913 288 0
J N 8 8567 7 4 1 0 0
K 0 0 42
K 0 0 60
K 0 21 60
A D 8 16
J R 6 8618 28 2 4609 1152 0
K 0 0 49
A D 2 16
J N 6 8646 7 3 5761 288 0
K 0 0 43
K 0 0 54
A D 2 16
J B 61 8678 1 82 6913 288 0
J N 7 8699 14 4 1 0 0
K 0 0 43
K 0 0 60
K 0 21 60
A D 4 16
J N 7 8735 -7 5 2305 576 0
K 0 0 43
K 25 0 44
K 0 0 60
K 0 21 60
A D 6 16
J N 6 8780 42 3 5761 864 0
K 0 0 43
K 0 0 53
A D 2 16
J B 62 8822 1 82 6913 288 0
J N 8 8843 42 5 1 0 0
K 0 0 42
K 24 -6 44
K 0 0 59
K 0 -21 59
A D 12 16
J B 0 8925 6 2 6913 1728 0
K -13 0 82
K -6 0 84
J M 0 8925 0 0 10000 0 0
