@ SOURCE: not identified 
L 0 0 14 !39Basso concerto grosso
J D 4 500 -120 1 6913 0 0
W 0 0 44 II
J D 1 75 -37 1 6913 0 0
W 0 -56 44 II:  Basso concerto grosso
J C 22 5 14 36 6913 0 0
J K 2 57 0 2 6913 0 0
K 0 14 63
K 15 35 63
J D 5 103 -42 1 6913 0 0
W 0 0 37 Allegro
J T 304 112 0 2 6913 0 0
K -10 28 74
K -10 56 75
J N 7 151 28 4 1 0 0
K 0 0 43
K 0 0 60
K 0 21 60
A D 4 16
J R 7 187 28 2 2305 576 0
K 0 0 48
A D 4 16
J R 7 223 28 2 4609 576 0
K 0 0 48
A D 4 16
J B 2 263 1 82 6913 576 0
J R 9 284 28 2 1 10000 0
K 0 0 46
A D 12 16
J B 3 389 1 82 6913 1728 0
J R 9 410 28 2 1 10000 0
K 0 0 46
A D 12 16
J B 4 515 1 82 6913 1728 0
J R 9 536 28 2 1 10000 0
K 0 0 46
A D 12 16
J B 5 641 1 82 6913 1728 0
J R 9 662 28 2 1 10000 0
K 0 0 46
A D 12 16
J B 6 767 1 82 6913 1728 0
J R 9 788 28 2 1 10000 0
K 0 0 46
A D 12 16
J B 7 893 1 82 6913 1728 0
J R 9 914 28 2 1 10000 0
K 0 0 46
A D 12 16
J B 8 1019 1 82 6913 1728 0
J R 9 1040 28 2 1 10000 0
K 0 0 46
A D 12 16
J B 9 1145 1 82 6913 1728 0
J R 9 1166 28 2 1 10000 0
K 0 0 46
A D 12 16
J B 10 1271 1 82 6913 1728 0
J R 9 1292 28 2 1 10000 0
K 0 0 46
A D 12 16
J B 11 1397 1 82 6913 1728 0
J N 6 1418 28 2 1 0 1 1
K 0 0 43
A D 2 16
J N 6 1446 28 2 1153 288 1 1
K 0 0 43
A D 2 16
J F 0 1474 98 1 2305 288 0
K 0 0 205
J N 6 1474 14 2 2305 0 1 1
K 0 0 43
A D 2 16
J N 6 1502 14 2 3457 288 1 1
K 0 0 43
A D 2 16
J N 6 1530 0 2 4609 288 1 1
K 0 0 43
A D 2 16
J N 6 1558 0 2 5761 288 1 1
K 0 0 43
A D 2 16
H 1 B 1 0 108 6 2 1 1 1 1 3
J B 12 1590 1 82 6913 288 0
J N 7 1611 -21 7 1 0 0
K 0 7 45
K 0 0 43
K 0 7 45
K 1 7 45
K 0 0 60
K 0 21 60
A D 4 16
J F 0 1647 98 1 2305 576 0
K 0 0 205
J N 7 1647 14 4 2305 0 0
K 0 0 43
K 0 0 60
K 0 21 60
A D 4 16
J N 7 1683 0 4 4609 576 0
K 0 0 43
K 0 0 60
K 0 21 60
A D 4 16
J B 13 1723 1 82 6913 576 0
J N 7 1744 28 4 1 0 0
K 0 0 43
K 0 0 60
K 0 21 60
A D 4 16
J F 0 1780 98 1 2305 576 0
K 0 0 205
J N 7 1780 63 4 2305 0 0
K 0 0 43
K 0 0 59
K 0 -21 59
A D 4 16
J N 7 1816 49 4 4609 576 0
K 0 0 43
K 0 0 59
K 0 -21 59
A D 4 16
J B 14 1856 1 82 6913 576 0
J N 7 1877 77 7 1 0 0
K 1 -7 45
K 0 0 43
K 0 -7 45
K 1 -7 45
K 0 0 59
K 0 -21 59
A D 4 16
J R 7 1913 28 2 2305 576 0
K 0 0 48
A D 4 16
J R 7 1949 28 2 4609 576 0
K 0 0 48
A D 4 16
J B 15 1989 1 82 6913 576 0
J N 7 2010 -7 4 1 0 0
K 0 0 43
K 0 0 60
K 0 21 60
A D 4 16
J F 0 2046 98 1 2305 576 0
K 0 0 205
J N 7 2046 28 4 2305 0 0
K 0 0 43
K 0 0 60
K 0 21 60
A D 4 16
J F 0 2082 98 1 4609 576 0
K 0 0 213
J N 7 2082 14 4 4609 0 0
K 0 0 43
K 0 0 60
K 0 21 60
A D 4 16
J B 16 2122 1 82 6913 576 0
J N 7 2143 42 4 1 0 0
K 0 0 43
K 0 0 59
K 0 -21 59
A D 4 16
J R 7 2179 28 2 2305 576 0
K 0 0 48
A D 4 16
J R 7 2215 28 2 4609 576 0
K 0 0 48
A D 4 16
J B 17 2255 1 82 6913 576 0
J N 7 2276 -28 8 1 0 0
K 0 14 45
K 0 0 45
K 0 0 43
K -1 0 45
K 2 0 45
K 0 0 60
K 0 28 60
A D 4 16
J F 0 2312 98 1 2305 576 0
K 0 0 205
J N 7 2312 7 4 2305 0 0
K 0 0 43
K 0 0 60
K 0 21 60
A D 4 16
J F 0 2348 98 1 4609 576 0
K 0 0 213
J N 7 2348 -7 4 4609 0 0
K 0 0 43
K 0 0 60
K 0 21 60
A D 4 16
J B 18 2388 1 82 6913 576 0
J N 7 2409 21 4 1 0 0
K 0 0 43
K 0 0 60
K 0 21 60
A D 4 16
J R 7 2445 28 2 2305 576 0
K 0 0 48
A D 4 16
J R 7 2481 28 2 4609 576 0
K 0 0 48
A D 4 16
J B 19 2521 1 82 6913 576 0
J N 7 2542 0 4 1 0 0
K 0 0 43
K 0 0 60
K 0 21 60
A D 4 16
J F 0 2578 98 1 2305 576 0
K 0 0 205
J N 7 2578 35 4 2305 0 0
K 0 0 43
K 0 0 59
K 0 -21 59
A D 4 16
J F 0 2614 98 1 4609 576 0
K 0 0 213
J N 7 2614 21 4 4609 0 0
K 0 0 43
K 0 0 60
K 0 21 60
A D 4 16
J B 20 2654 1 82 6913 576 0
J N 7 2675 49 4 1 0 0
K 0 0 43
K 0 0 59
K 0 -21 59
A D 4 16
J R 7 2711 28 2 2305 576 0
K 0 0 48
A D 4 16
J R 7 2747 28 2 4609 576 0
K 0 0 48
A D 4 16
J B 21 2787 1 82 6913 576 0
J N 7 2808 -35 9 1 0 0
K 0 21 45
K 0 7 45
K 0 0 43
K 0 7 45
K 1 7 45
K 0 0 60
K 0 28 60
K 0 35 60
A D 4 16
J F 0 2844 98 1 2305 576 0
K 0 0 205
J N 7 2844 0 4 2305 0 0
K 0 0 43
K 0 0 60
K 0 21 60
A D 4 16
J F 0 2880 98 1 4609 576 0
K 0 0 213
J N 7 2880 -14 7 4609 0 0
K 0 0 45
K 0 0 43
K -1 0 45
K 2 0 45
K 0 0 60
K 0 21 60
A D 4 16
J B 22 2920 1 82 6913 576 0
J N 7 2941 14 4 1 0 0
K 0 0 43
K 0 0 60
K 0 21 60
A D 4 16
J R 7 2977 28 2 2305 576 0
K 0 0 48
A D 4 16
J R 7 3013 28 2 4609 576 0
K 0 0 48
A D 4 16
J B 23 3053 1 82 6913 576 0
J F 0 3074 98 1 1 0 0
K 0 0 213
J N 7 3074 -7 4 1 0 0
K 0 0 43
K 0 0 60
K 0 21 60
A D 4 16
J N 7 3110 28 5 2305 576 0
K -18 0 63
K 0 0 43
K 0 0 60
K 0 21 60
A D 4 16
J N 7 3146 42 4 4609 576 0
K 0 0 43
K 0 0 59
K 0 -21 59
A D 4 16
J B 24 3186 1 82 6913 576 0
J N 7 3207 21 4 1 0 0
K 0 0 43
K 0 0 60
K 0 21 60
A D 4 16
J R 7 3243 28 2 2305 576 0
K 0 0 48
A D 4 16
J R 7 3279 28 2 4609 576 0
K 0 0 48
A D 4 16
J B 25 3319 1 82 6913 576 0
J N 7 3340 0 4 1 0 0
K 0 0 43
K 0 0 60
K 0 21 60
A D 4 16
J N 7 3376 35 4 2305 576 0
K 0 0 43
K 0 0 59
K 0 -21 59
A D 4 16
J N 7 3412 49 4 4609 576 0
K 0 0 43
K 0 0 59
K 0 -21 59
A D 4 16
J B 26 3452 1 82 6913 576 0
J N 7 3473 28 4 1 0 0
K 0 0 43
K 0 0 60
K 0 21 60
A D 4 16
J N 7 3509 77 7 2305 576 0
K 1 -7 45
K 0 0 43
K 0 -7 45
K 1 -7 45
K 0 0 59
K 0 -21 59
A D 4 16
J R 7 3545 28 2 4609 576 0
K 0 0 48
A D 4 16
J B 27 3585 1 82 6913 576 0
J F 0 3606 98 1 1 0 0
K 0 0 204
J N 7 3606 7 4 1 0 0
K 0 0 43
K 0 0 60
K 0 21 60
A D 4 16
J F 0 3642 98 1 2305 576 0
K 0 0 205
J N 7 3642 56 4 2305 0 0
K 0 0 43
K 0 0 59
K 0 -21 59
A D 4 16
J R 7 3678 28 2 4609 576 0
K 0 0 48
A D 4 16
J B 28 3718 1 82 6913 576 0
J F 0 3739 98 1 1 0 0
K 0 0 204
J N 7 3739 0 4 1 0 0
K 0 0 43
K 0 0 60
K 0 21 60
A D 4 16
J F 0 3775 98 1 2305 576 0
K 0 0 205
J N 7 3775 49 4 2305 0 0
K 0 0 43
K 0 0 59
K 0 -21 59
A D 4 16
J R 7 3811 28 2 4609 576 0
K 0 0 48
A D 4 16
J B 29 3851 1 82 6913 576 0
J F 0 3872 98 1 1 0 0
K 0 0 204
J N 7 3872 -7 4 1 0 0
K 0 0 43
K 0 0 60
K 0 21 60
A D 4 16
J F 0 3908 98 1 2305 576 0
K 0 0 205
J N 7 3908 42 4 2305 0 0
K 0 0 43
K 0 0 59
K 0 -21 59
A D 4 16
J R 7 3944 28 2 4609 576 0
K 0 0 48
A D 4 16
J B 30 3984 1 82 6913 576 0
J F 0 4005 98 1 1 0 0
K 0 0 204
J N 7 4005 -14 7 1 0 0
K 0 0 45
K 0 0 43
K -1 0 45
K 2 0 45
K 0 0 60
K 0 21 60
A D 4 16
J F 0 4041 98 1 2305 576 0
K 0 0 205
J N 7 4041 35 4 2305 0 0
K 0 0 43
K 0 0 59
K 0 -21 59
A D 4 16
J R 7 4077 28 2 4609 576 0
K 0 0 48
A D 4 16
J B 31 4117 1 82 6913 576 0
J N 7 4138 -21 7 1 0 0
K 0 7 45
K 0 0 43
K 0 7 45
K 1 7 45
K 0 0 60
K 0 21 60
A D 4 16
J N 7 4174 28 4 2305 576 0
K 0 0 43
K 0 0 60
K 0 21 60
A D 4 16
J R 7 4210 28 2 4609 576 0
K 0 0 48
A D 4 16
J B 32 4250 1 82 6913 576 0
J R 9 4271 28 2 1 10000 0
K 0 0 46
A D 12 16
J B 33 4376 1 82 6913 1728 0
J N 6 4397 -21 5 1 0 1 2
K 0 7 45
K 0 0 43
K 0 7 45
K 1 7 45
A D 2 16
J N 5 4425 28 2 1153 288 1 2
K 0 0 43
A D 1 16
J N 5 4453 28 2 1729 144 1 2
K 0 0 43
A D 1 16
H 2 B 1 0 108 3 2 21 33
J N 6 4481 28 2 2305 144 1 3
K 0 0 43
A D 2 16
J N 6 4509 28 2 3457 288 1 3
K 0 0 43
A D 2 16
J N 6 4537 28 2 4609 288 1 3
K 0 0 43
A D 2 16
J N 6 4565 28 2 5761 288 1 3
K 0 0 43
A D 2 16
H 3 B 1 0 108 4 2 1 1 3
J B 34 4597 1 82 6913 288 0
J N 6 4618 28 2 1 0 1 4
K 0 0 43
A D 2 16
J N 5 4646 14 2 1153 288 1 4
K 0 0 43
A D 1 16
J N 5 4674 14 2 1729 144 1 4
K 0 0 43
A D 1 16
H 4 B 1 0 108 3 2 21 33
J N 6 4702 14 2 2305 144 1 5
K 0 0 43
A D 2 16
J N 6 4730 14 2 3457 288 1 5
K 0 0 43
A D 2 16
J N 6 4758 14 2 4609 288 1 5
K 0 0 43
A D 2 16
J N 6 4786 14 2 5761 288 1 5
K 0 0 43
A D 2 16
H 5 B 1 0 108 4 2 1 1 3
J B 35 4818 1 82 6913 288 0
J N 6 4839 14 2 1 0 1 6
K 0 0 43
A D 2 16
J N 5 4867 28 2 1153 288 1 6
K 0 0 43
A D 1 16
J N 5 4895 28 2 1729 144 1 6
K 0 0 43
A D 1 16
H 6 B 1 0 108 3 2 21 33
J N 6 4923 28 2 2305 144 1 7
K 0 0 43
A D 2 16
J N 6 4951 28 2 3457 288 1 7
K 0 0 43
A D 2 16
J N 6 4979 28 2 4609 288 1 7
K 0 0 43
A D 2 16
J N 6 5007 28 2 5761 288 1 7
K 0 0 43
A D 2 16
H 7 B 1 0 108 4 2 1 1 3
J B 36 5039 1 82 6913 288 0
J N 7 5060 -21 7 1 0 0
K 0 7 45
K 0 0 43
K 0 7 45
K 1 7 45
K 0 0 60
K 0 21 60
A D 4 16
J N 7 5096 28 4 2305 576 0
K 0 0 43
K 0 0 60
K 0 21 60
A D 4 16
J R 7 5132 28 2 4609 576 0
K 0 0 48
A D 4 16
J B 37 5172 1 82 6913 576 0
J N 7 5193 28 4 1 0 0
K 0 0 43
K 0 0 60
K 0 21 60
A D 4 16
J N 7 5229 77 7 2305 576 0
K 1 -7 45
K 0 0 43
K 0 -7 45
K 1 -7 45
K 0 0 59
K 0 -21 59
A D 4 16
J R 7 5265 28 2 4609 576 0
K 0 0 48
A D 4 16
J B 38 5305 1 82 6913 576 0
J N 7 5326 -21 7 1 0 0
K 0 7 45
K 0 0 43
K 0 7 45
K 1 7 45
K 0 0 60
K 0 21 60
A D 4 16
J N 7 5362 28 4 2305 576 0
K 0 0 43
K 0 0 60
K 0 21 60
A D 4 16
J R 7 5398 28 2 4609 576 0
K 0 0 48
A D 4 16
J B 39 5438 1 82 6913 576 0
J N 7 5459 28 4 1 0 0
K 0 0 43
K 0 0 60
K 0 21 60
A D 4 16
J N 7 5495 77 7 2305 576 0
K 1 -7 45
K 0 0 43
K 0 -7 45
K 1 -7 45
K 0 0 59
K 0 -21 59
A D 4 16
J R 7 5531 28 2 4609 576 0
K 0 0 48
A D 4 16
J B 40 5571 1 82 6913 576 0
J N 7 5592 -21 7 1 0 0
K 0 7 45
K 0 0 43
K 0 7 45
K 1 7 45
K 0 0 60
K 0 21 60
A D 4 16
J N 7 5628 28 4 2305 576 0
K 0 0 43
K 0 0 60
K 0 21 60
A D 4 16
J R 7 5664 28 2 4609 576 0
K 0 0 48
A D 4 16
J B 41 5704 1 82 6913 576 0
J N 5 5725 -21 5 1 0 1 8
K 0 7 45
K 0 0 43
K 0 7 45
K 1 7 45
A D 1 16
J N 5 5753 28 2 577 144 1 8
K 0 0 43
A D 1 16
J N 5 5781 28 2 1153 144 1 8
K 0 0 43
A D 1 16
J N 5 5809 28 2 1729 144 1 8
K 0 0 43
A D 1 16
H 8 B 1 0 108 4 22 11 11 33
J N 5 5837 28 2 2305 144 1 9
K 0 0 43
A D 1 16
J N 5 5865 28 2 2881 144 1 9
K 0 0 43
A D 1 16
J N 5 5893 28 2 3457 144 1 9
K 0 0 43
A D 1 16
J N 5 5921 28 2 4033 144 1 9
K 0 0 43
A D 1 16
H 9 B 1 0 108 4 22 11 11 33
J N 5 5949 28 2 4609 144 1 10
K 0 0 43
A D 1 16
J N 5 5977 28 2 5185 144 1 10
K 0 0 43
A D 1 16
J N 5 6005 28 2 5761 144 1 10
K 0 0 43
A D 1 16
J N 5 6033 28 2 6337 144 1 10
K 0 0 43
A D 1 16
H 10 B 1 0 108 4 22 11 11 33
J B 42 6065 1 82 6913 144 0
J N 5 6086 -21 5 1 0 1 11
K 0 7 45
K 0 0 43
K 0 7 45
K 1 7 45
A D 1 16
J N 5 6114 28 2 577 144 1 11
K 0 0 43
A D 1 16
J N 5 6142 28 2 1153 144 1 11
K 0 0 43
A D 1 16
J N 5 6170 28 2 1729 144 1 11
K 0 0 43
A D 1 16
H 11 B 1 0 108 4 22 11 11 33
J N 5 6198 28 2 2305 144 1 12
K 0 0 43
A D 1 16
J N 5 6226 28 2 2881 144 1 12
K 0 0 43
A D 1 16
J N 5 6254 28 2 3457 144 1 12
K 0 0 43
A D 1 16
J N 5 6282 28 2 4033 144 1 12
K 0 0 43
A D 1 16
H 12 B 1 0 108 4 22 11 11 33
J N 5 6310 28 2 4609 144 1 13
K 0 0 43
A D 1 16
J N 5 6338 28 2 5185 144 1 13
K 0 0 43
A D 1 16
J N 5 6366 28 2 5761 144 1 13
K 0 0 43
A D 1 16
J N 5 6394 28 2 6337 144 1 13
K 0 0 43
A D 1 16
H 13 B 1 0 108 4 22 11 11 33
J B 43 6426 1 82 6913 144 0
J F 0 6449 98 1 1 0 0
K 0 0 205
J N 8 6449 56 5 1 0 0
K -18 0 63
K 0 0 42
K 0 0 59
K 0 -21 59
A D 8 16
J D 5 6500 -42 1 4609 1152 0
W 0 0 37 Adagio
J R 7 6500 28 2 4609 0 0
K 0 0 48
A D 4 16
J B 44 6540 1 82 6913 576 0
J R 7 6561 28 2 1 0 0
K 0 0 48
A D 4 16
J R 7 6597 28 3 2305 576 0
K 0 0 48
K -2 -35 101
A D 4 16
J F 0 6633 98 1 4609 576 0
K 0 0 205
J N 7 6633 49 5 4609 0 0
K -18 0 63
K 0 0 43
K 0 0 59
K 0 -21 59
A D 4 16
J B 45 6673 1 82 6913 576 0
J N 8 6694 42 4 1 0 0
K 0 0 42
K 0 0 59
K 0 -21 59
A D 8 16
J R 7 6745 28 2 4609 1152 0
K 0 0 48
A D 4 16
J B 46 6785 1 82 6913 576 0
J R 7 6806 28 2 1 0 0
K 0 0 48
A D 4 16
J R 7 6842 28 3 2305 576 0
K 0 0 48
K -2 -35 101
A D 4 16
J N 7 6878 56 4 4609 576 0
K 0 0 43
K 0 0 59
K 0 -21 59
A D 4 16
J B 47 6918 1 82 6913 576 0
J N 8 6939 49 4 1 0 0
K 0 0 42
K 0 0 59
K 0 -21 59
A D 8 16
J N 7 6990 77 8 4609 1152 0
K 1 -7 45
K 0 0 43
K 0 -7 45
K 1 -7 45
K 0 29 108
K 0 0 59
K 0 -21 59
A D 4 16
J B 48 7030 1 82 6913 576 0
J N 8 7051 49 5 1 0 0
K 0 0 42
K 25 0 44
K 0 0 59
K 0 -21 59
A D 12 16
J B 49 7120 1 82 6913 1728 0
J R 9 7141 28 2 1 10000 0
K 0 0 46
A D 12 16
J B 50 7246 1 82 6913 1728 0
J R 9 7267 28 2 1 10000 0
K 0 0 46
A D 12 16
J B 51 7372 1 82 6913 1728 0
J R 9 7393 28 2 1 10000 0
K 0 0 46
A D 12 16
J B 52 7498 1 82 6913 1728 0
J R 9 7519 28 2 1 10000 0
K 0 0 46
A D 12 16
J B 53 7624 1 82 6913 1728 0
J N 7 7645 -21 7 1 0 0
K 0 7 45
K 0 0 43
K 0 7 45
K 1 7 45
K 0 0 60
K 0 21 60
A D 4 16
J N 7 7681 0 4 2305 576 0
K 0 0 43
K 0 0 60
K 0 21 60
A D 4 16
J R 7 7717 28 2 4609 576 0
K 0 0 48
A D 4 16
J B 54 7757 1 82 6913 576 0
J R 9 7778 28 2 1 10000 0
K 0 0 46
A D 12 16
J B 55 7883 1 82 6913 1728 0
J N 7 7904 -7 4 1 0 0
K 0 0 43
K 0 0 60
K 0 21 60
A D 4 16
J F 0 7940 98 1 2305 576 0
K 0 0 213
J N 7 7940 14 4 2305 0 0
K 0 0 43
K 0 0 60
K 0 21 60
A D 4 16
J R 7 7976 28 2 4609 576 0
K 0 0 48
A D 4 16
J B 56 8016 1 82 6913 576 0
J R 9 8037 28 2 1 10000 0
K 0 0 46
A D 12 16
J B 57 8142 1 82 6913 1728 0
J N 7 8163 -21 7 1 0 0
K 0 7 45
K 0 0 43
K 0 7 45
K 1 7 45
K 0 0 60
K 0 21 60
A D 4 16
J N 7 8199 28 5 2305 576 0
K 0 0 43
K 24 -6 44
K 0 0 60
K 0 21 60
A D 6 16
J N 6 8244 28 3 5761 864 0
K 0 0 43
K 0 0 54
A D 2 16
J B 58 8276 1 82 6913 288 0
J F 0 8297 98 1 1 0 0
K 0 0 206
J N 7 8297 7 4 1 0 0
K 0 0 43
K 0 0 60
K 0 21 60
A D 4 16
J F 0 8333 98 2 2305 576 0
K 0 0 205
K 0 21 203
J N 7 8333 7 5 2305 0 0
K 0 0 43
K 25 0 44
K 0 0 60
K 0 21 60
A D 6 16
J N 6 8378 14 3 5761 864 0
K 0 0 43
K 0 0 54
A D 2 16
J B 59 8410 1 82 6913 288 0
J F 0 8431 98 2 1 0 0
K 0 0 205
K 0 21 204
J N 7 8431 7 4 1 0 0
K 0 0 43
K 0 0 60
K 0 21 60
A D 4 16
J F 0 8467 98 1 2305 576 0
K 0 0 203
J N 7 8467 0 4 2305 0 0
K 0 0 43
K 0 0 60
K 0 21 60
A D 4 16
J F 0 8503 98 1 4609 576 0
K 0 0 202
J N 7 8503 49 4 4609 0 0
K 0 0 43
K 0 0 59
K 0 -21 59
A D 4 16
J B 60 8543 1 82 6913 576 0
J N 8 8564 28 4 1 0 0
K 0 0 42
K 0 0 60
K 0 21 60
A D 8 16
J R 6 8615 28 2 4609 1152 0
K 0 0 49
A D 2 16
J N 6 8643 63 3 5761 288 0
K 0 0 43
K 0 0 53
A D 2 16
J B 61 8685 1 82 6913 288 0
J F 0 8706 98 2 1 0 0
K 0 0 205
K 0 21 204
J N 7 8706 56 4 1 0 0
K 0 0 43
K 0 0 59
K 0 -21 59
A D 4 16
J F 0 8742 98 1 2305 576 0
K 0 0 203
J N 8 8742 49 4 2305 0 0
K 0 0 42
K 0 0 59
K 0 -21 59
A D 8 16
J F 0 8787 98 1 5761 864 0
K 0 0 202
J B 62 8819 1 82 6913 288 0
J N 8 8840 77 8 1 0 0
K 1 -7 45
K 0 0 42
K 0 -7 45
K 1 -7 45
K 25 0 44
K 0 0 59
K 0 -21 59
A D 12 16
J B 0 8922 6 2 6913 1728 0
K -13 0 82
K -6 0 84
J M 0 8922 0 0 10000 0 0
