S 0 200 140 2050 1066 7 "[...][....]"        
L 0 0 0 313 313 * 0 14 0        
J C 4 5 42 2 6913 0 0        
K 0 0 33        
K 0 0 34        
J K -1 57 0 1 6913 0 0        
K 0 28 65        
J D 0 -11 -14 1 6913 0 0        
W 0 0 37 \01\07        
J N 6 113 -28 6 1 0 1 13        
K 0 14 45        
K 0 0 45        
K 0 0 43        
K -1 0 45        
K 2 0 45        
A D 2 16        
J N 5 153 -14 5 1153 288 1 13        
K 0 0 45        
K 0 0 43        
K -1 0 45        
K 2 0 45        
A D 1 16        
J N 5 182 -21 5 1729 144 1 13        
K 0 7 45        
K 0 0 43        
K 0 7 45        
K 1 7 45        
A D 1 16        
H 13 B -60 0 108 3 2 21 33        
J N 5 211 -28 6 2305 144 1 14        
K 0 14 45        
K 0 0 45        
K 0 0 43        
K -1 0 45        
K 2 0 45        
A D 1 16        
J N 5 240 -35 6 2881 144 1 14        
K 0 21 45        
K 0 7 45        
K 0 0 43        
K 0 7 45        
K 1 7 45        
A D 1 16        
J N 5 269 -28 6 3457 144 1 14        
K 0 14 45        
K 0 0 45        
K 0 0 43        
K -1 0 45        
K 2 0 45        
A D 1 16        
J N 5 298 -35 6 4033 144 1 14        
K 0 21 45        
K 0 7 45        
K 0 0 43        
K 0 7 45        
K 1 7 45        
A D 1 16        
H 14 B -56 0 108 4 22 11 11 33        
J N 5 327 -21 5 4609 144 1 15        
K 0 7 45        
K 0 0 43        
K 0 7 45        
K 1 7 45        
A D 1 16        
J N 5 356 -28 6 5185 144 1 15        
K 0 14 45        
K 0 0 45        
K 0 0 43        
K -1 0 45        
K 2 0 45        
A D 1 16        
J N 5 385 -21 5 5761 144 1 15        
K 0 7 45        
K 0 0 43        
K 0 7 45        
K 1 7 45        
A D 1 16        
J N 5 414 -28 6 6337 144 1 15        
K 0 14 45        
K 0 0 45        
K 0 0 43        
K -1 0 45        
K 2 0 45        
A D 1 16        
H 15 B -50 0 108 4 22 11 11 33        
J B 18 447 1 82 6913 144 0        
J N 8 468 -14 7 1 0 0        
K 0 0 45        
K 0 0 42        
K -1 0 45        
K 2 0 45        
K 0 0 60        
K 0 21 60        
A D 8 16        
J R 7 627 28 2 4609 1152 0        
K 0 0 48        
A D 4 16        
J B 19 728 1 82 6913 576 0        
J N 6 749 -14 5 1 0 1 16        
K 0 0 45        
K 0 0 43        
K -1 0 45        
K 2 0 45        
A D 2 16        
J N 5 788 0 2 1153 288 1 16        
K 0 0 43        
A D 1 16        
J N 5 817 -7 2 1729 144 1 16        
K 0 0 43        
A D 1 16        
H 16 B -60 0 108 3 2 21 33        
J N 5 846 -14 5 2305 144 1 17        
K 0 0 45        
K 0 0 43        
K -1 0 45        
K 2 0 45        
A D 1 16        
J N 5 875 -21 5 2881 144 1 17        
K 0 7 45        
K 0 0 43        
K 0 7 45        
K 1 7 45        
A D 1 16        
J N 5 904 -14 5 3457 144 1 17        
K 0 0 45        
K 0 0 43        
K -1 0 45        
K 2 0 45        
A D 1 16        
J N 5 933 -21 5 4033 144 1 17        
K 0 7 45        
K 0 0 43        
K 0 7 45        
K 1 7 45        
A D 1 16        
H 17 B -46 0 108 4 22 11 11 33        
J N 5 962 -7 2 4609 144 1 18        
K 0 0 43        
A D 1 16        
J N 5 991 -14 5 5185 144 1 18        
K 0 0 45        
K 0 0 43        
K -1 0 45        
K 2 0 45        
A D 1 16        
J N 5 1020 -7 2 5761 144 1 18        
K 0 0 43        
A D 1 16        
J N 5 1049 -14 5 6337 144 1 18        
K 0 0 45        
K 0 0 43        
K -1 0 45        
K 2 0 45        
A D 1 16        
H 18 B -50 0 108 4 22 11 11 33        
J B 20 1082 1 82 6913 144 0        
J N 6 1103 0 2 1 0 1 19        
K 0 0 43        
A D 2 16        
J N 5 1142 -14 5 1153 288 1 19        
K 0 0 45        
K 0 0 43        
K -1 0 45        
K 2 0 45        
A D 1 16        
J N 5 1171 -21 5 1729 144 1 19        
K 0 7 45        
K 0 0 43        
K 0 7 45        
K 1 7 45        
A D 1 16        
H 19 B -45 -6 108 3 2 21 33        
J N 5 1200 -28 6 2305 144 1 20        
K 0 14 45        
K 0 0 45        
K 0 0 43        
K -1 0 45        
K 2 0 45        
A D 1 16        
J N 5 1229 -35 6 2881 144 1 20        
K 0 21 45        
K 0 7 45        
K 0 0 43        
K 0 7 45        
K 1 7 45        
A D 1 16        
J N 5 1258 -28 6 3457 144 1 20        
K 0 14 45        
K 0 0 45        
K 0 0 43        
K -1 0 45        
K 2 0 45        
A D 1 16        
J N 5 1287 -35 6 4033 144 1 20        
K 0 21 45        
K 0 7 45        
K 0 0 43        
K 0 7 45        
K 1 7 45        
A D 1 16        
H 20 B -56 0 108 4 22 11 11 33        
J N 5 1316 -21 5 4609 144 1 21        
K 0 7 45        
K 0 0 43        
K 0 7 45        
K 1 7 45        
A D 1 16        
J N 5 1345 -28 6 5185 144 1 21        
K 0 14 45        
K 0 0 45        
K 0 0 43        
K -1 0 45        
K 2 0 45        
A D 1 16        
J N 5 1374 -21 5 5761 144 1 21        
K 0 7 45        
K 0 0 43        
K 0 7 45        
K 1 7 45        
A D 1 16        
J N 5 1403 -28 6 6337 144 1 21        
K 0 14 45        
K 0 0 45        
K 0 0 43        
K -1 0 45        
K 2 0 45        
A D 1 16        
H 21 B -50 0 108 4 22 11 11 33        
J B 21 1436 1 82 6913 144 0        
J N 6 1457 -14 5 1 0 1 22        
K 0 0 45        
K 0 0 43        
K -1 0 45        
K 2 0 45        
A D 2 16        
J N 6 1496 -14 5 1153 288 1 22        
K 0 0 45        
K 0 0 43        
K -1 0 45        
K 2 0 45        
A D 2 16        
H 22 B -46 0 108 2 2 3        
J N 5 1535 -7 2 2305 288 1 23        
K 0 0 43        
A D 1 16        
J N 5 1564 -14 5 2881 144 1 23        
K 0 0 45        
K 0 0 43        
K -1 0 45        
K 2 0 45        
A D 1 16        
J N 5 1593 -7 2 3457 144 1 23        
K 0 0 43        
A D 1 16        
J N 5 1622 -14 5 4033 144 1 23        
K 0 0 45        
K 0 0 43        
K -1 0 45        
K 2 0 45        
A D 1 16        
H 23 B -50 0 108 4 22 11 11 33        
J N 5 1651 0 2 4609 144 1 24        
K 0 0 43        
A D 1 16        
J N 5 1680 -7 2 5185 144 1 24        
K 0 0 43        
A D 1 16        
J N 5 1709 0 2 5761 144 1 24        
K 0 0 43        
A D 1 16        
J N 5 1738 -7 2 6337 144 1 24        
K 0 0 43        
A D 1 16        
H 24 B -46 0 108 4 22 11 11 33        
J B 22 1771 1 82 6913 144 0        
J N 8 1792 7 4 1 0 0        
K 0 0 42        
K 0 0 60        
K 0 21 60        
A D 8 16        
J R 7 1948 28 2 4609 1152 0        
K 0 0 48        
A D 4 16        
J B 23 2050 1 82 6913 576 0        
E *        
L 160 0 0 313 313 * 0 14 0        
J C 4 5 42 2 6913 0 0        
K 0 0 33        
K 0 0 34        
J K -1 57 0 1 6913 0 0        
K 0 28 65        
J D 0 -11 -14 1 6913 0 0        
W 0 0 0 \01\07        
J N 6 113 -14 5 1 0 1 11        
K 0 0 45        
K 0 0 43        
K -1 0 45        
K 2 0 45        
A D 2 16        
J N 5 153 0 2 1153 288 1 11        
K 0 0 43        
A D 1 16        
J N 5 182 -7 2 1729 144 1 11        
K 0 0 43        
A D 1 16        
H 11 B -60 0 108 3 2 21 33        
J N 5 211 -14 5 2305 144 1 12        
K 0 0 45        
K 0 0 43        
K -1 0 45        
K 2 0 45        
A D 1 16        
J N 5 240 -21 5 2881 144 1 12        
K 0 7 45        
K 0 0 43        
K 0 7 45        
K 1 7 45        
A D 1 16        
J N 5 269 -14 5 3457 144 1 12        
K 0 0 45        
K 0 0 43        
K -1 0 45        
K 2 0 45        
A D 1 16        
J N 5 298 -21 5 4033 144 1 12        
K 0 7 45        
K 0 0 43        
K 0 7 45        
K 1 7 45        
A D 1 16        
H 12 B -46 0 108 4 22 11 11 33        
J N 5 327 -7 2 4609 144 1 13        
K 0 0 43        
A D 1 16        
J N 5 356 -14 5 5185 144 1 13        
K 0 0 45        
K 0 0 43        
K -1 0 45        
K 2 0 45        
A D 1 16        
J N 5 385 -7 2 5761 144 1 13        
K 0 0 43        
A D 1 16        
J N 5 414 -14 5 6337 144 1 13        
K 0 0 45        
K 0 0 43        
K -1 0 45        
K 2 0 45        
A D 1 16        
H 13 B -50 0 108 4 22 11 11 33        
J B 18 447 1 82 6913 144 0        
J N 8 468 0 4 1 0 0        
K 0 0 42        
K 0 0 60        
K 0 21 60        
A D 8 16        
J R 7 627 28 2 4609 1152 0        
K 0 0 48        
A D 4 16        
J B 19 728 1 82 6913 576 0        
J N 6 749 -28 6 1 0 1 14        
K 0 14 45        
K 0 0 45        
K 0 0 43        
K -1 0 45        
K 2 0 45        
A D 2 16        
J N 5 788 -14 5 1153 288 1 14        
K 0 0 45        
K 0 0 43        
K -1 0 45        
K 2 0 45        
A D 1 16        
J N 5 817 -21 5 1729 144 1 14        
K 0 7 45        
K 0 0 43        
K 0 7 45        
K 1 7 45        
A D 1 16        
H 14 B -60 0 108 3 2 21 33        
J N 5 846 -28 6 2305 144 1 15        
K 0 14 45        
K 0 0 45        
K 0 0 43        
K -1 0 45        
K 2 0 45        
A D 1 16        
J N 5 875 -35 6 2881 144 1 15        
K 0 21 45        
K 0 7 45        
K 0 0 43        
K 0 7 45        
K 1 7 45        
A D 1 16        
J N 5 904 -28 6 3457 144 1 15        
K 0 14 45        
K 0 0 45        
K 0 0 43        
K -1 0 45        
K 2 0 45        
A D 1 16        
J N 5 933 -35 6 4033 144 1 15        
K 0 21 45        
K 0 7 45        
K 0 0 43        
K 0 7 45        
K 1 7 45        
A D 1 16        
H 15 B -56 0 108 4 22 11 11 33        
J N 5 962 -21 5 4609 144 1 16        
K 0 7 45        
K 0 0 43        
K 0 7 45        
K 1 7 45        
A D 1 16        
J N 5 991 -28 6 5185 144 1 16        
K 0 14 45        
K 0 0 45        
K 0 0 43        
K -1 0 45        
K 2 0 45        
A D 1 16        
J N 5 1020 -21 5 5761 144 1 16        
K 0 7 45        
K 0 0 43        
K 0 7 45        
K 1 7 45        
A D 1 16        
J N 5 1049 -28 6 6337 144 1 16        
K 0 14 45        
K 0 0 45        
K 0 0 43        
K -1 0 45        
K 2 0 45        
A D 1 16        
H 16 B -50 0 108 4 22 11 11 33        
J B 20 1082 1 82 6913 144 0        
J N 6 1103 -14 5 1 0 1 17        
K 0 0 45        
K 0 0 43        
K -1 0 45        
K 2 0 45        
A D 2 16        
J N 6 1142 -14 5 1153 288 1 17        
K 0 0 45        
K 0 0 43        
K -1 0 45        
K 2 0 45        
A D 2 16        
H 17 B -46 0 108 2 2 3        
J N 5 1200 -14 5 2305 288 1 18        
K 0 0 45        
K 0 0 43        
K -1 0 45        
K 2 0 45        
A D 1 16        
J N 5 1229 -21 5 2881 144 1 18        
K 0 7 45        
K 0 0 43        
K 0 7 45        
K 1 7 45        
A D 1 16        
J N 5 1258 -14 5 3457 144 1 18        
K 0 0 45        
K 0 0 43        
K -1 0 45        
K 2 0 45        
A D 1 16        
J N 5 1287 -21 5 4033 144 1 18        
K 0 7 45        
K 0 0 43        
K 0 7 45        
K 1 7 45        
A D 1 16        
H 18 B -46 0 108 4 22 11 11 33        
J N 5 1316 -7 2 4609 144 1 19        
K 0 0 43        
A D 1 16        
J N 5 1345 -14 5 5185 144 1 19        
K 0 0 45        
K 0 0 43        
K -1 0 45        
K 2 0 45        
A D 1 16        
J N 5 1374 -7 2 5761 144 1 19        
K 0 0 43        
A D 1 16        
J N 5 1403 -14 5 6337 144 1 19        
K 0 0 45        
K 0 0 43        
K -1 0 45        
K 2 0 45        
A D 1 16        
H 19 B -50 0 108 4 22 11 11 33        
J B 21 1436 1 82 6913 144 0        
J N 6 1457 0 2 1 0 1 20        
K 0 0 43        
A D 2 16        
J N 6 1496 0 2 1153 288 1 20        
K 0 0 43        
A D 2 16        
H 20 B -46 0 108 2 2 3        
J N 5 1535 7 2 2305 288 1 21        
K 0 0 43        
A D 1 16        
J N 5 1564 0 2 2881 144 1 21        
K 0 0 43        
A D 1 16        
J N 5 1593 7 2 3457 144 1 21        
K 0 0 43        
A D 1 16        
J N 5 1622 0 2 4033 144 1 21        
K 0 0 43        
A D 1 16        
H 21 B -50 0 108 4 22 11 11 33        
J N 5 1651 14 2 4609 144 1 22        
K 0 0 43        
A D 1 16        
J N 5 1680 7 2 5185 144 1 22        
K 0 0 43        
A D 1 16        
J N 5 1709 14 2 5761 144 1 22        
K 0 0 43        
A D 1 16        
J N 5 1738 7 2 6337 144 1 22        
K 0 0 43        
A D 1 16        
H 22 B -46 0 108 4 22 11 11 33        
J B 22 1771 1 82 6913 144 0        
J N 8 1792 21 4 1 0 0        
K 0 0 42        
K 0 0 60        
K 0 21 60        
A D 8 16        
J R 7 1948 28 2 4609 1152 0        
K 0 0 48        
A D 4 16        
J B 23 2050 1 82 6913 576 0        
E *        
L 320 0 0 313 313 * 0 14 0        
J C 22 5 14 36 6913 0 0        
J K -1 57 0 1 6913 0 0        
K 0 42 65        
J D 0 -11 -14 1 6913 0 0        
W 0 0 0 \01\07        
J N 8 113 14 4 1 0 0        
K 0 0 42        
K 0 0 60        
K 0 21 60        
A D 8 16        
J R 7 327 28 2 4609 1152 0        
K 0 0 48        
A D 4 16        
J B 18 447 1 82 6913 576 0        
J N 6 468 14 2 1 0 1 9        
K 0 0 43        
A D 2 16        
J N 6 508 63 2 1153 288 1 9        
K 0 0 43        
A D 2 16        
J N 6 548 49 2 2305 288 1 9        
K 0 0 43        
A D 2 16        
J N 6 588 42 2 3457 288 1 9        
K 0 0 43        
A D 2 16        
H 9 B 42 4 108 4 2 1 1 3        
J F 0 627 113 1 4609 288 0        
K 0 0 203        
J N 6 627 35 2 4609 0 1 10        
K 0 0 43        
A D 2 16        
J F 0 666 113 1 5761 288 0        
K 0 0 202        
J N 6 666 84 6 5761 0 1 10        
K 1 -14 45        
K 1 0 45        
K 0 0 43        
K -1 0 45        
K 2 0 45        
A D 2 16        
H 10 B 43 4 108 2 2 3        
J B 19 728 1 82 6913 288 0        
J N 8 749 63 4 1 0 0        
K 0 0 42        
K 0 0 59        
K 0 -21 59        
A D 8 16        
J R 7 962 28 2 4609 1152 0        
K 0 0 48        
A D 4 16        
J B 20 1082 1 82 6913 576 0        
J N 8 1103 14 4 1 0 0        
K 0 0 42        
K 0 0 60        
K 0 21 60        
A D 8 16        
J R 7 1316 28 2 4609 1152 0        
K 0 0 48        
A D 4 16        
J B 21 1436 1 82 6913 576 0        
J N 8 1457 63 4 1 0 0        
K 0 0 42        
K 0 0 59        
K 0 -21 59        
A D 8 16        
J R 7 1651 28 2 4609 1152 0        
K 0 0 48        
A D 4 16        
J B 22 1771 1 82 6913 576 0        
J N 6 1792 -14 5 1 0 1 11        
K 0 0 45        
K 0 0 43        
K -1 0 45        
K 2 0 45        
A D 2 16        
J N 6 1831 35 2 1153 288 1 11        
K 0 0 43        
A D 2 16        
J N 6 1870 21 2 2305 288 1 11        
K 0 0 43        
A D 2 16        
J N 6 1909 14 2 3457 288 1 11        
K 0 0 43        
A D 2 16        
H 11 B -91 0 108 4 2 1 1 3        
J F 0 1948 98 1 4609 288 0        
K 0 0 203        
J N 6 1948 7 2 4609 0 1 12        
K 0 0 43        
A D 2 16        
J F 0 1988 98 1 5761 288 0        
K 0 0 218        
J N 6 1988 56 2 5761 0 1 12        
K 0 0 43        
A D 2 16        
H 12 B 35 4 108 2 2 3        
J B 23 2050 1 82 6913 288 0        
E *        
L 530 0 0 313 313 * 0 14 0        
J C 4 5 42 2 6913 0 0        
K 0 0 33        
K 0 0 34        
J K -1 57 0 1 6913 0 0        
K 0 28 65        
J D 0 -11 -14 1 6913 0 0        
W 0 0 0 \01\07        
J N 8 113 -14 7 1 0 0        
K 0 0 45        
K 0 0 42        
K -1 0 45        
K 2 0 45        
K 0 0 60        
K 0 21 60        
A D 8 16        
J R 7 327 28 2 4609 1152 0        
K 0 0 48        
A D 4 16        
J B 18 447 1 82 6913 576 0        
J N 6 468 21 2 1 0 1 6        
K 0 0 43        
A D 2 16        
J N 6 508 21 2 1153 288 1 6        
K 0 0 43        
A D 2 16        
J N 6 548 21 2 2305 288 1 6        
K 0 0 43        
A D 2 16        
J N 6 588 21 2 3457 288 1 6        
K 0 0 43        
A D 2 16        
H 6 B -42 0 108 4 2 1 1 3        
J N 6 627 28 2 4609 288 1 7        
K 0 0 43        
A D 2 16        
J N 5 666 21 2 5761 288 1 7        
K 0 0 43        
A D 1 16        
J N 5 695 28 2 6337 144 1 7        
K 0 0 43        
A D 1 16        
H 7 B -45 0 108 3 2 21 33        
J B 19 728 1 82 6913 144 0        
J N 8 749 35 4 1 0 0        
K 0 0 42        
K 0 0 59        
K 0 -21 59        
A D 8 16        
J R 7 962 28 2 4609 1152 0        
K 0 0 48        
A D 4 16        
J B 20 1082 1 82 6913 576 0        
J N 8 1103 -28 8 1 0 0        
K 0 14 45        
K 0 0 45        
K 0 0 42        
K -1 0 45        
K 2 0 45        
K 0 0 60        
K 0 28 60        
A D 8 16        
J R 7 1316 28 2 4609 1152 0        
K 0 0 48        
A D 4 16        
J B 21 1436 1 82 6913 576 0        
J N 8 1457 21 4 1 0 0        
K 0 0 42        
K 0 0 60        
K 0 21 60        
A D 8 16        
J R 7 1651 28 2 4609 1152 0        
K 0 0 48        
A D 4 16        
J B 22 1771 1 82 6913 576 0        
J N 6 1792 -7 2 1 0 1 8        
K 0 0 43        
A D 2 16        
J N 6 1831 -7 2 1153 288 1 8        
K 0 0 43        
A D 2 16        
J N 6 1870 -7 2 2305 288 1 8        
K 0 0 43        
A D 2 16        
J N 6 1909 -7 2 3457 288 1 8        
K 0 0 43        
A D 2 16        
H 8 B -49 0 108 4 2 1 1 3        
J N 6 1948 0 2 4609 288 1 9        
K 0 0 43        
A D 2 16        
J N 5 1988 -7 2 5761 288 1 9        
K 0 0 43        
A D 1 16        
J N 5 2017 0 2 6337 144 1 9        
K 0 0 43        
A D 1 16        
H 9 B -46 0 108 3 2 21 33        
J B 23 2050 1 82 6913 144 0        
E *        
L 690 0 0 313 313 * 0 14 0        
J C 4 5 42 2 6913 0 0        
K 0 0 33        
K 0 0 34        
J K -1 57 0 1 6913 0 0        
K 0 28 65        
J D 0 -11 -14 1 6913 0 0        
W 0 0 0 \01\07        
J N 8 113 0 4 1 0 0        
K 0 0 42        
K 0 0 60        
K 0 21 60        
A D 8 16        
J R 7 327 28 2 4609 1152 0        
K 0 0 48        
A D 4 16        
J B 18 447 1 82 6913 576 0        
J N 6 468 35 2 1 0 1 6        
K 0 0 43        
A D 2 16        
J N 6 508 35 2 1153 288 1 6        
K 0 0 43        
A D 2 16        
J N 6 548 35 2 2305 288 1 6        
K 0 0 43        
A D 2 16        
J N 6 588 35 2 3457 288 1 6        
K 0 0 43        
A D 2 16        
H 6 B 42 0 108 4 2 1 1 3        
J N 6 627 42 2 4609 288 1 7        
K 0 0 43        
A D 2 16        
J N 5 666 35 2 5761 288 1 7        
K 0 0 43        
A D 1 16        
J N 5 695 42 2 6337 144 1 7        
K 0 0 43        
A D 1 16        
H 7 B 57 0 108 3 2 21 33        
J B 19 728 1 82 6913 144 0        
J N 8 749 49 4 1 0 0        
K 0 0 42        
K 0 0 59        
K 0 -21 59        
A D 8 16        
J R 7 962 28 2 4609 1152 0        
K 0 0 48        
A D 4 16        
J B 20 1082 1 82 6913 576 0        
J N 8 1103 -14 7 1 0 0        
K 0 0 45        
K 0 0 42        
K -1 0 45        
K 2 0 45        
K 0 0 60        
K 0 21 60        
A D 8 16        
J R 7 1316 28 2 4609 1152 0        
K 0 0 48        
A D 4 16        
J B 21 1436 1 82 6913 576 0        
J N 8 1457 35 4 1 0 0        
K 0 0 42        
K 0 0 59        
K 0 -21 59        
A D 8 16        
J R 7 1651 28 2 4609 1152 0        
K 0 0 48        
A D 4 16        
J B 22 1771 1 82 6913 576 0        
J N 6 1792 7 2 1 0 1 8        
K 0 0 43        
A D 2 16        
J N 6 1831 7 2 1153 288 1 8        
K 0 0 43        
A D 2 16        
J N 6 1870 7 2 2305 288 1 8        
K 0 0 43        
A D 2 16        
J N 6 1909 7 2 3457 288 1 8        
K 0 0 43        
A D 2 16        
H 8 B -49 0 108 4 2 1 1 3        
J N 6 1948 14 2 4609 288 1 9        
K 0 0 43        
A D 2 16        
J N 5 1988 7 2 5761 288 1 9        
K 0 0 43        
A D 1 16        
J N 5 2017 14 2 6337 144 1 9        
K 0 0 43        
A D 1 16        
H 9 B -46 0 108 3 2 21 33        
J B 23 2050 1 82 6913 144 0        
E *        
L 850 0 0 313 313 * 0 14 0        
J C 13 5 28 35 6913 0 0        
J K -1 57 0 1 6913 0 0        
K 0 35 65        
J D 0 -11 -14 1 6913 0 0        
W 0 0 0 \01\07        
J N 8 113 7 4 1 0 0        
K 0 0 42        
K 0 0 60        
K 0 21 60        
A D 8 16        
J R 7 327 28 2 4609 1152 0        
K 0 0 48        
A D 4 16        
J B 18 447 1 82 6913 576 0        
J N 6 468 7 2 1 0 1 9        
K 0 0 43        
A D 2 16        
J N 6 508 28 2 1153 288 1 9        
K 0 0 43        
A D 2 16        
J N 6 548 7 2 2305 288 1 9        
K 0 0 43        
A D 2 16        
J N 6 588 7 2 3457 288 1 9        
K 0 0 43        
A D 2 16        
H 9 B -63 0 108 4 2 1 1 3        
J N 6 627 7 2 4609 288 1 10        
K 0 0 43        
A D 2 16        
J N 6 666 14 2 5761 288 1 10        
K 0 0 43        
A D 2 16        
H 10 B -50 3 108 2 2 3        
J B 19 728 1 82 6913 288 0        
J N 8 749 7 4 1 0 0        
K 0 0 42        
K 0 0 60        
K 0 21 60        
A D 8 16        
J R 7 962 28 2 4609 1152 0        
K 0 0 48        
A D 4 16        
J B 20 1082 1 82 6913 576 0        
J N 8 1103 7 4 1 0 0        
K 0 0 42        
K 0 0 60        
K 0 21 60        
A D 8 16        
J R 7 1316 28 2 4609 1152 0        
K 0 0 48        
A D 4 16        
J B 21 1436 1 82 6913 576 0        
J N 8 1457 7 4 1 0 0        
K 0 0 42        
K 0 0 60        
K 0 21 60        
A D 8 16        
J R 7 1651 28 2 4609 1152 0        
K 0 0 48        
A D 4 16        
J B 22 1771 1 82 6913 576 0        
J N 6 1792 -21 5 1 0 1 11        
K 0 7 45        
K 0 0 43        
K 0 7 45        
K 1 7 45        
A D 2 16        
J N 6 1831 0 2 1153 288 1 11        
K 0 0 43        
A D 2 16        
J N 6 1870 -21 5 2305 288 1 11        
K 0 7 45        
K 0 0 43        
K 0 7 45        
K 1 7 45        
A D 2 16        
J N 6 1909 -21 5 3457 288 1 11        
K 0 7 45        
K 0 0 43        
K 0 7 45        
K 1 7 45        
A D 2 16        
H 11 B -67 0 108 4 2 1 1 3        
J N 6 1948 -21 5 4609 288 1 12        
K 0 7 45        
K 0 0 43        
K 0 7 45        
K 1 7 45        
A D 2 16        
J N 6 1988 -14 6 5761 288 1 12        
K 0 0 45        
K -14 0 64        
K 0 0 43        
K -1 0 45        
K 2 0 45        
A D 2 16        
H 12 B -50 3 108 2 2 3        
J B 23 2050 1 82 6913 288 0        
E *        
L 1010 0 0 313 313 * 0 14 0        
J C 22 5 14 36 6913 0 0        
J K -1 57 0 1 6913 0 0        
K 0 42 65        
J D 0 -11 -14 1 6913 0 0        
W 0 0 0 \01\07        
J N 8 113 14 4 1 0 0        
K 0 0 42        
K 0 0 60        
K 0 21 60        
A D 8 16        
J R 7 327 28 2 4609 1152 0        
K 0 0 48        
A D 4 16        
J B 18 447 1 82 6913 576 0        
J N 6 468 14 2 1 0 1 7        
K 0 0 43        
A D 2 16        
J N 6 508 63 2 1153 288 1 7        
K 0 0 43        
A D 2 16        
J N 6 548 49 2 2305 288 1 7        
K 0 0 43        
A D 2 16        
J N 6 588 42 2 3457 288 1 7        
K 0 0 43        
A D 2 16        
H 7 B 42 4 108 4 2 1 1 3        
J F 0 627 113 1 4609 288 0        
K 0 0 203        
J N 6 627 35 2 4609 0 1 8        
K 0 0 43        
A D 2 16        
J F 0 666 113 1 5761 288 0        
K 0 0 202        
J N 6 666 84 6 5761 0 1 8        
K 1 -14 45        
K 1 0 45        
K 0 0 43        
K -1 0 45        
K 2 0 45        
A D 2 16        
H 8 B 43 4 108 2 2 3        
J B 19 728 1 82 6913 288 0        
J N 8 749 63 4 1 0 0        
K 0 0 42        
K 0 0 59        
K 0 -21 59        
A D 8 16        
J R 7 962 28 2 4609 1152 0        
K 0 0 48        
A D 4 16        
J B 20 1082 1 82 6913 576 0        
J N 8 1103 14 4 1 0 0        
K 0 0 42        
K 0 0 60        
K 0 21 60        
A D 8 16        
J R 7 1316 28 2 4609 1152 0        
K 0 0 48        
A D 4 16        
J B 21 1436 1 82 6913 576 0        
J N 8 1457 63 4 1 0 0        
K 0 0 42        
K 0 0 59        
K 0 -21 59        
A D 8 16        
J R 7 1651 28 2 4609 1152 0        
K 0 0 48        
A D 4 16        
J B 22 1771 1 82 6913 576 0        
J N 6 1792 -14 5 1 0 1 9        
K 0 0 45        
K 0 0 43        
K -1 0 45        
K 2 0 45        
A D 2 16        
J N 6 1831 35 2 1153 288 1 9        
K 0 0 43        
A D 2 16        
J N 6 1870 21 2 2305 288 1 9        
K 0 0 43        
A D 2 16        
J N 6 1909 14 2 3457 288 1 9        
K 0 0 43        
A D 2 16        
H 9 B -91 0 108 4 2 1 1 3        
J F 0 1948 98 1 4609 288 0        
K 0 0 203        
J N 6 1948 7 2 4609 0 1 10        
K 0 0 43        
A D 2 16        
J F 0 1988 98 1 5761 288 0        
K 0 0 218        
J N 6 1988 56 2 5761 0 1 10        
K 0 0 43        
A D 2 16        
H 10 B 35 4 108 2 2 3        
J B 23 2050 1 82 6913 288 0        
E *        
B 1 447 0        
B 1 728 0        
B 1 1082 0        
B 1 1436 0        
B 1 1771 0        
B 1 2050 0        
S 0 200 1510 2050 1066 7 "[...][....]"        
L 0 0 0 313 313 * 0 14 0        
J C 4 5 42 2 6913 0 0        
K 0 0 33        
K 0 0 34        
J K -1 57 0 1 6913 0 0        
K 0 28 65        
J D 0 -11 -14 1 6913 0 0        
W 0 0 37 \02\03        
J N 6 113 -7 2 1 0 1 25        
K 0 0 43        
A D 2 16        
J N 5 151 7 2 1153 288 1 25        
K 0 0 43        
A D 1 16        
J N 5 178 0 2 1729 144 1 25        
K 0 0 43        
A D 1 16        
H 25 B -64 0 108 3 2 21 33        
J N 5 205 -7 2 2305 144 1 26        
K 0 0 43        
A D 1 16        
J N 5 232 -14 5 2881 144 1 26        
K 0 0 45        
K 0 0 43        
K -1 0 45        
K 2 0 45        
A D 1 16        
J N 5 259 -7 2 3457 144 1 26        
K 0 0 43        
A D 1 16        
J N 5 286 -14 5 4033 144 1 26        
K 0 0 45        
K 0 0 43        
K -1 0 45        
K 2 0 45        
A D 1 16        
H 26 B -50 0 108 4 22 11 11 33        
J N 5 313 0 2 4609 144 1 27        
K 0 0 43        
A D 1 16        
J N 5 340 -7 2 5185 144 1 27        
K 0 0 43        
A D 1 16        
J N 5 367 0 2 5761 144 1 27        
K 0 0 43        
A D 1 16        
J N 5 394 -7 2 6337 144 1 27        
K 0 0 43        
A D 1 16        
H 27 B -46 0 108 4 22 11 11 33        
J B 24 427 1 82 6913 144 0        
J N 8 448 7 4 1 0 0        
K 0 0 42        
K 0 0 60        
K 0 21 60        
A D 8 16        
J R 7 600 28 2 4609 1152 0        
K 0 0 48        
A D 4 16        
J B 25 700 1 82 6913 576 0        
J N 6 721 -7 2 1 0 1 28        
K 0 0 43        
A D 2 16        
J N 5 759 7 2 1153 288 1 28        
K 0 0 43        
A D 1 16        
J N 5 786 0 2 1729 144 1 28        
K 0 0 43        
A D 1 16        
H 28 B -64 0 108 3 2 21 33        
J N 5 813 -7 2 2305 144 1 29        
K 0 0 43        
A D 1 16        
J N 5 840 -14 5 2881 144 1 29        
K 0 0 45        
K 0 0 43        
K -1 0 45        
K 2 0 45        
A D 1 16        
J N 5 867 -7 2 3457 144 1 29        
K 0 0 43        
A D 1 16        
J N 5 894 -14 5 4033 144 1 29        
K 0 0 45        
K 0 0 43        
K -1 0 45        
K 2 0 45        
A D 1 16        
H 29 B -50 0 108 4 22 11 11 33        
J N 5 921 0 2 4609 144 1 30        
K 0 0 43        
A D 1 16        
J N 5 948 -7 2 5185 144 1 30        
K 0 0 43        
A D 1 16        
J N 5 975 0 2 5761 144 1 30        
K 0 0 43        
A D 1 16        
J N 5 1002 -7 2 6337 144 1 30        
K 0 0 43        
A D 1 16        
H 30 B -46 0 108 4 22 11 11 33        
J B 26 1035 1 82 6913 144 0        
J N 6 1056 7 2 1 0 1 31        
K 0 0 43        
A D 2 16        
J N 5 1094 21 2 1153 288 1 31        
K 0 0 43        
A D 1 16        
J N 5 1121 14 2 1729 144 1 31        
K 0 0 43        
A D 1 16        
H 31 B -64 0 108 3 2 21 33        
J N 5 1148 7 2 2305 144 1 32        
K 0 0 43        
A D 1 16        
J N 5 1175 0 2 2881 144 1 32        
K 0 0 43        
A D 1 16        
J N 5 1202 7 2 3457 144 1 32        
K 0 0 43        
A D 1 16        
J N 5 1229 0 2 4033 144 1 32        
K 0 0 43        
A D 1 16        
H 32 B -50 0 108 4 22 11 11 33        
J N 5 1256 14 2 4609 144 1 33        
K 0 0 43        
A D 1 16        
J N 5 1283 7 2 5185 144 1 33        
K 0 0 43        
A D 1 16        
J N 5 1310 14 2 5761 144 1 33        
K 0 0 43        
A D 1 16        
J N 5 1337 7 2 6337 144 1 33        
K 0 0 43        
A D 1 16        
H 33 B -46 0 108 4 22 11 11 33        
J B 27 1370 1 82 6913 144 0        
J N 6 1391 21 2 1 0 1 34        
K 0 0 43        
A D 2 16        
J N 5 1429 7 2 1153 288 1 34        
K 0 0 43        
A D 1 16        
J N 5 1456 0 2 1729 144 1 34        
K 0 0 43        
A D 1 16        
H 34 B -52 -6 108 3 2 21 33        
J N 5 1483 -7 2 2305 144 1 35        
K 0 0 43        
A D 1 16        
J N 5 1510 -14 5 2881 144 1 35        
K 0 0 45        
K 0 0 43        
K -1 0 45        
K 2 0 45        
A D 1 16        
J N 5 1537 -7 2 3457 144 1 35        
K 0 0 43        
A D 1 16        
J N 5 1564 -14 5 4033 144 1 35        
K 0 0 45        
K 0 0 43        
K -1 0 45        
K 2 0 45        
A D 1 16        
H 35 B -50 0 108 4 22 11 11 33        
J N 5 1591 -7 2 4609 144 1 36        
K 0 0 43        
A D 1 16        
J N 5 1618 -14 5 5185 144 1 36        
K 0 0 45        
K 0 0 43        
K -1 0 45        
K 2 0 45        
A D 1 16        
J N 5 1645 0 2 5761 144 1 36        
K 0 0 43        
A D 1 16        
J N 5 1673 -7 2 6337 144 1 36        
K 0 0 43        
A D 1 16        
H 36 B -53 0 108 4 22 11 11 33        
J B 28 1706 1 82 6913 144 0        
J N 6 1727 -14 5 1 0 1 37        
K 0 0 45        
K 0 0 43        
K -1 0 45        
K 2 0 45        
A D 2 16        
J N 5 1765 0 2 1153 288 1 37        
K 0 0 43        
A D 1 16        
J N 5 1793 -7 2 1729 144 1 37        
K 0 0 43        
A D 1 16        
H 37 B -60 0 108 3 2 21 33        
J N 5 1821 -14 5 2305 144 1 38        
K 0 0 45        
K 0 0 43        
K -1 0 45        
K 2 0 45        
A D 1 16        
J N 5 1849 -21 5 2881 144 1 38        
K 0 7 45        
K 0 0 43        
K 0 7 45        
K 1 7 45        
A D 1 16        
J N 5 1877 -14 5 3457 144 1 38        
K 0 0 45        
K 0 0 43        
K -1 0 45        
K 2 0 45        
A D 1 16        
J N 5 1905 -21 5 4033 144 1 38        
K 0 7 45        
K 0 0 43        
K 0 7 45        
K 1 7 45        
A D 1 16        
H 38 B -46 0 108 4 22 11 11 33        
J N 5 1933 -7 2 4609 144 1 39        
K 0 0 43        
A D 1 16        
J N 5 1961 -14 5 5185 144 1 39        
K 0 0 45        
K 0 0 43        
K -1 0 45        
K 2 0 45        
A D 1 16        
J N 5 1989 -7 2 5761 144 1 39        
K 0 0 43        
A D 1 16        
J N 5 2017 -14 5 6337 144 1 39        
K 0 0 45        
K 0 0 43        
K -1 0 45        
K 2 0 45        
A D 1 16        
H 39 B -50 0 108 4 22 11 11 33        
J B 29 2050 1 82 6913 144 0        
E *        
L 160 0 0 313 313 * 0 14 0        
J C 4 5 42 2 6913 0 0        
K 0 0 33        
K 0 0 34        
J K -1 57 0 1 6913 0 0        
K 0 28 65        
J D 0 -11 -14 1 6913 0 0        
W 0 0 0 \02\03        
J N 6 113 7 2 1 0 1 23        
K 0 0 43        
A D 2 16        
J N 5 151 21 2 1153 288 1 23        
K 0 0 43        
A D 1 16        
J N 5 178 14 2 1729 144 1 23        
K 0 0 43        
A D 1 16        
H 23 B -64 0 108 3 2 21 33        
J N 5 205 7 2 2305 144 1 24        
K 0 0 43        
A D 1 16        
J N 5 232 0 2 2881 144 1 24        
K 0 0 43        
A D 1 16        
J N 5 259 7 2 3457 144 1 24        
K 0 0 43        
A D 1 16        
J N 5 286 0 2 4033 144 1 24        
K 0 0 43        
A D 1 16        
H 24 B -50 0 108 4 22 11 11 33        
J N 5 313 14 2 4609 144 1 25        
K 0 0 43        
A D 1 16        
J N 5 340 7 2 5185 144 1 25        
K 0 0 43        
A D 1 16        
J N 5 367 14 2 5761 144 1 25        
K 0 0 43        
A D 1 16        
J N 5 394 7 2 6337 144 1 25        
K 0 0 43        
A D 1 16        
H 25 B -46 0 108 4 22 11 11 33        
J B 24 427 1 82 6913 144 0        
J N 8 448 21 4 1 0 0        
K 0 0 42        
K 0 0 60        
K 0 21 60        
A D 8 16        
J R 7 600 28 2 4609 1152 0        
K 0 0 48        
A D 4 16        
J B 25 700 1 82 6913 576 0        
J N 6 721 7 2 1 0 1 26        
K 0 0 43        
A D 2 16        
J N 5 759 21 2 1153 288 1 26        
K 0 0 43        
A D 1 16        
J N 5 786 14 2 1729 144 1 26        
K 0 0 43        
A D 1 16        
H 26 B -64 0 108 3 2 21 33        
J N 5 813 7 2 2305 144 1 27        
K 0 0 43        
A D 1 16        
J N 5 840 0 2 2881 144 1 27        
K 0 0 43        
A D 1 16        
J N 5 867 7 2 3457 144 1 27        
K 0 0 43        
A D 1 16        
J N 5 894 0 2 4033 144 1 27        
K 0 0 43        
A D 1 16        
H 27 B -50 0 108 4 22 11 11 33        
J N 5 921 14 2 4609 144 1 28        
K 0 0 43        
A D 1 16        
J N 5 948 7 2 5185 144 1 28        
K 0 0 43        
A D 1 16        
J N 5 975 14 2 5761 144 1 28        
K 0 0 43        
A D 1 16        
J N 5 1002 7 2 6337 144 1 28        
K 0 0 43        
A D 1 16        
H 28 B -46 0 108 4 22 11 11 33        
J B 26 1035 1 82 6913 144 0        
J N 6 1056 21 2 1 0 1 29        
K 0 0 43        
A D 2 16        
J N 5 1094 7 2 1153 288 1 29        
K 0 0 43        
A D 1 16        
J N 5 1121 0 2 1729 144 1 29        
K 0 0 43        
A D 1 16        
H 29 B -52 -6 108 3 2 21 33        
J N 5 1148 -7 2 2305 144 1 30        
K 0 0 43        
A D 1 16        
J N 5 1175 -14 5 2881 144 1 30        
K 0 0 45        
K 0 0 43        
K -1 0 45        
K 2 0 45        
A D 1 16        
J N 5 1202 -7 2 3457 144 1 30        
K 0 0 43        
A D 1 16        
J N 5 1229 -14 5 4033 144 1 30        
K 0 0 45        
K 0 0 43        
K -1 0 45        
K 2 0 45        
A D 1 16        
H 30 B -50 0 108 4 22 11 11 33        
J N 5 1256 0 2 4609 144 1 31        
K 0 0 43        
A D 1 16        
J N 5 1283 -7 2 5185 144 1 31        
K 0 0 43        
A D 1 16        
J N 5 1310 0 2 5761 144 1 31        
K 0 0 43        
A D 1 16        
J N 5 1337 -7 2 6337 144 1 31        
K 0 0 43        
A D 1 16        
H 31 B -46 0 108 4 22 11 11 33        
J B 27 1370 1 82 6913 144 0        
J N 6 1391 7 2 1 0 1 32        
K 0 0 43        
A D 2 16        
J N 5 1429 21 2 1153 288 1 32        
K 0 0 43        
A D 1 16        
J N 5 1456 14 2 1729 144 1 32        
K 0 0 43        
A D 1 16        
H 32 B -64 0 108 3 2 21 33        
J N 5 1483 7 2 2305 144 1 33        
K 0 0 43        
A D 1 16        
J N 5 1510 0 2 2881 144 1 33        
K 0 0 43        
A D 1 16        
J N 5 1537 7 2 3457 144 1 33        
K 0 0 43        
A D 1 16        
J N 5 1564 0 2 4033 144 1 33        
K 0 0 43        
A D 1 16        
H 33 B -50 0 108 4 22 11 11 33        
J N 5 1591 7 2 4609 144 1 34        
K 0 0 43        
A D 1 16        
J N 5 1618 0 2 5185 144 1 34        
K 0 0 43        
A D 1 16        
J N 5 1645 14 2 5761 144 1 34        
K 0 0 43        
A D 1 16        
J N 5 1673 7 2 6337 144 1 34        
K 0 0 43        
A D 1 16        
H 34 B -53 0 108 4 22 11 11 33        
J B 28 1706 1 82 6913 144 0        
J N 6 1727 0 2 1 0 1 35        
K 0 0 43        
A D 2 16        
J N 5 1765 -14 5 1153 288 1 35        
K 0 0 45        
K 0 0 43        
K -1 0 45        
K 2 0 45        
A D 1 16        
J N 5 1793 -21 5 1729 144 1 35        
K 0 7 45        
K 0 0 43        
K 0 7 45        
K 1 7 45        
A D 1 16        
H 35 B -45 -6 108 3 2 21 33        
J N 5 1821 -28 6 2305 144 1 36        
K 0 14 45        
K 0 0 45        
K 0 0 43        
K -1 0 45        
K 2 0 45        
A D 1 16        
J N 5 1849 -35 6 2881 144 1 36        
K 0 21 45        
K 0 7 45        
K 0 0 43        
K 0 7 45        
K 1 7 45        
A D 1 16        
J N 5 1877 -28 6 3457 144 1 36        
K 0 14 45        
K 0 0 45        
K 0 0 43        
K -1 0 45        
K 2 0 45        
A D 1 16        
J N 5 1905 -35 6 4033 144 1 36        
K 0 21 45        
K 0 7 45        
K 0 0 43        
K 0 7 45        
K 1 7 45        
A D 1 16        
H 36 B -56 0 108 4 22 11 11 33        
J N 5 1933 -21 5 4609 144 1 37        
K 0 7 45        
K 0 0 43        
K 0 7 45        
K 1 7 45        
A D 1 16        
J N 5 1961 -28 6 5185 144 1 37        
K 0 14 45        
K 0 0 45        
K 0 0 43        
K -1 0 45        
K 2 0 45        
A D 1 16        
J N 5 1989 -21 5 5761 144 1 37        
K 0 7 45        
K 0 0 43        
K 0 7 45        
K 1 7 45        
A D 1 16        
J N 5 2017 -28 6 6337 144 1 37        
K 0 14 45        
K 0 0 45        
K 0 0 43        
K -1 0 45        
K 2 0 45        
A D 1 16        
H 37 B -50 0 108 4 22 11 11 33        
J B 29 2050 1 82 6913 144 0        
E *        
L 320 0 0 313 313 * 0 14 0        
J C 22 5 14 36 6913 0 0        
J K -1 57 0 1 6913 0 0        
K 0 42 65        
J D 0 -11 -14 1 6913 0 0        
W 0 0 0 \02\03        
J N 8 113 35 4 1 0 0        
K 0 0 42        
K 0 0 59        
K 0 -21 59        
A D 8 16        
J R 7 313 28 2 4609 1152 0        
K 0 0 48        
A D 4 16        
J B 24 427 1 82 6913 576 0        
J N 6 448 -14 5 1 0 1 13        
K 0 0 45        
K 0 0 43        
K -1 0 45        
K 2 0 45        
A D 2 16        
J N 6 486 35 2 1153 288 1 13        
K 0 0 43        
A D 2 16        
J N 6 524 21 2 2305 288 1 13        
K 0 0 43        
A D 2 16        
J N 6 562 14 2 3457 288 1 13        
K 0 0 43        
A D 2 16        
H 13 B -91 0 108 4 2 1 1 3        
J F 0 600 98 1 4609 288 0        
K 0 0 203        
J N 6 600 7 2 4609 0 1 14        
K 0 0 43        
A D 2 16        
J F 0 640 98 1 5761 288 0        
K 0 0 218        
J N 6 640 56 2 5761 0 1 14        
K 0 0 43        
A D 2 16        
H 14 B 35 4 108 2 2 3        
J B 25 700 1 82 6913 288 0        
J N 8 721 35 4 1 0 0        
K 0 0 42        
K 0 0 59        
K 0 -21 59        
A D 8 16        
J R 7 921 28 2 4609 1152 0        
K 0 0 48        
A D 4 16        
J B 26 1035 1 82 6913 576 0        
J N 8 1056 -14 7 1 0 0        
K 0 0 45        
K 0 0 42        
K -1 0 45        
K 2 0 45        
K 0 0 60        
K 0 21 60        
A D 8 16        
J R 7 1256 28 2 4609 1152 0        
K 0 0 48        
A D 4 16        
J B 27 1370 1 82 6913 576 0        
J N 8 1391 35 4 1 0 0        
K 0 0 42        
K 0 0 59        
K 0 -21 59        
A D 8 16        
J R 7 1591 28 2 4609 1152 0        
K 0 0 48        
A D 4 16        
J B 28 1706 1 82 6913 576 0        
J N 8 1727 14 4 1 0 0        
K 0 0 42        
K 0 0 60        
K 0 21 60        
A D 8 16        
J R 7 1933 28 2 4609 1152 0        
K 0 0 48        
A D 4 16        
J B 29 2050 1 82 6913 576 0        
E *        
L 530 0 0 313 313 * 0 14 0        
J C 4 5 42 2 6913 0 0        
K 0 0 33        
K 0 0 34        
J K -1 57 0 1 6913 0 0        
K 0 28 65        
J D 0 -11 -14 1 6913 0 0        
W 0 0 0 \02\03        
J N 8 113 7 4 1 0 0        
K 0 0 42        
K 0 0 60        
K 0 21 60        
A D 8 16        
J R 7 313 28 2 4609 1152 0        
K 0 0 48        
A D 4 16        
J B 24 427 1 82 6913 576 0        
J N 6 448 42 2 1 0 1 10        
K 0 0 43        
A D 2 16        
J N 6 486 42 2 1153 288 1 10        
K 0 0 43        
A D 2 16        
J N 6 524 42 2 2305 288 1 10        
K 0 0 43        
A D 2 16        
J N 6 562 42 2 3457 288 1 10        
K 0 0 43        
A D 2 16        
H 10 B 46 0 108 4 2 1 1 3        
J N 6 600 49 2 4609 288 1 11        
K 0 0 43        
A D 2 16        
J N 5 640 42 2 5761 288 1 11        
K 0 0 43        
A D 1 16        
J N 5 667 49 2 6337 144 1 11        
K 0 0 43        
A D 1 16        
H 11 B 53 0 108 3 2 21 33        
J B 25 700 1 82 6913 144 0        
J N 8 721 56 4 1 0 0        
K 0 0 42        
K 0 0 59        
K 0 -21 59        
A D 8 16        
J R 7 921 28 2 4609 1152 0        
K 0 0 48        
A D 4 16        
J B 26 1035 1 82 6913 576 0        
J N 8 1056 -7 4 1 0 0        
K 0 0 42        
K 0 0 60        
K 0 21 60        
A D 8 16        
J R 7 1256 28 2 4609 1152 0        
K 0 0 48        
A D 4 16        
J B 27 1370 1 82 6913 576 0        
J N 8 1391 42 4 1 0 0        
K 0 0 42        
K 0 0 59        
K 0 -21 59        
A D 8 16        
J R 7 1591 28 2 4609 1152 0        
K 0 0 48        
A D 4 16        
J B 28 1706 1 82 6913 576 0        
J N 8 1727 -28 8 1 0 0        
K 0 14 45        
K 0 0 45        
K 0 0 42        
K -1 0 45        
K 2 0 45        
K 0 0 60        
K 0 28 60        
A D 8 16        
J R 7 1933 28 2 4609 1152 0        
K 0 0 48        
A D 4 16        
J B 29 2050 1 82 6913 576 0        
E *        
L 690 0 0 313 313 * 0 14 0        
J C 4 5 42 2 6913 0 0        
K 0 0 33        
K 0 0 34        
J K -1 57 0 1 6913 0 0        
K 0 28 65        
J D 0 -11 -14 1 6913 0 0        
W 0 0 0 \02\03        
J N 8 113 21 4 1 0 0        
K 0 0 42        
K 0 0 60        
K 0 21 60        
A D 8 16        
J R 7 313 28 2 4609 1152 0        
K 0 0 48        
A D 4 16        
J B 24 427 1 82 6913 576 0        
J N 6 448 56 2 1 0 1 10        
K 0 0 43        
A D 2 16        
J N 6 486 56 2 1153 288 1 10        
K 0 0 43        
A D 2 16        
J N 6 524 56 2 2305 288 1 10        
K 0 0 43        
A D 2 16        
J N 6 562 56 2 3457 288 1 10        
K 0 0 43        
A D 2 16        
H 10 B 46 0 108 4 2 1 1 3        
J N 6 600 63 2 4609 288 1 11        
K 0 0 43        
A D 2 16        
J N 5 640 56 2 5761 288 1 11        
K 0 0 43        
A D 1 16        
J N 5 667 63 2 6337 144 1 11        
K 0 0 43        
A D 1 16        
H 11 B 53 0 108 3 2 21 33        
J B 25 700 1 82 6913 144 0        
J N 8 721 70 7 1 0 0        
K 1 0 45        
K 0 0 42        
K -1 0 45        
K 2 0 45        
K 0 0 59        
K 0 -21 59        
A D 8 16        
J R 7 921 28 2 4609 1152 0        
K 0 0 48        
A D 4 16        
J B 26 1035 1 82 6913 576 0        
J N 8 1056 7 4 1 0 0        
K 0 0 42        
K 0 0 60        
K 0 21 60        
A D 8 16        
J R 7 1256 28 2 4609 1152 0        
K 0 0 48        
A D 4 16        
J B 27 1370 1 82 6913 576 0        
J N 8 1391 56 4 1 0 0        
K 0 0 42        
K 0 0 59        
K 0 -21 59        
A D 8 16        
J R 7 1591 28 2 4609 1152 0        
K 0 0 48        
A D 4 16        
J B 28 1706 1 82 6913 576 0        
J N 8 1727 -14 7 1 0 0        
K 0 0 45        
K 0 0 42        
K -1 0 45        
K 2 0 45        
K 0 0 60        
K 0 21 60        
A D 8 16        
J R 7 1933 28 2 4609 1152 0        
K 0 0 48        
A D 4 16        
J B 29 2050 1 82 6913 576 0        
E *        
L 850 0 0 313 313 * 0 14 0        
J C 13 5 28 35 6913 0 0        
J K -1 57 0 1 6913 0 0        
K 0 35 65        
J D 0 -11 -14 1 6913 0 0        
W 0 0 0 \02\03        
J N 8 113 -21 7 1 0 0        
K 0 7 45        
K 0 0 42        
K 0 7 45        
K 1 7 45        
K 0 0 60        
K 0 21 60        
A D 8 16        
J R 7 313 28 2 4609 1152 0        
K 0 0 48        
A D 4 16        
J B 24 427 1 82 6913 576 0        
J N 6 448 28 2 1 0 1 13        
K 0 0 43        
A D 2 16        
J N 6 486 49 2 1153 288 1 13        
K 0 0 43        
A D 2 16        
J N 6 524 28 2 2305 288 1 13        
K 0 0 43        
A D 2 16        
J N 6 562 28 2 3457 288 1 13        
K 0 0 43        
A D 2 16        
H 13 B 42 0 108 4 2 1 1 3        
J N 6 600 28 2 4609 288 1 14        
K 0 0 43        
A D 2 16        
J N 6 640 35 3 5761 288 1 14        
K -14 0 64        
K 0 0 43        
A D 2 16        
H 14 B 47 3 108 2 2 3        
J B 25 700 1 82 6913 288 0        
J N 8 721 28 4 1 0 0        
K 0 0 42        
K 0 0 60        
K 0 21 60        
A D 8 16        
J R 7 921 28 2 4609 1152 0        
K 0 0 48        
A D 4 16        
J B 26 1035 1 82 6913 576 0        
J N 8 1056 28 4 1 0 0        
K 0 0 42        
K 0 0 60        
K 0 21 60        
A D 8 16        
J R 7 1256 28 2 4609 1152 0        
K 0 0 48        
A D 4 16        
J B 27 1370 1 82 6913 576 0        
J N 8 1391 28 4 1 0 0        
K 0 0 42        
K 0 0 60        
K 0 21 60        
A D 8 16        
J R 7 1591 28 2 4609 1152 0        
K 0 0 48        
A D 4 16        
J B 28 1706 1 82 6913 576 0        
J N 8 1727 28 4 1 0 0        
K 0 0 42        
K 0 0 60        
K 0 21 60        
A D 8 16        
J R 7 1933 28 2 4609 1152 0        
K 0 0 48        
A D 4 16        
J B 29 2050 1 82 6913 576 0        
E *        
L 1010 0 0 313 313 * 0 14 0        
J C 22 5 14 36 6913 0 0        
J K -1 57 0 1 6913 0 0        
K 0 42 65        
J D 0 -11 -14 1 6913 0 0        
W 0 0 0 \02\03        
J N 8 113 35 4 1 0 0        
K 0 0 42        
K 0 0 59        
K 0 -21 59        
A D 8 16        
J R 7 313 28 2 4609 1152 0        
K 0 0 48        
A D 4 16        
J B 24 427 1 82 6913 576 0        
J N 6 448 -14 5 1 0 1 11        
K 0 0 45        
K 0 0 43        
K -1 0 45        
K 2 0 45        
A D 2 16        
J N 6 486 35 2 1153 288 1 11        
K 0 0 43        
A D 2 16        
J N 6 524 21 2 2305 288 1 11        
K 0 0 43        
A D 2 16        
J N 6 562 14 2 3457 288 1 11        
K 0 0 43        
A D 2 16        
H 11 B -91 0 108 4 2 1 1 3        
J F 0 600 98 1 4609 288 0        
K 0 0 203        
J N 6 600 7 2 4609 0 1 12        
K 0 0 43        
A D 2 16        
J F 0 640 98 1 5761 288 0        
K 0 0 218        
J N 6 640 56 2 5761 0 1 12        
K 0 0 43        
A D 2 16        
H 12 B 35 4 108 2 2 3        
J B 25 700 1 82 6913 288 0        
J N 8 721 35 4 1 0 0        
K 0 0 42        
K 0 0 59        
K 0 -21 59        
A D 8 16        
J R 7 921 28 2 4609 1152 0        
K 0 0 48        
A D 4 16        
J B 26 1035 1 82 6913 576 0        
J N 8 1056 -14 7 1 0 0        
K 0 0 45        
K 0 0 42        
K -1 0 45        
K 2 0 45        
K 0 0 60        
K 0 21 60        
A D 8 16        
J R 7 1256 28 2 4609 1152 0        
K 0 0 48        
A D 4 16        
J B 27 1370 1 82 6913 576 0        
J N 8 1391 35 4 1 0 0        
K 0 0 42        
K 0 0 59        
K 0 -21 59        
A D 8 16        
J R 7 1591 28 2 4609 1152 0        
K 0 0 48        
A D 4 16        
J B 28 1706 1 82 6913 576 0        
J N 8 1727 14 4 1 0 0        
K 0 0 42        
K 0 0 60        
K 0 21 60        
A D 8 16        
J R 7 1933 28 2 4609 1152 0        
K 0 0 48        
A D 4 16        
J B 29 2050 1 82 6913 576 0        
E *        
B 1 427 0        
B 1 700 0        
B 1 1035 0        
B 1 1370 0        
B 1 1706 0        
B 1 2050 0        
