S 0 200 140 2050 1066 7 "[...][....]"        
L 0 0 0 313 313 * 0 14 0        
J C 4 5 42 2 6913 0 0        
K 0 0 33        
K 0 0 34        
J K -1 57 0 1 6913 0 0        
K 0 28 65        
J D 0 -11 -14 1 6913 0 0        
W 0 0 37 \02\09        
J N 6 113 0 2 1 0 1 40        
K 0 0 43        
A D 2 16        
J N 6 155 21 2 1153 288 1 40        
K 0 0 43        
A D 2 16        
J N 6 197 0 2 2305 288 1 40        
K 0 0 43        
A D 2 16        
J N 6 238 0 2 3457 288 1 40        
K 0 0 43        
A D 2 16        
H 40 B -63 0 108 4 2 1 1 3        
J N 7 279 7 4 4609 288 0        
K 0 0 43        
K 0 0 60        
K 0 21 60        
A D 4 16        
J B 30 363 1 82 6913 576 0        
J N 7 384 14 5 1 0 0        
K 0 0 43        
K 24 -6 44        
K 0 0 60        
K 0 21 60        
A D 6 16        
J N 6 507 14 2 3457 864 1 41        
K 0 0 43        
A D 2 16        
J N 6 548 7 2 4609 288 1 41        
K 0 0 43        
A D 2 16        
J N 6 592 0 3 5761 288 1 41        
K -18 0 63        
K 0 0 43        
A D 2 16        
H 41 B -47 -2 108 3 2 1 3        
J B 31 654 1 82 6913 288 0        
J N 6 677 -7 2 1 0 1 42        
K 0 0 43        
A D 2 16        
J N 6 718 14 2 1153 288 1 42        
K 0 0 43        
A D 2 16        
J N 6 759 -7 2 2305 288 1 42        
K 0 0 43        
A D 2 16        
J N 6 800 -7 2 3457 288 1 42        
K 0 0 43        
A D 2 16        
H 42 B -67 0 108 4 2 1 1 3        
J N 7 841 0 4 4609 288 0        
K 0 0 43        
K 0 0 60        
K 0 21 60        
A D 4 16        
J B 32 926 1 82 6913 576 0        
J N 7 947 7 5 1 0 0        
K 0 0 43        
K 25 0 44        
K 0 0 60        
K 0 21 60        
A D 6 16        
J N 6 1070 7 2 3457 864 1 43        
K 0 0 43        
A D 2 16        
J N 6 1111 0 2 4609 288 1 43        
K 0 0 43        
A D 2 16        
J N 6 1152 -7 2 5761 288 1 43        
K 0 0 43        
A D 2 16        
H 43 B -42 -2 108 3 2 1 3        
J B 33 1214 1 82 6913 288 0        
J N 6 1241 -14 5 1 0 1 44        
K 0 0 45        
K 0 0 43        
K -1 0 45        
K 2 0 45        
A D 2 16        
J N 6 1282 7 2 1153 288 1 44        
K 0 0 43        
A D 2 16        
J N 6 1323 -14 5 2305 288 1 44        
K 0 0 45        
K 0 0 43        
K -1 0 45        
K 2 0 45        
A D 2 16        
J N 6 1364 -14 5 3457 288 1 44        
K 0 0 45        
K 0 0 43        
K -1 0 45        
K 2 0 45        
A D 2 16        
H 44 B -70 0 108 4 2 1 1 3        
J N 7 1406 -7 4 4609 288 0        
K 0 0 43        
K 0 0 60        
K 0 21 60        
A D 4 16        
J B 34 1493 1 82 6913 576 0        
J N 7 1514 0 5 1 0 0        
K 0 0 43        
K 24 -6 44        
K 0 0 60        
K 0 21 60        
A D 6 16        
J N 6 1637 0 2 3457 864 1 45        
K 0 0 43        
A D 2 16        
J N 6 1678 -7 2 4609 288 1 45        
K 0 0 43        
A D 2 16        
J N 6 1719 -14 5 5761 288 1 45        
K 0 0 45        
K 0 0 43        
K -1 0 45        
K 2 0 45        
A D 2 16        
H 45 B -47 -2 108 3 2 1 3        
J B 35 1781 1 82 6913 288 0        
J N 6 1802 -21 5 1 0 1 46        
K 0 7 45        
K 0 0 43        
K 0 7 45        
K 1 7 45        
A D 2 16        
J N 6 1843 0 2 1153 288 1 46        
K 0 0 43        
A D 2 16        
J N 6 1884 -21 5 2305 288 2 47 46        
K 0 7 45        
K 0 0 43        
K 0 7 45        
K 1 7 45        
A D 2 16        
J N 6 1925 -14 5 3457 288 2 46 47        
K 0 0 45        
K 0 0 43        
K -1 0 45        
K 2 0 45        
A D 2 16        
H 46 B -67 0 108 4 2 1 1 3        
H 47 S 0 0 0 0 0 0 0 0 0        
J N 6 1966 -7 2 4609 288 2 48 49        
K 0 0 43        
A D 2 16        
J N 6 2007 0 2 5761 288 2 49 48        
K 0 0 43        
A D 2 16        
H 49 B -50 3 108 2 2 3        
H 48 S 0 0 0 0 0 0 0 0 0        
J B 36 2050 1 82 6913 288 0        
E *        
L 160 0 0 313 313 * 0 14 0        
J C 4 5 42 2 6913 0 0        
K 0 0 33        
K 0 0 34        
J K -1 57 0 1 6913 0 0        
K 0 28 65        
J D 0 -11 -14 1 6913 0 0        
W 0 0 0 \02\09        
J N 7 113 -14 8 1 0 0        
K 0 0 45        
K 0 0 43        
K -1 0 45        
K 2 0 45        
K 24 -6 44        
K 0 0 60        
K 0 21 60        
A D 6 16        
J N 6 238 35 2 3457 864 1 38        
K 0 0 43        
A D 2 16        
J N 6 279 28 2 4609 288 1 38        
K 0 0 43        
A D 2 16        
J N 6 320 21 2 5761 288 1 38        
K 0 0 43        
A D 2 16        
H 38 B -42 -3 108 3 2 1 3        
J B 30 363 1 82 6913 288 0        
J N 6 384 49 2 1 0 1 39        
K 0 0 43        
A D 2 16        
J N 6 425 14 2 1153 288 1 39        
K 0 0 43        
A D 2 16        
J N 6 466 14 2 2305 288 1 39        
K 0 0 43        
A D 2 16        
J N 6 507 14 2 3457 288 1 39        
K 0 0 43        
A D 2 16        
H 39 B -42 -5 108 4 2 1 1 3        
J N 6 548 21 2 4609 288 1 40        
K 0 0 43        
A D 2 16        
J N 5 592 14 2 5761 288 1 40        
K 0 0 43        
A D 1 16        
J N 5 621 21 2 6337 144 1 40        
K 0 0 43        
A D 1 16        
H 40 B -50 0 108 3 2 21 33        
J B 31 654 1 82 6913 144 0        
J N 7 677 28 6 1 0 0        
K -14 0 64        
K 0 0 43        
K 24 -6 44        
K 0 0 60        
K 0 21 60        
A D 6 16        
J N 6 800 28 2 3457 864 1 41        
K 0 0 43        
A D 2 16        
J N 6 841 21 2 4609 288 1 41        
K 0 0 43        
A D 2 16        
J N 6 883 14 2 5761 288 1 41        
K 0 0 43        
A D 2 16        
H 41 B -47 -2 108 3 2 1 3        
J B 32 926 1 82 6913 288 0        
J N 6 947 42 2 1 0 1 42        
K 0 0 43        
A D 2 16        
J N 6 988 7 2 1153 288 1 42        
K 0 0 43        
A D 2 16        
J N 6 1029 7 2 2305 288 1 42        
K 0 0 43        
A D 2 16        
J N 6 1070 7 2 3457 288 1 42        
K 0 0 43        
A D 2 16        
H 42 B -42 -5 108 4 2 1 1 3        
J N 6 1111 14 2 4609 288 1 43        
K 0 0 43        
A D 2 16        
J N 5 1152 7 2 5761 288 1 43        
K 0 0 43        
A D 1 16        
J N 5 1181 14 2 6337 144 1 43        
K 0 0 43        
A D 1 16        
H 43 B -46 0 108 3 2 21 33        
J B 33 1214 1 82 6913 144 0        
J N 7 1241 21 6 1 0 0        
K -18 0 63        
K 0 0 43        
K 25 0 44        
K 0 0 60        
K 0 21 60        
A D 6 16        
J N 6 1364 21 2 3457 864 1 44        
K 0 0 43        
A D 2 16        
J N 6 1406 14 2 4609 288 1 44        
K 0 0 43        
A D 2 16        
J N 6 1450 7 2 5761 288 1 44        
K 0 0 43        
A D 2 16        
H 44 B -42 -2 108 3 2 1 3        
J B 34 1493 1 82 6913 288 0        
J N 6 1514 35 2 1 0 1 45        
K 0 0 43        
A D 2 16        
J N 6 1555 0 2 1153 288 1 45        
K 0 0 43        
A D 2 16        
J N 6 1596 0 2 2305 288 1 45        
K 0 0 43        
A D 2 16        
J N 6 1637 0 2 3457 288 1 45        
K 0 0 43        
A D 2 16        
H 45 B -40 -4 108 4 2 1 1 3        
J N 6 1678 7 2 4609 288 1 46        
K 0 0 43        
A D 2 16        
J N 5 1719 0 2 5761 288 1 46        
K 0 0 43        
A D 1 16        
J N 5 1748 7 2 6337 144 1 46        
K 0 0 43        
A D 1 16        
H 46 B -50 0 108 3 2 21 33        
J B 35 1781 1 82 6913 144 0        
J N 7 1802 14 5 1 0 0        
K 0 0 43        
K 24 -6 44        
K 0 0 60        
K 0 21 60        
A D 6 16        
J N 6 1925 21 2 3457 864 1 47        
K 0 0 43        
A D 2 16        
J N 6 1966 28 2 4609 288 1 47        
K 0 0 43        
A D 2 16        
J N 6 2007 35 2 5761 288 1 47        
K 0 0 43        
A D 2 16        
H 47 B -48 3 108 3 2 1 3        
J B 36 2050 1 82 6913 288 0        
E *        
L 320 0 0 313 313 * 0 14 0        
J C 22 5 14 36 6913 0 0        
J K -1 57 0 1 6913 0 0        
K 0 42 65        
J D 0 -11 -14 1 6913 0 0        
W 0 0 0 \02\09        
J N 8 113 63 4 1 0 0        
K 0 0 42        
K 0 0 59        
K 0 -21 59        
A D 8 16        
J R 7 279 28 2 4609 1152 0        
K 0 0 48        
A D 4 16        
J B 30 363 1 82 6913 576 0        
J N 6 384 -7 2 1 0 1 15        
K 0 0 43        
A D 2 16        
J N 6 425 14 2 1153 288 1 15        
K 0 0 43        
A D 2 16        
J N 6 466 -7 2 2305 288 1 15        
K 0 0 43        
A D 2 16        
J N 6 507 -7 2 3457 288 1 15        
K 0 0 43        
A D 2 16        
H 15 B -67 0 108 4 2 1 1 3        
J F 0 548 98 1 4609 288 0        
K 0 0 216        
J N 7 548 0 4 4609 0 0        
K 0 0 43        
K 0 0 60        
K 0 21 60        
A D 4 16        
J B 31 654 1 82 6913 576 0        
J F 0 677 98 1 1 0 0        
K 0 0 218        
J N 7 677 7 5 1 0 0        
K 0 0 43        
K 25 0 44        
K 0 0 60        
K 0 21 60        
A D 6 16        
J N 6 800 7 2 3457 864 1 16        
K 0 0 43        
A D 2 16        
J N 6 841 0 2 4609 288 1 16        
K 0 0 43        
A D 2 16        
J N 6 883 -7 3 5761 288 1 16        
K -14 0 64        
K 0 0 43        
A D 2 16        
H 16 B -42 -2 108 3 2 1 3        
J B 32 926 1 82 6913 288 0        
J N 6 947 -14 5 1 0 1 17        
K 0 0 45        
K 0 0 43        
K -1 0 45        
K 2 0 45        
A D 2 16        
J N 6 988 7 2 1153 288 1 17        
K 0 0 43        
A D 2 16        
J N 6 1029 -14 5 2305 288 1 17        
K 0 0 45        
K 0 0 43        
K -1 0 45        
K 2 0 45        
A D 2 16        
J N 6 1070 -14 5 3457 288 1 17        
K 0 0 45        
K 0 0 43        
K -1 0 45        
K 2 0 45        
A D 2 16        
H 17 B -70 0 108 4 2 1 1 3        
J F 0 1111 98 1 4609 288 0        
K 0 0 205        
J N 7 1111 -7 4 4609 0 0        
K 0 0 43        
K 0 0 60        
K 0 21 60        
A D 4 16        
J B 33 1214 1 82 6913 576 0        
J F 0 1241 98 1 1 0 0        
K 0 0 213        
J N 7 1241 0 5 1 0 0        
K 0 0 43        
K 24 -6 44        
K 0 0 60        
K 0 21 60        
A D 6 16        
J N 6 1364 0 2 3457 864 1 18        
K 0 0 43        
A D 2 16        
J N 6 1406 -7 3 4609 288 1 18        
K -14 0 64        
K 0 0 43        
A D 2 16        
J N 6 1450 -14 6 5761 288 1 18        
K 0 0 45        
K -18 0 63        
K 0 0 43        
K -1 0 45        
K 2 0 45        
A D 2 16        
H 18 B -47 -2 108 3 2 1 3        
J B 34 1493 1 82 6913 288 0        
J N 6 1514 -21 5 1 0 1 19        
K 0 7 45        
K 0 0 43        
K 0 7 45        
K 1 7 45        
A D 2 16        
J N 6 1555 0 2 1153 288 1 19        
K 0 0 43        
A D 2 16        
J N 6 1596 -21 5 2305 288 1 19        
K 0 7 45        
K 0 0 43        
K 0 7 45        
K 1 7 45        
A D 2 16        
J N 6 1637 -21 5 3457 288 1 19        
K 0 7 45        
K 0 0 43        
K 0 7 45        
K 1 7 45        
A D 2 16        
H 19 B -67 0 108 4 2 1 1 3        
J F 0 1678 98 1 4609 288 0        
K 0 0 205        
J N 7 1678 -14 7 4609 0 0        
K 0 0 45        
K 0 0 43        
K -1 0 45        
K 2 0 45        
K 0 0 60        
K 0 21 60        
A D 4 16        
J B 35 1781 1 82 6913 576 0        
J N 7 1802 -7 5 1 0 0        
K 0 0 43        
K 25 0 44        
K 0 0 60        
K 0 21 60        
A D 6 16        
J N 6 1925 14 2 3457 864 1 20        
K 0 0 43        
A D 2 16        
J F 0 1966 101 1 4609 288 0        
K 0 0 205        
J N 6 1966 -7 2 4609 0 1 20        
K 0 0 43        
A D 2 16        
J N 6 2007 42 2 5761 288 1 20        
K 0 0 43        
A D 2 16        
H 20 B -54 6 108 3 2 1 3        
J B 36 2050 1 82 6913 288 0        
E *        
L 530 0 0 313 313 * 0 14 0        
J C 4 5 42 2 6913 0 0        
K 0 0 33        
K 0 0 34        
J K -1 57 0 1 6913 0 0        
K 0 28 65        
J D 0 -11 -14 1 6913 0 0        
W 0 0 0 \02\09        
J N 6 113 0 2 1 0 1 12        
K 0 0 43        
A D 2 16        
J N 6 155 21 2 1153 288 1 12        
K 0 0 43        
A D 2 16        
J N 6 197 0 2 2305 288 1 12        
K 0 0 43        
A D 2 16        
J N 6 238 0 2 3457 288 1 12        
K 0 0 43        
A D 2 16        
H 12 B -63 0 108 4 2 1 1 3        
J N 7 279 7 4 4609 288 0        
K 0 0 43        
K 0 0 60        
K 0 21 60        
A D 4 16        
J B 30 363 1 82 6913 576 0        
J N 7 384 14 5 1 0 0        
K 0 0 43        
K 24 -6 44        
K 0 0 60        
K 0 21 60        
A D 6 16        
J N 6 507 14 2 3457 864 1 13        
K 0 0 43        
A D 2 16        
J N 6 548 7 2 4609 288 1 13        
K 0 0 43        
A D 2 16        
J N 6 592 0 3 5761 288 1 13        
K -18 0 63        
K 0 0 43        
A D 2 16        
H 13 B -47 -2 108 3 2 1 3        
J B 31 654 1 82 6913 288 0        
J N 6 677 -7 2 1 0 1 14        
K 0 0 43        
A D 2 16        
J N 6 718 14 2 1153 288 1 14        
K 0 0 43        
A D 2 16        
J N 6 759 -7 2 2305 288 1 14        
K 0 0 43        
A D 2 16        
J N 6 800 -7 2 3457 288 1 14        
K 0 0 43        
A D 2 16        
H 14 B -67 0 108 4 2 1 1 3        
J N 7 841 0 4 4609 288 0        
K 0 0 43        
K 0 0 60        
K 0 21 60        
A D 4 16        
J B 32 926 1 82 6913 576 0        
J N 7 947 7 5 1 0 0        
K 0 0 43        
K 25 0 44        
K 0 0 60        
K 0 21 60        
A D 6 16        
J N 6 1070 7 2 3457 864 1 15        
K 0 0 43        
A D 2 16        
J N 6 1111 0 2 4609 288 1 15        
K 0 0 43        
A D 2 16        
J N 6 1152 -7 2 5761 288 1 15        
K 0 0 43        
A D 2 16        
H 15 B -42 -2 108 3 2 1 3        
J B 33 1214 1 82 6913 288 0        
J N 6 1241 -14 5 1 0 1 16        
K 0 0 45        
K 0 0 43        
K -1 0 45        
K 2 0 45        
A D 2 16        
J N 6 1282 7 2 1153 288 1 16        
K 0 0 43        
A D 2 16        
J N 6 1323 -14 5 2305 288 1 16        
K 0 0 45        
K 0 0 43        
K -1 0 45        
K 2 0 45        
A D 2 16        
J N 6 1364 -14 5 3457 288 1 16        
K 0 0 45        
K 0 0 43        
K -1 0 45        
K 2 0 45        
A D 2 16        
H 16 B -70 0 108 4 2 1 1 3        
J N 7 1406 -7 4 4609 288 0        
K 0 0 43        
K 0 0 60        
K 0 21 60        
A D 4 16        
J B 34 1493 1 82 6913 576 0        
J N 7 1514 0 5 1 0 0        
K 0 0 43        
K 24 -6 44        
K 0 0 60        
K 0 21 60        
A D 6 16        
J N 6 1637 0 2 3457 864 1 17        
K 0 0 43        
A D 2 16        
J N 6 1678 -7 2 4609 288 1 17        
K 0 0 43        
A D 2 16        
J N 6 1719 -14 5 5761 288 1 17        
K 0 0 45        
K 0 0 43        
K -1 0 45        
K 2 0 45        
A D 2 16        
H 17 B -47 -2 108 3 2 1 3        
J B 35 1781 1 82 6913 288 0        
J N 6 1802 -21 5 1 0 1 18        
K 0 7 45        
K 0 0 43        
K 0 7 45        
K 1 7 45        
A D 2 16        
J N 6 1843 0 2 1153 288 1 18        
K 0 0 43        
A D 2 16        
J N 6 1884 -21 5 2305 288 2 19 18        
K 0 7 45        
K 0 0 43        
K 0 7 45        
K 1 7 45        
A D 2 16        
J N 6 1925 -14 5 3457 288 2 18 19        
K 0 0 45        
K 0 0 43        
K -1 0 45        
K 2 0 45        
A D 2 16        
H 19 S 0 0 0 0 0 0 0 0 0        
J N 6 1966 -7 2 4609 288 2 20 18        
K 0 0 43        
A D 2 16        
J N 6 2007 0 2 5761 288 2 18 20        
K 0 0 43        
A D 2 16        
H 18 B -67 2 108 6 2 1 1 1 1 3        
H 20 S 0 0 0 0 0 0 0 0 0        
J B 36 2050 1 82 6913 288 0        
E *        
L 690 0 0 313 313 * 0 14 0        
J C 4 5 42 2 6913 0 0        
K 0 0 33        
K 0 0 34        
J K -1 57 0 1 6913 0 0        
K 0 28 65        
J D 0 -11 -14 1 6913 0 0        
W 0 0 0 \02\09        
J N 7 113 35 5 1 0 0        
K 0 0 43        
K 25 0 44        
K 0 0 59        
K 0 -21 59        
A D 6 16        
J N 6 238 35 2 3457 864 1 12        
K 0 0 43        
A D 2 16        
J N 6 279 28 2 4609 288 1 12        
K 0 0 43        
A D 2 16        
J N 6 320 21 2 5761 288 1 12        
K 0 0 43        
A D 2 16        
H 12 B -42 -3 108 3 2 1 3        
J B 30 363 1 82 6913 288 0        
J N 6 384 49 2 1 0 1 13        
K 0 0 43        
A D 2 16        
J N 6 425 14 2 1153 288 1 13        
K 0 0 43        
A D 2 16        
J N 6 466 14 2 2305 288 1 13        
K 0 0 43        
A D 2 16        
J N 6 507 14 2 3457 288 1 13        
K 0 0 43        
A D 2 16        
H 13 B -42 -5 108 4 2 1 1 3        
J N 6 548 21 2 4609 288 1 14        
K 0 0 43        
A D 2 16        
J N 5 592 14 2 5761 288 1 14        
K 0 0 43        
A D 1 16        
J N 5 621 21 2 6337 144 1 14        
K 0 0 43        
A D 1 16        
H 14 B -50 0 108 3 2 21 33        
J B 31 654 1 82 6913 144 0        
J N 7 677 28 6 1 0 0        
K -14 0 64        
K 0 0 43        
K 24 -6 44        
K 0 0 60        
K 0 21 60        
A D 6 16        
J N 6 800 28 2 3457 864 1 15        
K 0 0 43        
A D 2 16        
J N 6 841 21 2 4609 288 1 15        
K 0 0 43        
A D 2 16        
J N 6 883 14 2 5761 288 1 15        
K 0 0 43        
A D 2 16        
H 15 B -47 -2 108 3 2 1 3        
J B 32 926 1 82 6913 288 0        
J N 6 947 42 2 1 0 1 16        
K 0 0 43        
A D 2 16        
J N 6 988 7 2 1153 288 1 16        
K 0 0 43        
A D 2 16        
J N 6 1029 7 2 2305 288 1 16        
K 0 0 43        
A D 2 16        
J N 6 1070 7 2 3457 288 1 16        
K 0 0 43        
A D 2 16        
H 16 B -42 -5 108 4 2 1 1 3        
J N 6 1111 14 2 4609 288 1 17        
K 0 0 43        
A D 2 16        
J N 5 1152 7 2 5761 288 1 17        
K 0 0 43        
A D 1 16        
J N 5 1181 14 2 6337 144 1 17        
K 0 0 43        
A D 1 16        
H 17 B -46 0 108 3 2 21 33        
J B 33 1214 1 82 6913 144 0        
J N 7 1241 21 6 1 0 0        
K -18 0 63        
K 0 0 43        
K 25 0 44        
K 0 0 60        
K 0 21 60        
A D 6 16        
J N 6 1364 21 2 3457 864 1 18        
K 0 0 43        
A D 2 16        
J N 6 1406 14 2 4609 288 1 18        
K 0 0 43        
A D 2 16        
J N 6 1450 7 2 5761 288 1 18        
K 0 0 43        
A D 2 16        
H 18 B -42 -2 108 3 2 1 3        
J B 34 1493 1 82 6913 288 0        
J N 6 1514 35 2 1 0 1 19        
K 0 0 43        
A D 2 16        
J N 6 1555 0 2 1153 288 1 19        
K 0 0 43        
A D 2 16        
J N 6 1596 0 2 2305 288 1 19        
K 0 0 43        
A D 2 16        
J N 6 1637 0 2 3457 288 1 19        
K 0 0 43        
A D 2 16        
H 19 B -40 -4 108 4 2 1 1 3        
J N 6 1678 7 2 4609 288 1 20        
K 0 0 43        
A D 2 16        
J N 5 1719 0 2 5761 288 1 20        
K 0 0 43        
A D 1 16        
J N 5 1748 7 2 6337 144 1 20        
K 0 0 43        
A D 1 16        
H 20 B -50 0 108 3 2 21 33        
J B 35 1781 1 82 6913 144 0        
J N 7 1802 14 5 1 0 0        
K 0 0 43        
K 24 -6 44        
K 0 0 60        
K 0 21 60        
A D 6 16        
J N 6 1925 21 2 3457 864 1 21        
K 0 0 43        
A D 2 16        
J N 6 1966 28 2 4609 288 1 21        
K 0 0 43        
A D 2 16        
J N 6 2007 35 2 5761 288 1 21        
K 0 0 43        
A D 2 16        
H 21 B -48 3 108 3 2 1 3        
J B 36 2050 1 82 6913 288 0        
E *        
L 850 0 0 313 313 * 0 14 0        
J C 13 5 28 35 6913 0 0        
J K -1 57 0 1 6913 0 0        
K 0 35 65        
J D 0 -11 -14 1 6913 0 0        
W 0 0 0 \02\09        
J N 7 113 -21 7 1 0 0        
K 0 7 45        
K 0 0 43        
K 0 7 45        
K 1 7 45        
K 0 0 60        
K 0 21 60        
A D 4 16        
J N 7 197 -7 4 2305 576 0        
K 0 0 43        
K 0 0 60        
K 0 21 60        
A D 4 16        
J N 7 279 7 4 4609 576 0        
K 0 0 43        
K 0 0 60        
K 0 21 60        
A D 4 16        
J B 30 363 1 82 6913 576 0        
J N 7 384 -14 7 1 0 0        
K 0 0 45        
K 0 0 43        
K -1 0 45        
K 2 0 45        
K 0 0 60        
K 0 21 60        
A D 4 16        
J N 7 466 35 4 2305 576 0        
K 0 0 43        
K 0 0 59        
K 0 -21 59        
A D 4 16        
J R 7 548 28 2 4609 576 0        
K 0 0 48        
A D 4 16        
J B 31 654 1 82 6913 576 0        
J N 7 677 -28 8 1 0 0        
K 0 14 45        
K 0 0 45        
K 0 0 43        
K -1 0 45        
K 2 0 45        
K 0 0 60        
K 0 28 60        
A D 4 16        
J N 7 759 -14 8 2305 576 0        
K 0 0 45        
K -14 0 64        
K 0 0 43        
K -1 0 45        
K 2 0 45        
K 0 0 60        
K 0 21 60        
A D 4 16        
J N 7 841 0 4 4609 576 0        
K 0 0 43        
K 0 0 60        
K 0 21 60        
A D 4 16        
J B 32 926 1 82 6913 576 0        
J N 7 947 -21 7 1 0 0        
K 0 7 45        
K 0 0 43        
K 0 7 45        
K 1 7 45        
K 0 0 60        
K 0 21 60        
A D 4 16        
J N 7 1029 28 4 2305 576 0        
K 0 0 43        
K 0 0 60        
K 0 21 60        
A D 4 16        
J R 7 1111 28 2 4609 576 0        
K 0 0 48        
A D 4 16        
J B 33 1214 1 82 6913 576 0        
J N 7 1241 14 4 1 0 0        
K 0 0 43        
K 0 0 60        
K 0 21 60        
A D 4 16        
J N 7 1323 28 5 2305 576 0        
K -18 0 63        
K 0 0 43        
K 0 0 60        
K 0 21 60        
A D 4 16        
J N 7 1406 42 4 4609 576 0        
K 0 0 43        
K 0 0 59        
K 0 -21 59        
A D 4 16        
J B 34 1493 1 82 6913 576 0        
J N 7 1514 21 4 1 0 0        
K 0 0 43        
K 0 0 60        
K 0 21 60        
A D 4 16        
J N 7 1596 70 7 2305 576 0        
K 1 0 45        
K 0 0 43        
K -1 0 45        
K 2 0 45        
K 0 0 59        
K 0 -21 59        
A D 4 16        
J R 7 1678 28 2 4609 576 0        
K 0 0 48        
A D 4 16        
J B 35 1781 1 82 6913 576 0        
J N 7 1802 7 5 1 0 0        
K 0 0 43        
K 25 0 44        
K 0 0 60        
K 0 21 60        
A D 6 16        
J N 6 1925 7 3 3457 864 0        
K 0 0 43        
K 0 0 54        
A D 2 16        
J N 7 1966 0 4 4609 288 0        
K 0 0 43        
K 0 0 60        
K 0 21 60        
A D 4 16        
J B 36 2050 1 82 6913 576 0        
E *        
L 1010 0 0 313 313 * 0 14 0        
J C 22 5 14 36 6913 0 0        
J K -1 57 0 1 6913 0 0        
K 0 42 65        
J D 0 -11 -14 1 6913 0 0        
W 0 0 0 \02\09        
J N 8 113 63 4 1 0 0        
K 0 0 42        
K 0 0 59        
K 0 -21 59        
A D 8 16        
J R 7 279 28 2 4609 1152 0        
K 0 0 48        
A D 4 16        
J B 30 363 1 82 6913 576 0        
J N 6 384 -7 2 1 0 1 13        
K 0 0 43        
A D 2 16        
J N 6 425 14 2 1153 288 1 13        
K 0 0 43        
A D 2 16        
J N 6 466 -7 2 2305 288 1 13        
K 0 0 43        
A D 2 16        
J N 6 507 -7 2 3457 288 1 13        
K 0 0 43        
A D 2 16        
H 13 B -67 0 108 4 2 1 1 3        
J F 0 548 98 1 4609 288 0        
K 0 0 216        
J N 7 548 0 4 4609 0 0        
K 0 0 43        
K 0 0 60        
K 0 21 60        
A D 4 16        
J B 31 654 1 82 6913 576 0        
J F 0 677 98 1 1 0 0        
K 0 0 218        
J N 7 677 7 5 1 0 0        
K 0 0 43        
K 25 0 44        
K 0 0 60        
K 0 21 60        
A D 6 16        
J N 6 800 7 2 3457 864 1 14        
K 0 0 43        
A D 2 16        
J N 6 841 0 2 4609 288 1 14        
K 0 0 43        
A D 2 16        
J N 6 883 -7 3 5761 288 1 14        
K -14 0 64        
K 0 0 43        
A D 2 16        
H 14 B -42 -2 108 3 2 1 3        
J B 32 926 1 82 6913 288 0        
J N 6 947 -14 5 1 0 1 15        
K 0 0 45        
K 0 0 43        
K -1 0 45        
K 2 0 45        
A D 2 16        
J N 6 988 7 2 1153 288 1 15        
K 0 0 43        
A D 2 16        
J N 6 1029 -14 5 2305 288 1 15        
K 0 0 45        
K 0 0 43        
K -1 0 45        
K 2 0 45        
A D 2 16        
J N 6 1070 -14 5 3457 288 1 15        
K 0 0 45        
K 0 0 43        
K -1 0 45        
K 2 0 45        
A D 2 16        
H 15 B -70 0 108 4 2 1 1 3        
J F 0 1111 98 1 4609 288 0        
K 0 0 205        
J N 7 1111 -7 4 4609 0 0        
K 0 0 43        
K 0 0 60        
K 0 21 60        
A D 4 16        
J B 33 1214 1 82 6913 576 0        
J F 0 1241 98 1 1 0 0        
K 0 0 213        
J N 7 1241 0 5 1 0 0        
K 0 0 43        
K 24 -6 44        
K 0 0 60        
K 0 21 60        
A D 6 16        
J N 6 1364 0 2 3457 864 1 16        
K 0 0 43        
A D 2 16        
J N 6 1406 -7 3 4609 288 1 16        
K -14 0 64        
K 0 0 43        
A D 2 16        
J N 6 1450 -14 6 5761 288 1 16        
K 0 0 45        
K -18 0 63        
K 0 0 43        
K -1 0 45        
K 2 0 45        
A D 2 16        
H 16 B -47 -2 108 3 2 1 3        
J B 34 1493 1 82 6913 288 0        
J N 6 1514 -21 5 1 0 1 17        
K 0 7 45        
K 0 0 43        
K 0 7 45        
K 1 7 45        
A D 2 16        
J N 6 1555 0 2 1153 288 1 17        
K 0 0 43        
A D 2 16        
J N 6 1596 -21 5 2305 288 1 17        
K 0 7 45        
K 0 0 43        
K 0 7 45        
K 1 7 45        
A D 2 16        
J N 6 1637 -21 5 3457 288 1 17        
K 0 7 45        
K 0 0 43        
K 0 7 45        
K 1 7 45        
A D 2 16        
H 17 B -67 0 108 4 2 1 1 3        
J F 0 1678 98 1 4609 288 0        
K 0 0 205        
J N 7 1678 -14 7 4609 0 0        
K 0 0 45        
K 0 0 43        
K -1 0 45        
K 2 0 45        
K 0 0 60        
K 0 21 60        
A D 4 16        
J B 35 1781 1 82 6913 576 0        
J N 7 1802 -7 5 1 0 0        
K 0 0 43        
K 25 0 44        
K 0 0 60        
K 0 21 60        
A D 6 16        
J N 6 1925 14 2 3457 864 1 18        
K 0 0 43        
A D 2 16        
J F 0 1966 101 1 4609 288 0        
K 0 0 205        
J N 6 1966 -7 2 4609 0 1 18        
K 0 0 43        
A D 2 16        
J N 6 2007 42 2 5761 288 1 18        
K 0 0 43        
A D 2 16        
H 18 B -54 6 108 3 2 1 3        
J B 36 2050 1 82 6913 288 0        
E *        
B 1 363 0        
B 1 654 0        
B 1 926 0        
B 1 1214 0        
B 1 1493 0        
B 1 1781 0        
B 1 2050 0        
S 0 200 1510 2050 1066 7 "[...][....]"        
L 0 0 0 313 313 * 0 14 0        
J C 4 5 42 2 6913 0 0        
K 0 0 33        
K 0 0 34        
J K -1 57 0 1 6913 0 0        
K 0 28 65        
J D 0 -11 -14 1 6913 0 0        
W 0 0 37 \03\06        
J N 6 113 7 2 1 0 1 50        
K 0 0 43        
A D 2 16        
J N 6 153 -7 2 1153 288 1 50        
K 0 0 43        
A D 2 16        
J N 6 193 7 2 2305 288 1 50        
K 0 0 43        
A D 2 16        
J N 6 233 21 2 3457 288 1 50        
K 0 0 43        
A D 2 16        
H 50 B -52 1 108 4 2 1 1 3        
J N 7 273 0 4 4609 288 1 51        
K 0 0 43        
K 0 0 60        
K 0 21 60        
A D 4 16        
J B 37 356 1 82 6913 576 0        
J N 6 377 0 2 1 0 2 52 51        
K 0 0 43        
A D 2 16        
H 51 T 0 0 0 0 0 0 5 0        
J N 6 417 14 2 1153 288 1 52        
K 0 0 43        
A D 2 16        
H 52 B -56 4 108 2 2 3        
J N 7 457 -7 5 2305 288 0        
K 0 0 43        
K 25 0 44        
K 0 0 60        
K 0 21 60        
A D 6 16        
J N 6 556 7 3 5761 864 0        
K 0 0 43        
K 0 0 54        
A D 2 16        
J B 38 599 1 82 6913 288 0        
J N 7 620 -14 8 1 0 0        
K 0 0 45        
K 0 0 43        
K -1 0 45        
K 2 0 45        
K 24 -6 44        
K 0 0 60        
K 0 21 60        
A D 6 16        
J N 6 723 0 2 3457 864 1 53        
K 0 0 43        
A D 2 16        
J N 6 763 -21 5 4609 288 1 53        
K 0 7 45        
K 0 0 43        
K 0 7 45        
K 1 7 45        
A D 2 16        
J N 6 803 -14 5 5761 288 1 53        
K 0 0 45        
K 0 0 43        
K -1 0 45        
K 2 0 45        
A D 2 16        
H 53 B -47 -2 108 3 2 1 3        
J B 39 846 1 82 6913 288 0        
J N 7 867 -7 4 1 0 0        
K 0 0 43        
K 0 0 60        
K 0 21 60        
A D 4 16        
J R 7 927 28 3 2305 576 0        
K 0 0 48        
K -2 -35 101        
A D 4 16        
J R 7 987 28 2 4609 576 0        
K 0 0 48        
A D 4 16        
J B 40 1047 1 82 6913 576 0        
J D 5 1068 -42 1 1 0 0        
W 0 0 37 Adagio        
J R 7 1068 28 2 1 0 0        
K 0 0 48        
A D 4 16        
J N 7 1128 35 5 2305 576 0        
K -15 0 65        
K 0 0 43        
K 0 0 59        
K 0 -21 59        
A D 4 16        
J N 7 1188 35 4 4609 576 0        
K 0 0 43        
K 0 0 59        
K 0 -21 59        
A D 4 16        
J B 41 1248 1 82 6913 576 0        
J N 7 1269 42 4 1 0 0        
K 0 0 43        
K 0 0 59        
K 0 -21 59        
A D 4 16        
J N 7 1329 42 4 2305 576 0        
K 0 0 43        
K 0 0 59        
K 0 -21 59        
A D 4 16        
J N 7 1389 56 5 4609 576 0        
K -14 0 64        
K 0 0 43        
K 0 0 59        
K 0 -21 59        
A D 4 16        
J B 42 1449 1 82 6913 576 0        
J N 7 1470 49 4 1 0 0        
K 0 0 43        
K 0 0 59        
K 0 -21 59        
A D 4 16        
J N 7 1530 0 4 2305 576 0        
K 0 0 43        
K 0 0 60        
K 0 21 60        
A D 4 16        
J N 7 1589 0 4 4609 576 0        
K 0 0 43        
K 0 0 60        
K 0 21 60        
A D 4 16        
J B 43 1648 1 82 6913 576 0        
J N 7 1672 0 4 1 0 0        
K 0 0 43        
K 0 0 60        
K 0 21 60        
A D 4 16        
J N 7 1731 7 5 2305 576 0        
K -15 0 65        
K 0 0 43        
K 0 0 60        
K 0 21 60        
A D 4 16        
J N 7 1790 21 4 4609 576 0        
K 0 0 43        
K 0 0 60        
K 0 21 60        
A D 4 16        
J B 44 1849 1 82 6913 576 0        
J N 8 1873 14 6 1 0 1 54        
K -15 0 65        
K 0 0 42        
K 24 -6 44        
K 0 0 60        
K 0 21 60        
A D 12 16        
J B 45 2050 1 82 6913 1728 0        
J M 0 2050 0 0 6913 0 1 54        
H  54 T 6 0 0 0 0 0 5 0    
E *        
L 160 0 0 313 313 * 0 14 0        
J C 4 5 42 2 6913 0 0        
K 0 0 33        
K 0 0 34        
J K -1 57 0 1 6913 0 0        
K 0 28 65        
J D 0 -11 -14 1 6913 0 0        
W 0 0 0 \03\06        
J N 7 113 42 5 1 0 0        
K 0 0 43        
K 24 -6 44        
K 0 0 59        
K 0 -21 59        
A D 6 16        
J N 6 233 7 2 3457 864 1 48        
K 0 0 43        
A D 2 16        
J N 6 273 21 2 4609 288 1 48        
K 0 0 43        
A D 2 16        
J N 6 313 35 2 5761 288 1 48        
K 0 0 43        
A D 2 16        
H 48 B -51 7 108 3 2 1 3        
J B 37 356 1 82 6913 288 0        
J N 7 377 14 5 1 0 0        
K 0 0 43        
K 24 -6 44        
K 0 0 60        
K 0 21 60        
A D 6 16        
J N 6 490 28 3 3457 864 0        
K 0 0 43        
K 0 0 54        
A D 2 16        
J N 7 530 7 5 4609 288 1 49        
K -14 0 64        
K 0 0 43        
K 0 0 60        
K 0 21 60        
A D 4 16        
J B 38 599 1 82 6913 576 0        
J N 6 620 7 2 1 0 2 50 49        
K 0 0 43        
A D 2 16        
H 49 T 7 0 0 0 0 0 1 0        
J N 6 660 21 2 1153 288 1 50        
K 0 0 43        
A D 2 16        
H 50 B -51 4 108 2 2 3        
J N 7 700 0 5 2305 288 0        
K 0 0 43        
K 24 -6 44        
K 0 0 60        
K 0 21 60        
A D 6 16        
J N 6 803 14 3 5761 864 0        
K 0 0 43        
K 0 0 54        
A D 2 16        
J B 39 846 1 82 6913 288 0        
J N 7 867 7 4 1 0 0        
K 0 0 43        
K 0 0 60        
K 0 21 60        
A D 4 16        
J R 7 927 28 3 2305 576 0        
K 0 0 48        
K -2 -35 101        
A D 4 16        
J R 7 987 28 2 4609 576 0        
K 0 0 48        
A D 4 16        
J B 40 1047 1 82 6913 576 0        
J D 5 1068 -42 1 1 0 0        
W 0 0 0 (37) Adagio        
J R 9 1133 28 2 1 10000 0        
K 0 0 46        
A D 12 16        
J B 41 1248 1 82 6913 1728 0        
J R 7 1269 28 2 1 0 0        
K 0 0 48        
A D 4 16        
J N 7 1329 21 4 2305 576 0        
K 0 0 43        
K 0 0 60        
K 0 21 60        
A D 4 16        
J N 7 1389 21 4 4609 576 0        
K 0 0 43        
K 0 0 60        
K 0 21 60        
A D 4 16        
J B 42 1449 1 82 6913 576 0        
J N 7 1470 21 4 1 0 0        
K 0 0 43        
K 0 0 60        
K 0 21 60        
A D 4 16        
J N 7 1530 28 4 2305 576 0        
K 0 0 43        
K 0 0 60        
K 0 21 60        
A D 4 16        
J N 7 1589 49 4 4609 576 0        
K 0 0 43        
K 0 0 59        
K 0 -21 59        
A D 4 16        
J B 43 1648 1 82 6913 576 0        
J N 7 1672 35 5 1 0 0        
K -15 0 65        
K 0 0 43        
K 0 0 59        
K 0 -21 59        
A D 4 16        
J N 8 1731 42 4 2305 576 0        
K 0 0 42        
K 0 0 59        
K 0 -21 59        
A D 8 16        
J B 44 1849 1 82 6913 1152 0        
J N 7 1873 49 4 1 0 0        
K 0 0 43        
K 0 0 59        
K 0 -21 59        
A D 4 16        
J N 7 1932 49 4 2305 576 0        
K 0 0 43        
K 0 0 59        
K 0 -21 59        
A D 4 16        
J N 7 1991 28 4 4609 576 0        
K 0 0 43        
K 0 0 60        
K 0 21 60        
A D 4 16        
J B 45 2050 1 82 6913 576 0        
E *        
L 320 0 0 313 313 * 0 14 0        
J C 22 5 14 36 6913 0 0        
J K -1 57 0 1 6913 0 0        
K 0 42 65        
J D 0 -11 -14 1 6913 0 0        
W 0 0 0 \03\06        
J N 7 113 35 5 1 0 0        
K 0 0 43        
K 25 0 44        
K 0 0 59        
K 0 -21 59        
A D 6 16        
J N 6 233 -14 5 3457 864 1 21        
K 0 0 45        
K 0 0 43        
K -1 0 45        
K 2 0 45        
A D 2 16        
J F 0 273 98 1 4609 288 0        
K 0 0 205        
J N 6 273 0 2 4609 0 1 21        
K 0 0 43        
A D 2 16        
J N 6 313 14 2 5761 288 1 21        
K 0 0 43        
A D 2 16        
H 21 B -58 7 108 3 2 1 3        
J B 37 356 1 82 6913 288 0        
J F 0 377 98 1 1 0 0        
K 0 0 204        
J N 7 377 -7 5 1 0 0        
K 0 0 43        
K 25 0 44        
K 0 0 60        
K 0 21 60        
A D 6 16        
J F 0 457 98 1 2305 576 0        
K 0 0 205        
J N 6 490 7 3 3457 288 0        
K 0 0 43        
K 0 0 54        
A D 2 16        
J F 0 530 98 1 4609 288 0        
K 0 0 204        
J N 7 530 -14 7 4609 0 1 22        
K 0 0 45        
K 0 0 43        
K -1 0 45        
K 2 0 45        
K 0 0 60        
K 0 21 60        
A D 4 16        
J B 38 599 1 82 6913 576 0        
J F 0 620 98 1 1 0 0        
K 0 0 205        
J N 6 620 -14 5 1 0 2 23 22        
K 0 0 45        
K 0 0 43        
K -1 0 45        
K 2 0 45        
A D 2 16        
H 22 T -14 0 0 0 0 0 5 0        
J N 6 660 0 2 1153 288 1 23        
K 0 0 43        
A D 2 16        
H 23 B -56 4 108 2 2 3        
J F 0 700 98 1 2305 288 0        
K 0 0 204        
J N 7 700 -21 8 2305 0 0        
K 0 7 45        
K 0 0 43        
K 0 7 45        
K 1 7 45        
K 25 0 44        
K 0 0 60        
K 0 21 60        
A D 6 16        
J F 0 763 98 1 4609 576 0        
K 0 0 205        
J N 6 803 -7 3 5761 288 0        
K 0 0 43        
K 0 0 54        
A D 2 16        
J B 39 846 1 82 6913 288 0        
J N 7 867 -14 7 1 0 0        
K 0 0 45        
K 0 0 43        
K -1 0 45        
K 2 0 45        
K 0 0 60        
K 0 21 60        
A D 4 16        
J R 7 927 28 3 2305 576 0        
K 0 0 48        
K -2 -35 101        
A D 4 16        
J R 7 987 28 2 4609 576 0        
K 0 0 48        
A D 4 16        
J B 40 1047 1 82 6913 576 0        
J D 5 1068 -42 1 1 0 0        
W 0 0 0 (37) Adagio        
J R 7 1068 28 2 1 0 0        
K 0 0 48        
A D 4 16        
J F 0 1128 98 1 2305 576 0        
K 0 0 219        
J N 7 1128 -35 9 2305 0 0        
K 0 21 45        
K 0 7 45        
K 0 0 43        
K 0 7 45        
K 1 7 45        
K 0 0 60        
K 0 28 60        
K 0 35 60        
A D 4 16        
J N 7 1188 -35 9 4609 576 0        
K 0 21 45        
K 0 7 45        
K 0 0 43        
K 0 7 45        
K 1 7 45        
K 0 0 60        
K 0 28 60        
K 0 35 60        
A D 4 16        
J B 41 1248 1 82 6913 576 0        
J F 0 1269 98 2 1 0 0        
K 0 0 203        
K 0 21 201        
J N 7 1269 -35 9 1 0 0        
K 0 21 45        
K 0 7 45        
K 0 0 43        
K 0 7 45        
K 1 7 45        
K 0 0 60        
K 0 28 60        
K 0 35 60        
A D 4 16        
J F 0 1329 98 1 2305 576 0        
K 0 0 205        
J N 7 1329 -28 9 2305 0 0        
K 0 14 45        
K 0 0 45        
K -15 0 65        
K 0 0 43        
K -1 0 45        
K 2 0 45        
K 0 0 60        
K 0 28 60        
A D 4 16        
J F 0 1389 98 1 4609 576 0        
K 0 0 218        
J N 7 1389 -14 7 4609 0 0        
K 0 0 45        
K 0 0 43        
K -1 0 45        
K 2 0 45        
K 0 0 60        
K 0 21 60        
A D 4 16        
J B 42 1449 1 82 6913 576 0        
J F 0 1470 98 1 1 0 0        
K 0 0 206        
J N 8 1470 -21 9 1 0 0        
K 0 7 45        
K -15 0 65        
K 0 0 42        
K 0 7 45        
K 1 7 45        
K 25 0 44        
K 0 0 60        
K 0 21 60        
A D 12 16        
J F 0 1530 98 1 2305 576 0        
K 0 0 205        
J B 43 1648 1 82 6913 1152 0        
J R 7 1672 28 2 1 0 0        
K 0 0 48        
A D 4 16        
J F 0 1731 98 1 2305 576 0        
K 0 0 219        
J N 7 1731 -14 7 2305 0 0        
K 0 0 45        
K 0 0 43        
K -1 0 45        
K 2 0 45        
K 0 0 60        
K 0 21 60        
A D 4 16        
J N 7 1790 -14 7 4609 576 0        
K 0 0 45        
K 0 0 43        
K -1 0 45        
K 2 0 45        
K 0 0 60        
K 0 21 60        
A D 4 16        
J B 44 1849 1 82 6913 576 0        
J F 0 1873 98 3 1 0 0        
K 0 0 203        
K 0 21 201        
K 15 21 219        
J N 7 1873 -14 7 1 0 0        
K 0 0 45        
K 0 0 43        
K -1 0 45        
K 2 0 45        
K 0 0 60        
K 0 21 60        
A D 4 16        
J F 0 1932 98 2 2305 576 0        
K 0 0 204        
K 0 21 202        
J N 7 1932 -7 4 2305 0 0        
K 0 0 43        
K 0 0 60        
K 0 21 60        
A D 4 16        
J F 0 1991 98 3 4609 576 0        
K 0 0 205        
K 15 0 219        
K 0 21 204        
J N 7 1991 7 4 4609 0 0        
K 0 0 43        
K 0 0 60        
K 0 21 60        
A D 4 16        
J B 45 2050 1 82 6913 576 0        
E *        
L 530 0 0 313 313 * 0 14 0        
J C 4 5 42 2 6913 0 0        
K 0 0 33        
K 0 0 34        
J K -1 57 0 1 6913 0 0        
K 0 28 65        
J D 0 -11 -14 1 6913 0 0        
W 0 0 0 \03\06        
J N 6 113 7 2 1 0 1 21        
K 0 0 43        
A D 2 16        
J N 6 153 -7 2 1153 288 1 21        
K 0 0 43        
A D 2 16        
J N 6 193 7 2 2305 288 1 21        
K 0 0 43        
A D 2 16        
J N 6 233 21 2 3457 288 1 21        
K 0 0 43        
A D 2 16        
H 21 B -52 1 108 4 2 1 1 3        
J N 7 273 0 4 4609 288 1 22        
K 0 0 43        
K 0 0 60        
K 0 21 60        
A D 4 16        
J B 37 356 1 82 6913 576 0        
J N 6 377 0 2 1 0 2 23 22        
K 0 0 43        
A D 2 16        
H 22 T 0 0 0 0 0 0 5 0        
J N 6 417 14 2 1153 288 1 23        
K 0 0 43        
A D 2 16        
H 23 B -56 4 108 2 2 3        
J N 7 457 -7 5 2305 288 0        
K 0 0 43        
K 25 0 44        
K 0 0 60        
K 0 21 60        
A D 6 16        
J N 6 556 7 3 5761 864 0        
K 0 0 43        
K 0 0 54        
A D 2 16        
J B 38 599 1 82 6913 288 0        
J N 7 620 -14 8 1 0 0        
K 0 0 45        
K 0 0 43        
K -1 0 45        
K 2 0 45        
K 24 -6 44        
K 0 0 60        
K 0 21 60        
A D 6 16        
J N 6 723 0 2 3457 864 1 24        
K 0 0 43        
A D 2 16        
J N 6 763 -21 5 4609 288 1 24        
K 0 7 45        
K 0 0 43        
K 0 7 45        
K 1 7 45        
A D 2 16        
J N 6 803 -14 5 5761 288 1 24        
K 0 0 45        
K 0 0 43        
K -1 0 45        
K 2 0 45        
A D 2 16        
H 24 B -47 -2 108 3 2 1 3        
J B 39 846 1 82 6913 288 0        
J N 7 867 -7 4 1 0 0        
K 0 0 43        
K 0 0 60        
K 0 21 60        
A D 4 16        
J R 7 927 28 3 2305 576 0        
K 0 0 48        
K -2 -35 101        
A D 4 16        
J R 7 987 28 2 4609 576 0        
K 0 0 48        
A D 4 16        
J B 40 1047 1 82 6913 576 0        
J D 5 1068 -42 1 1 0 0        
W 0 0 0 (37) Adagio        
J R 7 1068 28 2 1 0 0        
K 0 0 48        
A D 4 16        
J N 7 1128 35 5 2305 576 0        
K -15 0 65        
K 0 0 43        
K 0 0 59        
K 0 -21 59        
A D 4 16        
J N 7 1188 35 4 4609 576 0        
K 0 0 43        
K 0 0 59        
K 0 -21 59        
A D 4 16        
J B 41 1248 1 82 6913 576 0        
J N 7 1269 42 4 1 0 0        
K 0 0 43        
K 0 0 59        
K 0 -21 59        
A D 4 16        
J N 7 1329 42 4 2305 576 0        
K 0 0 43        
K 0 0 59        
K 0 -21 59        
A D 4 16        
J N 7 1389 56 5 4609 576 0        
K -14 0 64        
K 0 0 43        
K 0 0 59        
K 0 -21 59        
A D 4 16        
J B 42 1449 1 82 6913 576 0        
J N 7 1470 49 4 1 0 0        
K 0 0 43        
K 0 0 59        
K 0 -21 59        
A D 4 16        
J N 7 1530 0 4 2305 576 0        
K 0 0 43        
K 0 0 60        
K 0 21 60        
A D 4 16        
J N 7 1589 0 4 4609 576 0        
K 0 0 43        
K 0 0 60        
K 0 21 60        
A D 4 16        
J B 43 1648 1 82 6913 576 0        
J N 7 1672 0 4 1 0 0        
K 0 0 43        
K 0 0 60        
K 0 21 60        
A D 4 16        
J N 7 1731 7 5 2305 576 0        
K -15 0 65        
K 0 0 43        
K 0 0 60        
K 0 21 60        
A D 4 16        
J N 7 1790 21 4 4609 576 0        
K 0 0 43        
K 0 0 60        
K 0 21 60        
A D 4 16        
J B 44 1849 1 82 6913 576 0        
J N 8 1873 14 6 1 0 1 25        
K -15 0 65        
K 0 0 42        
K 24 -6 44        
K 0 0 60        
K 0 21 60        
A D 12 16        
J B 45 2050 1 82 6913 1728 0        
J M 0 2050 0 0 6913 0 1 25        
H  25 T 6 0 0 0 0 0 5 0
E *        
L 690 0 0 313 313 * 0 14 0        
J C 4 5 42 2 6913 0 0        
K 0 0 33        
K 0 0 34        
J K -1 57 0 1 6913 0 0        
K 0 28 65        
J D 0 -11 -14 1 6913 0 0        
W 0 0 0 \03\06        
J N 7 113 42 5 1 0 0        
K 0 0 43        
K 24 -6 44        
K 0 0 59        
K 0 -21 59        
A D 6 16        
J N 6 233 7 2 3457 864 1 22        
K 0 0 43        
A D 2 16        
J N 6 273 21 2 4609 288 1 22        
K 0 0 43        
A D 2 16        
J N 6 313 35 2 5761 288 1 22        
K 0 0 43        
A D 2 16        
H 22 B -51 7 108 3 2 1 3        
J B 37 356 1 82 6913 288 0        
J N 7 377 14 5 1 0 0        
K 0 0 43        
K 24 -6 44        
K 0 0 60        
K 0 21 60        
A D 6 16        
J N 6 490 28 3 3457 864 0        
K 0 0 43        
K 0 0 54        
A D 2 16        
J N 7 530 7 5 4609 288 1 23        
K -14 0 64        
K 0 0 43        
K 0 0 60        
K 0 21 60        
A D 4 16        
J B 38 599 1 82 6913 576 0        
J N 6 620 7 2 1 0 2 24 23        
K 0 0 43        
A D 2 16        
H 23 T 7 0 0 0 0 0 1 0        
J N 6 660 14 2 1153 288 1 24        
K 0 0 43        
A D 2 16        
H 24 B -50 3 108 2 2 3        
J N 7 700 0 5 2305 288 0        
K 0 0 43        
K 24 -6 44        
K 0 0 60        
K 0 21 60        
A D 6 16        
J N 6 803 14 3 5761 864 0        
K 0 0 43        
K 0 0 54        
A D 2 16        
J B 39 846 1 82 6913 288 0        
J N 7 867 7 4 1 0 0        
K 0 0 43        
K 0 0 60        
K 0 21 60        
A D 4 16        
J R 7 927 28 3 2305 576 0        
K 0 0 48        
K -2 -35 101        
A D 4 16        
J R 7 987 28 2 4609 576 0        
K 0 0 48        
A D 4 16        
J B 40 1047 1 82 6913 576 0        
J D 5 1068 -42 1 1 0 0        
W 0 0 0 (37) Adagio        
J R 9 1133 28 2 1 10000 0        
K 0 0 46        
A D 12 16        
J B 41 1248 1 82 6913 1728 0        
J R 7 1269 28 2 1 0 0        
K 0 0 48        
A D 4 16        
J N 7 1329 21 4 2305 576 0        
K 0 0 43        
K 0 0 60        
K 0 21 60        
A D 4 16        
J N 7 1389 21 4 4609 576 0        
K 0 0 43        
K 0 0 60        
K 0 21 60        
A D 4 16        
J B 42 1449 1 82 6913 576 0        
J N 7 1470 21 4 1 0 0        
K 0 0 43        
K 0 0 60        
K 0 21 60        
A D 4 16        
J N 7 1530 28 4 2305 576 0        
K 0 0 43        
K 0 0 60        
K 0 21 60        
A D 4 16        
J N 7 1589 49 4 4609 576 0        
K 0 0 43        
K 0 0 59        
K 0 -21 59        
A D 4 16        
J B 43 1648 1 82 6913 576 0        
J N 7 1672 35 5 1 0 0        
K -15 0 65        
K 0 0 43        
K 0 0 59        
K 0 -21 59        
A D 4 16        
J N 8 1731 42 4 2305 576 0        
K 0 0 42        
K 0 0 59        
K 0 -21 59        
A D 8 16        
J B 44 1849 1 82 6913 1152 0        
J N 7 1873 49 4 1 0 0        
K 0 0 43        
K 0 0 59        
K 0 -21 59        
A D 4 16        
J N 7 1932 49 4 2305 576 0        
K 0 0 43        
K 0 0 59        
K 0 -21 59        
A D 4 16        
J N 7 1991 28 4 4609 576 0        
K 0 0 43        
K 0 0 60        
K 0 21 60        
A D 4 16        
J B 45 2050 1 82 6913 576 0        
E *        
L 850 0 0 313 313 * 0 14 0        
J C 13 5 28 35 6913 0 0        
J K -1 57 0 1 6913 0 0        
K 0 35 65        
J D 0 -11 -14 1 6913 0 0        
W 0 0 0 \03\06        
J N 7 113 28 4 1 0 0        
K 0 0 43        
K 0 0 60        
K 0 21 60        
A D 4 16        
J R 7 193 28 2 2305 576 0        
K 0 0 48        
A D 4 16        
J N 7 273 -7 4 4609 576 0        
K 0 0 43        
K 0 0 60        
K 0 21 60        
A D 4 16        
J B 37 356 1 82 6913 576 0        
J N 7 377 7 4 1 0 0        
K 0 0 43        
K 0 0 60        
K 0 21 60        
A D 4 16        
J N 7 457 -14 7 2305 576 0        
K 0 0 45        
K 0 0 43        
K -1 0 45        
K 2 0 45        
K 0 0 60        
K 0 21 60        
A D 4 16        
J N 7 530 0 4 4609 576 0        
K 0 0 43        
K 0 0 60        
K 0 21 60        
A D 4 16        
J B 38 599 1 82 6913 576 0        
J N 7 620 -21 7 1 0 0        
K 0 7 45        
K 0 0 43        
K 0 7 45        
K 1 7 45        
K 0 0 60        
K 0 21 60        
A D 4 16        
J N 7 700 -7 4 2305 576 0        
K 0 0 43        
K 0 0 60        
K 0 21 60        
A D 4 16        
J N 7 763 -28 8 4609 576 0        
K 0 14 45        
K 0 0 45        
K 0 0 43        
K -1 0 45        
K 2 0 45        
K 0 0 60        
K 0 28 60        
A D 4 16        
J B 39 846 1 82 6913 576 0        
J N 7 867 0 4 1 0 0        
K 0 0 43        
K 0 0 60        
K 0 21 60        
A D 4 16        
J R 7 927 28 3 2305 576 0        
K 0 0 48        
K -2 -35 101        
A D 4 16        
J R 7 987 28 2 4609 576 0        
K 0 0 48        
A D 4 16        
J B 40 1047 1 82 6913 576 0        
J D 5 1068 -42 1 1 0 0        
W 0 0 0 (37) Adagio        
J R 9 1133 28 2 1 10000 0        
K 0 0 46        
A D 12 16        
J B 41 1248 1 82 6913 1728 0        
J R 9 1334 28 2 1 10000 0        
K 0 0 46        
A D 12 16        
J B 42 1449 1 82 6913 1728 0        
J R 7 1470 28 2 1 0 0        
K 0 0 48        
A D 4 16        
J N 7 1530 7 4 2305 576 0        
K 0 0 43        
K 0 0 60        
K 0 21 60        
A D 4 16        
J N 7 1589 7 4 4609 576 0        
K 0 0 43        
K 0 0 60        
K 0 21 60        
A D 4 16        
J B 43 1648 1 82 6913 576 0        
J N 7 1672 -21 7 1 0 0        
K 0 7 45        
K 0 0 43        
K 0 7 45        
K 1 7 45        
K 0 0 60        
K 0 21 60        
A D 4 16        
J N 7 1731 28 4 2305 576 0        
K 0 0 43        
K 0 0 60        
K 0 21 60        
A D 4 16        
J N 7 1790 28 4 4609 576 0        
K 0 0 43        
K 0 0 60        
K 0 21 60        
A D 4 16        
J B 44 1849 1 82 6913 576 0        
J N 7 1873 7 4 1 0 0        
K 0 0 43        
K 0 0 60        
K 0 21 60        
A D 4 16        
J N 7 1932 21 5 2305 576 0        
K -15 0 65        
K 0 0 43        
K 0 0 60        
K 0 21 60        
A D 4 16        
J N 7 1991 14 5 4609 576 0        
K -15 0 65        
K 0 0 43        
K 0 0 60        
K 0 21 60        
A D 4 16        
J B 45 2050 1 82 6913 576 0        
E *        
L 1010 0 0 313 313 * 0 14 0        
J C 22 5 14 36 6913 0 0        
J K -1 57 0 1 6913 0 0        
K 0 42 65        
J D 0 -11 -14 1 6913 0 0        
W 0 0 0 \03\06        
J N 7 113 35 5 1 0 0        
K 0 0 43        
K 25 0 44        
K 0 0 59        
K 0 -21 59        
A D 6 16        
J N 6 233 -14 5 3457 864 1 19        
K 0 0 45        
K 0 0 43        
K -1 0 45        
K 2 0 45        
A D 2 16        
J F 0 273 98 1 4609 288 0        
K 0 0 205        
J N 6 273 0 2 4609 0 1 19        
K 0 0 43        
A D 2 16        
J N 6 313 14 2 5761 288 1 19        
K 0 0 43        
A D 2 16        
H 19 B -58 7 108 3 2 1 3        
J B 37 356 1 82 6913 288 0        
J F 0 377 98 1 1 0 0        
K 0 0 204        
J N 7 377 -7 5 1 0 0        
K 0 0 43        
K 25 0 44        
K 0 0 60        
K 0 21 60        
A D 6 16        
J F 0 457 98 1 2305 576 0        
K 0 0 205        
J N 6 490 7 3 3457 288 0        
K 0 0 43        
K 0 0 54        
A D 2 16        
J F 0 530 98 1 4609 288 0        
K 0 0 204        
J N 7 530 -14 7 4609 0 1 20        
K 0 0 45        
K 0 0 43        
K -1 0 45        
K 2 0 45        
K 0 0 60        
K 0 21 60        
A D 4 16        
J B 38 599 1 82 6913 576 0        
J F 0 620 98 1 1 0 0        
K 0 0 205        
J N 6 620 -14 5 1 0 2 21 20        
K 0 0 45        
K 0 0 43        
K -1 0 45        
K 2 0 45        
A D 2 16        
H 20 T -14 0 0 0 0 0 5 0        
J N 6 660 0 2 1153 288 1 21        
K 0 0 43        
A D 2 16        
H 21 B -56 4 108 2 2 3        
J F 0 700 98 1 2305 288 0        
K 0 0 204        
J N 7 700 -21 8 2305 0 0        
K 0 7 45        
K 0 0 43        
K 0 7 45        
K 1 7 45        
K 25 0 44        
K 0 0 60        
K 0 21 60        
A D 6 16        
J F 0 763 98 1 4609 576 0        
K 0 0 205        
J N 6 803 -7 3 5761 288 0        
K 0 0 43        
K 0 0 54        
A D 2 16        
J B 39 846 1 82 6913 288 0        
J N 7 867 -14 7 1 0 0        
K 0 0 45        
K 0 0 43        
K -1 0 45        
K 2 0 45        
K 0 0 60        
K 0 21 60        
A D 4 16        
J R 7 927 28 3 2305 576 0        
K 0 0 48        
K -2 -35 101        
A D 4 16        
J R 7 987 28 2 4609 576 0        
K 0 0 48        
A D 4 16        
J B 40 1047 1 82 6913 576 0        
J D 5 1068 -42 1 1 0 0        
W 0 0 0 (37) Adagio        
J R 7 1068 28 2 1 0 0        
K 0 0 48        
A D 4 16        
J F 0 1128 98 1 2305 576 0        
K 0 0 219        
J N 7 1128 -35 9 2305 0 0        
K 0 21 45        
K 0 7 45        
K 0 0 43        
K 0 7 45        
K 1 7 45        
K 0 0 60        
K 0 28 60        
K 0 35 60        
A D 4 16        
J N 7 1188 -35 9 4609 576 0        
K 0 21 45        
K 0 7 45        
K 0 0 43        
K 0 7 45        
K 1 7 45        
K 0 0 60        
K 0 28 60        
K 0 35 60        
A D 4 16        
J B 41 1248 1 82 6913 576 0        
J F 0 1269 98 2 1 0 0        
K 0 0 203        
K 0 21 201        
J N 7 1269 -35 9 1 0 0        
K 0 21 45        
K 0 7 45        
K 0 0 43        
K 0 7 45        
K 1 7 45        
K 0 0 60        
K 0 28 60        
K 0 35 60        
A D 4 16        
J F 0 1329 98 1 2305 576 0        
K 0 0 205        
J N 7 1329 -28 9 2305 0 0        
K 0 14 45        
K 0 0 45        
K -15 0 65        
K 0 0 43        
K -1 0 45        
K 2 0 45        
K 0 0 60        
K 0 28 60        
A D 4 16        
J F 0 1389 98 1 4609 576 0        
K 0 0 218        
J N 7 1389 -14 7 4609 0 0        
K 0 0 45        
K 0 0 43        
K -1 0 45        
K 2 0 45        
K 0 0 60        
K 0 21 60        
A D 4 16        
J B 42 1449 1 82 6913 576 0        
J F 0 1470 98 1 1 0 0        
K 0 0 206        
J N 8 1470 -21 9 1 0 0        
K 0 7 45        
K -15 0 65        
K 0 0 42        
K 0 7 45        
K 1 7 45        
K 25 0 44        
K 0 0 60        
K 0 21 60        
A D 12 16        
J F 0 1530 98 1 2305 576 0        
K 0 0 205        
J B 43 1648 1 82 6913 1152 0        
J R 7 1672 28 2 1 0 0        
K 0 0 48        
A D 4 16        
J F 0 1731 98 1 2305 576 0        
K 0 0 219        
J N 7 1731 -14 7 2305 0 0        
K 0 0 45        
K 0 0 43        
K -1 0 45        
K 2 0 45        
K 0 0 60        
K 0 21 60        
A D 4 16        
J N 7 1790 -14 7 4609 576 0        
K 0 0 45        
K 0 0 43        
K -1 0 45        
K 2 0 45        
K 0 0 60        
K 0 21 60        
A D 4 16        
J B 44 1849 1 82 6913 576 0        
J F 0 1873 98 3 1 0 0        
K 0 0 203        
K 0 21 201        
K 15 21 219        
J N 7 1873 -14 7 1 0 0        
K 0 0 45        
K 0 0 43        
K -1 0 45        
K 2 0 45        
K 0 0 60        
K 0 21 60        
A D 4 16        
J F 0 1932 98 2 2305 576 0        
K 0 0 204        
K 0 21 202        
J N 7 1932 -7 4 2305 0 0        
K 0 0 43        
K 0 0 60        
K 0 21 60        
A D 4 16        
J F 0 1991 98 3 4609 576 0        
K 0 0 205        
K 15 0 219        
K 0 21 204        
J N 7 1991 7 4 4609 0 0        
K 0 0 43        
K 0 0 60        
K 0 21 60        
A D 4 16        
J B 45 2050 1 82 6913 576 0        
E *        
B 1 356 0        
B 1 599 0        
B 1 846 0        
B 1 1047 0        
B 1 1248 0        
B 1 1449 0        
B 1 1648 0        
B 1 1849 0        
B 1 2050 0        
