S 0 200 140 2050 1066 7 "[...][....]"        
L 0 0 0 313 313 * 0 14 0        
J C 4 5 42 2 6913 0 0        
K 0 0 33        
K 0 0 34        
J K -1 57 0 1 6913 0 0        
K 0 28 65        
J D 0 -11 -14 1 6913 0 0        
W 0 0 37 \04\05        
J N 7 116 14 5 1 0 1 54        
K -15 0 65        
K 0 0 43        
K 0 0 60        
K 0 21 60        
A D 4 16        
J M 0 64 0 0 6913 0 1 54        
H  54 T 3 0 0 0 0 0 5 0    
J N 7 173 21 4 2305 576 0        
K 0 0 43        
K 0 0 60        
K 0 21 60        
A D 4 16        
J N 7 230 21 4 4609 576 0        
K 0 0 43        
K 0 0 60        
K 0 21 60        
A D 4 16        
J B 46 290 1 82 6913 576 0        
J N 7 314 21 4 1 0 0        
K 0 0 43        
K 0 0 60        
K 0 21 60        
A D 4 16        
J N 7 371 28 4 2305 576 0        
K 0 0 43        
K 0 0 60        
K 0 21 60        
A D 4 16        
J N 7 428 28 4 4609 576 0        
K 0 0 43        
K 0 0 60        
K 0 21 60        
A D 4 16        
J B 47 488 1 82 6913 576 0        
J N 7 512 35 5 1 0 0        
K -15 0 65        
K 0 0 43        
K 0 0 59        
K 0 -21 59        
A D 4 16        
J N 7 569 -28 8 2305 576 0        
K 0 14 45        
K 0 0 45        
K 0 0 43        
K -1 0 45        
K 2 0 45        
K 0 0 60        
K 0 28 60        
A D 4 16        
J N 7 626 -28 8 4609 576 0        
K 0 14 45        
K 0 0 45        
K 0 0 43        
K -1 0 45        
K 2 0 45        
K 0 0 60        
K 0 28 60        
A D 4 16        
J B 48 686 1 82 6913 576 0        
J N 7 709 -28 8 1 0 0        
K 0 14 45        
K 0 0 45        
K 0 0 43        
K -1 0 45        
K 2 0 45        
K 0 0 60        
K 0 28 60        
A D 4 16        
J N 7 766 -21 7 2305 576 0        
K 0 7 45        
K 0 0 43        
K 0 7 45        
K 1 7 45        
K 0 0 60        
K 0 21 60        
A D 4 16        
J N 7 823 -21 7 4609 576 0        
K 0 7 45        
K 0 0 43        
K 0 7 45        
K 1 7 45        
K 0 0 60        
K 0 21 60        
A D 4 16        
J B 49 883 1 82 6913 576 0        
J N 8 906 -21 7 1 0 0        
K 0 7 45        
K 0 0 42        
K 0 7 45        
K 1 7 45        
K 0 0 60        
K 0 21 60        
A D 8 16        
J N 8 993 -14 8 2305 1152 0        
K 0 0 45        
K -15 0 65        
K 0 0 42        
K -1 0 45        
K 2 0 45        
K 0 0 60        
K 0 21 60        
A D 8 16        
J N 8 1080 -7 4 4609 1152 0        
K 0 0 42        
K 0 0 60        
K 0 21 60        
A D 8 16        
J B 51 1199 1 82 6913 1152 0        
J N 8 1220 0 4 1 0 0        
K 0 0 42        
K 0 0 60        
K 0 21 60        
A D 8 16        
J N 8 1307 21 4 2305 1152 0        
K 0 0 42        
K 0 0 60        
K 0 21 60        
A D 8 16        
J N 8 1394 28 4 4609 1152 0        
K 0 0 42        
K 0 0 60        
K 0 21 60        
A D 8 16        
J B 53 1481 1 82 6913 1152 0        
J N 8 1502 21 5 1 0 0        
K 0 0 42        
K 0 -31 101        
K 0 0 60        
K 0 21 60        
A D 8 16        
J R 7 1589 28 2 4609 1152 0        
K 0 0 48        
A D 4 16        
J B 0 1656 5 2 6913 576 0        
K -8 0 82        
K 0 0 82        
J D 5 1677 -42 1 1 0 0        
W 0 0 37 Vivace        
J N 6 1677 56 3 1 0 0        
K 0 0 43        
K 0 0 53        
A D 2 16        
J B 54 1725 1 82 6913 288 0        
J N 8 1746 56 5 1 0 0        
K 0 0 42        
K 24 -6 44        
K 0 0 59        
K 0 -21 59        
A D 12 16        
J B 55 1860 1 82 6913 1728 0        
J D 0 1881 0 1 1 0 0        
W 0 -14 33 !31|Soli        
J N 7 1881 7 4 1 0 0        
K 0 0 43        
K 0 0 60        
K 0 21 60        
A D 4 16        
J N 7 1936 7 4 2305 576 0        
K 0 0 43        
K 0 0 60        
K 0 21 60        
A D 4 16        
J N 7 1991 7 4 4609 576 0        
K 0 0 43        
K 0 0 60        
K 0 21 60        
A D 4 16        
J B 56 2050 1 82 6913 576 0        
E *        
L 160 0 0 313 313 * 0 14 0        
J C 4 5 42 2 6913 0 0        
K 0 0 33        
K 0 0 34        
J K -1 57 0 1 6913 0 0        
K 0 28 65        
J D 0 -11 -14 1 6913 0 0        
W 0 0 0 \04\05        
J N 7 116 56 5 1 0 0        
K -15 0 65        
K 0 0 43        
K 0 0 59        
K 0 -21 59        
A D 4 16        
J N 7 173 7 5 2305 576 0        
K -15 0 65        
K 0 0 43        
K 0 0 60        
K 0 21 60        
A D 4 16        
J N 7 230 7 4 4609 576 0        
K 0 0 43        
K 0 0 60        
K 0 21 60        
A D 4 16        
J B 46 290 1 82 6913 576 0        
J N 7 314 14 5 1 0 0        
K -15 0 65        
K 0 0 43        
K 0 0 60        
K 0 21 60        
A D 4 16        
J N 7 371 -7 4 2305 576 0        
K 0 0 43        
K 0 0 60        
K 0 21 60        
A D 4 16        
J N 7 428 -7 4 4609 576 0        
K 0 0 43        
K 0 0 60        
K 0 21 60        
A D 4 16        
J B 47 488 1 82 6913 576 0        
J N 7 512 -7 4 1 0 0        
K 0 0 43        
K 0 0 60        
K 0 21 60        
A D 4 16        
J N 7 569 0 4 2305 576 0        
K 0 0 43        
K 0 0 60        
K 0 21 60        
A D 4 16        
J N 7 626 7 5 4609 576 0        
K -15 0 65        
K 0 0 43        
K 0 0 60        
K 0 21 60        
A D 4 16        
J B 48 686 1 82 6913 576 0        
J N 7 709 14 5 1 0 0        
K -14 0 64        
K 0 0 43        
K 0 0 60        
K 0 21 60        
A D 4 16        
J N 7 766 -7 4 2305 576 0        
K 0 0 43        
K 0 0 60        
K 0 21 60        
A D 4 16        
J N 7 823 0 4 4609 576 0        
K 0 0 43        
K 0 0 60        
K 0 21 60        
A D 4 16        
J B 49 883 1 82 6913 576 0        
J N 8 906 7 5 1 0 0        
K -14 0 64        
K 0 0 42        
K 0 0 60        
K 0 21 60        
A D 8 16        
J N 8 993 0 4 2305 1152 0        
K 0 0 42        
K 0 0 60        
K 0 21 60        
A D 8 16        
J N 7 1080 0 5 4609 1152 0        
K 0 0 43        
K 24 -6 44        
K 0 0 60        
K 0 21 60        
A D 6 16        
J N 6 1155 7 3 6337 864 0        
K 0 0 43        
K 0 0 54        
A D 2 16        
J B 51 1199 1 82 6913 288 0        
J N 8 1220 0 4 1 0 0        
K 0 0 42        
K 0 0 60        
K 0 21 60        
A D 8 16        
J N 8 1307 42 4 2305 1152 0        
K 0 0 42        
K 0 0 59        
K 0 -21 59        
A D 8 16        
J N 8 1394 49 4 4609 1152 0        
K 0 0 42        
K 0 0 59        
K 0 -21 59        
A D 8 16        
J B 53 1481 1 82 6913 1152 0        
J N 8 1502 56 5 1 0 0        
K 0 0 42        
K 0 -66 101        
K 0 0 59        
K 0 -21 59        
A D 8 16        
J R 7 1589 28 2 4609 1152 0        
K 0 0 48        
A D 4 16        
J B 0 1656 5 2 6913 576 0        
K -8 0 82        
K 0 0 82        
J D 5 1677 -42 1 1 0 0        
W 0 0 0 (37) Vivace        
J N 6 1677 70 6 1 0 0        
K 1 0 45        
K 0 0 43        
K -1 0 45        
K 2 0 45        
K 0 0 53        
A D 2 16        
J B 54 1725 1 82 6913 288 0        
J N 8 1746 70 8 1 0 0        
K 1 0 45        
K 0 0 42        
K -1 0 45        
K 2 0 45        
K 24 -6 44        
K 0 0 59        
K 0 -21 59        
A D 12 16        
J B 55 1860 1 82 6913 1728 0        
J N 7 1881 21 4 1 0 0        
K 0 0 43        
K 0 0 60        
K 0 21 60        
A D 4 16        
J N 7 1936 21 4 2305 576 0        
K 0 0 43        
K 0 0 60        
K 0 21 60        
A D 4 16        
J N 7 1991 21 4 4609 576 0        
K 0 0 43        
K 0 0 60        
K 0 21 60        
A D 4 16        
J B 56 2050 1 82 6913 576 0        
E *        
L 320 0 0 313 313 * 0 14 0        
J C 22 5 14 36 6913 0 0        
J K -1 57 0 1 6913 0 0        
K 0 42 65        
J D 0 -11 -14 1 6913 0 0        
W 0 0 0 \04\05        
J F 0 116 98 2 1 0 0        
K 0 0 203        
K 15 0 219        
J N 7 116 0 5 1 0 0        
K -15 0 65        
K 0 0 43        
K 0 0 60        
K 0 21 60        
A D 4 16        
J F 0 173 98 3 2305 576 0        
K 0 0 205        
K 0 21 204        
K 15 21 219        
J N 8 173 0 5 2305 0 0        
K -14 0 64        
K 0 0 42        
K 0 0 60        
K 0 21 60        
A D 8 16        
J B 46 290 1 82 6913 1152 0        
J F 0 314 98 2 1 0 0        
K 0 0 208        
K 0 21 219        
J N 7 314 -7 4 1 0 0        
K 0 0 43        
K 0 0 60        
K 0 21 60        
A D 4 16        
J F 0 371 98 2 2305 576 0        
K 0 0 205        
K 0 21 204        
J N 8 371 21 5 2305 0 0        
K -14 0 64        
K 0 0 42        
K 0 0 60        
K 0 21 60        
A D 8 16        
J B 47 488 1 82 6913 1152 0        
J F 0 512 98 2 1 0 0        
K 0 0 208        
K 0 21 219        
J N 7 512 14 4 1 0 0        
K 0 0 43        
K 0 0 60        
K 0 21 60        
A D 4 16        
J F 0 569 98 3 2305 576 0        
K 0 0 205        
K 0 21 204        
K 15 21 219        
J N 8 569 49 5 2305 0 0        
K -14 0 64        
K 0 0 42        
K 0 0 59        
K 0 -21 59        
A D 8 16        
J B 48 686 1 82 6913 1152 0        
J F 0 709 98 2 1 0 0        
K 0 0 208        
K 0 21 204        
J N 8 709 42 4 1 0 0        
K 0 0 42        
K 0 0 59        
K 0 -21 59        
A D 8 16        
J F 0 766 98 2 2305 576 0        
K 0 0 207        
K 0 21 205        
J F 0 823 98 1 4609 576 0        
K 0 21 204        
J N 7 823 42 4 4609 0 0        
K 0 0 43        
K 0 0 59        
K 0 -21 59        
A D 4 16        
J B 49 883 1 82 6913 576 0        
J F 0 906 98 1 1 0 0        
K 0 0 206        
J N 8 906 35 4 1 0 0        
K 0 0 42        
K 0 0 59        
K 0 -21 59        
A D 8 16        
J F 0 993 98 3 2305 1152 0        
K 0 0 206        
K 15 0 219        
K 0 21 204        
J N 8 993 42 5 2305 0 0        
K -14 0 64        
K 0 0 42        
K 0 0 59        
K 0 -21 59        
A D 8 16        
J F 0 1080 98 1 4609 1152 0        
K 0 0 203        
J N 8 1080 35 4 4609 0 0        
K 0 0 42        
K 0 0 59        
K 0 -21 59        
A D 8 16        
J F 0 1123 98 1 5761 576 0        
K 0 0 202        
J B 51 1199 1 82 6913 576 0        
J F 0 1220 98 1 1 0 0        
K 0 0 205        
J N 8 1220 14 4 1 0 0        
K 0 0 42        
K 0 0 60        
K 0 21 60        
A D 8 16        
J F 0 1307 98 1 2305 1152 0        
K 0 0 205        
J N 8 1307 21 5 2305 0 0        
K -15 0 65        
K 0 0 42        
K 0 0 60        
K 0 21 60        
A D 8 16        
J F 0 1394 98 1 4609 1152 0        
K 0 0 205        
J N 8 1394 28 5 4609 0 0        
K -15 0 65        
K 0 0 42        
K 0 0 60        
K 0 21 60        
A D 8 16        
J B 53 1481 1 82 6913 1152 0        
J N 8 1502 35 5 1 0 0        
K 0 0 42        
K 0 -56 101        
K 0 0 59        
K 0 -21 59        
A D 8 16        
J R 7 1589 28 2 4609 1152 0        
K 0 0 48        
A D 4 16        
J B 0 1656 5 2 6913 576 0        
K -8 0 82        
K 0 0 82        
J D 5 1677 -42 1 1 0 0        
W 0 0 0 (37) Vivace        
J N 6 1677 35 3 1 0 0        
K 0 0 43        
K 0 0 53        
A D 2 16        
J B 54 1725 1 82 6913 288 0        
J N 8 1746 35 5 1 0 0        
K 0 0 42        
K 25 0 44        
K 0 0 59        
K 0 -21 59        
A D 12 16        
J B 55 1860 1 82 6913 1728 0        
J R 9 1941 28 2 1 10000 0        
K 0 0 46        
A D 12 16        
J B 56 2050 1 82 6913 1728 0        
E *        
L 530 0 0 313 313 * 0 14 0        
J C 4 5 42 2 6913 0 0        
K 0 0 33        
K 0 0 34        
J K -1 57 0 1 6913 0 0        
K 0 28 65        
J D 0 -11 -14 1 6913 0 0        
W 0 0 0 \04\05        
J N 7 116 14 5 1 0 1 25        
K -15 0 65        
K 0 0 43        
K 0 0 60        
K 0 21 60        
A D 4 16        
J M 0 64 0 0 6913 0 1 25        
H  25 T 3 0 0 0 0 0 5 0
J N 7 173 21 4 2305 576 0        
K 0 0 43        
K 0 0 60        
K 0 21 60        
A D 4 16        
J N 7 230 21 4 4609 576 0        
K 0 0 43        
K 0 0 60        
K 0 21 60        
A D 4 16        
J B 46 290 1 82 6913 576 0        
J N 7 314 21 4 1 0 0        
K 0 0 43        
K 0 0 60        
K 0 21 60        
A D 4 16        
J N 7 371 28 4 2305 576 0        
K 0 0 43        
K 0 0 60        
K 0 21 60        
A D 4 16        
J N 7 428 28 4 4609 576 0        
K 0 0 43        
K 0 0 60        
K 0 21 60        
A D 4 16        
J B 47 488 1 82 6913 576 0        
J N 7 512 35 5 1 0 0        
K -15 0 65        
K 0 0 43        
K 0 0 59        
K 0 -21 59        
A D 4 16        
J N 7 569 -28 8 2305 576 0        
K 0 14 45        
K 0 0 45        
K 0 0 43        
K -1 0 45        
K 2 0 45        
K 0 0 60        
K 0 28 60        
A D 4 16        
J N 7 626 -28 8 4609 576 0        
K 0 14 45        
K 0 0 45        
K 0 0 43        
K -1 0 45        
K 2 0 45        
K 0 0 60        
K 0 28 60        
A D 4 16        
J B 48 686 1 82 6913 576 0        
J N 7 709 -28 8 1 0 0        
K 0 14 45        
K 0 0 45        
K 0 0 43        
K -1 0 45        
K 2 0 45        
K 0 0 60        
K 0 28 60        
A D 4 16        
J N 7 766 -21 7 2305 576 0        
K 0 7 45        
K 0 0 43        
K 0 7 45        
K 1 7 45        
K 0 0 60        
K 0 21 60        
A D 4 16        
J N 7 823 -21 7 4609 576 0        
K 0 7 45        
K 0 0 43        
K 0 7 45        
K 1 7 45        
K 0 0 60        
K 0 21 60        
A D 4 16        
J B 49 883 1 82 6913 576 0        
J N 8 906 -21 7 1 0 0        
K 0 7 45        
K 0 0 42        
K 0 7 45        
K 1 7 45        
K 0 0 60        
K 0 21 60        
A D 8 16        
J N 8 993 -14 8 2305 1152 0        
K 0 0 45        
K -15 0 65        
K 0 0 42        
K -1 0 45        
K 2 0 45        
K 0 0 60        
K 0 21 60        
A D 8 16        
J N 8 1080 -7 4 4609 1152 0        
K 0 0 42        
K 0 0 60        
K 0 21 60        
A D 8 16        
J B 51 1199 1 82 6913 1152 0        
J N 8 1220 0 4 1 0 0        
K 0 0 42        
K 0 0 60        
K 0 21 60        
A D 8 16        
J N 8 1307 21 4 2305 1152 0        
K 0 0 42        
K 0 0 60        
K 0 21 60        
A D 8 16        
J N 8 1394 28 4 4609 1152 0        
K 0 0 42        
K 0 0 60        
K 0 21 60        
A D 8 16        
J B 53 1481 1 82 6913 1152 0        
J N 8 1502 21 5 1 0 0        
K 0 0 42        
K 0 -31 101        
K 0 0 60        
K 0 21 60        
A D 8 16        
J R 7 1589 28 2 4609 1152 0        
K 0 0 48        
A D 4 16        
J B 0 1656 5 2 6913 576 0        
K -8 0 82        
K 0 0 82        
J D 5 1677 -42 1 1 0 0        
W 0 0 0 (37) Vivace        
J N 6 1677 56 3 1 0 0        
K 0 0 43        
K 0 0 53        
A D 2 16        
J B 54 1725 1 82 6913 288 0        
J N 8 1746 56 5 1 0 0        
K 0 0 42        
K 24 -6 44        
K 0 0 59        
K 0 -21 59        
A D 12 16        
J B 55 1860 1 82 6913 1728 0        
J R 9 1941 28 2 1 10000 0        
K 0 0 46        
A D 12 16        
J B 56 2050 1 82 6913 1728 0        
E *        
L 690 0 0 313 313 * 0 14 0        
J C 4 5 42 2 6913 0 0        
K 0 0 33        
K 0 0 34        
J K -1 57 0 1 6913 0 0        
K 0 28 65        
J D 0 -11 -14 1 6913 0 0        
W 0 0 0 \04\05        
J N 7 116 56 5 1 0 0        
K -15 0 65        
K 0 0 43        
K 0 0 59        
K 0 -21 59        
A D 4 16        
J N 7 173 7 5 2305 576 0        
K -15 0 65        
K 0 0 43        
K 0 0 60        
K 0 21 60        
A D 4 16        
J N 7 230 7 4 4609 576 0        
K 0 0 43        
K 0 0 60        
K 0 21 60        
A D 4 16        
J B 46 290 1 82 6913 576 0        
J N 7 314 14 5 1 0 0        
K -15 0 65        
K 0 0 43        
K 0 0 60        
K 0 21 60        
A D 4 16        
J N 7 371 -7 4 2305 576 0        
K 0 0 43        
K 0 0 60        
K 0 21 60        
A D 4 16        
J N 7 428 -7 4 4609 576 0        
K 0 0 43        
K 0 0 60        
K 0 21 60        
A D 4 16        
J B 47 488 1 82 6913 576 0        
J N 7 512 -7 4 1 0 0        
K 0 0 43        
K 0 0 60        
K 0 21 60        
A D 4 16        
J N 7 569 0 4 2305 576 0        
K 0 0 43        
K 0 0 60        
K 0 21 60        
A D 4 16        
J N 7 626 7 5 4609 576 0        
K -15 0 65        
K 0 0 43        
K 0 0 60        
K 0 21 60        
A D 4 16        
J B 48 686 1 82 6913 576 0        
J N 7 709 14 5 1 0 0        
K -14 0 64        
K 0 0 43        
K 0 0 60        
K 0 21 60        
A D 4 16        
J N 7 766 -7 4 2305 576 0        
K 0 0 43        
K 0 0 60        
K 0 21 60        
A D 4 16        
J N 7 823 0 4 4609 576 0        
K 0 0 43        
K 0 0 60        
K 0 21 60        
A D 4 16        
J B 49 883 1 82 6913 576 0        
J N 8 906 7 5 1 0 0        
K -14 0 64        
K 0 0 42        
K 0 0 60        
K 0 21 60        
A D 8 16        
J N 8 993 0 4 2305 1152 0        
K 0 0 42        
K 0 0 60        
K 0 21 60        
A D 8 16        
J N 7 1080 0 5 4609 1152 0        
K 0 0 43        
K 24 -6 44        
K 0 0 60        
K 0 21 60        
A D 6 16        
J N 6 1155 7 3 6337 864 0        
K 0 0 43        
K 0 0 54        
A D 2 16        
J B 51 1199 1 82 6913 288 0        
J N 8 1220 0 4 1 0 0        
K 0 0 42        
K 0 0 60        
K 0 21 60        
A D 8 16        
J N 8 1307 42 4 2305 1152 0        
K 0 0 42        
K 0 0 59        
K 0 -21 59        
A D 8 16        
J N 8 1394 49 4 4609 1152 0        
K 0 0 42        
K 0 0 59        
K 0 -21 59        
A D 8 16        
J B 53 1481 1 82 6913 1152 0        
J N 8 1502 56 5 1 0 0        
K 0 0 42        
K 0 -66 101        
K 0 0 59        
K 0 -21 59        
A D 8 16        
J R 7 1589 28 2 4609 1152 0        
K 0 0 48        
A D 4 16        
J B 0 1656 5 2 6913 576 0        
K -8 0 82        
K 0 0 82        
J D 5 1677 -42 1 1 0 0        
W 0 0 0 (37) Vivace        
J N 6 1677 70 6 1 0 0        
K 1 0 45        
K 0 0 43        
K -1 0 45        
K 2 0 45        
K 0 0 53        
A D 2 16        
J B 54 1725 1 82 6913 288 0        
J N 8 1746 70 8 1 0 0        
K 1 0 45        
K 0 0 42        
K -1 0 45        
K 2 0 45        
K 24 -6 44        
K 0 0 59        
K 0 -21 59        
A D 12 16        
J B 55 1860 1 82 6913 1728 0        
J R 9 1941 28 2 1 10000 0        
K 0 0 46        
A D 12 16        
J B 56 2050 1 82 6913 1728 0        
E *        
L 850 0 0 313 313 * 0 14 0        
J C 13 5 28 35 6913 0 0        
J K -1 57 0 1 6913 0 0        
K 0 35 65        
J D 0 -11 -14 1 6913 0 0        
W 0 0 0 \04\05        
J R 7 116 28 2 1 0 0        
K 0 0 48        
A D 4 16        
J N 7 173 7 4 2305 576 0        
K 0 0 43        
K 0 0 60        
K 0 21 60        
A D 4 16        
J N 7 230 7 4 4609 576 0        
K 0 0 43        
K 0 0 60        
K 0 21 60        
A D 4 16        
J B 46 290 1 82 6913 576 0        
J N 7 314 7 4 1 0 0        
K 0 0 43        
K 0 0 60        
K 0 21 60        
A D 4 16        
J N 8 371 28 4 2305 576 0        
K 0 0 42        
K 0 0 60        
K 0 21 60        
A D 8 16        
J B 47 488 1 82 6913 1152 0        
J N 7 512 28 4 1 0 0        
K 0 0 43        
K 0 0 60        
K 0 21 60        
A D 4 16        
J N 7 569 7 4 2305 576 0        
K 0 0 43        
K 0 0 60        
K 0 21 60        
A D 4 16        
J N 7 626 7 4 4609 576 0        
K 0 0 43        
K 0 0 60        
K 0 21 60        
A D 4 16        
J B 48 686 1 82 6913 576 0        
J N 7 709 7 4 1 0 0        
K 0 0 43        
K 0 0 60        
K 0 21 60        
A D 4 16        
J N 7 766 21 4 2305 576 0        
K 0 0 43        
K 0 0 60        
K 0 21 60        
A D 4 16        
J N 7 823 0 4 4609 576 0        
K 0 0 43        
K 0 0 60        
K 0 21 60        
A D 4 16        
J B 49 883 1 82 6913 576 0        
J N 8 906 0 4 1 0 0        
K 0 0 42        
K 0 0 60        
K 0 21 60        
A D 8 16        
J N 8 993 21 4 2305 1152 0        
K 0 0 42        
K 0 0 60        
K 0 21 60        
A D 8 16        
J N 7 1080 49 4 4609 1152 0        
K 0 0 43        
K 0 0 59        
K 0 -21 59        
A D 4 16        
J N 7 1123 28 4 5761 576 0        
K 0 0 43        
K 0 0 60        
K 0 21 60        
A D 4 16        
J B 51 1199 1 82 6913 576 0        
J N 8 1220 28 4 1 0 0        
K 0 0 42        
K 0 0 60        
K 0 21 60        
A D 8 16        
J N 8 1307 28 4 2305 1152 0        
K 0 0 42        
K 0 0 60        
K 0 21 60        
A D 8 16        
J N 8 1394 7 4 4609 1152 0        
K 0 0 42        
K 0 0 60        
K 0 21 60        
A D 8 16        
J B 53 1481 1 82 6913 1152 0        
J N 8 1502 0 5 1 0 0        
K 0 0 42        
K 0 -17 101        
K 0 0 60        
K 0 21 60        
A D 8 16        
J R 7 1589 28 2 4609 1152 0        
K 0 0 48        
A D 4 16        
J B 0 1656 5 2 6913 576 0        
K -8 0 82        
K 0 0 82        
J D 5 1677 -42 1 1 0 0        
W 0 0 0 (37) Vivace        
J N 6 1677 0 3 1 0 0        
K 0 0 43        
K 0 0 54        
A D 2 16        
J B 54 1725 1 82 6913 288 0        
J N 8 1746 0 5 1 0 0        
K 0 0 42        
K 24 -6 44        
K 0 0 60        
K 0 21 60        
A D 12 16        
J B 55 1860 1 82 6913 1728 0        
J R 9 1941 28 2 1 10000 0        
K 0 0 46        
A D 12 16        
J B 56 2050 1 82 6913 1728 0        
E *        
L 1010 0 0 313 313 * 0 14 0        
J C 22 5 14 36 6913 0 0        
J K -1 57 0 1 6913 0 0        
K 0 42 65        
J D 0 -11 -14 1 6913 0 0        
W 0 0 0 \04\05        
J F 0 116 98 2 1 0 0        
K 0 0 203        
K 15 0 219        
J N 7 116 0 5 1 0 0        
K -15 0 65        
K 0 0 43        
K 0 0 60        
K 0 21 60        
A D 4 16        
J F 0 173 98 3 2305 576 0        
K 0 0 205        
K 0 21 204        
K 15 21 219        
J N 8 173 0 5 2305 0 0        
K -14 0 64        
K 0 0 42        
K 0 0 60        
K 0 21 60        
A D 8 16        
J B 46 290 1 82 6913 1152 0        
J F 0 314 98 2 1 0 0        
K 0 0 208        
K 0 21 219        
J N 7 314 -7 4 1 0 0        
K 0 0 43        
K 0 0 60        
K 0 21 60        
A D 4 16        
J F 0 371 98 2 2305 576 0        
K 0 0 205        
K 0 21 204        
J N 8 371 21 5 2305 0 0        
K -14 0 64        
K 0 0 42        
K 0 0 60        
K 0 21 60        
A D 8 16        
J B 47 488 1 82 6913 1152 0        
J F 0 512 98 2 1 0 0        
K 0 0 208        
K 0 21 219        
J N 7 512 14 4 1 0 0        
K 0 0 43        
K 0 0 60        
K 0 21 60        
A D 4 16        
J F 0 569 98 3 2305 576 0        
K 0 0 205        
K 0 21 204        
K 15 21 219        
J N 8 569 49 5 2305 0 0        
K -14 0 64        
K 0 0 42        
K 0 0 59        
K 0 -21 59        
A D 8 16        
J B 48 686 1 82 6913 1152 0        
J F 0 709 98 2 1 0 0        
K 0 0 208        
K 0 21 204        
J N 8 709 42 4 1 0 0        
K 0 0 42        
K 0 0 59        
K 0 -21 59        
A D 8 16        
J F 0 766 98 2 2305 576 0        
K 0 0 207        
K 0 21 205        
J F 0 823 98 1 4609 576 0        
K 0 21 204        
J N 7 823 42 4 4609 0 0        
K 0 0 43        
K 0 0 59        
K 0 -21 59        
A D 4 16        
J B 49 883 1 82 6913 576 0        
J F 0 906 98 1 1 0 0        
K 0 0 206        
J N 8 906 35 4 1 0 0        
K 0 0 42        
K 0 0 59        
K 0 -21 59        
A D 8 16        
J F 0 993 98 3 2305 1152 0        
K 0 0 206        
K 15 0 219        
K 0 21 204        
J N 8 993 42 5 2305 0 0        
K -14 0 64        
K 0 0 42        
K 0 0 59        
K 0 -21 59        
A D 8 16        
J F 0 1080 98 1 4609 1152 0        
K 0 0 203        
J N 8 1080 35 4 4609 0 0        
K 0 0 42        
K 0 0 59        
K 0 -21 59        
A D 8 16        
J F 0 1123 98 1 5761 576 0        
K 0 0 202        
J B 51 1199 1 82 6913 576 0        
J F 0 1220 98 1 1 0 0        
K 0 0 205        
J N 8 1220 14 4 1 0 0        
K 0 0 42        
K 0 0 60        
K 0 21 60        
A D 8 16        
J F 0 1307 98 1 2305 1152 0        
K 0 0 205        
J N 8 1307 21 5 2305 0 0        
K -15 0 65        
K 0 0 42        
K 0 0 60        
K 0 21 60        
A D 8 16        
J F 0 1394 98 1 4609 1152 0        
K 0 0 205        
J N 8 1394 28 5 4609 0 0        
K -15 0 65        
K 0 0 42        
K 0 0 60        
K 0 21 60        
A D 8 16        
J B 53 1481 1 82 6913 1152 0        
J N 8 1502 35 5 1 0 0        
K 0 0 42        
K 0 -56 101        
K 0 0 59        
K 0 -21 59        
A D 8 16        
J R 7 1589 28 2 4609 1152 0        
K 0 0 48        
A D 4 16        
J B 0 1656 5 2 6913 576 0        
K -8 0 82        
K 0 0 82        
J D 5 1677 -42 1 1 0 0        
W 0 0 0 (37) Vivace        
J N 6 1677 35 3 1 0 0        
K 0 0 43        
K 0 0 53        
A D 2 16        
J B 54 1725 1 82 6913 288 0        
J N 8 1746 35 5 1 0 0        
K 0 0 42        
K 25 0 44        
K 0 0 59        
K 0 -21 59        
A D 12 16        
J B 55 1860 1 82 6913 1728 0        
J R 9 1941 28 2 1 10000 0        
K 0 0 46        
A D 12 16        
J B 56 2050 1 82 6913 1728 0        
E *        
B 1 290 0        
B 1 488 0        
B 1 686 0        
B 1 883 0        
B 1 1199 0        
B 1 1481 0        
B 5 1656 0        
B 1 1725 0        
B 1 1860 0        
B 1 2050 0        
S 0 200 1510 2050 1066 7 "[...][....]"        
L 0 0 0 313 313 * 0 14 0        
J C 4 5 42 2 6913 0 0        
K 0 0 33        
K 0 0 34        
J K -1 57 0 1 6913 0 0        
K 0 28 65        
J D 0 -11 -14 1 6913 0 0        
W 0 0 37 \05\06        
J N 8 113 7 5 1 0 0        
K 0 0 42        
K 0 -17 236        
K 0 0 60        
K 0 21 60        
A D 8 16        
J R 6 239 28 2 4609 1152 0        
K 0 0 49        
A D 2 16        
J D 0 287 0 1 5761 288 0        
W 0 -21 33 !31|Tutti        
J N 6 287 42 3 5761 0 0        
K 0 0 43        
K 0 0 53        
A D 2 16        
J B 57 335 1 82 6913 288 0        
J N 8 356 42 5 1 0 0        
K 0 0 42        
K 24 -6 44        
K 0 0 59        
K 0 -21 59        
A D 12 16        
J B 58 477 1 82 6913 1728 0        
J D 0 498 0 1 1 0 0        
W 0 -28 33 !31|Soli        
J N 7 498 -7 4 1 0 0        
K 0 0 43        
K 0 0 60        
K 0 21 60        
A D 4 16        
J N 7 561 -7 4 2305 576 0        
K 0 0 43        
K 0 0 60        
K 0 21 60        
A D 4 16        
J N 7 624 -7 4 4609 576 0        
K 0 0 43        
K 0 0 60        
K 0 21 60        
A D 4 16        
J B 59 686 1 82 6913 576 0        
J N 8 707 -7 5 1 0 0        
K 0 0 42        
K 0 -17 236        
K 0 0 60        
K 0 21 60        
A D 8 16        
J R 6 831 28 2 4609 1152 0        
K 0 0 49        
A D 2 16        
J D 0 878 0 1 5761 288 0        
W 0 -14 33 !31|Tutti        
J N 6 878 56 3 5761 0 0        
K 0 0 43        
K 0 0 53        
A D 2 16        
J B 60 925 1 82 6913 288 0        
J N 8 946 56 5 1 0 0        
K 0 0 42        
K 24 -6 44        
K 0 0 59        
K 0 -21 59        
A D 12 16        
J B 61 1066 1 82 6913 1728 0        
J N 7 1087 7 4 1 0 0        
K 0 0 43        
K 0 0 60        
K 0 21 60        
A D 4 16        
J N 7 1149 7 4 2305 576 0        
K 0 0 43        
K 0 0 60        
K 0 21 60        
A D 4 16        
J N 7 1211 7 4 4609 576 0        
K 0 0 43        
K 0 0 60        
K 0 21 60        
A D 4 16        
J B 62 1273 1 82 6913 576 0        
J N 8 1294 7 6 1 0 0        
K 0 0 42        
K 25 0 44        
K 0 -17 236        
K 0 0 60        
K 0 21 60        
A D 12 16        
J B 63 1414 5 2 6913 1728 0        
K -8 0 82        
K 0 0 82        
J D 5 1435 -42 1 1 0 0        
W 0 0 37 Allegro        
J N 6 1435 21 2 1 0 1 55        
K 0 0 43        
A D 2 16        
J N 6 1482 42 2 1153 288 1 55        
K 0 0 43        
A D 2 16        
J N 6 1529 21 2 2305 288 1 55        
K 0 0 43        
A D 2 16        
J N 6 1576 21 2 3457 288 1 55        
K 0 0 43        
A D 2 16        
H 55 B -63 0 108 4 2 1 1 3        
J N 6 1623 14 2 4609 288 1 56        
K 0 0 43        
A D 2 16        
J N 5 1670 21 2 5761 288 1 56        
K 0 0 43        
A D 1 16        
J N 5 1699 14 2 6337 144 1 56        
K 0 0 43        
A D 1 16        
H 56 B -57 0 108 3 2 21 33        
J B 64 1732 1 82 6913 144 0        
J N 6 1753 7 2 1 0 1 57        
K 0 0 43        
A D 2 16        
J N 6 1800 7 2 1153 288 1 57        
K 0 0 43        
A D 2 16        
J N 6 1847 7 2 2305 288 1 57        
K 0 0 43        
A D 2 16        
J N 6 1894 7 2 3457 288 1 57        
K 0 0 43        
A D 2 16        
H 57 B -49 0 108 4 2 1 1 3        
J N 6 1941 14 2 4609 288 1 58        
K 0 0 43        
A D 2 16        
J N 5 1988 7 2 5761 288 1 58        
K 0 0 43        
A D 1 16        
J N 5 2017 14 2 6337 144 1 58        
K 0 0 43        
A D 1 16        
H 58 B -46 0 108 3 2 21 33        
J B 65 2050 1 82 6913 144 0        
E *        
L 160 0 0 313 313 * 0 14 0        
J C 4 5 42 2 6913 0 0        
K 0 0 33        
K 0 0 34        
J K -1 57 0 1 6913 0 0        
K 0 28 65        
J D 0 -11 -14 1 6913 0 0        
W 0 0 0 \05\06        
J N 8 113 21 5 1 0 0        
K 0 0 42        
K 0 -31 236        
K 0 0 60        
K 0 21 60        
A D 8 16        
J R 6 239 28 2 4609 1152 0        
K 0 0 49        
A D 2 16        
J N 6 287 56 3 5761 288 0        
K 0 0 43        
K 0 0 53        
A D 2 16        
J B 57 335 1 82 6913 288 0        
J N 8 356 56 5 1 0 0        
K 0 0 42        
K 24 -6 44        
K 0 0 59        
K 0 -21 59        
A D 12 16        
J B 58 477 1 82 6913 1728 0        
J N 7 498 7 4 1 0 0        
K 0 0 43        
K 0 0 60        
K 0 21 60        
A D 4 16        
J N 7 561 7 4 2305 576 0        
K 0 0 43        
K 0 0 60        
K 0 21 60        
A D 4 16        
J N 7 624 7 4 4609 576 0        
K 0 0 43        
K 0 0 60        
K 0 21 60        
A D 4 16        
J B 59 686 1 82 6913 576 0        
J N 8 707 7 5 1 0 0        
K 0 0 42        
K 0 -17 236        
K 0 0 60        
K 0 21 60        
A D 8 16        
J R 6 831 28 2 4609 1152 0        
K 0 0 49        
A D 2 16        
J N 6 878 70 6 5761 288 0        
K 1 0 45        
K 0 0 43        
K -1 0 45        
K 2 0 45        
K 0 0 53        
A D 2 16        
J B 60 925 1 82 6913 288 0        
J N 8 946 70 8 1 0 0        
K 1 0 45        
K 0 0 42        
K -1 0 45        
K 2 0 45        
K 24 -6 44        
K 0 0 59        
K 0 -21 59        
A D 12 16        
J B 61 1066 1 82 6913 1728 0        
J N 7 1087 21 4 1 0 0        
K 0 0 43        
K 0 0 60        
K 0 21 60        
A D 4 16        
J N 7 1149 21 4 2305 576 0        
K 0 0 43        
K 0 0 60        
K 0 21 60        
A D 4 16        
J N 7 1211 21 4 4609 576 0        
K 0 0 43        
K 0 0 60        
K 0 21 60        
A D 4 16        
J B 62 1273 1 82 6913 576 0        
J N 8 1294 21 6 1 0 0        
K 0 0 42        
K 25 0 44        
K 0 -31 236        
K 0 0 60        
K 0 21 60        
A D 12 16        
J B 63 1414 5 2 6913 1728 0        
K -8 0 82        
K 0 0 82        
J D 5 1435 -42 1 1 0 0        
W 0 0 0 (37) Allegro        
J R 9 1559 28 2 1 10000 0        
K 0 0 46        
A D 12 16        
J B 64 1732 1 82 6913 1728 0        
J N 6 1753 21 2 1 0 1 51        
K 0 0 43        
A D 2 16        
J N 6 1800 42 2 1153 288 1 51        
K 0 0 43        
A D 2 16        
J N 6 1847 21 2 2305 288 1 51        
K 0 0 43        
A D 2 16        
J N 6 1894 21 2 3457 288 1 51        
K 0 0 43        
A D 2 16        
H 51 B -63 0 108 4 2 1 1 3        
J N 6 1941 14 2 4609 288 1 52        
K 0 0 43        
A D 2 16        
J N 5 1988 21 2 5761 288 1 52        
K 0 0 43        
A D 1 16        
J N 5 2017 14 2 6337 144 1 52        
K 0 0 43        
A D 1 16        
H 52 B -57 0 108 3 2 21 33        
J B 65 2050 1 82 6913 144 0        
E *        
L 320 0 0 313 313 * 0 14 0        
J C 22 5 14 36 6913 0 0        
J K -1 57 0 1 6913 0 0        
K 0 42 65        
J D 0 -11 -14 1 6913 0 0        
W 0 0 0 \05\06        
J R 7 113 28 2 1 0 0        
K 0 0 48        
A D 4 16        
J R 7 176 28 2 2305 576 0        
K 0 0 48        
A D 4 16        
J R 6 239 28 2 4609 576 0        
K 0 0 49        
A D 2 16        
J N 6 287 35 3 5761 288 0        
K 0 0 43        
K 0 0 53        
A D 2 16        
J B 57 335 1 82 6913 288 0        
J N 8 356 35 5 1 0 0        
K 0 0 42        
K 25 0 44        
K 0 0 59        
K 0 -21 59        
A D 12 16        
J B 58 477 1 82 6913 1728 0        
J R 9 567 28 2 1 10000 0        
K 0 0 46        
A D 12 16        
J B 59 686 1 82 6913 1728 0        
J R 7 707 28 2 1 0 0        
K 0 0 48        
A D 4 16        
J R 7 769 28 2 2305 576 0        
K 0 0 48        
A D 4 16        
J R 6 831 28 2 4609 576 0        
K 0 0 49        
A D 2 16        
J N 6 878 84 8 5761 288 0        
K 1 -14 45        
K 1 0 45        
K 0 0 43        
K -1 0 45        
K 2 0 45        
K 0 0 59        
K 0 -7 53        
A D 2 16        
J B 60 925 1 82 6913 288 0        
J N 8 946 84 9 1 0 0        
K 1 -14 45        
K 1 0 45        
K 0 0 42        
K -1 0 45        
K 2 0 45        
K 24 -6 44        
K 0 0 59        
K 0 -28 59        
A D 12 16        
J B 61 1066 1 82 6913 1728 0        
J R 9 1155 28 2 1 10000 0        
K 0 0 46        
A D 12 16        
J B 62 1273 1 82 6913 1728 0        
J R 9 1329 28 2 1 10000 0        
K 0 0 46        
A D 12 16        
J B 63 1414 5 2 6913 1728 0        
K -8 0 82        
K 0 0 82        
J D 5 1435 -42 1 1 0 0        
W 0 0 0 (37) Allegro        
J R 9 1559 28 2 1 10000 0        
K 0 0 46        
A D 12 16        
J B 64 1732 1 82 6913 1728 0        
J R 9 1877 28 2 1 10000 0        
K 0 0 46        
A D 12 16        
J B 65 2050 1 82 6913 1728 0        
E *        
L 530 0 0 313 313 * 0 14 0        
J C 4 5 42 2 6913 0 0        
K 0 0 33        
K 0 0 34        
J K -1 57 0 1 6913 0 0        
K 0 28 65        
J D 0 -11 -14 1 6913 0 0        
W 0 0 0 \05\06        
J R 7 113 28 2 1 0 0        
K 0 0 48        
A D 4 16        
J R 7 176 28 2 2305 576 0        
K 0 0 48        
A D 4 16        
J R 6 239 28 2 4609 576 0        
K 0 0 49        
A D 2 16        
J N 6 287 42 3 5761 288 0        
K 0 0 43        
K 0 0 53        
A D 2 16        
J B 57 335 1 82 6913 288 0        
J N 8 356 42 5 1 0 0        
K 0 0 42        
K 24 -6 44        
K 0 0 59        
K 0 -21 59        
A D 12 16        
J B 58 477 1 82 6913 1728 0        
J R 9 567 28 2 1 10000 0        
K 0 0 46        
A D 12 16        
J B 59 686 1 82 6913 1728 0        
J R 7 707 28 2 1 0 0        
K 0 0 48        
A D 4 16        
J R 7 769 28 2 2305 576 0        
K 0 0 48        
A D 4 16        
J R 6 831 28 2 4609 576 0        
K 0 0 49        
A D 2 16        
J N 6 878 56 3 5761 288 0        
K 0 0 43        
K 0 0 53        
A D 2 16        
J B 60 925 1 82 6913 288 0        
J N 8 946 56 5 1 0 0        
K 0 0 42        
K 24 -6 44        
K 0 0 59        
K 0 -21 59        
A D 12 16        
J B 61 1066 1 82 6913 1728 0        
J R 9 1155 28 2 1 10000 0        
K 0 0 46        
A D 12 16        
J B 62 1273 1 82 6913 1728 0        
J R 9 1329 28 2 1 10000 0        
K 0 0 46        
A D 12 16        
J B 63 1414 5 2 6913 1728 0        
K -8 0 82        
K 0 0 82        
J D 5 1435 -42 1 1 0 0        
W 0 0 0 (37) Allegro        
J R 9 1559 28 2 1 10000 0        
K 0 0 46        
A D 12 16        
J B 64 1732 1 82 6913 1728 0        
J R 9 1877 28 2 1 10000 0        
K 0 0 46        
A D 12 16        
J B 65 2050 1 82 6913 1728 0        
E *        
L 690 0 0 313 313 * 0 14 0        
J C 4 5 42 2 6913 0 0        
K 0 0 33        
K 0 0 34        
J K -1 57 0 1 6913 0 0        
K 0 28 65        
J D 0 -11 -14 1 6913 0 0        
W 0 0 0 \05\06        
J R 7 113 28 2 1 0 0        
K 0 0 48        
A D 4 16        
J R 7 176 28 2 2305 576 0        
K 0 0 48        
A D 4 16        
J R 6 239 28 2 4609 576 0        
K 0 0 49        
A D 2 16        
J N 6 287 56 3 5761 288 0        
K 0 0 43        
K 0 0 53        
A D 2 16        
J B 57 335 1 82 6913 288 0        
J N 8 356 56 5 1 0 0        
K 0 0 42        
K 24 -6 44        
K 0 0 59        
K 0 -21 59        
A D 12 16        
J B 58 477 1 82 6913 1728 0        
J R 9 567 28 2 1 10000 0        
K 0 0 46        
A D 12 16        
J B 59 686 1 82 6913 1728 0        
J R 7 707 28 2 1 0 0        
K 0 0 48        
A D 4 16        
J R 7 769 28 2 2305 576 0        
K 0 0 48        
A D 4 16        
J R 6 831 28 2 4609 576 0        
K 0 0 49        
A D 2 16        
J N 6 878 70 6 5761 288 0        
K 1 0 45        
K 0 0 43        
K -1 0 45        
K 2 0 45        
K 0 0 53        
A D 2 16        
J B 60 925 1 82 6913 288 0        
J N 8 946 70 8 1 0 0        
K 1 0 45        
K 0 0 42        
K -1 0 45        
K 2 0 45        
K 24 -6 44        
K 0 0 59        
K 0 -21 59        
A D 12 16        
J B 61 1066 1 82 6913 1728 0        
J R 9 1155 28 2 1 10000 0        
K 0 0 46        
A D 12 16        
J B 62 1273 1 82 6913 1728 0        
J R 9 1329 28 2 1 10000 0        
K 0 0 46        
A D 12 16        
J B 63 1414 5 2 6913 1728 0        
K -8 0 82        
K 0 0 82        
J D 5 1435 -42 1 1 0 0        
W 0 0 0 (37) Allegro        
J R 9 1559 28 2 1 10000 0        
K 0 0 46        
A D 12 16        
J B 64 1732 1 82 6913 1728 0        
J R 9 1877 28 2 1 10000 0        
K 0 0 46        
A D 12 16        
J B 65 2050 1 82 6913 1728 0        
E *        
L 850 0 0 313 313 * 0 14 0        
J C 13 5 28 35 6913 0 0        
J K -1 57 0 1 6913 0 0        
K 0 35 65        
J D 0 -11 -14 1 6913 0 0        
W 0 0 0 \05\06        
J R 7 113 28 2 1 0 0        
K 0 0 48        
A D 4 16        
J R 7 176 28 2 2305 576 0        
K 0 0 48        
A D 4 16        
J R 6 239 28 2 4609 576 0        
K 0 0 49        
A D 2 16        
J N 6 287 28 3 5761 288 0        
K 0 0 43        
K 0 0 54        
A D 2 16        
J B 57 335 1 82 6913 288 0        
J N 8 356 28 5 1 0 0        
K 0 0 42        
K 24 -6 44        
K 0 0 60        
K 0 21 60        
A D 12 16        
J B 58 477 1 82 6913 1728 0        
J R 9 567 28 2 1 10000 0        
K 0 0 46        
A D 12 16        
J B 59 686 1 82 6913 1728 0        
J R 7 707 28 2 1 0 0        
K 0 0 48        
A D 4 16        
J R 7 769 28 2 2305 576 0        
K 0 0 48        
A D 4 16        
J R 6 831 28 2 4609 576 0        
K 0 0 49        
A D 2 16        
J N 6 878 0 3 5761 288 0        
K 0 0 43        
K 0 0 54        
A D 2 16        
J B 60 925 1 82 6913 288 0        
J N 8 946 0 5 1 0 0        
K 0 0 42        
K 24 -6 44        
K 0 0 60        
K 0 21 60        
A D 12 16        
J B 61 1066 1 82 6913 1728 0        
J R 9 1155 28 2 1 10000 0        
K 0 0 46        
A D 12 16        
J B 62 1273 1 82 6913 1728 0        
J R 9 1329 28 2 1 10000 0        
K 0 0 46        
A D 12 16        
J B 63 1414 5 2 6913 1728 0        
K -8 0 82        
K 0 0 82        
J D 5 1435 -42 1 1 0 0        
W 0 0 0 (37) Allegro        
J R 9 1559 28 2 1 10000 0        
K 0 0 46        
A D 12 16        
J B 64 1732 1 82 6913 1728 0        
J R 9 1877 28 2 1 10000 0        
K 0 0 46        
A D 12 16        
J B 65 2050 1 82 6913 1728 0        
E *        
L 1010 0 0 313 313 * 0 14 0        
J C 22 5 14 36 6913 0 0        
J K -1 57 0 1 6913 0 0        
K 0 42 65        
J D 0 -11 -14 1 6913 0 0        
W 0 0 0 \05\06        
J R 7 113 28 2 1 0 0        
K 0 0 48        
A D 4 16        
J R 7 176 28 2 2305 576 0        
K 0 0 48        
A D 4 16        
J R 6 239 28 2 4609 576 0        
K 0 0 49        
A D 2 16        
J N 6 287 35 3 5761 288 0        
K 0 0 43        
K 0 0 53        
A D 2 16        
J B 57 335 1 82 6913 288 0        
J N 8 356 35 5 1 0 0        
K 0 0 42        
K 25 0 44        
K 0 0 59        
K 0 -21 59        
A D 12 16        
J B 58 477 1 82 6913 1728 0        
J R 9 567 28 2 1 10000 0        
K 0 0 46        
A D 12 16        
J B 59 686 1 82 6913 1728 0        
J R 7 707 28 2 1 0 0        
K 0 0 48        
A D 4 16        
J R 7 769 28 2 2305 576 0        
K 0 0 48        
A D 4 16        
J R 6 831 28 2 4609 576 0        
K 0 0 49        
A D 2 16        
J N 6 878 84 8 5761 288 0        
K 1 -14 45        
K 1 0 45        
K 0 0 43        
K -1 0 45        
K 2 0 45        
K 0 0 59        
K 0 -7 53        
A D 2 16        
J B 60 925 1 82 6913 288 0        
J N 8 946 84 9 1 0 0        
K 1 -14 45        
K 1 0 45        
K 0 0 42        
K -1 0 45        
K 2 0 45        
K 24 -6 44        
K 0 0 59        
K 0 -28 59        
A D 12 16        
J B 61 1066 1 82 6913 1728 0        
J R 9 1155 28 2 1 10000 0        
K 0 0 46        
A D 12 16        
J B 62 1273 1 82 6913 1728 0        
J R 9 1329 28 2 1 10000 0        
K 0 0 46        
A D 12 16        
J B 63 1414 5 2 6913 1728 0        
K -8 0 82        
K 0 0 82        
J D 5 1435 -42 1 1 0 0        
W 0 0 0 (37) Allegro        
J R 9 1559 28 2 1 10000 0        
K 0 0 46        
A D 12 16        
J B 64 1732 1 82 6913 1728 0        
J R 9 1877 28 2 1 10000 0        
K 0 0 46        
A D 12 16        
J B 65 2050 1 82 6913 1728 0        
E *        
B 1 335 0        
B 1 477 0        
B 1 686 0        
B 1 925 0        
B 1 1066 0        
B 1 1273 0        
B 5 1414 0        
B 1 1732 0        
B 1 2050 0        
