@ SOURCE: not identified 
L 0 0 14 !39Basso concerto grosso
J D 4 500 -120 1 6913 0 0
W 0 0 44 II.
J D 1 75 -37 1 6913 0 0
W 0 -56 44 II.:  Basso concerto grosso
J C 22 5 14 36 6913 0 0
J K -1 57 0 1 6913 0 0
K 0 42 65
J D 5 86 -42 1 6913 0 0
W 0 0 37 Allegro
J T 101 86 42 1 6913 0 0
K 0 0 37
J R 9 137 28 2 1 10000 0
K 0 0 46
A D 8 8
J B 2 242 1 82 6913 2304 0
J R 6 263 28 2 1 0 0
K 0 0 49
A D 1 8
J N 6 292 56 2 865 288 1 1
K 0 0 43
A D 1 8
J N 6 321 42 2 1729 288 1 1
K 0 0 43
A D 1 8
J N 6 350 56 2 2593 288 1 1
K 0 0 43
A D 1 8
H 1 B 0 0 108 3 2 1 3
J F 0 379 98 3 3457 288 0
K 0 0 205
K 0 21 204
K 0 42 219
J N 6 379 35 2 3457 0 1 2
K 0 0 43
A D 1 8
J N 6 408 49 2 4321 288 1 2
K 0 0 43
A D 1 8
J F 0 437 98 1 5185 288 0
K 0 0 213
J N 6 437 28 2 5185 0 1 2
K 0 0 43
A D 1 8
J N 6 466 77 5 6049 288 1 2
K 1 -7 45
K 0 0 43
K 0 -7 45
K 1 -7 45
A D 1 8
H 2 B 0 0 108 4 2 1 1 3
J B 3 499 1 82 6913 288 0
J N 7 520 56 4 1 0 0
K 0 0 43
K 0 0 59
K 0 -21 59
A D 2 8
J R 7 558 28 2 1729 576 0
K 0 0 48
A D 2 8
J R 8 596 28 2 3457 576 0
K 0 0 47
A D 4 8
J B 4 653 1 82 6913 1152 0
J R 6 674 28 2 1 0 0
K 0 0 49
A D 1 8
J N 6 703 42 2 865 288 1 3
K 0 0 43
A D 1 8
J N 6 732 28 2 1729 288 1 3
K 0 0 43
A D 1 8
J N 6 761 42 2 2593 288 1 3
K 0 0 43
A D 1 8
H 3 B 0 0 108 3 2 1 3
J F 0 798 98 2 3457 288 0
K 0 0 205
K 0 21 204
J N 6 798 21 3 3457 0 1 4
K -15 0 65
K 0 0 43
A D 1 8
J N 6 827 35 2 4321 288 1 4
K 0 0 43
A D 1 8
J F 0 856 98 1 5185 288 0
K 0 0 202
J N 6 856 14 2 5185 0 1 4
K 0 0 43
A D 1 8
J N 6 885 63 2 6049 288 1 4
K 0 0 43
A D 1 8
H 4 B 0 0 108 4 2 1 1 3
J B 5 918 1 82 6913 288 0
J N 7 939 42 4 1 0 0
K 0 0 43
K 0 0 59
K 0 -21 59
A D 2 8
J R 7 977 28 2 1729 576 0
K 0 0 48
A D 2 8
J R 8 1015 28 2 3457 576 0
K 0 0 47
A D 4 8
J B 6 1072 1 82 6913 1152 0
J R 8 1093 28 2 1 0 0
K 0 0 47
A D 4 8
J R 7 1146 28 2 3457 1152 0
K 0 0 48
A D 2 8
J R 6 1184 28 2 5185 576 0
K 0 0 49
A D 1 8
J F 0 1213 98 1 6049 288 0
K 0 0 213
J N 6 1213 28 3 6049 0 0
K 0 0 43
K 0 0 54
A D 1 8
J B 7 1246 1 82 6913 288 0
J F 0 1271 98 1 1 0 0
K 0 0 206
J N 6 1271 21 3 1 0 1 5
K -15 0 65
K 0 0 43
A D 1 8
J N 6 1300 28 2 865 288 1 5
K 0 0 43
A D 1 8
J F 0 1329 98 1 1729 288 0
K 0 0 205
J N 6 1329 21 2 1729 0 1 5
K 0 0 43
A D 1 8
J N 6 1358 35 2 2593 288 1 5
K 0 0 43
A D 1 8
H 5 B 1 0 108 4 2 1 1 3
J F 0 1387 98 2 3457 288 0
K 0 0 206
K 0 21 213
J N 6 1387 28 2 3457 0 1 6
K 0 0 43
A D 1 8
J N 6 1431 14 3 4321 288 1 6
K -18 0 63
K 0 0 43
A D 1 8
J N 6 1460 7 2 5185 288 1 6
K 0 0 43
A D 1 8
J N 6 1489 42 2 6049 288 1 6
K 0 0 43
A D 1 8
H 6 B 1 0 108 4 2 1 1 3
J B 8 1522 1 82 6913 288 0
J F 0 1543 98 3 1 0 0
K 0 0 205
K 0 21 204
K 0 42 219
J N 6 1543 35 2 1 0 1 7
K 0 0 43
A D 1 8
J N 6 1572 49 2 865 288 1 7
K 0 0 43
A D 1 8
J F 0 1601 98 1 1729 288 0
K 0 0 213
J N 6 1601 28 2 1729 0 1 7
K 0 0 43
A D 1 8
J N 6 1630 77 5 2593 288 1 7
K 1 -7 45
K 0 0 43
K 0 -7 45
K 1 -7 45
A D 1 8
H 7 B 0 0 108 4 2 1 1 3
J N 7 1659 56 4 3457 288 0
K 0 0 43
K 0 0 59
K 0 -21 59
A D 2 8
J R 7 1697 28 2 5185 576 0
K 0 0 48
A D 2 8
J B 9 1739 1 82 6913 576 0
J R 9 1760 28 2 1 10000 0
K 0 0 46
A D 8 8
J B 10 1865 1 82 6913 2304 0
J R 9 1886 28 2 1 10000 0
K 0 0 46
A D 8 8
J B 11 1991 1 82 6913 2304 0
J R 8 2012 28 2 1 0 0
K 0 0 47
A D 4 8
J F 0 2065 98 2 3457 1152 0
K 0 0 206
K 15 0 219
J N 7 2065 14 4 3457 0 0
K 0 0 43
K 0 0 60
K 0 21 60
A D 2 8
J R 6 2103 28 2 5185 576 0
K 0 0 49
A D 1 8
J F 0 2132 98 1 6049 288 0
K 0 0 205
J N 6 2132 28 3 6049 0 0
K 0 0 43
K 0 0 54
A D 1 8
J B 12 2165 1 82 6913 288 0
J N 6 2190 21 3 1 0 1 8
K -15 0 65
K 0 0 43
A D 1 8
J N 6 2219 14 2 865 288 1 8
K 0 0 43
A D 1 8
J F 0 2248 98 1 1729 288 0
K 0 0 204
J N 6 2248 7 2 1729 0 1 8
K 0 0 43
A D 1 8
J N 6 2277 28 2 2593 288 1 8
K 0 0 43
A D 1 8
H 8 B 1 0 108 4 2 1 1 3
J F 0 2306 98 2 3457 288 0
K 0 0 205
K 0 21 204
J N 6 2306 21 2 3457 0 1 9
K 0 0 43
A D 1 8
J N 6 2335 35 2 4321 288 1 9
K 0 0 43
A D 1 8
J F 0 2364 98 1 5185 288 0
K 0 0 202
J N 6 2364 14 2 5185 0 1 9
K 0 0 43
A D 1 8
J N 6 2393 63 2 6049 288 1 9
K 0 0 43
A D 1 8
H 9 B 0 0 108 4 2 1 1 3
J B 13 2426 1 82 6913 288 0
J N 7 2447 42 4 1 0 0
K 0 0 43
K 0 0 59
K 0 -21 59
A D 2 8
J R 7 2485 28 2 1729 576 0
K 0 0 48
A D 2 8
J R 8 2523 28 2 3457 576 0
K 0 0 47
A D 4 8
J B 14 2580 1 82 6913 1152 0
J R 9 2601 28 2 1 10000 0
K 0 0 46
A D 8 8
J B 15 2706 1 82 6913 2304 0
J F 0 2727 98 1 1 0 0
K 0 0 208
J N 6 2727 42 2 1 0 1 10
K 0 0 43
A D 1 8
J N 6 2756 35 2 865 288 1 10
K 0 0 43
A D 1 8
J F 0 2785 98 1 1729 288 0
K 0 0 205
J N 6 2785 28 2 1729 0 1 10
K 0 0 43
A D 1 8
J N 6 2814 21 2 2593 288 1 10
K 0 0 43
A D 1 8
H 10 B 0 0 108 4 2 1 1 3
J F 0 2843 98 1 3457 288 0
K 0 0 203
J N 6 2843 14 2 3457 0 1 11
K 0 0 43
A D 1 8
J N 6 2872 7 2 4321 288 1 11
K 0 0 43
A D 1 8
J N 6 2901 0 2 5185 288 1 11
K 0 0 43
A D 1 8
J N 6 2944 14 3 6049 288 1 11
K -18 0 63
K 0 0 43
A D 1 8
H 11 B 1 0 108 4 2 1 1 3
J B 16 2977 1 82 6913 288 0
J F 0 2998 98 1 1 0 0
K 0 0 208
J N 6 2998 7 2 1 0 1 12
K 0 0 43
A D 1 8
J N 6 3027 0 2 865 288 1 12
K 0 0 43
A D 1 8
J F 0 3056 98 1 1729 288 0
K 0 0 205
J N 6 3056 -7 2 1729 0 1 12
K 0 0 43
A D 1 8
J N 6 3085 -14 5 2593 288 1 12
K 0 0 45
K 0 0 43
K -1 0 45
K 2 0 45
A D 1 8
H 12 B 1 0 108 4 2 1 1 3
J F 0 3114 98 1 3457 288 0
K 0 0 203
J N 6 3114 -21 5 3457 0 1 13
K 0 7 45
K 0 0 43
K 0 7 45
K 1 7 45
A D 1 8
J N 6 3143 28 2 4321 288 1 13
K 0 0 43
A D 1 8
J F 0 3172 98 1 5185 288 0
K 0 0 205
J N 6 3172 14 2 5185 0 1 13
K 0 0 43
A D 1 8
J N 6 3201 28 2 6049 288 1 13
K 0 0 43
A D 1 8
H 13 B 1 0 108 4 2 1 1 3
J B 17 3234 1 82 6913 288 0
J F 0 3259 98 1 1 0 0
K 0 0 208
J N 6 3259 21 3 1 0 1 14
K -15 0 65
K 0 0 43
A D 1 8
J N 6 3288 14 2 865 288 1 14
K 0 0 43
A D 1 8
J F 0 3317 98 2 1729 288 0
K 0 0 205
K 15 0 219
J N 6 3317 7 2 1729 0 1 14
K 0 0 43
A D 1 8
J N 6 3352 0 2 2593 288 1 14
K 0 0 43
A D 1 8
H 14 B 1 0 108 4 2 1 1 3
J N 6 3381 -7 2 3457 288 1 15
K 0 0 43
A D 1 8
J N 6 3410 42 2 4321 288 1 15
K 0 0 43
A D 1 8
J F 0 3439 98 1 5185 288 0
K 0 0 205
J N 6 3439 28 2 5185 0 1 15
K 0 0 43
A D 1 8
J N 6 3468 42 2 6049 288 1 15
K 0 0 43
A D 1 8
H 15 B 1 0 108 4 2 1 1 3
J B 18 3501 1 82 6913 288 0
J F 0 3522 98 1 1 0 0
K 0 0 208
J N 6 3522 35 2 1 0 1 16
K 0 0 43
A D 1 8
J N 6 3551 28 2 865 288 1 16
K 0 0 43
A D 1 8
J F 0 3588 98 1 1729 288 0
K 0 0 205
J N 6 3588 21 3 1729 0 1 16
K -15 0 65
K 0 0 43
A D 1 8
J N 6 3617 35 2 2593 288 1 16
K 0 0 43
A D 1 8
H 16 B 1 0 108 4 2 1 1 3
J F 0 3646 98 2 3457 288 0
K 0 0 206
K 0 21 213
J N 6 3646 28 2 3457 0 1 17
K 0 0 43
A D 1 8
J N 6 3675 -21 5 4321 288 1 17
K 0 7 45
K 0 0 43
K 0 7 45
K 1 7 45
A D 1 8
J F 0 3712 98 1 5185 288 0
K 0 0 204
J N 6 3712 -28 7 5185 0 1 17
K 0 14 45
K 0 0 45
K -15 0 65
K 0 0 43
K -1 0 45
K 2 0 45
A D 1 8
J N 6 3741 -7 2 6049 288 1 17
K 0 0 43
A D 1 8
H 17 B 1 0 108 4 2 1 1 3
J B 19 3774 1 82 6913 288 0
J F 0 3795 98 2 1 0 0
K 0 0 205
K 0 21 204
J N 6 3795 -14 5 1 0 1 18
K 0 0 45
K 0 0 43
K -1 0 45
K 2 0 45
A D 1 8
J N 6 3824 0 2 865 288 1 18
K 0 0 43
A D 1 8
J F 0 3853 98 1 1729 288 0
K 0 0 213
J N 6 3853 -21 5 1729 0 1 18
K 0 7 45
K 0 0 43
K 0 7 45
K 1 7 45
A D 1 8
J N 6 3882 28 2 2593 288 1 18
K 0 0 43
A D 1 8
H 18 B 1 0 108 4 2 1 1 3
J N 7 3911 7 4 3457 288 0
K 0 0 43
K 0 0 60
K 0 21 60
A D 2 8
J F 0 3949 98 1 5185 576 0
K 0 0 205
J N 7 3949 14 4 5185 0 0
K 0 0 43
K 0 0 60
K 0 21 60
A D 2 8
J B 20 3991 1 82 6913 576 0
J F 0 4012 98 1 1 0 0
K 0 0 206
J N 8 4012 21 5 1 0 0
K -15 0 65
K 0 0 42
K 0 0 60
K 0 21 60
A D 4 8
J F 0 4050 98 1 1729 576 0
K 0 0 205
J F 0 4088 98 1 3457 576 0
K 0 0 213
J N 8 4088 28 4 3457 0 0
K 0 0 42
K 0 0 60
K 0 21 60
A D 4 8
J B 21 4145 1 82 6913 1152 0
J F 0 4166 98 1 1 0 0
K 0 0 206
J N 8 4166 21 5 1 0 0
K -15 0 65
K 0 0 42
K 0 0 60
K 0 21 60
A D 4 8
J F 0 4204 98 1 1729 576 0
K 0 0 205
J F 0 4242 98 1 3457 576 0
K 0 0 213
J N 8 4242 28 4 3457 0 0
K 0 0 42
K 0 0 60
K 0 21 60
A D 4 8
J B 22 4321 10 6 6913 1152 0
K -22 21 44
K -22 35 44
K -12 0 84
K 0 0 84
K 11 21 44
K 11 35 44
J R 9 4358 28 2 1 10000 0
K 0 0 46
A D 8 8
J B 23 4463 1 82 6913 2304 0
J R 7 4484 28 2 1 0 0
K 0 0 48
A D 2 8
J F 0 4522 98 1 1729 576 0
K 0 0 213
J N 7 4522 28 4 1729 0 0
K 0 0 43
K 0 0 60
K 0 21 60
A D 2 8
J N 7 4560 7 4 3457 576 0
K 0 0 43
K 0 0 60
K 0 21 60
A D 2 8
J N 7 4598 56 4 5185 576 0
K 0 0 43
K 0 0 59
K 0 -21 59
A D 2 8
J B 24 4640 1 82 6913 576 0
J R 9 4661 28 2 1 10000 0
K 0 0 46
A D 8 8
J B 25 4766 1 82 6913 2304 0
J R 7 4787 28 2 1 0 0
K 0 0 48
A D 2 8
J N 7 4825 35 4 1729 576 0
K 0 0 43
K 0 0 59
K 0 -21 59
A D 2 8
J N 7 4863 14 4 3457 576 0
K 0 0 43
K 0 0 60
K 0 21 60
A D 2 8
J N 7 4901 63 4 5185 576 0
K 0 0 43
K 0 0 59
K 0 -21 59
A D 2 8
J B 26 4943 1 82 6913 576 0
J R 9 4964 28 2 1 10000 0
K 0 0 46
A D 8 8
J B 27 5069 1 82 6913 2304 0
J F 0 5090 98 1 1 0 0
K 0 0 213
J N 7 5090 0 4 1 0 0
K 0 0 43
K 0 0 60
K 0 21 60
A D 2 8
J R 6 5128 28 2 1729 576 0
K 0 0 49
A D 1 8
J N 6 5157 14 3 2593 288 0
K 0 0 43
K 0 0 54
A D 1 8
J F 0 5186 98 1 3457 288 0
K 0 0 208
J N 6 5186 7 2 3457 0 1 19
K 0 0 43
A D 1 8
J N 6 5215 0 2 4321 288 1 19
K 0 0 43
A D 1 8
J F 0 5244 98 1 5185 288 0
K 0 0 205
J N 6 5244 -7 2 5185 0 1 19
K 0 0 43
A D 1 8
J N 6 5273 7 2 6049 288 1 19
K 0 0 43
A D 1 8
H 19 B 1 0 108 4 2 1 1 3
J B 28 5306 1 82 6913 288 0
J F 0 5327 98 2 1 0 0
K 0 0 206
K 0 21 213
J N 6 5327 0 2 1 0 1 20
K 0 0 43
A D 1 8
J N 6 5371 -14 6 865 288 1 20
K 0 0 45
K -18 0 63
K 0 0 43
K -1 0 45
K 2 0 45
A D 1 8
J N 6 5400 -21 5 1729 288 1 20
K 0 7 45
K 0 0 43
K 0 7 45
K 1 7 45
A D 1 8
J N 6 5429 14 2 2593 288 1 20
K 0 0 43
A D 1 8
H 20 B 1 0 108 4 2 1 1 3
J F 0 5458 98 2 3457 288 0
K 0 0 205
K 0 21 204
J N 6 5458 7 2 3457 0 1 21
K 0 0 43
A D 1 8
J N 6 5487 21 2 4321 288 1 21
K 0 0 43
A D 1 8
J F 0 5516 98 1 5185 288 0
K 0 0 213
J N 6 5516 0 2 5185 0 1 21
K 0 0 43
A D 1 8
J N 6 5545 49 2 6049 288 1 21
K 0 0 43
A D 1 8
H 21 B 1 0 108 4 2 1 1 3
J B 29 5578 1 82 6913 288 0
J N 7 5599 28 4 1 0 0
K 0 0 43
K 0 0 60
K 0 21 60
A D 2 8
J R 7 5637 28 2 1729 576 0
K 0 0 48
A D 2 8
J R 8 5675 28 2 3457 576 0
K 0 0 47
A D 4 8
J B 30 5732 1 82 6913 1152 0
J R 7 5753 28 2 1 0 0
K 0 0 48
A D 2 8
J F 0 5791 98 1 1729 576 0
K 0 0 218
J N 7 5791 7 4 1729 0 0
K 0 0 43
K 0 0 60
K 0 21 60
A D 2 8
J F 0 5829 98 1 3457 576 0
K 0 0 219
J N 7 5829 35 4 3457 0 0
K 0 0 43
K 0 0 59
K 0 -21 59
A D 2 8
J R 7 5867 28 2 5185 576 0
K 0 0 48
A D 2 8
J B 31 5909 1 82 6913 576 0
J R 8 5930 28 2 1 0 0
K 0 0 47
A D 4 8
J R 7 5983 28 2 3457 1152 0
K 0 0 48
A D 2 8
J N 7 6021 14 4 5185 576 0
K 0 0 43
K 0 0 60
K 0 21 60
A D 2 8
J B 32 6063 1 82 6913 576 0
J N 6 6084 42 2 1 0 1 22
K 0 0 43
A D 1 8
J N 6 6113 -7 2 865 288 1 22
K 0 0 43
A D 1 8
J F 0 6142 98 1 1729 288 0
K 0 0 205
J N 6 6142 -21 5 1729 0 1 22
K 0 7 45
K 0 0 43
K 0 7 45
K 1 7 45
A D 1 8
J N 6 6171 -7 2 2593 288 1 22
K 0 0 43
A D 1 8
H 22 B 1 0 108 4 2 1 1 3
J F 0 6200 98 1 3457 288 0
K 0 0 203
J N 6 6200 -35 6 3457 0 1 23
K 0 21 45
K 0 7 45
K 0 0 43
K 0 7 45
K 1 7 45
A D 1 8
J N 6 6229 14 2 4321 288 1 23
K 0 0 43
A D 1 8
J F 0 6258 98 1 5185 288 0
K 0 0 205
J N 6 6258 0 2 5185 0 1 23
K 0 0 43
A D 1 8
J N 6 6287 14 2 6049 288 1 23
K 0 0 43
A D 1 8
H 23 B 1 0 108 4 2 1 1 3
J B 33 6320 1 82 6913 288 0
J F 0 6341 98 1 1 0 0
K 0 0 208
J N 6 6341 7 2 1 0 1 24
K 0 0 43
A D 1 8
J N 6 6370 0 2 865 288 1 24
K 0 0 43
A D 1 8
J F 0 6399 98 1 1729 288 0
K 0 0 205
J N 6 6399 -7 2 1729 0 1 24
K 0 0 43
A D 1 8
J N 6 6428 -14 5 2593 288 1 24
K 0 0 45
K 0 0 43
K -1 0 45
K 2 0 45
A D 1 8
H 24 B 1 0 108 4 2 1 1 3
J F 0 6457 98 1 3457 288 0
K 0 0 203
J N 6 6457 -21 5 3457 0 1 25
K 0 7 45
K 0 0 43
K 0 7 45
K 1 7 45
A D 1 8
J N 6 6486 28 2 4321 288 1 25
K 0 0 43
A D 1 8
J F 0 6515 98 1 5185 288 0
K 0 0 205
J N 6 6515 14 2 5185 0 1 25
K 0 0 43
A D 1 8
J N 6 6544 28 2 6049 288 1 25
K 0 0 43
A D 1 8
H 25 B 1 0 108 4 2 1 1 3
J B 34 6577 1 82 6913 288 0
J F 0 6602 98 1 1 0 0
K 0 0 208
J N 6 6602 21 3 1 0 1 26
K -15 0 65
K 0 0 43
A D 1 8
J N 6 6631 14 2 865 288 1 26
K 0 0 43
A D 1 8
J F 0 6660 98 2 1729 288 0
K 0 0 205
K 15 0 219
J N 6 6660 7 2 1729 0 1 26
K 0 0 43
A D 1 8
J N 6 6695 0 2 2593 288 1 26
K 0 0 43
A D 1 8
H 26 B 1 0 108 4 2 1 1 3
J F 0 6724 98 2 3457 288 0
K 0 0 203
K 15 0 219
J N 6 6724 -7 2 3457 0 1 27
K 0 0 43
A D 1 8
J N 6 6759 42 2 4321 288 1 27
K 0 0 43
A D 1 8
J F 0 6788 98 1 5185 288 0
K 0 0 205
J N 6 6788 28 2 5185 0 1 27
K 0 0 43
A D 1 8
J N 6 6817 42 2 6049 288 1 27
K 0 0 43
A D 1 8
H 27 B 1 0 108 4 2 1 1 3
J B 35 6850 1 82 6913 288 0
J F 0 6871 98 2 1 0 0
K 0 0 208
K 0 21 219
J N 6 6871 35 2 1 0 1 28
K 0 0 43
A D 1 8
J N 6 6900 28 2 865 288 1 28
K 0 0 43
A D 1 8
J F 0 6937 98 1 1729 288 0
K 0 0 205
J N 6 6937 21 3 1729 0 1 28
K -15 0 65
K 0 0 43
A D 1 8
J N 6 6966 35 2 2593 288 1 28
K 0 0 43
A D 1 8
H 28 B 1 0 108 4 2 1 1 3
J F 0 6995 98 2 3457 288 0
K 0 0 206
K 0 21 213
J N 6 6995 28 2 3457 0 1 29
K 0 0 43
A D 1 8
J N 6 7024 -21 5 4321 288 1 29
K 0 7 45
K 0 0 43
K 0 7 45
K 1 7 45
A D 1 8
J F 0 7061 98 1 5185 288 0
K 0 0 204
J N 6 7061 -28 7 5185 0 1 29
K 0 14 45
K 0 0 45
K -15 0 65
K 0 0 43
K -1 0 45
K 2 0 45
A D 1 8
J F 0 7090 98 1 6049 288 0
K 0 0 205
J N 6 7090 -7 2 6049 0 1 29
K 0 0 43
A D 1 8
H 29 B 1 0 108 4 2 1 1 3
J B 36 7123 1 82 6913 288 0
J F 0 7144 98 3 1 0 0
K 0 0 205
K 0 21 204
K 0 42 219
J N 6 7144 -14 5 1 0 1 30
K 0 0 45
K 0 0 43
K -1 0 45
K 2 0 45
A D 1 8
J N 6 7173 0 2 865 288 1 30
K 0 0 43
A D 1 8
J F 0 7202 98 1 1729 288 0
K 0 0 213
J N 6 7202 -21 5 1729 0 1 30
K 0 7 45
K 0 0 43
K 0 7 45
K 1 7 45
A D 1 8
J N 6 7231 28 2 2593 288 1 30
K 0 0 43
A D 1 8
H 30 B 1 0 108 4 2 1 1 3
J N 6 7260 7 2 3457 288 1 31
K 0 0 43
A D 1 8
J N 6 7289 -7 3 4321 288 1 31
K 0 0 43
K 0 86 108
A D 1 8
J F 0 7318 98 1 5185 288 0
K 0 0 205
J N 6 7318 -21 5 5185 0 1 31
K 0 7 45
K 0 0 43
K 0 7 45
K 1 7 45
A D 1 8
J N 6 7347 -7 2 6049 288 1 31
K 0 0 43
A D 1 8
H 31 B 1 0 108 4 2 1 1 3
J B 37 7380 1 82 6913 288 0
J F 0 7401 98 1 1 0 0
K 0 0 203
J N 6 7401 -35 6 1 0 1 32
K 0 21 45
K 0 7 45
K 0 0 43
K 0 7 45
K 1 7 45
A D 1 8
J N 6 7430 14 2 865 288 1 32
K 0 0 43
A D 1 8
J F 0 7459 98 1 1729 288 0
K 0 0 205
J N 6 7459 0 2 1729 0 1 32
K 0 0 43
A D 1 8
J N 6 7488 14 2 2593 288 1 32
K 0 0 43
A D 1 8
H 32 B 1 0 108 4 2 1 1 3
J F 0 7517 98 1 3457 288 0
K 0 0 208
J N 6 7517 7 2 3457 0 1 33
K 0 0 43
A D 1 8
J N 6 7546 0 2 4321 288 1 33
K 0 0 43
A D 1 8
J F 0 7575 98 1 5185 288 0
K 0 0 205
J N 6 7575 -7 2 5185 0 1 33
K 0 0 43
A D 1 8
J N 6 7604 -14 5 6049 288 1 33
K 0 0 45
K 0 0 43
K -1 0 45
K 2 0 45
A D 1 8
H 33 B 1 0 108 4 2 1 1 3
J B 38 7637 1 82 6913 288 0
J F 0 7658 98 1 1 0 0
K 0 0 203
J N 6 7658 -21 5 1 0 1 34
K 0 7 45
K 0 0 43
K 0 7 45
K 1 7 45
A D 1 8
J N 6 7687 28 2 865 288 1 34
K 0 0 43
A D 1 8
J F 0 7716 98 1 1729 288 0
K 0 0 205
J N 6 7716 14 2 1729 0 1 34
K 0 0 43
A D 1 8
J N 6 7745 28 2 2593 288 1 34
K 0 0 43
A D 1 8
H 34 B 1 0 108 4 2 1 1 3
J F 0 7782 98 1 3457 288 0
K 0 0 208
J N 6 7782 21 3 3457 0 1 35
K -15 0 65
K 0 0 43
A D 1 8
J N 6 7811 14 2 4321 288 1 35
K 0 0 43
A D 1 8
J F 0 7840 98 2 5185 288 0
K 0 0 205
K 15 0 219
J N 6 7840 7 2 5185 0 1 35
K 0 0 43
A D 1 8
J N 6 7875 0 2 6049 288 1 35
K 0 0 43
A D 1 8
H 35 B 1 0 108 4 2 1 1 3
J B 39 7908 1 82 6913 288 0
J F 0 7929 98 2 1 0 0
K 0 0 203
K 15 0 219
J N 6 7929 -7 2 1 0 1 36
K 0 0 43
A D 1 8
J N 6 7964 42 2 865 288 1 36
K 0 0 43
A D 1 8
J F 0 7993 98 1 1729 288 0
K 0 0 205
J N 6 7993 28 2 1729 0 1 36
K 0 0 43
A D 1 8
J N 6 8022 42 2 2593 288 1 36
K 0 0 43
A D 1 8
H 36 B 1 0 108 4 2 1 1 3
J F 0 8051 98 2 3457 288 0
K 0 0 208
K 0 21 219
J N 6 8051 35 2 3457 0 1 37
K 0 0 43
A D 1 8
J N 6 8080 28 2 4321 288 1 37
K 0 0 43
A D 1 8
J F 0 8117 98 1 5185 288 0
K 0 0 205
J N 6 8117 21 3 5185 0 1 37
K -15 0 65
K 0 0 43
A D 1 8
J N 6 8146 35 2 6049 288 1 37
K 0 0 43
A D 1 8
H 37 B 1 0 108 4 2 1 1 3
J B 40 8179 1 82 6913 288 0
J F 0 8200 98 2 1 0 0
K 0 0 206
K 0 21 213
J N 6 8200 28 2 1 0 1 38
K 0 0 43
A D 1 8
J N 6 8229 -21 5 865 288 1 38
K 0 7 45
K 0 0 43
K 0 7 45
K 1 7 45
A D 1 8
J F 0 8266 98 1 1729 288 0
K 0 0 204
J N 6 8266 -28 7 1729 0 1 38
K 0 14 45
K 0 0 45
K -15 0 65
K 0 0 43
K -1 0 45
K 2 0 45
A D 1 8
J N 6 8295 -7 2 2593 288 1 38
K 0 0 43
A D 1 8
H 38 B 1 0 108 4 2 1 1 3
J F 0 8324 98 3 3457 288 0
K 0 0 205
K 0 21 204
K 0 42 219
J N 6 8324 -14 5 3457 0 1 39
K 0 0 45
K 0 0 43
K -1 0 45
K 2 0 45
A D 1 8
J N 6 8353 0 2 4321 288 1 39
K 0 0 43
A D 1 8
J F 0 8382 98 1 5185 288 0
K 0 0 213
J N 6 8382 -21 5 5185 0 1 39
K 0 7 45
K 0 0 43
K 0 7 45
K 1 7 45
A D 1 8
J N 6 8411 28 2 6049 288 1 39
K 0 0 43
A D 1 8
H 39 B 1 0 108 4 2 1 1 3
J B 41 8444 1 82 6913 288 0
J N 6 8465 7 2 1 0 1 40
K 0 0 43
A D 1 8
J N 6 8494 14 3 865 288 1 40
K 0 0 43
K 0 85 110
A D 1 8
J F 0 8531 98 1 1729 288 0
K 0 0 205
J N 6 8531 21 3 1729 0 1 40
K -15 0 65
K 0 0 43
A D 1 8
J N 6 8560 35 2 2593 288 1 40
K 0 0 43
A D 1 8
H 40 B 1 0 108 4 2 1 1 3
J F 0 8589 98 2 3457 288 0
K 0 0 206
K 0 21 213
J N 6 8589 28 2 3457 0 1 41
K 0 0 43
A D 1 8
J N 6 8618 28 2 4321 288 1 41
K 0 0 43
A D 1 8
J F 0 8647 98 1 5185 288 0
K 0 0 204
J N 6 8647 21 2 5185 0 1 41
K 0 0 43
A D 1 8
J N 6 8676 42 2 6049 288 1 41
K 0 0 43
A D 1 8
H 41 B 0 0 108 4 2 1 1 3
J B 42 8709 1 82 6913 288 0
J F 0 8730 98 3 1 0 0
K 0 0 205
K 0 21 204
K 0 42 219
J N 6 8730 35 2 1 0 1 42
K 0 0 43
A D 1 8
J N 6 8759 49 2 865 288 1 42
K 0 0 43
A D 1 8
J F 0 8788 98 1 1729 288 0
K 0 0 213
J N 6 8788 28 2 1729 0 1 42
K 0 0 43
A D 1 8
J N 6 8817 77 5 2593 288 1 42
K 1 -7 45
K 0 0 43
K 0 -7 45
K 1 -7 45
A D 1 8
H 42 B 0 0 108 4 2 1 1 3
J N 8 8846 56 4 3457 288 0
K 0 0 42
K 0 0 59
K 0 -21 59
A D 4 8
J B 0 8926 6 4 6913 1152 0
K -23 21 44
K -23 35 44
K -13 0 82
K -6 0 84
J M 0 8926 0 0 10000 0 0
