@ SOURCE: not identified 
L 0 0 14 !39Violino 2 concertino
J D 4 500 -120 1 6913 0 0
W 0 0 44 III
J D 1 75 -37 1 6913 0 0
W 0 -56 44 III:  Violino 2 concertino
J C 4 5 42 2 6913 0 0
K 0 0 33
K 0 0 34
J K -1 57 0 1 6913 0 0
K 0 28 65
J D 5 86 -42 1 6913 0 0
W 0 0 37 Allegro
J T 0 86 42 1 6913 0 0
K 0 0 38
J R 9 137 28 2 1 10000 0
K 0 0 46
A D 16 8
J B 2 242 1 82 6913 4608 0
J R 8 263 28 2 1 0 0
K 0 0 47
A D 4 8
J N 8 301 28 4 1729 1152 0
K 0 0 42
K 0 0 60
K 0 21 60
A D 4 8
J N 8 339 21 4 3457 1152 0
K 0 0 42
K 0 0 60
K 0 21 60
A D 4 8
J N 8 377 0 4 5185 1152 0
K 0 0 42
K 0 0 60
K 0 21 60
A D 4 8
J B 3 419 1 82 6913 1152 0
J N 8 440 28 4 1 0 0
K 0 0 42
K 0 0 60
K 0 21 60
A D 4 8
J N 9 478 7 3 1729 1152 0
K -15 0 65
K 0 0 41
A D 8 8
J N 8 531 14 4 5185 2304 0
K 0 0 42
K 0 0 60
K 0 21 60
A D 4 8
J B 4 573 1 82 6913 1152 0
J N 8 594 21 4 1 0 0
K 0 0 42
K 0 0 60
K 0 21 60
A D 4 8
J N 9 632 0 2 1729 1152 0
K 0 0 41
A D 8 8
J N 8 685 7 5 5185 2304 1 1
K -15 0 65
K 0 0 42
K 0 0 60
K 0 21 60
A D 4 8
J B 5 727 1 82 6913 1152 0
J N 8 751 7 5 1 0 1 1
k -15 0 65
K 0 0 42
K 0 0 60
K 0 21 60
A D 4 8
H 1 T 7 0 0 0 0 0 1 0
J N 9 789 14 2 1729 1152 0
K 0 0 41
A D 8 8
J N 8 842 21 4 5185 2304 1 2
K 0 0 42
K 0 0 60
K 0 21 60
A D 4 8
J B 6 884 1 82 6913 1152 0
J N 8 905 21 4 1 0 1 2
K 0 0 42
K 0 0 60
K 0 21 60
A D 4 8
H 2 T 21 0 0 0 0 0 1 0
J N 8 943 28 4 1729 1152 0
K 0 0 42
K 0 0 60
K 0 21 60
A D 4 8
J N 8 981 56 5 3457 1152 0
K -15 0 65
K 0 0 42
K 0 0 59
K 0 -21 59
A D 4 8
J N 8 1019 49 4 5185 1152 0
K 0 0 42
K 0 0 59
K 0 -21 59
A D 4 8
J B 7 1061 1 82 6913 1152 0
J N 8 1082 77 7 1 0 0
K 1 -7 45
K 0 0 42
K 0 -7 45
K 1 -7 45
K 0 0 59
K 0 -21 59
A D 4 8
J N 8 1120 0 4 1729 1152 0
K 0 0 42
K 0 0 60
K 0 21 60
A D 4 8
J N 8 1161 7 5 3457 1152 0
K -15 0 65
K 0 0 42
K 0 0 60
K 0 21 60
A D 4 8
J N 8 1199 21 4 5185 1152 1 3
K 0 0 42
K 0 0 60
K 0 21 60
A D 4 8
J B 8 1241 1 82 6913 1152 0
J N 8 1262 21 4 1 0 1 3
K 0 0 42
K 0 0 60
K 0 21 60
A D 4 8
H 3 T 21 0 0 0 0 0 1 0
J N 8 1300 28 4 1729 1152 0
K 0 0 42
K 0 0 60
K 0 21 60
A D 4 8
J N 8 1338 7 5 3457 1152 0
K -14 0 64
K 0 0 42
K 0 0 60
K 0 21 60
A D 4 8
J N 8 1376 21 4 5185 1152 0
K 0 0 42
K 0 0 60
K 0 21 60
A D 4 8
J B 9 1418 1 82 6913 1152 0
J N 9 1439 28 2 1 0 0
K 0 0 41
A D 8 8
J N 8 1492 35 4 3457 2304 0
K 0 0 42
K 0 0 59
K 0 -21 59
A D 4 8
J N 8 1530 0 4 5185 1152 1 4
K 0 0 42
K 0 0 60
K 0 21 60
A D 4 8
J B 10 1572 1 82 6913 1152 0
J N 8 1593 0 4 1 0 1 4
K 0 0 42
K 0 0 60
K 0 21 60
A D 4 8
H 4 T 0 0 0 0 0 0 5 0
J N 9 1631 7 2 1729 1152 0
K 0 0 41
A D 8 8
J N 8 1684 14 4 5185 2304 1 5
K 0 0 42
K 0 0 60
K 0 21 60
A D 4 8
J B 11 1726 1 82 6913 1152 0
J N 8 1747 14 4 1 0 1 5
K 0 0 42
K 0 0 60
K 0 21 60
A D 4 8
H 5 T 14 0 0 0 0 0 5 0
J N 9 1785 21 2 1729 1152 0
K 0 0 41
A D 8 8
J N 8 1838 28 4 5185 2304 1 6
K 0 0 42
K 0 0 60
K 0 21 60
A D 4 8
J B 12 1880 1 82 6913 1152 0
J N 8 1901 28 4 1 0 1 6
K 0 0 42
K 0 0 60
K 0 21 60
A D 4 8
H 6 T 28 0 0 0 0 0 5 0
J N 8 1939 35 4 1729 1152 0
K 0 0 42
K 0 0 59
K 0 -21 59
A D 4 8
J N 9 1977 42 2 3457 1152 0
K 0 0 41
A D 8 8
J B 13 2034 1 82 6913 2304 0
J N 8 2055 35 4 1 0 0
K 0 0 42
K 0 0 59
K 0 -21 59
A D 4 8
J N 8 2093 49 4 1729 1152 0
K 0 0 42
K 0 0 59
K 0 -21 59
A D 4 8
J N 9 2131 42 2 3457 1152 0
K 0 0 41
A D 8 8
J B 14 2188 1 82 6913 2304 0
J N 8 2209 35 4 1 0 0
K 0 0 42
K 0 0 59
K 0 -21 59
A D 4 8
J N 8 2247 28 4 1729 1152 0
K 0 0 42
K 0 0 60
K 0 21 60
A D 4 8
J N 8 2285 56 5 3457 1152 0
K -15 0 65
K 0 0 42
K 0 0 59
K 0 -21 59
A D 4 8
J N 8 2326 7 5 5185 1152 1 7
K -15 0 65
K 0 0 42
K 0 0 60
K 0 21 60
A D 4 8
J B 15 2368 1 82 6913 1152 0
J N 8 2392 7 5 1 0 1 7
k -15 0 65
K 0 0 42
K 0 0 60
K 0 21 60
A D 4 8
H 7 T 7 0 0 0 0 0 1 0
J N 8 2430 14 4 1729 1152 0
K 0 0 42
K 0 0 60
K 0 21 60
A D 4 8
J N 9 2468 21 2 3457 1152 0
K 0 0 41
A D 8 8
J B 16 2525 1 82 6913 2304 0
J N 9 2546 28 2 1 0 0
K 0 0 41
A D 8 8
J N 9 2599 35 2 3457 2304 0
K 0 0 41
A D 8 8
J B 17 2656 1 82 6913 2304 0
J N 8 2677 42 5 1 0 0
K 0 0 42
K 24 -6 44
K 0 0 59
K 0 -21 59
A D 6 8
J N 7 2723 21 4 2593 1728 0
K 0 0 43
K 0 0 60
K 0 21 60
A D 2 8
J N 7 2752 35 4 3457 576 0
K 0 0 43
K 0 0 59
K 0 -21 59
A D 2 8
J N 7 2781 49 4 4321 576 0
K 0 0 43
K 0 0 59
K 0 -21 59
A D 2 8
J N 8 2810 28 4 5185 576 1 8
K 0 0 42
K 0 0 60
K 0 21 60
A D 4 8
J B 18 2852 1 82 6913 1152 0
J N 8 2873 28 4 1 0 1 8
K 0 0 42
K 0 0 60
K 0 21 60
A D 4 8
H 8 T 28 0 0 0 0 0 5 0
J N 8 2911 35 4 1729 1152 0
K 0 0 42
K 0 0 59
K 0 -21 59
A D 4 8
J R 8 2949 28 2 3457 1152 0
K 0 0 47
A D 4 8
J N 8 2987 28 4 5185 1152 0
K 0 0 42
K 0 0 60
K 0 21 60
A D 4 8
J B 19 3029 1 82 6913 1152 0
J N 8 3050 21 4 1 0 0
K 0 0 42
K 0 0 60
K 0 21 60
A D 4 8
J N 8 3088 49 4 1729 1152 0
K 0 0 42
K 0 0 59
K 0 -21 59
A D 4 8
J R 8 3126 28 2 3457 1152 0
K 0 0 47
A D 4 8
J N 8 3164 28 4 5185 1152 0
K 0 0 42
K 0 0 60
K 0 21 60
A D 4 8
J B 20 3206 1 82 6913 1152 0
J N 8 3227 21 4 1 0 0
K 0 0 42
K 0 0 60
K 0 21 60
A D 4 8
J N 8 3265 49 4 1729 1152 0
K 0 0 42
K 0 0 59
K 0 -21 59
A D 4 8
J R 8 3303 28 2 3457 1152 0
K 0 0 47
A D 4 8
J N 8 3341 0 4 5185 1152 1 9
K 0 0 42
K 0 0 60
K 0 21 60
A D 4 8
J B 21 3383 1 82 6913 1152 0
J N 8 3404 0 4 1 0 1 9
K 0 0 42
K 0 0 60
K 0 21 60
A D 4 8
H 9 T 0 0 0 0 0 0 5 0
J N 8 3442 7 4 1729 1152 0
K 0 0 42
K 0 0 60
K 0 21 60
A D 4 8
J N 9 3480 0 2 3457 1152 0
K 0 0 41
A D 8 8
J B 22 3537 1 82 6913 2304 0
J N 9 3558 49 2 1 0 0
K 0 0 41
A D 8 8
J N 9 3611 42 2 3457 2304 0
K 0 0 41
A D 8 8
J B 23 3668 1 82 6913 2304 0
J N 8 3689 49 4 1 0 0
K 0 0 42
K 0 0 59
K 0 -21 59
A D 4 8
J N 9 3727 28 2 1729 1152 0
K 0 0 41
A D 8 8
J N 8 3780 35 4 5185 2304 0
K 0 0 42
K 0 0 59
K 0 -21 59
A D 4 8
J B 24 3822 1 82 6913 1152 0
J N 9 3843 28 2 1 0 0
K 0 0 41
A D 8 8
J N 8 3896 35 4 3457 2304 0
K 0 0 42
K 0 0 59
K 0 -21 59
A D 4 8
J N 8 3934 0 4 5185 1152 0
K 0 0 42
K 0 0 60
K 0 21 60
A D 4 8
J B 25 3976 1 82 6913 1152 0
J N 9 4000 7 3 1 0 0
K -15 0 65
K 0 0 41
A D 8 8
J N 9 4053 14 2 3457 2304 0
K 0 0 41
A D 8 8
J B 26 4110 1 82 6913 2304 0
J N 9 4131 21 2 1 0 0
K 0 0 41
A D 8 8
J N 9 4184 28 2 3457 2304 0
K 0 0 41
A D 8 8
J B 27 4241 1 82 6913 2304 0
J N 9 4262 35 2 1 0 0
K 0 0 41
A D 8 8
J N 9 4315 42 2 3457 2304 0
K 0 0 41
A D 8 8
J B 28 4372 1 82 6913 2304 0
J N 9 4393 -14 6 1 0 0
K 0 0 45
K 6 0 45
K 0 0 41
K -1 0 45
K 2 0 45
A D 8 8
J N 9 4446 -7 2 3457 2304 0
K 0 0 41
A D 8 8
J B 29 4503 1 82 6913 2304 0
J N 8 4524 0 5 1 0 0
K 0 0 42
K 24 -6 44
K 0 0 60
K 0 21 60
A D 6 8
J N 7 4570 -7 4 2593 1728 0
K 0 0 43
K 0 0 60
K 0 21 60
A D 2 8
J N 7 4611 7 5 3457 576 0
K -15 0 65
K 0 0 43
K 0 0 60
K 0 21 60
A D 2 8
J N 7 4640 21 4 4321 576 0
K 0 0 43
K 0 0 60
K 0 21 60
A D 2 8
J N 7 4669 0 4 5185 576 0
K 0 0 43
K 0 0 60
K 0 21 60
A D 2 8
J N 7 4698 21 4 6049 576 0
K 0 0 43
K 0 0 60
K 0 21 60
A D 2 8
J B 30 4731 1 82 6913 576 0
J N 7 4752 14 4 1 0 0
K 0 0 43
K 0 0 60
K 0 21 60
A D 2 8
J N 7 4781 28 4 865 576 0
K 0 0 43
K 0 0 60
K 0 21 60
A D 2 8
J N 7 4814 7 5 1729 576 0
K -15 0 65
K 0 0 43
K 0 0 60
K 0 21 60
A D 2 8
J N 7 4843 28 4 2593 576 0
K 0 0 43
K 0 0 60
K 0 21 60
A D 2 8
J N 7 4872 21 4 3457 576 0
K 0 0 43
K 0 0 60
K 0 21 60
A D 2 8
J N 7 4901 35 4 4321 576 0
K 0 0 43
K 0 0 59
K 0 -21 59
A D 2 8
J N 8 4930 14 4 5185 576 1 10
K 0 0 42
K 0 0 60
K 0 21 60
A D 4 8
J B 31 4972 1 82 6913 1152 0
J N 8 4993 14 4 1 0 1 10
K 0 0 42
K 0 0 60
K 0 21 60
A D 4 8
H 10 T 14 0 0 0 0 0 5 0
J N 8 5031 21 4 1729 1152 0
K 0 0 42
K 0 0 60
K 0 21 60
A D 4 8
J N 9 5069 14 2 3457 1152 0
K 0 0 41
A D 8 8
J B 32 5126 1 82 6913 2304 0
J R 8 5147 28 2 1 0 0
K 0 0 47
A D 4 8
J N 8 5185 -14 7 1729 1152 0
K 0 0 45
K 0 0 42
K -1 0 45
K 2 0 45
K 0 0 60
K 0 21 60
A D 4 8
J N 8 5223 -21 7 3457 1152 0
K 0 7 45
K 0 0 42
K 0 7 45
K 1 7 45
K 0 0 60
K 0 21 60
A D 4 8
J N 8 5262 0 5 5185 1152 0
K -18 0 63
K 0 0 42
K 0 0 60
K 0 21 60
A D 4 8
J B 33 5304 1 82 6913 1152 0
J N 8 5325 -7 5 1 0 0
K 0 0 42
K 25 0 44
K 0 0 60
K 0 21 60
A D 6 8
J N 7 5377 0 5 2593 1728 0
K -14 0 64
K 0 0 43
K 0 0 60
K 0 21 60
A D 2 8
J N 9 5418 7 3 3457 576 0
K -15 0 65
K 0 0 41
A D 8 8
J B 34 5475 1 82 6913 2304 0
J N 9 5496 14 2 1 0 0
K 0 0 41
A D 8 8
J N 9 5549 21 2 3457 2304 0
K 0 0 41
A D 8 8
J B 35 5606 1 82 6913 2304 0
J R 9 5627 28 2 1 0 0
K 0 0 46
A D 8 8
J R 8 5680 28 2 3457 2304 0
K 0 0 47
A D 4 8
J N 8 5718 21 4 5185 1152 0
K 0 0 42
K 0 0 60
K 0 21 60
A D 4 8
J B 36 5760 1 82 6913 1152 0
J N 8 5781 14 4 1 0 0
K 0 0 42
K 0 0 60
K 0 21 60
A D 4 8
J N 8 5819 -7 4 1729 1152 0
K 0 0 42
K 0 0 60
K 0 21 60
A D 4 8
J N 8 5857 21 4 3457 1152 0
K 0 0 42
K 0 0 60
K 0 21 60
A D 4 8
J N 8 5895 -28 8 5185 1152 1 11
K 0 14 45
K 0 0 45
K 0 0 42
K -1 0 45
K 2 0 45
K 0 0 60
K 0 28 60
A D 4 8
J B 37 5937 1 82 6913 1152 0
J N 8 5958 -28 8 1 0 1 11
K 0 14 45
K 0 0 45
K 0 0 42
K -1 0 45
K 2 0 45
K 0 0 60
K 0 28 60
A D 4 8
H 11 T -28 0 0 0 0 0 5 0
J N 9 5996 0 2 1729 1152 0
K 0 0 41
A D 8 8
J N 8 6049 -21 7 5185 2304 1 12
K 0 7 45
K 0 0 42
K 0 7 45
K 1 7 45
K 0 0 60
K 0 21 60
A D 4 8
J B 38 6091 1 82 6913 1152 0
J N 8 6112 -21 7 1 0 1 12
K 0 7 45
K 0 0 42
K 0 7 45
K 1 7 45
K 0 0 60
K 0 21 60
A D 4 8
H 12 T -21 0 0 0 0 0 1 0
J N 8 6150 28 4 1729 1152 0
K 0 0 42
K 0 0 60
K 0 21 60
A D 4 8
J N 9 6188 21 2 3457 1152 0
K 0 0 41
A D 8 8
J B 39 6245 1 82 6913 2304 0
J N 8 6266 14 4 1 0 0
K 0 0 42
K 0 0 60
K 0 21 60
A D 4 8
J N 8 6307 7 5 1729 1152 0
K -15 0 65
K 0 0 42
K 0 0 60
K 0 21 60
A D 4 8
J N 8 6345 35 4 3457 1152 0
K 0 0 42
K 0 0 59
K 0 -21 59
A D 4 8
J N 7 6383 14 4 5185 1152 0
K 0 0 43
K 0 0 60
K 0 21 60
A D 2 8
J N 7 6412 21 4 6049 576 0
K 0 0 43
K 0 0 60
K 0 21 60
A D 2 8
J B 40 6445 1 82 6913 576 0
J N 7 6466 28 4 1 0 0
K 0 0 43
K 0 0 60
K 0 21 60
A D 2 8
J N 7 6495 42 4 865 576 0
K 0 0 43
K 0 0 59
K 0 -21 59
A D 2 8
J N 8 6536 7 5 1729 576 1 13
K -15 0 65
K 0 0 42
K 0 0 60
K 0 21 60
A D 4 8
J N 7 6574 7 4 3457 1152 1 13
K 0 0 43
K 0 0 60
K 0 21 60
A D 2 8
H 13 T 7 0 0 0 0 0 1 0
J N 7 6603 21 4 4321 576 0
K 0 0 43
K 0 0 60
K 0 21 60
A D 2 8
J N 8 6632 0 4 5185 576 1 14
K 0 0 42
K 0 0 60
K 0 21 60
A D 4 8
J B 41 6674 1 82 6913 1152 0
J N 7 6695 0 4 1 0 1 14
K 0 0 43
K 0 0 60
K 0 21 60
A D 2 8
H 14 T 0 0 0 0 0 0 5 0
J N 7 6724 14 4 865 576 0
K 0 0 43
K 0 0 60
K 0 21 60
A D 2 8
J N 8 6753 -7 4 1729 576 1 15
K 0 0 42
K 0 0 60
K 0 21 60
A D 4 8
J N 7 6791 -7 4 3457 1152 1 15
K 0 0 43
K 0 0 60
K 0 21 60
A D 2 8
H 15 T -7 0 0 0 0 0 1 0
J N 7 6831 7 5 4321 576 0
K -14 0 64
K 0 0 43
K 0 0 60
K 0 21 60
A D 2 8
J N 8 6860 -14 7 5185 576 1 16
K 0 0 45
K 0 0 42
K -1 0 45
K 2 0 45
K 0 0 60
K 0 21 60
A D 4 8
J B 42 6902 1 82 6913 1152 0
J N 7 6923 -14 7 1 0 1 16
K 0 0 45
K 0 0 43
K -1 0 45
K 2 0 45
K 0 0 60
K 0 21 60
A D 2 8
H 16 T -14 0 0 0 0 0 5 0
J N 7 6966 0 5 865 576 0
K -18 0 63
K 0 0 43
K 0 0 60
K 0 21 60
A D 2 8
J N 7 6995 -21 7 1729 576 0
K 0 7 45
K 0 0 43
K 0 7 45
K 1 7 45
K 0 0 60
K 0 21 60
A D 2 8
J N 7 7024 -14 7 2593 576 0
K 0 0 45
K 0 0 43
K -1 0 45
K 2 0 45
K 0 0 60
K 0 21 60
A D 2 8
J N 7 7053 -7 4 3457 576 0
K 0 0 43
K 0 0 60
K 0 21 60
A D 2 8
J N 7 7082 -21 7 4321 576 0
K 0 7 45
K 0 0 43
K 0 7 45
K 1 7 45
K 0 0 60
K 0 21 60
A D 2 8
J N 7 7111 -14 7 5185 576 0
K 0 0 45
K 0 0 43
K -1 0 45
K 2 0 45
K 0 0 60
K 0 21 60
A D 2 8
J N 7 7140 -7 4 6049 576 0
K 0 0 43
K 0 0 60
K 0 21 60
A D 2 8
J B 43 7173 1 82 6913 576 0
J N 9 7200 0 3 1 0 0
K -18 0 63
K 0 0 41
A D 8 8
J N 7 7253 -35 9 3457 2304 1 17
K 0 21 45
K 0 7 45
K 0 0 43
K 0 7 45
K 1 7 45
K 0 0 60
K 0 28 60
K 0 35 60
A D 2 8
J N 7 7282 -28 8 4321 576 1 17
K 0 14 45
K 0 0 45
K 0 0 43
K -1 0 45
K 2 0 45
K 0 0 60
K 0 28 60
A D 2 8
H 17 S 0 0 0 0 0 0 0 0 0
J N 7 7311 -21 7 5185 576 1 18
K 0 7 45
K 0 0 43
K 0 7 45
K 1 7 45
K 0 0 60
K 0 21 60
A D 2 8
J N 7 7340 -14 7 6049 576 1 18
K 0 0 45
K 0 0 43
K -1 0 45
K 2 0 45
K 0 0 60
K 0 21 60
A D 2 8
H 18 S 0 0 0 0 0 0 0 0 0
J B 44 7373 1 82 6913 576 0
J N 7 7394 -21 7 1 0 1 19
K 0 7 45
K 0 0 43
K 0 7 45
K 1 7 45
K 0 0 60
K 0 21 60
A D 2 8
J N 7 7423 -14 7 865 576 1 19
K 0 0 45
K 0 0 43
K -1 0 45
K 2 0 45
K 0 0 60
K 0 21 60
A D 2 8
H 19 S 0 0 0 0 0 0 0 0 0
J N 7 7452 -7 4 1729 576 1 20
K 0 0 43
K 0 0 60
K 0 21 60
A D 2 8
J N 7 7496 0 5 2593 576 1 20
K -18 0 63
K 0 0 43
K 0 0 60
K 0 21 60
A D 2 8
H 20 S 0 0 0 0 0 0 0 0 0
J N 7 7525 -7 4 3457 576 1 21
K 0 0 43
K 0 0 60
K 0 21 60
A D 2 8
J N 7 7565 0 5 4321 576 1 21
K -14 0 64
K 0 0 43
K 0 0 60
K 0 21 60
A D 2 8
H 21 S 0 0 0 0 0 0 0 0 0
J N 7 7606 7 5 5185 576 1 22
K -15 0 65
K 0 0 43
K 0 0 60
K 0 21 60
A D 2 8
J N 7 7635 14 4 6049 576 1 22
K 0 0 43
K 0 0 60
K 0 21 60
A D 2 8
H 22 S 0 0 0 0 0 0 0 0 0
J B 45 7668 1 82 6913 576 0
J N 7 7693 7 5 1 0 1 23
K -15 0 65
K 0 0 43
K 0 0 60
K 0 21 60
A D 2 8
J N 7 7722 14 4 865 576 1 23
K 0 0 43
K 0 0 60
K 0 21 60
A D 2 8
H 23 S 0 0 0 0 0 0 0 0 0
J N 7 7751 21 4 1729 576 1 24
K 0 0 43
K 0 0 60
K 0 21 60
A D 2 8
J N 7 7780 28 4 2593 576 1 24
K 0 0 43
K 0 0 60
K 0 21 60
A D 2 8
H 24 S 0 0 0 0 0 0 0 0 0
J N 8 7809 35 5 3457 576 0
K 0 0 42
K 25 0 44
K 0 0 59
K 0 -21 59
A D 6 8
J N 7 7855 35 4 6049 1728 0
K 0 0 43
K 0 0 59
K 0 -21 59
A D 2 8
J B 46 7888 1 82 6913 576 0
J N 7 7909 28 4 1 0 0
K 0 0 43
K 0 0 60
K 0 21 60
A D 2 8
J N 7 7938 21 4 865 576 0
K 0 0 43
K 0 0 60
K 0 21 60
A D 2 8
J N 7 7967 14 4 1729 576 0
K 0 0 43
K 0 0 60
K 0 21 60
A D 2 8
J N 7 7996 28 4 2593 576 0
K 0 0 43
K 0 0 60
K 0 21 60
A D 2 8
J N 8 8025 21 4 3457 576 0
K 0 0 42
K 0 0 60
K 0 21 60
A D 4 8
J N 8 8063 21 4 5185 1152 1 25
K 0 0 42
K 0 0 60
K 0 21 60
A D 4 8
J B 47 8105 1 82 6913 1152 0
J N 8 8126 21 4 1 0 1 25
K 0 0 42
K 0 0 60
K 0 21 60
A D 4 8
H 25 T 21 0 0 0 0 0 1 0
J N 9 8164 28 2 1729 1152 0
K 0 0 41
A D 8 8
J N 8 8217 35 4 5185 2304 0
K 0 0 42
K 0 0 59
K 0 -21 59
A D 4 8
J B 48 8259 1 82 6913 1152 0
J N 9 8280 42 2 1 0 0
K 0 0 41
A D 8 8
J N 9 8333 49 2 3457 2304 0
K 0 0 41
A D 8 8
J B 49 8390 1 82 6913 2304 0
J R 8 8411 28 2 1 0 0
K 0 0 47
A D 4 8
J N 8 8449 -28 8 1729 1152 0
K 0 14 45
K 0 0 45
K 0 0 42
K -1 0 45
K 2 0 45
K 0 0 60
K 0 28 60
A D 4 8
J N 8 8487 0 4 3457 1152 0
K 0 0 42
K 0 0 60
K 0 21 60
A D 4 8
J N 8 8525 -21 7 5185 1152 1 26
K 0 7 45
K 0 0 42
K 0 7 45
K 1 7 45
K 0 0 60
K 0 21 60
A D 4 8
J B 50 8567 1 82 6913 1152 0
J N 8 8588 -21 7 1 0 1 26
K 0 7 45
K 0 0 42
K 0 7 45
K 1 7 45
K 0 0 60
K 0 21 60
A D 4 8
H 26 T -21 0 0 0 0 0 1 0
J N 9 8626 -14 6 1729 1152 0
K 0 0 45
K 6 0 45
K 0 0 41
K -1 0 45
K 2 0 45
A D 8 8
J N 8 8679 -7 4 5185 2304 0
K 0 0 42
K 0 0 60
K 0 21 60
A D 4 8
J B 51 8721 1 82 6913 1152 0
J N 7 8742 -14 7 1 0 0
K 0 0 45
K 0 0 43
K -1 0 45
K 2 0 45
K 0 0 60
K 0 21 60
A D 2 8
J N 7 8771 0 4 865 576 0
K 0 0 43
K 0 0 60
K 0 21 60
A D 2 8
J N 8 8800 -21 7 1729 576 1 27
K 0 7 45
K 0 0 42
K 0 7 45
K 1 7 45
K 0 0 60
K 0 21 60
A D 4 8
J N 7 8838 -21 7 3457 1152 1 27
K 0 7 45
K 0 0 43
K 0 7 45
K 1 7 45
K 0 0 60
K 0 21 60
A D 2 8
H 27 T -21 0 0 0 0 0 1 0
J N 6 8867 -14 5 4321 576 1 28
K 0 0 45
K 0 0 43
K -1 0 45
K 2 0 45
A D 1 8
J N 6 8896 -7 2 4753 288 1 28
K 0 0 43
A D 1 8
H 28 B 1 0 108 2 2 3
J N 8 8925 -14 7 5185 288 1 29
K 0 0 45
K 0 0 42
K -1 0 45
K 2 0 45
K 0 0 60
K 0 21 60
A D 4 8
J B 52 8967 1 82 6913 1152 0
J N 7 8988 -14 7 1 0 1 29
K 0 0 45
K 0 0 43
K -1 0 45
K 2 0 45
K 0 0 60
K 0 21 60
A D 2 8
H 29 T -14 0 0 0 0 0 5 0
J N 7 9017 14 4 865 576 0
K 0 0 43
K 0 0 60
K 0 21 60
A D 2 8
J N 8 9046 -7 4 1729 576 1 30
K 0 0 42
K 0 0 60
K 0 21 60
A D 4 8
J N 7 9084 -7 4 3457 1152 1 30
K 0 0 43
K 0 0 60
K 0 21 60
A D 2 8
H 30 T -7 0 0 0 0 0 1 0
J N 7 9113 21 4 4321 576 0
K 0 0 43
K 0 0 60
K 0 21 60
A D 2 8
J N 8 9142 0 4 5185 576 1 31
K 0 0 42
K 0 0 60
K 0 21 60
A D 4 8
J B 53 9184 1 82 6913 1152 0
J N 7 9205 0 4 1 0 1 31
K 0 0 43
K 0 0 60
K 0 21 60
A D 2 8
H 31 T 0 0 0 0 0 0 5 0
J N 7 9234 28 4 865 576 0
K 0 0 43
K 0 0 60
K 0 21 60
A D 2 8
J N 7 9267 7 5 1729 576 0
K -15 0 65
K 0 0 43
K 0 0 60
K 0 21 60
A D 2 8
J N 7 9296 14 4 2593 576 0
K 0 0 43
K 0 0 60
K 0 21 60
A D 2 8
J N 9 9325 21 2 3457 576 0
K 0 0 41
A D 8 8
J B 54 9382 1 82 6913 2304 0
J N 9 9403 -7 2 1 0 0
K 0 0 41
A D 8 8
J N 9 9456 0 2 3457 2304 0
K 0 0 41
A D 8 8
J B 55 9513 1 82 6913 2304 0
J N 9 9537 7 3 1 0 0
K -15 0 65
K 0 0 41
A D 8 8
J N 8 9590 14 5 3457 2304 0
K 0 0 42
K 24 -6 44
K 0 0 60
K 0 21 60
A D 6 8
J N 6 9636 21 2 6049 1728 1 32
K 0 0 43
A D 1 8
J N 6 9665 28 2 6481 288 1 32
K 0 0 43
A D 1 8
H 32 B 1 0 108 2 2 3
J B 56 9698 1 82 6913 288 0
J N 8 9719 21 5 1 0 0
K 0 0 42
K 25 0 44
K 0 0 60
K 0 21 60
A D 6 8
J N 7 9765 0 4 2593 1728 0
K 0 0 43
K 0 0 60
K 0 21 60
A D 2 8
J N 8 9794 28 5 3457 576 0
K 0 0 42
K 24 -6 44
K 0 0 60
K 0 21 60
A D 6 8
J N 6 9840 35 2 6049 1728 1 33
K 0 0 43
A D 1 8
J N 6 9869 42 2 6481 288 1 33
K 0 0 43
A D 1 8
H 33 B 0 0 108 2 2 3
J B 57 9902 1 82 6913 288 0
J N 8 9923 35 5 1 0 0
K 0 0 42
K 25 0 44
K 0 0 59
K 0 -21 59
A D 6 8
J N 7 9969 14 4 2593 1728 0
K 0 0 43
K 0 0 60
K 0 21 60
A D 2 8
J N 8 9998 42 5 3457 576 0
K 0 0 42
K 24 -6 44
K 0 0 59
K 0 -21 59
A D 6 8
J N 6 10044 49 2 6049 1728 1 34
K 0 0 43
A D 1 8
J N 6 10073 56 2 6481 288 1 34
K 0 0 43
A D 1 8
H 34 B 0 0 108 2 2 3
J B 58 10106 1 82 6913 288 0
J N 8 10127 49 5 1 0 0
K 0 0 42
K 25 0 44
K 0 0 59
K 0 -21 59
A D 6 8
J N 7 10173 28 4 2593 1728 0
K 0 0 43
K 0 0 60
K 0 21 60
A D 2 8
J N 8 10202 56 5 3457 576 0
K -15 0 65
K 0 0 42
K 0 0 59
K 0 -21 59
A D 4 8
J N 8 10240 21 4 5185 1152 1 35
K 0 0 42
K 0 0 60
K 0 21 60
A D 4 8
J B 59 10282 1 82 6913 1152 0
J N 7 10303 21 4 1 0 1 35
K 0 0 43
K 0 0 60
K 0 21 60
A D 2 8
H 35 T 21 0 0 0 0 0 1 0
J N 7 10332 49 4 865 576 0
K 0 0 43
K 0 0 59
K 0 -21 59
A D 2 8
J N 7 10361 28 4 1729 576 0
K 0 0 43
K 0 0 60
K 0 21 60
A D 2 8
J N 7 10390 14 4 2593 576 0
K 0 0 43
K 0 0 60
K 0 21 60
A D 2 8
J N 7 10419 42 4 3457 576 0
K 0 0 43
K 0 0 59
K 0 -21 59
A D 2 8
J N 7 10448 28 4 4321 576 0
K 0 0 43
K 0 0 60
K 0 21 60
A D 2 8
J N 7 10481 7 5 5185 576 0
K -15 0 65
K 0 0 43
K 0 0 60
K 0 21 60
A D 2 8
J N 7 10510 -7 4 6049 576 0
K 0 0 43
K 0 0 60
K 0 21 60
A D 2 8
J B 60 10543 1 82 6913 576 0
J N 8 10564 35 4 1 0 0
K 0 0 42
K 0 0 59
K 0 -21 59
A D 4 8
J N 8 10602 0 4 1729 1152 0
K 0 0 42
K 0 0 60
K 0 21 60
A D 4 8
J N 8 10643 7 5 3457 1152 0
K -15 0 65
K 0 0 42
K 0 0 60
K 0 21 60
A D 4 8
J N 8 10681 14 4 5185 1152 0
K 0 0 42
K 0 0 60
K 0 21 60
A D 4 8
J B 61 10723 1 82 6913 1152 0
J N 8 10744 21 4 1 0 0
K 0 0 42
K 0 0 60
K 0 21 60
A D 4 8
J N 8 10782 14 4 1729 1152 0
K 0 0 42
K 0 0 60
K 0 21 60
A D 4 8
J N 8 10820 21 4 3457 1152 0
K 0 0 42
K 0 0 60
K 0 21 60
A D 4 8
J N 8 10858 28 4 5185 1152 0
K 0 0 42
K 0 0 60
K 0 21 60
A D 4 8
J B 62 10900 1 82 6913 1152 0
J N 9 10921 35 2 1 0 0
K 0 0 41
A D 8 8
J R 8 10974 28 3 3457 2304 0
K 0 0 47
K 4 -35 101
A D 4 8
J D 5 11012 -42 1 5185 1152 0
W 0 0 37 Adagio
J N 8 11012 14 4 5185 0 0
K 0 0 42
K 0 0 60
K 0 21 60
A D 4 8
J B 63 11054 1 82 6913 1152 0
J N 7 11075 42 4 1 0 1 36
K 0 0 43
K 0 0 59
K 0 -21 59
A D 2 8
J N 7 11104 35 4 865 576 1 36
K 0 0 43
K 0 0 59
K 0 -21 59
A D 2 8
H 36 S 12 0 0 0 0 0 0 0 0
J N 9 11133 28 2 1729 576 0
K 0 0 41
A D 8 8
J N 8 11186 35 4 5185 2304 0
K 0 0 42
K 0 0 59
K 0 -21 59
A D 4 8
J B 64 11228 1 82 6913 1152 0
J N 10 11249 28 2 1 0 0
K 0 0 40
A D 16 8
J B 0 11345 6 2 6913 4608 0
K -13 0 82
K -6 0 84
J M 0 11345 0 0 10000 0 0
