@ SOURCE: not identified 
L 0 0 14 !39Violoncello concertino
J D 4 500 -120 1 6913 0 0
W 0 0 44 III
J D 1 75 -37 1 6913 0 0
W 0 -56 44 III:  Violoncello concertino
J C 22 5 14 36 6913 0 0
J K -1 57 0 1 6913 0 0
K 0 42 65
J D 5 86 -42 1 6913 0 0
W 0 0 37 Allegro
J T 0 86 42 1 6913 0 0
K 0 0 38
J R 9 137 28 2 1 10000 0
K 0 0 46
A D 8 4
J B 2 242 1 82 6913 4608 0
J R 9 263 28 2 1 10000 0
K 0 0 46
A D 8 4
J B 3 368 1 82 6913 4608 0
J R 9 389 28 2 1 10000 0
K 0 0 46
A D 8 4
J B 4 494 1 82 6913 4608 0
J F 0 515 98 1 1 0 0
K 0 0 203
J N 9 515 -35 8 1 0 0
K 0 21 45
K 6 21 45
K 0 7 45
K 6 7 45
K 0 0 41
K 0 7 45
K 1 7 45
A D 4 4
J F 0 553 98 1 1729 1152 0
K 0 0 202
J F 0 591 98 1 3457 1152 0
K 0 0 206
J N 9 591 -42 10 3457 0 0
K 0 28 45
K 6 28 45
K 0 14 45
K 6 14 45
K 0 0 45
K 6 0 45
K 0 0 41
K -1 0 45
K 2 0 45
A D 4 4
J F 0 629 98 2 5185 1152 0
K 0 0 205
K 15 0 219
J B 5 671 1 82 6913 1152 0
J F 0 692 98 1 1 0 0
K 0 0 206
J N 8 692 -35 9 1 0 0
K 0 21 45
K 0 7 45
K 0 0 42
K 0 7 45
K 1 7 45
K 0 0 60
K 0 28 60
K 0 35 60
A D 2 4
J N 8 730 42 4 1729 1152 0
K 0 0 42
K 0 0 59
K 0 -21 59
A D 2 4
J F 0 768 98 2 3457 1152 0
K 0 0 208
K 0 21 219
J N 8 768 35 4 3457 0 0
K 0 0 42
K 0 0 59
K 0 -21 59
A D 2 4
J F 0 806 98 2 5185 1152 0
K 0 0 206
K 15 0 219
J N 8 806 14 4 5185 0 0
K 0 0 42
K 0 0 60
K 0 21 60
A D 2 4
J B 6 848 1 82 6913 1152 0
J F 0 869 98 1 1 0 0
K 0 0 208
J N 8 869 42 4 1 0 0
K 0 0 42
K 0 0 59
K 0 -21 59
A D 2 4
J F 0 907 98 1 1729 1152 0
K 0 0 207
J N 9 907 -7 2 1729 0 0
K 0 0 41
A D 4 4
J F 0 945 98 3 3457 1152 0
K 0 0 203
K 15 0 219
K 0 21 201
J F 0 983 98 3 5185 1152 0
K 0 0 205
K 0 21 204
K 15 21 219
J N 8 983 0 4 5185 0 0
K 0 0 42
K 0 0 60
K 0 21 60
A D 2 4
J B 7 1025 1 82 6913 1152 0
J F 0 1046 98 1 1 0 0
K 0 0 206
J N 9 1046 -21 6 1 0 0
K 0 7 45
K 6 7 45
K 0 0 41
K 0 7 45
K 1 7 45
A D 4 4
J F 0 1084 98 1 1729 1152 0
K 0 0 205
J F 0 1122 98 2 3457 1152 0
K 0 0 206
K 0 21 219
J N 8 1122 -14 7 3457 0 0
K 0 0 45
K 0 0 42
K -1 0 45
K 2 0 45
K 0 0 60
K 0 21 60
A D 2 4
J F 0 1160 98 2 5185 1152 0
K 0 0 206
K 15 0 219
J N 8 1160 14 4 5185 0 0
K 0 0 42
K 0 0 60
K 0 21 60
A D 2 4
J B 8 1202 1 82 6913 1152 0
J R 8 1223 28 2 1 0 0
K 0 0 47
A D 2 4
J F 0 1261 98 1 1729 1152 0
K 0 0 204
J N 9 1261 -7 2 1729 0 0
K 0 0 41
A D 4 4
J F 0 1299 98 3 3457 1152 0
K 0 0 203
K 15 0 219
K 0 21 201
J F 0 1337 98 1 5185 1152 0
K 0 0 205
J N 8 1337 0 4 5185 0 0
K 0 0 42
K 0 0 60
K 0 21 60
A D 2 4
J B 9 1379 1 82 6913 1152 0
J F 0 1400 98 1 1 0 0
K 0 0 206
J N 8 1400 7 4 1 0 0
K 0 0 42
K 0 0 60
K 0 21 60
A D 2 4
J F 0 1438 98 1 1729 1152 0
K 0 0 206
J N 8 1438 35 4 1729 0 0
K 0 0 42
K 0 0 59
K 0 -21 59
A D 2 4
J R 7 1476 28 2 3457 1152 0
K 0 0 48
A D 1 4
J N 7 1505 14 4 4321 576 0
K 0 0 43
K 0 0 60
K 0 21 60
A D 1 4
J N 7 1534 0 4 5185 576 0
K 0 0 43
K 0 0 60
K 0 21 60
A D 1 4
J N 7 1563 14 4 6049 576 0
K 0 0 43
K 0 0 60
K 0 21 60
A D 1 4
J B 10 1596 1 82 6913 576 0
J F 0 1617 98 1 1 0 0
K 0 0 203
J N 7 1617 -14 7 1 0 0
K 0 0 45
K 0 0 43
K -1 0 45
K 2 0 45
K 0 0 60
K 0 21 60
A D 1 4
J N 7 1646 35 4 865 576 0
K 0 0 43
K 0 0 59
K 0 -21 59
A D 1 4
J F 0 1675 98 1 1729 576 0
K 0 0 205
J N 7 1675 21 4 1729 0 0
K 0 0 43
K 0 0 60
K 0 21 60
A D 1 4
J N 7 1704 35 4 2593 576 0
K 0 0 43
K 0 0 59
K 0 -21 59
A D 1 4
J F 0 1733 98 1 3457 576 0
K 0 0 208
J R 7 1733 28 2 3457 0 0
K 0 0 48
A D 1 4
J N 7 1762 28 4 4321 576 0
K 0 0 43
K 0 0 60
K 0 21 60
A D 1 4
J F 0 1791 98 1 5185 576 0
K 0 0 205
J N 7 1791 14 4 5185 0 0
K 0 0 43
K 0 0 60
K 0 21 60
A D 1 4
J N 7 1820 28 4 6049 576 0
K 0 0 43
K 0 0 60
K 0 21 60
A D 1 4
J B 11 1853 1 82 6913 576 0
J F 0 1874 98 1 1 0 0
K 0 0 203
J N 7 1874 0 4 1 0 0
K 0 0 43
K 0 0 60
K 0 21 60
A D 1 4
J N 7 1903 49 4 865 576 0
K 0 0 43
K 0 0 59
K 0 -21 59
A D 1 4
J F 0 1932 98 1 1729 576 0
K 0 0 205
J N 7 1932 35 4 1729 0 0
K 0 0 43
K 0 0 59
K 0 -21 59
A D 1 4
J N 7 1961 49 4 2593 576 0
K 0 0 43
K 0 0 59
K 0 -21 59
A D 1 4
J F 0 1990 98 1 3457 576 0
K 0 0 208
J R 7 1990 28 2 3457 0 0
K 0 0 48
A D 1 4
J N 7 2019 42 4 4321 576 0
K 0 0 43
K 0 0 59
K 0 -21 59
A D 1 4
J F 0 2048 98 1 5185 576 0
K 0 0 205
J N 7 2048 28 4 5185 0 0
K 0 0 43
K 0 0 60
K 0 21 60
A D 1 4
J N 7 2077 42 4 6049 576 0
K 0 0 43
K 0 0 59
K 0 -21 59
A D 1 4
J B 12 2110 1 82 6913 576 0
J F 0 2131 98 1 1 0 0
K 0 0 206
J N 7 2131 35 4 1 0 0
K 0 0 43
K 0 0 59
K 0 -21 59
A D 1 4
J N 7 2160 21 4 865 576 0
K 0 0 43
K 0 0 60
K 0 21 60
A D 1 4
J N 7 2189 14 4 1729 576 0
K 0 0 43
K 0 0 60
K 0 21 60
A D 1 4
J N 7 2218 42 4 2593 576 0
K 0 0 43
K 0 0 59
K 0 -21 59
A D 1 4
J F 0 2247 98 1 3457 576 0
K 0 0 203
J N 8 2247 35 4 3457 0 0
K 0 0 42
K 0 0 59
K 0 -21 59
A D 2 4
J F 0 2285 98 1 5185 1152 0
K 0 0 202
J N 8 2285 84 8 5185 0 0
K 1 -14 45
K 1 0 45
K 0 0 42
K -1 0 45
K 2 0 45
K 0 0 59
K 0 -28 59
A D 2 4
J B 13 2327 1 82 6913 1152 0
J N 9 2348 63 2 1 0 0
K 0 0 41
A D 4 4
J R 9 2401 28 2 3457 2304 0
K 0 0 46
A D 4 4
J B 14 2458 1 82 6913 2304 0
J R 9 2479 28 2 1 10000 0
K 0 0 46
A D 8 4
J B 15 2584 1 82 6913 4608 0
J F 0 2605 98 2 1 0 0
K 0 0 203
K 15 0 219
J R 7 2605 28 2 1 0 0
K 0 0 48
A D 1 4
J N 7 2634 -7 4 865 576 0
K 0 0 43
K 0 0 60
K 0 21 60
A D 1 4
J F 0 2663 98 1 1729 576 0
K 0 0 205
J N 7 2663 -21 7 1729 0 0
K 0 7 45
K 0 0 43
K 0 7 45
K 1 7 45
K 0 0 60
K 0 21 60
A D 1 4
J N 7 2692 -7 4 2593 576 0
K 0 0 43
K 0 0 60
K 0 21 60
A D 1 4
J F 0 2721 98 1 3457 576 0
K 0 0 203
J N 7 2721 -35 9 3457 0 0
K 0 21 45
K 0 7 45
K 0 0 43
K 0 7 45
K 1 7 45
K 0 0 60
K 0 28 60
K 0 35 60
A D 1 4
J N 7 2750 14 4 4321 576 0
K 0 0 43
K 0 0 60
K 0 21 60
A D 1 4
J F 0 2779 98 1 5185 576 0
K 0 0 202
J N 7 2779 0 4 5185 0 0
K 0 0 43
K 0 0 60
K 0 21 60
A D 1 4
J N 7 2808 14 4 6049 576 0
K 0 0 43
K 0 0 60
K 0 21 60
A D 1 4
J B 16 2841 1 82 6913 576 0
J F 0 2862 98 1 1 0 0
K 0 0 208
J R 7 2862 28 2 1 0 0
K 0 0 48
A D 1 4
J N 7 2891 7 4 865 576 0
K 0 0 43
K 0 0 60
K 0 21 60
A D 1 4
J F 0 2920 98 1 1729 576 0
K 0 0 205
J N 7 2920 -7 4 1729 0 0
K 0 0 43
K 0 0 60
K 0 21 60
A D 1 4
J N 7 2949 7 4 2593 576 0
K 0 0 43
K 0 0 60
K 0 21 60
A D 1 4
J F 0 2978 98 1 3457 576 0
K 0 0 203
J N 7 2978 -21 7 3457 0 0
K 0 7 45
K 0 0 43
K 0 7 45
K 1 7 45
K 0 0 60
K 0 21 60
A D 1 4
J N 7 3007 28 4 4321 576 0
K 0 0 43
K 0 0 60
K 0 21 60
A D 1 4
J F 0 3036 98 1 5185 576 0
K 0 0 205
J N 7 3036 14 4 5185 0 0
K 0 0 43
K 0 0 60
K 0 21 60
A D 1 4
J N 7 3065 28 4 6049 576 0
K 0 0 43
K 0 0 60
K 0 21 60
A D 1 4
J B 17 3098 1 82 6913 576 0
J F 0 3119 98 1 1 0 0
K 0 0 208
J R 7 3119 28 2 1 0 0
K 0 0 48
A D 1 4
J N 7 3156 21 5 865 576 0
K -15 0 65
K 0 0 43
K 0 0 60
K 0 21 60
A D 1 4
J F 0 3185 98 2 1729 576 0
K 0 0 205
K 15 0 219
J N 7 3185 7 4 1729 0 0
K 0 0 43
K 0 0 60
K 0 21 60
A D 1 4
J N 7 3220 21 4 2593 576 0
K 0 0 43
K 0 0 60
K 0 21 60
A D 1 4
J F 0 3249 98 2 3457 576 0
K 0 0 206
K 15 0 219
J N 7 3249 14 4 3457 0 0
K 0 0 43
K 0 0 60
K 0 21 60
A D 1 4
J N 7 3284 0 4 4321 576 0
K 0 0 43
K 0 0 60
K 0 21 60
A D 1 4
J N 7 3313 -7 4 5185 576 0
K 0 0 43
K 0 0 60
K 0 21 60
A D 1 4
J N 7 3342 21 4 6049 576 0
K 0 0 43
K 0 0 60
K 0 21 60
A D 1 4
J B 18 3375 1 82 6913 576 0
J F 0 3396 98 1 1 0 0
K 0 0 203
J N 8 3396 14 4 1 0 0
K 0 0 42
K 0 0 60
K 0 21 60
A D 2 4
J F 0 3434 98 1 1729 1152 0
K 0 0 202
J N 8 3434 63 4 1729 0 0
K 0 0 42
K 0 0 59
K 0 -21 59
A D 2 4
J N 8 3472 42 4 3457 1152 0
K 0 0 42
K 0 0 59
K 0 -21 59
A D 2 4
J N 8 3510 -7 4 5185 1152 1 1
K 0 0 42
K 0 0 60
K 0 21 60
A D 2 4
J B 19 3552 1 82 6913 1152 0
J F 0 3573 98 3 1 0 0
K 0 0 203
K 15 0 219
K 0 21 201
J N 8 3573 -7 4 1 0 1 1
K 0 0 42
K 0 0 60
K 0 21 60
A D 2 4
H 1 T -7 0 0 0 0 0 1 0
J F 0 3611 98 3 1729 1152 0
K 0 0 205
K 0 21 204
K 15 21 219
J N 8 3611 0 4 1729 0 0
K 0 0 42
K 0 0 60
K 0 21 60
A D 2 4
J F 0 3649 98 1 3457 1152 0
K 0 0 208
J N 8 3649 -7 4 3457 0 0
K 0 0 42
K 0 0 60
K 0 21 60
A D 2 4
J F 0 3687 98 1 5185 1152 0
K 0 0 205
J N 8 3687 7 4 5185 0 0
K 0 0 42
K 0 0 60
K 0 21 60
A D 2 4
J B 20 3729 1 82 6913 1152 0
J F 0 3750 98 1 1 0 0
K 0 0 203
J N 9 3750 14 2 1 0 0
K 0 0 41
A D 4 4
J F 0 3788 98 1 1729 1152 0
K 0 0 202
J N 8 3826 42 4 3457 1152 0
K 0 0 42
K 0 0 59
K 0 -21 59
A D 2 4
J F 0 3864 98 1 5185 1152 0
K 0 0 205
J N 8 3864 49 4 5185 0 0
K 0 0 42
K 0 0 59
K 0 -21 59
A D 2 4
J B 21 3906 1 82 6913 1152 0
J F 0 3927 98 1 1 0 0
K 0 0 206
J N 9 3927 56 2 1 0 0
K 0 0 41
A D 4 4
J F 0 3965 98 1 1729 1152 0
K 0 0 205
J N 9 4003 63 2 3457 1152 0
K 0 0 41
A D 4 4
J B 22 4060 1 82 6913 2304 0
J R 9 4081 28 2 1 10000 0
K 0 0 46
A D 8 4
J B 23 4186 1 82 6913 4608 0
J R 9 4207 28 2 1 0 0
K 0 0 46
A D 4 4
J F 0 4260 98 1 3457 2304 0
K 0 0 203
J N 9 4260 14 2 3457 0 0
K 0 0 41
A D 4 4
J F 0 4298 98 1 5185 1152 0
K 0 0 202
J B 24 4340 1 82 6913 1152 0
J F 0 4361 98 1 1 0 0
K 0 0 206
J N 9 4361 7 2 1 0 0
K 0 0 41
A D 4 4
J F 0 4399 98 2 1729 1152 0
K 0 0 205
K 15 0 219
J F 0 4437 98 2 3457 1152 0
K 0 0 206
K 15 0 219
J N 8 4437 14 4 3457 0 0
K 0 0 42
K 0 0 60
K 0 21 60
A D 2 4
J F 0 4475 98 1 5185 1152 0
K 0 0 204
J N 8 4475 -7 4 5185 0 1 2
K 0 0 42
K 0 0 60
K 0 21 60
A D 2 4
J B 25 4517 1 82 6913 1152 0
J F 0 4538 98 3 1 0 0
K 0 0 203
K 15 0 219
K 0 21 201
J N 8 4538 -7 4 1 0 1 2
K 0 0 42
K 0 0 60
K 0 21 60
A D 2 4
H 2 T -7 0 0 0 0 0 1 0
J F 0 4576 98 3 1729 1152 0
K 0 0 205
K 0 21 204
K 15 21 219
J N 8 4576 0 4 1729 0 0
K 0 0 42
K 0 0 60
K 0 21 60
A D 2 4
J F 0 4614 98 1 3457 1152 0
K 0 0 208
J N 7 4614 -7 4 3457 0 0
K 0 0 43
K 0 0 60
K 0 21 60
A D 1 4
J N 7 4643 -14 7 4321 576 0
K 0 0 45
K 0 0 43
K -1 0 45
K 2 0 45
K 0 0 60
K 0 21 60
A D 1 4
J F 0 4672 98 1 5185 576 0
K 0 0 205
J N 7 4672 -21 7 5185 0 0
K 0 7 45
K 0 0 43
K 0 7 45
K 1 7 45
K 0 0 60
K 0 21 60
A D 1 4
J N 7 4701 28 4 6049 576 0
K 0 0 43
K 0 0 60
K 0 21 60
A D 1 4
J B 26 4734 1 82 6913 576 0
J F 0 4755 98 2 1 0 0
K 0 0 205
K 0 21 204
J N 8 4755 21 5 1 0 0
K -14 0 64
K 0 0 42
K 0 0 60
K 0 21 60
A D 2 4
J F 0 4795 98 2 1729 1152 0
K 0 0 205
K 0 21 204
J N 8 4795 14 5 1729 0 0
K -18 0 63
K 0 0 42
K 0 0 60
K 0 21 60
A D 2 4
J F 0 4833 98 1 3457 1152 0
K 0 0 208
J N 7 4833 7 4 3457 0 0
K 0 0 43
K 0 0 60
K 0 21 60
A D 1 4
J N 7 4862 0 4 4321 576 0
K 0 0 43
K 0 0 60
K 0 21 60
A D 1 4
J F 0 4891 98 1 5185 576 0
K 0 0 205
J N 7 4891 -7 4 5185 0 0
K 0 0 43
K 0 0 60
K 0 21 60
A D 1 4
J N 7 4920 42 4 6049 576 0
K 0 0 43
K 0 0 59
K 0 -21 59
A D 1 4
J B 27 4953 1 82 6913 576 0
J F 0 4974 98 3 1 0 0
K 0 0 205
K 0 21 204
K 0 42 219
J N 8 4974 35 4 1 0 0
K 0 0 42
K 0 0 59
K 0 -21 59
A D 2 4
J F 0 5012 98 1 1729 1152 0
K 0 0 213
J N 8 5012 28 4 1729 0 0
K 0 0 42
K 0 0 60
K 0 21 60
A D 2 4
J R 7 5050 28 2 3457 1152 0
K 0 0 48
A D 1 4
J N 7 5079 7 4 4321 576 0
K 0 0 43
K 0 0 60
K 0 21 60
A D 1 4
J N 7 5108 -7 4 5185 576 0
K 0 0 43
K 0 0 60
K 0 21 60
A D 1 4
J N 7 5137 7 4 6049 576 0
K 0 0 43
K 0 0 60
K 0 21 60
A D 1 4
J B 28 5170 1 82 6913 576 0
J F 0 5191 98 1 1 0 0
K 0 0 203
J N 7 5191 -21 7 1 0 0
K 0 7 45
K 0 0 43
K 0 7 45
K 1 7 45
K 0 0 60
K 0 21 60
A D 1 4
J N 7 5220 28 4 865 576 0
K 0 0 43
K 0 0 60
K 0 21 60
A D 1 4
J F 0 5249 98 1 1729 576 0
K 0 0 205
J N 7 5249 14 4 1729 0 0
K 0 0 43
K 0 0 60
K 0 21 60
A D 1 4
J N 7 5278 28 4 2593 576 0
K 0 0 43
K 0 0 60
K 0 21 60
A D 1 4
J F 0 5307 98 1 3457 576 0
K 0 0 208
J R 7 5307 28 2 3457 0 0
K 0 0 48
A D 1 4
J N 7 5344 21 5 4321 576 0
K -15 0 65
K 0 0 43
K 0 0 60
K 0 21 60
A D 1 4
J F 0 5373 98 1 5185 576 0
K 0 0 205
J N 7 5373 7 4 5185 0 0
K 0 0 43
K 0 0 60
K 0 21 60
A D 1 4
J N 7 5402 21 4 6049 576 0
K 0 0 43
K 0 0 60
K 0 21 60
A D 1 4
J B 29 5435 1 82 6913 576 0
J F 0 5456 98 1 1 0 0
K 0 0 203
J N 7 5456 -7 4 1 0 0
K 0 0 43
K 0 0 60
K 0 21 60
A D 1 4
J N 7 5485 14 4 865 576 0
K 0 0 43
K 0 0 60
K 0 21 60
A D 1 4
J F 0 5514 98 1 1729 576 0
K 0 0 205
J N 9 5514 -7 2 1729 0 0
K 0 0 41
A D 4 4
J F 0 5552 98 3 3457 1152 0
K 0 0 203
K 15 0 219
K 0 21 201
J F 0 5590 98 1 5185 1152 0
K 0 0 205
J N 8 5590 0 4 5185 0 1 3
K 0 0 42
K 0 0 60
K 0 21 60
A D 2 4
J B 30 5632 1 82 6913 1152 0
J F 0 5653 98 2 1 0 0
K 0 0 203
K 0 21 201
J N 8 5653 0 4 1 0 1 3
K 0 0 42
K 0 0 60
K 0 21 60
A D 2 4
H 3 T 0 0 0 0 0 0 5 0
J F 0 5691 98 2 1729 1152 0
K 0 0 205
K 15 0 219
J N 9 5691 7 2 1729 0 0
K 0 0 41
A D 4 4
J F 0 5729 98 2 3457 1152 0
K 0 0 203
K 0 21 201
J F 0 5767 98 1 5185 1152 0
K 0 0 205
J N 8 5767 14 4 5185 0 0
K 0 0 42
K 0 0 60
K 0 21 60
A D 2 4
J B 31 5809 1 82 6913 1152 0
J F 0 5830 98 1 1 0 0
K 0 0 206
J N 9 5830 21 3 1 0 0
K -15 0 65
K 0 0 41
A D 4 4
J F 0 5868 98 1 1729 1152 0
K 0 0 205
J F 0 5906 98 1 3457 1152 0
K 0 0 213
J N 9 5906 28 2 3457 0 0
K 0 0 41
A D 4 4
J B 32 5963 1 82 6913 2304 0
J R 9 5984 28 2 1 0 0
K 0 0 46
A D 4 4
J R 8 6037 28 2 3457 2304 0
K 0 0 47
A D 2 4
J F 0 6075 98 1 5185 1152 0
K 0 0 213
J N 8 6075 -21 7 5185 0 0
K 0 7 45
K 0 0 42
K 0 7 45
K 1 7 45
K 0 0 60
K 0 21 60
A D 2 4
J B 33 6117 1 82 6913 1152 0
J F 0 6138 98 1 1 0 0
K 0 0 206
J N 8 6138 -28 9 1 0 0
K 0 14 45
K 0 0 45
K -15 0 65
K 0 0 42
K -1 0 45
K 2 0 45
K 0 0 60
K 0 28 60
A D 2 4
J F 0 6176 98 1 1729 1152 0
K 0 0 205
J N 8 6176 -7 5 1729 0 0
K -14 0 64
K 0 0 42
K 0 0 60
K 0 21 60
A D 2 4
J F 0 6214 98 2 3457 1152 0
K 0 0 208
K 0 21 219
J N 8 6214 -14 7 3457 0 0
K 0 0 45
K 0 0 42
K -1 0 45
K 2 0 45
K 0 0 60
K 0 21 60
A D 2 4
J F 0 6252 98 1 5185 1152 0
K 0 0 207
J N 8 6252 35 4 5185 0 0
K 0 0 42
K 0 0 59
K 0 -21 59
A D 2 4
J B 34 6294 1 82 6913 1152 0
J F 0 6315 98 1 1 0 0
K 0 0 203
J N 8 6315 7 4 1 0 0
K 0 0 42
K 0 0 60
K 0 21 60
A D 2 4
J F 0 6353 98 1 1729 1152 0
K 0 0 218
J N 8 6353 56 4 1729 0 0
K 0 0 42
K 0 0 59
K 0 -21 59
A D 2 4
J F 0 6391 98 1 3457 1152 0
K 0 0 219
J N 8 6391 35 4 3457 0 0
K 0 0 42
K 0 0 59
K 0 -21 59
A D 2 4
J N 8 6429 -14 7 5185 1152 1 4
K 0 0 45
K 0 0 42
K -1 0 45
K 2 0 45
K 0 0 60
K 0 21 60
A D 2 4
J B 35 6471 1 82 6913 1152 0
J F 0 6492 98 2 1 0 0
K 0 0 203
K 0 21 201
J N 8 6492 -14 7 1 0 1 4
K 0 0 45
K 0 0 42
K -1 0 45
K 2 0 45
K 0 0 60
K 0 21 60
A D 2 4
H 4 T -14 0 0 0 0 0 5 0
J F 0 6530 98 1 1729 1152 0
K 0 0 205
J N 9 6530 -7 2 1729 0 0
K 0 0 41
A D 4 4
J F 0 6568 98 3 3457 1152 0
K 0 0 203
K 15 0 218
K 0 21 201
J F 0 6606 98 1 5185 1152 0
K 0 0 205
J N 8 6606 0 5 5185 0 0
K -15 0 65
K 0 0 42
K 0 0 60
K 0 21 60
A D 2 4
J B 36 6648 1 82 6913 1152 0
J F 0 6669 98 1 1 0 0
K 0 0 203
J N 8 6669 7 5 1 0 0
K 0 0 42
K 25 0 44
K 0 0 60
K 0 21 60
A D 3 4
J F 0 6707 98 1 1729 1152 0
K 0 0 218
J N 7 6736 14 4 2593 576 0
K 0 0 43
K 0 0 60
K 0 21 60
A D 1 4
J F 0 6773 98 1 3457 576 0
K 0 0 205
J N 7 6773 21 5 3457 0 0
K -15 0 65
K 0 0 43
K 0 0 60
K 0 21 60
A D 1 4
J N 7 6802 28 4 4321 576 0
K 0 0 43
K 0 0 60
K 0 21 60
A D 1 4
J N 7 6831 21 4 5185 576 0
K 0 0 43
K 0 0 60
K 0 21 60
A D 1 4
J N 7 6860 35 4 6049 576 0
K 0 0 43
K 0 0 59
K 0 -21 59
A D 1 4
J B 37 6893 1 82 6913 576 0
J N 8 6914 14 5 1 0 0
K 0 0 42
K 24 -6 44
K 0 0 60
K 0 21 60
A D 3 4
J F 0 6964 98 2 2593 1728 0
K 0 0 203
K 0 21 201
J N 7 6964 21 5 2593 0 0
K -15 0 65
K 0 0 43
K 0 0 60
K 0 21 60
A D 1 4
J F 0 6993 98 1 3457 576 0
K 0 0 205
J N 7 6993 28 4 3457 0 0
K 0 0 43
K 0 0 60
K 0 21 60
A D 1 4
J N 7 7022 35 4 4321 576 0
K 0 0 43
K 0 0 59
K 0 -21 59
A D 1 4
J N 7 7051 28 4 5185 576 0
K 0 0 43
K 0 0 60
K 0 21 60
A D 1 4
J N 7 7080 42 4 6049 576 0
K 0 0 43
K 0 0 59
K 0 -21 59
A D 1 4
J B 38 7113 1 82 6913 576 0
J N 8 7137 21 5 1 0 0
K -15 0 65
K 0 0 42
K 0 0 60
K 0 21 60
A D 2 4
J F 0 7175 98 2 1729 1152 0
K 0 0 205
K 15 0 219
J N 8 7175 7 4 1729 0 0
K 0 0 42
K 0 0 60
K 0 21 60
A D 2 4
J F 0 7213 98 1 3457 1152 0
K 0 0 203
J N 8 7213 14 4 3457 0 0
K 0 0 42
K 0 0 60
K 0 21 60
A D 2 4
J F 0 7251 98 1 5185 1152 0
K 0 0 202
J N 8 7251 63 4 5185 0 0
K 0 0 42
K 0 0 59
K 0 -21 59
A D 2 4
J B 39 7293 1 82 6913 1152 0
J F 0 7314 98 1 1 0 0
K 0 0 206
J N 8 7314 42 4 1 0 0
K 0 0 42
K 0 0 59
K 0 -21 59
A D 2 4
J F 0 7352 98 2 1729 1152 0
K 0 0 204
K 0 21 219
J N 8 7352 35 4 1729 0 0
K 0 0 42
K 0 0 59
K 0 -21 59
A D 2 4
J F 0 7390 98 1 3457 1152 0
K 0 0 203
J N 8 7390 28 4 3457 0 0
K 0 0 42
K 0 0 60
K 0 21 60
A D 2 4
J F 0 7428 98 1 5185 1152 0
K 0 0 213
J N 8 7428 77 7 5185 0 0
K 1 -7 45
K 0 0 42
K 0 -7 45
K 1 -7 45
K 0 0 59
K 0 -21 59
A D 2 4
J B 40 7470 1 82 6913 1152 0
J F 0 7491 98 1 1 0 0
K 0 0 204
J N 9 7491 56 2 1 0 0
K 0 0 41
A D 4 4
J F 0 7529 98 2 1729 1152 0
K 0 0 205
K 15 0 219
J F 0 7567 98 2 3457 1152 0
K 0 0 204
K 15 0 219
J N 9 7567 49 2 3457 0 0
K 0 0 41
A D 4 4
J F 0 7605 98 1 5185 1152 0
K 0 0 205
J B 41 7647 1 82 6913 1152 0
J F 0 7668 98 1 1 0 0
K 0 0 204
J N 9 7668 42 2 1 0 0
K 0 0 41
A D 4 4
J F 0 7706 98 1 1729 1152 0
K 0 0 205
J F 0 7744 98 2 3457 1152 0
K 0 0 204
K 0 21 218
J N 9 7744 35 2 3457 0 0
K 0 0 41
A D 4 4
J F 0 7782 98 1 5185 1152 0
K 0 0 205
J B 42 7824 1 82 6913 1152 0
J F 0 7845 98 2 1 0 0
K 0 0 204
K 0 21 213
J N 9 7845 28 2 1 0 0
K 0 0 41
A D 4 4
J F 0 7883 98 1 1729 1152 0
K 0 0 205
J F 0 7921 98 1 3457 1152 0
K 0 0 206
J N 9 7921 21 3 3457 0 0
K -15 0 65
K 0 0 41
A D 4 4
J F 0 7959 98 1 5185 1152 0
K 0 0 205
J B 43 8001 1 82 6913 1152 0
J F 0 8022 98 1 1 0 0
K 0 0 213
J N 9 8022 28 2 1 0 0
K 0 0 41
A D 4 4
J R 9 8075 28 2 3457 2304 0
K 0 0 46
A D 4 4
J B 44 8132 1 82 6913 2304 0
J R 9 8153 28 2 1 10000 0
K 0 0 46
A D 8 4
J B 45 8258 1 82 6913 4608 0
J R 9 8279 28 2 1 0 0
K 0 0 46
A D 4 4
J N 7 8332 14 4 3457 2304 0
K 0 0 43
K 0 0 60
K 0 21 60
A D 1 4
J N 7 8373 21 5 4321 576 0
K -15 0 65
K 0 0 43
K 0 0 60
K 0 21 60
A D 1 4
J N 7 8402 28 4 5185 576 0
K 0 0 43
K 0 0 60
K 0 21 60
A D 1 4
J N 7 8431 35 4 6049 576 0
K 0 0 43
K 0 0 59
K 0 -21 59
A D 1 4
J B 46 8464 1 82 6913 576 0
J N 8 8485 42 4 1 0 0
K 0 0 42
K 0 0 59
K 0 -21 59
A D 2 4
J F 0 8523 98 1 1729 1152 0
K 0 0 204
J N 9 8523 -7 2 1729 0 0
K 0 0 41
A D 4 4
J F 0 8561 98 3 3457 1152 0
K 0 0 203
K 15 0 219
K 0 21 201
J F 0 8599 98 3 5185 1152 0
K 0 0 205
K 0 21 204
K 15 21 219
J N 8 8599 0 4 5185 0 0
K 0 0 42
K 0 0 60
K 0 21 60
A D 2 4
J B 47 8641 1 82 6913 1152 0
J F 0 8662 98 1 1 0 0
K 0 0 206
J N 9 8662 -21 6 1 0 0
K 0 7 45
K 6 7 45
K 0 0 41
K 0 7 45
K 1 7 45
A D 4 4
J F 0 8700 98 1 1729 1152 0
K 0 0 205
J F 0 8738 98 2 3457 1152 0
K 0 0 205
K 0 21 204
J N 8 8738 -28 8 3457 0 0
K 0 14 45
K 0 0 45
K 0 0 42
K -1 0 45
K 2 0 45
K 0 0 60
K 0 28 60
A D 2 4
J F 0 8776 98 1 5185 1152 0
K 0 0 204
J N 8 8776 -35 9 5185 0 1 5
K 0 21 45
K 0 7 45
K 0 0 42
K 0 7 45
K 1 7 45
K 0 0 60
K 0 28 60
K 0 35 60
A D 2 4
J B 48 8818 1 82 6913 1152 0
J F 0 8839 98 2 1 0 0
K 0 0 203
K 0 21 201
J N 8 8839 -35 9 1 0 1 5
K 0 21 45
K 0 7 45
K 0 0 42
K 0 7 45
K 1 7 45
K 0 0 60
K 0 28 60
K 0 35 60
A D 2 4
H 5 T -35 0 0 0 0 0 1 0
J F 0 8877 98 2 1729 1152 0
K 0 0 205
K 0 21 204
J N 8 8877 -28 8 1729 0 0
K 0 14 45
K 0 0 45
K 0 0 42
K -1 0 45
K 2 0 45
K 0 0 60
K 0 28 60
A D 2 4
J R 8 8915 28 2 3457 1152 0
K 0 0 47
A D 2 4
J N 8 8953 -35 9 5185 1152 0
K 0 21 45
K 0 7 45
K 0 0 42
K 0 7 45
K 1 7 45
K 0 0 60
K 0 28 60
K 0 35 60
A D 2 4
J B 49 8995 1 82 6913 1152 0
J F 0 9016 98 1 1 0 0
K 0 0 206
J N 8 9016 -42 10 1 0 0
K 0 28 45
K 0 14 45
K 0 0 45
K 0 0 42
K -1 0 45
K 2 0 45
K 0 0 60
K 0 28 60
K 0 42 60
A D 2 4
J F 0 9054 98 2 1729 1152 0
K 0 0 204
K 15 0 219
J N 8 9054 -49 10 1729 0 0
K 0 35 45
K 0 21 45
K 0 7 45
K 0 0 42
K 0 7 45
K 1 7 45
K 0 0 60
K 0 28 60
K 0 49 60
A D 2 4
J F 0 9092 98 1 3457 1152 0
K 0 0 203
J N 9 9092 -56 12 3457 0 0
K 0 42 45
K 6 42 45
K 0 28 45
K 6 28 45
K 0 14 45
K 6 14 45
K 0 0 45
K 6 0 45
K 0 0 41
K -1 0 45
K 2 0 45
A D 4 4
J F 0 9130 98 1 5185 1152 0
K 0 0 202
J B 50 9172 1 82 6913 1152 0
J F 0 9193 98 1 1 0 0
K 0 0 203
J N 9 9193 14 2 1 0 0
K 0 0 41
A D 4 4
J F 0 9231 98 1 1729 1152 0
K 0 0 202
J F 0 9269 98 1 3457 1152 0
K 0 0 206
J N 8 9269 42 4 3457 0 0
K 0 0 42
K 0 0 59
K 0 -21 59
A D 2 4
J F 0 9307 98 1 5185 1152 0
K 0 0 204
J N 8 9307 21 5 5185 0 1 6
K -15 0 65
K 0 0 42
K 0 0 60
K 0 21 60
A D 2 4
J B 51 9349 1 82 6913 1152 0
J F 0 9370 98 2 1 0 0
K 0 0 203
K 0 21 201
J N 8 9370 21 5 1 0 1 6
k -15 0 65
K 0 0 42
K 0 0 60
K 0 21 60
A D 2 4
H 6 T 21 0 0 0 0 0 1 0
J F 0 9408 98 1 1729 1152 0
K 0 0 205
J N 8 9408 28 4 1729 0 0
K 0 0 42
K 0 0 60
K 0 21 60
A D 2 4
J F 0 9446 98 2 3457 1152 0
K 0 0 206
K 15 0 219
J N 8 9446 35 4 3457 0 0
K 0 0 42
K 0 0 59
K 0 -21 59
A D 2 4
J F 0 9484 98 2 5185 1152 0
K 0 0 206
K 15 0 219
J N 8 9484 14 4 5185 0 0
K 0 0 42
K 0 0 60
K 0 21 60
A D 2 4
J B 52 9526 1 82 6913 1152 0
J F 0 9547 98 1 1 0 0
K 0 0 206
J N 8 9547 42 4 1 0 0
K 0 0 42
K 0 0 59
K 0 -21 59
A D 2 4
J F 0 9585 98 1 1729 1152 0
K 0 0 206
J N 8 9585 21 5 1729 0 0
K -15 0 65
K 0 0 42
K 0 0 60
K 0 21 60
A D 2 4
J F 0 9623 98 1 3457 1152 0
K 0 0 206
J N 8 9623 49 4 3457 0 0
K 0 0 42
K 0 0 59
K 0 -21 59
A D 2 4
J F 0 9661 98 1 5185 1152 0
K 0 0 206
J N 8 9661 28 4 5185 0 0
K 0 0 42
K 0 0 60
K 0 21 60
A D 2 4
J B 53 9703 1 82 6913 1152 0
J F 0 9724 98 1 1 0 0
K 0 0 206
J N 8 9724 56 4 1 0 0
K 0 0 42
K 0 0 59
K 0 -21 59
A D 2 4
J F 0 9762 98 2 1729 1152 0
K 0 0 206
K 0 21 219
J N 8 9762 35 4 1729 0 0
K 0 0 42
K 0 0 59
K 0 -21 59
A D 2 4
J N 8 9800 63 4 3457 1152 0
K 0 0 42
K 0 0 59
K 0 -21 59
A D 2 4
J N 7 9838 -21 7 5185 1152 0
K 0 7 45
K 0 0 43
K 0 7 45
K 1 7 45
K 0 0 60
K 0 21 60
A D 1 4
J N 7 9867 -14 7 6049 576 0
K 0 0 45
K 0 0 43
K -1 0 45
K 2 0 45
K 0 0 60
K 0 21 60
A D 1 4
J B 54 9900 1 82 6913 576 0
J F 0 9921 98 2 1 0 0
K 0 0 205
K 0 21 204
J N 7 9921 -7 4 1 0 0
K 0 0 43
K 0 0 60
K 0 21 60
A D 1 4
J N 7 9950 7 4 865 576 0
K 0 0 43
K 0 0 60
K 0 21 60
A D 1 4
J F 0 9979 98 1 1729 576 0
K 0 0 219
J N 7 9979 -14 7 1729 0 0
K 0 0 45
K 0 0 43
K -1 0 45
K 2 0 45
K 0 0 60
K 0 21 60
A D 1 4
J N 7 10008 -7 4 2593 576 0
K 0 0 43
K 0 0 60
K 0 21 60
A D 1 4
J F 0 10037 98 3 3457 576 0
K 0 0 205
K 0 21 204
K 15 21 219
J N 7 10037 0 4 3457 0 0
K 0 0 43
K 0 0 60
K 0 21 60
A D 1 4
J N 7 10072 14 4 4321 576 0
K 0 0 43
K 0 0 60
K 0 21 60
A D 1 4
J N 7 10101 -7 4 5185 576 0
K 0 0 43
K 0 0 60
K 0 21 60
A D 1 4
J N 7 10130 0 4 6049 576 0
K 0 0 43
K 0 0 60
K 0 21 60
A D 1 4
J B 55 10163 1 82 6913 576 0
J F 0 10184 98 3 1 0 0
K 0 0 205
K 15 0 219
K 0 21 204
J N 8 10184 7 4 1 0 0
K 0 0 42
K 0 0 60
K 0 21 60
A D 2 4
J F 0 10222 98 2 1729 1152 0
K 0 0 205
K 0 21 204
J N 8 10222 0 4 1729 0 0
K 0 0 42
K 0 0 60
K 0 21 60
A D 2 4
J F 0 10260 98 1 3457 1152 0
K 0 0 208
J R 7 10260 28 2 3457 0 0
K 0 0 48
A D 1 4
J N 7 10289 -7 4 4321 576 0
K 0 0 43
K 0 0 60
K 0 21 60
A D 1 4
J F 0 10318 98 1 5185 576 0
K 0 0 205
J N 7 10318 -21 7 5185 0 0
K 0 7 45
K 0 0 43
K 0 7 45
K 1 7 45
K 0 0 60
K 0 21 60
A D 1 4
J N 7 10347 -7 4 6049 576 0
K 0 0 43
K 0 0 60
K 0 21 60
A D 1 4
J B 56 10380 1 82 6913 576 0
J F 0 10401 98 1 1 0 0
K 0 0 203
J N 7 10401 -35 9 1 0 0
K 0 21 45
K 0 7 45
K 0 0 43
K 0 7 45
K 1 7 45
K 0 0 60
K 0 28 60
K 0 35 60
A D 1 4
J N 7 10430 14 4 865 576 0
K 0 0 43
K 0 0 60
K 0 21 60
A D 1 4
J F 0 10459 98 1 1729 576 0
K 0 0 205
J N 7 10459 0 4 1729 0 0
K 0 0 43
K 0 0 60
K 0 21 60
A D 1 4
J N 7 10488 14 4 2593 576 0
K 0 0 43
K 0 0 60
K 0 21 60
A D 1 4
J F 0 10517 98 1 3457 576 0
K 0 0 208
J R 7 10517 28 2 3457 0 0
K 0 0 48
A D 1 4
J N 7 10546 7 4 4321 576 0
K 0 0 43
K 0 0 60
K 0 21 60
A D 1 4
J F 0 10575 98 1 5185 576 0
K 0 0 205
J N 7 10575 -7 4 5185 0 0
K 0 0 43
K 0 0 60
K 0 21 60
A D 1 4
J N 7 10604 7 4 6049 576 0
K 0 0 43
K 0 0 60
K 0 21 60
A D 1 4
J B 57 10637 1 82 6913 576 0
J F 0 10658 98 1 1 0 0
K 0 0 203
J N 7 10658 -21 7 1 0 0
K 0 7 45
K 0 0 43
K 0 7 45
K 1 7 45
K 0 0 60
K 0 21 60
A D 1 4
J N 7 10687 28 4 865 576 0
K 0 0 43
K 0 0 60
K 0 21 60
A D 1 4
J F 0 10716 98 1 1729 576 0
K 0 0 205
J N 7 10716 14 4 1729 0 0
K 0 0 43
K 0 0 60
K 0 21 60
A D 1 4
J N 7 10745 28 4 2593 576 0
K 0 0 43
K 0 0 60
K 0 21 60
A D 1 4
J F 0 10774 98 1 3457 576 0
K 0 0 208
J R 7 10774 28 2 3457 0 0
K 0 0 48
A D 1 4
J N 7 10811 21 5 4321 576 0
K -15 0 65
K 0 0 43
K 0 0 60
K 0 21 60
A D 1 4
J F 0 10840 98 2 5185 576 0
K 0 0 205
K 15 0 219
J N 7 10840 7 4 5185 0 0
K 0 0 43
K 0 0 60
K 0 21 60
A D 1 4
J N 7 10875 21 4 6049 576 0
K 0 0 43
K 0 0 60
K 0 21 60
A D 1 4
J B 58 10908 1 82 6913 576 0
J N 7 10929 -7 4 1 0 0
K 0 0 43
K 0 0 60
K 0 21 60
A D 1 4
J N 7 10958 42 4 865 576 0
K 0 0 43
K 0 0 59
K 0 -21 59
A D 1 4
J F 0 10987 98 1 1729 576 0
K 0 0 202
J N 7 10987 28 4 1729 0 0
K 0 0 43
K 0 0 60
K 0 21 60
A D 1 4
J N 7 11016 42 4 2593 576 0
K 0 0 43
K 0 0 59
K 0 -21 59
A D 1 4
J F 0 11045 98 2 3457 576 0
K 0 0 208
K 15 0 219
J N 8 11045 35 5 3457 0 0
K 0 0 42
K 25 0 44
K 0 0 59
K 0 -21 59
A D 3 4
J F 0 11083 98 1 5185 1152 0
K 0 0 207
J N 7 11112 35 4 6049 576 0
K 0 0 43
K 0 0 59
K 0 -21 59
A D 1 4
J B 59 11145 1 82 6913 576 0
J F 0 11166 98 1 1 0 0
K 0 0 206
J N 8 11166 28 5 1 0 0
K 0 0 42
K 24 -6 44
K 0 0 60
K 0 21 60
A D 3 4
J F 0 11204 98 1 1729 1152 0
K 0 0 205
J N 7 11233 28 4 2593 576 0
K 0 0 43
K 0 0 60
K 0 21 60
A D 1 4
J F 0 11270 98 2 3457 576 0
K 0 0 208
K 0 21 204
J N 8 11270 21 6 3457 0 0
K -15 0 65
K 0 0 42
K 25 0 44
K 0 0 60
K 0 21 60
A D 3 4
J F 0 11308 98 2 5185 1152 0
K 0 0 207
K 0 21 205
J N 7 11337 21 4 6049 576 0
K 0 0 43
K 0 0 60
K 0 21 60
A D 1 4
J B 60 11370 1 82 6913 576 0
J F 0 11391 98 2 1 0 0
K 0 0 206
K 15 0 219
J N 8 11391 14 4 1 0 0
K 0 0 42
K 0 0 60
K 0 21 60
A D 2 4
J N 8 11429 42 4 1729 1152 0
K 0 0 42
K 0 0 59
K 0 -21 59
A D 2 4
J N 8 11467 14 4 3457 1152 0
K 0 0 42
K 0 0 60
K 0 21 60
A D 2 4
J N 8 11505 42 4 5185 1152 0
K 0 0 42
K 0 0 59
K 0 -21 59
A D 2 4
J B 61 11547 1 82 6913 1152 0
J N 8 11568 14 4 1 0 0
K 0 0 42
K 0 0 60
K 0 21 60
A D 2 4
J N 8 11606 42 4 1729 1152 0
K 0 0 42
K 0 0 59
K 0 -21 59
A D 2 4
J N 8 11644 14 4 3457 1152 0
K 0 0 42
K 0 0 60
K 0 21 60
A D 2 4
J N 8 11682 42 4 5185 1152 0
K 0 0 42
K 0 0 59
K 0 -21 59
A D 2 4
J B 62 11724 1 82 6913 1152 0
J N 9 11745 14 2 1 0 0
K 0 0 41
A D 4 4
J R 8 11798 28 3 3457 2304 0
K 0 0 47
K 4 -35 101
A D 2 4
J D 5 11836 -42 1 5185 1152 0
W 0 0 37 Adagio
J F 0 11836 98 1 5185 0 0
K 0 0 205
J N 8 11836 28 4 5185 0 0
K 0 0 42
K 0 0 60
K 0 21 60
A D 2 4
J B 63 11878 1 82 6913 1152 0
J N 8 11902 21 5 1 0 0
K -15 0 65
K 0 0 42
K 0 0 60
K 0 21 60
A D 2 4
J N 8 11940 42 4 1729 1152 0
K 0 0 42
K 0 0 59
K 0 -21 59
A D 2 4
J F 0 11978 98 2 3457 1152 0
K 0 0 205
K 0 21 203
J N 8 11978 14 4 3457 0 0
K 0 0 42
K 0 0 60
K 0 21 60
A D 2 4
J F 0 12016 98 2 5185 1152 0
K 0 0 204
K 0 21 202
J N 8 12016 63 4 5185 0 0
K 0 0 42
K 0 0 59
K 0 -21 59
A D 2 4
J B 64 12058 1 82 6913 1152 0
J N 10 12079 42 2 1 0 0
K 0 0 40
A D 8 4
J B 0 12175 6 2 6913 4608 0
K -13 0 82
K -6 0 84
J M 0 12175 0 0 10000 0 0
