@ SOURCE: not identified 
L 0 0 14 !39Violino 1 concerto grosso
J D 4 500 -120 1 6913 0 0
W 0 0 44 III
J D 1 75 -37 1 6913 0 0
W 0 -56 44 III:  Violino 1 concerto grosso
J C 4 5 42 2 6913 0 0
K 0 0 33
K 0 0 34
J K -1 57 0 1 6913 0 0
K 0 28 65
J D 5 86 -42 1 6913 0 0
W 0 0 37 Allegro
J T 0 86 42 1 6913 0 0
K 0 0 38
J R 9 137 28 2 1 10000 0
K 0 0 46
A D 16 8
J B 2 242 1 82 6913 4608 0
J R 9 263 28 2 1 10000 0
K 0 0 46
A D 16 8
J B 3 368 1 82 6913 4608 0
J R 9 389 28 2 1 10000 0
K 0 0 46
A D 16 8
J B 4 494 1 82 6913 4608 0
J R 9 515 28 2 1 10000 0
K 0 0 46
A D 16 8
J B 5 620 1 82 6913 4608 0
J R 8 641 28 2 1 0 0
K 0 0 47
A D 4 8
J N 8 679 0 4 1729 1152 0
K 0 0 42
K 0 0 60
K 0 21 60
A D 4 8
J N 9 720 7 3 3457 1152 0
K -15 0 65
K 0 0 41
A D 8 8
J B 6 777 1 82 6913 2304 0
J N 9 798 14 2 1 0 0
K 0 0 41
A D 8 8
J N 9 851 21 2 3457 2304 0
K 0 0 41
A D 8 8
J B 7 908 1 82 6913 2304 0
J R 8 929 28 2 1 0 0
K 0 0 47
A D 4 8
J N 9 967 28 2 1729 1152 0
K 0 0 41
A D 8 8
J N 8 1020 35 4 5185 2304 0
K 0 0 42
K 0 0 59
K 0 -21 59
A D 4 8
J B 8 1062 1 82 6913 1152 0
J N 9 1083 14 2 1 0 0
K 0 0 41
A D 8 8
J N 8 1136 21 4 3457 2304 0
K 0 0 42
K 0 0 60
K 0 21 60
A D 4 8
J N 8 1174 0 4 5185 1152 1 1
K 0 0 42
K 0 0 60
K 0 21 60
A D 4 8
J B 9 1216 1 82 6913 1152 0
J N 8 1237 0 4 1 0 1 1
K 0 0 42
K 0 0 60
K 0 21 60
A D 4 8
H 1 T 0 0 0 0 0 0 5 0
J N 8 1275 7 4 1729 1152 0
K 0 0 42
K 0 0 60
K 0 21 60
A D 4 8
J N 9 1313 -14 6 3457 1152 0
K 0 0 45
K 6 0 45
K 0 0 41
K -1 0 45
K 2 0 45
A D 8 8
J B 10 1370 1 82 6913 2304 0
J N 9 1391 -7 2 1 0 0
K 0 0 41
A D 8 8
J N 9 1444 0 2 3457 2304 0
K 0 0 41
A D 8 8
J B 11 1501 1 82 6913 2304 0
J N 9 1522 7 2 1 0 0
K 0 0 41
A D 8 8
J N 8 1575 14 5 3457 2304 0
K 0 0 42
K 24 -6 44
K 0 0 60
K 0 21 60
A D 6 8
J N 7 1621 63 4 6049 1728 0
K 0 0 43
K 0 0 59
K 0 -21 59
A D 2 8
J B 12 1654 1 82 6913 576 0
J N 7 1675 56 4 1 0 0
K 0 0 43
K 0 0 59
K 0 -21 59
A D 2 8
J N 7 1704 70 7 865 576 0
K 1 0 45
K 0 0 43
K -1 0 45
K 2 0 45
K 0 0 59
K 0 -21 59
A D 2 8
J N 9 1733 49 2 1729 576 0
K 0 0 41
A D 8 8
J N 8 1786 56 4 5185 2304 0
K 0 0 42
K 0 0 59
K 0 -21 59
A D 4 8
J B 13 1828 1 82 6913 1152 0
J N 8 1849 49 4 1 0 0
K 0 0 42
K 0 0 59
K 0 -21 59
A D 4 8
J N 9 1887 0 2 1729 1152 0
K 0 0 41
A D 8 8
J N 8 1940 7 5 5185 2304 1 2
K -15 0 65
K 0 0 42
K 0 0 60
K 0 21 60
A D 4 8
J B 14 1982 1 82 6913 1152 0
J N 8 2006 7 5 1 0 1 2
k -15 0 65
K 0 0 42
K 0 0 60
K 0 21 60
A D 4 8
H 2 T 7 0 0 0 0 0 1 0
J N 8 2044 14 4 1729 1152 0
K 0 0 42
K 0 0 60
K 0 21 60
A D 4 8
J N 8 2082 42 4 3457 1152 0
K 0 0 42
K 0 0 59
K 0 -21 59
A D 4 8
J N 8 2120 21 4 5185 1152 0
K 0 0 42
K 0 0 60
K 0 21 60
A D 4 8
J B 15 2162 1 82 6913 1152 0
J N 8 2183 49 4 1 0 0
K 0 0 42
K 0 0 59
K 0 -21 59
A D 4 8
J N 9 2221 28 2 1729 1152 0
K 0 0 41
A D 8 8
J N 8 2274 35 4 5185 2304 1 3
K 0 0 42
K 0 0 59
K 0 -21 59
A D 4 8
J B 16 2316 1 82 6913 1152 0
J N 8 2337 35 4 1 0 1 3
K 0 0 42
K 0 0 59
K 0 -21 59
A D 4 8
H 3 T 35 0 0 0 0 0 9 0
J N 9 2375 42 2 1729 1152 0
K 0 0 41
A D 8 8
J N 8 2428 49 4 5185 2304 1 4
K 0 0 42
K 0 0 59
K 0 -21 59
A D 4 8
J B 17 2470 1 82 6913 1152 0
J N 8 2491 49 4 1 0 1 4
K 0 0 42
K 0 0 59
K 0 -21 59
A D 4 8
H 4 T 49 0 0 0 0 0 9 0
J N 9 2532 56 3 1729 1152 0
K -15 0 65
K 0 0 41
A D 8 8
J N 8 2585 63 4 5185 2304 0
K 0 0 42
K 0 0 59
K 0 -21 59
A D 4 8
J B 18 2627 1 82 6913 1152 0
J N 8 2648 70 8 1 0 0
K 1 0 45
K 0 0 42
K -1 0 45
K 2 0 45
K 24 -6 44
K 0 0 59
K 0 -21 59
A D 6 8
J N 7 2694 49 4 2593 1728 0
K 0 0 43
K 0 0 59
K 0 -21 59
A D 2 8
J N 9 2723 63 2 3457 576 0
K 0 0 41
A D 8 8
J B 19 2780 1 82 6913 2304 0
J R 8 2801 28 2 1 0 0
K 0 0 47
A D 4 8
J N 8 2839 0 4 1729 1152 0
K 0 0 42
K 0 0 60
K 0 21 60
A D 4 8
J N 8 2877 14 4 3457 1152 0
K 0 0 42
K 0 0 60
K 0 21 60
A D 4 8
J N 8 2915 28 4 5185 1152 0
K 0 0 42
K 0 0 60
K 0 21 60
A D 4 8
J B 20 2957 1 82 6913 1152 0
J R 8 2978 28 2 1 0 0
K 0 0 47
A D 4 8
J N 8 3016 0 4 1729 1152 0
K 0 0 42
K 0 0 60
K 0 21 60
A D 4 8
J N 8 3054 14 4 3457 1152 0
K 0 0 42
K 0 0 60
K 0 21 60
A D 4 8
J N 8 3092 21 4 5185 1152 0
K 0 0 42
K 0 0 60
K 0 21 60
A D 4 8
J B 21 3134 1 82 6913 1152 0
J N 9 3155 28 2 1 0 0
K 0 0 41
A D 8 8
J N 9 3208 35 2 3457 2304 0
K 0 0 41
A D 8 8
J B 22 3265 1 82 6913 2304 0
J R 9 3286 28 2 1 10000 0
K 0 0 46
A D 16 8
J B 23 3391 1 82 6913 4608 0
J R 9 3412 28 2 1 0 0
K 0 0 46
A D 8 8
J R 8 3465 28 2 3457 2304 0
K 0 0 47
A D 4 8
J N 8 3503 0 4 5185 1152 1 5
K 0 0 42
K 0 0 60
K 0 21 60
A D 4 8
J B 24 3545 1 82 6913 1152 0
J N 8 3566 0 4 1 0 1 5
K 0 0 42
K 0 0 60
K 0 21 60
A D 4 8
H 5 T 0 0 0 0 0 0 5 0
J N 9 3607 7 3 1729 1152 0
K -15 0 65
K 0 0 41
A D 8 8
J N 8 3660 14 4 5185 2304 0
K 0 0 42
K 0 0 60
K 0 21 60
A D 4 8
J B 25 3702 1 82 6913 1152 0
J N 8 3723 21 4 1 0 0
K 0 0 42
K 0 0 60
K 0 21 60
A D 4 8
J N 9 3761 21 2 1729 1152 0
K 0 0 41
A D 8 8
J N 8 3814 28 4 5185 2304 1 6
K 0 0 42
K 0 0 60
K 0 21 60
A D 4 8
J B 26 3856 1 82 6913 1152 0
J N 8 3877 28 4 1 0 1 6
K 0 0 42
K 0 0 60
K 0 21 60
A D 4 8
H 6 T 28 0 0 0 0 0 5 0
J N 9 3915 35 2 1729 1152 0
K 0 0 41
A D 8 8
J N 8 3968 42 4 5185 2304 1 7
K 0 0 42
K 0 0 59
K 0 -21 59
A D 4 8
J B 27 4010 1 82 6913 1152 0
J N 8 4031 42 4 1 0 1 7
K 0 0 42
K 0 0 59
K 0 -21 59
A D 4 8
H 7 T 42 0 0 0 0 0 13 0
J N 8 4075 49 5 1729 1152 0
K -18 0 63
K 0 0 42
K 0 0 59
K 0 -21 59
A D 4 8
J N 8 4113 42 4 3457 1152 0
K 0 0 42
K 0 0 59
K 0 -21 59
A D 4 8
J N 8 4151 -7 4 5185 1152 1 8
K 0 0 42
K 0 0 60
K 0 21 60
A D 4 8
J B 28 4193 1 82 6913 1152 0
J N 8 4214 -7 4 1 0 1 8
K 0 0 42
K 0 0 60
K 0 21 60
A D 4 8
H 8 T -7 0 0 0 0 0 1 0
J N 9 4252 0 2 1729 1152 0
K 0 0 41
A D 8 8
J N 8 4305 7 5 5185 2304 1 9
K -15 0 65
K 0 0 42
K 0 0 60
K 0 21 60
A D 4 8
J B 29 4347 1 82 6913 1152 0
J N 8 4371 7 5 1 0 1 9
k -15 0 65
K 0 0 42
K 0 0 60
K 0 21 60
A D 4 8
H 9 T 7 0 0 0 0 0 1 0
J N 8 4409 14 4 1729 1152 0
K 0 0 42
K 0 0 60
K 0 21 60
A D 4 8
J N 8 4447 21 5 3457 1152 0
K 0 0 42
K 25 0 44
K 0 0 60
K 0 21 60
A D 6 8
J N 7 4493 0 4 6049 1728 0
K 0 0 43
K 0 0 60
K 0 21 60
A D 2 8
J B 30 4526 1 82 6913 576 0
J N 8 4547 28 5 1 0 0
K 0 0 42
K 24 -6 44
K 0 0 60
K 0 21 60
A D 6 8
J N 7 4597 7 5 2593 1728 0
K -15 0 65
K 0 0 43
K 0 0 60
K 0 21 60
A D 2 8
J N 8 4626 35 5 3457 576 0
K 0 0 42
K 25 0 44
K 0 0 59
K 0 -21 59
A D 6 8
J N 7 4672 14 4 6049 1728 0
K 0 0 43
K 0 0 60
K 0 21 60
A D 2 8
J B 31 4705 1 82 6913 576 0
J N 7 4726 42 4 1 0 0
K 0 0 43
K 0 0 59
K 0 -21 59
A D 2 8
J N 7 4755 28 4 865 576 0
K 0 0 43
K 0 0 60
K 0 21 60
A D 2 8
J N 7 4784 35 4 1729 576 0
K 0 0 43
K 0 0 59
K 0 -21 59
A D 2 8
J N 7 4813 42 4 2593 576 0
K 0 0 43
K 0 0 59
K 0 -21 59
A D 2 8
J N 8 4857 49 5 3457 576 0
K -18 0 63
K 0 0 42
K 0 0 59
K 0 -21 59
A D 4 8
J N 8 4895 -14 7 5185 1152 0
K 0 0 45
K 0 0 42
K -1 0 45
K 2 0 45
K 0 0 60
K 0 21 60
A D 4 8
J B 32 4937 1 82 6913 1152 0
J N 8 4958 -21 7 1 0 0
K 0 7 45
K 0 0 42
K 0 7 45
K 1 7 45
K 0 0 60
K 0 21 60
A D 4 8
J N 8 4997 0 5 1729 1152 0
K -18 0 63
K 0 0 42
K 0 0 60
K 0 21 60
A D 4 8
J N 8 5035 -7 4 3457 1152 0
K 0 0 42
K 0 0 60
K 0 21 60
A D 4 8
J N 8 5073 14 4 5185 1152 0
K 0 0 42
K 0 0 60
K 0 21 60
A D 4 8
J B 33 5115 1 82 6913 1152 0
J R 8 5136 28 2 1 0 0
K 0 0 47
A D 4 8
J N 9 5174 14 2 1729 1152 0
K 0 0 41
A D 8 8
J N 8 5227 21 4 5185 2304 1 10
K 0 0 42
K 0 0 60
K 0 21 60
A D 4 8
J B 34 5269 1 82 6913 1152 0
J N 8 5290 21 4 1 0 1 10
K 0 0 42
K 0 0 60
K 0 21 60
A D 4 8
H 10 T 21 0 0 0 0 0 1 0
J N 8 5330 28 5 1729 1152 0
K -14 0 64
K 0 0 42
K 0 0 60
K 0 21 60
A D 4 8
J R 8 5368 28 2 3457 1152 0
K 0 0 47
A D 4 8
J N 8 5406 21 4 5185 1152 0
K 0 0 42
K 0 0 60
K 0 21 60
A D 4 8
J B 35 5448 1 82 6913 1152 0
J N 8 5469 14 4 1 0 0
K 0 0 42
K 0 0 60
K 0 21 60
A D 4 8
J N 8 5507 -7 4 1729 1152 0
K 0 0 42
K 0 0 60
K 0 21 60
A D 4 8
J N 8 5545 21 4 3457 1152 0
K 0 0 42
K 0 0 60
K 0 21 60
A D 4 8
J N 8 5583 -28 8 5185 1152 1 11
K 0 14 45
K 0 0 45
K 0 0 42
K -1 0 45
K 2 0 45
K 0 0 60
K 0 28 60
A D 4 8
J B 36 5625 1 82 6913 1152 0
J N 8 5646 -28 8 1 0 1 11
K 0 14 45
K 0 0 45
K 0 0 42
K -1 0 45
K 2 0 45
K 0 0 60
K 0 28 60
A D 4 8
H 11 T -28 0 0 0 0 0 5 0
J N 8 5686 -21 8 1729 1152 0
K 0 7 45
K -14 0 64
K 0 0 42
K 0 7 45
K 1 7 45
K 0 0 60
K 0 21 60
A D 4 8
J N 8 5724 -28 9 3457 1152 0
K 0 14 45
K 0 0 45
K 0 0 42
K -1 0 45
K 2 0 45
K 24 -6 44
K 0 0 60
K 0 28 60
A D 6 8
J N 7 5776 -21 8 6049 1728 0
K 0 7 45
K -15 0 65
K 0 0 43
K 0 7 45
K 1 7 45
K 0 0 60
K 0 21 60
A D 2 8
J B 37 5809 1 82 6913 576 0
J N 7 5830 -14 7 1 0 0
K 0 0 45
K 0 0 43
K -1 0 45
K 2 0 45
K 0 0 60
K 0 21 60
A D 2 8
J N 7 5859 -7 4 865 576 0
K 0 0 43
K 0 0 60
K 0 21 60
A D 2 8
J N 7 5888 -14 7 1729 576 0
K 0 0 45
K 0 0 43
K -1 0 45
K 2 0 45
K 0 0 60
K 0 21 60
A D 2 8
J N 7 5917 0 4 2593 576 0
K 0 0 43
K 0 0 60
K 0 21 60
A D 2 8
J N 8 5946 -21 8 3457 576 0
K 0 7 45
K 0 0 42
K 0 7 45
K 1 7 45
K 25 0 44
K 0 0 60
K 0 21 60
A D 6 8
J N 7 5992 -14 7 6049 1728 0
K 0 0 45
K 0 0 43
K -1 0 45
K 2 0 45
K 0 0 60
K 0 21 60
A D 2 8
J B 38 6025 1 82 6913 576 0
J N 7 6046 -7 4 1 0 0
K 0 0 43
K 0 0 60
K 0 21 60
A D 2 8
J N 7 6075 -14 7 865 576 0
K 0 0 45
K 0 0 43
K -1 0 45
K 2 0 45
K 0 0 60
K 0 21 60
A D 2 8
J N 9 6104 -21 6 1729 576 0
K 0 7 45
K 6 7 45
K 0 0 41
K 0 7 45
K 1 7 45
A D 8 8
J N 8 6157 -14 7 5185 2304 1 12
K 0 0 45
K 0 0 42
K -1 0 45
K 2 0 45
K 0 0 60
K 0 21 60
A D 4 8
J B 39 6199 1 82 6913 1152 0
J N 8 6220 -14 7 1 0 1 12
K 0 0 45
K 0 0 42
K -1 0 45
K 2 0 45
K 0 0 60
K 0 21 60
A D 4 8
H 12 T -14 0 0 0 0 0 5 0
J N 9 6258 -7 2 1729 1152 0
K 0 0 41
A D 8 8
J N 8 6311 0 5 5185 2304 0
K -18 0 63
K 0 0 42
K 0 0 60
K 0 21 60
A D 4 8
J B 40 6353 1 82 6913 1152 0
J N 8 6374 -7 5 1 0 0
K 0 0 42
K 25 0 44
K 0 0 60
K 0 21 60
A D 6 8
J N 7 6420 28 4 2593 1728 0
K 0 0 43
K 0 0 60
K 0 21 60
A D 2 8
J N 8 6449 21 5 3457 576 0
K 0 0 42
K 25 0 44
K 0 0 60
K 0 21 60
A D 6 8
J N 6 6495 28 2 6049 1728 1 13
K 0 0 43
A D 1 8
J N 6 6524 35 2 6481 288 1 13
K 0 0 43
A D 1 8
H 13 B 0 0 108 2 2 3
J B 41 6557 1 82 6913 288 0
J N 8 6578 14 5 1 0 0
K 0 0 42
K 24 -6 44
K 0 0 60
K 0 21 60
A D 6 8
J N 7 6624 14 4 2593 1728 0
K 0 0 43
K 0 0 60
K 0 21 60
A D 2 8
J N 8 6664 7 6 3457 576 0
K -14 0 64
K 0 0 42
K 25 0 44
K 0 0 60
K 0 21 60
A D 6 8
J N 7 6710 7 4 6049 1728 0
K 0 0 43
K 0 0 60
K 0 21 60
A D 2 8
J B 42 6743 1 82 6913 576 0
J N 7 6770 0 5 1 0 0
K -18 0 63
K 0 0 43
K 0 0 60
K 0 21 60
A D 2 8
J N 7 6799 35 4 865 576 0
K 0 0 43
K 0 0 59
K 0 -21 59
A D 2 8
J N 9 6828 14 2 1729 576 0
K 0 0 41
A D 8 8
J N 8 6881 21 4 5185 2304 0
K 0 0 42
K 0 0 60
K 0 21 60
A D 4 8
J B 43 6923 1 82 6913 1152 0
J N 9 6944 14 2 1 0 0
K 0 0 41
A D 8 8
J R 9 6997 28 2 3457 2304 0
K 0 0 46
A D 8 8
J B 44 7054 1 82 6913 2304 0
J R 9 7075 28 2 1 10000 0
K 0 0 46
A D 16 8
J B 45 7180 1 82 6913 4608 0
J R 9 7201 28 2 1 0 0
K 0 0 46
A D 8 8
J N 8 7254 21 5 3457 2304 0
K 0 0 42
K 25 0 44
K 0 0 60
K 0 21 60
A D 6 8
J N 7 7300 21 4 6049 1728 0
K 0 0 43
K 0 0 60
K 0 21 60
A D 2 8
J B 46 7333 1 82 6913 576 0
J N 7 7354 14 4 1 0 0
K 0 0 43
K 0 0 60
K 0 21 60
A D 2 8
J N 7 7395 7 5 865 576 0
K -15 0 65
K 0 0 43
K 0 0 60
K 0 21 60
A D 2 8
J N 7 7424 0 4 1729 576 0
K 0 0 43
K 0 0 60
K 0 21 60
A D 2 8
J N 7 7453 14 4 2593 576 0
K 0 0 43
K 0 0 60
K 0 21 60
A D 2 8
J N 9 7482 7 2 3457 576 0
K 0 0 41
A D 8 8
J B 47 7539 1 82 6913 2304 0
J N 9 7560 14 2 1 0 0
K 0 0 41
A D 8 8
J N 9 7613 21 2 3457 2304 0
K 0 0 41
A D 8 8
J B 48 7670 1 82 6913 2304 0
J N 9 7691 28 2 1 0 0
K 0 0 41
A D 8 8
J N 8 7744 35 4 3457 2304 0
K 0 0 42
K 0 0 59
K 0 -21 59
A D 4 8
J N 8 7782 0 4 5185 1152 0
K 0 0 42
K 0 0 60
K 0 21 60
A D 4 8
J B 49 7824 1 82 6913 1152 0
J N 8 7845 28 4 1 0 0
K 0 0 42
K 0 0 60
K 0 21 60
A D 4 8
J N 9 7883 7 3 1729 1152 0
K -15 0 65
K 0 0 41
A D 8 8
J N 8 7936 14 4 5185 2304 0
K 0 0 42
K 0 0 60
K 0 21 60
A D 4 8
J B 50 7978 1 82 6913 1152 0
J N 9 7999 21 2 1 0 0
K 0 0 41
A D 8 8
J N 8 8052 14 4 3457 2304 0
K 0 0 42
K 0 0 60
K 0 21 60
A D 4 8
J N 8 8090 28 4 5185 1152 0
K 0 0 42
K 0 0 60
K 0 21 60
A D 4 8
J B 51 8132 1 82 6913 1152 0
J N 8 8153 21 4 1 0 0
K 0 0 42
K 0 0 60
K 0 21 60
A D 4 8
J N 8 8191 14 4 1729 1152 0
K 0 0 42
K 0 0 60
K 0 21 60
A D 4 8
J N 8 8232 7 6 3457 1152 0
K -15 0 65
K 0 0 42
K 25 0 44
K 0 0 60
K 0 21 60
A D 6 8
J N 6 8278 14 2 6049 1728 1 14
K 0 0 43
A D 1 8
J N 6 8307 21 2 6481 288 1 14
K 0 0 43
A D 1 8
H 14 B 1 0 108 2 2 3
J B 52 8340 1 82 6913 288 0
J N 8 8361 14 5 1 0 0
K 0 0 42
K 24 -6 44
K 0 0 60
K 0 21 60
A D 6 8
J N 7 8407 42 4 2593 1728 0
K 0 0 43
K 0 0 59
K 0 -21 59
A D 2 8
J N 8 8436 21 5 3457 576 0
K 0 0 42
K 25 0 44
K 0 0 60
K 0 21 60
A D 6 8
J N 7 8482 49 4 6049 1728 0
K 0 0 43
K 0 0 59
K 0 -21 59
A D 2 8
J B 53 8515 1 82 6913 576 0
J N 7 8536 28 4 1 0 0
K 0 0 43
K 0 0 60
K 0 21 60
A D 2 8
J N 7 8565 14 4 865 576 0
K 0 0 43
K 0 0 60
K 0 21 60
A D 2 8
J N 7 8594 21 4 1729 576 0
K 0 0 43
K 0 0 60
K 0 21 60
A D 2 8
J N 7 8623 28 4 2593 576 0
K 0 0 43
K 0 0 60
K 0 21 60
A D 2 8
J N 9 8652 35 2 3457 576 0
K 0 0 41
A D 8 8
J B 54 8709 1 82 6913 2304 0
J R 9 8730 28 2 1 10000 0
K 0 0 46
A D 16 8
J B 55 8835 1 82 6913 4608 0
J R 9 8856 28 2 1 0 0
K 0 0 46
A D 8 8
J N 8 8909 0 4 3457 2304 0
K 0 0 42
K 0 0 60
K 0 21 60
A D 4 8
J N 8 8947 -21 7 5185 1152 1 15
K 0 7 45
K 0 0 42
K 0 7 45
K 1 7 45
K 0 0 60
K 0 21 60
A D 4 8
J B 56 8989 1 82 6913 1152 0
J N 7 9010 -21 7 1 0 1 15
K 0 7 45
K 0 0 43
K 0 7 45
K 1 7 45
K 0 0 60
K 0 21 60
A D 2 8
H 15 T -21 0 0 0 0 0 1 0
J N 6 9039 -14 5 865 576 1 16
K 0 0 45
K 0 0 43
K -1 0 45
K 2 0 45
A D 1 8
J N 6 9068 -7 2 1297 288 1 16
K 0 0 43
A D 1 8
H 16 B 1 0 108 2 2 3
J N 8 9097 -14 7 1729 288 1 17
K 0 0 45
K 0 0 42
K -1 0 45
K 2 0 45
K 0 0 60
K 0 21 60
A D 4 8
J N 7 9135 -14 7 3457 1152 1 17
K 0 0 45
K 0 0 43
K -1 0 45
K 2 0 45
K 0 0 60
K 0 21 60
A D 2 8
H 17 T -14 0 0 0 0 0 5 0
J N 7 9164 14 4 4321 576 0
K 0 0 43
K 0 0 60
K 0 21 60
A D 2 8
J N 8 9193 -7 4 5185 576 1 18
K 0 0 42
K 0 0 60
K 0 21 60
A D 4 8
J B 57 9235 1 82 6913 1152 0
J N 7 9256 -7 4 1 0 1 18
K 0 0 43
K 0 0 60
K 0 21 60
A D 2 8
H 18 T -7 0 0 0 0 0 1 0
J N 6 9285 0 2 865 576 1 19
K 0 0 43
A D 1 8
J N 6 9326 7 3 1297 288 1 19
K -15 0 65
K 0 0 43
A D 1 8
H 19 B 1 0 108 2 2 3
J N 8 9355 0 4 1729 288 1 20
K 0 0 42
K 0 0 60
K 0 21 60
A D 4 8
J N 7 9393 0 4 3457 1152 1 20
K 0 0 43
K 0 0 60
K 0 21 60
A D 2 8
H 20 T 0 0 0 0 0 0 5 0
J N 7 9422 28 4 4321 576 0
K 0 0 43
K 0 0 60
K 0 21 60
A D 2 8
J N 8 9451 7 4 5185 576 1 21
K 0 0 42
K 0 0 60
K 0 21 60
A D 4 8
J B 58 9493 1 82 6913 1152 0
J N 7 9518 7 5 1 0 1 21
k -15 0 65
K 0 0 43
K 0 0 60
K 0 21 60
A D 2 8
H 21 T 7 0 0 0 0 0 1 0
J N 6 9547 14 2 865 576 1 22
K 0 0 43
A D 1 8
J N 6 9576 21 2 1297 288 1 22
K 0 0 43
A D 1 8
H 22 B 1 0 108 2 2 3
J N 8 9605 14 4 1729 288 1 23
K 0 0 42
K 0 0 60
K 0 21 60
A D 4 8
J N 7 9643 14 4 3457 1152 1 23
K 0 0 43
K 0 0 60
K 0 21 60
A D 2 8
H 23 T 14 0 0 0 0 0 5 0
J N 7 9672 42 4 4321 576 0
K 0 0 43
K 0 0 59
K 0 -21 59
A D 2 8
J N 7 9701 21 4 5185 576 0
K 0 0 43
K 0 0 60
K 0 21 60
A D 2 8
J N 7 9742 7 5 6049 576 0
K -15 0 65
K 0 0 43
K 0 0 60
K 0 21 60
A D 2 8
J B 59 9775 1 82 6913 576 0
J N 8 9796 49 4 1 0 0
K 0 0 42
K 0 0 59
K 0 -21 59
A D 4 8
J N 9 9834 0 2 1729 1152 0
K 0 0 41
A D 8 8
J N 8 9887 7 5 5185 2304 1 24
K -15 0 65
K 0 0 42
K 0 0 60
K 0 21 60
A D 4 8
J B 60 9929 1 82 6913 1152 0
J N 8 9953 7 5 1 0 1 24
k -15 0 65
K 0 0 42
K 0 0 60
K 0 21 60
A D 4 8
H 24 T 7 0 0 0 0 0 1 0
J N 8 9991 14 4 1729 1152 0
K 0 0 42
K 0 0 60
K 0 21 60
A D 4 8
J N 8 10029 21 4 3457 1152 0
K 0 0 42
K 0 0 60
K 0 21 60
A D 4 8
J N 8 10067 28 4 5185 1152 0
K 0 0 42
K 0 0 60
K 0 21 60
A D 4 8
J B 61 10109 1 82 6913 1152 0
J N 8 10130 35 4 1 0 0
K 0 0 42
K 0 0 59
K 0 -21 59
A D 4 8
J N 8 10168 0 4 1729 1152 0
K 0 0 42
K 0 0 60
K 0 21 60
A D 4 8
J N 8 10209 7 5 3457 1152 0
K -15 0 65
K 0 0 42
K 0 0 60
K 0 21 60
A D 4 8
J N 8 10247 14 4 5185 1152 0
K 0 0 42
K 0 0 60
K 0 21 60
A D 4 8
J B 62 10289 1 82 6913 1152 0
J N 9 10310 21 2 1 0 0
K 0 0 41
A D 8 8
J R 8 10363 28 3 3457 2304 0
K 0 0 47
K 4 -35 101
A D 4 8
J D 5 10401 -42 1 5185 1152 0
W 0 0 37 Adagio
J N 8 10401 0 4 5185 0 0
K 0 0 42
K 0 0 60
K 0 21 60
A D 4 8
J B 63 10443 1 82 6913 1152 0
J N 8 10467 7 5 1 0 0
K -15 0 65
K 0 0 42
K 0 0 60
K 0 21 60
A D 4 8
J N 7 10505 14 4 1729 1152 1 25
K 0 0 43
K 0 0 60
K 0 21 60
A D 2 8
J N 7 10534 21 4 2593 576 1 25
K 0 0 43
K 0 0 60
K 0 21 60
A D 2 8
H 25 S 0 0 0 0 0 0 0 0 0
J N 8 10563 14 4 3457 576 0
K 0 0 42
K 0 0 60
K 0 21 60
A D 4 8
J N 8 10601 21 4 5185 1152 0
K 0 0 42
K 0 0 60
K 0 21 60
A D 4 8
J B 64 10643 1 82 6913 1152 0
J N 10 10664 28 2 1 0 0
K 0 0 40
A D 16 8
J B 0 10760 6 2 6913 4608 0
K -13 0 82
K -6 0 84
J M 0 10760 0 0 10000 0 0
