S 0 200 140 2050 1066 7 "[...][....]" 
L 0 0 0 300 300 * 0 14 0 
J C 4 5 42 2 6913 0 0 
K 0 0 33 
K 0 0 34 
J K 0 57 0 0 6913 0 0 
J D 0 -11 -14 1 6913 0 0 
W 0 0 37 \02\01 
J N 5 102 28 2 1 0 1 27 
K 0 0 43 
A D 1 16 
J N 5 134 56 2 1153 144 1 27 
K 0 0 43 
A D 1 16 
J N 5 179 42 3 2305 144 1 27 
K -18 0 63 
K 0 0 43 
A D 1 16 
J N 5 211 28 2 3457 144 1 27 
K 0 0 43 
A D 1 16 
J N 5 243 7 2 4609 144 1 27 
K 0 0 43 
A D 1 16 
J N 5 275 28 2 5761 144 1 27 
K 0 0 43 
A D 1 16 
H 27 B 59 0 108 6 22 11 11 11 11 33 
J B 22 309 1 82 6913 144 0 
J N 5 330 21 2 1 0 1 28 
K 0 0 43 
A D 1 16 
J N 5 362 35 2 1153 144 1 28 
K 0 0 43 
A D 1 16 
J N 5 393 21 2 2305 144 1 28 
K 0 0 43 
A D 1 16 
J N 5 424 7 2 3457 144 1 28 
K 0 0 43 
A D 1 16 
J N 5 455 21 2 4609 144 1 28 
K 0 0 43 
A D 1 16 
J N 5 486 35 2 5761 144 1 28 
K 0 0 43 
A D 1 16 
H 28 B -59 0 108 6 22 11 11 11 11 33 
J B 23 519 1 82 6913 144 0 
J N 5 542 28 2 1 0 1 29 
K 0 0 43 
A D 1 16 
J N 5 573 56 2 1153 144 1 29 
K 0 0 43 
A D 1 16 
J N 5 617 42 3 2305 144 1 29 
K -18 0 63 
K 0 0 43 
A D 1 16 
J N 5 648 28 2 3457 144 1 29 
K 0 0 43 
A D 1 16 
J N 5 679 7 2 4609 144 1 29 
K 0 0 43 
A D 1 16 
J N 5 710 28 2 5761 144 1 29 
K 0 0 43 
A D 1 16 
H 29 B 59 0 108 6 22 11 11 11 11 33 
J B 24 743 1 82 6913 144 0 
J N 5 764 21 2 1 0 1 30 
K 0 0 43 
A D 1 16 
J N 5 795 35 2 1153 144 1 30 
K 0 0 43 
A D 1 16 
J N 5 826 21 2 2305 144 1 30 
K 0 0 43 
A D 1 16 
J N 5 857 7 2 3457 144 1 30 
K 0 0 43 
A D 1 16 
J N 5 888 21 2 4609 144 1 30 
K 0 0 43 
A D 1 16 
J N 5 919 35 2 5761 144 1 30 
K 0 0 43 
A D 1 16 
H 30 B -59 0 108 6 22 11 11 11 11 33 
J B 25 952 1 82 6913 144 0 
J N 5 975 7 2 1 0 1 31 
K 0 0 43 
A D 1 16 
J N 5 1006 35 2 1153 144 1 31 
K 0 0 43 
A D 1 16 
J N 5 1050 21 3 2305 144 1 31 
K -18 0 63 
K 0 0 43 
A D 1 16 
J N 5 1081 7 2 3457 144 1 31 
K 0 0 43 
A D 1 16 
J N 5 1112 -14 5 4609 144 1 31 
K 0 0 45 
K 0 0 43 
K -1 0 45 
K 2 0 45 
A D 1 16 
J N 5 1143 7 2 5761 144 1 31 
K 0 0 43 
A D 1 16 
H 31 B -73 0 108 6 22 11 11 11 11 33 
J B 26 1176 1 82 6913 144 0 
J N 5 1197 0 2 1 0 1 32 
K 0 0 43 
A D 1 16 
J N 5 1228 14 2 1153 144 1 32 
K 0 0 43 
A D 1 16 
J N 5 1259 0 2 2305 144 1 32 
K 0 0 43 
A D 1 16 
J N 5 1290 -14 5 3457 144 1 32 
K 0 0 45 
K 0 0 43 
K -1 0 45 
K 2 0 45 
A D 1 16 
J N 5 1321 0 2 4609 144 1 32 
K 0 0 43 
A D 1 16 
J N 5 1352 14 2 5761 144 1 32 
K 0 0 43 
A D 1 16 
H 32 B -60 0 108 6 22 11 11 11 11 33 
J B 27 1385 1 82 6913 144 0 
J N 5 1412 7 2 1 0 1 33 
K 0 0 43 
A D 1 16 
J N 5 1443 35 2 1153 144 1 33 
K 0 0 43 
A D 1 16 
J N 5 1487 21 3 2305 144 1 33 
K -18 0 63 
K 0 0 43 
A D 1 16 
J N 5 1518 7 2 3457 144 1 33 
K 0 0 43 
A D 1 16 
J N 5 1549 -14 5 4609 144 1 33 
K 0 0 45 
K 0 0 43 
K -1 0 45 
K 2 0 45 
A D 1 16 
J N 5 1580 7 2 5761 144 1 33 
K 0 0 43 
A D 1 16 
H 33 B -73 0 108 6 22 11 11 11 11 33 
J B 28 1613 1 82 6913 144 0 
J N 5 1634 0 2 1 0 1 34 
K 0 0 43 
A D 1 16 
J N 5 1665 14 2 1153 144 1 34 
K 0 0 43 
A D 1 16 
J N 5 1696 0 2 2305 144 1 34 
K 0 0 43 
A D 1 16 
J N 5 1727 -14 5 3457 144 1 34 
K 0 0 45 
K 0 0 43 
K -1 0 45 
K 2 0 45 
A D 1 16 
J N 5 1758 0 2 4609 144 1 34 
K 0 0 43 
A D 1 16 
J N 5 1789 14 2 5761 144 1 34 
K 0 0 43 
A D 1 16 
H 34 B -60 0 108 6 22 11 11 11 11 33 
J B 29 1822 1 82 6913 144 0 
J N 5 1849 0 3 1 0 1 35 
K -18 0 63 
K 0 0 43 
A D 1 16 
J N 5 1880 28 2 1153 144 1 35 
K 0 0 43 
A D 1 16 
J N 5 1924 14 3 2305 144 1 35 
K -18 0 63 
K 0 0 43 
A D 1 16 
J N 5 1955 0 2 3457 144 1 35 
K 0 0 43 
A D 1 16 
J N 5 1986 -21 5 4609 144 1 35 
K 0 7 45 
K 0 0 43 
K 0 7 45 
K 1 7 45 
A D 1 16 
J N 5 2017 0 2 5761 144 1 35 
K 0 0 43 
A D 1 16 
H 35 B -73 0 108 6 22 11 11 11 11 33 
J B 30 2050 1 82 6913 144 0 
E * 
L 160 0 0 300 300 * 0 14 0 
J C 4 5 42 2 6913 0 0 
K 0 0 33 
K 0 0 34 
J K 0 57 0 0 6913 0 0 
J D 0 -11 -14 1 6913 0 0 
W 0 0 0 \02\01 
J R 6 102 28 2 1 0 0 
K 0 0 49 
A D 2 16 
J N 6 179 7 2 2305 288 1 25 
K 0 0 43 
A D 2 16 
J N 6 243 56 2 4609 288 1 25 
K 0 0 43 
A D 2 16 
H 25 B 42 10 108 2 2 3 
J B 22 309 1 82 6913 288 0 
J R 6 330 28 2 1 0 0 
K 0 0 49 
A D 2 16 
J N 6 393 21 2 2305 288 1 26 
K 0 0 43 
A D 2 16 
J N 6 455 84 6 4609 288 1 26 
K 1 -14 45 
K 1 0 45 
K 0 0 43 
K -1 0 45 
K 2 0 45 
A D 2 16 
H 26 B 41 9 108 2 2 3 
J B 23 519 1 82 6913 288 0 
J R 6 542 28 2 1 0 0 
K 0 0 49 
A D 2 16 
J N 6 617 7 2 2305 288 1 27 
K 0 0 43 
A D 2 16 
J N 6 679 56 2 4609 288 1 27 
K 0 0 43 
A D 2 16 
H 27 B 42 11 108 2 2 3 
J B 24 743 1 82 6913 288 0 
J R 6 764 28 2 1 0 0 
K 0 0 49 
A D 2 16 
J N 6 826 21 2 2305 288 1 28 
K 0 0 43 
A D 2 16 
J N 6 888 84 6 4609 288 1 28 
K 1 -14 45 
K 1 0 45 
K 0 0 43 
K -1 0 45 
K 2 0 45 
A D 2 16 
H 28 B 41 9 108 2 2 3 
J B 25 952 1 82 6913 288 0 
J R 6 975 28 2 1 0 0 
K 0 0 49 
A D 2 16 
J N 6 1050 -14 5 2305 288 1 29 
K 0 0 45 
K 0 0 43 
K -1 0 45 
K 2 0 45 
A D 2 16 
J N 6 1112 35 2 4609 288 1 29 
K 0 0 43 
A D 2 16 
H 29 B -72 9 108 2 2 3 
J B 26 1176 1 82 6913 288 0 
J R 6 1197 28 2 1 0 0 
K 0 0 49 
A D 2 16 
J N 6 1259 0 2 2305 288 1 30 
K 0 0 43 
A D 2 16 
J N 6 1321 63 2 4609 288 1 30 
K 0 0 43 
A D 2 16 
H 30 B 42 11 108 2 2 3 
J B 27 1385 1 82 6913 288 0 
J R 6 1412 28 2 1 0 0 
K 0 0 49 
A D 2 16 
J N 6 1487 -14 5 2305 288 1 31 
K 0 0 45 
K 0 0 43 
K -1 0 45 
K 2 0 45 
A D 2 16 
J N 6 1549 35 2 4609 288 1 31 
K 0 0 43 
A D 2 16 
H 31 B -72 9 108 2 2 3 
J B 28 1613 1 82 6913 288 0 
J R 6 1634 28 2 1 0 0 
K 0 0 49 
A D 2 16 
J N 6 1696 0 2 2305 288 1 32 
K 0 0 43 
A D 2 16 
J N 6 1758 63 2 4609 288 1 32 
K 0 0 43 
A D 2 16 
H 32 B 42 11 108 2 2 3 
J B 29 1822 1 82 6913 288 0 
J R 6 1849 28 2 1 0 0 
K 0 0 49 
A D 2 16 
J N 6 1924 -21 5 2305 288 1 33 
K 0 7 45 
K 0 0 43 
K 0 7 45 
K 1 7 45 
A D 2 16 
J N 6 1986 28 2 4609 288 1 33 
K 0 0 43 
A D 2 16 
H 33 B -79 9 108 2 2 3 
J B 30 2050 1 82 6913 288 0 
E * 
L 320 0 0 300 300 * 0 14 0 
J C 22 5 14 36 6913 0 0 
J K 0 57 0 0 6913 0 0 
J D 0 -11 -14 1 6913 0 0 
W 0 0 0 \02\01 
J F 0 102 98 3 1 0 0 
K -7 -7 197 
K 0 0 205 
K 15 -7 198 
J N 7 102 7 5 1 0 0 
K -18 0 63 
K 0 0 43 
K 0 0 60 
K 0 21 60 
A D 2 8 
J R 6 243 28 2 4609 576 0 
K 0 0 49 
A D 1 8 
J B 22 309 1 82 6913 288 0 
J N 7 330 0 4 1 0 0 
K 0 0 43 
K 0 0 60 
K 0 21 60 
A D 2 8 
J R 6 455 28 2 4609 576 0 
K 0 0 49 
A D 1 8 
J B 23 519 1 82 6913 288 0 
J F 0 542 98 1 1 0 0 
K 0 0 205 
J N 7 542 7 5 1 0 0 
K -18 0 63 
K 0 0 43 
K 0 0 60 
K 0 21 60 
A D 2 8 
J R 6 679 28 2 4609 576 0 
K 0 0 49 
A D 1 8 
J B 24 743 1 82 6913 288 0 
J N 7 764 0 4 1 0 0 
K 0 0 43 
K 0 0 60 
K 0 21 60 
A D 2 8 
J R 6 888 28 2 4609 576 0 
K 0 0 49 
A D 1 8 
J B 25 952 1 82 6913 288 0 
J F 0 975 98 3 1 0 0 
K -7 -7 197 
K 0 0 205 
K 15 -7 198 
J N 7 975 -14 8 1 0 0 
K 0 0 45 
K -18 0 63 
K 0 0 43 
K -1 0 45 
K 2 0 45 
K 0 0 60 
K 0 21 60 
A D 2 8 
J R 6 1112 28 2 4609 576 0 
K 0 0 49 
A D 1 8 
J B 26 1176 1 82 6913 288 0 
J F 0 1197 98 1 1 0 0 
K 0 0 205 
J N 7 1197 -21 7 1 0 0 
K 0 7 45 
K 0 0 43 
K 0 7 45 
K 1 7 45 
K 0 0 60 
K 0 21 60 
A D 2 8 
J R 6 1321 28 2 4609 576 0 
K 0 0 49 
A D 1 8 
J B 27 1385 1 82 6913 288 0 
J N 7 1412 -14 8 1 0 0 
K 0 0 45 
K -18 0 63 
K 0 0 43 
K -1 0 45 
K 2 0 45 
K 0 0 60 
K 0 21 60 
A D 2 8 
J R 6 1549 28 2 4609 576 0 
K 0 0 49 
A D 1 8 
J B 28 1613 1 82 6913 288 0 
J N 7 1634 -21 7 1 0 0 
K 0 7 45 
K 0 0 43 
K 0 7 45 
K 1 7 45 
K 0 0 60 
K 0 21 60 
A D 2 8 
J R 6 1758 28 2 4609 576 0 
K 0 0 49 
A D 1 8 
J B 29 1822 1 82 6913 288 0 
J F 0 1849 98 3 1 0 0 
K -7 -7 197 
K 0 0 205 
K 15 -7 198 
J N 7 1849 -21 8 1 0 0 
K 0 7 45 
K -18 0 63 
K 0 0 43 
K 0 7 45 
K 1 7 45 
K 0 0 60 
K 0 21 60 
A D 2 8 
J R 6 1986 28 2 4609 576 0 
K 0 0 49 
A D 1 8 
J B 30 2050 1 82 6913 288 0 
E * 
L 530 0 0 300 300 * 0 14 0 
J C 4 5 42 2 6913 0 0 
K 0 0 33 
K 0 0 34 
J K 0 57 0 0 6913 0 0 
J D 0 -11 -14 1 6913 0 0 
W 0 0 0 \02\01 
J R 9 180 28 2 1 10000 0 
K 0 0 46 
A D 6 16 
J B 22 309 1 82 6913 864 0 
J R 9 400 28 2 1 10000 0 
K 0 0 46 
A D 6 16 
J B 23 519 1 82 6913 864 0 
J N 5 542 28 2 1 0 1 17 
K 0 0 43 
A D 1 16 
J N 5 573 56 2 1153 144 1 17 
K 0 0 43 
A D 1 16 
J N 5 617 42 3 2305 144 1 17 
K -18 0 63 
K 0 0 43 
A D 1 16 
J N 5 648 28 2 3457 144 1 17 
K 0 0 43 
A D 1 16 
J N 5 679 7 2 4609 144 1 17 
K 0 0 43 
A D 1 16 
J N 5 710 28 2 5761 144 1 17 
K 0 0 43 
A D 1 16 
H 17 B 59 0 108 6 22 11 11 11 11 33 
J B 24 743 1 82 6913 144 0 
J N 6 764 21 2 1 0 1 18 
K 0 0 43 
A D 2 16 
J N 6 826 84 6 2305 288 1 18 
K 1 -14 45 
K 1 0 45 
K 0 0 43 
K -1 0 45 
K 2 0 45 
A D 2 16 
H 18 B 41 9 108 2 2 3 
J R 6 888 28 2 4609 288 0 
K 0 0 49 
A D 2 16 
J B 25 952 1 82 6913 288 0 
J R 9 1050 28 2 1 10000 0 
K 0 0 46 
A D 6 16 
J B 26 1176 1 82 6913 864 0 
J R 9 1266 28 2 1 10000 0 
K 0 0 46 
A D 6 16 
J B 27 1385 1 82 6913 864 0 
J N 5 1412 7 2 1 0 1 19 
K 0 0 43 
A D 1 16 
J N 5 1443 35 2 1153 144 1 19 
K 0 0 43 
A D 1 16 
J N 5 1487 21 3 2305 144 1 19 
K -18 0 63 
K 0 0 43 
A D 1 16 
J N 5 1518 7 2 3457 144 1 19 
K 0 0 43 
A D 1 16 
J N 5 1549 -14 5 4609 144 1 19 
K 0 0 45 
K 0 0 43 
K -1 0 45 
K 2 0 45 
A D 1 16 
J N 5 1580 7 2 5761 144 1 19 
K 0 0 43 
A D 1 16 
H 19 B -73 0 108 6 22 11 11 11 11 33 
J B 28 1613 1 82 6913 144 0 
J N 6 1634 0 2 1 0 1 20 
K 0 0 43 
A D 2 16 
J N 6 1696 63 2 2305 288 1 20 
K 0 0 43 
A D 2 16 
H 20 B 42 11 108 2 2 3 
J R 6 1758 28 2 4609 288 0 
K 0 0 49 
A D 2 16 
J B 29 1822 1 82 6913 288 0 
J R 9 1922 28 2 1 10000 0 
K 0 0 46 
A D 6 16 
J B 30 2050 1 82 6913 864 0 
E * 
L 690 0 0 300 300 * 0 14 0 
J C 4 5 42 2 6913 0 0 
K 0 0 33 
K 0 0 34 
J K 0 57 0 0 6913 0 0 
J D 0 -11 -14 1 6913 0 0 
W 0 0 0 \02\01 
J R 9 180 28 2 1 10000 0 
K 0 0 46 
A D 6 16 
J B 22 309 1 82 6913 864 0 
J R 9 400 28 2 1 10000 0 
K 0 0 46 
A D 6 16 
J B 23 519 1 82 6913 864 0 
J R 6 542 28 2 1 0 0 
K 0 0 49 
A D 2 16 
J N 6 617 7 2 2305 288 1 16 
K 0 0 43 
A D 2 16 
J N 6 679 56 2 4609 288 1 16 
K 0 0 43 
A D 2 16 
H 16 B 42 11 108 2 2 3 
J B 24 743 1 82 6913 288 0 
J R 6 764 28 2 1 0 0 
K 0 0 49 
A D 2 16 
J N 6 826 21 2 2305 288 1 17 
K 0 0 43 
A D 2 16 
J N 6 888 84 6 4609 288 1 17 
K 1 -14 45 
K 1 0 45 
K 0 0 43 
K -1 0 45 
K 2 0 45 
A D 2 16 
H 17 B 41 9 108 2 2 3 
J B 25 952 1 82 6913 288 0 
J R 9 1050 28 2 1 10000 0 
K 0 0 46 
A D 6 16 
J B 26 1176 1 82 6913 864 0 
J R 9 1266 28 2 1 10000 0 
K 0 0 46 
A D 6 16 
J B 27 1385 1 82 6913 864 0 
J R 6 1412 28 2 1 0 0 
K 0 0 49 
A D 2 16 
J N 6 1487 -14 5 2305 288 1 18 
K 0 0 45 
K 0 0 43 
K -1 0 45 
K 2 0 45 
A D 2 16 
J N 6 1549 35 2 4609 288 1 18 
K 0 0 43 
A D 2 16 
H 18 B -72 9 108 2 2 3 
J B 28 1613 1 82 6913 288 0 
J R 6 1634 28 2 1 0 0 
K 0 0 49 
A D 2 16 
J N 6 1696 0 2 2305 288 1 19 
K 0 0 43 
A D 2 16 
J N 6 1758 63 2 4609 288 1 19 
K 0 0 43 
A D 2 16 
H 19 B 42 11 108 2 2 3 
J B 29 1822 1 82 6913 288 0 
J R 9 1922 28 2 1 10000 0 
K 0 0 46 
A D 6 16 
J B 30 2050 1 82 6913 864 0 
E * 
L 850 0 0 300 300 * 0 14 0 
J C 13 5 28 35 6913 0 0 
J K 0 57 0 0 6913 0 0 
J D 0 -11 -14 1 6913 0 0 
W 0 0 0 \02\01 
J R 9 180 28 2 1 10000 0 
K 0 0 46 
A D 6 16 
J B 22 309 1 82 6913 864 0 
J R 9 400 28 2 1 10000 0 
K 0 0 46 
A D 6 16 
J B 23 519 1 82 6913 864 0 
J N 7 542 14 4 1 0 0 
K 0 0 43 
K 0 0 60 
K 0 21 60 
A D 4 16 
J R 6 679 28 2 4609 576 0 
K 0 0 49 
A D 2 16 
J B 24 743 1 82 6913 288 0 
J N 7 764 14 4 1 0 0 
K 0 0 43 
K 0 0 60 
K 0 21 60 
A D 4 16 
J R 6 888 28 2 4609 576 0 
K 0 0 49 
A D 2 16 
J B 25 952 1 82 6913 288 0 
J R 9 1050 28 2 1 10000 0 
K 0 0 46 
A D 6 16 
J B 26 1176 1 82 6913 864 0 
J R 9 1266 28 2 1 10000 0 
K 0 0 46 
A D 6 16 
J B 27 1385 1 82 6913 864 0 
J N 7 1412 -7 4 1 0 0 
K 0 0 43 
K 0 0 60 
K 0 21 60 
A D 4 16 
J R 6 1549 28 2 4609 576 0 
K 0 0 49 
A D 2 16 
J B 28 1613 1 82 6913 288 0 
J N 7 1634 -7 4 1 0 0 
K 0 0 43 
K 0 0 60 
K 0 21 60 
A D 4 16 
J R 6 1758 28 2 4609 576 0 
K 0 0 49 
A D 2 16 
J B 29 1822 1 82 6913 288 0 
J R 9 1922 28 2 1 10000 0 
K 0 0 46 
A D 6 16 
J B 30 2050 1 82 6913 864 0 
E * 
L 1010 0 0 300 300 * 0 14 0 
J C 22 5 14 36 6913 0 0 
J K 0 57 0 0 6913 0 0 
J D 0 -11 -14 1 6913 0 0 
W 0 0 0 \02\01 
J R 9 180 28 2 1 10000 0 
K 0 0 46 
A D 3 8 
J B 22 309 1 82 6913 864 0 
J R 9 400 28 2 1 10000 0 
K 0 0 46 
A D 3 8 
J B 23 519 1 82 6913 864 0 
J F 0 542 98 1 1 0 0 
K 0 0 205 
J N 7 542 7 5 1 0 0 
K -18 0 63 
K 0 0 43 
K 0 0 60 
K 0 21 60 
A D 2 8 
J R 6 679 28 2 4609 576 0 
K 0 0 49 
A D 1 8 
J B 24 743 1 82 6913 288 0 
J N 7 764 0 4 1 0 0 
K 0 0 43 
K 0 0 60 
K 0 21 60 
A D 2 8 
J R 6 888 28 2 4609 576 0 
K 0 0 49 
A D 1 8 
J B 25 952 1 82 6913 288 0 
J R 9 1050 28 2 1 10000 0 
K 0 0 46 
A D 3 8 
J B 26 1176 1 82 6913 864 0 
J R 9 1266 28 2 1 10000 0 
K 0 0 46 
A D 3 8 
J B 27 1385 1 82 6913 864 0 
J F 0 1412 98 1 1 0 0 
K 0 0 205 
J N 7 1412 -14 8 1 0 0 
K 0 0 45 
K -18 0 63 
K 0 0 43 
K -1 0 45 
K 2 0 45 
K 0 0 60 
K 0 21 60 
A D 2 8 
J R 6 1549 28 2 4609 576 0 
K 0 0 49 
A D 1 8 
J B 28 1613 1 82 6913 288 0 
J N 7 1634 -21 7 1 0 0 
K 0 7 45 
K 0 0 43 
K 0 7 45 
K 1 7 45 
K 0 0 60 
K 0 21 60 
A D 2 8 
J R 6 1758 28 2 4609 576 0 
K 0 0 49 
A D 1 8 
J B 29 1822 1 82 6913 288 0 
J R 9 1922 28 2 1 10000 0 
K 0 0 46 
A D 3 8 
J B 30 2050 1 82 6913 864 0 
E * 
B 1 309 0 
B 1 519 0 
B 1 743 0 
B 1 952 0 
B 1 1176 0 
B 1 1385 0 
B 1 1613 0 
B 1 1822 0 
B 1 2050 0 
S 0 200 1510 2050 1066 7 "[...][....]" 
L 0 0 0 300 300 * 0 14 0 
J C 4 5 42 2 6913 0 0 
K 0 0 33 
K 0 0 34 
J K 0 57 0 0 6913 0 0 
J D 0 -11 -14 1 6913 0 0 
W 0 0 37 \03\00 
J N 5 100 -7 2 1 0 1 36 
K 0 0 43 
A D 1 16 
J N 5 128 7 2 1153 144 1 36 
K 0 0 43 
A D 1 16 
J N 5 156 -7 2 2305 144 1 36 
K 0 0 43 
A D 1 16 
J N 5 184 -21 5 3457 144 1 36 
K 0 7 45 
K 0 0 43 
K 0 7 45 
K 1 7 45 
A D 1 16 
J N 5 212 -7 2 4609 144 1 36 
K 0 0 43 
A D 1 16 
J N 5 240 7 2 5761 144 1 36 
K 0 0 43 
A D 1 16 
H 36 B -64 1 108 6 22 11 11 11 11 33 
J B 31 273 1 82 6913 144 0 
J N 5 300 0 3 1 0 1 37 
K -18 0 63 
K 0 0 43 
A D 1 16 
J N 5 328 28 2 1153 144 1 37 
K 0 0 43 
A D 1 16 
J N 5 372 14 3 2305 144 1 37 
K -18 0 63 
K 0 0 43 
A D 1 16 
J N 5 400 0 2 3457 144 1 37 
K 0 0 43 
A D 1 16 
J N 5 428 -21 5 4609 144 1 37 
K 0 7 45 
K 0 0 43 
K 0 7 45 
K 1 7 45 
A D 1 16 
J N 5 456 0 2 5761 144 1 37 
K 0 0 43 
A D 1 16 
H 37 B -73 0 108 6 22 11 11 11 11 33 
J B 32 489 1 82 6913 144 0 
J N 5 510 -7 2 1 0 1 38 
K 0 0 43 
A D 1 16 
J N 5 538 7 2 1153 144 1 38 
K 0 0 43 
A D 1 16 
J N 5 566 -7 2 2305 144 1 38 
K 0 0 43 
A D 1 16 
J N 5 594 -21 5 3457 144 1 38 
K 0 7 45 
K 0 0 43 
K 0 7 45 
K 1 7 45 
A D 1 16 
J N 5 622 -7 2 4609 144 1 38 
K 0 0 43 
A D 1 16 
J N 5 650 7 2 5761 144 1 38 
K 0 0 43 
A D 1 16 
H 38 B -64 1 108 6 22 11 11 11 11 33 
J B 33 683 1 82 6913 144 0 
J N 5 710 0 3 1 0 1 39 
K -18 0 63 
K 0 0 43 
A D 1 16 
J N 5 738 28 2 1153 144 1 39 
K 0 0 43 
A D 1 16 
J N 5 766 0 2 2305 144 1 39 
K 0 0 43 
A D 1 16 
J N 5 794 -21 5 3457 144 1 39 
K 0 7 45 
K 0 0 43 
K 0 7 45 
K 1 7 45 
A D 1 16 
J N 5 822 0 2 4609 144 1 39 
K 0 0 43 
A D 1 16 
J N 5 850 28 2 5761 144 1 39 
K 0 0 43 
A D 1 16 
H 39 B -73 1 108 6 22 11 11 11 11 33 
J B 34 883 1 82 6913 144 0 
J N 5 904 7 2 1 0 1 40 
K 0 0 43 
A D 1 16 
J N 5 932 35 2 1153 144 1 40 
K 0 0 43 
A D 1 16 
J N 5 960 21 2 2305 144 1 40 
K 0 0 43 
A D 1 16 
J N 5 988 7 2 3457 144 1 40 
K 0 0 43 
A D 1 16 
J N 5 1016 21 2 4609 144 1 40 
K 0 0 43 
A D 1 16 
J N 5 1044 35 2 5761 144 1 40 
K 0 0 43 
A D 1 16 
H 40 B -72 2 108 6 22 11 11 11 11 33 
J B 35 1077 1 82 6913 144 0 
J N 6 1104 14 4 1 0 1 41 
K -18 0 63 
K 0 0 43 
K 24 -6 44 
A D 3 16 
J N 5 1150 28 2 3457 432 1 41 
K 0 0 43 
A D 1 16 
J N 5 1178 7 2 4609 144 2 42 41 
K 0 0 43 
A D 1 16 
J N 5 1206 -14 5 5761 144 2 41 42 
K 0 0 45 
K 0 0 43 
K -1 0 45 
K 2 0 45 
A D 1 16 
H 41 B -59 0 108 4 2 21 11 33 
H 42 S 0 0 0 0 0 0 0 -3 2 
J B 36 1239 1 82 6913 144 0 
J N 5 1260 -7 2 1 0 2 43 44 
K 0 0 43 
A D 1 16 
J N 5 1304 0 3 1153 144 2 44 43 
K -18 0 63 
K 0 0 43 
A D 1 16 
H 44 B -50 3 108 2 22 33 
H 43 S 0 0 0 0 0 0 0 0 -1 
J N 7 1332 0 4 2305 144 0 
K 0 0 43 
K 0 0 60 
K 0 21 60 
A D 4 16 
J B 37 1421 1 82 6913 576 0 
J N 5 1442 7 2 1 0 1 45 
K 0 0 43 
A D 1 16 
J N 5 1470 28 2 1153 144 1 45 
K 0 0 43 
A D 1 16 
J N 5 1498 7 2 2305 144 2 46 45 
K 0 0 43 
A D 1 16 
J N 5 1542 14 3 3457 144 1 45 
K -18 0 63 
K 0 0 43 
A D 1 16 
J N 5 1570 7 2 4609 144 1 45 
K 0 0 43 
A D 1 16 
J N 5 1598 28 2 5761 144 2 45 46 
K 0 0 43 
A D 1 16 
H 45 B -65 1 108 6 22 11 11 11 11 33 
H 46 S 0 0 0 0 -7 1 0 0 -2 
J B 38 1631 1 82 6913 144 0 
J N 5 1658 0 3 1 0 1 47 
K -18 0 63 
K 0 0 43 
A D 1 16 
J N 5 1687 28 2 1153 144 1 47 
K 0 0 43 
A D 1 16 
J N 5 1716 0 2 2305 144 2 48 47 
K 0 0 43 
A D 1 16 
J N 5 1745 7 2 3457 144 1 47 
K 0 0 43 
A D 1 16 
J N 5 1774 0 2 4609 144 1 47 
K 0 0 43 
A D 1 16 
J N 5 1803 28 2 5761 144 2 47 48 
K 0 0 43 
A D 1 16 
H 47 B -73 1 108 6 22 11 11 11 11 33 
H 48 S 0 0 0 0 -14 1 0 0 0 
J B 39 1836 1 82 6913 144 0 
J N 5 1857 -7 2 1 0 1 49 
K 0 0 43 
A D 1 16 
J N 5 1886 28 2 1153 144 1 49 
K 0 0 43 
A D 1 16 
J N 5 1915 -7 2 2305 144 2 50 49 
K 0 0 43 
A D 1 16 
J N 5 1959 0 3 3457 144 1 49 
K -18 0 63 
K 0 0 43 
A D 1 16 
J N 5 1988 -7 2 4609 144 1 49 
K 0 0 43 
A D 1 16 
J N 5 2017 28 2 5761 144 2 49 50 
K 0 0 43 
A D 1 16 
H 49 B -79 1 108 6 22 11 11 11 11 33 
H 50 S 0 0 7 0 -14 2 0 0 -5 
J B 40 2050 1 82 6913 144 0 
E * 
L 160 0 0 300 300 * 0 14 0 
J C 4 5 42 2 6913 0 0 
K 0 0 33 
K 0 0 34 
J K 0 57 0 0 6913 0 0 
J D 0 -11 -14 1 6913 0 0 
W 0 0 0 \03\00 
J R 6 100 28 2 1 0 0 
K 0 0 49 
A D 2 16 
J N 6 156 -7 2 2305 288 1 34 
K 0 0 43 
A D 2 16 
J N 6 212 56 2 4609 288 1 34 
K 0 0 43 
A D 2 16 
H 34 B -83 12 108 2 2 3 
J B 31 273 1 82 6913 288 0 
J R 6 300 28 2 1 0 0 
K 0 0 49 
A D 2 16 
J N 6 372 -21 5 2305 288 1 35 
K 0 7 45 
K 0 0 43 
K 0 7 45 
K 1 7 45 
A D 2 16 
J N 6 428 28 2 4609 288 1 35 
K 0 0 43 
A D 2 16 
H 35 B -79 10 108 2 2 3 
J B 32 489 1 82 6913 288 0 
J R 6 510 28 2 1 0 0 
K 0 0 49 
A D 2 16 
J N 6 566 -7 2 2305 288 1 36 
K 0 0 43 
A D 2 16 
J N 6 622 56 2 4609 288 1 36 
K 0 0 43 
A D 2 16 
H 36 B -83 12 108 2 2 3 
J B 33 683 1 82 6913 288 0 
J R 6 710 28 2 1 0 0 
K 0 0 49 
A D 2 16 
J N 6 766 0 3 2305 288 1 37 
K -18 0 63 
K 0 0 43 
A D 2 16 
J N 6 822 28 2 4609 288 1 37 
K 0 0 43 
A D 2 16 
H 37 B -58 10 108 2 2 3 
J B 34 883 1 82 6913 288 0 
J R 6 904 28 2 1 0 0 
K 0 0 49 
A D 2 16 
J N 6 960 7 2 2305 288 1 38 
K 0 0 43 
A D 2 16 
J N 6 1016 35 2 4609 288 1 38 
K 0 0 43 
A D 2 16 
H 38 B -51 10 108 2 2 3 
J B 35 1077 1 82 6913 288 0 
J N 7 1104 35 4 1 0 0 
K 0 0 43 
K 0 0 59 
K 0 -21 59 
A D 4 16 
J N 6 1178 42 3 4609 576 0 
K 0 0 43 
K 0 0 53 
A D 2 16 
J B 36 1239 1 82 6913 288 0 
J N 6 1260 7 2 1 0 1 39 
K 0 0 43 
A D 2 16 
J N 6 1332 7 3 2305 288 1 39 
K 0 0 43 
K 25 0 44 
A D 3 16 
J N 5 1388 14 3 5761 432 1 39 
K -18 0 63 
K 0 0 43 
A D 1 16 
H 39 B -51 1 108 3 2 1 53 
J B 37 1421 1 82 6913 144 0 
J N 7 1442 7 4 1 0 0 
K 0 0 43 
K 0 0 60 
K 0 21 60 
A D 4 16 
J R 6 1570 28 2 4609 576 0 
K 0 0 49 
A D 2 16 
J B 38 1631 1 82 6913 288 0 
J N 7 1658 28 4 1 0 0 
K 0 0 43 
K 0 0 60 
K 0 21 60 
A D 4 16 
J R 6 1774 28 2 4609 576 0 
K 0 0 49 
A D 2 16 
J B 39 1836 1 82 6913 288 0 
J N 7 1857 28 4 1 0 0 
K 0 0 43 
K 0 0 60 
K 0 21 60 
A D 4 16 
J R 6 1988 28 2 4609 576 0 
K 0 0 49 
A D 2 16 
J B 40 2050 1 82 6913 288 0 
E * 
L 320 0 0 300 300 * 0 14 0 
J C 22 5 14 36 6913 0 0 
J K 0 57 0 0 6913 0 0 
J D 0 -11 -14 1 6913 0 0 
W 0 0 0 \03\00 
J N 7 100 -28 8 1 0 0 
K 0 14 45 
K 0 0 45 
K 0 0 43 
K -1 0 45 
K 2 0 45 
K 0 0 60 
K 0 28 60 
A D 2 8 
J R 6 212 28 2 4609 576 0 
K 0 0 49 
A D 1 8 
J B 31 273 1 82 6913 288 0 
J F 0 300 98 1 1 0 0 
K 0 0 205 
J N 7 300 -21 8 1 0 0 
K 0 7 45 
K -18 0 63 
K 0 0 43 
K 0 7 45 
K 1 7 45 
K 0 0 60 
K 0 21 60 
A D 2 8 
J R 6 428 28 2 4609 576 0 
K 0 0 49 
A D 1 8 
J B 32 489 1 82 6913 288 0 
J N 7 510 -28 8 1 0 0 
K 0 14 45 
K 0 0 45 
K 0 0 43 
K -1 0 45 
K 2 0 45 
K 0 0 60 
K 0 28 60 
A D 2 8 
J R 6 622 28 2 4609 576 0 
K 0 0 49 
A D 1 8 
J B 33 683 1 82 6913 288 0 
J F 0 710 98 2 1 0 0 
K 0 0 205 
K 0 21 213 
J N 7 710 -21 8 1 0 0 
K 0 7 45 
K -14 0 64 
K 0 0 43 
K 0 7 45 
K 1 7 45 
K 0 0 60 
K 0 21 60 
A D 2 8 
J R 6 822 28 2 4609 576 0 
K 0 0 49 
A D 1 8 
J B 34 883 1 82 6913 288 0 
J F 0 904 98 1 1 0 0 
K 0 0 205 
J N 7 904 -14 7 1 0 0 
K 0 0 45 
K 0 0 43 
K -1 0 45 
K 2 0 45 
K 0 0 60 
K 0 21 60 
A D 2 8 
J R 6 1016 28 2 4609 576 0 
K 0 0 49 
A D 1 8 
J B 35 1077 1 82 6913 288 0 
J F 0 1104 98 2 1 0 0 
K 0 0 206 
K 0 21 213 
J N 7 1104 -7 4 1 0 0 
K 0 0 43 
K 0 0 60 
K 0 21 60 
A D 2 8 
J F 0 1178 98 1 4609 576 0 
K 0 0 204 
J N 6 1178 -14 6 4609 0 0 
K 0 0 45 
K 0 0 43 
K -1 0 45 
K 2 0 45 
K 0 0 54 
A D 1 8 
J B 36 1239 1 82 6913 288 0 
J F 0 1260 98 2 1 0 0 
K 0 0 206 
K 0 21 204 
J N 6 1260 0 2 1 0 1 9 
K 0 0 43 
A D 1 8 
J F 0 1332 112 1 2305 288 0 
K 0 0 203 
J N 6 1332 -7 2 2305 0 1 9 
K 0 0 43 
A D 1 8 
J F 0 1361 112 1 4609 288 0 
K 0 0 213 
J N 6 1361 42 2 4609 0 1 9 
K 0 0 43 
A D 1 8 
H 9 B -61 7 108 3 2 1 3 
J B 37 1421 1 82 6913 288 0 
J N 7 1442 21 4 1 0 0 
K 0 0 43 
K 0 0 60 
K 0 21 60 
A D 2 8 
J R 6 1570 28 2 4609 576 0 
K 0 0 49 
A D 1 8 
J B 38 1631 1 82 6913 288 0 
J F 0 1658 105 3 1 0 0 
K -7 -7 197 
K 0 0 205 
K 15 -7 198 
J N 7 1658 28 5 1 0 0 
K -18 0 63 
K 0 0 43 
K 0 0 60 
K 0 21 60 
A D 2 8 
J R 6 1774 28 2 4609 576 0 
K 0 0 49 
A D 1 8 
J B 39 1836 1 82 6913 288 0 
J N 7 1857 21 4 1 0 0 
K 0 0 43 
K 0 0 60 
K 0 21 60 
A D 2 8 
J R 6 1988 28 2 4609 576 0 
K 0 0 49 
A D 1 8 
J B 40 2050 1 82 6913 288 0 
E * 
L 530 0 0 300 300 * 0 14 0 
J C 4 5 42 2 6913 0 0 
K 0 0 33 
K 0 0 34 
J K 0 57 0 0 6913 0 0 
J D 0 -11 -14 1 6913 0 0 
W 0 0 0 \03\00 
J R 9 162 28 2 1 10000 0 
K 0 0 46 
A D 6 16 
J B 31 273 1 82 6913 864 0 
J N 5 300 0 3 1 0 1 21 
K -18 0 63 
K 0 0 43 
A D 1 16 
J N 5 328 28 2 1153 144 1 21 
K 0 0 43 
A D 1 16 
J N 5 372 14 3 2305 144 1 21 
K -18 0 63 
K 0 0 43 
A D 1 16 
J N 5 400 0 2 3457 144 1 21 
K 0 0 43 
A D 1 16 
J N 5 428 -21 5 4609 144 1 21 
K 0 7 45 
K 0 0 43 
K 0 7 45 
K 1 7 45 
A D 1 16 
J N 5 456 0 2 5761 144 1 21 
K 0 0 43 
A D 1 16 
H 21 B -73 0 108 6 22 11 11 11 11 33 
J B 32 489 1 82 6913 144 0 
J N 6 510 -7 2 1 0 1 22 
K 0 0 43 
A D 2 16 
J N 6 566 56 2 2305 288 1 22 
K 0 0 43 
A D 2 16 
H 22 B -83 12 108 2 2 3 
J R 6 622 28 2 4609 288 0 
K 0 0 49 
A D 2 16 
J B 33 683 1 82 6913 288 0 
J N 6 710 0 3 1 0 1 23 
K -18 0 63 
K 0 0 43 
A D 2 16 
J N 6 766 63 2 2305 288 1 23 
K 0 0 43 
A D 2 16 
H 23 B 42 12 108 2 2 3 
J R 6 822 28 2 4609 288 0 
K 0 0 49 
A D 2 16 
J B 34 883 1 82 6913 288 0 
J N 6 904 7 2 1 0 1 24 
K 0 0 43 
A D 2 16 
J N 6 960 70 5 2305 288 1 24 
K 1 0 45 
K 0 0 43 
K -1 0 45 
K 2 0 45 
A D 2 16 
H 24 B 42 12 108 2 2 3 
J R 6 1016 28 2 4609 288 0 
K 0 0 49 
A D 2 16 
J B 35 1077 1 82 6913 288 0 
J N 6 1104 14 4 1 0 1 25 
K -18 0 63 
K 0 0 43 
K 24 -6 44 
A D 3 16 
J N 5 1150 28 2 3457 432 1 25 
K 0 0 43 
A D 1 16 
J N 5 1178 7 2 4609 144 2 26 25 
K 0 0 43 
A D 1 16 
J N 5 1206 -14 5 5761 144 2 25 26 
K 0 0 45 
K 0 0 43 
K -1 0 45 
K 2 0 45 
A D 1 16 
H 25 B -59 0 108 4 2 21 11 33 
H 26 S 0 0 0 0 0 0 0 -3 2 
J B 36 1239 1 82 6913 144 0 
J N 5 1260 -7 2 1 0 2 27 28 
K 0 0 43 
A D 1 16 
J N 5 1304 0 3 1153 144 2 28 27 
K -18 0 63 
K 0 0 43 
A D 1 16 
H 28 B -50 3 108 2 22 33 
H 27 S 0 0 0 0 0 0 0 0 -1 
J N 7 1332 0 4 2305 144 0 
K 0 0 43 
K 0 0 60 
K 0 21 60 
A D 4 16 
J B 37 1421 1 82 6913 576 0 
J N 7 1442 7 4 1 0 0 
K 0 0 43 
K 0 0 60 
K 0 21 60 
A D 4 16 
J R 6 1570 28 2 4609 576 0 
K 0 0 49 
A D 2 16 
J B 38 1631 1 82 6913 288 0 
J R 9 1719 28 2 1 10000 0 
K 0 0 46 
A D 6 16 
J B 39 1836 1 82 6913 864 0 
J R 9 1929 28 2 1 10000 0 
K 0 0 46 
A D 6 16 
J B 40 2050 1 82 6913 864 0 
E * 
L 690 0 0 300 300 * 0 14 0 
J C 4 5 42 2 6913 0 0 
K 0 0 33 
K 0 0 34 
J K 0 57 0 0 6913 0 0 
J D 0 -11 -14 1 6913 0 0 
W 0 0 0 \03\00 
J R 9 162 28 2 1 10000 0 
K 0 0 46 
A D 6 16 
J B 31 273 1 82 6913 864 0 
J R 6 300 28 2 1 0 0 
K 0 0 49 
A D 2 16 
J N 6 372 -21 5 2305 288 1 20 
K 0 7 45 
K 0 0 43 
K 0 7 45 
K 1 7 45 
A D 2 16 
J N 6 428 28 2 4609 288 1 20 
K 0 0 43 
A D 2 16 
H 20 B -79 10 108 2 2 3 
J B 32 489 1 82 6913 288 0 
J R 6 510 28 2 1 0 0 
K 0 0 49 
A D 2 16 
J N 6 566 -7 2 2305 288 1 21 
K 0 0 43 
A D 2 16 
J N 6 622 56 2 4609 288 1 21 
K 0 0 43 
A D 2 16 
H 21 B -83 12 108 2 2 3 
J B 33 683 1 82 6913 288 0 
J R 6 710 28 2 1 0 0 
K 0 0 49 
A D 2 16 
J N 6 766 0 3 2305 288 1 22 
K -18 0 63 
K 0 0 43 
A D 2 16 
J N 6 822 28 2 4609 288 1 22 
K 0 0 43 
A D 2 16 
H 22 B -58 10 108 2 2 3 
J B 34 883 1 82 6913 288 0 
J R 6 904 28 2 1 0 0 
K 0 0 49 
A D 2 16 
J N 6 960 7 2 2305 288 1 23 
K 0 0 43 
A D 2 16 
J N 6 1016 35 2 4609 288 1 23 
K 0 0 43 
A D 2 16 
H 23 B -51 10 108 2 2 3 
J B 35 1077 1 82 6913 288 0 
J N 7 1104 35 4 1 0 0 
K 0 0 43 
K 0 0 59 
K 0 -21 59 
A D 4 16 
J N 6 1178 42 3 4609 576 0 
K 0 0 43 
K 0 0 53 
A D 2 16 
J B 36 1239 1 82 6913 288 0 
J N 6 1260 7 2 1 0 1 24 
K 0 0 43 
A D 2 16 
J N 6 1332 7 3 2305 288 1 24 
K 0 0 43 
K 25 0 44 
A D 3 16 
J N 5 1388 14 3 5761 432 1 24 
K -18 0 63 
K 0 0 43 
A D 1 16 
H 24 B -51 1 108 3 2 1 53 
J B 37 1421 1 82 6913 144 0 
J N 7 1442 7 4 1 0 0 
K 0 0 43 
K 0 0 60 
K 0 21 60 
A D 4 16 
J R 6 1570 28 2 4609 576 0 
K 0 0 49 
A D 2 16 
J B 38 1631 1 82 6913 288 0 
J R 9 1719 28 2 1 10000 0 
K 0 0 46 
A D 6 16 
J B 39 1836 1 82 6913 864 0 
J R 9 1929 28 2 1 10000 0 
K 0 0 46 
A D 6 16 
J B 40 2050 1 82 6913 864 0 
E * 
L 850 0 0 300 300 * 0 14 0 
J C 13 5 28 35 6913 0 0 
J K 0 57 0 0 6913 0 0 
J D 0 -11 -14 1 6913 0 0 
W 0 0 0 \03\00 
J R 9 162 28 2 1 10000 0 
K 0 0 46 
A D 6 16 
J B 31 273 1 82 6913 864 0 
J N 7 300 -14 7 1 0 0 
K 0 0 45 
K 0 0 43 
K -1 0 45 
K 2 0 45 
K 0 0 60 
K 0 21 60 
A D 4 16 
J R 6 428 28 2 4609 576 0 
K 0 0 49 
A D 2 16 
J B 32 489 1 82 6913 288 0 
J N 7 510 -14 7 1 0 0 
K 0 0 45 
K 0 0 43 
K -1 0 45 
K 2 0 45 
K 0 0 60 
K 0 21 60 
A D 4 16 
J R 6 622 28 2 4609 576 0 
K 0 0 49 
A D 2 16 
J B 33 683 1 82 6913 288 0 
J N 7 710 -14 7 1 0 0 
K 0 0 45 
K 0 0 43 
K -1 0 45 
K 2 0 45 
K 0 0 60 
K 0 21 60 
A D 4 16 
J R 6 822 28 2 4609 576 0 
K 0 0 49 
A D 2 16 
J B 34 883 1 82 6913 288 0 
J N 7 904 -7 4 1 0 0 
K 0 0 43 
K 0 0 60 
K 0 21 60 
A D 4 16 
J R 6 1016 28 2 4609 576 0 
K 0 0 49 
A D 2 16 
J B 35 1077 1 82 6913 288 0 
J N 7 1104 7 5 1 0 0 
K -18 0 63 
K 0 0 43 
K 0 0 60 
K 0 21 60 
A D 4 16 
J N 6 1178 14 3 4609 576 0 
K 0 0 43 
K 0 0 54 
A D 2 16 
J B 36 1239 1 82 6913 288 0 
J N 6 1260 -21 5 1 0 1 4 
K 0 7 45 
K 0 0 43 
K 0 7 45 
K 1 7 45 
A D 2 16 
J N 6 1332 7 4 2305 288 1 4 
K -18 0 63 
K 0 0 43 
K 25 0 44 
A D 3 16 
J N 5 1388 -14 5 5761 432 1 4 
K 0 0 45 
K 0 0 43 
K -1 0 45 
K 2 0 45 
A D 1 16 
H 4 B -78 0 108 3 2 1 53 
J B 37 1421 1 82 6913 144 0 
J N 7 1442 -14 7 1 0 0 
K 0 0 45 
K 0 0 43 
K -1 0 45 
K 2 0 45 
K 0 0 60 
K 0 21 60 
A D 4 16 
J R 6 1570 28 2 4609 576 0 
K 0 0 49 
A D 2 16 
J B 38 1631 1 82 6913 288 0 
J R 9 1719 28 2 1 10000 0 
K 0 0 46 
A D 6 16 
J B 39 1836 1 82 6913 864 0 
J R 9 1929 28 2 1 10000 0 
K 0 0 46 
A D 6 16 
J B 40 2050 1 82 6913 864 0 
E * 
L 1010 0 0 300 300 * 0 14 0 
J C 22 5 14 36 6913 0 0 
J K 0 57 0 0 6913 0 0 
J D 0 -11 -14 1 6913 0 0 
W 0 0 0 \03\00 
J R 9 162 28 2 1 10000 0 
K 0 0 46 
A D 3 8 
J B 31 273 1 82 6913 864 0 
J F 0 300 98 1 1 0 0 
K 0 0 205 
J N 7 300 -21 8 1 0 0 
K 0 7 45 
K -18 0 63 
K 0 0 43 
K 0 7 45 
K 1 7 45 
K 0 0 60 
K 0 21 60 
A D 2 8 
J R 6 428 28 2 4609 576 0 
K 0 0 49 
A D 1 8 
J B 32 489 1 82 6913 288 0 
J N 7 510 -28 8 1 0 0 
K 0 14 45 
K 0 0 45 
K 0 0 43 
K -1 0 45 
K 2 0 45 
K 0 0 60 
K 0 28 60 
A D 2 8 
J R 6 622 28 2 4609 576 0 
K 0 0 49 
A D 1 8 
J B 33 683 1 82 6913 288 0 
J F 0 710 98 2 1 0 0 
K 0 0 205 
K 0 21 213 
J N 7 710 -21 8 1 0 0 
K 0 7 45 
K -14 0 64 
K 0 0 43 
K 0 7 45 
K 1 7 45 
K 0 0 60 
K 0 21 60 
A D 2 8 
J R 6 822 28 2 4609 576 0 
K 0 0 49 
A D 1 8 
J B 34 883 1 82 6913 288 0 
J F 0 904 98 1 1 0 0 
K 0 0 205 
J N 7 904 -14 7 1 0 0 
K 0 0 45 
K 0 0 43 
K -1 0 45 
K 2 0 45 
K 0 0 60 
K 0 21 60 
A D 2 8 
J R 6 1016 28 2 4609 576 0 
K 0 0 49 
A D 1 8 
J B 35 1077 1 82 6913 288 0 
J F 0 1104 98 2 1 0 0 
K 0 0 206 
K 0 21 213 
J N 7 1104 -7 4 1 0 0 
K 0 0 43 
K 0 0 60 
K 0 21 60 
A D 2 8 
J F 0 1178 98 1 4609 576 0 
K 0 0 204 
J N 6 1178 -14 6 4609 0 0 
K 0 0 45 
K 0 0 43 
K -1 0 45 
K 2 0 45 
K 0 0 54 
A D 1 8 
J B 36 1239 1 82 6913 288 0 
J F 0 1260 98 2 1 0 0 
K 0 0 206 
K 0 21 204 
J N 6 1260 0 2 1 0 1 5 
K 0 0 43 
A D 1 8 
J F 0 1332 112 1 2305 288 0 
K 0 0 203 
J N 6 1332 -7 2 2305 0 1 5 
K 0 0 43 
A D 1 8 
J F 0 1361 112 1 4609 288 0 
K 0 0 213 
J N 6 1361 42 2 4609 0 1 5 
K 0 0 43 
A D 1 8 
H 5 B -61 7 108 3 2 1 3 
J B 37 1421 1 82 6913 288 0 
J N 7 1442 21 4 1 0 0 
K 0 0 43 
K 0 0 60 
K 0 21 60 
A D 2 8 
J R 6 1570 28 2 4609 576 0 
K 0 0 49 
A D 1 8 
J B 38 1631 1 82 6913 288 0 
J R 9 1719 28 2 1 10000 0 
K 0 0 46 
A D 3 8 
J B 39 1836 1 82 6913 864 0 
J R 9 1929 28 2 1 10000 0 
K 0 0 46 
A D 3 8 
J B 40 2050 1 82 6913 864 0 
E * 
B 1 273 0 
B 1 489 0 
B 1 683 0 
B 1 883 0 
B 1 1077 0 
B 1 1239 0 
B 1 1421 0 
B 1 1631 0 
B 1 1836 0 
B 1 2050 0 
