@ SOURCE: not identified 
L 0 0 14 !39Violino 1
J D 4 500 -120 1 6913 0 0
W 0 0 44 
J D 1 75 -37 1 6913 0 0
W 0 -56 44 :  Violino 1
J C 4 5 42 2 6913 0 0
K 0 0 33
K 0 0 34
J K -2 57 0 2 6913 0 0
K 0 28 65
K 13 7 65
J D 5 99 -42 1 6913 0 0
W 0 0 37 Vivace
J T 101 99 42 1 6913 0 0
K 0 0 37
J N 7 147 7 5 1 0 0
K 0 0 43
K 25 0 44
K 0 0 60
K 0 21 60
A D 3 8
J N 6 193 7 3 2593 864 0
K 0 0 43
K 0 0 54
A D 1 8
J N 8 222 14 4 3457 288 0
K 0 0 42
K 0 0 60
K 0 21 60
A D 4 8
J B 2 279 1 82 6913 1152 0
J R 9 300 28 2 1 10000 0
K 0 0 46
A D 8 8
J B 3 405 1 82 6913 2304 0
J N 7 426 -7 5 1 0 0
K 0 0 43
K 25 0 44
K 0 0 60
K 0 21 60
A D 3 8
J N 6 472 -7 3 2593 864 0
K 0 0 43
K 0 0 54
A D 1 8
J N 8 501 0 4 3457 288 0
K 0 0 42
K 0 0 60
K 0 21 60
A D 4 8
J B 4 558 1 82 6913 1152 0
J R 9 579 28 2 1 10000 0
K 0 0 46
A D 8 8
J B 5 684 1 82 6913 2304 0
J N 7 705 -21 8 1 0 0
K 0 7 45
K 0 0 43
K 0 7 45
K 1 7 45
K 25 0 44
K 0 0 60
K 0 21 60
A D 3 8
J N 6 751 -21 7 2593 864 0
K 0 7 45
K 0 0 43
K 0 7 45
K 1 7 45
K 0 0 60
K 0 0 54
A D 1 8
J N 8 792 -14 8 3457 288 0
K 0 0 45
K -15 0 65
K 0 0 42
K -1 0 45
K 2 0 45
K 0 0 60
K 0 21 60
A D 4 8
J B 6 849 1 82 6913 1152 0
J N 8 870 -7 4 1 0 0
K 0 0 42
K 0 0 60
K 0 21 60
A D 4 8
J N 8 923 0 4 3457 1152 0
K 0 0 42
K 0 0 60
K 0 21 60
A D 4 8
J B 7 980 1 82 6913 1152 0
J N 7 1001 7 4 1 0 0
K 0 0 43
K 0 0 60
K 0 21 60
A D 2 8
J R 7 1039 28 2 1729 576 0
K 0 0 48
A D 2 8
J R 8 1077 28 2 3457 576 0
K 0 0 47
A D 4 8
J B 8 1134 1 82 6913 1152 0
J R 9 1155 28 2 1 10000 0
K 0 0 46
A D 8 8
J B 9 1260 1 82 6913 2304 0
J N 7 1281 -7 5 1 0 0
K 0 0 43
K 25 0 44
K 0 0 60
K 0 21 60
A D 3 8
J N 6 1327 -7 3 2593 864 0
K 0 0 43
K 0 0 54
A D 1 8
J N 8 1356 0 4 3457 288 0
K 0 0 42
K 0 0 60
K 0 21 60
A D 4 8
J B 10 1413 1 82 6913 1152 0
J R 9 1434 28 2 1 10000 0
K 0 0 46
A D 8 8
J B 11 1539 1 82 6913 2304 0
J N 7 1560 -21 8 1 0 0
K 0 7 45
K 0 0 43
K 0 7 45
K 1 7 45
K 25 0 44
K 0 0 60
K 0 21 60
A D 3 8
J N 6 1606 -21 7 2593 864 0
K 0 7 45
K 0 0 43
K 0 7 45
K 1 7 45
K 0 0 60
K 0 0 54
A D 1 8
J N 8 1635 -14 7 3457 288 0
K 0 0 45
K 0 0 42
K -1 0 45
K 2 0 45
K 0 0 60
K 0 21 60
A D 4 8
J B 12 1692 1 82 6913 1152 0
J R 9 1713 28 2 1 10000 0
K 0 0 46
A D 8 8
J B 13 1818 1 82 6913 2304 0
J N 7 1839 -35 10 1 0 0
K 0 21 45
K 0 7 45
K 0 0 43
K 0 7 45
K 1 7 45
K 25 0 44
K 0 0 60
K 0 28 60
K 0 35 60
A D 3 8
J N 6 1885 -35 8 2593 864 0
K 0 21 45
K 0 7 45
K 0 0 43
K 0 7 45
K 1 7 45
K 0 0 60
K 0 14 54
A D 1 8
J N 7 1914 -28 8 3457 288 0
K 0 14 45
K 0 0 45
K 0 0 43
K -1 0 45
K 2 0 45
K 0 0 60
K 0 28 60
A D 2 8
J N 7 1952 -21 7 5185 576 0
K 0 7 45
K 0 0 43
K 0 7 45
K 1 7 45
K 0 0 60
K 0 21 60
A D 2 8
J B 14 1994 1 82 6913 576 0
J N 8 2015 -14 7 1 0 0
K 0 0 45
K 0 0 42
K -1 0 45
K 2 0 45
K 0 0 60
K 0 21 60
A D 4 8
J N 8 2068 -7 4 3457 1152 0
K 0 0 42
K 0 0 60
K 0 21 60
A D 4 8
J B 15 2125 1 82 6913 1152 0
J R 9 2146 28 2 1 10000 0
K 0 0 46
A D 8 8
J B 16 2251 1 82 6913 2304 0
J R 9 2272 28 2 1 10000 0
K 0 0 46
A D 8 8
J B 17 2399 10 6 6913 2304 0
K -22 21 44
K -22 35 44
K -12 0 84
K 0 0 84
K 11 21 44
K 11 35 44
J N 7 2436 14 4 1 0 0
K 0 0 43
K 0 0 60
K 0 21 60
A D 2 8
J N 7 2474 -7 4 1729 576 0
K 0 0 43
K 0 0 60
K 0 21 60
A D 2 8
J N 8 2512 7 4 3457 576 0
K 0 0 42
K 0 0 60
K 0 21 60
A D 4 8
J B 18 2569 1 82 6913 1152 0
J R 9 2590 28 2 1 10000 0
K 0 0 46
A D 8 8
J B 19 2695 1 82 6913 2304 0
J N 7 2716 28 4 1 0 0
K 0 0 43
K 0 0 60
K 0 21 60
A D 2 8
J N 7 2754 7 4 1729 576 0
K 0 0 43
K 0 0 60
K 0 21 60
A D 2 8
J N 8 2792 21 4 3457 576 0
K 0 0 42
K 0 0 60
K 0 21 60
A D 4 8
J B 20 2849 1 82 6913 1152 0
J R 8 2870 28 2 1 0 0
K 0 0 47
A D 4 8
J N 7 2923 42 4 3457 1152 0
K 0 0 43
K 0 0 59
K 0 -21 59
A D 2 8
J N 7 2961 21 4 5185 576 1 1
K 0 0 43
K 0 0 60
K 0 21 60
A D 2 8
J B 21 3003 1 82 6913 576 0
J N 7 3024 21 4 1 0 1 1
K 0 0 43
K 0 0 60
K 0 21 60
A D 2 8
H 1 T 21 0 0 0 0 0 1 0
J N 8 3062 28 4 1729 576 0
K 0 0 42
K 0 0 60
K 0 21 60
A D 4 8
J N 7 3115 35 5 5185 1152 1 2
K -15 0 65
K 0 0 43
K 0 0 59
K 0 -21 59
A D 2 8
J B 22 3157 1 82 6913 576 0
J N 7 3181 35 5 1 0 1 2
k -15 0 65
K 0 0 43
K 0 0 59
K 0 -21 59
A D 2 8
H 2 T 35 0 0 0 0 0 9 0
J N 7 3219 42 4 1729 576 0
K 0 0 43
K 0 0 59
K 0 -21 59
A D 2 8
J N 6 3257 70 5 3457 576 1 3
K 1 0 45
K 0 0 43
K -1 0 45
K 2 0 45
A D 1 8
J N 6 3286 63 2 4321 288 1 3
K 0 0 43
A D 1 8
H 3 B 0 0 108 2 2 3
J N 7 3315 56 4 5185 288 1 4
K 0 0 43
K 0 0 59
K 0 -21 59
A D 2 8
J B 23 3357 1 82 6913 576 0
J N 7 3378 56 4 1 0 1 4
K 0 0 43
K 0 0 59
K 0 -21 59
A D 2 8
H 4 T 56 0 0 0 0 0 13 0
J N 7 3416 63 4 1729 576 0
K 0 0 43
K 0 0 59
K 0 -21 59
A D 2 8
J N 7 3454 56 4 3457 576 0
K 0 0 43
K 0 0 59
K 0 -21 59
A D 2 8
J R 7 3492 28 2 5185 576 0
K 0 0 48
A D 2 8
J B 24 3534 1 82 6913 576 0
J R 9 3555 28 2 1 10000 0
K 0 0 46
A D 8 8
J B 25 3660 1 82 6913 2304 0
J R 8 3681 28 2 1 0 0
K 0 0 47
A D 4 8
J N 7 3734 0 5 3457 1152 0
K 0 0 43
K 24 -6 44
K 0 0 60
K 0 21 60
A D 3 8
J N 6 3780 0 3 6049 864 0
K 0 0 43
K 0 0 54
A D 1 8
J B 26 3813 1 82 6913 288 0
J N 8 3836 7 5 1 0 0
K -14 0 64
K 0 0 42
K 0 0 60
K 0 21 60
A D 4 8
J R 8 3889 28 2 3457 1152 0
K 0 0 47
A D 4 8
J B 27 3946 1 82 6913 1152 0
J R 8 3967 28 2 1 0 0
K 0 0 47
A D 4 8
J N 7 4020 0 5 3457 1152 0
K 0 0 43
K 24 -6 44
K 0 0 60
K 0 21 60
A D 3 8
J N 6 4072 7 4 6049 864 0
K -15 0 65
K 0 0 43
K 0 0 54
A D 1 8
J B 28 4105 1 82 6913 288 0
J N 8 4126 14 4 1 0 0
K 0 0 42
K 0 0 60
K 0 21 60
A D 4 8
J R 8 4179 28 2 3457 1152 0
K 0 0 47
A D 4 8
J B 29 4236 1 82 6913 1152 0
J R 8 4257 28 2 1 0 0
K 0 0 47
A D 4 8
J N 7 4310 7 5 3457 1152 0
K 0 0 43
K 25 0 44
K 0 0 60
K 0 21 60
A D 3 8
J N 6 4356 14 3 6049 864 0
K 0 0 43
K 0 0 54
A D 1 8
J B 30 4389 1 82 6913 288 0
J N 7 4410 21 5 1 0 0
K 0 0 43
K 25 0 44
K 0 0 60
K 0 21 60
A D 3 8
J N 6 4456 21 3 2593 864 0
K 0 0 43
K 0 0 54
A D 1 8
J N 6 4485 14 2 3457 288 1 5
K 0 0 43
A D 1 8
J N 6 4514 7 2 4321 288 1 5
K 0 0 43
A D 1 8
J N 6 4543 14 2 5185 288 1 5
K 0 0 43
A D 1 8
J N 6 4572 21 2 6049 288 1 5
K 0 0 43
A D 1 8
H 5 B 1 0 108 4 2 1 1 3
J B 31 4605 1 82 6913 288 0
J N 8 4628 28 5 1 0 0
K -14 0 64
K 0 0 42
K 0 0 60
K 0 21 60
A D 4 8
J R 8 4681 28 2 3457 1152 0
K 0 0 47
A D 4 8
J B 32 4738 1 82 6913 1152 0
J N 7 4759 7 4 1 0 0
K 0 0 43
K 0 0 60
K 0 21 60
A D 2 8
J N 7 4797 70 7 1729 576 0
K 1 0 45
K 0 0 43
K -1 0 45
K 2 0 45
K 0 0 59
K 0 -21 59
A D 2 8
J R 8 4835 28 2 3457 576 0
K 0 0 47
A D 4 8
J B 33 4892 1 82 6913 1152 0
J N 7 4913 0 4 1 0 0
K 0 0 43
K 0 0 60
K 0 21 60
A D 2 8
J N 7 4951 63 4 1729 576 0
K 0 0 43
K 0 0 59
K 0 -21 59
A D 2 8
J R 8 4989 28 2 3457 576 0
K 0 0 47
A D 4 8
J B 34 5046 1 82 6913 1152 0
J N 7 5067 -7 4 1 0 0
K 0 0 43
K 0 0 60
K 0 21 60
A D 2 8
J N 7 5105 56 4 1729 576 0
K 0 0 43
K 0 0 59
K 0 -21 59
A D 2 8
J R 8 5143 28 2 3457 576 0
K 0 0 47
A D 4 8
J B 35 5200 1 82 6913 1152 0
J N 7 5221 14 4 1 0 0
K 0 0 43
K 0 0 60
K 0 21 60
A D 2 8
J N 7 5259 7 4 1729 576 0
K 0 0 43
K 0 0 60
K 0 21 60
A D 2 8
J N 8 5297 14 4 3457 576 0
K 0 0 42
K 0 0 60
K 0 21 60
A D 4 8
J B 36 5354 1 82 6913 1152 0
J N 8 5375 21 4 1 0 0
K 0 0 42
K 0 0 60
K 0 21 60
A D 4 8
J R 8 5428 28 2 3457 1152 0
K 0 0 47
A D 4 8
J B 37 5485 1 82 6913 1152 0
J N 7 5506 7 4 1 0 0
K 0 0 43
K 0 0 60
K 0 21 60
A D 2 8
J N 7 5544 70 7 1729 576 0
K 1 0 45
K 0 0 43
K -1 0 45
K 2 0 45
K 0 0 59
K 0 -21 59
A D 2 8
J R 8 5582 28 2 3457 576 0
K 0 0 47
A D 4 8
J B 38 5639 1 82 6913 1152 0
J N 7 5660 0 4 1 0 0
K 0 0 43
K 0 0 60
K 0 21 60
A D 2 8
J N 7 5698 63 4 1729 576 0
K 0 0 43
K 0 0 59
K 0 -21 59
A D 2 8
J R 8 5736 28 2 3457 576 0
K 0 0 47
A D 4 8
J B 39 5793 1 82 6913 1152 0
J N 7 5814 -7 4 1 0 0
K 0 0 43
K 0 0 60
K 0 21 60
A D 2 8
J N 7 5852 56 4 1729 576 0
K 0 0 43
K 0 0 59
K 0 -21 59
A D 2 8
J R 8 5890 28 2 3457 576 0
K 0 0 47
A D 4 8
J B 40 5947 1 82 6913 1152 0
J N 7 5968 14 4 1 0 0
K 0 0 43
K 0 0 60
K 0 21 60
A D 2 8
J N 7 6006 7 4 1729 576 0
K 0 0 43
K 0 0 60
K 0 21 60
A D 2 8
J N 8 6044 14 4 3457 576 0
K 0 0 42
K 0 0 60
K 0 21 60
A D 4 8
J B 41 6101 1 82 6913 1152 0
J N 7 6122 21 4 1 0 0
K 0 0 43
K 0 0 60
K 0 21 60
A D 2 8
J N 7 6163 35 5 1729 576 0
K -15 0 65
K 0 0 43
K 0 0 59
K 0 -21 59
A D 2 8
J N 7 6201 77 8 3457 576 0
K 1 -7 45
K -14 0 64
K 0 0 43
K 0 -7 45
K 1 -7 45
K 0 0 59
K 0 -21 59
A D 2 8
J N 7 6239 70 7 5185 576 1 6
K 1 0 45
K 0 0 43
K -1 0 45
K 2 0 45
K 0 0 59
K 0 -21 59
A D 2 8
J B 42 6281 1 82 6913 576 0
J N 7 6302 70 7 1 0 1 6
K 1 0 45
K 0 0 43
K -1 0 45
K 2 0 45
K 0 0 59
K 0 -21 59
A D 2 8
H 6 T 70 0 0 0 0 0 13 0
J N 7 6342 77 8 1729 576 0
K 1 -7 45
K -14 0 64
K 0 0 43
K 0 -7 45
K 1 -7 45
K 0 0 59
K 0 -21 59
A D 2 8
J N 8 6380 70 7 3457 576 0
K 1 0 45
K 0 0 42
K -1 0 45
K 2 0 45
K 0 0 59
K 0 -21 59
A D 4 8
J B 0 6460 6 4 6913 1152 0
K -23 21 44
K -23 35 44
K -13 0 82
K -6 0 84
J M 0 6460 0 0 10000 0 0
