@ SOURCE: not identified 
L 0 0 14 !39Violoncello concertino
J D 4 500 -120 1 6913 0 0
W 0 0 44 III.
J D 1 75 -37 1 6913 0 0
W 0 -56 44 III.:  Violoncello concertino
J C 22 5 14 36 6913 0 0
J K -1 57 0 1 6913 0 0
K 0 42 65
J D 5 86 -42 1 6913 0 0
W 0 0 37 Adagio
J T 101 86 42 1 6913 0 0
K 0 0 37
J N 6 149 -28 7 1 0 1 1
K 0 14 45
K 0 0 45
K -15 0 65
K 0 0 43
K -1 0 45
K 2 0 45
A D 2 16
J N 6 187 -28 6 865 288 1 1
K 0 14 45
K 0 0 45
K 0 0 43
K -1 0 45
K 2 0 45
A D 2 16
J N 6 225 -28 6 1729 288 1 1
K 0 14 45
K 0 0 45
K 0 0 43
K -1 0 45
K 2 0 45
A D 2 16
J N 6 263 -28 6 2593 288 1 1
K 0 14 45
K 0 0 45
K 0 0 43
K -1 0 45
K 2 0 45
A D 2 16
H 1 B 1 0 108 4 2 1 1 3
J F 0 301 98 1 3457 288 0
K 0 0 205
J N 6 301 -21 5 3457 0 1 2
K 0 7 45
K 0 0 43
K 0 7 45
K 1 7 45
A D 2 16
J N 6 339 -21 5 4321 288 1 2
K 0 7 45
K 0 0 43
K 0 7 45
K 1 7 45
A D 2 16
J N 6 377 -21 5 5185 288 1 2
K 0 7 45
K 0 0 43
K 0 7 45
K 1 7 45
A D 2 16
J N 6 415 -21 5 6049 288 1 2
K 0 7 45
K 0 0 43
K 0 7 45
K 1 7 45
A D 2 16
H 2 B 1 0 108 4 2 1 1 3
J B 2 457 1 82 6913 288 0
J F 0 478 98 2 1 0 0
K 0 0 206
K 0 21 219
J N 6 478 -14 5 1 0 1 3
K 0 0 45
K 0 0 43
K -1 0 45
K 2 0 45
A D 2 16
J N 6 516 -14 5 865 288 1 3
K 0 0 45
K 0 0 43
K -1 0 45
K 2 0 45
A D 2 16
J F 0 554 98 2 1729 288 0
K 0 0 205
K 15 0 219
J N 6 554 -14 5 1729 0 1 3
K 0 0 45
K 0 0 43
K -1 0 45
K 2 0 45
A D 2 16
J F 0 592 98 1 2593 288 0
K 0 0 206
J N 6 592 -35 6 2593 0 1 3
K 0 21 45
K 0 7 45
K 0 0 43
K 0 7 45
K 1 7 45
A D 2 16
H 3 B 1 0 108 4 2 1 1 3
J F 0 630 98 2 3457 288 0
K 0 0 206
K 15 0 219
J N 6 630 -7 2 3457 0 1 4
K 0 0 43
A D 2 16
J N 6 668 21 3 4321 288 1 4
K -15 0 65
K 0 0 43
A D 2 16
J F 0 706 98 2 5185 288 0
K 0 0 203
K 15 0 219
J N 6 706 -7 2 5185 0 1 4
K 0 0 43
A D 2 16
J F 0 744 98 1 6049 288 0
K 0 0 202
J N 6 744 42 2 6049 0 1 4
K 0 0 43
A D 2 16
H 4 B 1 0 108 4 2 1 1 3
J B 3 786 1 82 6913 288 0
J R 5 807 28 3 1 0 0
K 0 14 49
K 4 0 50
A D 1 16
J N 5 848 21 3 433 144 1 5
K -15 0 65
K 0 0 43
A D 1 16
J F 0 877 98 1 865 144 0
K 0 0 205
J N 5 877 7 2 865 0 1 5
K 0 0 43
A D 1 16
J N 5 906 21 2 1297 144 1 5
K 0 0 43
A D 1 16
H 5 B 1 0 108 3 22 11 33
J F 0 935 98 2 1729 144 0
K 0 0 203
K 15 0 219
J N 5 935 -7 2 1729 0 1 6
K 0 0 43
A D 1 16
J N 5 970 42 2 2161 144 1 6
K 0 0 43
A D 1 16
J N 5 999 28 2 2593 144 1 6
K 0 0 43
A D 1 16
J N 5 1028 42 2 3025 144 1 6
K 0 0 43
A D 1 16
H 6 B 1 0 108 4 22 11 11 33
J F 0 1057 98 1 3457 144 0
K 0 0 208
J R 5 1057 28 3 3457 0 0
K 0 14 49
K 4 0 50
A D 1 16
J N 5 1090 -14 5 3889 144 1 7
K 0 0 45
K 0 0 43
K -1 0 45
K 2 0 45
A D 1 16
J N 5 1131 -28 7 4321 144 1 7
K 0 14 45
K 0 0 45
K -15 0 65
K 0 0 43
K -1 0 45
K 2 0 45
A D 1 16
J N 5 1160 -14 5 4753 144 1 7
K 0 0 45
K 0 0 43
K -1 0 45
K 2 0 45
A D 1 16
H 7 B 1 0 108 3 22 11 33
J F 0 1189 98 1 5185 144 0
K 0 0 203
J N 5 1189 -42 7 5185 0 1 8
K 0 28 45
K 0 14 45
K 0 0 45
K 0 0 43
K -1 0 45
K 2 0 45
A D 1 16
J N 5 1218 7 2 5617 144 1 8
K 0 0 43
A D 1 16
J N 5 1247 -7 2 6049 144 1 8
K 0 0 43
A D 1 16
J N 5 1276 7 2 6481 144 1 8
K 0 0 43
A D 1 16
H 8 B 1 0 108 4 22 11 11 33
J B 4 1309 1 82 6913 144 0
J F 0 1330 98 1 1 0 0
K 0 0 208
J R 5 1330 28 3 1 0 0
K 0 14 49
K 4 0 50
A D 1 16
J N 5 1367 0 3 433 144 1 9
K -15 0 65
K 0 0 43
A D 1 16
J F 0 1396 98 1 865 144 0
K 0 0 205
J N 5 1396 -14 5 865 0 1 9
K 0 0 45
K 0 0 43
K -1 0 45
K 2 0 45
A D 1 16
J N 5 1425 0 2 1297 144 1 9
K 0 0 43
A D 1 16
H 9 B 1 0 108 3 22 11 33
J F 0 1458 98 2 1729 144 0
K 0 0 203
K 15 0 219
J N 5 1458 -28 7 1729 0 1 10
K 0 14 45
K 0 0 45
K -15 0 65
K 0 0 43
K -1 0 45
K 2 0 45
A D 1 16
J N 5 1497 21 3 2161 144 1 10
K -15 0 65
K 0 0 43
A D 1 16
J N 5 1526 7 2 2593 144 1 10
K 0 0 43
A D 1 16
J N 5 1555 21 2 3025 144 1 10
K 0 0 43
A D 1 16
H 10 B 1 0 108 4 22 11 11 33
J F 0 1584 98 1 3457 144 0
K 0 0 208
J R 5 1584 28 3 3457 0 0
K 0 14 49
K 4 0 50
A D 1 16
J N 5 1617 14 2 3889 144 1 11
K 0 0 43
A D 1 16
J N 5 1646 0 2 4321 144 1 11
K 0 0 43
A D 1 16
J N 5 1675 14 2 4753 144 1 11
K 0 0 43
A D 1 16
H 11 B 1 0 108 3 22 11 33
J F 0 1704 98 1 5185 144 0
K 0 0 206
J N 5 1704 7 2 5185 0 1 12
K 0 0 43
A D 1 16
J N 5 1733 14 2 5617 144 1 12
K 0 0 43
A D 1 16
J F 0 1762 98 2 6049 144 0
K 0 0 205
K 15 0 219
J N 5 1762 7 2 6049 0 1 12
K 0 0 43
A D 1 16
J N 5 1797 21 2 6481 144 1 12
K 0 0 43
A D 1 16
H 12 B 1 0 108 4 22 11 11 33
J B 5 1830 1 82 6913 144 0
J F 0 1851 98 2 1 0 0
K 0 0 205
K 0 21 204
J N 6 1851 0 3 1 0 1 13
K -14 0 64
K 0 0 43
A D 2 16
J N 6 1889 -7 2 865 288 1 13
K 0 0 43
A D 2 16
J F 0 1927 98 2 1729 288 0
K 0 0 205
K 0 21 204
J N 6 1927 21 3 1729 0 1 13
K -15 0 65
K 0 0 43
A D 2 16
J F 0 1965 98 1 2593 288 0
K 0 0 202
J N 6 1965 14 2 2593 0 1 13
K 0 0 43
A D 2 16
H 13 B 1 0 108 4 2 1 1 3
J N 7 2003 42 4 3457 288 0
K 0 0 43
K 0 0 59
K 0 -21 59
A D 4 16
J R 7 2056 28 2 5185 576 0
K 0 0 48
A D 4 16
J B 6 2113 1 82 6913 576 0
J R 8 2134 28 2 1 0 0
K 0 0 47
A D 8 16
J F 0 2213 98 2 3457 1152 0
K 0 0 203
K 15 0 219
J R 5 2213 28 3 3457 0 0
K 0 14 49
K 4 0 50
A D 1 16
J N 5 2254 21 3 3889 144 1 14
K -15 0 65
K 0 0 43
A D 1 16
J N 5 2283 7 2 4321 144 1 14
K 0 0 43
A D 1 16
J N 5 2312 21 2 4753 144 1 14
K 0 0 43
A D 1 16
H 14 B 1 0 108 3 22 11 33
J F 0 2341 98 2 5185 144 0
K 0 0 203
K 15 0 219
J N 5 2341 -7 2 5185 0 1 15
K 0 0 43
A D 1 16
J N 5 2376 42 2 5617 144 1 15
K 0 0 43
A D 1 16
J N 5 2405 28 2 6049 144 1 15
K 0 0 43
A D 1 16
J N 5 2434 42 2 6481 144 1 15
K 0 0 43
A D 1 16
H 15 B 1 0 108 4 22 11 11 33
J B 7 2467 1 82 6913 144 0
J F 0 2488 98 2 1 0 0
K 0 0 208
K 0 21 219
J R 5 2488 28 3 1 0 0
K 0 14 49
K 4 0 50
A D 1 16
J N 5 2521 35 2 433 144 1 16
K 0 0 43
A D 1 16
J F 0 2558 98 1 865 144 0
K 0 0 205
J N 5 2558 21 3 865 0 1 16
K -15 0 65
K 0 0 43
A D 1 16
J N 5 2587 35 2 1297 144 1 16
K 0 0 43
A D 1 16
H 16 B 0 0 108 3 22 11 33
J F 0 2616 98 1 1729 144 0
K 0 0 203
J N 5 2616 7 2 1729 0 1 17
K 0 0 43
A D 1 16
J N 5 2645 56 2 2161 144 1 17
K 0 0 43
A D 1 16
J N 5 2674 42 2 2593 144 1 17
K 0 0 43
A D 1 16
J N 5 2703 56 2 3025 144 1 17
K 0 0 43
A D 1 16
H 17 B 0 0 108 4 22 11 11 33
J N 5 2744 49 3 3457 144 1 18
K -15 0 65
K 0 0 43
A D 1 16
J N 5 2773 42 2 3889 144 1 18
K 0 0 43
A D 1 16
J N 5 2802 35 2 4321 144 1 18
K 0 0 43
A D 1 16
J N 5 2831 49 2 4753 144 1 18
K 0 0 43
A D 1 16
H 18 B 0 0 108 4 22 11 11 33
J F 0 2860 98 2 5185 144 0
K 0 0 203
K 15 0 219
J N 6 2860 42 2 5185 0 1 19
K 0 0 43
A D 2 16
J F 0 2898 98 1 6049 288 0
K 0 0 202
J N 6 2898 42 2 6049 0 1 19
K 0 0 43
A D 2 16
H 19 B 0 0 108 2 2 3
J B 8 2940 1 82 6913 288 0
J N 5 2965 21 3 1 0 1 20
K -15 0 65
K 0 0 43
A D 1 16
J N 5 2994 14 2 433 144 1 20
K 0 0 43
A D 1 16
J N 5 3023 7 2 865 144 1 20
K 0 0 43
A D 1 16
J N 5 3052 21 2 1297 144 1 20
K 0 0 43
A D 1 16
H 20 B 1 0 108 4 22 11 11 33
J F 0 3085 98 1 1729 144 0
K 0 0 208
J N 5 3085 0 3 1729 0 1 21
K -15 0 65
K 0 0 43
A D 1 16
J N 5 3114 -7 2 2161 144 1 21
K 0 0 43
A D 1 16
J F 0 3143 98 1 2593 144 0
K 0 0 205
J N 5 3143 -14 5 2593 0 1 21
K 0 0 45
K 0 0 43
K -1 0 45
K 2 0 45
A D 1 16
J N 5 3172 0 2 3025 144 1 21
K 0 0 43
A D 1 16
H 21 B 1 0 108 4 22 11 11 33
J F 0 3201 98 2 3457 144 0
K 0 0 206
K 15 0 219
J N 6 3201 -7 2 3457 0 1 22
K 0 0 43
A D 2 16
J N 6 3239 21 2 4321 288 1 22
K 0 0 43
A D 2 16
J F 0 3277 98 2 5185 288 0
K 0 0 203
K 15 0 219
J N 6 3277 -7 2 5185 0 1 22
K 0 0 43
A D 2 16
J F 0 3315 98 1 6049 288 0
K 0 0 202
J N 6 3315 42 2 6049 0 1 22
K 0 0 43
A D 2 16
H 22 B 1 0 108 4 2 1 1 3
J B 9 3365 5 2 6913 288 0
K -8 0 82
K 0 0 82
J D 5 3386 -42 1 1 0 0
W 0 0 37 Allegro
J N 6 3389 21 3 1 0 1 23
K -15 0 65
K 0 0 43
A D 2 16
J N 6 3427 21 2 865 288 1 23
K 0 0 43
A D 2 16
J N 6 3465 21 2 1729 288 1 23
K 0 0 43
A D 2 16
J N 6 3503 21 2 2593 288 1 23
K 0 0 43
A D 2 16
H 23 B 1 0 108 4 2 1 1 3
J F 0 3541 98 1 3457 288 0
K 0 0 205
J N 6 3541 42 3 3457 0 1 24
K -14 0 64
K 0 0 43
A D 2 16
J N 6 3579 42 2 4321 288 1 24
K 0 0 43
A D 2 16
J N 6 3617 42 2 5185 288 1 24
K 0 0 43
A D 2 16
J N 6 3655 42 2 6049 288 1 24
K 0 0 43
A D 2 16
H 24 B 0 0 108 4 2 1 1 3
J B 10 3697 1 82 6913 288 0
J N 6 3718 35 2 1 0 1 25
K 0 0 43
A D 2 16
J N 6 3756 35 2 865 288 1 25
K 0 0 43
A D 2 16
J N 6 3794 35 2 1729 288 1 25
K 0 0 43
A D 2 16
J N 6 3832 35 2 2593 288 1 25
K 0 0 43
A D 2 16
H 25 B 0 0 108 4 2 1 1 3
J N 6 3870 -14 5 3457 288 1 26
K 0 0 45
K 0 0 43
K -1 0 45
K 2 0 45
A D 2 16
J N 6 3908 -14 5 4321 288 1 26
K 0 0 45
K 0 0 43
K -1 0 45
K 2 0 45
A D 2 16
J N 6 3946 -14 5 5185 288 1 26
K 0 0 45
K 0 0 43
K -1 0 45
K 2 0 45
A D 2 16
J N 6 3984 -14 5 6049 288 1 26
K 0 0 45
K 0 0 43
K -1 0 45
K 2 0 45
A D 2 16
H 26 B 1 0 108 4 2 1 1 3
J B 11 4026 1 82 6913 288 0
J F 0 4049 98 1 1 0 0
K 0 0 205
J N 6 4049 14 3 1 0 1 27
K -18 0 63
K 0 0 43
A D 2 16
J N 6 4087 14 2 865 288 1 27
K 0 0 43
A D 2 16
J N 6 4125 14 2 1729 288 1 27
K 0 0 43
A D 2 16
J N 6 4163 14 2 2593 288 1 27
K 0 0 43
A D 2 16
H 27 B 1 0 108 4 2 1 1 3
J N 6 4201 7 2 3457 288 1 28
K 0 0 43
A D 2 16
J N 6 4239 7 2 4321 288 1 28
K 0 0 43
A D 2 16
J N 6 4277 7 2 5185 288 1 28
K 0 0 43
A D 2 16
J N 6 4315 7 2 6049 288 1 28
K 0 0 43
A D 2 16
H 28 B 1 0 108 4 2 1 1 3
J B 12 4357 1 82 6913 288 0
J F 0 4378 98 1 1 0 0
K 0 0 205
J N 6 4378 21 3 1 0 1 29
K -14 0 64
K 0 0 43
A D 2 16
J N 6 4416 21 2 865 288 1 29
K 0 0 43
A D 2 16
J N 6 4454 21 2 1729 288 1 29
K 0 0 43
A D 2 16
J N 6 4492 21 2 2593 288 1 29
K 0 0 43
A D 2 16
H 29 B 1 0 108 4 2 1 1 3
J F 0 4530 98 1 3457 288 0
K 0 0 219
J N 6 4530 14 2 3457 0 1 30
K 0 0 43
A D 2 16
J N 6 4568 14 2 4321 288 1 30
K 0 0 43
A D 2 16
J N 6 4606 14 2 5185 288 1 30
K 0 0 43
A D 2 16
J N 6 4644 14 2 6049 288 1 30
K 0 0 43
A D 2 16
H 30 B 1 0 108 4 2 1 1 3
J B 13 4686 1 82 6913 288 0
J F 0 4707 98 1 1 0 0
K 0 0 205
J N 6 4707 28 2 1 0 1 31
K 0 0 43
A D 2 16
J N 6 4745 28 2 865 288 1 31
K 0 0 43
A D 2 16
J N 6 4783 28 2 1729 288 1 31
K 0 0 43
A D 2 16
J N 6 4821 28 2 2593 288 1 31
K 0 0 43
A D 2 16
H 31 B 1 0 108 4 2 1 1 3
J N 6 4862 21 3 3457 288 1 32
K -15 0 65
K 0 0 43
A D 2 16
J N 6 4900 21 2 4321 288 1 32
K 0 0 43
A D 2 16
J N 6 4938 21 2 5185 288 1 32
K 0 0 43
A D 2 16
J N 6 4976 21 2 6049 288 1 32
K 0 0 43
A D 2 16
H 32 B 1 0 108 4 2 1 1 3
J B 14 5018 1 82 6913 288 0
J F 0 5039 98 2 1 0 0
K 0 0 205
K 15 0 219
J N 6 5039 56 2 1 0 1 33
K 0 0 43
A D 2 16
J N 6 5077 56 2 865 288 1 33
K 0 0 43
A D 2 16
J N 6 5115 56 2 1729 288 1 33
K 0 0 43
A D 2 16
J N 6 5153 56 2 2593 288 1 33
K 0 0 43
A D 2 16
H 33 B 0 0 108 4 2 1 1 3
J N 6 5194 49 3 3457 288 1 34
K -15 0 65
K 0 0 43
A D 2 16
J N 6 5232 49 2 4321 288 1 34
K 0 0 43
A D 2 16
J N 6 5270 49 2 5185 288 1 34
K 0 0 43
A D 2 16
J N 6 5308 49 2 6049 288 1 34
K 0 0 43
A D 2 16
H 34 B 0 0 108 4 2 1 1 3
J B 15 5350 1 82 6913 288 0
J F 0 5371 98 1 1 0 0
K 0 0 205
J N 6 5371 49 3 1 0 1 35
K -14 0 64
K 0 0 43
A D 2 16
J N 6 5409 49 2 865 288 1 35
K 0 0 43
A D 2 16
J N 6 5447 49 2 1729 288 1 35
K 0 0 43
A D 2 16
J N 6 5485 49 2 2593 288 1 35
K 0 0 43
A D 2 16
H 35 B 0 0 108 4 2 1 1 3
J N 6 5523 42 2 3457 288 1 36
K 0 0 43
A D 2 16
J N 6 5561 42 2 4321 288 1 36
K 0 0 43
A D 2 16
J N 6 5599 42 2 5185 288 1 36
K 0 0 43
A D 2 16
J N 6 5637 42 2 6049 288 1 36
K 0 0 43
A D 2 16
H 36 B 0 0 108 4 2 1 1 3
J B 16 5679 1 82 6913 288 0
J F 0 5700 98 2 1 0 0
K 0 0 205
K 15 0 219
J N 6 5700 56 2 1 0 1 37
K 0 0 43
A D 2 16
J N 6 5738 56 2 865 288 1 37
K 0 0 43
A D 2 16
J N 6 5776 56 2 1729 288 1 37
K 0 0 43
A D 2 16
J N 6 5814 56 2 2593 288 1 37
K 0 0 43
A D 2 16
H 37 B 0 0 108 4 2 1 1 3
J N 6 5855 49 3 3457 288 1 38
K -15 0 65
K 0 0 43
A D 2 16
J N 6 5893 49 2 4321 288 1 38
K 0 0 43
A D 2 16
J N 6 5931 49 2 5185 288 1 38
K 0 0 43
A D 2 16
J N 6 5969 49 2 6049 288 1 38
K 0 0 43
A D 2 16
H 38 B 0 0 108 4 2 1 1 3
J B 17 6011 1 82 6913 288 0
J N 6 6032 42 2 1 0 1 39
K 0 0 43
A D 2 16
J N 6 6070 42 2 865 288 1 39
K 0 0 43
A D 2 16
J N 6 6108 42 2 1729 288 1 39
K 0 0 43
A D 2 16
J N 6 6146 42 2 2593 288 1 39
K 0 0 43
A D 2 16
H 39 B 0 0 108 4 2 1 1 3
J N 6 6187 21 3 3457 288 1 40
K -15 0 65
K 0 0 43
A D 2 16
J N 6 6225 21 2 4321 288 1 40
K 0 0 43
A D 2 16
J N 6 6263 21 2 5185 288 1 40
K 0 0 43
A D 2 16
J N 6 6301 21 2 6049 288 1 40
K 0 0 43
A D 2 16
H 40 B 1 0 108 4 2 1 1 3
J B 18 6343 1 82 6913 288 0
J F 0 6364 98 2 1 0 0
K 0 0 205
K 15 0 219
J N 6 6364 56 2 1 0 1 41
K 0 0 43
A D 2 16
J N 6 6402 56 2 865 288 1 41
K 0 0 43
A D 2 16
J N 6 6440 56 2 1729 288 1 41
K 0 0 43
A D 2 16
J N 6 6478 56 2 2593 288 1 41
K 0 0 43
A D 2 16
H 41 B 0 0 108 4 2 1 1 3
J N 6 6519 49 3 3457 288 1 42
K -15 0 65
K 0 0 43
A D 2 16
J N 6 6557 49 2 4321 288 1 42
K 0 0 43
A D 2 16
J N 6 6595 49 2 5185 288 1 42
K 0 0 43
A D 2 16
J N 6 6633 49 2 6049 288 1 42
K 0 0 43
A D 2 16
H 42 B 0 0 108 4 2 1 1 3
J B 19 6675 1 82 6913 288 0
J N 6 6696 42 2 1 0 1 43
K 0 0 43
A D 2 16
J N 6 6734 42 2 865 288 1 43
K 0 0 43
A D 2 16
J N 6 6772 42 2 1729 288 1 43
K 0 0 43
A D 2 16
J N 6 6810 42 2 2593 288 1 43
K 0 0 43
A D 2 16
H 43 B 0 0 108 4 2 1 1 3
J N 7 6851 21 5 3457 288 0
K -15 0 65
K 0 0 43
K 0 0 60
K 0 21 60
A D 4 16
J R 7 6904 28 2 5185 576 0
K 0 0 48
A D 4 16
J B 20 6961 1 82 6913 576 0
J F 0 6982 98 1 1 0 0
K 0 0 205
J N 7 6982 28 4 1 0 0
K 0 0 43
K 0 0 60
K 0 21 60
A D 4 16
J R 7 7035 28 2 1729 576 0
K 0 0 48
A D 4 16
J F 0 7088 98 2 3457 576 0
K 0 0 205
K 0 21 219
J N 7 7088 35 4 3457 0 0
K 0 0 43
K 0 0 59
K 0 -21 59
A D 4 16
J R 7 7141 28 2 5185 576 0
K 0 0 48
A D 4 16
J B 21 7198 1 82 6913 576 0
J N 8 7219 42 4 1 0 0
K 0 0 42
K 0 0 59
K 0 -21 59
A D 8 16
J R 8 7298 28 3 3457 1152 0
K 0 0 47
K 2 -35 101
A D 8 16
J B 22 7389 5 2 6913 1152 0
K -8 0 82
K 0 0 82
J D 5 7410 -42 1 1 0 0
W 0 0 37 Adagio
J N 6 7413 -28 7 1 0 1 44
K 0 14 45
K 0 0 45
K -15 0 65
K 0 0 43
K -1 0 45
K 2 0 45
A D 2 16
J N 6 7451 -28 6 865 288 1 44
K 0 14 45
K 0 0 45
K 0 0 43
K -1 0 45
K 2 0 45
A D 2 16
J N 6 7489 -28 6 1729 288 1 44
K 0 14 45
K 0 0 45
K 0 0 43
K -1 0 45
K 2 0 45
A D 2 16
J N 6 7527 -28 6 2593 288 1 44
K 0 14 45
K 0 0 45
K 0 0 43
K -1 0 45
K 2 0 45
A D 2 16
H 44 B 1 0 108 4 2 1 1 3
J F 0 7565 98 1 3457 288 0
K 0 0 205
J N 6 7565 -21 5 3457 0 1 45
K 0 7 45
K 0 0 43
K 0 7 45
K 1 7 45
A D 2 16
J N 6 7603 -21 5 4321 288 1 45
K 0 7 45
K 0 0 43
K 0 7 45
K 1 7 45
A D 2 16
J N 6 7641 -21 5 5185 288 1 45
K 0 7 45
K 0 0 43
K 0 7 45
K 1 7 45
A D 2 16
J N 6 7679 -21 5 6049 288 1 45
K 0 7 45
K 0 0 43
K 0 7 45
K 1 7 45
A D 2 16
H 45 B 1 0 108 4 2 1 1 3
J B 23 7721 1 82 6913 288 0
J F 0 7742 98 2 1 0 0
K 0 0 206
K 0 21 219
J N 6 7742 -14 5 1 0 1 46
K 0 0 45
K 0 0 43
K -1 0 45
K 2 0 45
A D 2 16
J N 6 7780 -14 5 865 288 1 46
K 0 0 45
K 0 0 43
K -1 0 45
K 2 0 45
A D 2 16
J F 0 7818 98 2 1729 288 0
K 0 0 205
K 15 0 219
J N 6 7818 -14 5 1729 0 1 46
K 0 0 45
K 0 0 43
K -1 0 45
K 2 0 45
A D 2 16
J F 0 7856 98 1 2593 288 0
K 0 0 206
J N 6 7856 -35 6 2593 0 1 46
K 0 21 45
K 0 7 45
K 0 0 43
K 0 7 45
K 1 7 45
A D 2 16
H 46 B 1 0 108 4 2 1 1 3
J F 0 7894 98 2 3457 288 0
K 0 0 206
K 15 0 219
J N 6 7894 -7 2 3457 0 1 47
K 0 0 43
A D 2 16
J N 6 7932 21 3 4321 288 1 47
K -15 0 65
K 0 0 43
A D 2 16
J F 0 7970 98 2 5185 288 0
K 0 0 203
K 15 0 219
J N 6 7970 -7 2 5185 0 1 47
K 0 0 43
A D 2 16
J F 0 8008 98 1 6049 288 0
K 0 0 202
J N 6 8008 42 2 6049 0 1 47
K 0 0 43
A D 2 16
H 47 B 1 0 108 4 2 1 1 3
J B 24 8050 1 82 6913 288 0
J R 5 8071 28 3 1 0 0
K 0 14 49
K 4 0 50
A D 1 16
J N 5 8112 21 3 433 144 1 48
K -15 0 65
K 0 0 43
A D 1 16
J N 5 8141 7 2 865 144 1 48
K 0 0 43
A D 1 16
J N 5 8170 21 2 1297 144 1 48
K 0 0 43
A D 1 16
H 48 B 1 0 108 3 22 11 33
J F 0 8199 98 2 1729 144 0
K 0 0 203
K 15 0 219
J N 5 8199 -7 2 1729 0 1 49
K 0 0 43
A D 1 16
J N 5 8234 42 2 2161 144 1 49
K 0 0 43
A D 1 16
J N 5 8263 28 2 2593 144 1 49
K 0 0 43
A D 1 16
J N 5 8292 42 2 3025 144 1 49
K 0 0 43
A D 1 16
H 49 B 1 0 108 4 22 11 11 33
J F 0 8321 98 1 3457 144 0
K 0 0 208
J R 5 8321 28 3 3457 0 0
K 0 14 49
K 4 0 50
A D 1 16
J N 5 8354 -14 5 3889 144 1 50
K 0 0 45
K 0 0 43
K -1 0 45
K 2 0 45
A D 1 16
J F 0 8391 98 1 4321 144 0
K 0 0 205
J N 5 8391 -28 7 4321 0 1 50
K 0 14 45
K 0 0 45
K -15 0 65
K 0 0 43
K -1 0 45
K 2 0 45
A D 1 16
J N 5 8420 -14 5 4753 144 1 50
K 0 0 45
K 0 0 43
K -1 0 45
K 2 0 45
A D 1 16
H 50 B 1 0 108 3 22 11 33
J F 0 8449 98 1 5185 144 0
K 0 0 203
J N 5 8449 -42 7 5185 0 1 51
K 0 28 45
K 0 14 45
K 0 0 45
K 0 0 43
K -1 0 45
K 2 0 45
A D 1 16
J N 5 8478 7 2 5617 144 1 51
K 0 0 43
A D 1 16
J N 5 8507 -7 2 6049 144 1 51
K 0 0 43
A D 1 16
J N 5 8536 7 2 6481 144 1 51
K 0 0 43
A D 1 16
H 51 B 1 0 108 4 22 11 11 33
J B 25 8569 1 82 6913 144 0
J F 0 8590 98 1 1 0 0
K 0 0 208
J R 5 8590 28 3 1 0 0
K 0 14 49
K 4 0 50
A D 1 16
J N 5 8627 0 3 433 144 1 52
K -15 0 65
K 0 0 43
A D 1 16
J F 0 8656 98 1 865 144 0
K 0 0 205
J N 5 8656 -14 5 865 0 1 52
K 0 0 45
K 0 0 43
K -1 0 45
K 2 0 45
A D 1 16
J N 5 8685 0 2 1297 144 1 52
K 0 0 43
A D 1 16
H 52 B 1 0 108 3 22 11 33
J F 0 8718 98 2 1729 144 0
K 0 0 203
K 15 0 219
J N 5 8718 -28 7 1729 0 1 53
K 0 14 45
K 0 0 45
K -15 0 65
K 0 0 43
K -1 0 45
K 2 0 45
A D 1 16
J N 5 8757 21 3 2161 144 1 53
K -15 0 65
K 0 0 43
A D 1 16
J N 5 8786 7 2 2593 144 1 53
K 0 0 43
A D 1 16
J N 5 8815 21 2 3025 144 1 53
K 0 0 43
A D 1 16
H 53 B 1 0 108 4 22 11 11 33
J F 0 8844 98 1 3457 144 0
K 0 0 208
J R 5 8844 28 3 3457 0 0
K 0 14 49
K 4 0 50
A D 1 16
J N 5 8877 14 2 3889 144 1 54
K 0 0 43
A D 1 16
J F 0 8914 98 1 4321 144 0
K 0 0 205
J N 5 8914 0 3 4321 0 1 54
K -15 0 65
K 0 0 43
A D 1 16
J N 5 8943 14 2 4753 144 1 54
K 0 0 43
A D 1 16
H 54 B 1 0 108 3 22 11 33
J F 0 8972 98 1 5185 144 0
K 0 0 206
J N 5 8972 7 2 5185 0 1 55
K 0 0 43
A D 1 16
J N 5 9001 14 2 5617 144 1 55
K 0 0 43
A D 1 16
J F 0 9030 98 2 6049 144 0
K 0 0 205
K 15 0 219
J N 5 9030 7 2 6049 0 1 55
K 0 0 43
A D 1 16
J N 5 9077 21 3 6481 144 1 55
K -15 0 65
K 0 0 43
A D 1 16
H 55 B 1 0 108 4 22 11 11 33
J B 26 9110 1 82 6913 144 0
J F 0 9131 98 3 1 0 0
K 0 0 205
K 0 21 204
K 15 21 219
J N 6 9131 0 3 1 0 1 56
K -14 0 64
K 0 0 43
A D 2 16
J N 6 9169 -7 2 865 288 1 56
K 0 0 43
A D 2 16
J F 0 9207 98 2 1729 288 0
K 0 0 205
K 0 21 204
J N 6 9207 21 3 1729 0 1 56
K -15 0 65
K 0 0 43
A D 2 16
J F 0 9245 98 1 2593 288 0
K 0 0 202
J N 6 9245 14 2 2593 0 1 56
K 0 0 43
A D 2 16
H 56 B 1 0 108 4 2 1 1 3
J N 7 9283 42 4 3457 288 0
K 0 0 43
K 0 0 59
K 0 -21 59
A D 4 16
J R 7 9336 28 2 5185 576 0
K 0 0 48
A D 4 16
J B 27 9393 1 82 6913 576 0
J R 8 9414 28 2 1 0 0
K 0 0 47
A D 8 16
J F 0 9493 98 2 3457 1152 0
K 0 0 203
K 15 0 219
J R 5 9493 28 3 3457 0 0
K 0 14 49
K 4 0 50
A D 1 16
J N 5 9534 21 3 3889 144 1 57
K -15 0 65
K 0 0 43
A D 1 16
J N 5 9563 7 2 4321 144 1 57
K 0 0 43
A D 1 16
J N 5 9592 21 2 4753 144 1 57
K 0 0 43
A D 1 16
H 57 B 1 0 108 3 22 11 33
J F 0 9621 98 2 5185 144 0
K 0 0 203
K 15 0 219
J N 5 9621 -7 2 5185 0 1 58
K 0 0 43
A D 1 16
J N 5 9656 42 2 5617 144 1 58
K 0 0 43
A D 1 16
J N 5 9685 28 2 6049 144 1 58
K 0 0 43
A D 1 16
J N 5 9714 42 2 6481 144 1 58
K 0 0 43
A D 1 16
H 58 B 1 0 108 4 22 11 11 33
J B 28 9747 1 82 6913 144 0
J F 0 9768 98 2 1 0 0
K 0 0 208
K 0 21 219
J R 5 9768 28 3 1 0 0
K 0 14 49
K 4 0 50
A D 1 16
J N 5 9801 35 2 433 144 1 59
K 0 0 43
A D 1 16
J F 0 9838 98 1 865 144 0
K 0 0 205
J N 5 9838 21 3 865 0 1 59
K -15 0 65
K 0 0 43
A D 1 16
J N 5 9867 35 2 1297 144 1 59
K 0 0 43
A D 1 16
H 59 B 0 0 108 3 22 11 33
J F 0 9896 98 1 1729 144 0
K 0 0 203
J N 5 9896 7 2 1729 0 1 60
K 0 0 43
A D 1 16
J N 5 9925 56 2 2161 144 1 60
K 0 0 43
A D 1 16
J N 5 9954 42 2 2593 144 1 60
K 0 0 43
A D 1 16
J N 5 9983 56 2 3025 144 1 60
K 0 0 43
A D 1 16
H 60 B 0 0 108 4 22 11 11 33
J N 5 10024 49 3 3457 144 1 61
K -15 0 65
K 0 0 43
A D 1 16
J N 5 10053 42 2 3889 144 1 61
K 0 0 43
A D 1 16
J N 5 10082 35 2 4321 144 1 61
K 0 0 43
A D 1 16
J N 5 10111 49 2 4753 144 1 61
K 0 0 43
A D 1 16
H 61 B 0 0 108 4 22 11 11 33
J F 0 10140 98 2 5185 144 0
K 0 0 203
K 15 0 219
J N 6 10140 42 2 5185 0 1 62
K 0 0 43
A D 2 16
J F 0 10178 98 1 6049 288 0
K 0 0 202
J N 6 10178 42 2 6049 0 1 62
K 0 0 43
A D 2 16
H 62 B 0 0 108 2 2 3
J B 29 10220 1 82 6913 288 0
J N 5 10245 21 3 1 0 1 63
K -15 0 65
K 0 0 43
A D 1 16
J N 5 10274 14 2 433 144 1 63
K 0 0 43
A D 1 16
J N 5 10303 7 2 865 144 1 63
K 0 0 43
A D 1 16
J N 5 10332 21 2 1297 144 1 63
K 0 0 43
A D 1 16
H 63 B 1 0 108 4 22 11 11 33
J F 0 10365 98 1 1729 144 0
K 0 0 208
J N 5 10365 0 3 1729 0 1 64
K -15 0 65
K 0 0 43
A D 1 16
J N 5 10394 -7 2 2161 144 1 64
K 0 0 43
A D 1 16
J F 0 10423 98 1 2593 144 0
K 0 0 205
J N 5 10423 -14 5 2593 0 1 64
K 0 0 45
K 0 0 43
K -1 0 45
K 2 0 45
A D 1 16
J N 5 10452 0 2 3025 144 1 64
K 0 0 43
A D 1 16
H 64 B 1 0 108 4 22 11 11 33
J F 0 10481 98 2 3457 144 0
K 0 0 206
K 15 0 219
J N 6 10481 -7 2 3457 0 1 65
K 0 0 43
A D 2 16
J N 6 10519 21 2 4321 288 1 65
K 0 0 43
A D 2 16
J F 0 10557 98 2 5185 288 0
K 0 0 203
K 15 0 219
J N 6 10557 -7 2 5185 0 1 65
K 0 0 43
A D 2 16
J F 0 10595 98 1 6049 288 0
K 0 0 202
J N 6 10595 42 2 6049 0 1 65
K 0 0 43
A D 2 16
H 65 B 1 0 108 4 2 1 1 3
J B 30 10637 1 82 6913 288 0
J N 7 10661 21 5 1 0 0
K -15 0 65
K 0 0 43
K 0 0 60
K 0 21 60
A D 4 16
J F 0 10714 98 3 1729 576 0
K 0 0 205
K 0 21 203
K 0 42 201
J N 7 10714 28 4 1729 0 0
K 0 0 43
K 0 0 60
K 0 21 60
A D 4 16
J F 0 10767 98 3 3457 576 0
K 0 0 206
K 0 21 204
K 0 42 219
J N 7 10767 35 4 3457 0 0
K 0 0 43
K 0 0 59
K 0 -21 59
A D 4 16
J F 0 10820 98 4 5185 576 0
K 0 0 207
K 0 21 205
K 0 42 203
K 15 42 219
J N 7 10820 42 4 5185 0 0
K 0 0 43
K 0 0 59
K 0 -21 59
A D 4 16
J B 31 10877 1 82 6913 576 0
J F 0 10898 98 2 1 0 0
K 0 0 204
K 15 0 219
J N 7 10898 49 5 1 0 0
K -15 0 65
K 0 0 43
K 0 0 59
K 0 -21 59
A D 4 16
J R 7 10951 28 2 1729 576 0
K 0 0 48
A D 4 16
J N 7 11004 49 5 3457 576 0
K 0 0 43
K 0 32 108
K 0 0 59
K 0 -21 59
A D 4 16
J R 6 11057 28 2 5185 576 0
K 0 0 49
A D 2 16
J F 0 11095 98 1 6049 288 0
K 0 0 205
J N 6 11095 49 3 6049 0 0
K 0 0 43
K 0 0 53
A D 2 16
J B 32 11141 1 82 6913 288 0
J F 0 11162 98 2 1 0 0
K 0 0 206
K 15 0 219
J N 7 11162 42 4 1 0 0
K 0 0 43
K 0 0 59
K 0 -21 59
A D 4 16
J N 7 11215 70 8 1729 576 0
K 1 0 45
K -15 0 65
K 0 0 43
K -1 0 45
K 2 0 45
K 0 0 59
K 0 -21 59
A D 4 16
J F 0 11268 98 2 3457 576 0
K 0 0 203
K 15 0 219
J N 8 11268 42 4 3457 0 0
K 0 0 42
K 0 0 59
K 0 -21 59
A D 8 16
J F 0 11321 98 1 5185 576 0
K 0 0 202
J B 33 11378 1 82 6913 576 0
J N 9 11402 70 7 1 0 0
K 1 0 45
K 7 0 45
K -15 0 65
K 0 0 41
K -1 0 45
K 2 0 45
A D 16 16
J B 0 11546 6 2 6913 2304 0
K -13 0 82
K -6 0 84
J M 0 11546 0 0 10000 0 0
