@ SOURCE: not identified 
L 0 0 14 !39Basso concerto grosso
J D 4 500 -120 1 6913 0 0
W 0 0 44 III.
J D 1 75 -37 1 6913 0 0
W 0 -56 44 III.:  Basso concerto grosso
J C 22 5 14 36 6913 0 0
J K -1 57 0 1 6913 0 0
K 0 42 65
J D 5 86 -42 1 6913 0 0
W 0 0 37 Adagio
J T 101 86 42 1 6913 0 0
K 0 0 37
J N 7 149 21 5 1 0 0
K -15 0 65
K 0 0 43
K 0 0 60
K 0 21 60
A D 2 8
J R 7 187 28 2 1729 576 0
K 0 0 48
A D 2 8
J F 0 225 98 1 3457 576 0
K 0 0 205
J N 7 225 28 4 3457 0 0
K 0 0 43
K 0 0 60
K 0 21 60
A D 2 8
J R 7 263 28 2 5185 576 0
K 0 0 48
A D 2 8
J B 2 305 1 82 6913 576 0
J F 0 326 98 2 1 0 0
K 0 0 206
K 0 21 219
J N 7 326 35 4 1 0 0
K 0 0 43
K 0 0 59
K 0 -21 59
A D 2 8
J R 7 364 28 2 1729 576 0
K 0 0 48
A D 2 8
J F 0 402 98 2 3457 576 0
K 0 0 206
K 15 0 219
J N 6 402 42 2 3457 0 1 1
K 0 0 43
A D 1 8
J N 6 441 21 3 4321 288 1 1
K -15 0 65
K 0 0 43
A D 1 8
J F 0 470 98 2 5185 288 0
K 0 0 203
K 15 0 219
J N 6 470 -7 2 5185 0 1 1
K 0 0 43
A D 1 8
J F 0 505 98 1 6049 288 0
K 0 0 202
J N 6 505 42 2 6049 0 1 1
K 0 0 43
A D 1 8
H 1 B 1 0 108 4 2 1 1 3
J B 3 538 1 82 6913 288 0
J N 7 562 21 5 1 0 0
K -15 0 65
K 0 0 43
K 0 0 60
K 0 21 60
A D 2 8
J R 7 600 28 2 1729 576 0
K 0 0 48
A D 2 8
J R 8 638 28 2 3457 576 0
K 0 0 47
A D 4 8
J B 4 695 1 82 6913 1152 0
J R 8 716 28 2 1 0 0
K 0 0 47
A D 4 8
J R 7 769 28 2 3457 1152 0
K 0 0 48
A D 2 8
J R 6 807 28 2 5185 576 0
K 0 0 49
A D 1 8
J F 0 836 98 2 6049 288 0
K 0 0 205
K 15 0 219
J N 6 836 7 3 6049 0 0
K 0 0 43
K 0 0 54
A D 1 8
J B 5 875 1 82 6913 288 0
J F 0 900 98 2 1 0 0
K 0 0 205
K 0 21 204
J N 6 900 0 3 1 0 1 2
K -14 0 64
K 0 0 43
A D 1 8
J N 6 929 -7 2 865 288 1 2
K 0 0 43
A D 1 8
J F 0 962 98 2 1729 288 0
K 0 0 205
K 0 21 204
J N 6 962 21 3 1729 0 1 2
K -15 0 65
K 0 0 43
A D 1 8
J F 0 991 98 1 2593 288 0
K 0 0 202
J N 6 991 14 2 2593 0 1 2
K 0 0 43
A D 1 8
H 2 B 1 0 108 4 2 1 1 3
J N 7 1020 42 4 3457 288 0
K 0 0 43
K 0 0 59
K 0 -21 59
A D 2 8
J R 7 1058 28 2 5185 576 0
K 0 0 48
A D 2 8
J B 6 1100 1 82 6913 576 0
J R 8 1121 28 2 1 0 0
K 0 0 47
A D 4 8
J F 0 1178 98 2 3457 1152 0
K 0 0 203
K 15 0 219
J N 7 1178 21 5 3457 0 0
K -15 0 65
K 0 0 43
K 0 0 60
K 0 21 60
A D 2 8
J F 0 1213 98 1 4321 288 0
K 0 0 202
J F 0 1242 98 2 5185 288 0
K 0 0 203
K 15 0 219
J N 7 1242 42 4 5185 0 0
K 0 0 43
K 0 0 59
K 0 -21 59
A D 2 8
J F 0 1277 98 1 6049 288 0
K 0 0 202
J B 7 1310 1 82 6913 288 0
J F 0 1331 98 2 1 0 0
K 0 0 208
K 0 21 219
J N 7 1331 35 4 1 0 0
K 0 0 43
K 0 0 59
K 0 -21 59
A D 2 8
J F 0 1360 98 1 865 288 0
K 0 0 207
J F 0 1389 98 1 1729 288 0
K 0 0 203
J N 7 1389 56 4 1729 0 0
K 0 0 43
K 0 0 59
K 0 -21 59
A D 2 8
J F 0 1418 98 1 2593 288 0
K 0 0 202
J N 7 1447 49 5 3457 288 0
K -15 0 65
K 0 0 43
K 0 0 59
K 0 -21 59
A D 2 8
J F 0 1485 98 2 5185 576 0
K 0 0 203
K 15 0 219
J N 7 1485 42 4 5185 0 0
K 0 0 43
K 0 0 59
K 0 -21 59
A D 2 8
J F 0 1520 98 1 6049 288 0
K 0 0 202
J B 8 1553 1 82 6913 288 0
J N 6 1578 21 3 1 0 1 3
K -15 0 65
K 0 0 43
A D 1 8
J N 6 1607 7 2 865 288 1 3
K 0 0 43
A D 1 8
J F 0 1644 98 1 1729 288 0
K 0 0 208
J N 6 1644 0 3 1729 0 1 3
K -15 0 65
K 0 0 43
A D 1 8
J F 0 1677 98 1 2593 288 0
K 0 0 207
J N 6 1677 49 3 2593 0 1 3
K -15 0 65
K 0 0 43
A D 1 8
H 3 B 1 0 108 4 2 1 1 3
J F 0 1706 98 2 3457 288 0
K 0 0 206
K 15 0 219
J N 6 1706 42 2 3457 0 1 4
K 0 0 43
A D 1 8
J N 6 1741 21 2 4321 288 1 4
K 0 0 43
A D 1 8
J F 0 1770 98 2 5185 288 0
K 0 0 203
K 15 0 219
J N 6 1770 -7 2 5185 0 1 4
K 0 0 43
A D 1 8
J F 0 1805 98 1 6049 288 0
K 0 0 202
J N 6 1805 42 2 6049 0 1 4
K 0 0 43
A D 1 8
H 4 B 1 0 108 4 2 1 1 3
J B 9 1846 5 2 6913 288 0
K -8 0 82
K 0 0 82
J D 5 1867 -42 1 1 0 0
W 0 0 37 Allegro
J N 6 1871 21 3 1 0 1 5
K -15 0 65
K 0 0 43
A D 1 8
J N 6 1900 21 2 865 288 1 5
K 0 0 43
A D 1 8
J N 6 1929 21 2 1729 288 1 5
K 0 0 43
A D 1 8
J N 6 1958 21 2 2593 288 1 5
K 0 0 43
A D 1 8
H 5 B 1 0 108 4 2 1 1 3
J F 0 1991 98 1 3457 288 0
K 0 0 205
J N 6 1991 42 3 3457 0 1 6
K -14 0 64
K 0 0 43
A D 1 8
J N 6 2020 42 2 4321 288 1 6
K 0 0 43
A D 1 8
J N 6 2049 42 2 5185 288 1 6
K 0 0 43
A D 1 8
J N 6 2078 42 2 6049 288 1 6
K 0 0 43
A D 1 8
H 6 B 0 0 108 4 2 1 1 3
J B 10 2111 1 82 6913 288 0
J N 6 2132 35 2 1 0 1 7
K 0 0 43
A D 1 8
J N 6 2161 35 2 865 288 1 7
K 0 0 43
A D 1 8
J N 6 2190 35 2 1729 288 1 7
K 0 0 43
A D 1 8
J N 6 2219 35 2 2593 288 1 7
K 0 0 43
A D 1 8
H 7 B 0 0 108 4 2 1 1 3
J N 6 2248 -14 5 3457 288 1 8
K 0 0 45
K 0 0 43
K -1 0 45
K 2 0 45
A D 1 8
J N 6 2277 -14 5 4321 288 1 8
K 0 0 45
K 0 0 43
K -1 0 45
K 2 0 45
A D 1 8
J N 6 2306 -14 5 5185 288 1 8
K 0 0 45
K 0 0 43
K -1 0 45
K 2 0 45
A D 1 8
J N 6 2335 -14 5 6049 288 1 8
K 0 0 45
K 0 0 43
K -1 0 45
K 2 0 45
A D 1 8
H 8 B 1 0 108 4 2 1 1 3
J B 11 2368 1 82 6913 288 0
J F 0 2393 98 1 1 0 0
K 0 0 205
J N 6 2393 14 3 1 0 1 9
K -18 0 63
K 0 0 43
A D 1 8
J N 6 2422 14 2 865 288 1 9
K 0 0 43
A D 1 8
J N 6 2451 14 2 1729 288 1 9
K 0 0 43
A D 1 8
J N 6 2480 14 2 2593 288 1 9
K 0 0 43
A D 1 8
H 9 B 1 0 108 4 2 1 1 3
J N 6 2509 7 2 3457 288 1 10
K 0 0 43
A D 1 8
J N 6 2538 7 2 4321 288 1 10
K 0 0 43
A D 1 8
J N 6 2567 7 2 5185 288 1 10
K 0 0 43
A D 1 8
J N 6 2596 7 2 6049 288 1 10
K 0 0 43
A D 1 8
H 10 B 1 0 108 4 2 1 1 3
J B 12 2629 1 82 6913 288 0
J F 0 2650 98 1 1 0 0
K 0 0 205
J N 6 2650 21 2 1 0 1 11
K 0 0 43
A D 1 8
J N 6 2679 21 2 865 288 1 11
K 0 0 43
A D 1 8
J N 6 2708 21 2 1729 288 1 11
K 0 0 43
A D 1 8
J N 6 2737 21 2 2593 288 1 11
K 0 0 43
A D 1 8
H 11 B 1 0 108 4 2 1 1 3
J F 0 2766 98 1 3457 288 0
K 0 0 219
J N 6 2766 14 2 3457 0 1 12
K 0 0 43
A D 1 8
J N 6 2795 14 2 4321 288 1 12
K 0 0 43
A D 1 8
J N 6 2824 14 2 5185 288 1 12
K 0 0 43
A D 1 8
J N 6 2853 14 2 6049 288 1 12
K 0 0 43
A D 1 8
H 12 B 1 0 108 4 2 1 1 3
J B 13 2886 1 82 6913 288 0
J F 0 2907 98 1 1 0 0
K 0 0 205
J N 6 2907 28 2 1 0 1 13
K 0 0 43
A D 1 8
J N 6 2936 28 2 865 288 1 13
K 0 0 43
A D 1 8
J N 6 2965 28 2 1729 288 1 13
K 0 0 43
A D 1 8
J N 6 2994 28 2 2593 288 1 13
K 0 0 43
A D 1 8
H 13 B 1 0 108 4 2 1 1 3
J N 6 3035 21 3 3457 288 1 14
K -15 0 65
K 0 0 43
A D 1 8
J N 6 3064 21 2 4321 288 1 14
K 0 0 43
A D 1 8
J N 6 3093 21 2 5185 288 1 14
K 0 0 43
A D 1 8
J N 6 3122 21 2 6049 288 1 14
K 0 0 43
A D 1 8
H 14 B 1 0 108 4 2 1 1 3
J B 14 3155 1 82 6913 288 0
J F 0 3176 98 2 1 0 0
K 0 0 205
K 15 0 219
J N 6 3176 56 2 1 0 1 15
K 0 0 43
A D 1 8
J N 6 3211 56 2 865 288 1 15
K 0 0 43
A D 1 8
J N 6 3240 56 2 1729 288 1 15
K 0 0 43
A D 1 8
J N 6 3269 56 2 2593 288 1 15
K 0 0 43
A D 1 8
H 15 B 0 0 108 4 2 1 1 3
J N 6 3310 49 3 3457 288 1 16
K -15 0 65
K 0 0 43
A D 1 8
J N 6 3339 49 2 4321 288 1 16
K 0 0 43
A D 1 8
J N 6 3368 49 2 5185 288 1 16
K 0 0 43
A D 1 8
J N 6 3397 49 2 6049 288 1 16
K 0 0 43
A D 1 8
H 16 B 0 0 108 4 2 1 1 3
J B 15 3430 1 82 6913 288 0
J F 0 3455 98 1 1 0 0
K 0 0 205
J N 6 3455 49 3 1 0 1 17
K -14 0 64
K 0 0 43
A D 1 8
J N 6 3484 49 2 865 288 1 17
K 0 0 43
A D 1 8
J N 6 3513 49 2 1729 288 1 17
K 0 0 43
A D 1 8
J N 6 3542 49 2 2593 288 1 17
K 0 0 43
A D 1 8
H 17 B 0 0 108 4 2 1 1 3
J N 6 3571 42 2 3457 288 1 18
K 0 0 43
A D 1 8
J N 6 3600 42 2 4321 288 1 18
K 0 0 43
A D 1 8
J N 6 3629 42 2 5185 288 1 18
K 0 0 43
A D 1 8
J N 6 3658 42 2 6049 288 1 18
K 0 0 43
A D 1 8
H 18 B 0 0 108 4 2 1 1 3
J B 16 3691 1 82 6913 288 0
J F 0 3712 98 2 1 0 0
K 0 0 205
K 15 0 219
J N 6 3712 56 2 1 0 1 19
K 0 0 43
A D 1 8
J N 6 3747 56 2 865 288 1 19
K 0 0 43
A D 1 8
J N 6 3776 56 2 1729 288 1 19
K 0 0 43
A D 1 8
J N 6 3805 56 2 2593 288 1 19
K 0 0 43
A D 1 8
H 19 B 0 0 108 4 2 1 1 3
J N 6 3846 49 3 3457 288 1 20
K -15 0 65
K 0 0 43
A D 1 8
J N 6 3875 49 2 4321 288 1 20
K 0 0 43
A D 1 8
J N 6 3904 49 2 5185 288 1 20
K 0 0 43
A D 1 8
J N 6 3933 49 2 6049 288 1 20
K 0 0 43
A D 1 8
H 20 B 0 0 108 4 2 1 1 3
J B 17 3966 1 82 6913 288 0
J N 6 3987 42 2 1 0 1 21
K 0 0 43
A D 1 8
J N 6 4016 42 2 865 288 1 21
K 0 0 43
A D 1 8
J N 6 4045 42 2 1729 288 1 21
K 0 0 43
A D 1 8
J N 6 4074 42 2 2593 288 1 21
K 0 0 43
A D 1 8
H 21 B 0 0 108 4 2 1 1 3
J N 6 4115 21 3 3457 288 1 22
K -15 0 65
K 0 0 43
A D 1 8
J N 6 4144 21 2 4321 288 1 22
K 0 0 43
A D 1 8
J N 6 4173 21 2 5185 288 1 22
K 0 0 43
A D 1 8
J N 6 4202 21 2 6049 288 1 22
K 0 0 43
A D 1 8
H 22 B 1 0 108 4 2 1 1 3
J B 18 4235 1 82 6913 288 0
J F 0 4256 98 2 1 0 0
K 0 0 205
K 15 0 219
J N 6 4256 56 2 1 0 1 23
K 0 0 43
A D 1 8
J N 6 4291 56 2 865 288 1 23
K 0 0 43
A D 1 8
J N 6 4320 56 2 1729 288 1 23
K 0 0 43
A D 1 8
J N 6 4349 56 2 2593 288 1 23
K 0 0 43
A D 1 8
H 23 B 0 0 108 4 2 1 1 3
J N 6 4390 49 3 3457 288 1 24
K -15 0 65
K 0 0 43
A D 1 8
J N 6 4419 49 2 4321 288 1 24
K 0 0 43
A D 1 8
J N 6 4448 49 2 5185 288 1 24
K 0 0 43
A D 1 8
J N 6 4477 49 2 6049 288 1 24
K 0 0 43
A D 1 8
H 24 B 0 0 108 4 2 1 1 3
J B 19 4510 1 82 6913 288 0
J N 6 4531 42 2 1 0 1 25
K 0 0 43
A D 1 8
J N 6 4560 42 2 865 288 1 25
K 0 0 43
A D 1 8
J N 6 4589 42 2 1729 288 1 25
K 0 0 43
A D 1 8
J N 6 4618 42 2 2593 288 1 25
K 0 0 43
A D 1 8
H 25 B 0 0 108 4 2 1 1 3
J N 7 4659 21 5 3457 288 0
K -15 0 65
K 0 0 43
K 0 0 60
K 0 21 60
A D 2 8
J R 7 4697 28 2 5185 576 0
K 0 0 48
A D 2 8
J B 20 4739 1 82 6913 576 0
J F 0 4760 98 1 1 0 0
K 0 0 205
J N 7 4760 28 4 1 0 0
K 0 0 43
K 0 0 60
K 0 21 60
A D 2 8
J R 7 4798 28 2 1729 576 0
K 0 0 48
A D 2 8
J F 0 4836 98 2 3457 576 0
K 0 0 205
K 0 21 219
J N 7 4836 35 4 3457 0 0
K 0 0 43
K 0 0 59
K 0 -21 59
A D 2 8
J R 7 4874 28 2 5185 576 0
K 0 0 48
A D 2 8
J B 21 4916 1 82 6913 576 0
J N 8 4937 42 4 1 0 0
K 0 0 42
K 0 0 59
K 0 -21 59
A D 4 8
J R 8 4990 28 3 3457 1152 0
K 0 0 47
K 2 -35 101
A D 4 8
J B 22 5055 5 2 6913 1152 0
K -8 0 82
K 0 0 82
J D 5 5076 -42 1 1 0 0
W 0 0 37 Adagio
J N 7 5079 21 5 1 0 0
K -15 0 65
K 0 0 43
K 0 0 60
K 0 21 60
A D 2 8
J R 7 5117 28 2 1729 576 0
K 0 0 48
A D 2 8
J F 0 5155 98 1 3457 576 0
K 0 0 205
J N 7 5155 28 4 3457 0 0
K 0 0 43
K 0 0 60
K 0 21 60
A D 2 8
J R 7 5193 28 2 5185 576 0
K 0 0 48
A D 2 8
J B 23 5235 1 82 6913 576 0
J F 0 5256 98 2 1 0 0
K 0 0 206
K 0 21 219
J N 7 5256 35 4 1 0 0
K 0 0 43
K 0 0 59
K 0 -21 59
A D 2 8
J R 7 5294 28 2 1729 576 0
K 0 0 48
A D 2 8
J F 0 5332 98 2 3457 576 0
K 0 0 206
K 15 0 219
J N 6 5332 42 2 3457 0 1 26
K 0 0 43
A D 1 8
J N 6 5371 21 3 4321 288 1 26
K -15 0 65
K 0 0 43
A D 1 8
J F 0 5400 98 2 5185 288 0
K 0 0 203
K 15 0 219
J N 6 5400 -7 2 5185 0 1 26
K 0 0 43
A D 1 8
J F 0 5435 98 1 6049 288 0
K 0 0 202
J N 6 5435 42 2 6049 0 1 26
K 0 0 43
A D 1 8
H 26 B 1 0 108 4 2 1 1 3
J B 24 5468 1 82 6913 288 0
J N 7 5492 21 5 1 0 0
K -15 0 65
K 0 0 43
K 0 0 60
K 0 21 60
A D 2 8
J R 7 5530 28 2 1729 576 0
K 0 0 48
A D 2 8
J R 8 5568 28 2 3457 576 0
K 0 0 47
A D 4 8
J B 25 5625 1 82 6913 1152 0
J R 8 5646 28 2 1 0 0
K 0 0 47
A D 4 8
J R 7 5699 28 2 3457 1152 0
K 0 0 48
A D 2 8
J R 6 5737 28 2 5185 576 0
K 0 0 49
A D 1 8
J F 0 5766 98 2 6049 288 0
K 0 0 205
K 15 0 219
J N 6 5766 7 3 6049 0 0
K 0 0 43
K 0 0 54
A D 1 8
J B 26 5805 1 82 6913 288 0
J F 0 5826 98 3 1 0 0
K 0 0 205
K 0 21 204
K 15 21 219
J N 6 5826 0 2 1 0 1 27
K 0 0 43
A D 1 8
J N 6 5861 -7 2 865 288 1 27
K 0 0 43
A D 1 8
J F 0 5894 98 2 1729 288 0
K 0 0 205
K 0 21 204
J N 6 5894 21 3 1729 0 1 27
K -15 0 65
K 0 0 43
A D 1 8
J F 0 5923 98 1 2593 288 0
K 0 0 202
J N 6 5923 14 2 2593 0 1 27
K 0 0 43
A D 1 8
H 27 B 1 0 108 4 2 1 1 3
J N 7 5952 42 4 3457 288 0
K 0 0 43
K 0 0 59
K 0 -21 59
A D 2 8
J R 7 5990 28 2 5185 576 0
K 0 0 48
A D 2 8
J B 27 6032 1 82 6913 576 0
J R 8 6053 28 2 1 0 0
K 0 0 47
A D 4 8
J F 0 6110 98 2 3457 1152 0
K 0 0 203
K 15 0 219
J N 7 6110 21 5 3457 0 0
K -15 0 65
K 0 0 43
K 0 0 60
K 0 21 60
A D 2 8
J F 0 6145 98 1 4321 288 0
K 0 0 202
J F 0 6174 98 2 5185 288 0
K 0 0 203
K 15 0 219
J N 7 6174 42 4 5185 0 0
K 0 0 43
K 0 0 59
K 0 -21 59
A D 2 8
J F 0 6209 98 1 6049 288 0
K 0 0 202
J B 28 6242 1 82 6913 288 0
J F 0 6263 98 2 1 0 0
K 0 0 208
K 0 21 219
J N 7 6263 35 4 1 0 0
K 0 0 43
K 0 0 59
K 0 -21 59
A D 2 8
J F 0 6292 98 1 865 288 0
K 0 0 207
J F 0 6321 98 1 1729 288 0
K 0 0 203
J N 7 6321 56 4 1729 0 0
K 0 0 43
K 0 0 59
K 0 -21 59
A D 2 8
J F 0 6350 98 1 2593 288 0
K 0 0 202
J N 7 6379 49 5 3457 288 0
K -15 0 65
K 0 0 43
K 0 0 59
K 0 -21 59
A D 2 8
J F 0 6417 98 2 5185 576 0
K 0 0 203
K 15 0 219
J N 7 6417 42 4 5185 0 0
K 0 0 43
K 0 0 59
K 0 -21 59
A D 2 8
J F 0 6452 98 1 6049 288 0
K 0 0 202
J B 29 6485 1 82 6913 288 0
J N 6 6510 21 3 1 0 1 28
K -15 0 65
K 0 0 43
A D 1 8
J N 6 6539 7 2 865 288 1 28
K 0 0 43
A D 1 8
J F 0 6576 98 1 1729 288 0
K 0 0 208
J N 6 6576 0 3 1729 0 1 28
K -15 0 65
K 0 0 43
A D 1 8
J F 0 6609 98 1 2593 288 0
K 0 0 207
J N 6 6609 49 3 2593 0 1 28
K -15 0 65
K 0 0 43
A D 1 8
H 28 B 1 0 108 4 2 1 1 3
J F 0 6638 98 2 3457 288 0
K 0 0 206
K 15 0 219
J N 6 6638 42 2 3457 0 1 29
K 0 0 43
A D 1 8
J N 6 6673 21 2 4321 288 1 29
K 0 0 43
A D 1 8
J F 0 6702 98 2 5185 288 0
K 0 0 203
K 15 0 219
J N 6 6702 -7 2 5185 0 1 29
K 0 0 43
A D 1 8
J F 0 6737 98 1 6049 288 0
K 0 0 202
J N 6 6737 42 2 6049 0 1 29
K 0 0 43
A D 1 8
H 29 B 1 0 108 4 2 1 1 3
J B 30 6770 1 82 6913 288 0
J N 7 6794 21 5 1 0 0
K -15 0 65
K 0 0 43
K 0 0 60
K 0 21 60
A D 2 8
J F 0 6832 98 3 1729 576 0
K 0 0 205
K 0 21 203
K 0 42 201
J N 7 6832 28 4 1729 0 0
K 0 0 43
K 0 0 60
K 0 21 60
A D 2 8
J F 0 6870 98 3 3457 576 0
K 0 0 206
K 0 21 204
K 0 42 219
J N 7 6870 35 4 3457 0 0
K 0 0 43
K 0 0 59
K 0 -21 59
A D 2 8
J F 0 6908 98 4 5185 576 0
K 0 0 207
K 0 21 205
K 0 42 203
K 15 42 219
J N 7 6908 42 4 5185 0 0
K 0 0 43
K 0 0 59
K 0 -21 59
A D 2 8
J B 31 6950 1 82 6913 576 0
J F 0 6971 98 2 1 0 0
K 0 0 204
K 15 0 219
J N 7 6971 49 5 1 0 0
K -15 0 65
K 0 0 43
K 0 0 59
K 0 -21 59
A D 2 8
J R 7 7009 28 2 1729 576 0
K 0 0 48
A D 2 8
J N 7 7047 49 5 3457 576 0
K 0 0 43
K 0 32 108
K 0 0 59
K 0 -21 59
A D 2 8
J R 6 7085 28 2 5185 576 0
K 0 0 49
A D 1 8
J F 0 7114 98 1 6049 288 0
K 0 0 205
J N 6 7114 49 3 6049 0 0
K 0 0 43
K 0 0 53
A D 1 8
J B 32 7158 1 82 6913 288 0
J F 0 7179 98 2 1 0 0
K 0 0 206
K 15 0 219
J N 7 7179 42 4 1 0 0
K 0 0 43
K 0 0 59
K 0 -21 59
A D 2 8
J N 7 7217 70 8 1729 576 0
K 1 0 45
K -15 0 65
K 0 0 43
K -1 0 45
K 2 0 45
K 0 0 59
K 0 -21 59
A D 2 8
J F 0 7255 98 2 3457 576 0
K 0 0 203
K 15 0 219
J N 8 7255 42 4 3457 0 0
K 0 0 42
K 0 0 59
K 0 -21 59
A D 4 8
J F 0 7293 98 1 5185 576 0
K 0 0 202
J B 33 7335 1 82 6913 576 0
J N 9 7359 70 7 1 0 0
K 1 0 45
K 7 0 45
K -15 0 65
K 0 0 41
K -1 0 45
K 2 0 45
A D 8 8
J B 0 7455 6 2 6913 2304 0
K -13 0 82
K -6 0 84
J M 0 7455 0 0 10000 0 0
