@ SOURCE: not identified 
L 0 0 14 !39Violino 2 concertino
J D 4 500 -120 1 6913 0 0
W 0 0 44 II. Allemanda
J D 1 75 -37 1 6913 0 0
W 0 -56 44 II. Allemanda:  Violino 2 concertino
J C 4 5 42 2 6913 0 0
K 0 0 33
K 0 0 34
J K -1 57 0 1 6913 0 0
K 0 28 65
J D 5 86 -42 1 6913 0 0
W 0 0 37 Allegro
J T 101 86 42 1 6913 0 0
K 0 0 37
J N 7 134 28 4 1 0 0
K 0 0 43
K 0 0 60
K 0 21 60
A D 4 16
J R 7 172 28 2 1729 576 0
K 0 0 48
A D 4 16
J N 7 210 35 4 3457 576 0
K 0 0 43
K 0 0 59
K 0 -21 59
A D 4 16
J R 7 248 28 2 5185 576 0
K 0 0 48
A D 4 16
J B 2 290 1 82 6913 576 0
J N 7 311 28 4 1 0 0
K 0 0 43
K 0 0 60
K 0 21 60
A D 4 16
J N 7 349 14 4 1729 576 0
K 0 0 43
K 0 0 60
K 0 21 60
A D 4 16
J N 7 387 21 4 3457 576 0
K 0 0 43
K 0 0 60
K 0 21 60
A D 4 16
J N 7 425 49 4 5185 576 0
K 0 0 43
K 0 0 59
K 0 -21 59
A D 4 16
J B 3 467 1 82 6913 576 0
J R 6 488 28 2 1 0 0
K 0 0 49
A D 2 16
J N 6 517 -21 7 865 288 0
K 0 7 45
K 0 0 43
K 0 7 45
K 1 7 45
K 0 0 60
K 0 0 54
A D 2 16
J N 7 549 7 5 1729 288 0
K -14 0 64
K 0 0 43
K 0 0 60
K 0 21 60
A D 4 16
J R 6 587 28 2 3457 576 0
K 0 0 49
A D 2 16
J N 6 616 21 3 4321 288 0
K 0 0 43
K 0 0 54
A D 2 16
J N 7 645 0 4 5185 288 0
K 0 0 43
K 0 0 60
K 0 21 60
A D 4 16
J B 4 687 1 82 6913 576 0
J R 6 708 28 2 1 0 0
K 0 0 49
A D 2 16
J N 6 737 0 3 865 288 0
K 0 0 43
K 0 0 54
A D 2 16
J N 7 766 -21 7 1729 288 0
K 0 7 45
K 0 0 43
K 0 7 45
K 1 7 45
K 0 0 60
K 0 21 60
A D 4 16
J R 6 804 28 2 3457 576 0
K 0 0 49
A D 2 16
J N 6 833 -21 7 4321 288 0
K 0 7 45
K 0 0 43
K 0 7 45
K 1 7 45
K 0 0 60
K 0 0 54
A D 2 16
J N 7 862 -7 4 5185 288 0
K 0 0 43
K 0 0 60
K 0 21 60
A D 4 16
J B 5 904 1 82 6913 576 0
J R 6 925 28 2 1 0 0
K 0 0 49
A D 2 16
J N 6 954 -7 3 865 288 0
K 0 0 43
K 0 0 54
A D 2 16
J N 7 983 -28 8 1729 288 0
K 0 14 45
K 0 0 45
K 0 0 43
K -1 0 45
K 2 0 45
K 0 0 60
K 0 28 60
A D 4 16
J R 6 1021 28 2 3457 576 0
K 0 0 49
A D 2 16
J N 6 1050 -28 8 4321 288 0
K 0 14 45
K 0 0 45
K 0 0 43
K -1 0 45
K 2 0 45
K 0 0 60
K 0 7 54
A D 2 16
J N 7 1079 -14 7 5185 288 0
K 0 0 45
K 0 0 43
K -1 0 45
K 2 0 45
K 0 0 60
K 0 21 60
A D 4 16
J B 6 1121 1 82 6913 576 0
J R 6 1142 28 2 1 0 0
K 0 0 49
A D 2 16
J N 6 1171 0 3 865 288 0
K 0 0 43
K 0 0 54
A D 2 16
J N 7 1200 -21 7 1729 288 0
K 0 7 45
K 0 0 43
K 0 7 45
K 1 7 45
K 0 0 60
K 0 21 60
A D 4 16
J R 6 1238 28 2 3457 576 0
K 0 0 49
A D 2 16
J N 6 1267 28 3 4321 288 0
K 0 0 43
K 0 0 54
A D 2 16
J N 7 1296 7 5 5185 288 0
K -15 0 65
K 0 0 43
K 0 0 60
K 0 21 60
A D 4 16
J B 7 1338 1 82 6913 576 0
J R 6 1359 28 2 1 0 0
K 0 0 49
A D 2 16
J N 6 1388 21 3 865 288 0
K 0 0 43
K 0 0 54
A D 2 16
J N 7 1417 0 4 1729 288 0
K 0 0 43
K 0 0 60
K 0 21 60
A D 4 16
J R 6 1455 28 2 3457 576 0
K 0 0 49
A D 2 16
J N 6 1484 49 3 4321 288 0
K 0 0 43
K 0 0 53
A D 2 16
J N 7 1521 28 4 5185 288 0
K 0 0 43
K 0 0 60
K 0 21 60
A D 4 16
J B 8 1563 1 82 6913 576 0
J R 6 1584 28 2 1 0 0
K 0 0 49
A D 2 16
J N 6 1613 21 3 865 288 0
K 0 0 43
K 0 0 54
A D 2 16
J N 7 1642 35 4 1729 288 0
K 0 0 43
K 0 0 59
K 0 -21 59
A D 4 16
J R 6 1680 28 2 3457 576 0
K 0 0 49
A D 2 16
J N 6 1709 0 3 4321 288 0
K 0 0 43
K 0 0 54
A D 2 16
J N 7 1738 -21 7 5185 288 0
K 0 7 45
K 0 0 43
K 0 7 45
K 1 7 45
K 0 0 60
K 0 21 60
A D 4 16
J B 9 1780 1 82 6913 576 0
J R 6 1801 28 2 1 0 0
K 0 0 49
A D 2 16
J N 6 1830 -7 3 865 288 0
K 0 0 43
K 0 0 54
A D 2 16
J N 7 1859 -28 8 1729 288 0
K 0 14 45
K 0 0 45
K 0 0 43
K -1 0 45
K 2 0 45
K 0 0 60
K 0 28 60
A D 4 16
J R 6 1897 28 2 3457 576 0
K 0 0 49
A D 2 16
J N 6 1926 21 3 4321 288 0
K 0 0 43
K 0 0 54
A D 2 16
J N 7 1955 0 4 5185 288 1 1
K 0 0 43
K 0 0 60
K 0 21 60
A D 4 16
J B 10 1997 1 82 6913 576 0
J N 6 2018 0 2 1 0 2 2 1
K 0 0 43
A D 2 16
H 1 T 0 0 0 0 0 0 5 0
J N 6 2047 21 2 865 288 1 2
K 0 0 43
A D 2 16
H 2 B 1 0 108 2 2 3
J N 7 2076 0 4 1729 288 1 3
K 0 0 43
K 0 0 60
K 0 21 60
A D 4 16
J N 6 2114 0 2 3457 576 2 4 3
K 0 0 43
A D 2 16
H 3 T 0 0 0 0 0 0 5 0
J N 6 2143 21 2 4321 288 1 4
K 0 0 43
A D 2 16
H 4 B 1 0 108 2 2 3
J N 7 2172 0 4 5185 288 0
K 0 0 43
K 0 0 60
K 0 21 60
A D 4 16
J B 11 2214 1 82 6913 576 0
J R 6 2235 28 2 1 0 0
K 0 0 49
A D 2 16
J N 6 2264 49 3 865 288 0
K 0 0 43
K 0 0 53
A D 2 16
J N 8 2301 28 4 1729 288 0
K 0 0 42
K 0 0 60
K 0 21 60
A D 8 16
J N 6 2354 21 3 5185 1152 1 5
K 0 0 43
K 25 0 44
A D 3 16
J N 5 2392 14 2 6481 432 1 5
K 0 0 43
A D 1 16
H 5 B 1 0 108 2 2 53
J B 12 2425 1 82 6913 144 0
J N 7 2446 35 4 1 0 0
K 0 0 43
K 0 0 59
K 0 -21 59
A D 4 16
J N 7 2484 42 4 1729 576 0
K 0 0 43
K 0 0 59
K 0 -21 59
A D 4 16
J N 6 2522 49 2 3457 576 1 6
K 0 0 43
A D 2 16
J N 6 2551 21 2 4321 288 1 6
K 0 0 43
A D 2 16
H 6 B 0 0 108 2 2 3
J N 7 2580 0 4 5185 288 1 7
K 0 0 43
K 0 0 60
K 0 21 60
A D 4 16
J B 13 2622 1 82 6913 576 0
J N 6 2643 0 2 1 0 2 8 7
K 0 0 43
A D 2 16
H 7 T 0 0 0 0 0 0 5 0
J N 6 2672 21 2 865 288 1 8
K 0 0 43
A D 2 16
H 8 B 1 0 108 2 2 3
J N 7 2701 0 4 1729 288 1 9
K 0 0 43
K 0 0 60
K 0 21 60
A D 4 16
J N 6 2739 0 2 3457 576 2 10 9
K 0 0 43
A D 2 16
H 9 T 0 0 0 0 0 0 5 0
J N 6 2768 21 2 4321 288 1 10
K 0 0 43
A D 2 16
H 10 B 1 0 108 2 2 3
J N 7 2797 0 4 5185 288 0
K 0 0 43
K 0 0 60
K 0 21 60
A D 4 16
J B 14 2839 1 82 6913 576 0
J R 6 2860 28 2 1 0 0
K 0 0 49
A D 2 16
J N 6 2889 49 3 865 288 0
K 0 0 43
K 0 0 53
A D 2 16
J N 8 2926 28 4 1729 288 0
K 0 0 42
K 0 0 60
K 0 21 60
A D 8 16
J N 6 2979 21 3 5185 1152 1 11
K 0 0 43
K 25 0 44
A D 3 16
J N 5 3017 14 2 6481 432 1 11
K 0 0 43
A D 1 16
H 11 B 1 0 108 2 2 53
J B 15 3050 1 82 6913 144 0
J N 7 3071 35 4 1 0 0
K 0 0 43
K 0 0 59
K 0 -21 59
A D 4 16
J N 7 3109 42 4 1729 576 0
K 0 0 43
K 0 0 59
K 0 -21 59
A D 4 16
J N 8 3147 49 4 3457 576 0
K 0 0 42
K 0 0 59
K 0 -21 59
A D 8 16
J B 16 3226 10 6 6913 1152 0
K -22 21 44
K -22 35 44
K -12 0 84
K 0 0 84
K 11 21 44
K 11 35 44
J N 7 3263 49 4 1 0 0
K 0 0 43
K 0 0 59
K 0 -21 59
A D 4 16
J N 7 3301 35 4 1729 576 0
K 0 0 43
K 0 0 59
K 0 -21 59
A D 4 16
J N 7 3339 21 4 3457 576 0
K 0 0 43
K 0 0 60
K 0 21 60
A D 4 16
J N 7 3377 70 7 5185 576 0
K 1 0 45
K 0 0 43
K -1 0 45
K 2 0 45
K 0 0 59
K 0 -21 59
A D 4 16
J B 17 3419 1 82 6913 576 0
J R 6 3440 28 2 1 0 0
K 0 0 49
A D 2 16
J N 6 3469 21 3 865 288 0
K 0 0 43
K 0 0 54
A D 2 16
J N 7 3498 35 4 1729 288 0
K 0 0 43
K 0 0 59
K 0 -21 59
A D 4 16
J R 6 3536 28 2 3457 576 0
K 0 0 49
A D 2 16
J N 6 3565 35 3 4321 288 0
K 0 0 43
K 0 0 53
A D 2 16
J N 7 3602 14 4 5185 288 0
K 0 0 43
K 0 0 60
K 0 21 60
A D 4 16
J B 18 3644 1 82 6913 576 0
J R 6 3665 28 2 1 0 0
K 0 0 49
A D 2 16
J N 6 3694 14 3 865 288 0
K 0 0 43
K 0 0 54
A D 2 16
J N 7 3723 28 4 1729 288 0
K 0 0 43
K 0 0 60
K 0 21 60
A D 4 16
J R 6 3761 28 2 3457 576 0
K 0 0 49
A D 2 16
J N 6 3790 35 3 4321 288 0
K 0 0 43
K 0 0 53
A D 2 16
J N 7 3827 14 4 5185 288 0
K 0 0 43
K 0 0 60
K 0 21 60
A D 4 16
J B 19 3869 1 82 6913 576 0
J R 6 3890 28 2 1 0 0
K 0 0 49
A D 2 16
J N 6 3919 14 3 865 288 0
K 0 0 43
K 0 0 54
A D 2 16
J N 7 3948 28 4 1729 288 0
K 0 0 43
K 0 0 60
K 0 21 60
A D 4 16
J R 6 3986 28 2 3457 576 0
K 0 0 49
A D 2 16
J N 6 4015 14 3 4321 288 0
K 0 0 43
K 0 0 54
A D 2 16
J N 7 4044 -7 4 5185 288 0
K 0 0 43
K 0 0 60
K 0 21 60
A D 4 16
J B 20 4086 1 82 6913 576 0
J R 6 4107 28 2 1 0 0
K 0 0 49
A D 2 16
J N 6 4144 7 3 865 288 1 12
K -15 0 65
K 0 0 43
A D 2 16
J N 6 4173 14 2 1729 288 1 12
K 0 0 43
A D 2 16
J N 6 4202 21 2 2593 288 1 12
K 0 0 43
A D 2 16
H 12 B 1 0 108 3 2 1 3
J N 7 4231 21 4 3457 288 0
K 0 0 43
K 0 0 60
K 0 21 60
A D 4 16
J N 7 4271 28 5 5185 576 0
K -14 0 64
K 0 0 43
K 0 0 60
K 0 21 60
A D 4 16
J B 21 4313 1 82 6913 576 0
J N 6 4334 21 2 1 0 1 13
K 0 0 43
A D 2 16
J N 6 4363 -7 2 865 288 1 13
K 0 0 43
A D 2 16
H 13 B 1 0 108 2 2 3
J N 7 4392 14 4 1729 288 0
K 0 0 43
K 0 0 60
K 0 21 60
A D 4 16
J R 6 4430 28 2 3457 576 0
K 0 0 49
A D 2 16
J N 6 4459 -7 3 4321 288 0
K 0 0 43
K 0 0 54
A D 2 16
J N 7 4488 14 4 5185 288 0
K 0 0 43
K 0 0 60
K 0 21 60
A D 4 16
J B 22 4530 1 82 6913 576 0
J R 6 4551 28 2 1 0 0
K 0 0 49
A D 2 16
J N 6 4580 -14 6 865 288 0
K 0 0 45
K 0 0 43
K -1 0 45
K 2 0 45
K 0 0 54
A D 2 16
J N 7 4609 7 4 1729 288 0
K 0 0 43
K 0 0 60
K 0 21 60
A D 4 16
J R 6 4647 28 2 3457 576 0
K 0 0 49
A D 2 16
J N 6 4676 -14 6 4321 288 0
K 0 0 45
K 0 0 43
K -1 0 45
K 2 0 45
K 0 0 54
A D 2 16
J N 7 4705 7 4 5185 288 0
K 0 0 43
K 0 0 60
K 0 21 60
A D 4 16
J B 23 4747 1 82 6913 576 0
J R 6 4768 28 2 1 0 0
K 0 0 49
A D 2 16
J N 6 4797 0 3 865 288 0
K 0 0 43
K 0 0 54
A D 2 16
J N 6 4826 7 2 1729 288 2 14 15
K 0 0 43
A D 2 16
J N 6 4855 35 2 2593 288 2 15 14
K 0 0 43
A D 2 16
H 15 B 1 0 108 2 2 3
H 14 S 0 0 0 0 0 0 0 0 0
J R 6 4884 28 2 3457 288 0
K 0 0 49
A D 2 16
J N 6 4913 14 3 4321 288 0
K 0 0 43
K 0 0 54
A D 2 16
J N 6 4942 21 2 5185 288 2 16 17
K 0 0 43
A D 2 16
J N 6 4971 49 2 6049 288 2 17 16
K 0 0 43
A D 2 16
H 17 B 1 0 108 2 2 3
H 16 S 0 0 0 0 0 0 0 0 0
J B 24 5004 1 82 6913 288 0
J R 6 5025 28 2 1 0 0
K 0 0 49
A D 2 16
J N 6 5054 28 3 865 288 0
K 0 0 43
K 0 0 54
A D 2 16
J N 6 5083 35 2 1729 288 2 18 19
K 0 0 43
A D 2 16
J N 6 5112 63 2 2593 288 2 19 18
K 0 0 43
A D 2 16
H 19 B 0 0 108 2 2 3
H 18 S 12 0 0 0 0 0 0 0 0
J N 7 5141 42 4 3457 288 0
K 0 0 43
K 0 0 59
K 0 -21 59
A D 4 16
J N 6 5179 49 3 5185 576 2 20 21
K 0 0 43
K 25 0 44
A D 3 16
J N 5 5217 56 2 6481 432 2 21 20
K 0 0 43
A D 1 16
H 21 B 0 0 108 2 2 53
H 20 S 12 0 0 0 0 0 0 0 0
J B 25 5250 1 82 6913 144 0
J N 7 5271 49 4 1 0 0
K 0 0 43
K 0 0 59
K 0 -21 59
A D 4 16
J N 7 5309 56 4 1729 576 0
K 0 0 43
K 0 0 59
K 0 -21 59
A D 4 16
J N 7 5347 63 4 3457 576 0
K 0 0 43
K 0 0 59
K 0 -21 59
A D 4 16
J R 6 5385 28 2 5185 576 0
K 0 0 49
A D 2 16
J N 6 5414 28 3 6049 288 0
K 0 0 43
K 0 0 54
A D 2 16
J B 26 5447 1 82 6913 288 0
J N 6 5474 70 6 1 0 1 22
K 1 0 45
K -18 0 63
K 0 0 43
K -1 0 45
K 2 0 45
A D 2 16
J N 6 5503 84 6 865 288 1 22
K 1 -14 45
K 1 0 45
K 0 0 43
K -1 0 45
K 2 0 45
A D 2 16
H 22 B 0 0 108 2 2 3
J N 8 5532 63 4 1729 288 0
K 0 0 42
K 0 0 59
K 0 -21 59
A D 8 16
J N 7 5585 70 8 5185 1152 0
K 1 0 45
K -18 0 63
K 0 0 43
K -1 0 45
K 2 0 45
K 0 0 59
K 0 -21 59
A D 4 16
J B 27 5627 1 82 6913 576 0
J N 8 5648 63 4 1 0 0
K 0 0 42
K 0 0 59
K 0 -21 59
A D 8 16
J N 7 5701 49 4 3457 1152 0
K 0 0 43
K 0 0 59
K 0 -21 59
A D 4 16
J N 7 5739 14 4 5185 576 0
K 0 0 43
K 0 0 60
K 0 21 60
A D 4 16
J B 28 5781 1 82 6913 576 0
J N 7 5802 21 4 1 0 0
K 0 0 43
K 0 0 60
K 0 21 60
A D 4 16
J N 7 5840 49 4 1729 576 0
K 0 0 43
K 0 0 59
K 0 -21 59
A D 4 16
J R 6 5878 28 2 3457 576 0
K 0 0 49
A D 2 16
J N 6 5907 -21 7 4321 288 0
K 0 7 45
K 0 0 43
K 0 7 45
K 1 7 45
K 0 0 60
K 0 0 54
A D 2 16
J N 7 5939 7 5 5185 288 0
K -14 0 64
K 0 0 43
K 0 0 60
K 0 21 60
A D 4 16
J B 29 5981 1 82 6913 576 0
J R 6 6002 28 2 1 0 0
K 0 0 49
A D 2 16
J N 6 6031 21 3 865 288 0
K 0 0 43
K 0 0 54
A D 2 16
J N 7 6060 0 4 1729 288 0
K 0 0 43
K 0 0 60
K 0 21 60
A D 4 16
J R 6 6098 28 2 3457 576 0
K 0 0 49
A D 2 16
J N 6 6127 0 3 4321 288 0
K 0 0 43
K 0 0 54
A D 2 16
J N 7 6156 -21 7 5185 288 0
K 0 7 45
K 0 0 43
K 0 7 45
K 1 7 45
K 0 0 60
K 0 21 60
A D 4 16
J B 30 6198 1 82 6913 576 0
J R 6 6219 28 2 1 0 0
K 0 0 49
A D 2 16
J N 6 6248 -21 7 865 288 0
K 0 7 45
K 0 0 43
K 0 7 45
K 1 7 45
K 0 0 60
K 0 0 54
A D 2 16
J N 7 6277 -7 4 1729 288 0
K 0 0 43
K 0 0 60
K 0 21 60
A D 4 16
J R 6 6315 28 2 3457 576 0
K 0 0 49
A D 2 16
J N 6 6344 -7 3 4321 288 0
K 0 0 43
K 0 0 54
A D 2 16
J N 7 6373 -28 8 5185 288 0
K 0 14 45
K 0 0 45
K 0 0 43
K -1 0 45
K 2 0 45
K 0 0 60
K 0 28 60
A D 4 16
J B 31 6415 1 82 6913 576 0
J R 6 6436 28 2 1 0 0
K 0 0 49
A D 2 16
J N 6 6465 0 3 865 288 0
K 0 0 43
K 0 0 54
A D 2 16
J N 7 6494 -21 7 1729 288 1 23
K 0 7 45
K 0 0 43
K 0 7 45
K 1 7 45
K 0 0 60
K 0 21 60
A D 4 16
J N 6 6532 -21 5 3457 576 2 24 23
K 0 7 45
K 0 0 43
K 0 7 45
K 1 7 45
A D 2 16
H 23 T -21 0 0 0 0 0 1 0
J N 6 6561 0 2 4321 288 1 24
K 0 0 43
A D 2 16
H 24 B 1 0 108 2 2 3
J N 7 6590 -21 7 5185 288 1 25
K 0 7 45
K 0 0 43
K 0 7 45
K 1 7 45
K 0 0 60
K 0 21 60
A D 4 16
J B 32 6632 1 82 6913 576 0
J N 6 6653 -21 5 1 0 2 26 25
K 0 7 45
K 0 0 43
K 0 7 45
K 1 7 45
A D 2 16
H 25 T -21 0 0 0 0 0 1 0
J N 6 6682 0 2 865 288 1 26
K 0 0 43
A D 2 16
H 26 B 1 0 108 2 2 3
J N 7 6711 -21 7 1729 288 0
K 0 7 45
K 0 0 43
K 0 7 45
K 1 7 45
K 0 0 60
K 0 21 60
A D 4 16
J R 6 6749 28 2 3457 576 0
K 0 0 49
A D 2 16
J N 6 6778 28 3 4321 288 0
K 0 0 43
K 0 0 54
A D 2 16
J N 7 6807 7 5 5185 288 1 27
K -15 0 65
K 0 0 43
K 0 0 60
K 0 21 60
A D 4 16
J B 33 6849 1 82 6913 576 0
J N 7 6873 7 5 1 0 1 27
k -15 0 65
K 0 0 43
K 0 0 60
K 0 21 60
A D 4 16
H 27 T 7 0 0 0 0 0 1 0
J N 6 6911 0 3 1729 576 1 28
K 0 0 43
K 24 -6 44
A D 3 16
J N 5 6948 -7 2 3025 432 1 28
K 0 0 43
A D 1 16
H 28 B 1 0 108 2 2 53
J N 7 6977 14 4 3457 144 0
K 0 0 43
K 0 0 60
K 0 21 60
A D 4 16
J N 7 7015 21 4 5185 576 0
K 0 0 43
K 0 0 60
K 0 21 60
A D 4 16
J B 34 7057 1 82 6913 576 0
J N 6 7078 28 2 1 0 1 29
K 0 0 43
A D 2 16
J N 6 7107 0 2 865 288 1 29
K 0 0 43
A D 2 16
H 29 B 1 0 108 2 2 3
J N 7 7136 -21 7 1729 288 1 30
K 0 7 45
K 0 0 43
K 0 7 45
K 1 7 45
K 0 0 60
K 0 21 60
A D 4 16
J N 6 7174 -21 5 3457 576 2 31 30
K 0 7 45
K 0 0 43
K 0 7 45
K 1 7 45
A D 2 16
H 30 T -21 0 0 0 0 0 1 0
J N 6 7203 0 2 4321 288 1 31
K 0 0 43
A D 2 16
H 31 B 1 0 108 2 2 3
J N 7 7232 -21 7 5185 288 1 32
K 0 7 45
K 0 0 43
K 0 7 45
K 1 7 45
K 0 0 60
K 0 21 60
A D 4 16
J B 35 7274 1 82 6913 576 0
J N 6 7295 -21 5 1 0 2 33 32
K 0 7 45
K 0 0 43
K 0 7 45
K 1 7 45
A D 2 16
H 32 T -21 0 0 0 0 0 1 0
J N 6 7324 0 2 865 288 1 33
K 0 0 43
A D 2 16
H 33 B 1 0 108 2 2 3
J N 7 7353 -21 7 1729 288 0
K 0 7 45
K 0 0 43
K 0 7 45
K 1 7 45
K 0 0 60
K 0 21 60
A D 4 16
J R 6 7391 28 2 3457 576 0
K 0 0 49
A D 2 16
J N 6 7420 28 3 4321 288 0
K 0 0 43
K 0 0 54
A D 2 16
J N 7 7449 7 5 5185 288 1 34
K -15 0 65
K 0 0 43
K 0 0 60
K 0 21 60
A D 4 16
J B 36 7491 1 82 6913 576 0
J N 7 7515 7 5 1 0 1 34
k -15 0 65
K 0 0 43
K 0 0 60
K 0 21 60
A D 4 16
H 34 T 7 0 0 0 0 0 1 0
J N 6 7553 0 3 1729 576 1 35
K 0 0 43
K 24 -6 44
A D 3 16
J N 5 7590 -7 2 3025 432 1 35
K 0 0 43
A D 1 16
H 35 B 1 0 108 2 2 53
J N 7 7619 14 4 3457 144 0
K 0 0 43
K 0 0 60
K 0 21 60
A D 4 16
J N 7 7657 21 4 5185 576 0
K 0 0 43
K 0 0 60
K 0 21 60
A D 4 16
J B 37 7699 1 82 6913 576 0
J N 7 7720 28 4 1 0 0
K 0 0 43
K 0 0 60
K 0 21 60
A D 4 16
J R 6 7758 28 2 1729 576 0
K 0 0 49
A D 2 16
J N 6 7787 42 3 2593 288 0
K 0 0 43
K 0 0 53
A D 2 16
J N 7 7820 84 8 3457 288 0
K 1 -14 45
K 1 0 45
K 0 0 43
K -1 0 45
K 2 0 45
K 0 0 59
K 0 -28 59
A D 4 16
J N 7 7858 77 7 5185 576 1 36
K 1 -7 45
K 0 0 43
K 0 -7 45
K 1 -7 45
K 0 0 59
K 0 -21 59
A D 4 16
J B 38 7900 1 82 6913 576 0
J N 7 7921 77 7 1 0 1 36
K 1 -7 45
K 0 0 43
K 0 -7 45
K 1 -7 45
K 0 0 59
K 0 -21 59
A D 4 16
H 36 T 77 0 0 0 0 0 9 0
J N 7 7959 84 8 1729 576 0
K 1 -14 45
K 1 0 45
K 0 0 43
K -1 0 45
K 2 0 45
K 0 0 59
K 0 -28 59
A D 4 16
J N 8 7997 77 7 3457 576 0
K 1 -7 45
K 0 0 42
K 0 -7 45
K 1 -7 45
K 0 0 59
K 0 -21 59
A D 8 16
J B 0 8077 6 4 6913 1152 0
K -23 21 44
K -23 35 44
K -13 0 82
K -6 0 84
J M 0 8077 0 0 10000 0 0
