@ SOURCE: not identified 
L 0 0 14 !39Violoncello concertino
J D 4 500 -120 1 6913 0 0
W 0 0 44 II. Allemanda
J D 1 75 -37 1 6913 0 0
W 0 -56 44 II. Allemanda:  Violoncello concertino
J C 22 5 14 36 6913 0 0
J K -1 57 0 1 6913 0 0
K 0 42 65
J D 5 86 -42 1 6913 0 0
W 0 0 37 Allegro
J T 101 86 42 1 6913 0 0
K 0 0 37
J N 7 134 -7 4 1 0 0
K 0 0 43
K 0 0 60
K 0 21 60
A D 4 16
J R 7 187 28 2 1729 576 0
K 0 0 48
A D 4 16
J N 7 240 14 4 3457 576 0
K 0 0 43
K 0 0 60
K 0 21 60
A D 4 16
J R 7 293 28 2 5185 576 0
K 0 0 48
A D 4 16
J B 2 350 1 82 6913 576 0
J N 5 371 -7 2 1 0 1 1
K 0 0 43
A D 1 16
J N 5 400 0 2 433 144 1 1
K 0 0 43
A D 1 16
J N 5 429 -7 2 865 144 1 1
K 0 0 43
A D 1 16
J N 5 458 -14 5 1297 144 1 1
K 0 0 45
K 0 0 43
K -1 0 45
K 2 0 45
A D 1 16
H 1 B 1 0 108 4 22 11 11 33
J N 5 487 -7 2 1729 144 1 2
K 0 0 43
A D 1 16
J N 5 516 -21 5 2161 144 1 2
K 0 7 45
K 0 0 43
K 0 7 45
K 1 7 45
A D 1 16
J N 5 545 -14 5 2593 144 1 2
K 0 0 45
K 0 0 43
K -1 0 45
K 2 0 45
A D 1 16
J N 5 574 -7 2 3025 144 1 2
K 0 0 43
A D 1 16
H 2 B 1 0 108 4 22 11 11 33
J F 0 603 98 1 3457 144 0
K 0 0 205
J N 5 603 0 2 3457 0 1 3
K 0 0 43
A D 1 16
J N 5 632 7 2 3889 144 1 3
K 0 0 43
A D 1 16
J N 5 661 0 2 4321 144 1 3
K 0 0 43
A D 1 16
J N 5 690 -7 2 4753 144 1 3
K 0 0 43
A D 1 16
H 3 B 1 0 108 4 22 11 11 33
J N 5 719 0 2 5185 144 1 4
K 0 0 43
A D 1 16
J N 5 748 -14 5 5617 144 1 4
K 0 0 45
K 0 0 43
K -1 0 45
K 2 0 45
A D 1 16
J N 5 777 -7 2 6049 144 1 4
K 0 0 43
A D 1 16
J N 5 806 0 2 6481 144 1 4
K 0 0 43
A D 1 16
H 4 B 1 0 108 4 22 11 11 33
J B 3 839 1 82 6913 144 0
J N 5 860 7 2 1 0 1 5
K 0 0 43
A D 1 16
J N 5 889 14 2 433 144 1 5
K 0 0 43
A D 1 16
J N 5 918 7 2 865 144 1 5
K 0 0 43
A D 1 16
J N 5 947 0 2 1297 144 1 5
K 0 0 43
A D 1 16
H 5 B 1 0 108 4 22 11 11 33
J N 5 976 7 2 1729 144 1 6
K 0 0 43
A D 1 16
J N 5 1005 -7 2 2161 144 1 6
K 0 0 43
A D 1 16
J N 5 1034 0 2 2593 144 1 6
K 0 0 43
A D 1 16
J N 5 1063 7 2 3025 144 1 6
K 0 0 43
A D 1 16
H 6 B 1 0 108 4 22 11 11 33
J N 5 1092 14 2 3457 144 1 7
K 0 0 43
A D 1 16
J N 5 1121 21 2 3889 144 1 7
K 0 0 43
A D 1 16
J N 5 1150 14 2 4321 144 1 7
K 0 0 43
A D 1 16
J N 5 1179 7 2 4753 144 1 7
K 0 0 43
A D 1 16
H 7 B 1 0 108 4 22 11 11 33
J N 5 1208 14 2 5185 144 1 8
K 0 0 43
A D 1 16
J N 5 1237 7 2 5617 144 1 8
K 0 0 43
A D 1 16
J N 5 1266 14 2 6049 144 1 8
K 0 0 43
A D 1 16
J N 5 1307 21 3 6481 144 1 8
K -15 0 65
K 0 0 43
A D 1 16
H 8 B 1 0 108 4 22 11 11 33
J B 4 1340 1 82 6913 144 0
J F 0 1361 98 1 1 0 0
K 0 0 205
J N 5 1361 28 2 1 0 1 9
K 0 0 43
A D 1 16
J N 5 1390 -7 2 433 144 1 9
K 0 0 43
A D 1 16
J N 5 1419 0 2 865 144 1 9
K 0 0 43
A D 1 16
J N 5 1448 -7 2 1297 144 1 9
K 0 0 43
A D 1 16
H 9 B 1 0 108 4 22 11 11 33
J F 0 1477 98 1 1729 144 0
K 0 0 205
J N 5 1477 28 2 1729 0 1 10
K 0 0 43
A D 1 16
J N 5 1506 -7 2 2161 144 1 10
K 0 0 43
A D 1 16
J N 5 1535 0 2 2593 144 1 10
K 0 0 43
A D 1 16
J N 5 1564 -7 2 3025 144 1 10
K 0 0 43
A D 1 16
H 10 B 1 0 108 4 22 11 11 33
J N 5 1597 21 3 3457 144 1 11
K -15 0 65
K 0 0 43
A D 1 16
J N 5 1626 14 2 3889 144 1 11
K 0 0 43
A D 1 16
J N 5 1655 7 2 4321 144 1 11
K 0 0 43
A D 1 16
J N 5 1684 14 2 4753 144 1 11
K 0 0 43
A D 1 16
H 11 B 1 0 108 4 22 11 11 33
J N 5 1713 21 2 5185 144 1 12
K 0 0 43
A D 1 16
J N 5 1742 14 2 5617 144 1 12
K 0 0 43
A D 1 16
J N 5 1771 7 2 6049 144 1 12
K 0 0 43
A D 1 16
J N 5 1800 14 2 6481 144 1 12
K 0 0 43
A D 1 16
H 12 B 1 0 108 4 22 11 11 33
J B 5 1833 1 82 6913 144 0
J F 0 1858 98 1 1 0 0
K 0 0 205
J N 5 1858 21 3 1 0 1 13
K -14 0 64
K 0 0 43
A D 1 16
J N 5 1887 -14 5 433 144 1 13
K 0 0 45
K 0 0 43
K -1 0 45
K 2 0 45
A D 1 16
J N 5 1927 -7 3 865 144 1 13
K -14 0 64
K 0 0 43
A D 1 16
J N 5 1956 -14 5 1297 144 1 13
K 0 0 45
K 0 0 43
K -1 0 45
K 2 0 45
A D 1 16
H 13 B 1 0 108 4 22 11 11 33
J F 0 1985 98 1 1729 144 0
K 0 0 205
J N 5 1985 21 2 1729 0 1 14
K 0 0 43
A D 1 16
J N 5 2014 -14 5 2161 144 1 14
K 0 0 45
K 0 0 43
K -1 0 45
K 2 0 45
A D 1 16
J N 5 2043 -7 2 2593 144 1 14
K 0 0 43
A D 1 16
J N 5 2072 -14 5 3025 144 1 14
K 0 0 45
K 0 0 43
K -1 0 45
K 2 0 45
A D 1 16
H 14 B 1 0 108 4 22 11 11 33
J N 5 2101 14 2 3457 144 1 15
K 0 0 43
A D 1 16
J N 5 2130 21 2 3889 144 1 15
K 0 0 43
A D 1 16
J N 5 2159 14 2 4321 144 1 15
K 0 0 43
A D 1 16
J N 5 2188 7 2 4753 144 1 15
K 0 0 43
A D 1 16
H 15 B 1 0 108 4 22 11 11 33
J N 5 2217 14 2 5185 144 1 16
K 0 0 43
A D 1 16
J N 5 2246 7 2 5617 144 1 16
K 0 0 43
A D 1 16
J N 5 2275 14 2 6049 144 1 16
K 0 0 43
A D 1 16
J N 5 2316 21 3 6481 144 1 16
K -15 0 65
K 0 0 43
A D 1 16
H 16 B 1 0 108 4 22 11 11 33
J B 6 2349 1 82 6913 144 0
J F 0 2370 98 1 1 0 0
K 0 0 205
J N 5 2370 28 2 1 0 1 17
K 0 0 43
A D 1 16
J N 5 2399 -7 2 433 144 1 17
K 0 0 43
A D 1 16
J N 5 2428 0 2 865 144 1 17
K 0 0 43
A D 1 16
J N 5 2457 -7 2 1297 144 1 17
K 0 0 43
A D 1 16
H 17 B 1 0 108 4 22 11 11 33
J F 0 2486 98 1 1729 144 0
K 0 0 205
J N 5 2486 28 2 1729 0 1 18
K 0 0 43
A D 1 16
J N 5 2515 -7 2 2161 144 1 18
K 0 0 43
A D 1 16
J N 5 2544 0 2 2593 144 1 18
K 0 0 43
A D 1 16
J N 5 2573 -7 2 3025 144 1 18
K 0 0 43
A D 1 16
H 18 B 1 0 108 4 22 11 11 33
J N 5 2606 21 3 3457 144 1 19
K -15 0 65
K 0 0 43
A D 1 16
J N 5 2635 28 2 3889 144 1 19
K 0 0 43
A D 1 16
J N 5 2664 21 2 4321 144 1 19
K 0 0 43
A D 1 16
J N 5 2693 14 2 4753 144 1 19
K 0 0 43
A D 1 16
H 19 B 1 0 108 4 22 11 11 33
J N 5 2722 7 2 5185 144 1 20
K 0 0 43
A D 1 16
J N 5 2751 14 2 5617 144 1 20
K 0 0 43
A D 1 16
J N 5 2780 7 2 6049 144 1 20
K 0 0 43
A D 1 16
J N 5 2809 21 2 6481 144 1 20
K 0 0 43
A D 1 16
H 20 B 1 0 108 4 22 11 11 33
J B 7 2842 1 82 6913 144 0
J N 5 2863 14 2 1 0 1 21
K 0 0 43
A D 1 16
J N 5 2892 21 2 433 144 1 21
K 0 0 43
A D 1 16
J N 5 2921 14 2 865 144 1 21
K 0 0 43
A D 1 16
J N 5 2950 7 2 1297 144 1 21
K 0 0 43
A D 1 16
H 21 B 1 0 108 4 22 11 11 33
J N 5 2979 0 2 1729 144 1 22
K 0 0 43
A D 1 16
J N 5 3008 7 2 2161 144 1 22
K 0 0 43
A D 1 16
J N 5 3037 0 2 2593 144 1 22
K 0 0 43
A D 1 16
J N 5 3066 14 2 3025 144 1 22
K 0 0 43
A D 1 16
H 22 B 1 0 108 4 22 11 11 33
J N 5 3095 -7 2 3457 144 1 23
K 0 0 43
A D 1 16
J N 5 3124 0 2 3889 144 1 23
K 0 0 43
A D 1 16
J N 5 3153 -7 2 4321 144 1 23
K 0 0 43
A D 1 16
J N 5 3182 -14 5 4753 144 1 23
K 0 0 45
K 0 0 43
K -1 0 45
K 2 0 45
A D 1 16
H 23 B 1 0 108 4 22 11 11 33
J N 5 3211 -21 5 5185 144 1 24
K 0 7 45
K 0 0 43
K 0 7 45
K 1 7 45
A D 1 16
J N 5 3240 -14 5 5617 144 1 24
K 0 0 45
K 0 0 43
K -1 0 45
K 2 0 45
A D 1 16
J N 5 3269 -21 5 6049 144 1 24
K 0 7 45
K 0 0 43
K 0 7 45
K 1 7 45
A D 1 16
J N 5 3298 -7 2 6481 144 1 24
K 0 0 43
A D 1 16
H 24 B 1 0 108 4 22 11 11 33
J B 8 3331 1 82 6913 144 0
J N 5 3352 0 2 1 0 1 25
K 0 0 43
A D 1 16
J N 5 3381 7 2 433 144 1 25
K 0 0 43
A D 1 16
J N 5 3410 0 2 865 144 1 25
K 0 0 43
A D 1 16
J N 5 3439 -7 2 1297 144 1 25
K 0 0 43
A D 1 16
H 25 B 1 0 108 4 22 11 11 33
J N 5 3468 -14 5 1729 144 1 26
K 0 0 45
K 0 0 43
K -1 0 45
K 2 0 45
A D 1 16
J N 5 3497 -7 2 2161 144 1 26
K 0 0 43
A D 1 16
J N 5 3526 -14 5 2593 144 1 26
K 0 0 45
K 0 0 43
K -1 0 45
K 2 0 45
A D 1 16
J N 5 3555 0 2 3025 144 1 26
K 0 0 43
A D 1 16
H 26 B 1 0 108 4 22 11 11 33
J N 5 3584 -7 2 3457 144 1 27
K 0 0 43
A D 1 16
J N 5 3613 0 2 3889 144 1 27
K 0 0 43
A D 1 16
J N 5 3642 -7 2 4321 144 1 27
K 0 0 43
A D 1 16
J N 5 3671 -14 5 4753 144 1 27
K 0 0 45
K 0 0 43
K -1 0 45
K 2 0 45
A D 1 16
H 27 B 1 0 108 4 22 11 11 33
J N 5 3700 -21 5 5185 144 1 28
K 0 7 45
K 0 0 43
K 0 7 45
K 1 7 45
A D 1 16
J N 5 3729 -14 5 5617 144 1 28
K 0 0 45
K 0 0 43
K -1 0 45
K 2 0 45
A D 1 16
J N 5 3758 -21 5 6049 144 1 28
K 0 7 45
K 0 0 43
K 0 7 45
K 1 7 45
A D 1 16
J N 5 3787 -7 2 6481 144 1 28
K 0 0 43
A D 1 16
H 28 B 1 0 108 4 22 11 11 33
J B 9 3820 1 82 6913 144 0
J N 5 3841 -14 5 1 0 1 29
K 0 0 45
K 0 0 43
K -1 0 45
K 2 0 45
A D 1 16
J N 5 3870 -7 2 433 144 1 29
K 0 0 43
A D 1 16
J N 5 3899 -14 5 865 144 1 29
K 0 0 45
K 0 0 43
K -1 0 45
K 2 0 45
A D 1 16
J N 5 3928 -21 5 1297 144 1 29
K 0 7 45
K 0 0 43
K 0 7 45
K 1 7 45
A D 1 16
H 29 B 1 0 108 4 22 11 11 33
J N 5 3957 -28 6 1729 144 1 30
K 0 14 45
K 0 0 45
K 0 0 43
K -1 0 45
K 2 0 45
A D 1 16
J N 5 3986 -21 5 2161 144 1 30
K 0 7 45
K 0 0 43
K 0 7 45
K 1 7 45
A D 1 16
J N 5 4015 -28 6 2593 144 1 30
K 0 14 45
K 0 0 45
K 0 0 43
K -1 0 45
K 2 0 45
A D 1 16
J N 5 4044 -14 5 3025 144 1 30
K 0 0 45
K 0 0 43
K -1 0 45
K 2 0 45
A D 1 16
H 30 B 1 0 108 4 22 11 11 33
J N 5 4073 -35 6 3457 144 1 31
K 0 21 45
K 0 7 45
K 0 0 43
K 0 7 45
K 1 7 45
A D 1 16
J N 5 4102 -42 7 3889 144 1 31
K 0 28 45
K 0 14 45
K 0 0 45
K 0 0 43
K -1 0 45
K 2 0 45
A D 1 16
J N 5 4131 -35 6 4321 144 1 31
K 0 21 45
K 0 7 45
K 0 0 43
K 0 7 45
K 1 7 45
A D 1 16
J N 5 4160 -42 7 4753 144 1 31
K 0 28 45
K 0 14 45
K 0 0 45
K 0 0 43
K -1 0 45
K 2 0 45
A D 1 16
H 31 B 1 0 108 4 22 11 11 33
J N 5 4189 -28 6 5185 144 1 32
K 0 14 45
K 0 0 45
K 0 0 43
K -1 0 45
K 2 0 45
A D 1 16
J N 5 4218 -35 6 5617 144 1 32
K 0 21 45
K 0 7 45
K 0 0 43
K 0 7 45
K 1 7 45
A D 1 16
J N 5 4247 -28 6 6049 144 1 32
K 0 14 45
K 0 0 45
K 0 0 43
K -1 0 45
K 2 0 45
A D 1 16
J N 5 4276 -35 6 6481 144 1 32
K 0 21 45
K 0 7 45
K 0 0 43
K 0 7 45
K 1 7 45
A D 1 16
H 32 B 1 0 108 4 22 11 11 33
J B 10 4309 1 82 6913 144 0
J N 5 4330 -21 5 1 0 1 33
K 0 7 45
K 0 0 43
K 0 7 45
K 1 7 45
A D 1 16
J N 5 4359 -28 6 433 144 1 33
K 0 14 45
K 0 0 45
K 0 0 43
K -1 0 45
K 2 0 45
A D 1 16
J N 5 4388 -21 5 865 144 1 33
K 0 7 45
K 0 0 43
K 0 7 45
K 1 7 45
A D 1 16
J N 5 4417 -28 6 1297 144 1 33
K 0 14 45
K 0 0 45
K 0 0 43
K -1 0 45
K 2 0 45
A D 1 16
H 33 B 1 0 108 4 22 11 11 33
J N 5 4446 -14 5 1729 144 1 34
K 0 0 45
K 0 0 43
K -1 0 45
K 2 0 45
A D 1 16
J N 5 4475 -21 5 2161 144 1 34
K 0 7 45
K 0 0 43
K 0 7 45
K 1 7 45
A D 1 16
J N 5 4504 -14 5 2593 144 1 34
K 0 0 45
K 0 0 43
K -1 0 45
K 2 0 45
A D 1 16
J N 5 4533 -21 5 3025 144 1 34
K 0 7 45
K 0 0 43
K 0 7 45
K 1 7 45
A D 1 16
H 34 B 1 0 108 4 22 11 11 33
J N 5 4562 -7 2 3457 144 1 35
K 0 0 43
A D 1 16
J N 5 4591 -14 5 3889 144 1 35
K 0 0 45
K 0 0 43
K -1 0 45
K 2 0 45
A D 1 16
J N 5 4620 -7 2 4321 144 1 35
K 0 0 43
A D 1 16
J N 5 4649 -14 5 4753 144 1 35
K 0 0 45
K 0 0 43
K -1 0 45
K 2 0 45
A D 1 16
H 35 B 1 0 108 4 22 11 11 33
J N 5 4678 0 2 5185 144 1 36
K 0 0 43
A D 1 16
J N 5 4707 -7 2 5617 144 1 36
K 0 0 43
A D 1 16
J N 5 4736 -14 5 6049 144 1 36
K 0 0 45
K 0 0 43
K -1 0 45
K 2 0 45
A D 1 16
J N 5 4765 0 2 6481 144 1 36
K 0 0 43
A D 1 16
H 36 B 1 0 108 4 22 11 11 33
J B 11 4798 1 82 6913 144 0
J N 5 4819 -7 2 1 0 1 37
K 0 0 43
A D 1 16
J N 5 4848 0 2 433 144 1 37
K 0 0 43
A D 1 16
J N 5 4877 -7 2 865 144 1 37
K 0 0 43
A D 1 16
J N 5 4906 -14 5 1297 144 1 37
K 0 0 45
K 0 0 43
K -1 0 45
K 2 0 45
A D 1 16
H 37 B 1 0 108 4 22 11 11 33
J N 5 4935 -21 5 1729 144 1 38
K 0 7 45
K 0 0 43
K 0 7 45
K 1 7 45
A D 1 16
J N 5 4964 -14 5 2161 144 1 38
K 0 0 45
K 0 0 43
K -1 0 45
K 2 0 45
A D 1 16
J N 5 4993 -21 5 2593 144 1 38
K 0 7 45
K 0 0 43
K 0 7 45
K 1 7 45
A D 1 16
J N 5 5022 -7 2 3025 144 1 38
K 0 0 43
A D 1 16
H 38 B 1 0 108 4 22 11 11 33
J F 0 5051 98 1 3457 144 0
K 0 0 206
J N 5 5051 -14 5 3457 0 1 39
K 0 0 45
K 0 0 43
K -1 0 45
K 2 0 45
A D 1 16
J N 5 5080 -21 5 3889 144 1 39
K 0 7 45
K 0 0 43
K 0 7 45
K 1 7 45
A D 1 16
J N 5 5109 -14 5 4321 144 1 39
K 0 0 45
K 0 0 43
K -1 0 45
K 2 0 45
A D 1 16
J N 5 5138 -7 2 4753 144 1 39
K 0 0 43
A D 1 16
H 39 B 1 0 108 4 22 11 11 33
J F 0 5167 98 1 5185 144 0
K 0 0 205
J N 5 5167 0 2 5185 0 1 40
K 0 0 43
A D 1 16
J N 5 5196 7 2 5617 144 1 40
K 0 0 43
A D 1 16
J N 5 5225 0 2 6049 144 1 40
K 0 0 43
A D 1 16
J N 5 5254 14 2 6481 144 1 40
K 0 0 43
A D 1 16
H 40 B 1 0 108 4 22 11 11 33
J B 12 5287 1 82 6913 144 0
J F 0 5308 98 2 1 0 0
K 0 0 206
K 0 21 204
J N 5 5308 -7 2 1 0 1 41
K 0 0 43
A D 1 16
J N 5 5337 0 2 433 144 1 41
K 0 0 43
A D 1 16
J N 5 5366 -7 2 865 144 1 41
K 0 0 43
A D 1 16
J N 5 5395 7 2 1297 144 1 41
K 0 0 43
A D 1 16
H 41 B 1 0 108 4 22 11 11 33
J F 0 5424 98 2 1729 144 0
K 0 0 204
K 0 21 202
J N 6 5424 -14 5 1729 0 1 42
K 0 0 45
K 0 0 43
K -1 0 45
K 2 0 45
A D 2 16
J N 6 5462 35 2 2593 288 1 42
K 0 0 43
A D 2 16
H 42 B 1 0 108 2 2 3
J N 5 5500 -35 6 3457 288 1 43
K 0 21 45
K 0 7 45
K 0 0 43
K 0 7 45
K 1 7 45
A D 1 16
J N 5 5529 -42 7 3889 144 1 43
K 0 28 45
K 0 14 45
K 0 0 45
K 0 0 43
K -1 0 45
K 2 0 45
A D 1 16
J N 5 5558 -35 6 4321 144 1 43
K 0 21 45
K 0 7 45
K 0 0 43
K 0 7 45
K 1 7 45
A D 1 16
J N 5 5587 -42 7 4753 144 1 43
K 0 28 45
K 0 14 45
K 0 0 45
K 0 0 43
K -1 0 45
K 2 0 45
A D 1 16
H 43 B 1 0 108 4 22 11 11 33
J N 5 5616 -28 6 5185 144 1 44
K 0 14 45
K 0 0 45
K 0 0 43
K -1 0 45
K 2 0 45
A D 1 16
J N 5 5645 -35 6 5617 144 1 44
K 0 21 45
K 0 7 45
K 0 0 43
K 0 7 45
K 1 7 45
A D 1 16
J N 5 5674 -28 6 6049 144 1 44
K 0 14 45
K 0 0 45
K 0 0 43
K -1 0 45
K 2 0 45
A D 1 16
J N 5 5703 -35 6 6481 144 1 44
K 0 21 45
K 0 7 45
K 0 0 43
K 0 7 45
K 1 7 45
A D 1 16
H 44 B 1 0 108 4 22 11 11 33
J B 13 5736 1 82 6913 144 0
J N 5 5757 -21 5 1 0 1 45
K 0 7 45
K 0 0 43
K 0 7 45
K 1 7 45
A D 1 16
J N 5 5786 -28 6 433 144 1 45
K 0 14 45
K 0 0 45
K 0 0 43
K -1 0 45
K 2 0 45
A D 1 16
J N 5 5815 -21 5 865 144 1 45
K 0 7 45
K 0 0 43
K 0 7 45
K 1 7 45
A D 1 16
J N 5 5844 -28 6 1297 144 1 45
K 0 14 45
K 0 0 45
K 0 0 43
K -1 0 45
K 2 0 45
A D 1 16
H 45 B 1 0 108 4 22 11 11 33
J N 5 5873 -14 5 1729 144 1 46
K 0 0 45
K 0 0 43
K -1 0 45
K 2 0 45
A D 1 16
J N 5 5902 -21 5 2161 144 1 46
K 0 7 45
K 0 0 43
K 0 7 45
K 1 7 45
A D 1 16
J N 5 5931 -14 5 2593 144 1 46
K 0 0 45
K 0 0 43
K -1 0 45
K 2 0 45
A D 1 16
J N 5 5960 -21 5 3025 144 1 46
K 0 7 45
K 0 0 43
K 0 7 45
K 1 7 45
A D 1 16
H 46 B 1 0 108 4 22 11 11 33
J N 5 5989 -7 2 3457 144 1 47
K 0 0 43
A D 1 16
J N 5 6018 -14 5 3889 144 1 47
K 0 0 45
K 0 0 43
K -1 0 45
K 2 0 45
A D 1 16
J N 5 6047 -7 2 4321 144 1 47
K 0 0 43
A D 1 16
J N 5 6076 -14 5 4753 144 1 47
K 0 0 45
K 0 0 43
K -1 0 45
K 2 0 45
A D 1 16
H 47 B 1 0 108 4 22 11 11 33
J N 5 6105 0 2 5185 144 1 48
K 0 0 43
A D 1 16
J N 5 6134 -7 2 5617 144 1 48
K 0 0 43
A D 1 16
J N 5 6163 -14 5 6049 144 1 48
K 0 0 45
K 0 0 43
K -1 0 45
K 2 0 45
A D 1 16
J N 5 6192 0 2 6481 144 1 48
K 0 0 43
A D 1 16
H 48 B 1 0 108 4 22 11 11 33
J B 14 6225 1 82 6913 144 0
J N 5 6246 -7 2 1 0 1 49
K 0 0 43
A D 1 16
J N 5 6275 0 2 433 144 1 49
K 0 0 43
A D 1 16
J N 5 6304 -7 2 865 144 1 49
K 0 0 43
A D 1 16
J N 5 6333 -14 5 1297 144 1 49
K 0 0 45
K 0 0 43
K -1 0 45
K 2 0 45
A D 1 16
H 49 B 1 0 108 4 22 11 11 33
J N 5 6362 -21 5 1729 144 1 50
K 0 7 45
K 0 0 43
K 0 7 45
K 1 7 45
A D 1 16
J N 5 6391 -14 5 2161 144 1 50
K 0 0 45
K 0 0 43
K -1 0 45
K 2 0 45
A D 1 16
J N 5 6420 -21 5 2593 144 1 50
K 0 7 45
K 0 0 43
K 0 7 45
K 1 7 45
A D 1 16
J N 5 6449 -7 2 3025 144 1 50
K 0 0 43
A D 1 16
H 50 B 1 0 108 4 22 11 11 33
J F 0 6478 98 1 3457 144 0
K 0 0 206
J N 5 6478 -14 5 3457 0 1 51
K 0 0 45
K 0 0 43
K -1 0 45
K 2 0 45
A D 1 16
J N 5 6507 -21 5 3889 144 1 51
K 0 7 45
K 0 0 43
K 0 7 45
K 1 7 45
A D 1 16
J N 5 6536 -14 5 4321 144 1 51
K 0 0 45
K 0 0 43
K -1 0 45
K 2 0 45
A D 1 16
J N 5 6565 -7 2 4753 144 1 51
K 0 0 43
A D 1 16
H 51 B 1 0 108 4 22 11 11 33
J F 0 6594 98 1 5185 144 0
K 0 0 205
J N 5 6594 0 2 5185 0 1 52
K 0 0 43
A D 1 16
J N 5 6623 7 2 5617 144 1 52
K 0 0 43
A D 1 16
J N 5 6652 0 2 6049 144 1 52
K 0 0 43
A D 1 16
J N 5 6681 14 2 6481 144 1 52
K 0 0 43
A D 1 16
H 52 B 1 0 108 4 22 11 11 33
J B 15 6714 1 82 6913 144 0
J F 0 6735 98 2 1 0 0
K 0 0 206
K 0 21 204
J N 5 6735 -7 2 1 0 1 53
K 0 0 43
A D 1 16
J N 5 6764 0 2 433 144 1 53
K 0 0 43
A D 1 16
J N 5 6793 -7 2 865 144 1 53
K 0 0 43
A D 1 16
J N 5 6822 7 2 1297 144 1 53
K 0 0 43
A D 1 16
H 53 B 1 0 108 4 22 11 11 33
J F 0 6851 98 2 1729 144 0
K 0 0 204
K 0 21 202
J N 6 6851 -14 5 1729 0 1 54
K 0 0 45
K 0 0 43
K -1 0 45
K 2 0 45
A D 2 16
J N 6 6889 35 2 2593 288 1 54
K 0 0 43
A D 2 16
H 54 B 1 0 108 2 2 3
J N 8 6927 14 4 3457 288 0
K 0 0 42
K 0 0 60
K 0 21 60
A D 8 16
J B 16 7032 10 6 6913 1152 0
K -22 21 44
K -22 35 44
K -12 0 84
K 0 0 84
K 11 21 44
K 11 35 44
J N 5 7069 14 2 1 0 1 55
K 0 0 43
A D 1 16
J N 5 7098 0 2 433 144 1 55
K 0 0 43
A D 1 16
J N 5 7127 -14 5 865 144 1 55
K 0 0 45
K 0 0 43
K -1 0 45
K 2 0 45
A D 1 16
J N 5 7156 0 2 1297 144 1 55
K 0 0 43
A D 1 16
H 55 B 1 0 108 4 22 11 11 33
J N 5 7185 14 2 1729 144 1 56
K 0 0 43
A D 1 16
J N 5 7214 0 2 2161 144 1 56
K 0 0 43
A D 1 16
J N 5 7243 -14 5 2593 144 1 56
K 0 0 45
K 0 0 43
K -1 0 45
K 2 0 45
A D 1 16
J N 5 7272 0 2 3025 144 1 56
K 0 0 43
A D 1 16
H 56 B 1 0 108 4 22 11 11 33
J N 5 7301 21 2 3457 144 1 57
K 0 0 43
A D 1 16
J N 5 7330 7 2 3889 144 1 57
K 0 0 43
A D 1 16
J N 5 7359 -14 5 4321 144 1 57
K 0 0 45
K 0 0 43
K -1 0 45
K 2 0 45
A D 1 16
J N 5 7388 7 2 4753 144 1 57
K 0 0 43
A D 1 16
H 57 B 1 0 108 4 22 11 11 33
J N 5 7417 21 2 5185 144 1 58
K 0 0 43
A D 1 16
J N 5 7446 7 2 5617 144 1 58
K 0 0 43
A D 1 16
J N 5 7475 -14 5 6049 144 1 58
K 0 0 45
K 0 0 43
K -1 0 45
K 2 0 45
A D 1 16
J N 5 7504 7 2 6481 144 1 58
K 0 0 43
A D 1 16
H 58 B 1 0 108 4 22 11 11 33
J B 17 7537 1 82 6913 144 0
J N 5 7558 14 2 1 0 1 59
K 0 0 43
A D 1 16
J N 5 7587 0 2 433 144 1 59
K 0 0 43
A D 1 16
J N 5 7616 -14 5 865 144 1 59
K 0 0 45
K 0 0 43
K -1 0 45
K 2 0 45
A D 1 16
J N 5 7645 0 2 1297 144 1 59
K 0 0 43
A D 1 16
H 59 B 1 0 108 4 22 11 11 33
J N 5 7674 14 2 1729 144 1 60
K 0 0 43
A D 1 16
J N 5 7703 0 2 2161 144 1 60
K 0 0 43
A D 1 16
J N 5 7732 -14 5 2593 144 1 60
K 0 0 45
K 0 0 43
K -1 0 45
K 2 0 45
A D 1 16
J N 5 7761 0 2 3025 144 1 60
K 0 0 43
A D 1 16
H 60 B 1 0 108 4 22 11 11 33
J N 5 7804 14 3 3457 144 1 61
K -18 0 63
K 0 0 43
A D 1 16
J N 5 7833 0 2 3889 144 1 61
K 0 0 43
A D 1 16
J N 5 7862 -21 5 4321 144 1 61
K 0 7 45
K 0 0 43
K 0 7 45
K 1 7 45
A D 1 16
J N 5 7891 0 2 4753 144 1 61
K 0 0 43
A D 1 16
H 61 B 1 0 108 4 22 11 11 33
J N 5 7920 14 2 5185 144 1 62
K 0 0 43
A D 1 16
J N 5 7949 0 2 5617 144 1 62
K 0 0 43
A D 1 16
J N 5 7978 -21 5 6049 144 1 62
K 0 7 45
K 0 0 43
K 0 7 45
K 1 7 45
A D 1 16
J N 5 8007 0 2 6481 144 1 62
K 0 0 43
A D 1 16
H 62 B 1 0 108 4 22 11 11 33
J B 18 8040 1 82 6913 144 0
J N 5 8061 7 2 1 0 1 63
K 0 0 43
A D 1 16
J N 5 8090 -7 2 433 144 1 63
K 0 0 43
A D 1 16
J N 5 8119 -21 5 865 144 1 63
K 0 7 45
K 0 0 43
K 0 7 45
K 1 7 45
A D 1 16
J N 5 8148 -7 2 1297 144 1 63
K 0 0 43
A D 1 16
H 63 B 1 0 108 4 22 11 11 33
J N 5 8177 7 2 1729 144 1 64
K 0 0 43
A D 1 16
J N 5 8206 -7 2 2161 144 1 64
K 0 0 43
A D 1 16
J N 5 8235 -21 5 2593 144 1 64
K 0 7 45
K 0 0 43
K 0 7 45
K 1 7 45
A D 1 16
J N 5 8264 -7 2 3025 144 1 64
K 0 0 43
A D 1 16
H 64 B 1 0 108 4 22 11 11 33
J N 5 8303 14 3 3457 144 1 65
K -18 0 63
K 0 0 43
A D 1 16
J N 5 8332 0 2 3889 144 1 65
K 0 0 43
A D 1 16
J N 5 8361 -21 5 4321 144 1 65
K 0 7 45
K 0 0 43
K 0 7 45
K 1 7 45
A D 1 16
J N 5 8390 0 2 4753 144 1 65
K 0 0 43
A D 1 16
H 65 B 1 0 108 4 22 11 11 33
J N 5 8419 14 2 5185 144 1 66
K 0 0 43
A D 1 16
J N 5 8448 0 2 5617 144 1 66
K 0 0 43
A D 1 16
J N 5 8477 -21 5 6049 144 1 66
K 0 7 45
K 0 0 43
K 0 7 45
K 1 7 45
A D 1 16
J N 5 8506 0 2 6481 144 1 66
K 0 0 43
A D 1 16
H 66 B 1 0 108 4 22 11 11 33
J B 19 8539 1 82 6913 144 0
J N 5 8560 7 2 1 0 1 67
K 0 0 43
A D 1 16
J N 5 8589 -7 2 433 144 1 67
K 0 0 43
A D 1 16
J N 5 8618 -21 5 865 144 1 67
K 0 7 45
K 0 0 43
K 0 7 45
K 1 7 45
A D 1 16
J N 5 8647 -7 2 1297 144 1 67
K 0 0 43
A D 1 16
H 67 B 1 0 108 4 22 11 11 33
J N 5 8676 7 2 1729 144 1 68
K 0 0 43
A D 1 16
J N 5 8705 -7 2 2161 144 1 68
K 0 0 43
A D 1 16
J N 5 8734 -21 5 2593 144 1 68
K 0 7 45
K 0 0 43
K 0 7 45
K 1 7 45
A D 1 16
J N 5 8763 -7 2 3025 144 1 68
K 0 0 43
A D 1 16
H 68 B 1 0 108 4 22 11 11 33
J N 5 8796 42 3 3457 144 1 69
K -14 0 64
K 0 0 43
A D 1 16
J N 5 8825 28 2 3889 144 1 69
K 0 0 43
A D 1 16
J N 5 8854 7 2 4321 144 1 69
K 0 0 43
A D 1 16
J N 5 8883 28 2 4753 144 1 69
K 0 0 43
A D 1 16
H 69 B 1 0 108 4 22 11 11 33
J N 5 8912 42 2 5185 144 1 70
K 0 0 43
A D 1 16
J N 5 8941 28 2 5617 144 1 70
K 0 0 43
A D 1 16
J N 5 8970 7 2 6049 144 1 70
K 0 0 43
A D 1 16
J N 5 8999 28 2 6481 144 1 70
K 0 0 43
A D 1 16
H 70 B 1 0 108 4 22 11 11 33
J B 20 9032 1 82 6913 144 0
J F 0 9053 98 1 1 0 0
K 0 0 219
J N 6 9053 35 2 1 0 1 71
K 0 0 43
A D 2 16
J N 6 9091 -14 5 865 288 1 71
K 0 0 45
K 0 0 43
K -1 0 45
K 2 0 45
A D 2 16
J F 0 9129 98 1 1729 288 0
K 0 0 219
J N 6 9129 14 2 1729 0 1 71
K 0 0 43
A D 2 16
J N 6 9170 0 3 2593 288 1 71
K -15 0 65
K 0 0 43
A D 2 16
H 71 B 1 0 108 4 2 1 1 3
J F 0 9208 98 3 3457 288 0
K 0 0 205
K 15 0 219
K 0 21 203
J N 7 9208 7 4 3457 0 0
K 0 0 43
K 0 0 60
K 0 21 60
A D 4 16
J F 0 9261 98 2 5185 576 0
K 0 0 204
K 0 21 218
J N 7 9261 56 4 5185 0 0
K 0 0 43
K 0 0 59
K 0 -21 59
A D 4 16
J B 21 9318 1 82 6913 576 0
J F 0 9339 98 1 1 0 0
K 0 0 219
J N 5 9339 -14 5 1 0 1 72
K 0 0 45
K 0 0 43
K -1 0 45
K 2 0 45
A D 1 16
J N 5 9368 7 2 433 144 1 72
K 0 0 43
A D 1 16
J N 5 9397 -14 5 865 144 1 72
K 0 0 45
K 0 0 43
K -1 0 45
K 2 0 45
A D 1 16
J N 5 9426 7 2 1297 144 1 72
K 0 0 43
A D 1 16
H 72 B 1 0 108 4 22 11 11 33
J N 5 9466 -7 3 1729 144 1 73
K -14 0 64
K 0 0 43
A D 1 16
J N 5 9495 7 2 2161 144 1 73
K 0 0 43
A D 1 16
J N 5 9524 -7 2 2593 144 1 73
K 0 0 43
A D 1 16
J N 5 9553 7 2 3025 144 1 73
K 0 0 43
A D 1 16
H 73 B 1 0 108 4 22 11 11 33
J N 5 9582 -14 5 3457 144 1 74
K 0 0 45
K 0 0 43
K -1 0 45
K 2 0 45
A D 1 16
J N 5 9611 7 2 3889 144 1 74
K 0 0 43
A D 1 16
J N 5 9640 -14 5 4321 144 1 74
K 0 0 45
K 0 0 43
K -1 0 45
K 2 0 45
A D 1 16
J N 5 9669 7 2 4753 144 1 74
K 0 0 43
A D 1 16
H 74 B 1 0 108 4 22 11 11 33
J N 5 9698 -7 2 5185 144 1 75
K 0 0 43
A D 1 16
J N 5 9727 7 2 5617 144 1 75
K 0 0 43
A D 1 16
J N 5 9756 -7 2 6049 144 1 75
K 0 0 43
A D 1 16
J N 5 9785 7 2 6481 144 1 75
K 0 0 43
A D 1 16
H 75 B 1 0 108 4 22 11 11 33
J B 22 9818 1 82 6913 144 0
J N 5 9839 -14 5 1 0 1 76
K 0 0 45
K 0 0 43
K -1 0 45
K 2 0 45
A D 1 16
J N 5 9868 7 2 433 144 1 76
K 0 0 43
A D 1 16
J N 5 9897 -14 5 865 144 1 76
K 0 0 45
K 0 0 43
K -1 0 45
K 2 0 45
A D 1 16
J N 5 9926 7 2 1297 144 1 76
K 0 0 43
A D 1 16
H 76 B 1 0 108 4 22 11 11 33
J N 5 9969 -14 6 1729 144 1 77
K 0 0 45
K -18 0 63
K 0 0 43
K -1 0 45
K 2 0 45
A D 1 16
J N 5 9998 0 2 2161 144 1 77
K 0 0 43
A D 1 16
J N 5 10027 -14 5 2593 144 1 77
K 0 0 45
K 0 0 43
K -1 0 45
K 2 0 45
A D 1 16
J N 5 10056 0 2 3025 144 1 77
K 0 0 43
A D 1 16
H 77 B 1 0 108 4 22 11 11 33
J N 5 10085 -21 5 3457 144 1 78
K 0 7 45
K 0 0 43
K 0 7 45
K 1 7 45
A D 1 16
J N 5 10114 0 2 3889 144 1 78
K 0 0 43
A D 1 16
J N 5 10143 -21 5 4321 144 1 78
K 0 7 45
K 0 0 43
K 0 7 45
K 1 7 45
A D 1 16
J N 5 10172 0 2 4753 144 1 78
K 0 0 43
A D 1 16
H 78 B 1 0 108 4 22 11 11 33
J N 5 10201 -14 5 5185 144 1 79
K 0 0 45
K 0 0 43
K -1 0 45
K 2 0 45
A D 1 16
J N 5 10230 0 2 5617 144 1 79
K 0 0 43
A D 1 16
J N 5 10259 -14 5 6049 144 1 79
K 0 0 45
K 0 0 43
K -1 0 45
K 2 0 45
A D 1 16
J N 5 10288 0 2 6481 144 1 79
K 0 0 43
A D 1 16
H 79 B 1 0 108 4 22 11 11 33
J B 23 10321 1 82 6913 144 0
J F 0 10342 98 1 1 0 0
K 0 0 205
J N 5 10342 -21 5 1 0 1 80
K 0 7 45
K 0 0 43
K 0 7 45
K 1 7 45
A D 1 16
J N 5 10371 -28 6 433 144 1 80
K 0 14 45
K 0 0 45
K 0 0 43
K -1 0 45
K 2 0 45
A D 1 16
J N 5 10400 -21 5 865 144 1 80
K 0 7 45
K 0 0 43
K 0 7 45
K 1 7 45
A D 1 16
J N 5 10429 -28 6 1297 144 1 80
K 0 14 45
K 0 0 45
K 0 0 43
K -1 0 45
K 2 0 45
A D 1 16
H 80 B 1 0 108 4 22 11 11 33
J F 0 10465 98 1 1729 144 0
K 0 0 205
J N 5 10465 -14 6 1729 0 1 81
K 0 0 45
K -14 0 64
K 0 0 43
K -1 0 45
K 2 0 45
A D 1 16
J N 5 10494 -21 5 2161 144 1 81
K 0 7 45
K 0 0 43
K 0 7 45
K 1 7 45
A D 1 16
J N 5 10523 -14 5 2593 144 1 81
K 0 0 45
K 0 0 43
K -1 0 45
K 2 0 45
A D 1 16
J N 5 10552 -21 5 3025 144 1 81
K 0 7 45
K 0 0 43
K 0 7 45
K 1 7 45
A D 1 16
H 81 B 1 0 108 4 22 11 11 33
J F 0 10581 98 1 3457 144 0
K 0 0 205
J N 5 10581 -7 2 3457 0 1 82
K 0 0 43
A D 1 16
J N 5 10610 -14 5 3889 144 1 82
K 0 0 45
K 0 0 43
K -1 0 45
K 2 0 45
A D 1 16
J N 5 10639 -7 2 4321 144 1 82
K 0 0 43
A D 1 16
J N 5 10668 -14 5 4753 144 1 82
K 0 0 45
K 0 0 43
K -1 0 45
K 2 0 45
A D 1 16
H 82 B 1 0 108 4 22 11 11 33
J F 0 10697 98 1 5185 144 0
K 0 0 205
J N 5 10697 0 2 5185 0 1 83
K 0 0 43
A D 1 16
J N 5 10726 -7 2 5617 144 1 83
K 0 0 43
A D 1 16
J N 5 10755 0 2 6049 144 1 83
K 0 0 43
A D 1 16
J N 5 10784 -7 2 6481 144 1 83
K 0 0 43
A D 1 16
H 83 B 1 0 108 4 22 11 11 33
J B 24 10817 1 82 6913 144 0
J F 0 10838 98 2 1 0 0
K 0 0 205
K 15 0 219
J N 5 10838 7 2 1 0 1 84
K 0 0 43
A D 1 16
J N 5 10873 0 2 433 144 1 84
K 0 0 43
A D 1 16
J N 5 10902 7 2 865 144 1 84
K 0 0 43
A D 1 16
J N 5 10931 0 2 1297 144 1 84
K 0 0 43
A D 1 16
H 84 B 1 0 108 4 22 11 11 33
J F 0 10960 98 1 1729 144 0
K 0 0 205
J N 5 10960 14 2 1729 0 1 85
K 0 0 43
A D 1 16
J N 5 10989 7 2 2161 144 1 85
K 0 0 43
A D 1 16
J N 5 11018 14 2 2593 144 1 85
K 0 0 43
A D 1 16
J N 5 11047 7 2 3025 144 1 85
K 0 0 43
A D 1 16
H 85 B 1 0 108 4 22 11 11 33
J F 0 11076 98 1 3457 144 0
K 0 0 216
J N 5 11076 21 2 3457 0 1 86
K 0 0 43
A D 1 16
J N 5 11105 14 2 3889 144 1 86
K 0 0 43
A D 1 16
J N 5 11134 21 2 4321 144 1 86
K 0 0 43
A D 1 16
J N 5 11163 14 2 4753 144 1 86
K 0 0 43
A D 1 16
H 86 B 1 0 108 4 22 11 11 33
J N 5 11192 28 2 5185 144 1 87
K 0 0 43
A D 1 16
J N 5 11221 21 2 5617 144 1 87
K 0 0 43
A D 1 16
J N 5 11250 14 2 6049 144 1 87
K 0 0 43
A D 1 16
J N 5 11279 7 2 6481 144 1 87
K 0 0 43
A D 1 16
H 87 B 1 0 108 4 22 11 11 33
J B 25 11312 1 82 6913 144 0
J F 0 11333 98 2 1 0 0
K 0 0 205
K 0 21 203
J N 5 11333 0 2 1 0 1 88
K 0 0 43
A D 1 16
J N 5 11362 7 2 433 144 1 88
K 0 0 43
A D 1 16
J N 5 11391 14 2 865 144 1 88
K 0 0 43
A D 1 16
J N 5 11420 7 2 1297 144 1 88
K 0 0 43
A D 1 16
H 88 B 1 0 108 4 22 11 11 33
J F 0 11449 98 2 1729 144 0
K 0 0 204
K 0 21 213
J N 6 11449 0 2 1729 0 1 89
K 0 0 43
A D 2 16
J N 6 11487 49 2 2593 288 1 89
K 0 0 43
A D 2 16
H 89 B 1 0 108 2 2 3
J F 0 11525 98 1 3457 288 0
K 0 0 206
J N 7 11525 42 4 3457 0 0
K 0 0 43
K 0 0 59
K 0 -21 59
A D 4 16
J F 0 11578 98 1 5185 576 0
K 0 0 205
J R 6 11578 28 2 5185 0 0
K 0 0 49
A D 2 16
J N 6 11616 56 3 6049 288 0
K 0 0 43
K 0 0 53
A D 2 16
J B 26 11662 1 82 6913 288 0
J F 0 11683 98 2 1 0 0
K 0 0 206
K 0 21 213
J N 6 11683 49 2 1 0 1 90
K 0 0 43
A D 2 16
J N 6 11727 35 3 865 288 1 90
K -18 0 63
K 0 0 43
A D 2 16
J N 6 11765 28 2 1729 288 1 90
K 0 0 43
A D 2 16
J F 0 11803 98 2 2593 288 0
K 0 0 205
K 0 21 204
J N 6 11803 56 2 2593 0 1 90
K 0 0 43
A D 2 16
H 90 B 0 0 108 4 2 1 1 3
J F 0 11841 98 2 3457 288 0
K 0 0 205
K 0 21 203
J N 8 11841 49 4 3457 0 0
K 0 0 42
K 0 0 59
K 0 -21 59
A D 8 16
J F 0 11894 98 2 5185 576 0
K 0 0 204
K 0 21 213
J B 27 11951 1 82 6913 576 0
J N 8 11972 77 7 1 0 0
K 1 -7 45
K 0 0 42
K 0 -7 45
K 1 -7 45
K 0 0 59
K 0 -21 59
A D 8 16
J N 5 12051 -7 2 3457 1152 1 91
K 0 0 43
A D 1 16
J N 5 12080 0 2 3889 144 1 91
K 0 0 43
A D 1 16
J N 5 12109 -7 2 4321 144 1 91
K 0 0 43
A D 1 16
J N 5 12138 -14 5 4753 144 1 91
K 0 0 45
K 0 0 43
K -1 0 45
K 2 0 45
A D 1 16
H 91 B 1 0 108 4 22 11 11 33
J N 5 12167 -7 2 5185 144 1 92
K 0 0 43
A D 1 16
J N 5 12196 -21 5 5617 144 1 92
K 0 7 45
K 0 0 43
K 0 7 45
K 1 7 45
A D 1 16
J N 5 12225 -14 5 6049 144 1 92
K 0 0 45
K 0 0 43
K -1 0 45
K 2 0 45
A D 1 16
J N 5 12254 -7 2 6481 144 1 92
K 0 0 43
A D 1 16
H 92 B 1 0 108 4 22 11 11 33
J B 28 12287 1 82 6913 144 0
J N 5 12308 0 2 1 0 1 93
K 0 0 43
A D 1 16
J N 5 12337 7 2 433 144 1 93
K 0 0 43
A D 1 16
J N 5 12366 0 2 865 144 1 93
K 0 0 43
A D 1 16
J N 5 12395 -7 2 1297 144 1 93
K 0 0 43
A D 1 16
H 93 B 1 0 108 4 22 11 11 33
J N 5 12424 0 2 1729 144 1 94
K 0 0 43
A D 1 16
J N 5 12453 -14 5 2161 144 1 94
K 0 0 45
K 0 0 43
K -1 0 45
K 2 0 45
A D 1 16
J N 5 12482 -7 2 2593 144 1 94
K 0 0 43
A D 1 16
J N 5 12511 0 2 3025 144 1 94
K 0 0 43
A D 1 16
H 94 B 1 0 108 4 22 11 11 33
J N 5 12540 7 2 3457 144 1 95
K 0 0 43
A D 1 16
J N 5 12569 14 2 3889 144 1 95
K 0 0 43
A D 1 16
J N 5 12598 7 2 4321 144 1 95
K 0 0 43
A D 1 16
J N 5 12627 0 2 4753 144 1 95
K 0 0 43
A D 1 16
H 95 B 1 0 108 4 22 11 11 33
J N 5 12656 7 2 5185 144 1 96
K 0 0 43
A D 1 16
J N 5 12685 -7 2 5617 144 1 96
K 0 0 43
A D 1 16
J N 5 12714 0 2 6049 144 1 96
K 0 0 43
A D 1 16
J N 5 12743 7 2 6481 144 1 96
K 0 0 43
A D 1 16
H 96 B 1 0 108 4 22 11 11 33
J B 29 12776 1 82 6913 144 0
J N 5 12797 14 2 1 0 1 97
K 0 0 43
A D 1 16
J N 5 12826 21 2 433 144 1 97
K 0 0 43
A D 1 16
J N 5 12855 14 2 865 144 1 97
K 0 0 43
A D 1 16
J N 5 12884 7 2 1297 144 1 97
K 0 0 43
A D 1 16
H 97 B 1 0 108 4 22 11 11 33
J N 5 12913 14 2 1729 144 1 98
K 0 0 43
A D 1 16
J N 5 12942 7 2 2161 144 1 98
K 0 0 43
A D 1 16
J N 5 12971 14 2 2593 144 1 98
K 0 0 43
A D 1 16
J N 5 13012 21 3 3025 144 1 98
K -15 0 65
K 0 0 43
A D 1 16
H 98 B 1 0 108 4 22 11 11 33
J N 5 13041 28 2 3457 144 1 99
K 0 0 43
A D 1 16
J N 5 13070 -7 2 3889 144 1 99
K 0 0 43
A D 1 16
J N 5 13099 0 2 4321 144 1 99
K 0 0 43
A D 1 16
J N 5 13128 -7 2 4753 144 1 99
K 0 0 43
A D 1 16
H 99 B 1 0 108 4 22 11 11 33
J N 5 13157 28 2 5185 144 1 100
K 0 0 43
A D 1 16
J N 5 13186 -7 2 5617 144 1 100
K 0 0 43
A D 1 16
J N 5 13215 0 2 6049 144 1 100
K 0 0 43
A D 1 16
J N 5 13244 -7 2 6481 144 1 100
K 0 0 43
A D 1 16
H 100 B 1 0 108 4 22 11 11 33
J B 30 13277 1 82 6913 144 0
J N 5 13302 21 3 1 0 1 101
K -15 0 65
K 0 0 43
A D 1 16
J N 5 13331 14 2 433 144 1 101
K 0 0 43
A D 1 16
J N 5 13360 7 2 865 144 1 101
K 0 0 43
A D 1 16
J N 5 13389 14 2 1297 144 1 101
K 0 0 43
A D 1 16
H 101 B 1 0 108 4 22 11 11 33
J N 5 13418 21 2 1729 144 1 102
K 0 0 43
A D 1 16
J N 5 13447 14 2 2161 144 1 102
K 0 0 43
A D 1 16
J N 5 13476 7 2 2593 144 1 102
K 0 0 43
A D 1 16
J N 5 13505 14 2 3025 144 1 102
K 0 0 43
A D 1 16
H 102 B 1 0 108 4 22 11 11 33
J N 5 13545 21 3 3457 144 1 103
K -14 0 64
K 0 0 43
A D 1 16
J N 5 13574 -14 5 3889 144 1 103
K 0 0 45
K 0 0 43
K -1 0 45
K 2 0 45
A D 1 16
J N 5 13614 -7 3 4321 144 1 103
K -14 0 64
K 0 0 43
A D 1 16
J N 5 13643 -14 5 4753 144 1 103
K 0 0 45
K 0 0 43
K -1 0 45
K 2 0 45
A D 1 16
H 103 B 1 0 108 4 22 11 11 33
J N 5 13672 21 2 5185 144 1 104
K 0 0 43
A D 1 16
J N 5 13701 -14 5 5617 144 1 104
K 0 0 45
K 0 0 43
K -1 0 45
K 2 0 45
A D 1 16
J N 5 13730 -7 2 6049 144 1 104
K 0 0 43
A D 1 16
J N 5 13759 -14 5 6481 144 1 104
K 0 0 45
K 0 0 43
K -1 0 45
K 2 0 45
A D 1 16
H 104 B 1 0 108 4 22 11 11 33
J B 31 13792 1 82 6913 144 0
J N 5 13813 0 2 1 0 1 105
K 0 0 43
A D 1 16
J N 5 13842 14 2 433 144 1 105
K 0 0 43
A D 1 16
J N 5 13883 21 3 865 144 1 105
K -15 0 65
K 0 0 43
A D 1 16
J N 5 13912 14 2 1297 144 1 105
K 0 0 43
A D 1 16
H 105 B 1 0 108 4 22 11 11 33
J N 5 13941 28 2 1729 144 1 106
K 0 0 43
A D 1 16
J N 5 13970 -7 2 2161 144 1 106
K 0 0 43
A D 1 16
J N 5 13999 0 2 2593 144 1 106
K 0 0 43
A D 1 16
J N 5 14028 -7 2 3025 144 1 106
K 0 0 43
A D 1 16
H 106 B 1 0 108 4 22 11 11 33
J N 5 14057 21 2 3457 144 1 107
K 0 0 43
A D 1 16
J N 5 14086 -7 2 3889 144 1 107
K 0 0 43
A D 1 16
J N 5 14115 0 2 4321 144 1 107
K 0 0 43
A D 1 16
J N 5 14144 -7 2 4753 144 1 107
K 0 0 43
A D 1 16
H 107 B 1 0 108 4 22 11 11 33
J N 5 14173 14 2 5185 144 1 108
K 0 0 43
A D 1 16
J N 5 14202 -7 2 5617 144 1 108
K 0 0 43
A D 1 16
J N 5 14231 0 2 6049 144 1 108
K 0 0 43
A D 1 16
J N 5 14260 -7 2 6481 144 1 108
K 0 0 43
A D 1 16
H 108 B 1 0 108 4 22 11 11 33
J B 32 14293 1 82 6913 144 0
J N 5 14314 7 2 1 0 1 109
K 0 0 43
A D 1 16
J N 5 14343 -7 2 433 144 1 109
K 0 0 43
A D 1 16
J N 5 14372 0 2 865 144 1 109
K 0 0 43
A D 1 16
J N 5 14401 -7 2 1297 144 1 109
K 0 0 43
A D 1 16
H 109 B 1 0 108 4 22 11 11 33
J N 5 14430 28 2 1729 144 1 110
K 0 0 43
A D 1 16
J N 5 14459 -7 2 2161 144 1 110
K 0 0 43
A D 1 16
J N 5 14488 0 2 2593 144 1 110
K 0 0 43
A D 1 16
J N 5 14517 -7 2 3025 144 1 110
K 0 0 43
A D 1 16
H 110 B 1 0 108 4 22 11 11 33
J N 5 14550 21 3 3457 144 1 111
K -15 0 65
K 0 0 43
A D 1 16
J N 5 14579 28 2 3889 144 1 111
K 0 0 43
A D 1 16
J N 5 14608 21 2 4321 144 1 111
K 0 0 43
A D 1 16
J N 5 14637 14 2 4753 144 1 111
K 0 0 43
A D 1 16
H 111 B 1 0 108 4 22 11 11 33
J N 5 14666 7 2 5185 144 1 112
K 0 0 43
A D 1 16
J N 5 14695 14 2 5617 144 1 112
K 0 0 43
A D 1 16
J N 5 14724 7 2 6049 144 1 112
K 0 0 43
A D 1 16
J N 5 14753 21 2 6481 144 1 112
K 0 0 43
A D 1 16
H 112 B 1 0 108 4 22 11 11 33
J B 33 14786 1 82 6913 144 0
J F 0 14807 98 1 1 0 0
K 0 0 206
J N 5 14807 14 2 1 0 1 113
K 0 0 43
A D 1 16
J N 5 14836 7 2 433 144 1 113
K 0 0 43
A D 1 16
J N 5 14865 14 2 865 144 1 113
K 0 0 43
A D 1 16
J N 5 14906 21 3 1297 144 1 113
K -15 0 65
K 0 0 43
A D 1 16
H 113 B 1 0 108 4 22 11 11 33
J F 0 14935 98 1 1729 144 0
K 0 0 205
J N 5 14935 28 2 1729 0 1 114
K 0 0 43
A D 1 16
J N 5 14964 35 2 2161 144 1 114
K 0 0 43
A D 1 16
J N 5 14993 28 2 2593 144 1 114
K 0 0 43
A D 1 16
J N 5 15022 42 2 3025 144 1 114
K 0 0 43
A D 1 16
H 114 B 0 0 108 4 22 11 11 33
J F 0 15051 98 2 3457 144 0
K 0 0 206
K 0 21 204
J N 5 15051 21 2 3457 0 1 115
K 0 0 43
A D 1 16
J N 5 15080 28 2 3889 144 1 115
K 0 0 43
A D 1 16
J N 5 15109 21 2 4321 144 1 115
K 0 0 43
A D 1 16
J N 5 15138 35 2 4753 144 1 115
K 0 0 43
A D 1 16
H 115 B 0 0 108 4 22 11 11 33
J F 0 15167 98 2 5185 144 0
K 0 0 204
K 0 21 202
J N 5 15167 14 2 5185 0 1 116
K 0 0 43
A D 1 16
J N 5 15196 21 2 5617 144 1 116
K 0 0 43
A D 1 16
J N 5 15225 14 2 6049 144 1 116
K 0 0 43
A D 1 16
J N 5 15254 63 2 6481 144 1 116
K 0 0 43
A D 1 16
H 116 B 0 0 108 4 22 11 11 33
J B 34 15287 1 82 6913 144 0
J N 5 15308 42 2 1 0 1 117
K 0 0 43
A D 1 16
J N 5 15337 -7 2 433 144 1 117
K 0 0 43
A D 1 16
J N 5 15366 0 2 865 144 1 117
K 0 0 43
A D 1 16
J N 5 15395 -7 2 1297 144 1 117
K 0 0 43
A D 1 16
H 117 B 1 0 108 4 22 11 11 33
J N 5 15424 28 2 1729 144 1 118
K 0 0 43
A D 1 16
J N 5 15453 -7 2 2161 144 1 118
K 0 0 43
A D 1 16
J N 5 15482 0 2 2593 144 1 118
K 0 0 43
A D 1 16
J N 5 15511 -7 2 3025 144 1 118
K 0 0 43
A D 1 16
H 118 B 1 0 108 4 22 11 11 33
J N 5 15544 21 3 3457 144 1 119
K -15 0 65
K 0 0 43
A D 1 16
J N 5 15573 -7 2 3889 144 1 119
K 0 0 43
A D 1 16
J N 5 15602 0 2 4321 144 1 119
K 0 0 43
A D 1 16
J N 5 15631 -7 2 4753 144 1 119
K 0 0 43
A D 1 16
H 119 B 1 0 108 4 22 11 11 33
J N 5 15660 14 2 5185 144 1 120
K 0 0 43
A D 1 16
J N 5 15689 -7 2 5617 144 1 120
K 0 0 43
A D 1 16
J N 5 15718 0 2 6049 144 1 120
K 0 0 43
A D 1 16
J N 5 15747 -7 2 6481 144 1 120
K 0 0 43
A D 1 16
H 120 B 1 0 108 4 22 11 11 33
J B 35 15780 1 82 6913 144 0
J N 5 15801 7 2 1 0 1 121
K 0 0 43
A D 1 16
J N 5 15830 -7 2 433 144 1 121
K 0 0 43
A D 1 16
J N 5 15859 0 2 865 144 1 121
K 0 0 43
A D 1 16
J N 5 15888 -7 2 1297 144 1 121
K 0 0 43
A D 1 16
H 121 B 1 0 108 4 22 11 11 33
J N 5 15917 28 2 1729 144 1 122
K 0 0 43
A D 1 16
J N 5 15946 -7 2 2161 144 1 122
K 0 0 43
A D 1 16
J N 5 15975 0 2 2593 144 1 122
K 0 0 43
A D 1 16
J N 5 16004 -7 2 3025 144 1 122
K 0 0 43
A D 1 16
H 122 B 1 0 108 4 22 11 11 33
J N 5 16037 21 3 3457 144 1 123
K -15 0 65
K 0 0 43
A D 1 16
J N 5 16066 28 2 3889 144 1 123
K 0 0 43
A D 1 16
J N 5 16095 21 2 4321 144 1 123
K 0 0 43
A D 1 16
J N 5 16124 14 2 4753 144 1 123
K 0 0 43
A D 1 16
H 123 B 1 0 108 4 22 11 11 33
J N 5 16153 7 2 5185 144 1 124
K 0 0 43
A D 1 16
J N 5 16182 14 2 5617 144 1 124
K 0 0 43
A D 1 16
J N 5 16211 7 2 6049 144 1 124
K 0 0 43
A D 1 16
J N 5 16240 21 2 6481 144 1 124
K 0 0 43
A D 1 16
H 124 B 1 0 108 4 22 11 11 33
J B 36 16273 1 82 6913 144 0
J F 0 16294 98 1 1 0 0
K 0 0 206
J N 5 16294 14 2 1 0 1 125
K 0 0 43
A D 1 16
J N 5 16323 7 2 433 144 1 125
K 0 0 43
A D 1 16
J N 5 16352 14 2 865 144 1 125
K 0 0 43
A D 1 16
J N 5 16393 21 3 1297 144 1 125
K -15 0 65
K 0 0 43
A D 1 16
H 125 B 1 0 108 4 22 11 11 33
J F 0 16422 98 1 1729 144 0
K 0 0 205
J N 5 16422 28 2 1729 0 1 126
K 0 0 43
A D 1 16
J N 5 16451 35 2 2161 144 1 126
K 0 0 43
A D 1 16
J N 5 16480 28 2 2593 144 1 126
K 0 0 43
A D 1 16
J N 5 16509 42 2 3025 144 1 126
K 0 0 43
A D 1 16
H 126 B 0 0 108 4 22 11 11 33
J F 0 16538 98 2 3457 144 0
K 0 0 206
K 0 21 204
J N 5 16538 21 2 3457 0 1 127
K 0 0 43
A D 1 16
J N 5 16567 28 2 3889 144 1 127
K 0 0 43
A D 1 16
J N 5 16596 21 2 4321 144 1 127
K 0 0 43
A D 1 16
J N 5 16625 35 2 4753 144 1 127
K 0 0 43
A D 1 16
H 127 B 0 0 108 4 22 11 11 33
J F 0 16654 98 2 5185 144 0
K 0 0 204
K 0 21 202
J N 5 16654 14 2 5185 0 1 128
K 0 0 43
A D 1 16
J N 5 16683 21 2 5617 144 1 128
K 0 0 43
A D 1 16
J N 5 16712 14 2 6049 144 1 128
K 0 0 43
A D 1 16
J N 5 16741 63 2 6481 144 1 128
K 0 0 43
A D 1 16
H 128 B 0 0 108 4 22 11 11 33
J B 37 16774 1 82 6913 144 0
J N 7 16795 42 4 1 0 0
K 0 0 43
K 0 0 59
K 0 -21 59
A D 4 16
J R 6 16848 28 2 1729 576 0
K 0 0 49
A D 2 16
J N 6 16886 21 4 2593 288 0
K -15 0 65
K 0 0 43
K 0 0 54
A D 2 16
J F 0 16924 98 2 3457 288 0
K 0 0 206
K 15 0 219
J N 7 16924 14 4 3457 0 0
K 0 0 43
K 0 0 60
K 0 21 60
A D 4 16
J N 7 16977 42 4 5185 576 0
K 0 0 43
K 0 0 59
K 0 -21 59
A D 4 16
J B 38 17034 1 82 6913 576 0
J F 0 17055 98 2 1 0 0
K 0 0 205
K 0 21 203
J N 7 17055 14 4 1 0 0
K 0 0 43
K 0 0 60
K 0 21 60
A D 4 16
J F 0 17108 98 2 1729 576 0
K 0 0 204
K 0 21 202
J N 7 17108 63 4 1729 0 0
K 0 0 43
K 0 0 59
K 0 -21 59
A D 4 16
J N 8 17161 42 4 3457 576 0
K 0 0 42
K 0 0 59
K 0 -21 59
A D 8 16
J B 0 17267 6 4 6913 1152 0
K -23 21 44
K -23 35 44
K -13 0 82
K -6 0 84
J M 0 17267 0 0 10000 0 0
