@ SOURCE: not identified 
L 0 0 14 !39Violino 1 concerto grosso
J D 4 500 -120 1 6913 0 0
W 0 0 44 II. Allemanda
J D 1 75 -37 1 6913 0 0
W 0 -56 44 II. Allemanda:  Violino 1 concerto grosso
J C 4 5 42 2 6913 0 0
K 0 0 33
K 0 0 34
J K -1 57 0 1 6913 0 0
K 0 28 65
J D 5 86 -42 1 6913 0 0
W 0 0 37 Allegro
J T 101 86 42 1 6913 0 0
K 0 0 37
J N 7 134 14 4 1 0 0
K 0 0 43
K 0 0 60
K 0 21 60
A D 2 8
J R 7 172 28 2 1729 576 0
K 0 0 48
A D 2 8
J N 7 210 21 4 3457 576 0
K 0 0 43
K 0 0 60
K 0 21 60
A D 2 8
J R 7 248 28 2 5185 576 0
K 0 0 48
A D 2 8
J B 2 290 1 82 6913 576 0
J N 7 311 14 4 1 0 0
K 0 0 43
K 0 0 60
K 0 21 60
A D 2 8
J R 7 349 28 2 1729 576 0
K 0 0 48
A D 2 8
J R 8 387 28 2 3457 576 0
K 0 0 47
A D 4 8
J B 3 444 1 82 6913 1152 0
J N 7 465 28 4 1 0 0
K 0 0 43
K 0 0 60
K 0 21 60
A D 2 8
J N 7 503 28 4 1729 576 0
K 0 0 43
K 0 0 60
K 0 21 60
A D 2 8
J N 7 541 35 4 3457 576 0
K 0 0 43
K 0 0 59
K 0 -21 59
A D 2 8
J R 7 579 28 2 5185 576 0
K 0 0 48
A D 2 8
J B 4 621 1 82 6913 576 0
J R 8 642 28 2 1 0 0
K 0 0 47
A D 4 8
J N 7 695 -7 4 3457 1152 0
K 0 0 43
K 0 0 60
K 0 21 60
A D 2 8
J R 7 733 28 2 5185 576 0
K 0 0 48
A D 2 8
J B 5 775 1 82 6913 576 0
J R 8 796 28 2 1 0 0
K 0 0 47
A D 4 8
J N 7 849 -14 7 3457 1152 0
K 0 0 45
K 0 0 43
K -1 0 45
K 2 0 45
K 0 0 60
K 0 21 60
A D 2 8
J R 7 887 28 2 5185 576 0
K 0 0 48
A D 2 8
J B 6 929 1 82 6913 576 0
J R 8 950 28 2 1 0 0
K 0 0 47
A D 4 8
J N 7 1003 -7 4 3457 1152 0
K 0 0 43
K 0 0 60
K 0 21 60
A D 2 8
J R 7 1041 28 2 5185 576 0
K 0 0 48
A D 2 8
J B 7 1083 1 82 6913 576 0
J N 7 1104 21 4 1 0 0
K 0 0 43
K 0 0 60
K 0 21 60
A D 2 8
J N 7 1142 0 4 1729 576 0
K 0 0 43
K 0 0 60
K 0 21 60
A D 2 8
J N 7 1180 14 4 3457 576 0
K 0 0 43
K 0 0 60
K 0 21 60
A D 2 8
J R 7 1218 28 2 5185 576 0
K 0 0 48
A D 2 8
J B 8 1260 1 82 6913 576 0
J N 7 1281 21 4 1 0 0
K 0 0 43
K 0 0 60
K 0 21 60
A D 2 8
J R 7 1319 28 2 1729 576 0
K 0 0 48
A D 2 8
J N 7 1357 14 4 3457 576 0
K 0 0 43
K 0 0 60
K 0 21 60
A D 2 8
J R 7 1395 28 2 5185 576 0
K 0 0 48
A D 2 8
J B 9 1437 1 82 6913 576 0
J N 7 1458 -7 4 1 0 0
K 0 0 43
K 0 0 60
K 0 21 60
A D 2 8
J N 7 1496 -28 8 1729 576 0
K 0 14 45
K 0 0 45
K 0 0 43
K -1 0 45
K 2 0 45
K 0 0 60
K 0 28 60
A D 2 8
J N 7 1534 -14 7 3457 576 0
K 0 0 45
K 0 0 43
K -1 0 45
K 2 0 45
K 0 0 60
K 0 21 60
A D 2 8
J R 7 1572 28 2 5185 576 0
K 0 0 48
A D 2 8
J B 10 1614 1 82 6913 576 0
J R 9 1635 28 2 1 10000 0
K 0 0 46
A D 8 8
J B 11 1740 1 82 6913 2304 0
J N 7 1761 14 5 1 0 0
K 0 0 43
K 24 -6 44
K 0 0 60
K 0 21 60
A D 3 8
J N 6 1807 63 3 2593 864 0
K 0 0 43
K 0 0 53
A D 1 8
J N 6 1844 56 2 3457 288 1 1
K 0 0 43
A D 1 8
J N 6 1873 70 5 4321 288 1 1
K 1 0 45
K 0 0 43
K -1 0 45
K 2 0 45
A D 1 8
H 1 B 0 0 108 2 2 3
J N 7 1902 49 4 5185 288 1 2
K 0 0 43
K 0 0 59
K 0 -21 59
A D 2 8
J B 12 1944 1 82 6913 576 0
J N 7 1965 49 4 1 0 1 2
K 0 0 43
K 0 0 59
K 0 -21 59
A D 2 8
H 2 T 49 0 0 0 0 0 9 0
J N 7 2003 56 4 1729 576 0
K 0 0 43
K 0 0 59
K 0 -21 59
A D 2 8
J N 7 2041 49 4 3457 576 0
K 0 0 43
K 0 0 59
K 0 -21 59
A D 2 8
J R 7 2079 28 2 5185 576 0
K 0 0 48
A D 2 8
J B 13 2121 1 82 6913 576 0
J R 9 2142 28 2 1 10000 0
K 0 0 46
A D 8 8
J B 14 2247 1 82 6913 2304 0
J N 7 2268 14 5 1 0 0
K 0 0 43
K 24 -6 44
K 0 0 60
K 0 21 60
A D 3 8
J N 6 2314 63 3 2593 864 0
K 0 0 43
K 0 0 53
A D 1 8
J N 6 2351 56 2 3457 288 1 3
K 0 0 43
A D 1 8
J N 6 2380 70 5 4321 288 1 3
K 1 0 45
K 0 0 43
K -1 0 45
K 2 0 45
A D 1 8
H 3 B 0 0 108 2 2 3
J N 7 2409 49 4 5185 288 1 4
K 0 0 43
K 0 0 59
K 0 -21 59
A D 2 8
J B 15 2451 1 82 6913 576 0
J N 7 2472 49 4 1 0 1 4
K 0 0 43
K 0 0 59
K 0 -21 59
A D 2 8
H 4 T 49 0 0 0 0 0 9 0
J N 7 2510 56 4 1729 576 0
K 0 0 43
K 0 0 59
K 0 -21 59
A D 2 8
J N 8 2548 49 4 3457 576 0
K 0 0 42
K 0 0 59
K 0 -21 59
A D 4 8
J B 16 2627 10 6 6913 1152 0
K -22 21 44
K -22 35 44
K -12 0 84
K 0 0 84
K 11 21 44
K 11 35 44
J N 7 2664 35 4 1 0 0
K 0 0 43
K 0 0 59
K 0 -21 59
A D 2 8
J R 7 2702 28 2 1729 576 0
K 0 0 48
A D 2 8
J N 7 2740 21 4 3457 576 0
K 0 0 43
K 0 0 60
K 0 21 60
A D 2 8
J R 7 2778 28 2 5185 576 0
K 0 0 48
A D 2 8
J B 17 2820 1 82 6913 576 0
J N 7 2841 35 4 1 0 0
K 0 0 43
K 0 0 59
K 0 -21 59
A D 2 8
J R 7 2879 28 2 1729 576 0
K 0 0 48
A D 2 8
J N 7 2917 14 4 3457 576 0
K 0 0 43
K 0 0 60
K 0 21 60
A D 2 8
J R 7 2955 28 2 5185 576 0
K 0 0 48
A D 2 8
J B 18 2997 1 82 6913 576 0
J N 7 3018 28 4 1 0 0
K 0 0 43
K 0 0 60
K 0 21 60
A D 2 8
J R 7 3056 28 2 1729 576 0
K 0 0 48
A D 2 8
J N 7 3094 14 4 3457 576 0
K 0 0 43
K 0 0 60
K 0 21 60
A D 2 8
J R 7 3132 28 2 5185 576 0
K 0 0 48
A D 2 8
J B 19 3174 1 82 6913 576 0
J N 7 3195 28 4 1 0 0
K 0 0 43
K 0 0 60
K 0 21 60
A D 2 8
J R 7 3233 28 2 1729 576 0
K 0 0 48
A D 2 8
J N 7 3271 -7 4 3457 576 0
K 0 0 43
K 0 0 60
K 0 21 60
A D 2 8
J R 6 3309 28 2 5185 576 0
K 0 0 49
A D 1 8
J N 6 3338 0 3 6049 288 0
K 0 0 43
K 0 0 54
A D 1 8
J B 20 3371 1 82 6913 288 0
J N 6 3396 7 3 1 0 1 5
K -15 0 65
K 0 0 43
A D 1 8
J N 6 3425 -7 2 865 288 1 5
K 0 0 43
A D 1 8
J N 6 3454 0 2 1729 288 1 5
K 0 0 43
A D 1 8
J N 6 3483 7 2 2593 288 1 5
K 0 0 43
A D 1 8
H 5 B 1 0 108 4 2 1 1 3
J N 7 3512 7 4 3457 288 0
K 0 0 43
K 0 0 60
K 0 21 60
A D 2 8
J N 7 3550 14 4 5185 576 0
K 0 0 43
K 0 0 60
K 0 21 60
A D 2 8
J B 21 3592 1 82 6913 576 0
J N 7 3613 21 4 1 0 0
K 0 0 43
K 0 0 60
K 0 21 60
A D 2 8
J R 7 3651 28 2 1729 576 0
K 0 0 48
A D 2 8
J R 7 3689 28 2 3457 576 0
K 0 0 48
A D 2 8
J N 7 3727 -7 4 5185 576 0
K 0 0 43
K 0 0 60
K 0 21 60
A D 2 8
J B 22 3769 1 82 6913 576 0
J N 7 3793 7 5 1 0 0
K -15 0 65
K 0 0 43
K 0 0 60
K 0 21 60
A D 2 8
J R 7 3831 28 2 1729 576 0
K 0 0 48
A D 2 8
J R 7 3869 28 2 3457 576 0
K 0 0 48
A D 2 8
J N 7 3907 -14 7 5185 576 0
K 0 0 45
K 0 0 43
K -1 0 45
K 2 0 45
K 0 0 60
K 0 21 60
A D 2 8
J B 23 3949 1 82 6913 576 0
J N 7 3970 -21 7 1 0 0
K 0 7 45
K 0 0 43
K 0 7 45
K 1 7 45
K 0 0 60
K 0 21 60
A D 2 8
J N 7 4008 -14 7 1729 576 0
K 0 0 45
K 0 0 43
K -1 0 45
K 2 0 45
K 0 0 60
K 0 21 60
A D 2 8
J N 7 4046 -7 4 3457 576 0
K 0 0 43
K 0 0 60
K 0 21 60
A D 2 8
J N 7 4084 0 4 5185 576 0
K 0 0 43
K 0 0 60
K 0 21 60
A D 2 8
J B 24 4126 1 82 6913 576 0
J N 7 4150 7 5 1 0 0
K -15 0 65
K 0 0 43
K 0 0 60
K 0 21 60
A D 2 8
J N 7 4188 14 4 1729 576 0
K 0 0 43
K 0 0 60
K 0 21 60
A D 2 8
J N 7 4232 21 5 3457 576 0
K -18 0 63
K 0 0 43
K 0 0 60
K 0 21 60
A D 2 8
J N 7 4270 14 4 5185 576 1 6
K 0 0 43
K 0 0 60
K 0 21 60
A D 2 8
J B 25 4312 1 82 6913 576 0
J N 7 4333 14 4 1 0 1 6
K 0 0 43
K 0 0 60
K 0 21 60
A D 2 8
H 6 T 14 0 0 0 0 0 5 0
J N 7 4377 21 5 1729 576 0
K -18 0 63
K 0 0 43
K 0 0 60
K 0 21 60
A D 2 8
J N 6 4415 14 2 3457 576 1 7
K 0 0 43
A D 1 8
J N 6 4444 63 2 4321 288 1 7
K 0 0 43
A D 1 8
H 7 B 0 0 108 2 2 3
J N 7 4473 42 4 5185 288 1 8
K 0 0 43
K 0 0 59
K 0 -21 59
A D 2 8
J B 26 4515 1 82 6913 576 0
J N 6 4536 42 2 1 0 2 9 8
K 0 0 43
A D 1 8
H 8 T 42 0 0 0 0 0 13 0
J N 6 4565 35 2 865 288 1 9
K 0 0 43
A D 1 8
J N 6 4594 49 2 1729 288 1 9
K 0 0 43
A D 1 8
J N 6 4623 56 2 2593 288 1 9
K 0 0 43
A D 1 8
H 9 B 0 0 108 4 2 1 1 3
J N 7 4652 49 4 3457 288 0
K 0 0 43
K 0 0 59
K 0 -21 59
A D 2 8
J N 7 4690 56 4 5185 576 0
K 0 0 43
K 0 0 59
K 0 -21 59
A D 2 8
J B 27 4732 1 82 6913 576 0
J N 8 4753 63 4 1 0 0
K 0 0 42
K 0 0 59
K 0 -21 59
A D 4 8
J R 8 4806 28 2 3457 1152 0
K 0 0 47
A D 4 8
J B 28 4863 1 82 6913 1152 0
J R 8 4884 28 2 1 0 0
K 0 0 47
A D 4 8
J N 7 4937 28 4 3457 1152 0
K 0 0 43
K 0 0 60
K 0 21 60
A D 2 8
J N 7 4975 28 4 5185 576 0
K 0 0 43
K 0 0 60
K 0 21 60
A D 2 8
J B 29 5017 1 82 6913 576 0
J N 7 5038 35 4 1 0 0
K 0 0 43
K 0 0 59
K 0 -21 59
A D 2 8
J R 7 5076 28 2 1729 576 0
K 0 0 48
A D 2 8
J N 7 5114 0 4 3457 576 0
K 0 0 43
K 0 0 60
K 0 21 60
A D 2 8
J R 7 5152 28 2 5185 576 0
K 0 0 48
A D 2 8
J B 30 5194 1 82 6913 576 0
J N 7 5215 -7 4 1 0 0
K 0 0 43
K 0 0 60
K 0 21 60
A D 2 8
J R 7 5253 28 2 1729 576 0
K 0 0 48
A D 2 8
J N 7 5291 -7 4 3457 576 0
K 0 0 43
K 0 0 60
K 0 21 60
A D 2 8
J R 7 5329 28 2 5185 576 0
K 0 0 48
A D 2 8
J B 31 5371 1 82 6913 576 0
J N 7 5392 -14 7 1 0 0
K 0 0 45
K 0 0 43
K -1 0 45
K 2 0 45
K 0 0 60
K 0 21 60
A D 2 8
J R 7 5430 28 2 1729 576 0
K 0 0 48
A D 2 8
J R 8 5468 28 2 3457 576 0
K 0 0 47
A D 4 8
J B 32 5525 1 82 6913 1152 0
J R 8 5546 28 2 1 0 0
K 0 0 47
A D 4 8
J N 7 5599 -7 5 3457 1152 0
K 0 0 43
K 25 0 44
K 0 0 60
K 0 21 60
A D 3 8
J N 6 5645 42 3 6049 864 0
K 0 0 43
K 0 0 53
A D 1 8
J B 33 5689 1 82 6913 288 0
J N 6 5710 35 2 1 0 1 10
K 0 0 43
A D 1 8
J N 6 5739 49 2 865 288 1 10
K 0 0 43
A D 1 8
H 10 B 0 0 108 2 2 3
J N 8 5768 28 4 1729 288 0
K 0 0 42
K 0 0 60
K 0 21 60
A D 4 8
J N 7 5821 35 4 5185 1152 0
K 0 0 43
K 0 0 59
K 0 -21 59
A D 2 8
J B 34 5863 1 82 6913 576 0
J N 7 5884 28 4 1 0 0
K 0 0 43
K 0 0 60
K 0 21 60
A D 2 8
J R 7 5922 28 2 1729 576 0
K 0 0 48
A D 2 8
J R 8 5960 28 2 3457 576 0
K 0 0 47
A D 4 8
J B 35 6017 1 82 6913 1152 0
J R 8 6038 28 2 1 0 0
K 0 0 47
A D 4 8
J N 7 6091 -7 5 3457 1152 0
K 0 0 43
K 25 0 44
K 0 0 60
K 0 21 60
A D 3 8
J N 6 6137 42 3 6049 864 0
K 0 0 43
K 0 0 53
A D 1 8
J B 36 6181 1 82 6913 288 0
J N 6 6202 35 2 1 0 1 11
K 0 0 43
A D 1 8
J N 6 6231 49 2 865 288 1 11
K 0 0 43
A D 1 8
H 11 B 0 0 108 2 2 3
J N 8 6260 28 4 1729 288 0
K 0 0 42
K 0 0 60
K 0 21 60
A D 4 8
J N 7 6313 35 4 5185 1152 0
K 0 0 43
K 0 0 59
K 0 -21 59
A D 2 8
J B 37 6355 1 82 6913 576 0
J N 6 6376 28 2 1 0 1 12
K 0 0 43
A D 1 8
J N 6 6405 77 5 865 288 1 12
K 1 -7 45
K 0 0 43
K 0 -7 45
K 1 -7 45
A D 1 8
H 12 B 0 0 108 2 2 3
J N 8 6446 56 5 1729 288 0
K -15 0 65
K 0 0 42
K 0 0 59
K 0 -21 59
A D 4 8
J N 6 6499 63 2 5185 1152 1 13
K 0 0 43
A D 1 8
J N 6 6528 70 5 6049 288 1 13
K 1 0 45
K 0 0 43
K -1 0 45
K 2 0 45
A D 1 8
H 13 B 0 0 108 2 2 3
J B 38 6561 1 82 6913 288 0
J N 7 6582 63 4 1 0 0
K 0 0 43
K 0 0 59
K 0 -21 59
A D 2 8
J N 7 6620 70 7 1729 576 0
K 1 0 45
K 0 0 43
K -1 0 45
K 2 0 45
K 0 0 59
K 0 -21 59
A D 2 8
J N 8 6658 77 7 3457 576 0
K 1 -7 45
K 0 0 42
K 0 -7 45
K 1 -7 45
K 0 0 59
K 0 -21 59
A D 4 8
J B 0 6738 6 4 6913 1152 0
K -23 21 44
K -23 35 44
K -13 0 82
K -6 0 84
J M 0 6738 0 0 10000 0 0
