@ SOURCE: not identified 
L 0 0 14 !39Violino 2 concerto grosso
J D 4 500 -120 1 6913 0 0
W 0 0 44 II. Allemanda
J D 1 75 -37 1 6913 0 0
W 0 -56 44 II. Allemanda:  Violino 2 concerto grosso
J C 4 5 42 2 6913 0 0
K 0 0 33
K 0 0 34
J K -1 57 0 1 6913 0 0
K 0 28 65
J D 5 86 -42 1 6913 0 0
W 0 0 37 Allegro
J T 101 86 42 1 6913 0 0
K 0 0 37
J N 7 134 28 4 1 0 0
K 0 0 43
K 0 0 60
K 0 21 60
A D 4 16
J R 7 172 28 2 1729 576 0
K 0 0 48
A D 4 16
J N 7 210 35 4 3457 576 0
K 0 0 43
K 0 0 59
K 0 -21 59
A D 4 16
J R 7 248 28 2 5185 576 0
K 0 0 48
A D 4 16
J B 2 290 1 82 6913 576 0
J N 7 311 28 4 1 0 0
K 0 0 43
K 0 0 60
K 0 21 60
A D 4 16
J R 7 349 28 2 1729 576 0
K 0 0 48
A D 4 16
J R 8 387 28 2 3457 576 0
K 0 0 47
A D 8 16
J B 3 444 1 82 6913 1152 0
J N 7 465 14 4 1 0 0
K 0 0 43
K 0 0 60
K 0 21 60
A D 4 16
J N 7 505 7 5 1729 576 0
K -14 0 64
K 0 0 43
K 0 0 60
K 0 21 60
A D 4 16
J N 7 543 0 4 3457 576 0
K 0 0 43
K 0 0 60
K 0 21 60
A D 4 16
J R 7 581 28 2 5185 576 0
K 0 0 48
A D 4 16
J B 4 623 1 82 6913 576 0
J R 8 644 28 2 1 0 0
K 0 0 47
A D 8 16
J N 7 697 28 4 3457 1152 0
K 0 0 43
K 0 0 60
K 0 21 60
A D 4 16
J R 7 735 28 2 5185 576 0
K 0 0 48
A D 4 16
J B 5 777 1 82 6913 576 0
J R 8 798 28 2 1 0 0
K 0 0 47
A D 8 16
J N 7 851 21 4 3457 1152 0
K 0 0 43
K 0 0 60
K 0 21 60
A D 4 16
J R 7 889 28 2 5185 576 0
K 0 0 48
A D 4 16
J B 6 931 1 82 6913 576 0
J R 8 952 28 2 1 0 0
K 0 0 47
A D 8 16
J N 7 1005 28 4 3457 1152 0
K 0 0 43
K 0 0 60
K 0 21 60
A D 4 16
J R 7 1043 28 2 5185 576 0
K 0 0 48
A D 4 16
J B 7 1085 1 82 6913 576 0
J N 7 1106 35 4 1 0 0
K 0 0 43
K 0 0 59
K 0 -21 59
A D 4 16
J N 7 1144 35 4 1729 576 0
K 0 0 43
K 0 0 59
K 0 -21 59
A D 4 16
J N 7 1182 28 4 3457 576 0
K 0 0 43
K 0 0 60
K 0 21 60
A D 4 16
J R 7 1220 28 2 5185 576 0
K 0 0 48
A D 4 16
J B 8 1262 1 82 6913 576 0
J N 7 1283 49 4 1 0 0
K 0 0 43
K 0 0 59
K 0 -21 59
A D 4 16
J R 7 1321 28 2 1729 576 0
K 0 0 48
A D 4 16
J N 7 1359 49 4 3457 576 0
K 0 0 43
K 0 0 59
K 0 -21 59
A D 4 16
J R 7 1397 28 2 5185 576 0
K 0 0 48
A D 4 16
J B 9 1439 1 82 6913 576 0
J N 7 1460 7 4 1 0 0
K 0 0 43
K 0 0 60
K 0 21 60
A D 4 16
J N 7 1498 7 4 1729 576 0
K 0 0 43
K 0 0 60
K 0 21 60
A D 4 16
J N 7 1536 0 4 3457 576 0
K 0 0 43
K 0 0 60
K 0 21 60
A D 4 16
J R 7 1574 28 2 5185 576 0
K 0 0 48
A D 4 16
J B 10 1616 1 82 6913 576 0
J R 9 1637 28 2 1 10000 0
K 0 0 46
A D 16 16
J B 11 1742 1 82 6913 2304 0
J N 7 1763 49 4 1 0 0
K 0 0 43
K 0 0 59
K 0 -21 59
A D 4 16
J N 8 1801 28 4 1729 576 0
K 0 0 42
K 0 0 60
K 0 21 60
A D 8 16
J N 6 1854 21 3 5185 1152 1 1
K 0 0 43
K 25 0 44
A D 3 16
J N 5 1892 14 2 6481 432 1 1
K 0 0 43
A D 1 16
H 1 B 1 0 108 2 2 53
J B 12 1925 1 82 6913 144 0
J N 7 1946 35 4 1 0 0
K 0 0 43
K 0 0 59
K 0 -21 59
A D 4 16
J N 7 1984 42 4 1729 576 0
K 0 0 43
K 0 0 59
K 0 -21 59
A D 4 16
J N 7 2022 49 4 3457 576 0
K 0 0 43
K 0 0 59
K 0 -21 59
A D 4 16
J R 7 2060 28 2 5185 576 0
K 0 0 48
A D 4 16
J B 13 2102 1 82 6913 576 0
J R 9 2123 28 2 1 10000 0
K 0 0 46
A D 16 16
J B 14 2228 1 82 6913 2304 0
J N 7 2249 49 4 1 0 0
K 0 0 43
K 0 0 59
K 0 -21 59
A D 4 16
J N 8 2287 28 4 1729 576 0
K 0 0 42
K 0 0 60
K 0 21 60
A D 8 16
J N 6 2340 21 3 5185 1152 1 2
K 0 0 43
K 25 0 44
A D 3 16
J N 5 2378 14 2 6481 432 1 2
K 0 0 43
A D 1 16
H 2 B 1 0 108 2 2 53
J B 15 2411 1 82 6913 144 0
J N 7 2432 35 4 1 0 0
K 0 0 43
K 0 0 59
K 0 -21 59
A D 4 16
J N 7 2470 42 4 1729 576 0
K 0 0 43
K 0 0 59
K 0 -21 59
A D 4 16
J N 8 2508 49 4 3457 576 0
K 0 0 42
K 0 0 59
K 0 -21 59
A D 8 16
J B 16 2587 10 6 6913 1152 0
K -22 21 44
K -22 35 44
K -12 0 84
K 0 0 84
K 11 21 44
K 11 35 44
J N 7 2624 21 4 1 0 0
K 0 0 43
K 0 0 60
K 0 21 60
A D 4 16
J R 7 2662 28 2 1729 576 0
K 0 0 48
A D 4 16
J N 7 2700 42 4 3457 576 0
K 0 0 43
K 0 0 59
K 0 -21 59
A D 4 16
J R 7 2738 28 2 5185 576 0
K 0 0 48
A D 4 16
J B 17 2780 1 82 6913 576 0
J N 7 2801 21 4 1 0 0
K 0 0 43
K 0 0 60
K 0 21 60
A D 4 16
J R 7 2839 28 2 1729 576 0
K 0 0 48
A D 4 16
J N 7 2877 35 4 3457 576 0
K 0 0 43
K 0 0 59
K 0 -21 59
A D 4 16
J R 7 2915 28 2 5185 576 0
K 0 0 48
A D 4 16
J B 18 2957 1 82 6913 576 0
J N 7 2978 63 4 1 0 0
K 0 0 43
K 0 0 59
K 0 -21 59
A D 4 16
J R 7 3016 28 2 1729 576 0
K 0 0 48
A D 4 16
J N 7 3054 35 4 3457 576 0
K 0 0 43
K 0 0 59
K 0 -21 59
A D 4 16
J R 7 3092 28 2 5185 576 0
K 0 0 48
A D 4 16
J B 19 3134 1 82 6913 576 0
J N 7 3155 63 4 1 0 0
K 0 0 43
K 0 0 59
K 0 -21 59
A D 4 16
J R 7 3193 28 2 1729 576 0
K 0 0 48
A D 4 16
J N 7 3231 14 4 3457 576 0
K 0 0 43
K 0 0 60
K 0 21 60
A D 4 16
J R 6 3269 28 2 5185 576 0
K 0 0 49
A D 2 16
J N 6 3298 14 3 6049 288 0
K 0 0 43
K 0 0 54
A D 2 16
J B 20 3331 1 82 6913 288 0
J N 6 3352 42 2 1 0 1 3
K 0 0 43
A D 2 16
J N 6 3385 7 3 865 288 1 3
K -15 0 65
K 0 0 43
A D 2 16
J N 6 3414 14 2 1729 288 1 3
K 0 0 43
A D 2 16
J N 6 3443 21 2 2593 288 1 3
K 0 0 43
A D 2 16
H 3 B 1 0 108 4 2 1 1 3
J N 7 3472 21 4 3457 288 0
K 0 0 43
K 0 0 60
K 0 21 60
A D 4 16
J N 7 3512 28 5 5185 576 0
K -14 0 64
K 0 0 43
K 0 0 60
K 0 21 60
A D 4 16
J B 21 3554 1 82 6913 576 0
J N 7 3575 21 4 1 0 0
K 0 0 43
K 0 0 60
K 0 21 60
A D 4 16
J R 7 3613 28 2 1729 576 0
K 0 0 48
A D 4 16
J R 7 3651 28 2 3457 576 0
K 0 0 48
A D 4 16
J N 7 3689 14 4 5185 576 0
K 0 0 43
K 0 0 60
K 0 21 60
A D 4 16
J B 22 3731 1 82 6913 576 0
J N 7 3752 42 4 1 0 0
K 0 0 43
K 0 0 59
K 0 -21 59
A D 4 16
J R 7 3790 28 2 1729 576 0
K 0 0 48
A D 4 16
J R 7 3828 28 2 3457 576 0
K 0 0 48
A D 4 16
J N 7 3866 7 4 5185 576 0
K 0 0 43
K 0 0 60
K 0 21 60
A D 4 16
J B 23 3908 1 82 6913 576 0
J N 7 3929 0 4 1 0 0
K 0 0 43
K 0 0 60
K 0 21 60
A D 4 16
J N 7 3967 7 4 1729 576 0
K 0 0 43
K 0 0 60
K 0 21 60
A D 4 16
J N 7 4005 14 4 3457 576 0
K 0 0 43
K 0 0 60
K 0 21 60
A D 4 16
J N 7 4043 21 4 5185 576 0
K 0 0 43
K 0 0 60
K 0 21 60
A D 4 16
J B 24 4085 1 82 6913 576 0
J N 7 4106 28 4 1 0 0
K 0 0 43
K 0 0 60
K 0 21 60
A D 4 16
J N 7 4144 35 4 1729 576 0
K 0 0 43
K 0 0 59
K 0 -21 59
A D 4 16
J N 7 4182 42 4 3457 576 0
K 0 0 43
K 0 0 59
K 0 -21 59
A D 4 16
J N 6 4220 49 3 5185 576 2 4 5
K 0 0 43
K 25 0 44
A D 3 16
J N 5 4258 56 2 6481 432 2 5 4
K 0 0 43
A D 1 16
H 5 B 0 0 108 2 2 53
H 4 S 12 0 0 0 0 0 0 0 0
J B 25 4291 1 82 6913 144 0
J N 7 4312 49 4 1 0 0
K 0 0 43
K 0 0 59
K 0 -21 59
A D 4 16
J N 7 4350 56 4 1729 576 0
K 0 0 43
K 0 0 59
K 0 -21 59
A D 4 16
J N 7 4388 63 4 3457 576 0
K 0 0 43
K 0 0 59
K 0 -21 59
A D 4 16
J R 6 4426 28 2 5185 576 0
K 0 0 49
A D 2 16
J N 6 4455 28 3 6049 288 0
K 0 0 43
K 0 0 54
A D 2 16
J B 26 4488 1 82 6913 288 0
J N 6 4515 70 6 1 0 1 6
K 1 0 45
K -18 0 63
K 0 0 43
K -1 0 45
K 2 0 45
A D 2 16
J N 6 4544 84 6 865 288 1 6
K 1 -14 45
K 1 0 45
K 0 0 43
K -1 0 45
K 2 0 45
A D 2 16
H 6 B 0 0 108 2 2 3
J N 8 4573 63 4 1729 288 0
K 0 0 42
K 0 0 59
K 0 -21 59
A D 8 16
J N 7 4626 70 8 5185 1152 0
K 1 0 45
K -18 0 63
K 0 0 43
K -1 0 45
K 2 0 45
K 0 0 59
K 0 -21 59
A D 4 16
J B 27 4668 1 82 6913 576 0
J N 8 4689 63 4 1 0 0
K 0 0 42
K 0 0 59
K 0 -21 59
A D 8 16
J R 8 4742 28 2 3457 1152 0
K 0 0 47
A D 8 16
J B 28 4799 1 82 6913 1152 0
J R 8 4820 28 2 1 0 0
K 0 0 47
A D 8 16
J N 7 4873 14 4 3457 1152 0
K 0 0 43
K 0 0 60
K 0 21 60
A D 4 16
J N 7 4913 7 5 5185 576 0
K -14 0 64
K 0 0 43
K 0 0 60
K 0 21 60
A D 4 16
J B 29 4955 1 82 6913 576 0
J N 7 4976 0 4 1 0 0
K 0 0 43
K 0 0 60
K 0 21 60
A D 4 16
J R 7 5014 28 2 1729 576 0
K 0 0 48
A D 4 16
J N 7 5052 28 4 3457 576 0
K 0 0 43
K 0 0 60
K 0 21 60
A D 4 16
J R 7 5090 28 2 5185 576 0
K 0 0 48
A D 4 16
J B 30 5132 1 82 6913 576 0
J N 7 5153 28 4 1 0 0
K 0 0 43
K 0 0 60
K 0 21 60
A D 4 16
J R 7 5191 28 2 1729 576 0
K 0 0 48
A D 4 16
J N 7 5229 21 4 3457 576 0
K 0 0 43
K 0 0 60
K 0 21 60
A D 4 16
J R 7 5267 28 2 5185 576 0
K 0 0 48
A D 4 16
J B 31 5309 1 82 6913 576 0
J N 7 5330 21 4 1 0 0
K 0 0 43
K 0 0 60
K 0 21 60
A D 4 16
J R 7 5368 28 2 1729 576 0
K 0 0 48
A D 4 16
J R 8 5406 28 2 3457 576 0
K 0 0 47
A D 8 16
J B 32 5463 1 82 6913 1152 0
J R 8 5484 28 2 1 0 0
K 0 0 47
A D 8 16
J N 7 5537 28 4 3457 1152 0
K 0 0 43
K 0 0 60
K 0 21 60
A D 4 16
J N 7 5575 7 5 5185 576 1 7
K -15 0 65
K 0 0 43
K 0 0 60
K 0 21 60
A D 4 16
J B 33 5617 1 82 6913 576 0
J N 7 5641 7 5 1 0 1 7
k -15 0 65
K 0 0 43
K 0 0 60
K 0 21 60
A D 4 16
H 7 T 7 0 0 0 0 0 1 0
J N 6 5679 0 3 1729 576 1 8
K 0 0 43
K 24 -6 44
A D 3 16
J N 5 5716 -7 2 3025 432 1 8
K 0 0 43
A D 1 16
H 8 B 1 0 108 2 2 53
J N 7 5745 14 4 3457 144 0
K 0 0 43
K 0 0 60
K 0 21 60
A D 4 16
J N 7 5783 21 4 5185 576 0
K 0 0 43
K 0 0 60
K 0 21 60
A D 4 16
J B 34 5825 1 82 6913 576 0
J N 7 5846 28 4 1 0 0
K 0 0 43
K 0 0 60
K 0 21 60
A D 4 16
J R 7 5884 28 2 1729 576 0
K 0 0 48
A D 4 16
J R 8 5922 28 2 3457 576 0
K 0 0 47
A D 8 16
J B 35 5979 1 82 6913 1152 0
J R 8 6000 28 2 1 0 0
K 0 0 47
A D 8 16
J N 7 6053 28 4 3457 1152 0
K 0 0 43
K 0 0 60
K 0 21 60
A D 4 16
J N 7 6091 7 5 5185 576 1 9
K -15 0 65
K 0 0 43
K 0 0 60
K 0 21 60
A D 4 16
J B 36 6133 1 82 6913 576 0
J N 7 6157 7 5 1 0 1 9
k -15 0 65
K 0 0 43
K 0 0 60
K 0 21 60
A D 4 16
H 9 T 7 0 0 0 0 0 1 0
J N 6 6195 0 3 1729 576 1 10
K 0 0 43
K 24 -6 44
A D 3 16
J N 5 6232 -7 2 3025 432 1 10
K 0 0 43
A D 1 16
H 10 B 1 0 108 2 2 53
J N 7 6261 14 4 3457 144 0
K 0 0 43
K 0 0 60
K 0 21 60
A D 4 16
J N 7 6299 21 4 5185 576 0
K 0 0 43
K 0 0 60
K 0 21 60
A D 4 16
J B 37 6341 1 82 6913 576 0
J N 7 6362 28 4 1 0 0
K 0 0 43
K 0 0 60
K 0 21 60
A D 4 16
J R 6 6400 28 2 1729 576 0
K 0 0 49
A D 2 16
J N 6 6429 42 3 2593 288 0
K 0 0 43
K 0 0 53
A D 2 16
J N 7 6462 84 8 3457 288 0
K 1 -14 45
K 1 0 45
K 0 0 43
K -1 0 45
K 2 0 45
K 0 0 59
K 0 -28 59
A D 4 16
J N 7 6500 77 7 5185 576 1 11
K 1 -7 45
K 0 0 43
K 0 -7 45
K 1 -7 45
K 0 0 59
K 0 -21 59
A D 4 16
J B 38 6542 1 82 6913 576 0
J N 7 6563 77 7 1 0 1 11
K 1 -7 45
K 0 0 43
K 0 -7 45
K 1 -7 45
K 0 0 59
K 0 -21 59
A D 4 16
H 11 T 77 0 0 0 0 0 9 0
J N 7 6601 84 8 1729 576 0
K 1 -14 45
K 1 0 45
K 0 0 43
K -1 0 45
K 2 0 45
K 0 0 59
K 0 -28 59
A D 4 16
J N 8 6639 77 7 3457 576 0
K 1 -7 45
K 0 0 42
K 0 -7 45
K 1 -7 45
K 0 0 59
K 0 -21 59
A D 8 16
J B 0 6719 6 4 6913 1152 0
K -23 21 44
K -23 35 44
K -13 0 82
K -6 0 84
J M 0 6719 0 0 10000 0 0
