@ SOURCE: not identified 
L 0 0 14 !39Violino 1 concertino
J D 4 500 -120 1 6913 0 0
W 0 0 44 V. Giga
J D 1 75 -37 1 6913 0 0
W 0 -56 44 V. Giga:  Violino 1 concertino
J C 4 5 42 2 6913 0 0
K 0 0 33
K 0 0 34
J K -1 57 0 1 6913 0 0
K 0 28 65
J D 5 86 -42 1 6913 0 0
W 0 0 37 Allegro
J T 608 95 0 2 6913 0 0
K -10 28 77
K -10 56 79
J N 6 134 21 3 1 0 0
K 0 0 43
K 0 0 54
A D 2 16
J B 1 167 1 82 6913 288 0
J N 6 188 0 2 1 0 2 1 2
K 0 0 43
A D 2 16
J N 6 217 -7 2 1153 288 1 2
K 0 0 43
A D 2 16
J N 6 246 7 2 2305 288 2 2 1
K 0 0 43
A D 2 16
H 2 B 1 0 108 3 2 1 3
H 1 S 0 0 -7 0 -7 0 0 0 0
J N 6 275 0 4 3457 288 2 3 4
K 0 0 43
K 24 -6 44
K 0 -22 236
A D 3 16
J N 5 312 7 2 5185 432 1 4
K 0 0 43
A D 1 16
J N 6 341 0 2 5761 144 2 4 3
K 0 0 43
A D 2 16
H 4 B 1 0 108 3 2 51 3
H 3 S 0 0 0 0 0 0 0 0 0
J B 2 374 1 82 6913 288 0
J N 7 395 -7 4 1 0 0
K 0 0 43
K 0 0 60
K 0 21 60
A D 4 16
J N 6 433 21 3 2305 576 0
K 0 0 43
K 0 0 54
A D 2 16
J N 7 462 56 4 3457 288 0
K 0 0 43
K 0 0 59
K 0 -21 59
A D 4 16
J N 6 500 21 3 5761 576 0
K 0 0 43
K 0 0 54
A D 2 16
J B 3 533 1 82 6913 288 0
J N 6 554 -7 2 1 0 2 5 6
K 0 0 43
A D 2 16
J N 6 583 -14 5 1153 288 1 6
K 0 0 45
K 0 0 43
K -1 0 45
K 2 0 45
A D 2 16
J N 6 612 0 2 2305 288 2 6 5
K 0 0 43
A D 2 16
H 6 B 1 0 108 3 2 1 3
H 5 S 0 0 -7 0 -7 0 0 0 0
J N 6 641 -7 4 3457 288 2 7 8
K 0 0 43
K 25 0 44
K 0 -22 236
A D 3 16
J N 5 679 0 2 5185 432 1 8
K 0 0 43
A D 1 16
J N 6 708 -7 2 5761 144 2 8 7
K 0 0 43
A D 2 16
H 8 B 1 0 108 3 2 51 3
H 7 S 0 0 0 0 0 0 0 0 0
J B 4 741 1 82 6913 288 0
J N 7 762 -14 7 1 0 0
K 0 0 45
K 0 0 43
K -1 0 45
K 2 0 45
K 0 0 60
K 0 21 60
A D 4 16
J N 6 800 21 3 2305 576 0
K 0 0 43
K 0 0 54
A D 2 16
J N 7 829 49 4 3457 288 0
K 0 0 43
K 0 0 59
K 0 -21 59
A D 4 16
J N 6 867 21 3 5761 576 0
K 0 0 43
K 0 0 54
A D 2 16
J B 5 900 1 82 6913 288 0
J N 6 921 -14 5 1 0 2 9 10
K 0 0 45
K 0 0 43
K -1 0 45
K 2 0 45
A D 2 16
J N 6 950 -7 2 1153 288 1 10
K 0 0 43
A D 2 16
J N 6 979 0 2 2305 288 2 10 9
K 0 0 43
A D 2 16
H 10 B 1 0 108 3 2 1 3
H 9 S 0 0 0 0 0 0 0 0 0
J N 6 1008 -14 5 3457 288 2 11 12
K 0 0 45
K 0 0 43
K -1 0 45
K 2 0 45
A D 2 16
J N 6 1037 -7 2 4609 288 1 12
K 0 0 43
A D 2 16
J N 6 1066 0 2 5761 288 2 12 11
K 0 0 43
A D 2 16
H 12 B 1 0 108 3 2 1 3
H 11 S 0 0 0 0 0 0 0 0 0
J B 6 1099 1 82 6913 288 0
J N 6 1120 -7 2 1 0 2 13 14
K 0 0 43
A D 2 16
J N 6 1149 0 2 1153 288 1 14
K 0 0 43
A D 2 16
J N 6 1178 7 2 2305 288 2 14 13
K 0 0 43
A D 2 16
H 14 B 1 0 108 3 2 1 3
H 13 S 0 0 0 0 0 0 0 0 0
J N 6 1207 -7 2 3457 288 2 15 16
K 0 0 43
A D 2 16
J N 6 1236 0 2 4609 288 1 16
K 0 0 43
A D 2 16
J N 6 1265 7 2 5761 288 2 16 15
K 0 0 43
A D 2 16
H 16 B 1 0 108 3 2 1 3
H 15 S 0 0 0 0 0 0 0 0 0
J B 7 1298 1 82 6913 288 0
J N 6 1319 14 2 1 0 2 17 18
K 0 0 43
A D 2 16
J N 6 1348 7 2 1153 288 1 18
K 0 0 43
A D 2 16
J N 6 1377 21 2 2305 288 2 18 17
K 0 0 43
A D 2 16
H 18 B 1 0 108 3 2 1 3
H 17 S 0 0 -7 0 -7 0 0 0 0
J N 6 1406 42 2 3457 288 2 19 20
K 0 0 43
A D 2 16
J N 6 1435 21 2 4609 288 1 20
K 0 0 43
A D 2 16
J N 6 1475 28 3 5761 288 2 20 19
K -14 0 64
K 0 0 43
A D 2 16
H 20 B 0 0 108 3 2 1 3
H 19 S 12 0 0 0 0 0 0 0 0
J B 8 1508 1 82 6913 288 0
J N 7 1529 70 8 1 0 0
K 1 0 45
K 0 0 43
K -1 0 45
K 2 0 45
K 24 -6 44
K 0 0 59
K 0 -21 59
A D 6 16
J R 7 1575 28 2 3457 864 0
K 0 0 48
A D 4 16
J N 6 1613 -28 8 5761 576 0
K 0 14 45
K 0 0 45
K 0 0 43
K -1 0 45
K 2 0 45
K 0 0 60
K 0 7 54
A D 2 16
J B 9 1646 1 82 6913 288 0
J N 6 1667 -28 6 1 0 2 21 22
K 0 14 45
K 0 0 45
K 0 0 43
K -1 0 45
K 2 0 45
A D 2 16
J N 6 1696 -14 5 1153 288 1 22
K 0 0 45
K 0 0 43
K -1 0 45
K 2 0 45
A D 2 16
J N 6 1725 -21 5 2305 288 2 22 21
K 0 7 45
K 0 0 43
K 0 7 45
K 1 7 45
A D 2 16
H 22 B 1 0 108 3 2 1 3
H 21 S 0 0 0 0 0 0 0 0 0
J N 6 1754 -28 6 3457 288 2 23 24
K 0 14 45
K 0 0 45
K 0 0 43
K -1 0 45
K 2 0 45
A D 2 16
J N 6 1783 -14 5 4609 288 1 24
K 0 0 45
K 0 0 43
K -1 0 45
K 2 0 45
A D 2 16
J N 6 1812 -28 6 5761 288 2 24 23
K 0 14 45
K 0 0 45
K 0 0 43
K -1 0 45
K 2 0 45
A D 2 16
H 24 B 1 0 108 3 2 1 3
H 23 S 0 0 0 0 0 0 0 0 0
J B 10 1845 1 82 6913 288 0
J N 7 1866 -28 8 1 0 0
K 0 14 45
K 0 0 45
K 0 0 43
K -1 0 45
K 2 0 45
K 0 0 60
K 0 28 60
A D 4 16
J N 6 1904 0 3 2305 576 0
K 0 0 43
K 0 0 54
A D 2 16
J N 7 1933 0 4 3457 288 0
K 0 0 43
K 0 0 60
K 0 21 60
A D 4 16
J N 6 1971 -21 7 5761 576 0
K 0 7 45
K 0 0 43
K 0 7 45
K 1 7 45
K 0 0 60
K 0 0 54
A D 2 16
J B 11 2004 1 82 6913 288 0
J N 6 2025 -21 5 1 0 2 25 26
K 0 7 45
K 0 0 43
K 0 7 45
K 1 7 45
A D 2 16
J N 6 2054 -28 6 1153 288 1 26
K 0 14 45
K 0 0 45
K 0 0 43
K -1 0 45
K 2 0 45
A D 2 16
J N 6 2083 -14 5 2305 288 2 26 25
K 0 0 45
K 0 0 43
K -1 0 45
K 2 0 45
A D 2 16
H 26 B 1 0 108 3 2 1 3
H 25 S 0 0 -7 0 -7 0 0 0 0
J N 6 2112 -21 5 3457 288 2 27 28
K 0 7 45
K 0 0 43
K 0 7 45
K 1 7 45
A D 2 16
J N 6 2141 -28 6 4609 288 1 28
K 0 14 45
K 0 0 45
K 0 0 43
K -1 0 45
K 2 0 45
A D 2 16
J N 6 2170 -14 5 5761 288 2 28 27
K 0 0 45
K 0 0 43
K -1 0 45
K 2 0 45
A D 2 16
H 28 B 1 0 108 3 2 1 3
H 27 S 0 0 -7 0 -7 0 0 0 0
J B 12 2203 1 82 6913 288 0
J N 7 2224 -21 7 1 0 0
K 0 7 45
K 0 0 43
K 0 7 45
K 1 7 45
K 0 0 60
K 0 21 60
A D 4 16
J N 6 2262 7 3 2305 576 0
K 0 0 43
K 0 0 54
A D 2 16
J N 7 2291 7 4 3457 288 0
K 0 0 43
K 0 0 60
K 0 21 60
A D 4 16
J N 6 2329 -14 6 5761 576 0
K 0 0 45
K 0 0 43
K -1 0 45
K 2 0 45
K 0 0 54
A D 2 16
J B 13 2362 1 82 6913 288 0
J N 6 2383 -14 5 1 0 2 29 30
K 0 0 45
K 0 0 43
K -1 0 45
K 2 0 45
A D 2 16
J N 6 2412 0 2 1153 288 1 30
K 0 0 43
A D 2 16
J N 6 2441 -7 2 2305 288 2 30 29
K 0 0 43
A D 2 16
H 30 B 1 0 108 3 2 1 3
H 29 S 0 0 0 0 0 0 0 0 0
J N 6 2470 -14 5 3457 288 2 31 32
K 0 0 45
K 0 0 43
K -1 0 45
K 2 0 45
A D 2 16
J N 6 2499 0 2 4609 288 1 32
K 0 0 43
A D 2 16
J N 6 2528 -14 5 5761 288 2 32 31
K 0 0 45
K 0 0 43
K -1 0 45
K 2 0 45
A D 2 16
H 32 B 1 0 108 3 2 1 3
H 31 S 0 0 0 0 0 0 0 0 0
J B 14 2561 1 82 6913 288 0
J N 7 2582 -14 7 1 0 0
K 0 0 45
K 0 0 43
K -1 0 45
K 2 0 45
K 0 0 60
K 0 21 60
A D 4 16
J N 6 2620 14 3 2305 576 0
K 0 0 43
K 0 0 54
A D 2 16
J N 6 2649 14 2 3457 288 2 33 34
K 0 0 43
A D 2 16
J N 6 2678 7 2 4609 288 1 34
K 0 0 43
A D 2 16
J N 6 2707 0 2 5761 288 2 34 33
K 0 0 43
A D 2 16
H 34 B 1 0 108 3 2 1 3
H 33 S 0 0 0 0 0 0 0 0 0
J B 15 2740 1 82 6913 288 0
J N 6 2761 -7 2 1 0 2 35 36
K 0 0 43
A D 2 16
J N 6 2790 -14 5 1153 288 1 36
K 0 0 45
K 0 0 43
K -1 0 45
K 2 0 45
A D 2 16
J N 6 2819 0 2 2305 288 2 36 35
K 0 0 43
A D 2 16
H 36 B 1 0 108 3 2 1 3
H 35 S 0 0 -7 0 -7 0 0 0 0
J N 6 2848 -7 2 3457 288 2 37 38
K 0 0 43
A D 2 16
J N 6 2877 -14 5 4609 288 1 38
K 0 0 45
K 0 0 43
K -1 0 45
K 2 0 45
A D 2 16
J N 6 2906 0 2 5761 288 2 38 37
K 0 0 43
A D 2 16
H 38 B 1 0 108 3 2 1 3
H 37 S 0 0 -7 0 -7 0 0 0 0
J B 16 2939 1 82 6913 288 0
J N 7 2960 7 5 1 0 0
K 0 0 43
K 25 0 44
K 0 0 60
K 0 21 60
A D 6 16
J R 7 3006 28 2 3457 864 0
K 0 0 48
A D 4 16
J N 6 3044 21 3 5761 576 0
K 0 0 43
K 0 0 54
A D 2 16
J B 17 3077 1 82 6913 288 0
J N 6 3098 14 2 1 0 2 39 40
K 0 0 43
A D 2 16
J N 6 3127 21 2 1153 288 1 40
K 0 0 43
A D 2 16
J N 6 3156 14 2 2305 288 2 40 39
K 0 0 43
A D 2 16
H 40 B 1 0 108 3 2 1 3
H 39 S 0 0 0 0 0 0 0 0 0
J N 7 3185 77 7 3457 288 0
K 1 -7 45
K 0 0 43
K 0 -7 45
K 1 -7 45
K 0 0 59
K 0 -21 59
A D 4 16
J N 6 3223 14 3 5761 576 0
K 0 0 43
K 0 0 54
A D 2 16
J B 18 3256 1 82 6913 288 0
J N 7 3277 7 4 1 0 0
K 0 0 43
K 0 0 60
K 0 21 60
A D 4 16
J N 6 3315 42 3 2305 576 0
K 0 0 43
K 0 0 53
A D 2 16
J N 7 3348 70 7 3457 288 0
K 1 0 45
K 0 0 43
K -1 0 45
K 2 0 45
K 0 0 59
K 0 -21 59
A D 4 16
J N 6 3386 7 3 5761 576 0
K 0 0 43
K 0 0 54
A D 2 16
J B 19 3419 1 82 6913 288 0
J N 6 3440 0 2 1 0 2 41 42
K 0 0 43
A D 2 16
J N 6 3469 7 2 1153 288 1 42
K 0 0 43
A D 2 16
J N 6 3498 0 2 2305 288 2 42 41
K 0 0 43
A D 2 16
H 42 B 1 0 108 3 2 1 3
H 41 S 0 0 0 0 0 0 0 0 0
J N 7 3527 63 4 3457 288 0
K 0 0 43
K 0 0 59
K 0 -21 59
A D 4 16
J N 6 3565 0 3 5761 576 0
K 0 0 43
K 0 0 54
A D 2 16
J B 20 3598 1 82 6913 288 0
J N 7 3619 -7 4 1 0 0
K 0 0 43
K 0 0 60
K 0 21 60
A D 4 16
J N 6 3657 21 3 2305 576 0
K 0 0 43
K 0 0 54
A D 2 16
J N 7 3686 56 4 3457 288 0
K 0 0 43
K 0 0 59
K 0 -21 59
A D 4 16
J N 6 3724 -7 3 5761 576 0
K 0 0 43
K 0 0 54
A D 2 16
J B 21 3757 1 82 6913 288 0
J N 6 3778 -14 5 1 0 2 43 44
K 0 0 45
K 0 0 43
K -1 0 45
K 2 0 45
A D 2 16
J N 6 3807 -7 2 1153 288 1 44
K 0 0 43
A D 2 16
J N 6 3836 0 2 2305 288 2 44 43
K 0 0 43
A D 2 16
H 44 B 1 0 108 3 2 1 3
H 43 S 0 0 0 0 0 0 0 0 0
J N 6 3865 -21 5 3457 288 2 45 46
K 0 7 45
K 0 0 43
K 0 7 45
K 1 7 45
A D 2 16
J N 6 3894 -14 5 4609 288 1 46
K 0 0 45
K 0 0 43
K -1 0 45
K 2 0 45
A D 2 16
J N 6 3923 -7 2 5761 288 2 46 45
K 0 0 43
A D 2 16
H 46 B 1 0 108 3 2 1 3
H 45 S 0 0 0 0 0 0 0 0 0
J B 22 3956 1 82 6913 288 0
J N 7 3977 -28 8 1 0 0
K 0 14 45
K 0 0 45
K 0 0 43
K -1 0 45
K 2 0 45
K 0 0 60
K 0 28 60
A D 4 16
J N 6 4015 21 3 2305 576 0
K 0 0 43
K 0 0 54
A D 2 16
J N 7 4044 0 5 3457 288 1 47
K 0 0 43
K 24 -6 44
K 0 0 60
K 0 21 60
A D 6 16
J B 23 4094 1 82 6913 864 0
J N 6 4115 0 2 1 0 2 48 47
K 0 0 43
A D 2 16
H 47 T 0 0 0 0 0 0 5 0
J N 6 4144 -7 2 1153 288 2 49 48
K 0 0 43
A D 2 16
J N 6 4173 0 2 2305 288 2 48 49
K 0 0 43
A D 2 16
H 48 B 1 0 108 3 2 1 3
H 49 S 0 0 0 0 0 0 0 0 0
J N 6 4202 21 2 3457 288 2 50 51
K 0 0 43
A D 2 16
J N 6 4231 0 2 4609 288 1 51
K 0 0 43
A D 2 16
J N 6 4260 7 2 5761 288 2 51 50
K 0 0 43
A D 2 16
H 51 B 1 0 108 3 2 1 3
H 50 S 0 0 -7 0 -7 0 0 0 0
J B 24 4293 1 82 6913 288 0
J N 7 4314 0 5 1 0 0
K 0 0 43
K 24 -6 44
K 0 0 60
K 0 21 60
A D 6 16
J R 7 4360 28 2 3457 864 0
K 0 0 48
A D 4 16
J N 6 4398 21 3 5761 576 0
K 0 0 43
K 0 0 54
A D 2 16
J B 25 4431 1 82 6913 288 0
J N 6 4452 14 2 1 0 2 52 53
K 0 0 43
A D 2 16
J N 6 4481 21 2 1153 288 1 53
K 0 0 43
A D 2 16
J N 6 4510 14 2 2305 288 2 53 52
K 0 0 43
A D 2 16
H 53 B 1 0 108 3 2 1 3
H 52 S 0 0 0 0 0 0 0 0 0
J N 6 4539 14 2 3457 288 2 54 55
K 0 0 43
A D 2 16
J N 6 4568 21 2 4609 288 1 55
K 0 0 43
A D 2 16
J N 6 4597 14 2 5761 288 2 55 54
K 0 0 43
A D 2 16
H 55 B 1 0 108 3 2 1 3
H 54 S 0 0 0 0 0 0 0 0 0
J B 26 4630 1 82 6913 288 0
J N 6 4651 7 2 1 0 2 56 57
K 0 0 43
A D 2 16
J N 6 4680 14 2 1153 288 1 57
K 0 0 43
A D 2 16
J N 6 4709 7 2 2305 288 2 57 56
K 0 0 43
A D 2 16
H 57 B 1 0 108 3 2 1 3
H 56 S 0 0 0 0 0 0 0 0 0
J N 6 4738 7 2 3457 288 2 58 59
K 0 0 43
A D 2 16
J N 6 4767 14 2 4609 288 1 59
K 0 0 43
A D 2 16
J N 6 4796 7 2 5761 288 2 59 58
K 0 0 43
A D 2 16
H 59 B 1 0 108 3 2 1 3
H 58 S 0 0 0 0 0 0 0 0 0
J B 27 4829 1 82 6913 288 0
J N 6 4850 0 2 1 0 2 60 61
K 0 0 43
A D 2 16
J N 6 4879 7 2 1153 288 1 61
K 0 0 43
A D 2 16
J N 6 4908 0 2 2305 288 2 61 60
K 0 0 43
A D 2 16
H 61 B 1 0 108 3 2 1 3
H 60 S 0 0 0 0 0 0 0 0 0
J N 6 4937 0 2 3457 288 2 62 63
K 0 0 43
A D 2 16
J N 6 4966 7 2 4609 288 1 63
K 0 0 43
A D 2 16
J N 6 4995 0 2 5761 288 2 63 62
K 0 0 43
A D 2 16
H 63 B 1 0 108 3 2 1 3
H 62 S 0 0 0 0 0 0 0 0 0
J B 28 5028 1 82 6913 288 0
J N 6 5049 -7 2 1 0 2 64 65
K 0 0 43
A D 2 16
J N 6 5078 0 2 1153 288 1 65
K 0 0 43
A D 2 16
J N 6 5107 -7 2 2305 288 2 65 64
K 0 0 43
A D 2 16
H 65 B 1 0 108 3 2 1 3
H 64 S 0 0 0 0 0 0 0 0 0
J N 6 5136 -7 2 3457 288 2 66 67
K 0 0 43
A D 2 16
J N 6 5165 0 2 4609 288 1 67
K 0 0 43
A D 2 16
J N 6 5194 -7 2 5761 288 2 67 66
K 0 0 43
A D 2 16
H 67 B 1 0 108 3 2 1 3
H 66 S 0 0 0 0 0 0 0 0 0
J B 29 5227 1 82 6913 288 0
J N 6 5248 -14 5 1 0 2 68 69
K 0 0 45
K 0 0 43
K -1 0 45
K 2 0 45
A D 2 16
J N 6 5277 -7 2 1153 288 1 69
K 0 0 43
A D 2 16
J N 6 5306 0 2 2305 288 2 69 68
K 0 0 43
A D 2 16
H 69 B 1 0 108 3 2 1 3
H 68 S 0 0 0 0 0 0 0 0 0
J N 6 5335 -21 5 3457 288 2 70 71
K 0 7 45
K 0 0 43
K 0 7 45
K 1 7 45
A D 2 16
J N 6 5364 -14 5 4609 288 1 71
K 0 0 45
K 0 0 43
K -1 0 45
K 2 0 45
A D 2 16
J N 6 5393 -7 2 5761 288 2 71 70
K 0 0 43
A D 2 16
H 71 B 1 0 108 3 2 1 3
H 70 S 0 0 0 0 0 0 0 0 0
J B 30 5426 1 82 6913 288 0
J N 7 5447 -28 8 1 0 0
K 0 14 45
K 0 0 45
K 0 0 43
K -1 0 45
K 2 0 45
K 0 0 60
K 0 28 60
A D 4 16
J N 6 5485 21 3 2305 576 0
K 0 0 43
K 0 0 54
A D 2 16
J N 7 5514 0 5 3457 288 1 72
K 0 0 43
K 24 -6 44
K 0 0 60
K 0 21 60
A D 6 16
J B 31 5564 1 82 6913 864 0
J N 6 5585 0 2 1 0 2 73 72
K 0 0 43
A D 2 16
H 72 T 0 0 0 0 0 0 5 0
J N 6 5614 -7 2 1153 288 2 74 73
K 0 0 43
A D 2 16
J N 6 5643 0 2 2305 288 2 73 74
K 0 0 43
A D 2 16
H 73 B 1 0 108 3 2 1 3
H 74 S 0 0 0 0 0 0 0 0 0
J N 6 5672 21 2 3457 288 2 75 76
K 0 0 43
A D 2 16
J N 6 5701 0 2 4609 288 1 76
K 0 0 43
A D 2 16
J N 6 5730 7 2 5761 288 2 76 75
K 0 0 43
A D 2 16
H 76 B 1 0 108 3 2 1 3
H 75 S 0 0 -7 0 -7 0 0 0 0
J B 32 5763 1 82 6913 288 0
J N 7 5784 0 5 1 0 0
K 0 0 43
K 24 -6 44
K 0 0 60
K 0 21 60
A D 6 16
J R 7 5830 28 2 3457 864 0
K 0 0 48
A D 4 16
J N 6 5868 14 3 5761 576 0
K 0 0 43
K 0 0 54
A D 2 16
J B 33 5901 1 82 6913 288 0
J N 7 5922 56 5 1 0 0
K 0 0 43
K 24 -6 44
K 0 0 59
K 0 -21 59
A D 6 16
J R 7 5968 28 2 3457 864 0
K 0 0 48
A D 4 16
J N 6 6006 21 3 5761 576 0
K 0 0 43
K 0 0 54
A D 2 16
J B 34 6039 1 82 6913 288 0
J N 6 6060 28 2 1 0 2 77 78
K 0 0 43
A D 2 16
J N 6 6089 21 2 1153 288 1 78
K 0 0 43
A D 2 16
J N 6 6118 35 2 2305 288 2 78 77
K 0 0 43
A D 2 16
H 78 B 1 0 108 3 2 1 3
H 77 S 0 0 -7 0 -7 0 0 0 0
J N 7 6147 42 4 3457 288 0
K 0 0 43
K 0 0 59
K 0 -21 59
A D 4 16
J N 6 6185 21 3 5761 576 0
K 0 0 43
K 0 0 54
A D 2 16
J B 35 6218 1 82 6913 288 0
J N 7 6239 35 5 1 0 1 79
K 0 0 43
K 25 0 44
K 0 0 59
K 0 -21 59
A D 6 16
J N 7 6285 35 4 4147 864 1 79
K 0 0 43
K 0 0 59
K 0 -21 59
A D 4 16
H 79 T 35 0 0 0 0 0 9 0
J B 36 6349 10000010 6 6913 576 0
K -22 21 44
K -22 35 44
K -12 0 84
K 0 0 84
K 11 21 44
K 11 35 44
J N 7 6386 -14 7 1 0 0
K 0 0 45
K 0 0 43
K -1 0 45
K 2 0 45
K 0 0 60
K 0 21 60
A D 4 16
J N 6 6424 14 3 2305 576 0
K 0 0 43
K 0 0 54
A D 2 16
J N 7 6453 0 4 3457 288 0
K 0 0 43
K 0 0 60
K 0 21 60
A D 4 16
J N 6 6491 -14 6 5761 576 0
K 0 0 45
K 0 0 43
K -1 0 45
K 2 0 45
K 0 0 54
A D 2 16
J B 37 6524 1 82 6913 288 0
J N 7 6545 7 4 1 0 0
K 0 0 43
K 0 0 60
K 0 21 60
A D 4 16
J N 6 6583 -14 6 2305 576 0
K 0 0 45
K 0 0 43
K -1 0 45
K 2 0 45
K 0 0 54
A D 2 16
J N 7 6612 7 4 3457 288 0
K 0 0 43
K 0 0 60
K 0 21 60
A D 4 16
J N 6 6650 35 3 5761 576 0
K 0 0 43
K 0 0 53
A D 2 16
J B 38 6694 1 82 6913 288 0
J N 7 6715 -14 7 1 0 0
K 0 0 45
K 0 0 43
K -1 0 45
K 2 0 45
K 0 0 60
K 0 21 60
A D 4 16
J N 6 6753 14 3 2305 576 0
K 0 0 43
K 0 0 54
A D 2 16
J N 6 6782 0 2 3457 288 2 80 81
K 0 0 43
A D 2 16
J N 6 6811 -7 2 4609 288 1 81
K 0 0 43
A D 2 16
J N 6 6840 -14 5 5761 288 2 81 80
K 0 0 45
K 0 0 43
K -1 0 45
K 2 0 45
A D 2 16
H 81 B 1 0 108 3 2 1 3
H 80 S 0 0 0 0 0 0 0 0 0
J B 39 6873 1 82 6913 288 0
J N 7 6894 7 5 1 0 0
K 0 0 43
K 25 0 44
K 0 0 60
K 0 21 60
A D 6 16
J N 7 6940 35 5 3457 864 0
K 0 0 43
K 25 0 44
K 0 0 59
K 0 -21 59
A D 6 16
J B 40 6990 1 82 6913 864 0
J N 7 7011 -14 7 1 0 0
K 0 0 45
K 0 0 43
K -1 0 45
K 2 0 45
K 0 0 60
K 0 21 60
A D 4 16
J N 6 7049 14 3 2305 576 0
K 0 0 43
K 0 0 54
A D 2 16
J N 7 7078 14 4 3457 288 0
K 0 0 43
K 0 0 60
K 0 21 60
A D 4 16
J N 6 7116 14 3 5761 576 0
K 0 0 43
K 0 0 54
A D 2 16
J B 41 7149 1 82 6913 288 0
J N 7 7170 -21 8 1 0 1 82
K 0 7 45
K 0 0 43
K 0 7 45
K 1 7 45
K 25 0 44
K 0 0 60
K 0 21 60
A D 6 16
J N 6 7216 -21 5 3457 864 2 83 82
K 0 7 45
K 0 0 43
K 0 7 45
K 1 7 45
A D 2 16
H 82 T -21 0 0 0 0 0 1 0
J N 6 7245 -14 5 4609 288 1 83
K 0 0 45
K 0 0 43
K -1 0 45
K 2 0 45
A D 2 16
J N 6 7274 -7 2 5761 288 1 83
K 0 0 43
A D 2 16
H 83 B 1 0 108 3 2 1 3
J B 42 7307 1 82 6913 288 0
J N 6 7334 0 3 1 0 2 84 85
K -18 0 63
K 0 0 43
A D 2 16
J N 6 7363 14 2 1153 288 1 85
K 0 0 43
A D 2 16
J N 6 7392 -7 2 2305 288 2 85 84
K 0 0 43
A D 2 16
H 85 B 1 0 108 3 2 1 3
H 84 S 0 0 0 0 0 0 0 0 0
J N 6 7421 14 2 3457 288 2 86 87
K 0 0 43
A D 2 16
J N 6 7450 -7 2 4609 288 1 87
K 0 0 43
A D 2 16
J N 6 7479 0 2 5761 288 2 87 86
K 0 0 43
A D 2 16
H 87 B 1 0 108 3 2 1 3
H 86 S 0 0 -7 0 -7 0 0 0 0
J B 43 7512 1 82 6913 288 0
J N 7 7533 -7 5 1 0 1 88
K 0 0 43
K 25 0 44
K 0 0 60
K 0 21 60
A D 6 16
J N 7 7579 -7 4 3457 864 1 88
K 0 0 43
K 0 0 60
K 0 21 60
A D 4 16
H 88 T -7 0 0 0 0 0 1 0
J N 6 7617 -14 6 5761 576 0
K 0 0 45
K 0 0 43
K -1 0 45
K 2 0 45
K 0 0 54
A D 2 16
J B 44 7650 1 82 6913 288 0
J N 7 7671 -21 7 1 0 0
K 0 7 45
K 0 0 43
K 0 7 45
K 1 7 45
K 0 0 60
K 0 21 60
A D 4 16
J N 6 7709 -21 7 2305 576 0
K 0 7 45
K 0 0 43
K 0 7 45
K 1 7 45
K 0 0 60
K 0 0 54
A D 2 16
J N 7 7738 -21 7 3457 288 0
K 0 7 45
K 0 0 43
K 0 7 45
K 1 7 45
K 0 0 60
K 0 21 60
A D 4 16
J N 6 7776 -14 6 5761 576 0
K 0 0 45
K 0 0 43
K -1 0 45
K 2 0 45
K 0 0 54
A D 2 16
J B 45 7809 1 82 6913 288 0
J N 7 7836 -7 6 1 0 0
K -18 0 63
K 0 0 43
K 25 0 44
K 0 0 60
K 0 21 60
A D 6 16
J N 7 7882 -14 7 3457 864 0
K 0 0 45
K 0 0 43
K -1 0 45
K 2 0 45
K 0 0 60
K 0 21 60
A D 4 16
J N 6 7924 -21 8 5761 576 0
K 0 7 45
K -14 0 64
K 0 0 43
K 0 7 45
K 1 7 45
K 0 0 60
K 0 0 54
A D 2 16
J B 46 7957 1 82 6913 288 0
J N 6 7984 -7 3 1 0 2 89 90
K -18 0 63
K 0 0 43
A D 2 16
J N 6 8013 7 2 1153 288 1 90
K 0 0 43
A D 2 16
J N 6 8042 -14 5 2305 288 2 90 89
K 0 0 45
K 0 0 43
K -1 0 45
K 2 0 45
A D 2 16
H 90 B 1 0 108 3 2 1 3
H 89 S 0 0 0 0 0 0 0 0 0
J N 6 8071 7 2 3457 288 2 91 92
K 0 0 43
A D 2 16
J N 6 8100 -14 5 4609 288 1 92
K 0 0 45
K 0 0 43
K -1 0 45
K 2 0 45
A D 2 16
J N 6 8129 -7 2 5761 288 2 92 91
K 0 0 43
A D 2 16
H 92 B 1 0 108 3 2 1 3
H 91 S 0 0 -7 0 -7 0 0 0 0
J B 47 8162 1 82 6913 288 0
J N 7 8183 -14 8 1 0 1 93
K 0 0 45
K 0 0 43
K -1 0 45
K 2 0 45
K 24 -6 44
K 0 0 60
K 0 21 60
A D 6 16
J N 7 8229 -14 7 3457 864 1 93
K 0 0 45
K 0 0 43
K -1 0 45
K 2 0 45
K 0 0 60
K 0 21 60
A D 4 16
H 93 T -14 0 0 0 0 0 5 0
J N 6 8267 -7 3 5761 576 0
K 0 0 43
K 0 0 54
A D 2 16
J B 48 8300 1 82 6913 288 0
J N 7 8321 0 4 1 0 0
K 0 0 43
K 0 0 60
K 0 21 60
A D 4 16
J N 6 8359 35 3 2305 576 0
K 0 0 43
K 0 0 53
A D 2 16
J N 7 8396 14 4 3457 288 0
K 0 0 43
K 0 0 60
K 0 21 60
A D 4 16
J N 6 8434 0 3 5761 576 0
K 0 0 43
K 0 0 54
A D 2 16
J B 49 8467 1 82 6913 288 0
J N 7 8494 42 5 1 0 0
K -18 0 63
K 0 0 43
K 0 0 59
K 0 -21 59
A D 4 16
J N 6 8532 7 3 2305 576 0
K 0 0 43
K 0 0 54
A D 2 16
J N 7 8561 21 4 3457 288 0
K 0 0 43
K 0 0 60
K 0 21 60
A D 4 16
J N 6 8603 28 4 5761 576 0
K -14 0 64
K 0 0 43
K 0 0 54
A D 2 16
J B 50 8636 1 82 6913 288 0
J N 6 8657 21 2 1 0 2 94 95
K 0 0 43
A D 2 16
J N 6 8697 28 3 1153 288 1 95
K -14 0 64
K 0 0 43
A D 2 16
J N 6 8726 35 2 2305 288 2 95 94
K 0 0 43
A D 2 16
H 95 B 0 0 108 3 2 1 3
H 94 S 12 0 0 0 0 0 0 0 0
J N 7 8755 56 4 3457 288 0
K 0 0 43
K 0 0 59
K 0 -21 59
A D 4 16
J N 6 8799 42 4 5761 576 0
K -18 0 63
K 0 0 43
K 0 0 53
A D 2 16
J B 51 8843 1 82 6913 288 0
J N 7 8864 84 9 1 0 0
K 1 -14 45
K 1 0 45
K 0 0 43
K -1 0 45
K 2 0 45
K 24 -6 44
K 0 0 59
K 0 -28 59
A D 6 16
J R 7 8910 28 2 3457 864 0
K 0 0 48
A D 4 16
J N 6 8948 21 3 5761 576 0
K 0 0 43
K 0 0 54
A D 2 16
J B 52 8981 1 82 6913 288 0
J N 6 9002 0 2 1 0 2 96 97
K 0 0 43
A D 2 16
J N 6 9031 -7 2 1153 288 1 97
K 0 0 43
A D 2 16
J N 6 9060 7 2 2305 288 2 97 96
K 0 0 43
A D 2 16
H 97 B 1 0 108 3 2 1 3
H 96 S 0 0 -7 0 -7 0 0 0 0
J N 6 9089 0 4 3457 288 2 98 99
K 0 0 43
K 24 -6 44
K 0 -22 236
A D 3 16
J N 5 9126 7 2 5185 432 1 99
K 0 0 43
A D 1 16
J N 6 9155 0 2 5761 144 2 99 98
K 0 0 43
A D 2 16
H 99 B 1 0 108 3 2 51 3
H 98 S 0 0 0 0 0 0 0 0 0
J B 53 9188 1 82 6913 288 0
J N 7 9209 -7 4 1 0 0
K 0 0 43
K 0 0 60
K 0 21 60
A D 4 16
J N 6 9247 21 3 2305 576 0
K 0 0 43
K 0 0 54
A D 2 16
J N 7 9276 56 4 3457 288 0
K 0 0 43
K 0 0 59
K 0 -21 59
A D 4 16
J N 6 9314 21 3 5761 576 0
K 0 0 43
K 0 0 54
A D 2 16
J B 54 9347 1 82 6913 288 0
J N 6 9368 -7 2 1 0 2 100 101
K 0 0 43
A D 2 16
J N 6 9397 -14 5 1153 288 1 101
K 0 0 45
K 0 0 43
K -1 0 45
K 2 0 45
A D 2 16
J N 6 9426 0 2 2305 288 2 101 100
K 0 0 43
A D 2 16
H 101 B 1 0 108 3 2 1 3
H 100 S 0 0 -7 0 -7 0 0 0 0
J N 6 9455 -7 4 3457 288 2 102 103
K 0 0 43
K 25 0 44
K 0 -22 236
A D 3 16
J N 5 9493 0 2 5185 432 1 103
K 0 0 43
A D 1 16
J N 6 9522 -7 2 5761 144 2 103 102
K 0 0 43
A D 2 16
H 103 B 1 0 108 3 2 51 3
H 102 S 0 0 0 0 0 0 0 0 0
J B 55 9555 1 82 6913 288 0
J N 7 9576 -14 7 1 0 0
K 0 0 45
K 0 0 43
K -1 0 45
K 2 0 45
K 0 0 60
K 0 21 60
A D 4 16
J N 6 9614 21 3 2305 576 0
K 0 0 43
K 0 0 54
A D 2 16
J N 7 9643 49 4 3457 288 0
K 0 0 43
K 0 0 59
K 0 -21 59
A D 4 16
J N 6 9681 21 3 5761 576 0
K 0 0 43
K 0 0 54
A D 2 16
J B 56 9714 1 82 6913 288 0
J N 6 9735 -14 5 1 0 2 104 105
K 0 0 45
K 0 0 43
K -1 0 45
K 2 0 45
A D 2 16
J N 6 9764 -7 2 1153 288 1 105
K 0 0 43
A D 2 16
J N 6 9793 0 2 2305 288 2 105 104
K 0 0 43
A D 2 16
H 105 B 1 0 108 3 2 1 3
H 104 S 0 0 0 0 0 0 0 0 0
J N 6 9822 -14 5 3457 288 2 106 107
K 0 0 45
K 0 0 43
K -1 0 45
K 2 0 45
A D 2 16
J N 6 9851 -7 2 4609 288 1 107
K 0 0 43
A D 2 16
J N 6 9880 0 2 5761 288 2 107 106
K 0 0 43
A D 2 16
H 107 B 1 0 108 3 2 1 3
H 106 S 0 0 0 0 0 0 0 0 0
J B 57 9913 1 82 6913 288 0
J N 6 9934 -7 2 1 0 2 108 109
K 0 0 43
A D 2 16
J N 6 9963 0 2 1153 288 1 109
K 0 0 43
A D 2 16
J N 6 9992 7 2 2305 288 2 109 108
K 0 0 43
A D 2 16
H 109 B 1 0 108 3 2 1 3
H 108 S 0 0 0 0 0 0 0 0 0
J N 6 10021 -7 2 3457 288 2 110 111
K 0 0 43
A D 2 16
J N 6 10050 0 2 4609 288 1 111
K 0 0 43
A D 2 16
J N 6 10079 7 2 5761 288 2 111 110
K 0 0 43
A D 2 16
H 111 B 1 0 108 3 2 1 3
H 110 S 0 0 0 0 0 0 0 0 0
J B 58 10112 1 82 6913 288 0
J N 6 10133 14 2 1 0 2 112 113
K 0 0 43
A D 2 16
J N 6 10162 7 2 1153 288 1 113
K 0 0 43
A D 2 16
J N 6 10191 21 2 2305 288 2 113 112
K 0 0 43
A D 2 16
H 113 B 1 0 108 3 2 1 3
H 112 S 0 0 -7 0 -7 0 0 0 0
J N 6 10220 42 2 3457 288 2 114 115
K 0 0 43
A D 2 16
J N 6 10249 21 2 4609 288 1 115
K 0 0 43
A D 2 16
J N 6 10289 28 3 5761 288 2 115 114
K -14 0 64
K 0 0 43
A D 2 16
H 115 B 0 0 108 3 2 1 3
H 114 S 12 0 0 0 0 0 0 0 0
J B 59 10322 1 82 6913 288 0
J N 7 10343 70 8 1 0 0
K 1 0 45
K 0 0 43
K -1 0 45
K 2 0 45
K 24 -6 44
K 0 0 59
K 0 -21 59
A D 6 16
J R 7 10389 28 2 3457 864 0
K 0 0 48
A D 4 16
J N 6 10427 0 3 5761 576 0
K 0 0 43
K 0 0 54
A D 2 16
J B 60 10460 1 82 6913 288 0
J N 7 10481 0 4 1 0 1 116
K 0 0 43
K 0 0 60
K 0 21 60
A D 4 16
J N 6 10519 21 3 2305 576 1 116
K 0 0 43
K 0 0 54
A D 2 16
H 116 S 0 0 0 0 0 0 0 0 0
J N 7 10548 49 4 3457 288 0
K 0 0 43
K 0 0 59
K 0 -21 59
A D 4 16
J N 6 10590 7 4 5761 576 0
K -15 0 65
K 0 0 43
K 0 0 54
A D 2 16
J B 61 10623 1 82 6913 288 0
J N 7 10647 7 7 1 0 1 117
K -15 0 65
K 0 0 43
K 25 0 44
K 0 -22 236
K 0 0 60
K 0 21 60
A D 6 16
J N 7 10693 14 4 3457 864 1 117
K 0 0 43
K 0 0 60
K 0 21 60
A D 4 16
H 117 S 0 0 0 0 0 0 0 0 0
J N 6 10731 -7 3 5761 576 0
K 0 0 43
K 0 0 54
A D 2 16
J B 62 10764 1 82 6913 288 0
J N 7 10785 -7 4 1 0 1 118
K 0 0 43
K 0 0 60
K 0 21 60
A D 4 16
J N 6 10823 14 3 2305 576 1 118
K 0 0 43
K 0 0 54
A D 2 16
H 118 S 0 0 0 0 0 0 0 0 0
J N 7 10852 42 4 3457 288 0
K 0 0 43
K 0 0 59
K 0 -21 59
A D 4 16
J N 6 10890 0 3 5761 576 0
K 0 0 43
K 0 0 54
A D 2 16
J B 63 10923 1 82 6913 288 0
J N 7 10944 0 6 1 0 1 119
K 0 0 43
K 24 -6 44
K 0 -22 236
K 0 0 60
K 0 21 60
A D 6 16
J N 7 10990 7 4 3457 864 1 119
K 0 0 43
K 0 0 60
K 0 21 60
A D 4 16
H 119 S 0 0 0 0 0 0 0 0 0
J N 6 11028 -14 6 5761 576 0
K 0 0 45
K 0 0 43
K -1 0 45
K 2 0 45
K 0 0 54
A D 2 16
J B 64 11061 1 82 6913 288 0
J N 7 11082 -14 7 1 0 1 120
K 0 0 45
K 0 0 43
K -1 0 45
K 2 0 45
K 0 0 60
K 0 21 60
A D 4 16
J N 6 11120 7 3 2305 576 1 120
K 0 0 43
K 0 0 54
A D 2 16
H 120 S 0 0 0 0 0 0 0 0 0
J N 7 11149 35 4 3457 288 0
K 0 0 43
K 0 0 59
K 0 -21 59
A D 4 16
J N 6 11187 -7 3 5761 576 0
K 0 0 43
K 0 0 54
A D 2 16
J B 65 11220 1 82 6913 288 0
J N 7 11241 -7 6 1 0 1 121
K 0 0 43
K 25 0 44
K 0 -22 236
K 0 0 60
K 0 21 60
A D 6 16
J N 7 11287 0 4 3457 864 1 121
K 0 0 43
K 0 0 60
K 0 21 60
A D 4 16
H 121 S 0 0 0 0 0 0 0 0 0
J N 6 11325 -21 7 5761 576 0
K 0 7 45
K 0 0 43
K 0 7 45
K 1 7 45
K 0 0 60
K 0 0 54
A D 2 16
J B 66 11358 1 82 6913 288 0
J N 6 11379 -21 5 1 0 2 122 123
K 0 7 45
K 0 0 43
K 0 7 45
K 1 7 45
A D 2 16
J N 6 11408 -14 5 1153 288 1 123
K 0 0 45
K 0 0 43
K -1 0 45
K 2 0 45
A D 2 16
J N 6 11437 -21 5 2305 288 2 123 122
K 0 7 45
K 0 0 43
K 0 7 45
K 1 7 45
A D 2 16
H 123 B 1 0 108 3 2 1 3
H 122 S 0 0 0 0 0 0 0 0 0
J N 7 11466 0 4 3457 288 0
K 0 0 43
K 0 0 60
K 0 21 60
A D 4 16
J N 6 11504 -21 7 5761 576 0
K 0 7 45
K 0 0 43
K 0 7 45
K 1 7 45
K 0 0 60
K 0 0 54
A D 2 16
J B 67 11537 1 82 6913 288 0
J N 7 11558 -21 7 1 0 1 124
K 0 7 45
K 0 0 43
K 0 7 45
K 1 7 45
K 0 0 60
K 0 21 60
A D 4 16
J N 6 11596 7 3 2305 576 1 124
K 0 0 43
K 0 0 54
A D 2 16
H 124 S 0 0 0 0 0 0 0 0 0
J N 7 11625 7 4 3457 288 0
K 0 0 43
K 0 0 60
K 0 21 60
A D 4 16
J N 6 11663 -14 6 5761 576 0
K 0 0 45
K 0 0 43
K -1 0 45
K 2 0 45
K 0 0 54
A D 2 16
J B 68 11696 1 82 6913 288 0
J N 6 11717 -14 5 1 0 2 125 126
K 0 0 45
K 0 0 43
K -1 0 45
K 2 0 45
A D 2 16
J N 6 11746 -7 2 1153 288 1 126
K 0 0 43
A D 2 16
J N 6 11775 -14 5 2305 288 2 126 125
K 0 0 45
K 0 0 43
K -1 0 45
K 2 0 45
A D 2 16
H 126 B 1 0 108 3 2 1 3
H 125 S 0 0 0 0 0 0 0 0 0
J N 6 11804 7 2 3457 288 2 127 128
K 0 0 43
A D 2 16
J N 6 11833 -14 5 4609 288 1 128
K 0 0 45
K 0 0 43
K -1 0 45
K 2 0 45
A D 2 16
J N 6 11862 -7 2 5761 288 2 128 127
K 0 0 43
A D 2 16
H 128 B 1 0 108 3 2 1 3
H 127 S 0 0 -7 0 -7 0 0 0 0
J B 69 11895 1 82 6913 288 0
J N 7 11916 -14 7 1 0 0
K 0 0 45
K 0 0 43
K -1 0 45
K 2 0 45
K 0 0 60
K 0 21 60
A D 4 16
J N 6 11954 14 3 2305 576 0
K 0 0 43
K 0 0 54
A D 2 16
J N 7 11983 14 4 3457 288 0
K 0 0 43
K 0 0 60
K 0 21 60
A D 4 16
J N 6 12021 -7 3 5761 576 0
K 0 0 43
K 0 0 54
A D 2 16
J B 70 12054 1 82 6913 288 0
J N 6 12075 -7 2 1 0 2 129 130
K 0 0 43
A D 2 16
J N 6 12104 0 2 1153 288 1 130
K 0 0 43
A D 2 16
J N 6 12133 -7 2 2305 288 2 130 129
K 0 0 43
A D 2 16
H 130 B 1 0 108 3 2 1 3
H 129 S 0 0 0 0 0 0 0 0 0
J N 7 12162 14 4 3457 288 0
K 0 0 43
K 0 0 60
K 0 21 60
A D 4 16
J N 6 12200 -7 3 5761 576 0
K 0 0 43
K 0 0 54
A D 2 16
J B 71 12233 1 82 6913 288 0
J N 7 12254 7 5 1 0 0
K 0 0 43
K 25 0 44
K 0 0 60
K 0 21 60
A D 6 16
J N 7 12300 -28 9 3457 864 0
K 0 14 45
K 0 0 45
K 0 0 43
K -1 0 45
K 2 0 45
K 24 -6 44
K 0 0 60
K 0 28 60
A D 6 16
J B 72 12350 1 82 6913 864 0
J N 6 12371 -14 5 1 0 2 131 132
K 0 0 45
K 0 0 43
K -1 0 45
K 2 0 45
A D 2 16
J N 6 12400 -7 2 1153 288 1 132
K 0 0 43
A D 2 16
J N 6 12429 0 2 2305 288 2 132 131
K 0 0 43
A D 2 16
H 132 B 1 0 108 3 2 1 3
H 131 S 0 0 0 0 0 0 0 0 0
J N 6 12458 21 2 3457 288 2 133 134
K 0 0 43
A D 2 16
J N 6 12487 0 2 4609 288 1 134
K 0 0 43
A D 2 16
J N 6 12516 7 2 5761 288 2 134 133
K 0 0 43
A D 2 16
H 134 B 1 0 108 3 2 1 3
H 133 S 0 0 -7 0 -7 0 0 0 0
J B 73 12549 1 82 6913 288 0
J N 7 12570 0 5 1 0 0
K 0 0 43
K 24 -6 44
K 0 0 60
K 0 21 60
A D 6 16
J N 7 12616 14 5 3457 864 0
K 0 0 43
K 24 -6 44
K 0 0 60
K 0 21 60
A D 6 16
J B 74 12666 1 82 6913 864 0
J R 7 12687 28 2 1 0 0
K 0 0 48
A D 4 16
J R 6 12725 28 2 2305 576 0
K 0 0 49
A D 2 16
J N 7 12754 21 5 3457 288 0
K 0 0 43
K 25 0 44
K 0 0 60
K 0 21 60
A D 6 16
J B 75 12804 1 82 6913 864 0
J R 7 12825 28 2 1 0 0
K 0 0 48
A D 4 16
J R 6 12863 28 2 2305 576 0
K 0 0 49
A D 2 16
J N 7 12892 28 5 3457 288 0
K 0 0 43
K 24 -6 44
K 0 0 60
K 0 21 60
A D 6 16
J B 76 12942 1 82 6913 864 0
J R 7 12963 28 2 1 0 0
K 0 0 48
A D 4 16
J R 6 13001 28 2 2305 576 0
K 0 0 49
A D 2 16
J N 6 13030 35 2 3457 288 2 135 136
K 0 0 43
A D 2 16
J N 6 13059 28 2 4609 288 1 136
K 0 0 43
A D 2 16
J N 6 13088 21 2 5761 288 2 136 135
K 0 0 43
A D 2 16
H 136 B 1 0 108 3 2 1 3
H 135 S 0 0 0 0 0 0 0 0 0
J B 77 13121 1 82 6913 288 0
J N 6 13142 63 2 1 0 2 137 138
K 0 0 43
A D 2 16
J N 6 13171 56 2 1153 288 1 138
K 0 0 43
A D 2 16
J N 6 13200 49 2 2305 288 2 138 137
K 0 0 43
A D 2 16
H 138 B 0 0 108 3 2 1 3
H 137 S 12 0 0 0 0 0 0 0 0
J N 6 13229 70 5 3457 288 2 139 140
K 1 0 45
K 0 0 43
K -1 0 45
K 2 0 45
A D 2 16
J N 6 13258 49 2 4609 288 1 140
K 0 0 43
A D 2 16
J N 6 13287 56 2 5761 288 2 140 139
K 0 0 43
A D 2 16
H 140 B 0 0 108 3 2 1 3
H 139 S 12 0 0 0 0 0 0 0 0
J B 78 13320 1 82 6913 288 0
J N 7 13341 49 5 1 0 0
K 0 0 43
K 25 0 44
K 0 0 59
K 0 -21 59
A D 6 16
J N 7 13387 14 6 3457 864 0
K 0 0 43
K 24 -6 44
K 0 70 108
K 0 0 60
K 0 21 60
A D 6 16
J B 79 13437 1 82 6913 864 0
J R 7 13458 28 2 1 0 0
K 0 0 48
A D 4 16
J R 6 13496 28 2 2305 576 0
K 0 0 49
A D 2 16
J N 7 13525 21 5 3457 288 0
K 0 0 43
K 25 0 44
K 0 0 60
K 0 21 60
A D 6 16
J B 80 13575 1 82 6913 864 0
J R 7 13596 28 2 1 0 0
K 0 0 48
A D 4 16
J R 6 13634 28 2 2305 576 0
K 0 0 49
A D 2 16
J N 7 13663 28 5 3457 288 0
K 0 0 43
K 24 -6 44
K 0 0 60
K 0 21 60
A D 6 16
J B 81 13713 1 82 6913 864 0
J R 7 13734 28 2 1 0 0
K 0 0 48
A D 4 16
J R 6 13772 28 2 2305 576 0
K 0 0 49
A D 2 16
J N 6 13801 35 2 3457 288 2 141 142
K 0 0 43
A D 2 16
J N 6 13830 28 2 4609 288 1 142
K 0 0 43
A D 2 16
J N 6 13859 21 2 5761 288 2 142 141
K 0 0 43
A D 2 16
H 142 B 1 0 108 3 2 1 3
H 141 S 0 0 0 0 0 0 0 0 0
J B 82 13892 1 82 6913 288 0
J N 6 13913 63 2 1 0 2 143 144
K 0 0 43
A D 2 16
J N 6 13942 56 2 1153 288 1 144
K 0 0 43
A D 2 16
J N 6 13971 49 2 2305 288 2 144 143
K 0 0 43
A D 2 16
H 144 B 0 0 108 3 2 1 3
H 143 S 12 0 0 0 0 0 0 0 0
J N 6 14000 70 5 3457 288 2 145 146
K 1 0 45
K 0 0 43
K -1 0 45
K 2 0 45
A D 2 16
J N 6 14029 49 2 4609 288 1 146
K 0 0 43
A D 2 16
J N 6 14058 56 2 5761 288 2 146 145
K 0 0 43
A D 2 16
H 146 B 0 0 108 3 2 1 3
H 145 S 12 0 0 0 0 0 0 0 0
J B 83 14091 1 82 6913 288 0
J N 7 14112 49 5 1 0 0
K 0 0 43
K 25 0 44
K 0 0 59
K 0 -21 59
A D 6 16
J R 7 14158 28 2 3457 864 0
K 0 0 48
A D 4 16
J N 6 14196 14 4 5761 576 0
K 0 0 43
K 0 75 110
K 0 0 54
A D 2 16
J B 84 14229 1 82 6913 288 0
J N 7 14250 56 4 1 0 0
K 0 0 43
K 0 0 59
K 0 -21 59
A D 4 16
J N 6 14288 49 3 2305 576 0
K 0 0 43
K 0 0 53
A D 2 16
J N 7 14321 70 7 3457 288 0
K 1 0 45
K 0 0 43
K -1 0 45
K 2 0 45
K 0 0 59
K 0 -21 59
A D 4 16
J N 6 14359 56 3 5761 576 0
K 0 0 43
K 0 0 53
A D 2 16
J B 85 14403 1 82 6913 288 0
J N 8 14424 49 5 1 0 0
K 0 0 42
K 25 0 44
K 0 0 59
K 0 -21 59
A D 12 16
J B 0 14519 6 4 6913 1728 0
K -23 21 44
K -23 35 44
K -13 0 82
K -6 0 84
J M 0 14519 0 0 10000 0 0
