@ SOURCE: not identified 
L 0 0 14 !39Violoncello concertino
J D 4 500 -120 1 6913 0 0
W 0 0 44 V. Giga
J D 1 75 -37 1 6913 0 0
W 0 -56 44 V. Giga:  Violoncello concertino
J C 22 5 14 36 6913 0 0
J K -1 57 0 1 6913 0 0
K 0 42 65
J D 5 86 -42 1 6913 0 0
W 0 0 37 Allegro
J T 608 95 0 2 6913 0 0
K -10 28 77
K -10 56 79
J R 6 137 28 2 1 0 0
K 0 0 49
A D 1 8
J B 1 170 1 82 6913 288 0
J N 8 191 -35 10 1 0 0
K 0 21 45
K 0 7 45
K 0 0 42
K 0 7 45
K 1 7 45
K 25 0 44
K 0 0 60
K 0 28 60
K 0 35 60
A D 6 8
J B 2 263 1 82 6913 1728 0
J N 8 284 -28 9 1 0 0
K 0 14 45
K 0 0 45
K 0 0 42
K -1 0 45
K 2 0 45
K 24 -6 44
K 0 0 60
K 0 28 60
A D 6 8
J B 3 356 1 82 6913 1728 0
J N 7 377 -28 9 1 0 0
K 0 14 45
K 0 0 45
K 0 0 43
K -1 0 45
K 2 0 45
K 24 -6 44
K 0 0 60
K 0 28 60
A D 3 8
J N 7 423 -14 8 3457 864 0
K 0 0 45
K 0 0 43
K -1 0 45
K 2 0 45
K 24 -6 44
K 0 0 60
K 0 21 60
A D 3 8
J B 4 473 1 82 6913 864 0
J N 8 494 14 5 1 0 0
K 0 0 42
K 24 -6 44
K 0 0 60
K 0 21 60
A D 6 8
J B 5 566 1 82 6913 1728 0
J N 8 587 -35 10 1 0 0
K 0 21 45
K 0 7 45
K 0 0 42
K 0 7 45
K 1 7 45
K 25 0 44
K 0 0 60
K 0 28 60
K 0 35 60
A D 6 8
J B 6 659 1 82 6913 1728 0
J N 7 680 -28 9 1 0 0
K 0 14 45
K 0 0 45
K 0 0 43
K -1 0 45
K 2 0 45
K 24 -6 44
K 0 0 60
K 0 28 60
A D 3 8
J R 7 726 28 2 3457 864 0
K 0 0 48
A D 2 8
J N 6 764 21 3 5761 576 0
K 0 0 43
K 0 0 54
A D 1 8
J B 7 797 1 82 6913 288 0
J F 0 818 98 2 1 0 0
K 0 0 205
K 0 21 204
J N 7 818 14 5 1 0 0
K 0 0 43
K 24 -6 44
K 0 0 60
K 0 21 60
A D 3 8
J F 0 864 98 1 3457 864 0
K 0 0 218
J N 7 864 7 5 3457 0 0
K 0 0 43
K 25 0 44
K 0 0 60
K 0 21 60
A D 3 8
J B 8 914 1 82 6913 864 0
J N 7 935 -14 8 1 0 0
K 0 0 45
K 0 0 43
K -1 0 45
K 2 0 45
K 24 -6 44
K 0 0 60
K 0 21 60
A D 3 8
J N 7 981 -7 5 3457 864 0
K 0 0 43
K 25 0 44
K 0 0 60
K 0 21 60
A D 3 8
J B 9 1031 1 82 6913 864 0
J N 8 1052 0 5 1 0 0
K 0 0 42
K 24 -6 44
K 0 0 60
K 0 21 60
A D 6 8
J B 10 1124 1 82 6913 1728 0
J F 0 1145 98 1 1 0 0
K 0 0 206
J N 8 1145 -21 8 1 0 0
K 0 7 45
K 0 0 42
K 0 7 45
K 1 7 45
K 25 0 44
K 0 0 60
K 0 21 60
A D 6 8
J B 11 1217 1 82 6913 1728 0
J F 0 1238 98 1 1 0 0
K 0 0 206
J N 8 1238 7 5 1 0 0
K 0 0 42
K 25 0 44
K 0 0 60
K 0 21 60
A D 6 8
J B 12 1310 1 82 6913 1728 0
J F 0 1331 98 1 1 0 0
K 0 0 206
J N 8 1331 -14 8 1 0 0
K 0 0 45
K 0 0 42
K -1 0 45
K 2 0 45
K 24 -6 44
K 0 0 60
K 0 21 60
A D 6 8
J B 13 1403 1 82 6913 1728 0
J F 0 1424 98 1 1 0 0
K 0 0 206
J N 8 1424 14 5 1 0 0
K 0 0 42
K 24 -6 44
K 0 0 60
K 0 21 60
A D 6 8
J B 14 1496 1 82 6913 1728 0
J F 0 1517 98 1 1 0 0
K 0 0 206
J N 8 1517 -7 5 1 0 0
K 0 0 42
K 25 0 44
K 0 0 60
K 0 21 60
A D 6 8
J B 15 1589 1 82 6913 1728 0
J F 0 1610 98 1 1 0 0
K 0 0 205
J N 8 1610 -7 6 1 0 0
K -14 0 64
K 0 0 42
K 25 0 44
K 0 0 60
K 0 21 60
A D 6 8
J B 16 1682 1 82 6913 1728 0
J N 7 1703 -14 8 1 0 0
K 0 0 45
K 0 0 43
K -1 0 45
K 2 0 45
K 24 -6 44
K 0 0 60
K 0 21 60
A D 3 8
J R 7 1749 28 2 3457 864 0
K 0 0 48
A D 2 8
J N 6 1787 0 3 5761 576 0
K 0 0 43
K 0 0 54
A D 1 8
J B 17 1820 1 82 6913 288 0
J F 0 1841 98 1 1 0 0
K 0 0 204
J N 7 1841 -7 5 1 0 0
K 0 0 43
K 25 0 44
K 0 0 60
K 0 21 60
A D 3 8
J F 0 1887 98 1 3457 864 0
K 0 0 205
J R 7 1887 28 2 3457 0 0
K 0 0 48
A D 2 8
J N 6 1925 -7 3 5761 576 0
K 0 0 43
K 0 0 54
A D 1 8
J B 18 1958 1 82 6913 288 0
J F 0 1979 98 1 1 0 0
K 0 0 204
J N 7 1979 -14 8 1 0 0
K 0 0 45
K 0 0 43
K -1 0 45
K 2 0 45
K 24 -6 44
K 0 0 60
K 0 21 60
A D 3 8
J F 0 2025 98 1 3457 864 0
K 0 0 205
J R 7 2025 28 2 3457 0 0
K 0 0 48
A D 2 8
J N 6 2063 -14 6 5761 576 0
K 0 0 45
K 0 0 43
K -1 0 45
K 2 0 45
K 0 0 54
A D 1 8
J B 19 2096 1 82 6913 288 0
J F 0 2117 98 1 1 0 0
K 0 0 204
J N 7 2117 -21 8 1 0 0
K 0 7 45
K 0 0 43
K 0 7 45
K 1 7 45
K 25 0 44
K 0 0 60
K 0 21 60
A D 3 8
J F 0 2163 98 1 3457 864 0
K 0 0 205
J R 7 2163 28 2 3457 0 0
K 0 0 48
A D 2 8
J N 6 2201 -21 7 5761 576 0
K 0 7 45
K 0 0 43
K 0 7 45
K 1 7 45
K 0 0 60
K 0 0 54
A D 1 8
J B 20 2234 1 82 6913 288 0
J F 0 2255 98 1 1 0 0
K 0 0 204
J N 7 2255 -28 9 1 0 0
K 0 14 45
K 0 0 45
K 0 0 43
K -1 0 45
K 2 0 45
K 24 -6 44
K 0 0 60
K 0 28 60
A D 3 8
J F 0 2301 98 1 3457 864 0
K 0 0 205
J R 7 2301 28 2 3457 0 0
K 0 0 48
A D 2 8
J N 6 2339 -28 8 5761 576 0
K 0 14 45
K 0 0 45
K 0 0 43
K -1 0 45
K 2 0 45
K 0 0 60
K 0 7 54
A D 1 8
J B 21 2372 1 82 6913 288 0
J N 7 2393 14 5 1 0 0
K 0 0 43
K 24 -6 44
K 0 0 60
K 0 21 60
A D 3 8
J F 0 2439 98 1 3457 864 0
K 0 0 205
J N 7 2439 7 5 3457 0 0
K 0 0 43
K 25 0 44
K 0 0 60
K 0 21 60
A D 3 8
J B 22 2489 1 82 6913 864 0
J F 0 2510 98 1 1 0 0
K 0 0 205
J N 7 2510 0 5 1 0 0
K 0 0 43
K 24 -6 44
K 0 0 60
K 0 21 60
A D 3 8
J R 7 2556 28 2 3457 864 0
K 0 0 48
A D 2 8
J N 6 2594 0 3 5761 576 0
K 0 0 43
K 0 0 54
A D 1 8
J B 23 2627 1 82 6913 288 0
J F 0 2648 98 2 1 0 0
K 0 0 205
K 0 21 204
J N 6 2648 -7 2 1 0 1 1
K 0 0 43
A D 1 8
J N 6 2677 0 2 1153 288 1 1
K 0 0 43
A D 1 8
J N 6 2706 -7 2 2305 288 1 1
K 0 0 43
A D 1 8
H 1 B 1 0 108 3 2 1 3
J F 0 2735 98 1 3457 288 0
K 0 0 202
J N 6 2735 -14 5 3457 0 1 2
K 0 0 45
K 0 0 43
K -1 0 45
K 2 0 45
A D 1 8
J N 6 2764 -7 2 4609 288 1 2
K 0 0 43
A D 1 8
J N 6 2793 -14 5 5761 288 1 2
K 0 0 45
K 0 0 43
K -1 0 45
K 2 0 45
A D 1 8
H 2 B 1 0 108 3 2 1 3
J B 24 2826 1 82 6913 288 0
J N 7 2847 14 5 1 0 0
K 0 0 43
K 24 -6 44
K 0 0 60
K 0 21 60
A D 3 8
J R 7 2893 28 2 3457 864 0
K 0 0 48
A D 2 8
J N 6 2931 0 3 5761 576 0
K 0 0 43
K 0 0 54
A D 1 8
J B 25 2964 1 82 6913 288 0
J F 0 2985 98 1 1 0 0
K 0 0 204
J N 6 2985 -7 2 1 0 1 3
K 0 0 43
A D 1 8
J N 6 3014 0 2 1153 288 1 3
K 0 0 43
A D 1 8
J N 6 3043 -7 2 2305 288 1 3
K 0 0 43
A D 1 8
H 3 B 1 0 108 3 2 1 3
J F 0 3072 98 1 3457 288 0
K 0 0 205
J N 6 3072 -7 2 3457 0 1 4
K 0 0 43
A D 1 8
J N 6 3101 0 2 4609 288 1 4
K 0 0 43
A D 1 8
J N 6 3130 -7 2 5761 288 1 4
K 0 0 43
A D 1 8
H 4 B 1 0 108 3 2 1 3
J B 26 3163 1 82 6913 288 0
J F 0 3184 98 1 1 0 0
K 0 0 204
J N 6 3184 -14 5 1 0 1 5
K 0 0 45
K 0 0 43
K -1 0 45
K 2 0 45
A D 1 8
J N 6 3213 -7 2 1153 288 1 5
K 0 0 43
A D 1 8
J N 6 3242 -14 5 2305 288 1 5
K 0 0 45
K 0 0 43
K -1 0 45
K 2 0 45
A D 1 8
H 5 B 1 0 108 3 2 1 3
J F 0 3271 98 1 3457 288 0
K 0 0 205
J N 6 3271 -14 5 3457 0 1 6
K 0 0 45
K 0 0 43
K -1 0 45
K 2 0 45
A D 1 8
J N 6 3300 -7 2 4609 288 1 6
K 0 0 43
A D 1 8
J N 6 3329 -14 5 5761 288 1 6
K 0 0 45
K 0 0 43
K -1 0 45
K 2 0 45
A D 1 8
H 6 B 1 0 108 3 2 1 3
J B 27 3362 1 82 6913 288 0
J F 0 3383 98 1 1 0 0
K 0 0 204
J N 6 3383 -21 5 1 0 1 7
K 0 7 45
K 0 0 43
K 0 7 45
K 1 7 45
A D 1 8
J N 6 3412 -14 5 1153 288 1 7
K 0 0 45
K 0 0 43
K -1 0 45
K 2 0 45
A D 1 8
J N 6 3441 -21 5 2305 288 1 7
K 0 7 45
K 0 0 43
K 0 7 45
K 1 7 45
A D 1 8
H 7 B 1 0 108 3 2 1 3
J F 0 3470 98 1 3457 288 0
K 0 0 205
J N 6 3470 -21 5 3457 0 1 8
K 0 7 45
K 0 0 43
K 0 7 45
K 1 7 45
A D 1 8
J N 6 3499 -14 5 4609 288 1 8
K 0 0 45
K 0 0 43
K -1 0 45
K 2 0 45
A D 1 8
J N 6 3528 -21 5 5761 288 1 8
K 0 7 45
K 0 0 43
K 0 7 45
K 1 7 45
A D 1 8
H 8 B 1 0 108 3 2 1 3
J B 28 3561 1 82 6913 288 0
J F 0 3582 98 1 1 0 0
K 0 0 204
J N 6 3582 -28 6 1 0 1 9
K 0 14 45
K 0 0 45
K 0 0 43
K -1 0 45
K 2 0 45
A D 1 8
J N 6 3611 -21 5 1153 288 1 9
K 0 7 45
K 0 0 43
K 0 7 45
K 1 7 45
A D 1 8
J N 6 3640 -28 6 2305 288 1 9
K 0 14 45
K 0 0 45
K 0 0 43
K -1 0 45
K 2 0 45
A D 1 8
H 9 B 1 0 108 3 2 1 3
J N 6 3669 -28 6 3457 288 1 10
K 0 14 45
K 0 0 45
K 0 0 43
K -1 0 45
K 2 0 45
A D 1 8
J N 6 3698 -21 5 4609 288 1 10
K 0 7 45
K 0 0 43
K 0 7 45
K 1 7 45
A D 1 8
J N 6 3727 -28 6 5761 288 1 10
K 0 14 45
K 0 0 45
K 0 0 43
K -1 0 45
K 2 0 45
A D 1 8
H 10 B 1 0 108 3 2 1 3
J B 29 3760 1 82 6913 288 0
J N 7 3781 14 5 1 0 0
K 0 0 43
K 24 -6 44
K 0 0 60
K 0 21 60
A D 3 8
J F 0 3827 98 1 3457 864 0
K 0 0 205
J N 7 3827 7 5 3457 0 0
K 0 0 43
K 25 0 44
K 0 0 60
K 0 21 60
A D 3 8
J B 30 3877 1 82 6913 864 0
J F 0 3898 98 1 1 0 0
K 0 0 205
J N 7 3898 0 5 1 0 0
K 0 0 43
K 24 -6 44
K 0 0 60
K 0 21 60
A D 3 8
J R 7 3944 28 2 3457 864 0
K 0 0 48
A D 2 8
J N 6 3982 0 3 5761 576 0
K 0 0 43
K 0 0 54
A D 1 8
J B 31 4015 1 82 6913 288 0
J F 0 4036 98 2 1 0 0
K 0 0 205
K 0 21 204
J N 6 4036 -7 2 1 0 1 11
K 0 0 43
A D 1 8
J N 6 4065 0 2 1153 288 1 11
K 0 0 43
A D 1 8
J N 6 4094 -7 2 2305 288 1 11
K 0 0 43
A D 1 8
H 11 B 1 0 108 3 2 1 3
J F 0 4123 98 1 3457 288 0
K 0 0 202
J N 6 4123 -14 5 3457 0 1 12
K 0 0 45
K 0 0 43
K -1 0 45
K 2 0 45
A D 1 8
J N 6 4152 -7 2 4609 288 1 12
K 0 0 43
A D 1 8
J N 6 4181 -14 5 5761 288 1 12
K 0 0 45
K 0 0 43
K -1 0 45
K 2 0 45
A D 1 8
H 12 B 1 0 108 3 2 1 3
J B 32 4214 1 82 6913 288 0
J N 7 4235 14 5 1 0 0
K 0 0 43
K 24 -6 44
K 0 0 60
K 0 21 60
A D 3 8
J N 7 4281 42 5 3457 864 1 13
K 0 0 43
K 24 -6 44
K 0 0 59
K 0 -21 59
A D 3 8
J B 33 4331 1 82 6913 864 0
J F 0 4352 98 2 1 0 0
K 0 0 203
K 0 21 201
J N 7 4352 42 5 1 0 1 13
K 0 0 43
K 24 -6 44
K 0 0 59
K 0 -21 59
A D 3 8
H 13 T 42 0 0 0 0 0 13 0
J F 0 4398 98 1 3457 864 0
K 0 0 205
J N 7 4398 49 5 3457 0 0
K 0 0 43
K 25 0 44
K 0 0 59
K 0 -21 59
A D 3 8
J B 34 4448 1 82 6913 864 0
J N 7 4469 42 5 1 0 0
K 0 0 43
K 24 -6 44
K 0 0 59
K 0 -21 59
A D 3 8
J N 7 4515 35 5 3457 864 0
K 0 0 43
K 25 0 44
K 0 0 59
K 0 -21 59
A D 3 8
J B 35 4565 1 82 6913 864 0
J N 7 4586 63 5 1 0 1 14
K 0 0 43
K 25 0 44
K 0 0 59
K 0 -21 59
A D 3 8
J N 7 4632 63 4 4147 864 1 14
K 0 0 43
K 0 0 59
K 0 -21 59
A D 2 8
H 14 T 63 0 0 0 0 0 9 0
J B 36 4696 10 6 6913 576 0
K -22 21 44
K -22 35 44
K -12 0 84
K 0 0 84
K 11 21 44
K 11 35 44
J N 7 4733 28 5 1 0 0
K 0 0 43
K 24 -6 44
K 0 0 60
K 0 21 60
A D 3 8
J N 7 4779 -21 8 3457 864 0
K 0 7 45
K 0 0 43
K 0 7 45
K 1 7 45
K 25 0 44
K 0 0 60
K 0 21 60
A D 3 8
J B 37 4829 1 82 6913 864 0
J N 7 4856 -14 9 1 0 0
K 0 0 45
K -18 0 63
K 0 0 43
K -1 0 45
K 2 0 45
K 24 -6 44
K 0 0 60
K 0 21 60
A D 3 8
J N 7 4902 0 5 3457 864 0
K 0 0 43
K 24 -6 44
K 0 0 60
K 0 21 60
A D 3 8
J B 38 4952 1 82 6913 864 0
J N 7 4973 -21 8 1 0 0
K 0 7 45
K 0 0 43
K 0 7 45
K 1 7 45
K 25 0 44
K 0 0 60
K 0 21 60
A D 3 8
J N 7 5019 28 5 3457 864 0
K 0 0 43
K 24 -6 44
K 0 0 60
K 0 21 60
A D 3 8
J B 39 5069 1 82 6913 864 0
J F 0 5090 98 1 1 0 0
K 0 0 213
J N 8 5090 0 5 1 0 0
K 0 0 42
K 24 -6 44
K 0 0 60
K 0 21 60
A D 6 8
J B 40 5162 1 82 6913 1728 0
J N 8 5189 14 6 1 0 0
K -18 0 63
K 0 0 42
K 24 -6 44
K 0 0 60
K 0 21 60
A D 6 8
J B 41 5261 1 82 6913 1728 0
J N 8 5282 7 5 1 0 0
K 0 0 42
K 25 0 44
K 0 0 60
K 0 21 60
A D 6 8
J B 42 5354 1 82 6913 1728 0
J F 0 5375 98 1 1 0 0
K 0 0 213
J N 7 5375 -21 7 1 0 0
K 0 7 45
K 0 0 43
K 0 7 45
K 1 7 45
K 0 0 60
K 0 21 60
A D 2 8
J F 0 5413 98 2 2305 576 0
K 0 0 206
K 0 21 204
J N 6 5413 -14 6 2305 0 0
K 0 0 45
K 0 0 43
K -1 0 45
K 2 0 45
K 0 0 54
A D 1 8
J F 0 5442 98 1 3457 288 0
K 0 0 203
J N 7 5442 -21 7 3457 0 0
K 0 7 45
K 0 0 43
K 0 7 45
K 1 7 45
K 0 0 60
K 0 21 60
A D 2 8
J F 0 5480 98 1 5761 576 0
K 0 0 213
J N 6 5480 28 3 5761 0 0
K 0 0 43
K 0 0 54
A D 1 8
J B 43 5513 1 82 6913 288 0
J N 8 5534 7 5 1 0 0
K 0 0 42
K 25 0 44
K 0 0 60
K 0 21 60
A D 6 8
J B 44 5606 1 82 6913 1728 0
J N 7 5627 7 5 1 0 0
K 0 0 43
K 25 0 44
K 0 0 60
K 0 21 60
A D 3 8
J F 0 5673 98 1 3457 864 0
K 0 0 205
J N 7 5673 14 5 3457 0 0
K 0 0 43
K 24 -6 44
K 0 0 60
K 0 21 60
A D 3 8
J B 45 5723 1 82 6913 864 0
J F 0 5744 98 1 1 0 0
K 0 0 213
J N 7 5744 21 5 1 0 0
K 0 0 43
K 25 0 44
K 0 0 60
K 0 21 60
A D 3 8
J F 0 5790 98 1 3457 864 0
K 0 0 205
J N 7 5790 35 4 3457 0 0
K 0 0 43
K 0 0 59
K 0 -21 59
A D 2 8
J F 0 5828 98 3 5761 576 0
K 0 0 205
K 15 0 218
K 0 21 204
J N 6 5828 28 3 5761 0 0
K 0 0 43
K 0 0 54
A D 1 8
J B 46 5865 1 82 6913 288 0
J F 0 5886 98 1 1 0 0
K 0 0 213
J N 7 5886 21 4 1 0 0
K 0 0 43
K 0 0 60
K 0 21 60
A D 2 8
J F 0 5924 98 2 2305 576 0
K 0 0 206
K 0 21 204
J N 6 5924 28 3 2305 0 0
K 0 0 43
K 0 0 54
A D 1 8
J F 0 5953 98 1 3457 288 0
K 0 0 203
J N 7 5953 21 4 3457 0 0
K 0 0 43
K 0 0 60
K 0 21 60
A D 2 8
J F 0 5991 98 1 5761 576 0
K 0 0 213
J N 6 5991 70 6 5761 0 0
K 1 0 45
K 0 0 43
K -1 0 45
K 2 0 45
K 0 0 53
A D 1 8
J B 47 6035 1 82 6913 288 0
J N 7 6056 49 5 1 0 0
K 0 0 43
K 25 0 44
K 0 0 59
K 0 -21 59
A D 3 8
J F 0 6107 98 1 3457 864 0
K 0 0 205
J N 7 6107 35 6 3457 0 0
K -18 0 63
K 0 0 43
K 25 0 44
K 0 0 59
K 0 -21 59
A D 3 8
J B 48 6157 1 82 6913 864 0
J N 7 6178 28 5 1 0 0
K 0 0 43
K 24 -6 44
K 0 0 60
K 0 21 60
A D 3 8
J R 7 6224 28 2 3457 864 0
K 0 0 48
A D 2 8
J N 6 6262 28 3 5761 576 0
K 0 0 43
K 0 0 54
A D 1 8
J B 49 6295 1 82 6913 288 0
J F 0 6316 98 1 1 0 0
K 0 0 213
J N 7 6316 21 4 1 0 0
K 0 0 43
K 0 0 60
K 0 21 60
A D 2 8
J N 6 6360 7 4 2305 576 0
K -18 0 63
K 0 0 43
K 0 0 54
A D 1 8
J N 7 6389 0 4 3457 288 0
K 0 0 43
K 0 0 60
K 0 21 60
A D 2 8
J N 6 6427 28 3 5761 576 0
K 0 0 43
K 0 0 54
A D 1 8
J B 50 6460 1 82 6913 288 0
J F 0 6481 98 2 1 0 0
K 0 0 205
K 0 21 203
J N 7 6481 21 5 1 0 0
K 0 0 43
K 25 0 44
K 0 0 60
K 0 21 60
A D 3 8
J F 0 6527 98 3 3457 864 0
K 0 0 204
K 15 0 218
K 0 21 213
J N 7 6527 70 8 3457 0 0
K 1 0 45
K 0 0 43
K -1 0 45
K 2 0 45
K 24 -6 44
K 0 0 59
K 0 -21 59
A D 3 8
J B 51 6577 1 82 6913 864 0
J N 7 6598 49 5 1 0 0
K 0 0 43
K 25 0 44
K 0 0 59
K 0 -21 59
A D 3 8
J R 7 6644 28 2 3457 864 0
K 0 0 48
A D 2 8
J R 6 6682 28 2 5761 576 0
K 0 0 49
A D 1 8
J B 52 6715 1 82 6913 288 0
J N 8 6736 -35 10 1 0 0
K 0 21 45
K 0 7 45
K 0 0 42
K 0 7 45
K 1 7 45
K 25 0 44
K 0 0 60
K 0 28 60
K 0 35 60
A D 6 8
J B 53 6808 1 82 6913 1728 0
J F 0 6829 98 1 1 0 0
K 0 0 205
J N 8 6829 -28 9 1 0 0
K 0 14 45
K 0 0 45
K 0 0 42
K -1 0 45
K 2 0 45
K 24 -6 44
K 0 0 60
K 0 28 60
A D 6 8
J B 54 6901 1 82 6913 1728 0
J N 7 6922 -28 9 1 0 0
K 0 14 45
K 0 0 45
K 0 0 43
K -1 0 45
K 2 0 45
K 24 -6 44
K 0 0 60
K 0 28 60
A D 3 8
J N 7 6968 -14 8 3457 864 0
K 0 0 45
K 0 0 43
K -1 0 45
K 2 0 45
K 24 -6 44
K 0 0 60
K 0 21 60
A D 3 8
J B 55 7018 1 82 6913 864 0
J N 8 7039 14 5 1 0 0
K 0 0 42
K 24 -6 44
K 0 0 60
K 0 21 60
A D 6 8
J B 56 7111 1 82 6913 1728 0
J N 8 7132 -35 10 1 0 0
K 0 21 45
K 0 7 45
K 0 0 42
K 0 7 45
K 1 7 45
K 25 0 44
K 0 0 60
K 0 28 60
K 0 35 60
A D 6 8
J B 57 7204 1 82 6913 1728 0
J F 0 7225 98 1 1 0 0
K 0 0 205
J N 7 7225 -28 9 1 0 0
K 0 14 45
K 0 0 45
K 0 0 43
K -1 0 45
K 2 0 45
K 24 -6 44
K 0 0 60
K 0 28 60
A D 3 8
J R 7 7271 28 2 3457 864 0
K 0 0 48
A D 2 8
J N 6 7309 21 3 5761 576 0
K 0 0 43
K 0 0 54
A D 1 8
J B 58 7342 1 82 6913 288 0
J F 0 7363 98 2 1 0 0
K 0 0 205
K 0 21 204
J N 7 7363 14 5 1 0 0
K 0 0 43
K 24 -6 44
K 0 0 60
K 0 21 60
A D 3 8
J F 0 7409 98 1 3457 864 0
K 0 0 218
J N 7 7409 7 5 3457 0 0
K 0 0 43
K 25 0 44
K 0 0 60
K 0 21 60
A D 3 8
J B 59 7459 1 82 6913 864 0
J N 7 7480 35 5 1 0 0
K 0 0 43
K 25 0 44
K 0 0 59
K 0 -21 59
A D 3 8
J N 7 7526 42 5 3457 864 0
K 0 0 43
K 24 -6 44
K 0 0 59
K 0 -21 59
A D 3 8
J B 60 7576 1 82 6913 864 0
J F 0 7597 98 1 1 0 0
K 0 0 205
J N 8 7597 49 5 1 0 0
K 0 0 42
K 25 0 44
K 0 0 59
K 0 -21 59
A D 6 8
J F 0 7643 98 2 3457 864 0
K 0 0 204
K 15 0 219
J B 61 7693 1 82 6913 864 0
J F 0 7714 98 2 1 0 0
K 0 0 203
K 15 0 219
J N 8 7714 42 5 1 0 0
K 0 0 42
K 24 -6 44
K 0 0 59
K 0 -21 59
A D 6 8
J F 0 7760 98 1 3457 864 0
K 0 0 202
J B 62 7810 1 82 6913 864 0
J F 0 7831 98 1 1 0 0
K 0 0 205
J N 8 7831 42 6 1 0 0
K -14 0 64
K 0 0 42
K 24 -6 44
K 0 0 59
K 0 -21 59
A D 6 8
J F 0 7877 98 1 3457 864 0
K 0 0 204
J B 63 7927 1 82 6913 864 0
J F 0 7948 98 1 1 0 0
K 0 0 203
J N 8 7948 35 5 1 0 0
K 0 0 42
K 25 0 44
K 0 0 59
K 0 -21 59
A D 6 8
J F 0 7994 98 1 3457 864 0
K 0 0 202
J B 64 8044 1 82 6913 864 0
J F 0 8067 98 1 1 0 0
K 0 0 205
J N 8 8067 35 6 1 0 0
K -18 0 63
K 0 0 42
K 25 0 44
K 0 0 59
K 0 -21 59
A D 6 8
J F 0 8113 98 1 3457 864 0
K 0 0 204
J B 65 8163 1 82 6913 864 0
J F 0 8184 98 1 1 0 0
K 0 0 203
J N 8 8184 28 5 1 0 0
K 0 0 42
K 24 -6 44
K 0 0 60
K 0 21 60
A D 6 8
J F 0 8230 98 1 3457 864 0
K 0 0 202
J B 66 8280 1 82 6913 864 0
J F 0 8301 98 1 1 0 0
K 0 0 205
J N 8 8301 -21 8 1 0 0
K 0 7 45
K 0 0 42
K 0 7 45
K 1 7 45
K 25 0 44
K 0 0 60
K 0 21 60
A D 6 8
J B 67 8373 1 82 6913 1728 0
J F 0 8396 98 1 1 0 0
K 0 0 206
J N 8 8396 -14 9 1 0 0
K 0 0 45
K -18 0 63
K 0 0 42
K -1 0 45
K 2 0 45
K 24 -6 44
K 0 0 60
K 0 21 60
A D 6 8
J B 68 8468 1 82 6913 1728 0
J F 0 8489 98 1 1 0 0
K 0 0 205
J N 8 8489 -14 9 1 0 0
K 0 0 45
K -14 0 64
K 0 0 42
K -1 0 45
K 2 0 45
K 24 -6 44
K 0 0 60
K 0 21 60
A D 6 8
J B 69 8561 1 82 6913 1728 0
J F 0 8582 98 1 1 0 0
K 0 0 206
J N 8 8582 -7 6 1 0 0
K -14 0 64
K 0 0 42
K 25 0 44
K 0 0 60
K 0 21 60
A D 6 8
J B 70 8654 1 82 6913 1728 0
J F 0 8675 98 1 1 0 0
K 0 0 205
J N 8 8675 -7 6 1 0 0
K -15 0 65
K 0 0 42
K 25 0 44
K 0 0 60
K 0 21 60
A D 6 8
J B 71 8747 1 82 6913 1728 0
J F 0 8768 98 2 1 0 0
K 0 0 203
K 0 21 201
J N 7 8768 -7 5 1 0 0
K 0 0 43
K 25 0 44
K 0 0 60
K 0 21 60
A D 3 8
J F 0 8814 98 1 3457 864 0
K 0 0 205
J N 7 8814 0 4 3457 0 0
K 0 0 43
K 0 0 60
K 0 21 60
A D 2 8
J N 6 8852 49 3 5761 576 0
K 0 0 43
K 0 0 53
A D 1 8
J B 72 8896 1 82 6913 288 0
J F 0 8917 98 2 1 0 0
K 0 0 206
K 0 21 204
J N 7 8917 42 4 1 0 0
K 0 0 43
K 0 0 59
K 0 -21 59
A D 2 8
J N 6 8955 -7 3 2305 576 0
K 0 0 43
K 0 0 54
A D 1 8
J F 0 8984 98 1 3457 288 0
K 0 0 203
J N 7 8984 -14 7 3457 0 0
K 0 0 45
K 0 0 43
K -1 0 45
K 2 0 45
K 0 0 60
K 0 21 60
A D 2 8
J F 0 9022 98 1 5761 576 0
K 0 0 202
J N 6 9022 35 3 5761 0 0
K 0 0 43
K 0 0 53
A D 1 8
J B 73 9066 1 82 6913 288 0
J N 6 9087 14 2 1 0 1 15
K 0 0 43
A D 1 8
J N 6 9116 7 2 1153 288 1 15
K 0 0 43
A D 1 8
J N 6 9145 0 2 2305 288 1 15
K 0 0 43
A D 1 8
H 15 B 1 0 108 3 2 1 3
J F 0 9174 98 1 3457 288 0
K 0 0 206
J N 6 9174 -7 2 3457 0 1 16
K 0 0 43
A D 1 8
J N 6 9203 -14 5 4609 288 1 16
K 0 0 45
K 0 0 43
K -1 0 45
K 2 0 45
A D 1 8
J N 6 9232 -21 5 5761 288 1 16
K 0 7 45
K 0 0 43
K 0 7 45
K 1 7 45
A D 1 8
H 16 B 1 0 108 3 2 1 3
J B 74 9265 1 82 6913 288 0
J F 0 9286 98 1 1 0 0
K 0 0 206
J N 6 9286 21 2 1 0 1 17
K 0 0 43
A D 1 8
J N 6 9315 14 2 1153 288 1 17
K 0 0 43
A D 1 8
J N 6 9344 7 2 2305 288 1 17
K 0 0 43
A D 1 8
H 17 B 1 0 108 3 2 1 3
J F 0 9373 98 1 3457 288 0
K 0 0 206
J N 6 9373 0 2 3457 0 1 18
K 0 0 43
A D 1 8
J N 6 9402 -7 2 4609 288 1 18
K 0 0 43
A D 1 8
J N 6 9431 -14 5 5761 288 1 18
K 0 0 45
K 0 0 43
K -1 0 45
K 2 0 45
A D 1 8
H 18 B 1 0 108 3 2 1 3
J B 75 9464 1 82 6913 288 0
J F 0 9485 98 1 1 0 0
K 0 0 206
J N 6 9485 28 2 1 0 1 19
K 0 0 43
A D 1 8
J N 6 9514 21 2 1153 288 1 19
K 0 0 43
A D 1 8
J N 6 9543 14 2 2305 288 1 19
K 0 0 43
A D 1 8
H 19 B 1 0 108 3 2 1 3
J F 0 9572 98 1 3457 288 0
K 0 0 206
J N 6 9572 7 2 3457 0 1 20
K 0 0 43
A D 1 8
J N 6 9601 0 2 4609 288 1 20
K 0 0 43
A D 1 8
J N 6 9630 -7 2 5761 288 1 20
K 0 0 43
A D 1 8
H 20 B 1 0 108 3 2 1 3
J B 76 9663 1 82 6913 288 0
J F 0 9684 98 1 1 0 0
K 0 0 206
J N 6 9684 35 2 1 0 1 21
K 0 0 43
A D 1 8
J N 6 9713 28 2 1153 288 1 21
K 0 0 43
A D 1 8
J N 6 9742 21 2 2305 288 1 21
K 0 0 43
A D 1 8
H 21 B 1 0 108 3 2 1 3
J N 6 9771 14 2 3457 288 1 22
K 0 0 43
A D 1 8
J N 6 9800 7 2 4609 288 1 22
K 0 0 43
A D 1 8
J N 6 9829 0 2 5761 288 1 22
K 0 0 43
A D 1 8
H 22 B 1 0 108 3 2 1 3
J B 77 9862 1 82 6913 288 0
J N 6 9883 -7 2 1 0 1 23
K 0 0 43
A D 1 8
J N 6 9912 0 2 1153 288 1 23
K 0 0 43
A D 1 8
J N 6 9941 -7 2 2305 288 1 23
K 0 0 43
A D 1 8
H 23 B 1 0 108 3 2 1 3
J N 6 9970 -14 5 3457 288 1 24
K 0 0 45
K 0 0 43
K -1 0 45
K 2 0 45
A D 1 8
J N 6 9999 -7 2 4609 288 1 24
K 0 0 43
A D 1 8
J N 6 10028 -14 5 5761 288 1 24
K 0 0 45
K 0 0 43
K -1 0 45
K 2 0 45
A D 1 8
H 24 B 1 0 108 3 2 1 3
J B 78 10061 1 82 6913 288 0
J N 6 10082 14 2 1 0 1 25
K 0 0 43
A D 1 8
J N 6 10111 7 3 1153 288 1 25
K 0 0 43
K 0 78 108
A D 1 8
J N 6 10140 0 2 2305 288 1 25
K 0 0 43
A D 1 8
H 25 B 1 0 108 3 2 1 3
J F 0 10169 98 1 3457 288 0
K 0 0 206
J N 6 10169 -7 2 3457 0 1 26
K 0 0 43
A D 1 8
J N 6 10198 -14 5 4609 288 1 26
K 0 0 45
K 0 0 43
K -1 0 45
K 2 0 45
A D 1 8
J N 6 10227 -21 5 5761 288 1 26
K 0 7 45
K 0 0 43
K 0 7 45
K 1 7 45
A D 1 8
H 26 B 1 0 108 3 2 1 3
J B 79 10260 1 82 6913 288 0
J F 0 10281 98 1 1 0 0
K 0 0 206
J N 6 10281 21 2 1 0 1 27
K 0 0 43
A D 1 8
J N 6 10310 14 2 1153 288 1 27
K 0 0 43
A D 1 8
J N 6 10339 7 2 2305 288 1 27
K 0 0 43
A D 1 8
H 27 B 1 0 108 3 2 1 3
J F 0 10368 98 1 3457 288 0
K 0 0 206
J N 6 10368 0 2 3457 0 1 28
K 0 0 43
A D 1 8
J N 6 10397 -7 2 4609 288 1 28
K 0 0 43
A D 1 8
J N 6 10426 -14 5 5761 288 1 28
K 0 0 45
K 0 0 43
K -1 0 45
K 2 0 45
A D 1 8
H 28 B 1 0 108 3 2 1 3
J B 80 10459 1 82 6913 288 0
J F 0 10480 98 1 1 0 0
K 0 0 206
J N 6 10480 28 2 1 0 1 29
K 0 0 43
A D 1 8
J N 6 10509 21 2 1153 288 1 29
K 0 0 43
A D 1 8
J N 6 10538 14 2 2305 288 1 29
K 0 0 43
A D 1 8
H 29 B 1 0 108 3 2 1 3
J F 0 10567 98 1 3457 288 0
K 0 0 206
J N 6 10567 7 2 3457 0 1 30
K 0 0 43
A D 1 8
J N 6 10596 0 2 4609 288 1 30
K 0 0 43
A D 1 8
J N 6 10625 -7 2 5761 288 1 30
K 0 0 43
A D 1 8
H 30 B 1 0 108 3 2 1 3
J B 81 10658 1 82 6913 288 0
J F 0 10679 98 1 1 0 0
K 0 0 206
J N 6 10679 35 2 1 0 1 31
K 0 0 43
A D 1 8
J N 6 10708 28 2 1153 288 1 31
K 0 0 43
A D 1 8
J N 6 10737 21 2 2305 288 1 31
K 0 0 43
A D 1 8
H 31 B 1 0 108 3 2 1 3
J N 6 10766 14 2 3457 288 1 32
K 0 0 43
A D 1 8
J N 6 10795 7 2 4609 288 1 32
K 0 0 43
A D 1 8
J N 6 10824 0 2 5761 288 1 32
K 0 0 43
A D 1 8
H 32 B 1 0 108 3 2 1 3
J B 82 10857 1 82 6913 288 0
J N 6 10878 42 2 1 0 1 33
K 0 0 43
A D 1 8
J N 6 10907 49 2 1153 288 1 33
K 0 0 43
A D 1 8
J N 6 10936 42 2 2305 288 1 33
K 0 0 43
A D 1 8
H 33 B 0 0 108 3 2 1 3
J N 6 10965 35 2 3457 288 1 34
K 0 0 43
A D 1 8
J N 6 10994 42 2 4609 288 1 34
K 0 0 43
A D 1 8
J N 6 11023 35 2 5761 288 1 34
K 0 0 43
A D 1 8
H 34 B 0 0 108 3 2 1 3
J B 83 11056 1 82 6913 288 0
J N 7 11077 14 5 1 0 0
K 0 0 43
K 24 -6 44
K 0 0 60
K 0 21 60
A D 3 8
J R 7 11123 28 2 3457 864 0
K 0 0 48
A D 2 8
J N 6 11161 42 4 5761 576 0
K 0 0 43
K 0 44 110
K 0 0 53
A D 1 8
J B 84 11205 1 82 6913 288 0
J F 0 11226 98 1 1 0 0
K 0 0 206
J N 7 11226 35 4 1 0 0
K 0 0 43
K 0 0 59
K 0 -21 59
A D 2 8
J N 6 11264 63 3 2305 576 0
K 0 0 43
K 0 0 53
A D 1 8
J F 0 11298 98 1 3457 288 0
K 0 0 203
J N 7 11298 35 4 3457 0 0
K 0 0 43
K 0 0 59
K 0 -21 59
A D 2 8
J F 0 11336 98 1 5761 576 0
K 0 0 202
J N 6 11336 84 8 5761 0 0
K 1 -14 45
K 1 0 45
K 0 0 43
K -1 0 45
K 2 0 45
K 0 0 59
K 0 -7 53
A D 1 8
J B 85 11380 1 82 6913 288 0
J N 8 11401 63 5 1 0 0
K 0 0 42
K 25 0 44
K 0 0 59
K 0 -21 59
A D 6 8
J B 0 11496 6 4 6913 1728 0
K -23 21 44
K -23 35 44
K -13 0 82
K -6 0 84
J M 0 11496 0 0 10000 0 0
