@ SOURCE: not identified 
L 0 0 14 !39Violino 2 concerto grosso
J D 4 500 -120 1 6913 0 0
W 0 0 44 V. Giga
J D 1 75 -37 1 6913 0 0
W 0 -56 44 V. Giga:  Violino 2 concerto grosso
J C 4 5 42 2 6913 0 0
K 0 0 33
K 0 0 34
J K -1 57 0 1 6913 0 0
K 0 28 65
J D 5 86 -42 1 6913 0 0
W 0 0 37 Allegro
J T 608 95 0 2 6913 0 0
K -10 28 77
K -10 56 79
J R 6 137 28 2 1 0 0
K 0 0 49
A D 1 8
J B 1 170 1 82 6913 288 0
J R 9 191 28 2 1 10000 0
K 0 0 46
A D 6 8
J B 2 296 1 82 6913 1728 0
J N 7 317 21 5 1 0 0
K 0 0 43
K 25 0 44
K 0 0 60
K 0 21 60
A D 3 8
J R 7 363 28 2 3457 864 0
K 0 0 48
A D 2 8
J R 6 401 28 2 5761 576 0
K 0 0 49
A D 1 8
J B 3 434 1 82 6913 288 0
J R 9 455 28 2 1 10000 0
K 0 0 46
A D 6 8
J B 4 560 1 82 6913 1728 0
J N 7 581 21 5 1 0 0
K 0 0 43
K 25 0 44
K 0 0 60
K 0 21 60
A D 3 8
J R 7 627 28 2 3457 864 0
K 0 0 48
A D 2 8
J R 6 665 28 2 5761 576 0
K 0 0 49
A D 1 8
J B 5 698 1 82 6913 288 0
J R 9 719 28 2 1 10000 0
K 0 0 46
A D 6 8
J B 6 824 1 82 6913 1728 0
J N 7 845 21 5 1 0 0
K 0 0 43
K 25 0 44
K 0 0 60
K 0 21 60
A D 3 8
J R 7 891 28 2 3457 864 0
K 0 0 48
A D 2 8
J N 6 929 -7 3 5761 576 0
K 0 0 43
K 0 0 54
A D 1 8
J B 7 962 1 82 6913 288 0
J N 6 983 0 2 1 0 2 1 2
K 0 0 43
A D 1 8
J N 6 1012 -7 2 1153 288 1 2
K 0 0 43
A D 1 8
J N 6 1041 7 2 2305 288 2 2 1
K 0 0 43
A D 1 8
H 2 B 1 0 108 3 2 1 3
H 1 S 0 0 -7 0 -7 0 0 0 0
J N 7 1070 14 5 3457 288 0
K 0 0 43
K 24 -6 44
K 0 0 60
K 0 21 60
A D 3 8
J B 8 1120 1 82 6913 864 0
J N 7 1141 21 5 1 0 0
K 0 0 43
K 25 0 44
K 0 0 60
K 0 21 60
A D 3 8
J R 7 1187 28 2 3457 864 0
K 0 0 48
A D 2 8
J R 6 1225 28 2 5761 576 0
K 0 0 49
A D 1 8
J B 9 1258 1 82 6913 288 0
J R 9 1279 28 2 1 10000 0
K 0 0 46
A D 6 8
J B 10 1384 1 82 6913 1728 0
J N 7 1405 0 5 1 0 0
K 0 0 43
K 24 -6 44
K 0 0 60
K 0 21 60
A D 3 8
J R 7 1451 28 2 3457 864 0
K 0 0 48
A D 2 8
J R 6 1489 28 2 5761 576 0
K 0 0 49
A D 1 8
J B 11 1522 1 82 6913 288 0
J R 9 1543 28 2 1 10000 0
K 0 0 46
A D 6 8
J B 12 1648 1 82 6913 1728 0
J N 7 1669 7 5 1 0 0
K 0 0 43
K 25 0 44
K 0 0 60
K 0 21 60
A D 3 8
J R 7 1715 28 2 3457 864 0
K 0 0 48
A D 2 8
J R 6 1753 28 2 5761 576 0
K 0 0 49
A D 1 8
J B 13 1786 1 82 6913 288 0
J R 9 1807 28 2 1 10000 0
K 0 0 46
A D 6 8
J B 14 1912 1 82 6913 1728 0
J N 7 1933 14 5 1 0 0
K 0 0 43
K 24 -6 44
K 0 0 60
K 0 21 60
A D 3 8
J R 7 1979 28 2 3457 864 0
K 0 0 48
A D 2 8
J R 6 2017 28 2 5761 576 0
K 0 0 49
A D 1 8
J B 15 2050 1 82 6913 288 0
J R 9 2071 28 2 1 10000 0
K 0 0 46
A D 6 8
J B 16 2176 1 82 6913 1728 0
J N 7 2197 42 5 1 0 0
K 0 0 43
K 24 -6 44
K 0 0 59
K 0 -21 59
A D 3 8
J R 7 2243 28 2 3457 864 0
K 0 0 48
A D 2 8
J R 6 2281 28 2 5761 576 0
K 0 0 49
A D 1 8
J B 17 2314 1 82 6913 288 0
J R 9 2335 28 2 1 10000 0
K 0 0 46
A D 6 8
J B 18 2440 1 82 6913 1728 0
J R 9 2461 28 2 1 10000 0
K 0 0 46
A D 6 8
J B 19 2566 1 82 6913 1728 0
J R 9 2587 28 2 1 10000 0
K 0 0 46
A D 6 8
J B 20 2692 1 82 6913 1728 0
J R 9 2713 28 2 1 10000 0
K 0 0 46
A D 6 8
J B 21 2818 1 82 6913 1728 0
J N 7 2839 21 5 1 0 0
K 0 0 43
K 25 0 44
K 0 0 60
K 0 21 60
A D 3 8
J N 7 2885 7 5 3457 864 0
K 0 0 43
K 25 0 44
K 0 0 60
K 0 21 60
A D 3 8
J B 22 2935 1 82 6913 864 0
J N 7 2956 0 5 1 0 0
K 0 0 43
K 24 -6 44
K 0 0 60
K 0 21 60
A D 3 8
J R 7 3002 28 2 3457 864 0
K 0 0 48
A D 2 8
J N 6 3040 21 3 5761 576 0
K 0 0 43
K 0 0 54
A D 1 8
J B 23 3073 1 82 6913 288 0
J N 6 3094 14 2 1 0 2 3 4
K 0 0 43
A D 1 8
J N 6 3123 21 2 1153 288 1 4
K 0 0 43
A D 1 8
J N 6 3152 14 2 2305 288 2 4 3
K 0 0 43
A D 1 8
H 4 B 1 0 108 3 2 1 3
H 3 S 0 0 0 0 0 0 0 0 0
J N 7 3181 42 4 3457 288 0
K 0 0 43
K 0 0 59
K 0 -21 59
A D 2 8
J N 6 3219 21 3 5761 576 0
K 0 0 43
K 0 0 54
A D 1 8
J B 24 3252 1 82 6913 288 0
J N 7 3273 35 5 1 0 0
K 0 0 43
K 25 0 44
K 0 0 59
K 0 -21 59
A D 3 8
J R 7 3319 28 2 3457 864 0
K 0 0 48
A D 2 8
J R 6 3357 28 2 5761 576 0
K 0 0 49
A D 1 8
J B 25 3390 1 82 6913 288 0
J R 9 3411 28 2 1 10000 0
K 0 0 46
A D 6 8
J B 26 3516 1 82 6913 1728 0
J R 9 3537 28 2 1 10000 0
K 0 0 46
A D 6 8
J B 27 3642 1 82 6913 1728 0
J R 9 3663 28 2 1 10000 0
K 0 0 46
A D 6 8
J B 28 3768 1 82 6913 1728 0
J R 9 3789 28 2 1 10000 0
K 0 0 46
A D 6 8
J B 29 3894 1 82 6913 1728 0
J N 7 3915 21 5 1 0 0
K 0 0 43
K 25 0 44
K 0 0 60
K 0 21 60
A D 3 8
J N 7 3961 7 5 3457 864 0
K 0 0 43
K 25 0 44
K 0 0 60
K 0 21 60
A D 3 8
J B 30 4011 1 82 6913 864 0
J N 7 4032 0 5 1 0 0
K 0 0 43
K 24 -6 44
K 0 0 60
K 0 21 60
A D 3 8
J R 7 4078 28 2 3457 864 0
K 0 0 48
A D 2 8
J N 6 4116 21 3 5761 576 0
K 0 0 43
K 0 0 54
A D 1 8
J B 31 4149 1 82 6913 288 0
J N 6 4170 14 2 1 0 2 5 6
K 0 0 43
A D 1 8
J N 6 4199 21 2 1153 288 1 6
K 0 0 43
A D 1 8
J N 6 4228 14 2 2305 288 2 6 5
K 0 0 43
A D 1 8
H 6 B 1 0 108 3 2 1 3
H 5 S 0 0 0 0 0 0 0 0 0
J N 7 4257 42 4 3457 288 0
K 0 0 43
K 0 0 59
K 0 -21 59
A D 2 8
J N 6 4295 21 3 5761 576 0
K 0 0 43
K 0 0 54
A D 1 8
J B 32 4328 1 82 6913 288 0
J N 7 4349 35 5 1 0 0
K 0 0 43
K 25 0 44
K 0 0 59
K 0 -21 59
A D 3 8
J R 7 4395 28 2 3457 864 0
K 0 0 48
A D 2 8
J N 6 4433 49 3 5761 576 0
K 0 0 43
K 0 0 53
A D 1 8
J B 33 4477 1 82 6913 288 0
J N 7 4498 42 5 1 0 0
K 0 0 43
K 24 -6 44
K 0 0 59
K 0 -21 59
A D 3 8
J R 7 4544 28 2 3457 864 0
K 0 0 48
A D 2 8
J N 6 4582 35 3 5761 576 0
K 0 0 43
K 0 0 53
A D 1 8
J B 34 4626 1 82 6913 288 0
J N 6 4647 63 2 1 0 2 7 8
K 0 0 43
A D 1 8
J N 6 4676 56 2 1153 288 1 8
K 0 0 43
A D 1 8
J N 6 4705 49 2 2305 288 2 8 7
K 0 0 43
A D 1 8
H 8 B 0 0 108 3 2 1 3
H 7 S 12 0 0 0 0 0 0 0 0
J N 7 4734 70 7 3457 288 0
K 1 0 45
K 0 0 43
K -1 0 45
K 2 0 45
K 0 0 59
K 0 -21 59
A D 2 8
J N 6 4772 56 3 5761 576 0
K 0 0 43
K 0 0 53
A D 1 8
J B 35 4816 1 82 6913 288 0
J N 7 4837 49 5 1 0 1 9
K 0 0 43
K 25 0 44
K 0 0 59
K 0 -21 59
A D 3 8
J N 7 4883 49 4 4147 864 1 9
K 0 0 43
K 0 0 59
K 0 -21 59
A D 2 8
H 9 T 49 0 0 0 0 0 9 0
J B 36 4947 10 6 6913 576 0
K -22 21 44
K -22 35 44
K -12 0 84
K 0 0 84
K 11 21 44
K 11 35 44
J R 9 4984 28 2 1 10000 0
K 0 0 46
A D 6 8
J B 37 5089 1 82 6913 1728 0
J R 9 5110 28 2 1 10000 0
K 0 0 46
A D 6 8
J B 38 5215 1 82 6913 1728 0
J N 7 5236 0 4 1 0 0
K 0 0 43
K 0 0 60
K 0 21 60
A D 2 8
J N 6 5274 35 3 2305 576 0
K 0 0 43
K 0 0 53
A D 1 8
J N 6 5311 14 2 3457 288 2 10 11
K 0 0 43
A D 1 8
J N 6 5340 7 2 4609 288 1 11
K 0 0 43
A D 1 8
J N 6 5369 14 2 5761 288 2 11 10
K 0 0 43
A D 1 8
H 11 B 1 0 108 3 2 1 3
H 10 S 0 0 0 0 0 0 0 0 0
J B 39 5402 1 82 6913 288 0
J N 7 5429 21 6 1 0 0
K -18 0 63
K 0 0 43
K 25 0 44
K 0 0 60
K 0 21 60
A D 3 8
J R 7 5475 28 2 3457 864 0
K 0 0 48
A D 2 8
J R 6 5513 28 2 5761 576 0
K 0 0 49
A D 1 8
J B 40 5546 1 82 6913 288 0
J R 9 5567 28 2 1 10000 0
K 0 0 46
A D 6 8
J B 41 5672 1 82 6913 1728 0
J R 9 5693 28 2 1 10000 0
K 0 0 46
A D 6 8
J B 42 5798 1 82 6913 1728 0
J N 7 5819 -14 7 1 0 0
K 0 0 45
K 0 0 43
K -1 0 45
K 2 0 45
K 0 0 60
K 0 21 60
A D 2 8
J N 6 5857 -21 7 2305 576 0
K 0 7 45
K 0 0 43
K 0 7 45
K 1 7 45
K 0 0 60
K 0 0 54
A D 1 8
J N 7 5886 -14 8 3457 288 0
K 0 0 45
K 0 0 43
K -1 0 45
K 2 0 45
K 24 -6 44
K 0 0 60
K 0 21 60
A D 3 8
J B 43 5936 1 82 6913 864 0
J N 7 5957 -7 5 1 0 0
K 0 0 43
K 25 0 44
K 0 0 60
K 0 21 60
A D 3 8
J R 7 6003 28 2 3457 864 0
K 0 0 48
A D 2 8
J R 6 6041 28 2 5761 576 0
K 0 0 49
A D 1 8
J B 44 6074 1 82 6913 288 0
J R 9 6095 28 2 1 10000 0
K 0 0 46
A D 6 8
J B 45 6200 1 82 6913 1728 0
J R 9 6221 28 2 1 10000 0
K 0 0 46
A D 6 8
J B 46 6326 1 82 6913 1728 0
J N 7 6349 -21 8 1 0 0
K 0 7 45
K -14 0 64
K 0 0 43
K 0 7 45
K 1 7 45
K 0 0 60
K 0 21 60
A D 2 8
J N 6 6387 -28 8 2305 576 0
K 0 14 45
K 0 0 45
K 0 0 43
K -1 0 45
K 2 0 45
K 0 0 60
K 0 7 54
A D 1 8
J N 7 6416 -21 8 3457 288 0
K 0 7 45
K 0 0 43
K 0 7 45
K 1 7 45
K 25 0 44
K 0 0 60
K 0 21 60
A D 3 8
J B 47 6466 1 82 6913 864 0
J N 7 6487 -14 8 1 0 0
K 0 0 45
K 0 0 43
K -1 0 45
K 2 0 45
K 24 -6 44
K 0 0 60
K 0 21 60
A D 3 8
J N 7 6533 7 5 3457 864 0
K 0 0 43
K 25 0 44
K 0 0 60
K 0 21 60
A D 3 8
J B 48 6583 1 82 6913 864 0
J N 7 6604 35 5 1 0 0
K 0 0 43
K 25 0 44
K 0 0 59
K 0 -21 59
A D 3 8
J N 7 6650 0 5 3457 864 0
K 0 0 43
K 24 -6 44
K 0 0 60
K 0 21 60
A D 3 8
J B 49 6700 1 82 6913 864 0
J R 7 6721 28 2 1 0 0
K 0 0 48
A D 2 8
J N 6 6759 56 3 2305 576 0
K 0 0 43
K 0 0 53
A D 1 8
J N 7 6796 35 5 3457 288 0
K 0 0 43
K 25 0 44
K 0 0 59
K 0 -21 59
A D 3 8
J B 50 6846 1 82 6913 864 0
J R 7 6867 28 2 1 0 0
K 0 0 48
A D 2 8
J N 6 6905 14 3 2305 576 0
K 0 0 43
K 0 0 54
A D 1 8
J N 6 6934 21 2 3457 288 2 12 13
K 0 0 43
A D 1 8
J N 6 6963 14 2 4609 288 1 13
K 0 0 43
A D 1 8
J N 6 7003 28 3 5761 288 2 13 12
K -14 0 64
K 0 0 43
A D 1 8
H 13 B 1 0 108 3 2 1 3
H 12 S 0 0 -7 0 -7 0 0 0 0
J B 51 7036 1 82 6913 288 0
J N 7 7057 35 5 1 0 0
K 0 0 43
K 25 0 44
K 0 0 59
K 0 -21 59
A D 3 8
J R 7 7103 28 2 3457 864 0
K 0 0 48
A D 2 8
J R 6 7141 28 2 5761 576 0
K 0 0 49
A D 1 8
J B 52 7174 1 82 6913 288 0
J R 9 7195 28 2 1 10000 0
K 0 0 46
A D 6 8
J B 53 7300 1 82 6913 1728 0
J N 7 7321 21 5 1 0 0
K 0 0 43
K 25 0 44
K 0 0 60
K 0 21 60
A D 3 8
J R 7 7367 28 2 3457 864 0
K 0 0 48
A D 2 8
J R 6 7405 28 2 5761 576 0
K 0 0 49
A D 1 8
J B 54 7438 1 82 6913 288 0
J R 9 7459 28 2 1 10000 0
K 0 0 46
A D 6 8
J B 55 7564 1 82 6913 1728 0
J N 7 7585 21 5 1 0 0
K 0 0 43
K 25 0 44
K 0 0 60
K 0 21 60
A D 3 8
J R 7 7631 28 2 3457 864 0
K 0 0 48
A D 2 8
J R 6 7669 28 2 5761 576 0
K 0 0 49
A D 1 8
J B 56 7702 1 82 6913 288 0
J R 9 7723 28 2 1 10000 0
K 0 0 46
A D 6 8
J B 57 7828 1 82 6913 1728 0
J N 7 7849 21 5 1 0 0
K 0 0 43
K 25 0 44
K 0 0 60
K 0 21 60
A D 3 8
J R 7 7895 28 2 3457 864 0
K 0 0 48
A D 2 8
J N 6 7933 -7 3 5761 576 0
K 0 0 43
K 0 0 54
A D 1 8
J B 58 7966 1 82 6913 288 0
J N 6 7987 0 2 1 0 2 14 15
K 0 0 43
A D 1 8
J N 6 8016 -7 2 1153 288 1 15
K 0 0 43
A D 1 8
J N 6 8045 7 2 2305 288 2 15 14
K 0 0 43
A D 1 8
H 15 B 1 0 108 3 2 1 3
H 14 S 0 0 -7 0 -7 0 0 0 0
J N 7 8074 14 5 3457 288 0
K 0 0 43
K 24 -6 44
K 0 0 60
K 0 21 60
A D 3 8
J B 59 8124 1 82 6913 864 0
J N 7 8145 21 5 1 0 0
K 0 0 43
K 25 0 44
K 0 0 60
K 0 21 60
A D 3 8
J R 7 8191 28 2 3457 864 0
K 0 0 48
A D 2 8
J R 6 8229 28 2 5761 576 0
K 0 0 49
A D 1 8
J B 60 8262 1 82 6913 288 0
J R 9 8283 28 2 1 10000 0
K 0 0 46
A D 6 8
J B 61 8388 1 82 6913 1728 0
J N 7 8409 49 5 1 0 0
K 0 0 43
K 25 0 44
K 0 0 59
K 0 -21 59
A D 3 8
J N 7 8455 28 5 3457 864 0
K 0 0 43
K 24 -6 44
K 0 0 60
K 0 21 60
A D 3 8
J B 62 8505 1 82 6913 864 0
J R 9 8526 28 2 1 10000 0
K 0 0 46
A D 6 8
J B 63 8631 1 82 6913 1728 0
J N 7 8652 42 5 1 0 0
K 0 0 43
K 24 -6 44
K 0 0 59
K 0 -21 59
A D 3 8
J N 7 8698 21 5 3457 864 0
K 0 0 43
K 25 0 44
K 0 0 60
K 0 21 60
A D 3 8
J B 64 8748 1 82 6913 864 0
J R 9 8769 28 2 1 10000 0
K 0 0 46
A D 6 8
J B 65 8874 1 82 6913 1728 0
J N 7 8895 35 5 1 0 0
K 0 0 43
K 25 0 44
K 0 0 59
K 0 -21 59
A D 3 8
J N 7 8941 14 5 3457 864 0
K 0 0 43
K 24 -6 44
K 0 0 60
K 0 21 60
A D 3 8
J B 66 8991 1 82 6913 864 0
J R 9 9012 28 2 1 10000 0
K 0 0 46
A D 6 8
J B 67 9117 1 82 6913 1728 0
J N 7 9138 7 5 1 0 0
K 0 0 43
K 25 0 44
K 0 0 60
K 0 21 60
A D 3 8
J R 7 9184 28 2 3457 864 0
K 0 0 48
A D 2 8
J R 6 9222 28 2 5761 576 0
K 0 0 49
A D 1 8
J B 68 9255 1 82 6913 288 0
J R 9 9276 28 2 1 10000 0
K 0 0 46
A D 6 8
J B 69 9381 1 82 6913 1728 0
J N 7 9402 14 5 1 0 0
K 0 0 43
K 24 -6 44
K 0 0 60
K 0 21 60
A D 3 8
J R 7 9448 28 2 3457 864 0
K 0 0 48
A D 2 8
J R 6 9486 28 2 5761 576 0
K 0 0 49
A D 1 8
J B 70 9519 1 82 6913 288 0
J R 9 9540 28 2 1 10000 0
K 0 0 46
A D 6 8
J B 71 9645 1 82 6913 1728 0
J N 7 9666 21 5 1 0 0
K 0 0 43
K 25 0 44
K 0 0 60
K 0 21 60
A D 3 8
J N 7 9712 0 4 3457 864 0
K 0 0 43
K 0 0 60
K 0 21 60
A D 2 8
J N 6 9750 -14 6 5761 576 0
K 0 0 45
K 0 0 43
K -1 0 45
K 2 0 45
K 0 0 54
A D 1 8
J B 72 9783 1 82 6913 288 0
J N 7 9804 14 4 1 0 0
K 0 0 43
K 0 0 60
K 0 21 60
A D 2 8
J N 6 9842 -21 7 2305 576 0
K 0 7 45
K 0 0 43
K 0 7 45
K 1 7 45
K 0 0 60
K 0 0 54
A D 1 8
J N 7 9871 -7 4 3457 288 0
K 0 0 43
K 0 0 60
K 0 21 60
A D 2 8
J N 6 9909 -28 8 5761 576 0
K 0 14 45
K 0 0 45
K 0 0 43
K -1 0 45
K 2 0 45
K 0 0 60
K 0 7 54
A D 1 8
J B 73 9942 1 82 6913 288 0
J N 7 9963 -14 8 1 0 0
K 0 0 45
K 0 0 43
K -1 0 45
K 2 0 45
K 24 -6 44
K 0 0 60
K 0 21 60
A D 3 8
J R 7 10009 28 2 3457 864 0
K 0 0 48
A D 2 8
J R 6 10047 28 2 5761 576 0
K 0 0 49
A D 1 8
J B 74 10080 1 82 6913 288 0
J N 7 10101 42 5 1 0 0
K 0 0 43
K 24 -6 44
K 0 0 59
K 0 -21 59
A D 3 8
J R 7 10147 28 2 3457 864 0
K 0 0 48
A D 2 8
J R 6 10185 28 2 5761 576 0
K 0 0 49
A D 1 8
J B 75 10218 1 82 6913 288 0
J N 7 10239 49 5 1 0 0
K 0 0 43
K 25 0 44
K 0 0 59
K 0 -21 59
A D 3 8
J R 7 10285 28 2 3457 864 0
K 0 0 48
A D 2 8
J R 6 10323 28 2 5761 576 0
K 0 0 49
A D 1 8
J B 76 10356 1 82 6913 288 0
J N 7 10377 56 5 1 0 0
K 0 0 43
K 24 -6 44
K 0 0 59
K 0 -21 59
A D 3 8
J N 7 10423 21 5 3457 864 0
K 0 0 43
K 25 0 44
K 0 0 60
K 0 21 60
A D 3 8
J B 77 10473 1 82 6913 864 0
J N 6 10494 28 2 1 0 2 16 17
K 0 0 43
A D 1 8
J N 6 10523 21 2 1153 288 1 17
K 0 0 43
A D 1 8
J N 6 10552 35 2 2305 288 2 17 16
K 0 0 43
A D 1 8
H 17 B 1 0 108 3 2 1 3
H 16 S 0 0 -7 0 -7 0 0 0 0
J N 7 10581 42 4 3457 288 0
K 0 0 43
K 0 0 59
K 0 -21 59
A D 2 8
J N 6 10619 21 3 5761 576 0
K 0 0 43
K 0 0 54
A D 1 8
J B 78 10652 1 82 6913 288 0
J N 7 10673 35 5 1 0 0
K 0 0 43
K 25 0 44
K 0 0 59
K 0 -21 59
A D 3 8
J R 7 10719 28 2 3457 864 0
K 0 0 48
A D 2 8
J R 6 10757 28 2 5761 576 0
K 0 0 49
A D 1 8
J B 79 10790 1 82 6913 288 0
J N 7 10811 42 6 1 0 0
K 0 0 43
K 24 -6 44
K 0 37 108
K 0 0 59
K 0 -21 59
A D 3 8
J R 7 10857 28 2 3457 864 0
K 0 0 48
A D 2 8
J R 6 10895 28 2 5761 576 0
K 0 0 49
A D 1 8
J B 80 10928 1 82 6913 288 0
J N 7 10949 49 5 1 0 0
K 0 0 43
K 25 0 44
K 0 0 59
K 0 -21 59
A D 3 8
J R 7 10995 28 2 3457 864 0
K 0 0 48
A D 2 8
J R 6 11033 28 2 5761 576 0
K 0 0 49
A D 1 8
J B 81 11066 1 82 6913 288 0
J N 7 11087 56 5 1 0 0
K 0 0 43
K 24 -6 44
K 0 0 59
K 0 -21 59
A D 3 8
J N 7 11133 21 5 3457 864 0
K 0 0 43
K 25 0 44
K 0 0 60
K 0 21 60
A D 3 8
J B 82 11183 1 82 6913 864 0
J N 6 11204 28 2 1 0 2 18 19
K 0 0 43
A D 1 8
J N 6 11233 21 2 1153 288 1 19
K 0 0 43
A D 1 8
J N 6 11262 35 2 2305 288 2 19 18
K 0 0 43
A D 1 8
H 19 B 0 0 108 3 2 1 3
H 18 S 12 0 0 0 0 0 0 0 0
J N 7 11291 42 4 3457 288 0
K 0 0 43
K 0 0 59
K 0 -21 59
A D 2 8
J N 6 11329 21 3 5761 576 0
K 0 0 43
K 0 0 54
A D 1 8
J B 83 11362 1 82 6913 288 0
J N 7 11383 35 5 1 0 0
K 0 0 43
K 25 0 44
K 0 0 59
K 0 -21 59
A D 3 8
J R 7 11429 28 2 3457 864 0
K 0 0 48
A D 2 8
J N 6 11467 28 4 5761 576 0
K 0 0 43
K 0 74 110
K 0 0 54
A D 1 8
J B 84 11500 1 82 6913 288 0
J N 6 11521 28 2 1 0 2 20 21
K 0 0 43
A D 1 8
J N 6 11550 21 2 1153 288 1 21
K 0 0 43
A D 1 8
J N 6 11579 35 2 2305 288 2 21 20
K 0 0 43
A D 1 8
H 21 B 0 0 108 3 2 1 3
H 20 S 12 0 0 0 0 0 0 0 0
J N 7 11608 42 4 3457 288 0
K 0 0 43
K 0 0 59
K 0 -21 59
A D 2 8
J N 6 11646 21 3 5761 576 0
K 0 0 43
K 0 0 54
A D 1 8
J B 85 11679 1 82 6913 288 0
J N 8 11700 35 5 1 0 0
K 0 0 42
K 25 0 44
K 0 0 59
K 0 -21 59
A D 6 8
J B 0 11795 6 4 6913 1728 0
K -23 21 44
K -23 35 44
K -13 0 82
K -6 0 84
J M 0 11795 0 0 10000 0 0
