@ SOURCE: not identified 
L 0 0 14 !39Violino 2
J D 4 500 -120 1 6913 0 0
W 0 0 44 
J D 1 75 -37 1 6913 0 0
W 0 -56 44 :  Violino 2
J C 4 5 42 2 6913 0 0
K 0 0 33
K 0 0 34
J K 2 57 0 2 6913 0 0
K 0 0 63
K 15 21 63
J D 5 103 -42 1 6913 0 0
W 0 0 37 Allegro
J T 204 112 0 2 6913 0 0
K -10 28 73
K -10 56 75
J R 9 154 28 2 1 10000 0
K 0 0 46
A D 12 24
J B 2 259 1 82 6913 1152 0
J R 9 280 28 2 1 10000 0
K 0 0 46
A D 12 24
J B 3 385 1 82 6913 1152 0
J R 9 406 28 2 1 10000 0
K 0 0 46
A D 12 24
J B 4 511 1 82 6913 1152 0
J R 9 532 28 2 1 10000 0
K 0 0 46
A D 12 24
J B 5 637 1 82 6913 1152 0
J N 7 658 -14 7 1 0 0
K 0 0 45
K 0 0 43
K -1 0 45
K 2 0 45
K 0 0 60
K 0 21 60
A D 6 24
J R 7 696 28 2 3457 576 0
K 0 0 48
A D 6 24
J B 6 738 1 82 6913 576 0
J N 7 759 -14 7 1 0 0
K 0 0 45
K 0 0 43
K -1 0 45
K 2 0 45
K 0 0 60
K 0 21 60
A D 6 24
J R 7 797 28 2 3457 576 0
K 0 0 48
A D 6 24
J B 7 839 1 82 6913 576 0
J N 7 860 -14 7 1 0 0
K 0 0 45
K 0 0 43
K -1 0 45
K 2 0 45
K 0 0 60
K 0 21 60
A D 6 24
J N 7 904 -7 5 3457 576 0
K -18 0 63
K 0 0 43
K 0 0 60
K 0 21 60
A D 6 24
J B 8 946 1 82 6913 576 0
J N 7 967 -14 7 1 0 0
K 0 0 45
K 0 0 43
K -1 0 45
K 2 0 45
K 0 0 60
K 0 21 60
A D 6 24
J R 6 1005 28 2 3457 576 0
K 0 0 49
A D 3 24
J N 6 1034 7 3 5185 288 0
K 0 0 43
K 0 0 54
A D 3 24
J B 9 1067 1 82 6913 288 0
J N 7 1088 35 4 1 0 0
K 0 0 43
K 0 0 59
K 0 -21 59
A D 6 24
J R 6 1126 28 2 3457 576 0
K 0 0 49
A D 3 24
J N 6 1155 0 3 5185 288 0
K 0 0 43
K 0 0 54
A D 3 24
J B 10 1188 1 82 6913 288 0
J N 6 1215 42 3 1 0 1 1
K -18 0 63
K 0 0 43
A D 3 24
J N 6 1244 56 2 1729 288 1 1
K 0 0 43
A D 3 24
H 1 B 0 0 108 2 2 3
J N 7 1273 35 4 3457 288 0
K 0 0 43
K 0 0 59
K 0 -21 59
A D 6 24
J B 11 1315 1 82 6913 576 0
J R 6 1336 28 2 1 0 0
K 0 0 49
A D 3 24
J N 6 1365 21 2 1729 288 1 2
K 0 0 43
A D 3 24
J N 6 1394 28 2 3457 288 1 2
K 0 0 43
A D 3 24
J N 6 1423 7 2 5185 288 1 2
K 0 0 43
A D 3 24
H 2 B 1 0 108 3 2 1 3
J B 12 1456 1 82 6913 288 0
J N 7 1477 21 4 1 0 0
K 0 0 43
K 0 0 60
K 0 21 60
A D 6 24
J R 7 1515 28 2 3457 576 0
K 0 0 48
A D 6 24
J B 13 1557 1 82 6913 576 0
J R 9 1578 28 2 1 10000 0
K 0 0 46
A D 12 24
J B 14 1683 1 82 6913 1152 0
J N 7 1704 14 4 1 0 0
K 0 0 43
K 0 0 60
K 0 21 60
A D 6 24
J N 7 1742 77 7 3457 576 0
K 1 -7 45
K 0 0 43
K 0 -7 45
K 1 -7 45
K 0 0 59
K 0 -21 59
A D 6 24
J B 15 1784 1 82 6913 576 0
J R 9 1805 28 2 1 10000 0
K 0 0 46
A D 12 24
J B 16 1910 1 82 6913 1152 0
J N 7 1931 7 4 1 0 0
K 0 0 43
K 0 0 60
K 0 21 60
A D 6 24
J N 7 1969 70 7 3457 576 0
K 1 0 45
K 0 0 43
K -1 0 45
K 2 0 45
K 0 0 59
K 0 -21 59
A D 6 24
J B 17 2011 1 82 6913 576 0
J R 9 2032 28 2 1 10000 0
K 0 0 46
A D 12 24
J B 18 2137 1 82 6913 1152 0
J N 7 2158 0 4 1 0 0
K 0 0 43
K 0 0 60
K 0 21 60
A D 6 24
J N 7 2196 63 4 3457 576 0
K 0 0 43
K 0 0 59
K 0 -21 59
A D 6 24
J B 19 2238 1 82 6913 576 0
J N 7 2259 35 4 1 0 0
K 0 0 43
K 0 0 59
K 0 -21 59
A D 6 24
J R 7 2297 28 2 3457 576 0
K 0 0 48
A D 6 24
J B 20 2339 1 82 6913 576 0
J N 7 2360 35 4 1 0 0
K 0 0 43
K 0 0 59
K 0 -21 59
A D 6 24
J R 7 2398 28 2 3457 576 0
K 0 0 48
A D 6 24
J B 21 2440 1 82 6913 576 0
J N 7 2461 14 4 1 0 0
K 0 0 43
K 0 0 60
K 0 21 60
A D 6 24
J R 7 2499 28 2 3457 576 0
K 0 0 48
A D 6 24
J B 22 2541 1 82 6913 576 0
J N 7 2562 14 4 1 0 0
K 0 0 43
K 0 0 60
K 0 21 60
A D 6 24
J R 7 2600 28 2 3457 576 0
K 0 0 48
A D 6 24
J B 23 2642 1 82 6913 576 0
J N 7 2663 21 4 1 0 0
K 0 0 43
K 0 0 60
K 0 21 60
A D 6 24
J N 7 2701 14 4 3457 576 0
K 0 0 43
K 0 0 60
K 0 21 60
A D 6 24
J B 24 2743 1 82 6913 576 0
J N 7 2764 21 4 1 0 0
K 0 0 43
K 0 0 60
K 0 21 60
A D 6 24
J R 7 2802 28 2 3457 576 0
K 0 0 48
A D 6 24
J B 25 2844 1 82 6913 576 0
J R 7 2865 28 2 1 0 0
K 0 0 48
A D 6 24
J N 7 2903 14 4 3457 576 0
K 0 0 43
K 0 0 60
K 0 21 60
A D 6 24
J B 26 2945 1 82 6913 576 0
J N 7 2966 21 4 1 0 0
K 0 0 43
K 0 0 60
K 0 21 60
A D 6 24
J R 7 3004 28 2 3457 576 0
K 0 0 48
A D 6 24
J B 27 3046 1 82 6913 576 0
J R 7 3067 28 2 1 0 0
K 0 0 48
A D 6 24
J N 7 3105 14 4 3457 576 0
K 0 0 43
K 0 0 60
K 0 21 60
A D 6 24
J B 28 3147 1 82 6913 576 0
J N 7 3168 21 4 1 0 0
K 0 0 43
K 0 0 60
K 0 21 60
A D 6 24
J N 7 3206 14 4 3457 576 0
K 0 0 43
K 0 0 60
K 0 21 60
A D 6 24
J B 29 3248 1 82 6913 576 0
J N 6 3269 28 2 1 0 3 3 4 5
K 0 0 43
A D 2 24
J N 6 3298 21 2 1153 192 1 5
K 0 0 43
A D 2 24
J N 6 3327 14 2 2305 192 3 5 3 4
K 0 0 43
A D 2 24
H 4 X 9 3 0 0 0 0 5
H 5 B 1 0 108 3 2 1 3
H 3 S 0 0 0 0 0 0 0 0 0
J N 6 3356 35 2 3457 192 3 6 7 8
K 0 0 43
A D 2 24
J N 6 3385 14 2 4609 192 1 8
K 0 0 43
A D 2 24
J N 6 3414 21 2 5761 192 3 8 6 7
K 0 0 43
A D 2 24
H 7 X 9 3 0 0 0 0 8
H 8 B 1 0 108 3 2 1 3
H 6 S 0 0 -7 0 -7 0 0 0 0
J B 30 3447 1 82 6913 192 0
J N 7 3468 14 4 1 0 0
K 0 0 43
K 0 0 60
K 0 21 60
A D 6 24
J R 7 3506 28 2 3457 576 0
K 0 0 48
A D 6 24
J B 31 3548 1 82 6913 576 0
J R 7 3569 28 2 1 0 0
K 0 0 48
A D 6 24
J N 7 3607 14 5 3457 576 0
K 0 0 43
K 0 70 108
K 0 0 60
K 0 21 60
A D 6 24
J B 32 3649 1 82 6913 576 0
J N 7 3670 21 4 1 0 0
K 0 0 43
K 0 0 60
K 0 21 60
A D 6 24
J R 7 3708 28 2 3457 576 0
K 0 0 48
A D 6 24
J B 33 3750 1 82 6913 576 0
J R 7 3771 28 2 1 0 0
K 0 0 48
A D 6 24
J N 7 3809 14 4 3457 576 0
K 0 0 43
K 0 0 60
K 0 21 60
A D 6 24
J B 34 3851 1 82 6913 576 0
J N 7 3872 21 4 1 0 0
K 0 0 43
K 0 0 60
K 0 21 60
A D 6 24
J N 7 3910 14 5 3457 576 0
K 0 0 43
K 0 77 110
K 0 0 60
K 0 21 60
A D 6 24
J B 35 3952 1 82 6913 576 0
J N 6 3973 28 2 1 0 2 9 10
K 0 0 43
A D 2 24
J N 6 4002 21 2 1153 192 1 10
K 0 0 43
A D 2 24
J N 6 4031 14 2 2305 192 2 10 9
K 0 0 43
A D 2 24
H 10 B 1 0 108 3 2 1 3
H 9 S 0 0 0 0 0 0 0 0 0
J N 6 4060 35 2 3457 192 2 11 12
K 0 0 43
A D 2 24
J N 6 4089 14 2 4609 192 1 12
K 0 0 43
A D 2 24
J N 6 4118 21 2 5761 192 2 12 11
K 0 0 43
A D 2 24
H 12 B 1 0 108 3 2 1 3
H 11 S 0 0 -7 0 -7 0 0 0 0
J B 36 4151 1 82 6913 192 0
J N 7 4172 14 4 1 0 0
K 0 0 43
K 0 0 60
K 0 21 60
A D 6 24
J R 6 4210 28 2 3457 576 0
K 0 0 49
A D 3 24
J N 6 4239 63 3 5185 288 0
K 0 0 43
K 0 0 53
A D 3 24
J B 37 4283 1 82 6913 288 0
J N 7 4304 63 5 1 0 0
K 0 0 43
K 25 0 44
K 0 0 59
K 0 -21 59
A D 9 24
J N 6 4350 70 6 5185 864 0
K 1 0 45
K 0 0 43
K -1 0 45
K 2 0 45
K 0 0 53
A D 3 24
J B 38 4394 1 82 6913 288 0
J N 8 4415 63 4 1 0 0
K 0 0 42
K 0 0 59
K 0 -21 59
A D 12 24
J B 39 4494 10 6 6913 1152 0
K -22 21 44
K -22 35 44
K -12 0 84
K 0 0 84
K 11 21 44
K 11 35 44
J R 9 4531 28 2 1 10000 0
K 0 0 46
A D 12 24
J B 40 4636 1 82 6913 1152 0
J R 9 4657 28 2 1 10000 0
K 0 0 46
A D 12 24
J B 41 4762 1 82 6913 1152 0
J N 7 4783 0 4 1 0 0
K 0 0 43
K 0 0 60
K 0 21 60
A D 6 24
J N 7 4821 0 4 3457 576 0
K 0 0 43
K 0 0 60
K 0 21 60
A D 6 24
J B 42 4863 1 82 6913 576 0
J N 7 4884 0 4 1 0 0
K 0 0 43
K 0 0 60
K 0 21 60
A D 6 24
J N 7 4922 63 4 3457 576 0
K 0 0 43
K 0 0 59
K 0 -21 59
A D 6 24
J B 43 4964 1 82 6913 576 0
J R 9 4985 28 2 1 10000 0
K 0 0 46
A D 12 24
J B 44 5090 1 82 6913 1152 0
J R 9 5111 28 2 1 10000 0
K 0 0 46
A D 12 24
J B 45 5216 1 82 6913 1152 0
J N 7 5237 -21 7 1 0 0
K 0 7 45
K 0 0 43
K 0 7 45
K 1 7 45
K 0 0 60
K 0 21 60
A D 6 24
J N 7 5275 -21 7 3457 576 0
K 0 7 45
K 0 0 43
K 0 7 45
K 1 7 45
K 0 0 60
K 0 21 60
A D 6 24
J B 46 5317 1 82 6913 576 0
J N 7 5338 -21 7 1 0 0
K 0 7 45
K 0 0 43
K 0 7 45
K 1 7 45
K 0 0 60
K 0 21 60
A D 6 24
J N 7 5376 42 4 3457 576 0
K 0 0 43
K 0 0 59
K 0 -21 59
A D 6 24
J B 47 5418 1 82 6913 576 0
J R 9 5439 28 2 1 10000 0
K 0 0 46
A D 12 24
J B 48 5544 1 82 6913 1152 0
J R 9 5565 28 2 1 10000 0
K 0 0 46
A D 12 24
J B 49 5670 1 82 6913 1152 0
J N 7 5691 -28 8 1 0 0
K 0 14 45
K 0 0 45
K 0 0 43
K -1 0 45
K 2 0 45
K 0 0 60
K 0 28 60
A D 6 24
J N 7 5729 -28 8 3457 576 0
K 0 14 45
K 0 0 45
K 0 0 43
K -1 0 45
K 2 0 45
K 0 0 60
K 0 28 60
A D 6 24
J B 50 5771 1 82 6913 576 0
J N 7 5792 -28 8 1 0 0
K 0 14 45
K 0 0 45
K 0 0 43
K -1 0 45
K 2 0 45
K 0 0 60
K 0 28 60
A D 6 24
J N 7 5830 35 4 3457 576 0
K 0 0 43
K 0 0 59
K 0 -21 59
A D 6 24
J B 51 5872 1 82 6913 576 0
J N 8 5899 42 5 1 0 0
K -18 0 63
K 0 0 42
K 0 0 59
K 0 -21 59
A D 12 24
J B 52 5956 1 82 6913 1152 0
J N 8 5977 49 4 1 0 0
K 0 0 42
K 0 0 59
K 0 -21 59
A D 12 24
J B 53 6034 1 82 6913 1152 0
J N 7 6061 56 5 1 0 0
K -18 0 63
K 0 0 43
K 0 0 59
K 0 -21 59
A D 6 24
J N 7 6099 49 4 3457 576 1 13
K 0 0 43
K 0 0 59
K 0 -21 59
A D 6 24
J B 54 6141 1 82 6913 576 0
J N 7 6162 49 4 1 0 1 13
K 0 0 43
K 0 0 59
K 0 -21 59
A D 6 24
H 13 T 49 0 0 0 0 0 9 0
J N 7 6206 56 5 3457 576 0
K -18 0 63
K 0 0 43
K 0 0 59
K 0 -21 59
A D 6 24
J B 55 6248 1 82 6913 576 0
J N 8 6269 49 4 1 0 0
K 0 0 42
K 0 0 59
K 0 -21 59
A D 12 24
J B 56 6326 1 82 6913 1152 0
J R 7 6347 28 2 1 0 0
K 0 0 48
A D 6 24
J N 7 6387 -7 5 3457 576 0
K -18 0 63
K 0 0 43
K 0 0 60
K 0 21 60
A D 6 24
J B 57 6429 1 82 6913 576 0
J N 8 6450 -14 7 1 0 0
K 0 0 45
K 0 0 42
K -1 0 45
K 2 0 45
K 0 0 60
K 0 21 60
A D 12 24
J B 58 6507 1 82 6913 1152 0
J R 7 6528 28 2 1 0 0
K 0 0 48
A D 6 24
J N 7 6568 -7 5 3457 576 0
K -18 0 63
K 0 0 43
K 0 0 60
K 0 21 60
A D 6 24
J B 59 6610 1 82 6913 576 0
J N 8 6631 -14 7 1 0 0
K 0 0 45
K 0 0 42
K -1 0 45
K 2 0 45
K 0 0 60
K 0 21 60
A D 12 24
J B 60 6688 1 82 6913 1152 0
J R 7 6709 28 2 1 0 0
K 0 0 48
A D 6 24
J N 7 6747 0 4 3457 576 0
K 0 0 43
K 0 0 60
K 0 21 60
A D 6 24
J B 61 6789 1 82 6913 576 0
J N 8 6810 -7 4 1 0 0
K 0 0 42
K 0 0 60
K 0 21 60
A D 12 24
J B 62 6867 1 82 6913 1152 0
J R 7 6888 28 2 1 0 0
K 0 0 48
A D 6 24
J N 7 6926 0 4 3457 576 0
K 0 0 43
K 0 0 60
K 0 21 60
A D 6 24
J B 63 6968 1 82 6913 576 0
J N 8 6989 -7 4 1 0 0
K 0 0 42
K 0 0 60
K 0 21 60
A D 12 24
J B 64 7046 1 82 6913 1152 0
J R 7 7067 28 2 1 0 0
K 0 0 48
A D 6 24
J N 7 7105 7 4 3457 576 0
K 0 0 43
K 0 0 60
K 0 21 60
A D 6 24
J B 65 7147 1 82 6913 576 0
J N 8 7168 0 4 1 0 0
K 0 0 42
K 0 0 60
K 0 21 60
A D 12 24
J B 66 7225 1 82 6913 1152 0
J R 7 7246 28 2 1 0 0
K 0 0 48
A D 6 24
J N 7 7284 7 4 3457 576 0
K 0 0 43
K 0 0 60
K 0 21 60
A D 6 24
J B 67 7326 1 82 6913 576 0
J N 8 7347 0 4 1 0 0
K 0 0 42
K 0 0 60
K 0 21 60
A D 12 24
J B 68 7404 1 82 6913 1152 0
J N 7 7425 14 4 1 0 0
K 0 0 43
K 0 0 60
K 0 21 60
A D 6 24
J R 7 7463 28 2 3457 576 0
K 0 0 48
A D 6 24
J B 69 7505 1 82 6913 576 0
J N 7 7526 14 4 1 0 0
K 0 0 43
K 0 0 60
K 0 21 60
A D 6 24
J R 7 7564 28 2 3457 576 0
K 0 0 48
A D 6 24
J B 70 7606 1 82 6913 576 0
J N 7 7627 21 4 1 0 0
K 0 0 43
K 0 0 60
K 0 21 60
A D 6 24
J N 7 7665 14 4 3457 576 0
K 0 0 43
K 0 0 60
K 0 21 60
A D 6 24
J B 71 7707 1 82 6913 576 0
J N 8 7728 21 4 1 0 0
K 0 0 42
K 0 0 60
K 0 21 60
A D 12 24
J B 72 7785 1 82 6913 1152 0
J R 9 7806 28 2 1 10000 0
K 0 0 46
A D 12 24
J B 73 7911 1 82 6913 1152 0
J N 7 7932 -35 9 1 0 0
K 0 21 45
K 0 7 45
K 0 0 43
K 0 7 45
K 1 7 45
K 0 0 60
K 0 28 60
K 0 35 60
A D 6 24
J N 7 7970 14 4 3457 576 0
K 0 0 43
K 0 0 60
K 0 21 60
A D 6 24
J B 74 8012 1 82 6913 576 0
J R 9 8033 28 2 1 10000 0
K 0 0 46
A D 12 24
J B 75 8138 1 82 6913 1152 0
J N 7 8159 -35 9 1 0 0
K 0 21 45
K 0 7 45
K 0 0 43
K 0 7 45
K 1 7 45
K 0 0 60
K 0 28 60
K 0 35 60
A D 6 24
J N 7 8197 14 4 3457 576 0
K 0 0 43
K 0 0 60
K 0 21 60
A D 6 24
J B 76 8239 1 82 6913 576 0
J N 6 8260 0 2 1 0 2 14 15
K 0 0 43
A D 2 24
J N 6 8289 7 2 1153 192 1 15
K 0 0 43
A D 2 24
J N 6 8318 14 2 2305 192 2 15 14
K 0 0 43
A D 2 24
H 15 B 1 0 108 3 2 1 3
H 14 S 0 0 0 0 0 0 0 0 0
J N 6 8347 0 2 3457 192 2 16 17
K 0 0 43
A D 2 24
J N 6 8376 7 2 4609 192 1 17
K 0 0 43
A D 2 24
J N 6 8405 14 2 5761 192 2 17 16
K 0 0 43
A D 2 24
H 17 B 1 0 108 3 2 1 3
H 16 S 0 0 0 0 0 0 0 0 0
J B 77 8438 1 82 6913 192 0
J N 6 8459 28 2 1 0 2 18 19
K 0 0 43
A D 3 24
J N 6 8488 21 2 1729 288 2 19 18
K 0 0 43
A D 3 24
H 19 B 1 0 108 2 2 3
H 18 S 0 0 0 0 0 0 0 0 0
J N 7 8517 14 4 3457 288 0
K 0 0 43
K 0 0 60
K 0 21 60
A D 6 24
J B 78 8559 1 82 6913 576 0
J N 7 8580 14 5 1 0 0
K 0 0 43
K 24 -6 44
K 0 0 60
K 0 21 60
A D 9 24
J N 6 8626 21 3 5185 864 0
K 0 0 43
K 0 0 54
A D 3 24
J B 79 8659 1 82 6913 288 0
J N 8 8680 14 4 1 0 0
K 0 0 42
K 0 0 60
K 0 21 60
A D 12 24
J B 80 8737 1 82 6913 1152 0
J R 9 8758 28 2 1 10000 0
K 0 0 46
A D 12 24
J B 81 8863 1 82 6913 1152 0
J N 7 8884 -35 10 1 0 0
K 0 21 45
K 0 7 45
K 0 0 43
K 0 7 45
K 1 7 45
K 0 112 108
K 0 0 60
K 0 28 60
K 0 35 60
A D 6 24
J N 7 8922 14 4 3457 576 0
K 0 0 43
K 0 0 60
K 0 21 60
A D 6 24
J B 82 8964 1 82 6913 576 0
J R 9 8985 28 2 1 10000 0
K 0 0 46
A D 12 24
J B 83 9090 1 82 6913 1152 0
J N 7 9111 -35 9 1 0 0
K 0 21 45
K 0 7 45
K 0 0 43
K 0 7 45
K 1 7 45
K 0 0 60
K 0 28 60
K 0 35 60
A D 6 24
J N 7 9149 14 4 3457 576 0
K 0 0 43
K 0 0 60
K 0 21 60
A D 6 24
J B 84 9191 1 82 6913 576 0
J N 6 9212 0 3 1 0 2 20 21
K 0 0 43
K 0 87 110
A D 2 24
J N 6 9241 7 2 1153 192 1 21
K 0 0 43
A D 2 24
J N 6 9270 14 2 2305 192 2 21 20
K 0 0 43
A D 2 24
H 21 B 1 0 108 3 2 1 3
H 20 S 0 0 0 0 0 0 0 0 0
J N 6 9299 0 2 3457 192 2 22 23
K 0 0 43
A D 2 24
J N 6 9328 7 2 4609 192 1 23
K 0 0 43
A D 2 24
J N 6 9357 14 2 5761 192 2 23 22
K 0 0 43
A D 2 24
H 23 B 1 0 108 3 2 1 3
H 22 S 0 0 0 0 0 0 0 0 0
J B 85 9390 1 82 6913 192 0
J N 6 9411 28 2 1 0 2 24 25
K 0 0 43
A D 3 24
J N 6 9440 21 2 1729 288 2 25 24
K 0 0 43
A D 3 24
H 25 B 1 0 108 2 2 3
H 24 S 0 0 0 0 0 0 0 0 0
J N 7 9469 14 4 3457 288 0
K 0 0 43
K 0 0 60
K 0 21 60
A D 6 24
J B 86 9511 1 82 6913 576 0
J N 7 9532 14 5 1 0 0
K 0 0 43
K 24 -6 44
K 0 0 60
K 0 21 60
A D 9 24
J N 6 9578 21 3 5185 864 0
K 0 0 43
K 0 0 54
A D 3 24
J B 87 9611 1 82 6913 288 0
J N 8 9632 14 4 1 0 0
K 0 0 42
K 0 0 60
K 0 21 60
A D 12 24
J B 88 9689 1 82 6913 1152 0
J N 6 9710 14 3 1 0 2 26 27
K 0 0 43
K 0 72 108
A D 2 24
J N 6 9739 7 2 1153 192 1 27
K 0 0 43
A D 2 24
J N 6 9768 14 2 2305 192 2 27 26
K 0 0 43
A D 2 24
H 27 B 1 0 108 3 2 1 3
H 26 S 0 0 0 0 0 0 0 0 0
J N 6 9797 0 2 3457 192 2 28 29
K 0 0 43
A D 2 24
J N 6 9826 7 2 4609 192 1 29
K 0 0 43
A D 2 24
J N 6 9855 0 2 5761 192 2 29 28
K 0 0 43
A D 2 24
H 29 B 1 0 108 3 2 1 3
H 28 S 0 0 0 0 0 0 0 0 0
J B 89 9888 1 82 6913 192 0
J N 6 9909 28 2 1 0 2 30 31
K 0 0 43
A D 3 24
J N 6 9938 21 2 1729 288 2 31 30
K 0 0 43
A D 3 24
H 31 B 1 0 108 2 2 3
H 30 S 0 0 0 0 0 0 0 0 0
J N 7 9967 14 4 3457 288 0
K 0 0 43
K 0 0 60
K 0 21 60
A D 6 24
J B 90 10009 1 82 6913 576 0
J N 7 10030 14 5 1 0 0
K 0 0 43
K 24 -6 44
K 0 0 60
K 0 21 60
A D 9 24
J N 6 10076 21 3 5185 864 0
K 0 0 43
K 0 0 54
A D 3 24
J B 91 10109 1 82 6913 288 1 32
J N 8 10130 14 4 1 0 0
K 0 0 42
K 0 0 60
K 0 21 60
A D 12 24
J B 92 10210 6 4 6913 1152 2 32 33
K -23 21 44
K -23 35 44
K -13 0 82
K -6 0 84
H 32 E 1 0 -8 -42 21 21
J D 5 10231 -42 1 6913 0 0
W 0 0 37 Allegro
J T 101 10231 42 1 6913 0 0
K 0 0 37
J N 7 10279 14 4 1 0 0
K 0 0 43
K 0 0 60
K 0 21 60
A D 4 16
J R 7 10332 28 2 1729 576 0
K 0 0 48
A D 4 16
J R 8 10385 28 2 3457 576 0
K 0 0 47
A D 8 16
J B 93 10468 1 82 6913 1152 1 33
H 33 E 2 0 0 -42 21 0
J R 9 10489 28 2 1 10000 0
K 0 0 46
A D 16 16
J B 94 10594 1 82 6913 2304 0
J R 9 10615 28 2 1 10000 0
K 0 0 46
A D 16 16
J B 95 10720 1 82 6913 2304 0
J N 6 10741 14 2 1 0 1 34
K 0 0 43
A D 2 16
J N 6 10779 63 2 865 288 1 34
K 0 0 43
A D 2 16
J N 6 10817 63 2 1729 288 1 34
K 0 0 43
A D 2 16
J N 6 10855 63 2 2593 288 1 34
K 0 0 43
A D 2 16
H 34 B 0 0 108 4 2 1 1 3
J N 6 10893 14 2 3457 288 1 35
K 0 0 43
A D 2 16
J N 6 10931 63 2 4321 288 1 35
K 0 0 43
A D 2 16
J N 6 10969 63 2 5185 288 1 35
K 0 0 43
A D 2 16
J N 6 11007 63 2 6049 288 1 35
K 0 0 43
A D 2 16
H 35 B 0 0 108 4 2 1 1 3
J B 96 11049 1 82 6913 288 0
J N 6 11070 0 2 1 0 1 36
K 0 0 43
A D 2 16
J N 6 11108 49 2 865 288 1 36
K 0 0 43
A D 2 16
J N 6 11146 49 2 1729 288 1 36
K 0 0 43
A D 2 16
J N 6 11184 49 2 2593 288 1 36
K 0 0 43
A D 2 16
H 36 B 0 0 108 4 2 1 1 3
J N 6 11222 0 2 3457 288 1 37
K 0 0 43
A D 2 16
J N 6 11260 49 2 4321 288 1 37
K 0 0 43
A D 2 16
J N 6 11298 49 2 5185 288 1 37
K 0 0 43
A D 2 16
J N 6 11336 49 2 6049 288 1 37
K 0 0 43
A D 2 16
H 37 B 0 0 108 4 2 1 1 3
J B 97 11378 1 82 6913 288 0
J N 7 11399 0 4 1 0 0
K 0 0 43
K 0 0 60
K 0 21 60
A D 4 16
J R 7 11452 28 2 1729 576 0
K 0 0 48
A D 4 16
J N 5 11505 63 2 3457 576 1 38
K 0 0 43
A D 1 16
J N 5 11534 63 2 3889 144 1 38
K 0 0 43
A D 1 16
J N 5 11563 63 2 4321 144 1 38
K 0 0 43
A D 1 16
J N 5 11592 63 2 4753 144 1 38
K 0 0 43
A D 1 16
H 38 B 0 0 108 4 22 11 11 33
J N 5 11621 63 2 5185 144 1 39
K 0 0 43
A D 1 16
J N 5 11650 63 2 5617 144 1 39
K 0 0 43
A D 1 16
J N 5 11679 63 2 6049 144 1 39
K 0 0 43
A D 1 16
J N 5 11708 63 2 6481 144 1 39
K 0 0 43
A D 1 16
H 39 B 0 0 108 4 22 11 11 33
J B 98 11741 1 82 6913 144 0
J N 5 11762 63 2 1 0 1 40
K 0 0 43
A D 1 16
J N 5 11791 63 2 433 144 1 40
K 0 0 43
A D 1 16
J N 5 11820 63 2 865 144 1 40
K 0 0 43
A D 1 16
J N 5 11849 63 2 1297 144 1 40
K 0 0 43
A D 1 16
H 40 B 0 0 108 4 22 11 11 33
J N 5 11878 63 2 1729 144 1 41
K 0 0 43
A D 1 16
J N 5 11907 63 2 2161 144 1 41
K 0 0 43
A D 1 16
J N 5 11936 63 2 2593 144 1 41
K 0 0 43
A D 1 16
J N 5 11965 63 2 3025 144 1 41
K 0 0 43
A D 1 16
H 41 B 0 0 108 4 22 11 11 33
J N 5 11994 63 2 3457 144 1 42
K 0 0 43
A D 1 16
J N 5 12023 63 2 3889 144 1 42
K 0 0 43
A D 1 16
J N 5 12052 63 2 4321 144 1 42
K 0 0 43
A D 1 16
J N 5 12081 63 2 4753 144 1 42
K 0 0 43
A D 1 16
H 42 B 0 0 108 4 22 11 11 33
J N 5 12110 63 2 5185 144 1 43
K 0 0 43
A D 1 16
J N 5 12139 63 2 5617 144 1 43
K 0 0 43
A D 1 16
J N 5 12168 63 2 6049 144 1 43
K 0 0 43
A D 1 16
J N 5 12197 63 2 6481 144 1 43
K 0 0 43
A D 1 16
H 43 B 0 0 108 4 22 11 11 33
J B 99 12230 1 82 6913 144 0
J N 5 12251 63 2 1 0 1 44
K 0 0 43
A D 1 16
J N 5 12280 49 2 433 144 1 44
K 0 0 43
A D 1 16
J N 5 12309 63 2 865 144 1 44
K 0 0 43
A D 1 16
J N 5 12338 49 2 1297 144 1 44
K 0 0 43
A D 1 16
H 44 B 0 0 108 4 22 11 11 33
J N 5 12367 63 2 1729 144 1 45
K 0 0 43
A D 1 16
J N 5 12396 49 2 2161 144 1 45
K 0 0 43
A D 1 16
J N 5 12425 63 2 2593 144 1 45
K 0 0 43
A D 1 16
J N 5 12454 49 2 3025 144 1 45
K 0 0 43
A D 1 16
H 45 B 0 0 108 4 22 11 11 33
J N 5 12483 42 2 3457 144 1 46
K 0 0 43
A D 1 16
J N 5 12512 28 2 3889 144 1 46
K 0 0 43
A D 1 16
J N 5 12541 42 2 4321 144 1 46
K 0 0 43
A D 1 16
J N 5 12570 28 2 4753 144 1 46
K 0 0 43
A D 1 16
H 46 B 0 0 108 4 22 11 11 33
J N 5 12599 42 2 5185 144 1 47
K 0 0 43
A D 1 16
J N 5 12628 28 2 5617 144 1 47
K 0 0 43
A D 1 16
J N 5 12657 42 2 6049 144 1 47
K 0 0 43
A D 1 16
J N 5 12686 28 2 6481 144 1 47
K 0 0 43
A D 1 16
H 47 B 0 0 108 4 22 11 11 33
J B 100 12719 1 82 6913 144 0
J N 5 12740 63 2 1 0 1 48
K 0 0 43
A D 1 16
J N 5 12769 49 2 433 144 1 48
K 0 0 43
A D 1 16
J N 5 12798 63 2 865 144 1 48
K 0 0 43
A D 1 16
J N 5 12827 49 2 1297 144 1 48
K 0 0 43
A D 1 16
H 48 B 0 0 108 4 22 11 11 33
J N 5 12856 63 2 1729 144 1 49
K 0 0 43
A D 1 16
J N 5 12885 49 2 2161 144 1 49
K 0 0 43
A D 1 16
J N 5 12914 63 2 2593 144 1 49
K 0 0 43
A D 1 16
J N 5 12943 49 2 3025 144 1 49
K 0 0 43
A D 1 16
H 49 B 0 0 108 4 22 11 11 33
J N 5 12972 42 2 3457 144 1 50
K 0 0 43
A D 1 16
J N 5 13001 28 2 3889 144 1 50
K 0 0 43
A D 1 16
J N 5 13030 42 2 4321 144 1 50
K 0 0 43
A D 1 16
J N 5 13059 28 2 4753 144 1 50
K 0 0 43
A D 1 16
H 50 B 0 0 108 4 22 11 11 33
J N 5 13088 42 2 5185 144 1 51
K 0 0 43
A D 1 16
J N 5 13117 28 2 5617 144 1 51
K 0 0 43
A D 1 16
J N 5 13146 42 2 6049 144 1 51
K 0 0 43
A D 1 16
J N 5 13175 28 2 6481 144 1 51
K 0 0 43
A D 1 16
H 51 B 0 0 108 4 22 11 11 33
J B 101 13208 1 82 6913 144 0
J N 5 13229 56 2 1 0 1 52
K 0 0 43
A D 1 16
J N 5 13273 42 3 433 144 1 52
K -18 0 63
K 0 0 43
A D 1 16
J N 5 13302 56 2 865 144 1 52
K 0 0 43
A D 1 16
J N 5 13331 42 2 1297 144 1 52
K 0 0 43
A D 1 16
H 52 B 0 0 108 4 22 11 11 33
J N 5 13360 56 2 1729 144 1 53
K 0 0 43
A D 1 16
J N 5 13389 42 2 2161 144 1 53
K 0 0 43
A D 1 16
J N 5 13418 56 2 2593 144 1 53
K 0 0 43
A D 1 16
J N 5 13447 42 2 3025 144 1 53
K 0 0 43
A D 1 16
H 53 B 0 0 108 4 22 11 11 33
J N 5 13476 35 2 3457 144 1 54
K 0 0 43
A D 1 16
J N 5 13505 21 2 3889 144 1 54
K 0 0 43
A D 1 16
J N 5 13534 35 2 4321 144 1 54
K 0 0 43
A D 1 16
J N 5 13563 21 2 4753 144 1 54
K 0 0 43
A D 1 16
H 54 B 1 0 108 4 22 11 11 33
J N 5 13592 35 2 5185 144 1 55
K 0 0 43
A D 1 16
J N 5 13621 21 2 5617 144 1 55
K 0 0 43
A D 1 16
J N 5 13650 35 2 6049 144 1 55
K 0 0 43
A D 1 16
J N 5 13679 21 2 6481 144 1 55
K 0 0 43
A D 1 16
H 55 B 1 0 108 4 22 11 11 33
J B 102 13712 1 82 6913 144 0
J N 5 13733 56 2 1 0 1 56
K 0 0 43
A D 1 16
J N 5 13777 42 3 433 144 1 56
K -18 0 63
K 0 0 43
A D 1 16
J N 5 13806 56 2 865 144 1 56
K 0 0 43
A D 1 16
J N 5 13835 42 2 1297 144 1 56
K 0 0 43
A D 1 16
H 56 B 0 0 108 4 22 11 11 33
J N 5 13864 56 2 1729 144 1 57
K 0 0 43
A D 1 16
J N 5 13893 42 2 2161 144 1 57
K 0 0 43
A D 1 16
J N 5 13922 56 2 2593 144 1 57
K 0 0 43
A D 1 16
J N 5 13951 42 2 3025 144 1 57
K 0 0 43
A D 1 16
H 57 B 0 0 108 4 22 11 11 33
J N 5 13980 35 2 3457 144 1 58
K 0 0 43
A D 1 16
J N 5 14009 21 2 3889 144 1 58
K 0 0 43
A D 1 16
J N 5 14038 35 2 4321 144 1 58
K 0 0 43
A D 1 16
J N 5 14067 21 2 4753 144 1 58
K 0 0 43
A D 1 16
H 58 B 1 0 108 4 22 11 11 33
J N 5 14096 35 2 5185 144 1 59
K 0 0 43
A D 1 16
J N 5 14125 21 2 5617 144 1 59
K 0 0 43
A D 1 16
J N 5 14154 35 2 6049 144 1 59
K 0 0 43
A D 1 16
J N 5 14183 21 2 6481 144 1 59
K 0 0 43
A D 1 16
H 59 B 1 0 108 4 22 11 11 33
J B 103 14216 1 82 6913 144 0
J N 5 14237 49 2 1 0 1 60
K 0 0 43
A D 1 16
J N 5 14281 35 3 433 144 1 60
K -18 0 63
K 0 0 43
A D 1 16
J N 5 14310 49 2 865 144 1 60
K 0 0 43
A D 1 16
J N 5 14339 35 2 1297 144 1 60
K 0 0 43
A D 1 16
H 60 B 0 0 108 4 22 11 11 33
J N 5 14368 49 2 1729 144 1 61
K 0 0 43
A D 1 16
J N 5 14397 35 2 2161 144 1 61
K 0 0 43
A D 1 16
J N 5 14426 49 2 2593 144 1 61
K 0 0 43
A D 1 16
J N 5 14455 35 2 3025 144 1 61
K 0 0 43
A D 1 16
H 61 B 0 0 108 4 22 11 11 33
J N 5 14484 28 2 3457 144 1 62
K 0 0 43
A D 1 16
J N 5 14513 14 2 3889 144 1 62
K 0 0 43
A D 1 16
J N 5 14542 28 2 4321 144 1 62
K 0 0 43
A D 1 16
J N 5 14571 14 2 4753 144 1 62
K 0 0 43
A D 1 16
H 62 B 1 0 108 4 22 11 11 33
J N 5 14600 28 2 5185 144 1 63
K 0 0 43
A D 1 16
J N 5 14629 14 2 5617 144 1 63
K 0 0 43
A D 1 16
J N 5 14658 28 2 6049 144 1 63
K 0 0 43
A D 1 16
J N 5 14687 14 2 6481 144 1 63
K 0 0 43
A D 1 16
H 63 B 1 0 108 4 22 11 11 33
J B 104 14720 1 82 6913 144 0
J N 5 14741 49 2 1 0 1 64
K 0 0 43
A D 1 16
J N 5 14785 35 3 433 144 1 64
K -18 0 63
K 0 0 43
A D 1 16
J N 5 14814 49 2 865 144 1 64
K 0 0 43
A D 1 16
J N 5 14843 35 2 1297 144 1 64
K 0 0 43
A D 1 16
H 64 B 0 0 108 4 22 11 11 33
J N 5 14872 49 2 1729 144 1 65
K 0 0 43
A D 1 16
J N 5 14901 35 2 2161 144 1 65
K 0 0 43
A D 1 16
J N 5 14930 49 2 2593 144 1 65
K 0 0 43
A D 1 16
J N 5 14959 35 2 3025 144 1 65
K 0 0 43
A D 1 16
H 65 B 0 0 108 4 22 11 11 33
J N 5 14988 28 2 3457 144 1 66
K 0 0 43
A D 1 16
J N 5 15017 14 2 3889 144 1 66
K 0 0 43
A D 1 16
J N 5 15046 28 2 4321 144 1 66
K 0 0 43
A D 1 16
J N 5 15075 14 2 4753 144 1 66
K 0 0 43
A D 1 16
H 66 B 1 0 108 4 22 11 11 33
J N 5 15104 28 2 5185 144 1 67
K 0 0 43
A D 1 16
J N 5 15133 14 2 5617 144 1 67
K 0 0 43
A D 1 16
J N 5 15162 28 2 6049 144 1 67
K 0 0 43
A D 1 16
J N 5 15191 14 2 6481 144 1 67
K 0 0 43
A D 1 16
H 67 B 1 0 108 4 22 11 11 33
J B 105 15224 1 82 6913 144 0
J N 5 15245 28 2 1 0 1 68
K 0 0 43
A D 1 16
J N 5 15274 14 2 433 144 1 68
K 0 0 43
A D 1 16
J N 5 15303 28 2 865 144 1 68
K 0 0 43
A D 1 16
J N 5 15332 14 2 1297 144 1 68
K 0 0 43
A D 1 16
H 68 B 1 0 108 4 22 11 11 33
J N 5 15361 28 2 1729 144 1 69
K 0 0 43
A D 1 16
J N 5 15390 14 2 2161 144 1 69
K 0 0 43
A D 1 16
J N 5 15419 28 2 2593 144 1 69
K 0 0 43
A D 1 16
J N 5 15448 14 2 3025 144 1 69
K 0 0 43
A D 1 16
H 69 B 1 0 108 4 22 11 11 33
J N 7 15477 21 4 3457 144 0
K 0 0 43
K 0 0 60
K 0 21 60
A D 4 16
J R 6 15530 28 2 5185 576 0
K 0 0 49
A D 2 16
J N 6 15568 14 3 6049 288 0
K 0 0 43
K 0 0 54
A D 2 16
J B 106 15610 1 82 6913 288 0
J N 7 15631 21 4 1 0 0
K 0 0 43
K 0 0 60
K 0 21 60
A D 4 16
J R 6 15684 28 2 1729 576 0
K 0 0 49
A D 2 16
J N 6 15722 14 3 2593 288 0
K 0 0 43
K 0 0 54
A D 2 16
J N 7 15760 21 4 3457 288 0
K 0 0 43
K 0 0 60
K 0 21 60
A D 4 16
J R 6 15813 28 2 5185 576 0
K 0 0 49
A D 2 16
J N 6 15851 14 3 6049 288 0
K 0 0 43
K 0 0 54
A D 2 16
J B 107 15893 1 82 6913 288 0
J N 6 15914 21 2 1 0 1 70
K 0 0 43
A D 2 16
J N 6 15952 14 2 865 288 1 70
K 0 0 43
A D 2 16
J N 6 15990 14 3 1729 288 1 70
K 0 0 43
K 24 -6 44
A D 3 16
J N 5 16036 21 2 3025 432 1 70
K 0 0 43
A D 1 16
H 70 B 1 0 108 4 2 1 1 53
J N 7 16065 14 4 3457 144 0
K 0 0 43
K 0 0 60
K 0 21 60
A D 4 16
J R 6 16118 28 2 5185 576 0
K 0 0 49
A D 2 16
J N 6 16156 14 3 6049 288 0
K 0 0 43
K 0 0 54
A D 2 16
J B 108 16198 1 82 6913 288 0
J N 7 16219 21 4 1 0 0
K 0 0 43
K 0 0 60
K 0 21 60
A D 4 16
J R 6 16272 28 2 1729 576 0
K 0 0 49
A D 2 16
J N 6 16310 14 3 2593 288 0
K 0 0 43
K 0 0 54
A D 2 16
J N 7 16348 21 4 3457 288 0
K 0 0 43
K 0 0 60
K 0 21 60
A D 4 16
J R 6 16401 28 2 5185 576 0
K 0 0 49
A D 2 16
J N 6 16439 14 3 6049 288 0
K 0 0 43
K 0 0 54
A D 2 16
J B 109 16481 1 82 6913 288 0
J N 6 16502 21 2 1 0 1 71
K 0 0 43
A D 2 16
J N 6 16540 14 2 865 288 1 71
K 0 0 43
A D 2 16
J N 6 16578 14 3 1729 288 1 71
K 0 0 43
K 24 -6 44
A D 3 16
J N 5 16624 21 2 3025 432 1 71
K 0 0 43
A D 1 16
H 71 B 1 0 108 4 2 1 1 53
J N 7 16653 14 4 3457 144 0
K 0 0 43
K 0 0 60
K 0 21 60
A D 4 16
J R 7 16706 28 2 5185 576 0
K 0 0 48
A D 4 16
J B 110 16763 1 82 6913 576 0
J N 7 16784 70 7 1 0 0
K 1 0 45
K 0 0 43
K -1 0 45
K 2 0 45
K 0 0 59
K 0 -21 59
A D 4 16
J R 7 16837 28 2 1729 576 0
K 0 0 48
A D 4 16
J N 7 16890 63 4 3457 576 0
K 0 0 43
K 0 0 59
K 0 -21 59
A D 4 16
J R 7 16943 28 2 5185 576 0
K 0 0 48
A D 4 16
J B 0 17013 6 2 6913 576 0
K -13 0 82
K -6 0 84
J M 0 17013 0 0 10000 0 0
