@ SOURCE: not identified 
L 0 0 14 !39Viola
J D 4 500 -120 1 6913 0 0
W 0 0 44 
J D 1 75 -37 1 6913 0 0
W 0 -56 44 :  Viola
J C 13 5 28 35 6913 0 0
J K 2 57 0 2 6913 0 0
K 0 7 63
K 15 28 63
J D 5 103 -42 1 6913 0 0
W 0 0 37 Allegro
J T 204 112 0 2 6913 0 0
K -10 28 73
K -10 56 75
J R 9 154 28 2 1 10000 0
K 0 0 46
A D 12 24
J B 2 259 1 82 6913 1152 0
J R 9 280 28 2 1 10000 0
K 0 0 46
A D 12 24
J B 3 385 1 82 6913 1152 0
J R 9 406 28 2 1 10000 0
K 0 0 46
A D 12 24
J B 4 511 1 82 6913 1152 0
J R 9 532 28 2 1 10000 0
K 0 0 46
A D 12 24
J B 5 637 1 82 6913 1152 0
J N 7 658 21 4 1 0 0
K 0 0 43
K 0 0 60
K 0 21 60
A D 6 24
J R 7 696 28 2 3457 576 0
K 0 0 48
A D 6 24
J B 6 738 1 82 6913 576 0
J N 7 759 -7 4 1 0 0
K 0 0 43
K 0 0 60
K 0 21 60
A D 6 24
J R 7 797 28 2 3457 576 0
K 0 0 48
A D 6 24
J B 7 839 1 82 6913 576 0
J N 6 860 7 2 1 0 1 1
K 0 0 43
A D 3 24
J N 6 889 21 2 1729 288 1 1
K 0 0 43
A D 3 24
H 1 B 1 0 108 2 2 3
J N 7 918 14 4 3457 288 0
K 0 0 43
K 0 0 60
K 0 21 60
A D 6 24
J B 8 960 1 82 6913 576 0
J N 7 981 14 4 1 0 0
K 0 0 43
K 0 0 60
K 0 21 60
A D 6 24
J R 6 1019 28 2 3457 576 0
K 0 0 49
A D 3 24
J N 6 1048 14 3 5185 288 0
K 0 0 43
K 0 0 54
A D 3 24
J B 9 1081 1 82 6913 288 0
J N 7 1102 7 4 1 0 0
K 0 0 43
K 0 0 60
K 0 21 60
A D 6 24
J R 6 1140 28 2 3457 576 0
K 0 0 49
A D 3 24
J N 6 1169 7 3 5185 288 0
K 0 0 43
K 0 0 54
A D 3 24
J B 10 1202 1 82 6913 288 0
J N 7 1223 35 4 1 0 0
K 0 0 43
K 0 0 59
K 0 -21 59
A D 6 24
J R 6 1261 28 2 3457 576 0
K 0 0 49
A D 3 24
J N 6 1290 7 3 5185 288 0
K 0 0 43
K 0 0 54
A D 3 24
J B 11 1323 1 82 6913 288 0
J N 7 1344 14 4 1 0 0
K 0 0 43
K 0 0 60
K 0 21 60
A D 6 24
J N 7 1382 14 4 3457 576 0
K 0 0 43
K 0 0 60
K 0 21 60
A D 6 24
J B 12 1424 1 82 6913 576 0
J N 7 1445 14 4 1 0 0
K 0 0 43
K 0 0 60
K 0 21 60
A D 6 24
J R 7 1483 28 2 3457 576 0
K 0 0 48
A D 6 24
J B 13 1525 1 82 6913 576 0
J R 9 1546 28 2 1 10000 0
K 0 0 46
A D 12 24
J B 14 1651 1 82 6913 1152 0
J N 7 1672 0 4 1 0 0
K 0 0 43
K 0 0 60
K 0 21 60
A D 6 24
J N 7 1710 21 4 3457 576 0
K 0 0 43
K 0 0 60
K 0 21 60
A D 6 24
J B 15 1752 1 82 6913 576 0
J R 9 1773 28 2 1 10000 0
K 0 0 46
A D 12 24
J B 16 1878 1 82 6913 1152 0
J N 7 1899 -7 4 1 0 0
K 0 0 43
K 0 0 60
K 0 21 60
A D 6 24
J N 7 1937 14 4 3457 576 0
K 0 0 43
K 0 0 60
K 0 21 60
A D 6 24
J B 17 1979 1 82 6913 576 0
J R 9 2000 28 2 1 10000 0
K 0 0 46
A D 12 24
J B 18 2105 1 82 6913 1152 0
J N 7 2126 -14 7 1 0 0
K 0 0 45
K 0 0 43
K -1 0 45
K 2 0 45
K 0 0 60
K 0 21 60
A D 6 24
J N 7 2164 7 4 3457 576 0
K 0 0 43
K 0 0 60
K 0 21 60
A D 6 24
J B 19 2206 1 82 6913 576 0
J N 7 2227 -7 4 1 0 0
K 0 0 43
K 0 0 60
K 0 21 60
A D 6 24
J R 7 2265 28 2 3457 576 0
K 0 0 48
A D 6 24
J B 20 2307 1 82 6913 576 0
J N 7 2328 -7 4 1 0 0
K 0 0 43
K 0 0 60
K 0 21 60
A D 6 24
J R 7 2366 28 2 3457 576 0
K 0 0 48
A D 6 24
J B 21 2408 1 82 6913 576 0
J N 7 2429 0 4 1 0 0
K 0 0 43
K 0 0 60
K 0 21 60
A D 6 24
J R 7 2467 28 2 3457 576 0
K 0 0 48
A D 6 24
J B 22 2509 1 82 6913 576 0
J N 7 2530 21 4 1 0 0
K 0 0 43
K 0 0 60
K 0 21 60
A D 6 24
J R 7 2568 28 2 3457 576 0
K 0 0 48
A D 6 24
J B 23 2610 1 82 6913 576 0
J N 7 2631 14 4 1 0 0
K 0 0 43
K 0 0 60
K 0 21 60
A D 6 24
J N 7 2669 42 4 3457 576 0
K 0 0 43
K 0 0 59
K 0 -21 59
A D 6 24
J B 24 2711 1 82 6913 576 0
J N 7 2732 42 4 1 0 0
K 0 0 43
K 0 0 59
K 0 -21 59
A D 6 24
J R 7 2770 28 2 3457 576 0
K 0 0 48
A D 6 24
J B 25 2812 1 82 6913 576 0
J R 7 2833 28 2 1 0 0
K 0 0 48
A D 6 24
J N 7 2871 -7 4 3457 576 0
K 0 0 43
K 0 0 60
K 0 21 60
A D 6 24
J B 26 2913 1 82 6913 576 0
J N 7 2934 -7 4 1 0 0
K 0 0 43
K 0 0 60
K 0 21 60
A D 6 24
J R 7 2972 28 2 3457 576 0
K 0 0 48
A D 6 24
J B 27 3014 1 82 6913 576 0
J R 7 3035 28 2 1 0 0
K 0 0 48
A D 6 24
J N 7 3073 -7 4 3457 576 0
K 0 0 43
K 0 0 60
K 0 21 60
A D 6 24
J B 28 3115 1 82 6913 576 0
J N 7 3136 -7 4 1 0 0
K 0 0 43
K 0 0 60
K 0 21 60
A D 6 24
J N 7 3174 -7 4 3457 576 0
K 0 0 43
K 0 0 60
K 0 21 60
A D 6 24
J B 29 3216 1 82 6913 576 0
J N 7 3237 -14 7 1 0 0
K 0 0 45
K 0 0 43
K -1 0 45
K 2 0 45
K 0 0 60
K 0 21 60
A D 6 24
J N 6 3275 14 2 3457 576 1 2
K 0 0 43
A D 3 24
J N 6 3304 -7 2 5185 288 1 2
K 0 0 43
A D 3 24
H 2 B 1 0 108 2 2 3
J B 30 3337 1 82 6913 288 0
J N 7 3358 7 4 1 0 0
K 0 0 43
K 0 0 60
K 0 21 60
A D 6 24
J R 7 3396 28 2 3457 576 0
K 0 0 48
A D 6 24
J B 31 3438 1 82 6913 576 0
J R 7 3459 28 2 1 0 0
K 0 0 48
A D 6 24
J N 7 3497 -7 5 3457 576 0
K 0 0 43
K 0 84 108
K 0 0 60
K 0 21 60
A D 6 24
J B 32 3539 1 82 6913 576 0
J N 7 3560 -7 4 1 0 0
K 0 0 43
K 0 0 60
K 0 21 60
A D 6 24
J R 7 3598 28 2 3457 576 0
K 0 0 48
A D 6 24
J B 33 3640 1 82 6913 576 0
J R 7 3661 28 2 1 0 0
K 0 0 48
A D 6 24
J N 7 3699 -7 4 3457 576 0
K 0 0 43
K 0 0 60
K 0 21 60
A D 6 24
J B 34 3741 1 82 6913 576 0
J N 7 3762 -7 4 1 0 0
K 0 0 43
K 0 0 60
K 0 21 60
A D 6 24
J N 7 3800 -7 5 3457 576 0
K 0 0 43
K 0 91 110
K 0 0 60
K 0 21 60
A D 6 24
J B 35 3842 1 82 6913 576 0
J N 7 3863 -14 7 1 0 0
K 0 0 45
K 0 0 43
K -1 0 45
K 2 0 45
K 0 0 60
K 0 21 60
A D 6 24
J N 6 3901 14 2 3457 576 1 3
K 0 0 43
A D 3 24
J N 6 3930 -7 2 5185 288 1 3
K 0 0 43
A D 3 24
H 3 B 1 0 108 2 2 3
J B 36 3963 1 82 6913 288 0
J N 7 3984 7 4 1 0 0
K 0 0 43
K 0 0 60
K 0 21 60
A D 6 24
J R 6 4022 28 2 3457 576 0
K 0 0 49
A D 3 24
J N 6 4051 42 3 5185 288 0
K 0 0 43
K 0 0 53
A D 3 24
J B 37 4095 1 82 6913 288 0
J N 7 4116 35 4 1 0 0
K 0 0 43
K 0 0 59
K 0 -21 59
A D 6 24
J N 7 4154 42 4 3457 576 0
K 0 0 43
K 0 0 59
K 0 -21 59
A D 6 24
J B 38 4196 1 82 6913 576 0
J N 8 4217 42 4 1 0 0
K 0 0 42
K 0 0 59
K 0 -21 59
A D 12 24
J B 39 4296 10 6 6913 1152 0
K -22 21 44
K -22 35 44
K -12 0 84
K 0 0 84
K 11 21 44
K 11 35 44
J R 9 4333 28 2 1 10000 0
K 0 0 46
A D 12 24
J B 40 4438 1 82 6913 1152 0
J R 9 4459 28 2 1 10000 0
K 0 0 46
A D 12 24
J B 41 4564 1 82 6913 1152 0
J N 7 4585 7 4 1 0 0
K 0 0 43
K 0 0 60
K 0 21 60
A D 6 24
J N 7 4629 -7 5 3457 576 0
K -18 0 63
K 0 0 43
K 0 0 60
K 0 21 60
A D 6 24
J B 42 4671 1 82 6913 576 0
J N 7 4692 -14 7 1 0 0
K 0 0 45
K 0 0 43
K -1 0 45
K 2 0 45
K 0 0 60
K 0 21 60
A D 6 24
J N 7 4730 7 4 3457 576 0
K 0 0 43
K 0 0 60
K 0 21 60
A D 6 24
J B 43 4772 1 82 6913 576 0
J R 9 4793 28 2 1 10000 0
K 0 0 46
A D 12 24
J B 44 4898 1 82 6913 1152 0
J R 9 4919 28 2 1 10000 0
K 0 0 46
A D 12 24
J B 45 5024 1 82 6913 1152 0
J N 7 5045 -14 7 1 0 0
K 0 0 45
K 0 0 43
K -1 0 45
K 2 0 45
K 0 0 60
K 0 21 60
A D 6 24
J N 7 5083 21 5 3457 576 0
K -18 0 63
K 0 0 43
K 0 0 60
K 0 21 60
A D 6 24
J B 46 5125 1 82 6913 576 0
J N 7 5146 14 4 1 0 0
K 0 0 43
K 0 0 60
K 0 21 60
A D 6 24
J N 7 5184 35 4 3457 576 0
K 0 0 43
K 0 0 59
K 0 -21 59
A D 6 24
J B 47 5226 1 82 6913 576 0
J R 9 5247 28 2 1 10000 0
K 0 0 46
A D 12 24
J B 48 5352 1 82 6913 1152 0
J R 9 5373 28 2 1 10000 0
K 0 0 46
A D 12 24
J B 49 5478 1 82 6913 1152 0
J N 7 5499 -21 7 1 0 0
K 0 7 45
K 0 0 43
K 0 7 45
K 1 7 45
K 0 0 60
K 0 21 60
A D 6 24
J N 7 5537 14 5 3457 576 0
K -18 0 63
K 0 0 43
K 0 0 60
K 0 21 60
A D 6 24
J B 50 5579 1 82 6913 576 0
J N 7 5600 7 4 1 0 0
K 0 0 43
K 0 0 60
K 0 21 60
A D 6 24
J N 7 5638 7 4 3457 576 0
K 0 0 43
K 0 0 60
K 0 21 60
A D 6 24
J B 51 5680 1 82 6913 576 0
J N 7 5707 0 5 1 0 0
K -18 0 63
K 0 0 43
K 0 0 60
K 0 21 60
A D 6 24
J N 7 5745 28 4 3457 576 0
K 0 0 43
K 0 0 60
K 0 21 60
A D 6 24
J B 52 5787 1 82 6913 576 0
J N 7 5808 7 4 1 0 0
K 0 0 43
K 0 0 60
K 0 21 60
A D 6 24
J N 7 5846 -14 7 3457 576 0
K 0 0 45
K 0 0 43
K -1 0 45
K 2 0 45
K 0 0 60
K 0 21 60
A D 6 24
J B 53 5888 1 82 6913 576 0
J N 7 5915 0 5 1 0 0
K -18 0 63
K 0 0 43
K 0 0 60
K 0 21 60
A D 6 24
J N 7 5953 7 4 3457 576 0
K 0 0 43
K 0 0 60
K 0 21 60
A D 6 24
J B 54 5995 1 82 6913 576 0
J N 7 6016 21 4 1 0 0
K 0 0 43
K 0 0 60
K 0 21 60
A D 6 24
J N 7 6054 28 4 3457 576 0
K 0 0 43
K 0 0 60
K 0 21 60
A D 6 24
J B 55 6096 1 82 6913 576 0
J N 8 6117 28 4 1 0 0
K 0 0 42
K 0 0 60
K 0 21 60
A D 12 24
J B 56 6174 1 82 6913 1152 0
J R 7 6195 28 2 1 0 0
K 0 0 48
A D 6 24
J N 7 6233 -21 7 3457 576 0
K 0 7 45
K 0 0 43
K 0 7 45
K 1 7 45
K 0 0 60
K 0 21 60
A D 6 24
J B 57 6275 1 82 6913 576 0
J N 8 6296 -21 7 1 0 0
K 0 7 45
K 0 0 42
K 0 7 45
K 1 7 45
K 0 0 60
K 0 21 60
A D 12 24
J B 58 6353 1 82 6913 1152 0
J R 7 6374 28 2 1 0 0
K 0 0 48
A D 6 24
J N 7 6412 -21 7 3457 576 0
K 0 7 45
K 0 0 43
K 0 7 45
K 1 7 45
K 0 0 60
K 0 21 60
A D 6 24
J B 59 6454 1 82 6913 576 0
J N 8 6475 -21 7 1 0 0
K 0 7 45
K 0 0 42
K 0 7 45
K 1 7 45
K 0 0 60
K 0 21 60
A D 12 24
J B 60 6532 1 82 6913 1152 0
J R 7 6553 28 2 1 0 0
K 0 0 48
A D 6 24
J N 7 6591 -14 7 3457 576 0
K 0 0 45
K 0 0 43
K -1 0 45
K 2 0 45
K 0 0 60
K 0 21 60
A D 6 24
J B 61 6633 1 82 6913 576 0
J N 8 6654 -14 7 1 0 0
K 0 0 45
K 0 0 42
K -1 0 45
K 2 0 45
K 0 0 60
K 0 21 60
A D 12 24
J B 62 6711 1 82 6913 1152 0
J R 7 6732 28 2 1 0 0
K 0 0 48
A D 6 24
J N 7 6770 -14 7 3457 576 0
K 0 0 45
K 0 0 43
K -1 0 45
K 2 0 45
K 0 0 60
K 0 21 60
A D 6 24
J B 63 6812 1 82 6913 576 0
J N 8 6833 -14 7 1 0 0
K 0 0 45
K 0 0 42
K -1 0 45
K 2 0 45
K 0 0 60
K 0 21 60
A D 12 24
J B 64 6890 1 82 6913 1152 0
J R 7 6911 28 2 1 0 0
K 0 0 48
A D 6 24
J N 7 6949 -7 4 3457 576 0
K 0 0 43
K 0 0 60
K 0 21 60
A D 6 24
J B 65 6991 1 82 6913 576 0
J N 8 7012 -7 4 1 0 0
K 0 0 42
K 0 0 60
K 0 21 60
A D 12 24
J B 66 7069 1 82 6913 1152 0
J R 7 7090 28 2 1 0 0
K 0 0 48
A D 6 24
J N 7 7128 -7 4 3457 576 0
K 0 0 43
K 0 0 60
K 0 21 60
A D 6 24
J B 67 7170 1 82 6913 576 0
J N 8 7191 -7 4 1 0 0
K 0 0 42
K 0 0 60
K 0 21 60
A D 12 24
J B 68 7248 1 82 6913 1152 0
J N 7 7269 0 4 1 0 0
K 0 0 43
K 0 0 60
K 0 21 60
A D 6 24
J N 7 7307 21 4 3457 576 0
K 0 0 43
K 0 0 60
K 0 21 60
A D 6 24
J B 69 7349 1 82 6913 576 0
J N 7 7370 0 4 1 0 0
K 0 0 43
K 0 0 60
K 0 21 60
A D 6 24
J N 7 7408 21 4 3457 576 0
K 0 0 43
K 0 0 60
K 0 21 60
A D 6 24
J B 70 7450 1 82 6913 576 0
J N 7 7471 14 4 1 0 0
K 0 0 43
K 0 0 60
K 0 21 60
A D 6 24
J N 6 7509 7 2 3457 576 1 4
K 0 0 43
A D 3 24
J N 6 7538 0 2 5185 288 1 4
K 0 0 43
A D 3 24
H 4 B 1 0 108 2 2 3
J B 71 7571 1 82 6913 288 0
J N 8 7592 -7 4 1 0 0
K 0 0 42
K 0 0 60
K 0 21 60
A D 12 24
J B 72 7649 1 82 6913 1152 0
J N 8 7670 -7 4 1 0 0
K 0 0 42
K 0 0 60
K 0 21 60
A D 12 24
J B 73 7727 1 82 6913 1152 0
J N 8 7748 -14 7 1 0 0
K 0 0 45
K 0 0 42
K -1 0 45
K 2 0 45
K 0 0 60
K 0 21 60
A D 12 24
J B 74 7805 1 82 6913 1152 0
J N 8 7826 -21 7 1 0 0
K 0 7 45
K 0 0 42
K 0 7 45
K 1 7 45
K 0 0 60
K 0 21 60
A D 12 24
J B 75 7883 1 82 6913 1152 0
J N 8 7904 -28 8 1 0 0
K 0 14 45
K 0 0 45
K 0 0 42
K -1 0 45
K 2 0 45
K 0 0 60
K 0 28 60
A D 12 24
J B 76 7961 1 82 6913 1152 0
J N 7 7982 21 5 1 0 0
K 0 0 43
K 25 0 44
K 0 0 60
K 0 21 60
A D 9 24
J N 6 8028 21 3 5185 864 0
K 0 0 43
K 0 0 54
A D 3 24
J B 77 8061 1 82 6913 288 0
J N 7 8082 21 4 1 0 0
K 0 0 43
K 0 0 60
K 0 21 60
A D 6 24
J N 6 8120 7 2 3457 576 2 5 6
K 0 0 43
A D 3 24
J N 6 8149 0 2 5185 288 2 6 5
K 0 0 43
A D 3 24
H 6 B 1 0 108 2 2 3
H 5 S 0 0 0 0 0 0 0 0 0
J B 78 8182 1 82 6913 288 0
J N 7 8203 -7 5 1 0 0
K 0 0 43
K 25 0 44
K 0 0 60
K 0 21 60
A D 9 24
J N 6 8249 -7 3 5185 864 0
K 0 0 43
K 0 0 54
A D 3 24
J B 79 8282 1 82 6913 288 0
J N 8 8303 -7 4 1 0 0
K 0 0 42
K 0 0 60
K 0 21 60
A D 12 24
J B 80 8360 1 82 6913 1152 0
J N 8 8381 -7 5 1 0 0
K 0 0 42
K 0 84 108
K 0 0 60
K 0 21 60
A D 12 24
J B 81 8438 1 82 6913 1152 0
J N 8 8459 -14 7 1 0 0
K 0 0 45
K 0 0 42
K -1 0 45
K 2 0 45
K 0 0 60
K 0 21 60
A D 12 24
J B 82 8516 1 82 6913 1152 0
J N 8 8537 -21 7 1 0 0
K 0 7 45
K 0 0 42
K 0 7 45
K 1 7 45
K 0 0 60
K 0 21 60
A D 12 24
J B 83 8594 1 82 6913 1152 0
J N 8 8615 -28 8 1 0 0
K 0 14 45
K 0 0 45
K 0 0 42
K -1 0 45
K 2 0 45
K 0 0 60
K 0 28 60
A D 12 24
J B 84 8672 1 82 6913 1152 0
J N 7 8693 21 6 1 0 0
K 0 0 43
K 25 0 44
K 0 77 110
K 0 0 60
K 0 21 60
A D 9 24
J N 6 8739 21 3 5185 864 0
K 0 0 43
K 0 0 54
A D 3 24
J B 85 8772 1 82 6913 288 0
J N 7 8793 21 4 1 0 0
K 0 0 43
K 0 0 60
K 0 21 60
A D 6 24
J N 6 8831 7 2 3457 576 2 7 8
K 0 0 43
A D 3 24
J N 6 8860 0 2 5185 288 2 8 7
K 0 0 43
A D 3 24
H 8 B 1 0 108 2 2 3
H 7 S 0 0 0 0 0 0 0 0 0
J B 86 8893 1 82 6913 288 0
J N 7 8914 -7 5 1 0 0
K 0 0 43
K 25 0 44
K 0 0 60
K 0 21 60
A D 9 24
J N 6 8960 -7 3 5185 864 0
K 0 0 43
K 0 0 54
A D 3 24
J B 87 8993 1 82 6913 288 0
J N 8 9014 -7 4 1 0 0
K 0 0 42
K 0 0 60
K 0 21 60
A D 12 24
J B 88 9071 1 82 6913 1152 0
J N 7 9092 21 6 1 0 0
K 0 0 43
K 25 0 44
K 0 70 108
K 0 0 60
K 0 21 60
A D 9 24
J N 6 9138 21 3 5185 864 0
K 0 0 43
K 0 0 54
A D 3 24
J B 89 9171 1 82 6913 288 0
J N 7 9192 21 4 1 0 0
K 0 0 43
K 0 0 60
K 0 21 60
A D 6 24
J N 6 9230 7 2 3457 576 2 9 10
K 0 0 43
A D 3 24
J N 6 9259 0 2 5185 288 2 10 9
K 0 0 43
A D 3 24
H 10 B 1 0 108 2 2 3
H 9 S 0 0 0 0 0 0 0 0 0
J B 90 9292 1 82 6913 288 0
J N 7 9313 -7 5 1 0 0
K 0 0 43
K 25 0 44
K 0 0 60
K 0 21 60
A D 9 24
J N 6 9359 -7 3 5185 864 0
K 0 0 43
K 0 0 54
A D 3 24
J B 91 9392 1 82 6913 288 1 11
J N 8 9413 -7 4 1 0 0
K 0 0 42
K 0 0 60
K 0 21 60
A D 12 24
J B 92 9493 6 4 6913 1152 2 11 12
K -23 21 44
K -23 35 44
K -13 0 82
K -6 0 84
H 11 E 1 0 -8 -42 21 21
J D 5 9514 -42 1 6913 0 0
W 0 0 37 Allegro
J T 101 9514 42 1 6913 0 0
K 0 0 37
J N 7 9562 7 4 1 0 0
K 0 0 43
K 0 0 60
K 0 21 60
A D 4 16
J R 7 9615 28 2 1729 576 0
K 0 0 48
A D 4 16
J R 8 9668 28 2 3457 576 0
K 0 0 47
A D 8 16
J B 93 9751 1 82 6913 1152 1 12
H 12 E 2 0 0 -42 21 0
J R 9 9772 28 2 1 10000 0
K 0 0 46
A D 16 16
J B 94 9877 1 82 6913 2304 0
J R 9 9898 28 2 1 10000 0
K 0 0 46
A D 16 16
J B 95 10003 1 82 6913 2304 0
J R 9 10024 28 2 1 10000 0
K 0 0 46
A D 16 16
J B 96 10129 1 82 6913 2304 0
J N 6 10150 21 2 1 0 1 13
K 0 0 43
A D 2 16
J N 5 10188 21 2 865 288 1 13
K 0 0 43
A D 1 16
J N 5 10217 21 2 1297 144 1 13
K 0 0 43
A D 1 16
H 13 B 1 0 108 3 2 21 33
J N 6 10246 21 2 1729 144 1 14
K 0 0 43
A D 2 16
J N 6 10284 21 2 2593 288 1 14
K 0 0 43
A D 2 16
H 14 B 1 0 108 2 2 3
J N 6 10322 21 2 3457 288 1 15
K 0 0 43
A D 2 16
J N 6 10360 42 2 4321 288 1 15
K 0 0 43
A D 2 16
H 15 B 0 0 108 2 2 3
J R 7 10398 28 2 5185 288 0
K 0 0 48
A D 4 16
J B 97 10455 1 82 6913 576 0
J N 6 10476 7 2 1 0 1 16
K 0 0 43
A D 2 16
J N 5 10514 7 2 865 288 1 16
K 0 0 43
A D 1 16
J N 5 10543 7 2 1297 144 1 16
K 0 0 43
A D 1 16
H 16 B 1 0 108 3 2 21 33
J N 6 10572 7 2 1729 144 1 17
K 0 0 43
A D 2 16
J N 6 10610 7 2 2593 288 1 17
K 0 0 43
A D 2 16
H 17 B 1 0 108 2 2 3
J N 6 10648 7 2 3457 288 1 18
K 0 0 43
A D 2 16
J N 6 10686 21 2 4321 288 1 18
K 0 0 43
A D 2 16
H 18 B 1 0 108 2 2 3
J R 7 10724 28 2 5185 288 0
K 0 0 48
A D 4 16
J B 98 10781 1 82 6913 576 0
J N 6 10802 -14 5 1 0 1 19
K 0 0 45
K 0 0 43
K -1 0 45
K 2 0 45
A D 2 16
J N 5 10840 -14 5 865 288 1 19
K 0 0 45
K 0 0 43
K -1 0 45
K 2 0 45
A D 1 16
J N 5 10869 -14 5 1297 144 1 19
K 0 0 45
K 0 0 43
K -1 0 45
K 2 0 45
A D 1 16
H 19 B 1 0 108 3 2 21 33
J N 6 10898 -14 5 1729 144 1 20
K 0 0 45
K 0 0 43
K -1 0 45
K 2 0 45
A D 2 16
J N 6 10936 -14 5 2593 288 1 20
K 0 0 45
K 0 0 43
K -1 0 45
K 2 0 45
A D 2 16
H 20 B 1 0 108 2 2 3
J N 6 10974 -14 5 3457 288 1 21
K 0 0 45
K 0 0 43
K -1 0 45
K 2 0 45
A D 2 16
J N 6 11012 35 2 4321 288 1 21
K 0 0 43
A D 2 16
H 21 B 1 0 108 2 2 3
J R 7 11050 28 2 5185 288 0
K 0 0 48
A D 4 16
J B 99 11107 1 82 6913 576 0
J N 7 11128 -28 8 1 0 0
K 0 14 45
K 0 0 45
K 0 0 43
K -1 0 45
K 2 0 45
K 0 0 60
K 0 28 60
A D 4 16
J N 7 11181 21 4 1729 576 0
K 0 0 43
K 0 0 60
K 0 21 60
A D 4 16
J R 6 11234 28 2 3457 576 0
K 0 0 49
A D 2 16
J N 6 11272 21 2 4321 288 1 22
K 0 0 43
A D 2 16
J N 6 11310 21 2 5185 288 1 22
K 0 0 43
A D 2 16
J N 6 11348 49 2 6049 288 1 22
K 0 0 43
A D 2 16
H 22 B 0 0 108 3 2 1 3
J B 100 11390 1 82 6913 288 0
J R 6 11411 28 2 1 0 0
K 0 0 49
A D 2 16
J N 6 11449 21 2 865 288 1 23
K 0 0 43
A D 2 16
J N 6 11487 21 2 1729 288 1 23
K 0 0 43
A D 2 16
J N 6 11525 70 5 2593 288 1 23
K 1 0 45
K 0 0 43
K -1 0 45
K 2 0 45
A D 2 16
H 23 B 0 0 108 3 2 1 3
J R 6 11563 28 2 3457 288 0
K 0 0 49
A D 2 16
J N 6 11601 21 2 4321 288 1 24
K 0 0 43
A D 2 16
J N 6 11639 21 2 5185 288 1 24
K 0 0 43
A D 2 16
J N 6 11677 49 2 6049 288 1 24
K 0 0 43
A D 2 16
H 24 B 0 0 108 3 2 1 3
J B 101 11719 1 82 6913 288 0
J R 7 11740 28 2 1 0 0
K 0 0 48
A D 4 16
J N 7 11793 14 4 1729 576 0
K 0 0 43
K 0 0 60
K 0 21 60
A D 4 16
J R 6 11846 28 2 3457 576 0
K 0 0 49
A D 2 16
J N 6 11884 14 2 4321 288 1 25
K 0 0 43
A D 2 16
J N 6 11922 14 2 5185 288 1 25
K 0 0 43
A D 2 16
J N 6 11960 42 2 6049 288 1 25
K 0 0 43
A D 2 16
H 25 B 1 0 108 3 2 1 3
J B 102 12002 1 82 6913 288 0
J R 6 12023 28 2 1 0 0
K 0 0 49
A D 2 16
J N 6 12061 14 2 865 288 1 26
K 0 0 43
A D 2 16
J N 6 12099 14 2 1729 288 1 26
K 0 0 43
A D 2 16
J N 6 12137 63 2 2593 288 1 26
K 0 0 43
A D 2 16
H 26 B 0 0 108 3 2 1 3
J R 6 12175 28 2 3457 288 0
K 0 0 49
A D 2 16
J N 6 12213 14 2 4321 288 1 27
K 0 0 43
A D 2 16
J N 6 12251 14 2 5185 288 1 27
K 0 0 43
A D 2 16
J N 6 12289 42 2 6049 288 1 27
K 0 0 43
A D 2 16
H 27 B 1 0 108 3 2 1 3
J B 103 12331 1 82 6913 288 0
J R 7 12352 28 2 1 0 0
K 0 0 48
A D 4 16
J N 7 12405 7 4 1729 576 0
K 0 0 43
K 0 0 60
K 0 21 60
A D 4 16
J R 6 12458 28 2 3457 576 0
K 0 0 49
A D 2 16
J N 6 12496 7 2 4321 288 1 28
K 0 0 43
A D 2 16
J N 6 12534 7 2 5185 288 1 28
K 0 0 43
A D 2 16
J N 6 12572 35 2 6049 288 1 28
K 0 0 43
A D 2 16
H 28 B 1 0 108 3 2 1 3
J B 104 12614 1 82 6913 288 0
J R 6 12635 28 2 1 0 0
K 0 0 49
A D 2 16
J N 6 12673 7 2 865 288 1 29
K 0 0 43
A D 2 16
J N 6 12711 7 2 1729 288 1 29
K 0 0 43
A D 2 16
J N 6 12749 56 2 2593 288 1 29
K 0 0 43
A D 2 16
H 29 B 0 0 108 3 2 1 3
J R 6 12787 28 2 3457 288 0
K 0 0 49
A D 2 16
J N 6 12825 7 2 4321 288 1 30
K 0 0 43
A D 2 16
J N 6 12863 7 2 5185 288 1 30
K 0 0 43
A D 2 16
J N 6 12901 35 2 6049 288 1 30
K 0 0 43
A D 2 16
H 30 B 1 0 108 3 2 1 3
J B 105 12943 1 82 6913 288 0
J R 6 12964 28 2 1 0 0
K 0 0 49
A D 2 16
J N 6 13002 -14 5 865 288 1 31
K 0 0 45
K 0 0 43
K -1 0 45
K 2 0 45
A D 2 16
J N 6 13040 0 2 1729 288 1 31
K 0 0 43
A D 2 16
J N 6 13078 -14 5 2593 288 1 31
K 0 0 45
K 0 0 43
K -1 0 45
K 2 0 45
A D 2 16
H 31 B 1 0 108 3 2 1 3
J N 7 13116 -7 4 3457 288 0
K 0 0 43
K 0 0 60
K 0 21 60
A D 4 16
J R 6 13169 28 2 5185 576 0
K 0 0 49
A D 2 16
J N 6 13207 -7 3 6049 288 0
K 0 0 43
K 0 0 54
A D 2 16
J B 106 13249 1 82 6913 288 0
J N 7 13270 -7 4 1 0 0
K 0 0 43
K 0 0 60
K 0 21 60
A D 4 16
J R 6 13323 28 2 1729 576 0
K 0 0 49
A D 2 16
J N 6 13361 42 3 2593 288 0
K 0 0 43
K 0 0 53
A D 2 16
J N 7 13403 42 4 3457 288 0
K 0 0 43
K 0 0 59
K 0 -21 59
A D 4 16
J R 6 13456 28 2 5185 576 0
K 0 0 49
A D 2 16
J N 6 13494 -7 3 6049 288 0
K 0 0 43
K 0 0 54
A D 2 16
J B 107 13536 1 82 6913 288 0
J N 6 13557 -7 2 1 0 1 32
K 0 0 43
A D 2 16
J N 5 13595 7 2 865 288 1 32
K 0 0 43
A D 1 16
J N 5 13624 0 2 1297 144 1 32
K 0 0 43
A D 1 16
H 32 B 1 0 108 3 2 21 33
J N 6 13653 -7 3 1729 144 1 33
K 0 0 43
K 25 0 44
A D 3 16
J N 5 13699 -7 2 3025 432 1 33
K 0 0 43
A D 1 16
H 33 B 1 0 108 2 2 53
J N 7 13728 -7 4 3457 144 0
K 0 0 43
K 0 0 60
K 0 21 60
A D 4 16
J R 6 13781 28 2 5185 576 0
K 0 0 49
A D 2 16
J N 6 13819 -7 3 6049 288 0
K 0 0 43
K 0 0 54
A D 2 16
J B 108 13861 1 82 6913 288 0
J N 7 13882 -7 4 1 0 0
K 0 0 43
K 0 0 60
K 0 21 60
A D 4 16
J R 6 13935 28 2 1729 576 0
K 0 0 49
A D 2 16
J N 6 13973 42 3 2593 288 0
K 0 0 43
K 0 0 53
A D 2 16
J N 7 14015 42 4 3457 288 0
K 0 0 43
K 0 0 59
K 0 -21 59
A D 4 16
J R 6 14068 28 2 5185 576 0
K 0 0 49
A D 2 16
J N 6 14106 -7 3 6049 288 0
K 0 0 43
K 0 0 54
A D 2 16
J B 109 14148 1 82 6913 288 0
J N 6 14169 -7 2 1 0 1 34
K 0 0 43
A D 2 16
J N 5 14207 7 2 865 288 1 34
K 0 0 43
A D 1 16
J N 5 14236 0 2 1297 144 1 34
K 0 0 43
A D 1 16
H 34 B 1 0 108 3 2 21 33
J N 6 14265 -7 3 1729 144 1 35
K 0 0 43
K 25 0 44
A D 3 16
J N 5 14311 -7 2 3025 432 1 35
K 0 0 43
A D 1 16
H 35 B 1 0 108 2 2 53
J N 7 14340 -7 4 3457 144 0
K 0 0 43
K 0 0 60
K 0 21 60
A D 4 16
J R 7 14393 28 2 5185 576 0
K 0 0 48
A D 4 16
J B 110 14450 1 82 6913 576 0
J N 7 14471 42 4 1 0 0
K 0 0 43
K 0 0 59
K 0 -21 59
A D 4 16
J R 7 14524 28 2 1729 576 0
K 0 0 48
A D 4 16
J N 7 14577 42 4 3457 576 0
K 0 0 43
K 0 0 59
K 0 -21 59
A D 4 16
J R 7 14630 28 2 5185 576 0
K 0 0 48
A D 4 16
J B 0 14700 6 2 6913 576 0
K -13 0 82
K -6 0 84
J M 0 14700 0 0 10000 0 0
