@ SOURCE: not identified 
L 0 0 14 !39Violino 1 concertino
J D 4 500 -120 1 6913 0 0
W 0 0 44 IV.
J D 1 75 -37 1 6913 0 0
W 0 -56 44 IV.:  Violino 1 concertino
J C 4 5 42 2 6913 0 0
K 0 0 33
K 0 0 34
J K -1 57 0 1 6913 0 0
K 0 28 65
J D 5 86 -42 1 6913 0 0
W 0 0 37 Vivace
J T 304 95 0 2 6913 0 0
K -10 28 74
K -10 56 75
J D 0 134 0 1 1 0 0
W 0 -28 33 !31|Soli
J N 7 134 -7 4 1 0 0
K 0 0 43
K 0 0 60
K 0 21 60
A D 4 16
J N 7 187 -7 6 2305 576 1 1
K 0 0 43
K 25 0 44
K 0 -24 236
K 0 0 60
K 0 21 60
A D 6 16
J N 5 259 0 3 5761 864 1 2
K -18 0 63
K 0 0 43
A D 1 16
J N 5 288 -7 2 6337 144 2 2 1
K 0 0 43
A D 1 16
H 2 B 1 0 108 2 22 33
H 1 S 0 0 0 0 0 0 0 0 0
J B 2 321 1 82 6913 144 0
J N 7 342 -14 7 1 0 0
K 0 0 45
K 0 0 43
K -1 0 45
K 2 0 45
K 0 0 60
K 0 21 60
A D 4 16
J N 7 395 14 4 2305 576 0
K 0 0 43
K 0 0 60
K 0 21 60
A D 4 16
J N 7 448 14 4 4609 576 0
K 0 0 43
K 0 0 60
K 0 21 60
A D 4 16
J B 3 505 1 82 6913 576 0
J N 7 526 -14 7 1 0 0
K 0 0 45
K 0 0 43
K -1 0 45
K 2 0 45
K 0 0 60
K 0 21 60
A D 4 16
J N 7 579 -14 9 2305 576 1 3
K 0 0 45
K 0 0 43
K -1 0 45
K 2 0 45
K 24 -6 44
K 0 -24 236
K 0 0 60
K 0 21 60
A D 6 16
J N 5 647 -7 2 5761 864 1 4
K 0 0 43
A D 1 16
J N 5 676 -14 5 6337 144 2 4 3
K 0 0 45
K 0 0 43
K -1 0 45
K 2 0 45
A D 1 16
H 4 B 1 0 108 2 22 33
H 3 S 0 0 0 0 0 0 0 0 0
J B 4 709 1 82 6913 144 0
J N 7 730 -21 7 1 0 0
K 0 7 45
K 0 0 43
K 0 7 45
K 1 7 45
K 0 0 60
K 0 21 60
A D 4 16
J N 7 783 14 4 2305 576 0
K 0 0 43
K 0 0 60
K 0 21 60
A D 4 16
J N 7 836 42 4 4609 576 0
K 0 0 43
K 0 0 59
K 0 -21 59
A D 4 16
J B 5 893 1 82 6913 576 0
J D 0 914 0 1 1 0 0
W 0 -35 33 !31|Tutti
J N 7 914 -7 4 1 0 0
K 0 0 43
K 0 0 60
K 0 21 60
A D 4 16
J N 6 967 -21 5 2305 576 2 5 6
K 0 7 45
K 0 0 43
K 0 7 45
K 1 7 45
A D 2 16
J N 6 1005 -14 5 3457 288 1 6
K 0 0 45
K 0 0 43
K -1 0 45
K 2 0 45
A D 2 16
J N 6 1043 -7 2 4609 288 1 6
K 0 0 43
A D 2 16
J N 6 1081 -21 5 5761 288 2 6 5
K 0 7 45
K 0 0 43
K 0 7 45
K 1 7 45
A D 2 16
H 6 B 1 0 108 4 2 1 1 3
H 5 S 0 0 0 0 0 0 0 0 0
J B 6 1123 1 82 6913 288 0
J N 7 1144 -14 7 1 0 0
K 0 0 45
K 0 0 43
K -1 0 45
K 2 0 45
K 0 0 60
K 0 21 60
A D 4 16
J N 7 1197 14 4 2305 576 0
K 0 0 43
K 0 0 60
K 0 21 60
A D 4 16
J N 7 1250 14 4 4609 576 0
K 0 0 43
K 0 0 60
K 0 21 60
A D 4 16
J B 7 1307 1 82 6913 576 0
J N 6 1328 -7 2 1 0 2 7 8
K 0 0 43
A D 2 16
J N 6 1366 28 2 1153 288 2 8 7
K 0 0 43
A D 2 16
H 8 B 1 0 108 2 2 3
H 7 S 0 0 0 0 0 0 0 0 0
J N 7 1404 21 6 2305 288 1 9
K 0 0 43
K 25 0 44
K 0 -31 236
K 0 0 60
K 0 21 60
A D 6 16
J N 5 1472 28 2 5761 864 1 10
K 0 0 43
A D 1 16
J N 5 1501 21 2 6337 144 2 10 9
K 0 0 43
A D 1 16
H 10 B 1 0 108 2 22 33
H 9 S 0 0 0 0 0 0 0 0 0
J B 8 1534 1 82 6913 144 0
J N 8 1555 14 5 1 0 0
K 0 0 42
K 24 -6 44
K 0 0 60
K 0 21 60
A D 12 16
J B 9 1687 10 6 6913 1728 0
K -22 21 44
K -22 35 44
K -12 0 84
K 0 0 84
K 11 21 44
K 11 35 44
J N 7 1724 -14 7 1 0 0
K 0 0 45
K 0 0 43
K -1 0 45
K 2 0 45
K 0 0 60
K 0 21 60
A D 4 16
J N 7 1777 -14 9 2305 576 1 11
K 0 0 45
K 0 0 43
K -1 0 45
K 2 0 45
K 24 -6 44
K 0 -24 236
K 0 0 60
K 0 21 60
A D 6 16
J N 5 1845 -7 2 5761 864 1 12
K 0 0 43
A D 1 16
J N 5 1874 -14 5 6337 144 2 12 11
K 0 0 45
K 0 0 43
K -1 0 45
K 2 0 45
A D 1 16
H 12 B 1 0 108 2 22 33
H 11 S 0 0 0 0 0 0 0 0 0
J B 10 1907 1 82 6913 144 0
J N 8 1928 -21 8 1 0 0
K 0 7 45
K 0 0 42
K 0 7 45
K 1 7 45
K 25 0 44
K 0 0 60
K 0 21 60
A D 12 16
J B 11 2038 1 82 6913 1728 0
J N 7 2059 -7 4 1 0 0
K 0 0 43
K 0 0 60
K 0 21 60
A D 4 16
J N 7 2112 -7 6 2305 576 1 13
K 0 0 43
K 25 0 44
K 0 -24 236
K 0 0 60
K 0 21 60
A D 6 16
J N 5 2180 0 2 5761 864 1 14
K 0 0 43
A D 1 16
J N 5 2209 -7 2 6337 144 2 14 13
K 0 0 43
A D 1 16
H 14 B 1 0 108 2 22 33
H 13 S 0 0 0 0 0 0 0 0 0
J B 12 2242 1 82 6913 144 0
J N 8 2263 -14 8 1 0 0
K 0 0 45
K 0 0 42
K -1 0 45
K 2 0 45
K 24 -6 44
K 0 0 60
K 0 21 60
A D 12 16
J B 13 2373 1 82 6913 1728 0
J N 7 2394 0 4 1 0 0
K 0 0 43
K 0 0 60
K 0 21 60
A D 4 16
J N 7 2447 -7 5 2305 576 0
K 0 0 43
K 25 0 44
K 0 0 60
K 0 21 60
A D 6 16
J N 6 2515 0 3 5761 864 0
K 0 0 43
K 0 0 54
A D 2 16
J B 14 2557 1 82 6913 288 0
J N 7 2578 7 5 1 0 0
K 0 0 43
K 25 0 44
K 0 0 60
K 0 21 60
A D 6 16
J N 6 2646 7 2 3457 864 1 15
K 0 0 43
A D 2 16
J N 6 2684 0 2 4609 288 2 16 15
K 0 0 43
A D 2 16
J N 6 2722 7 2 5761 288 2 15 16
K 0 0 43
A D 2 16
H 15 B 1 0 108 3 2 1 3
H 16 S 0 0 0 0 0 0 0 0 0
J B 15 2764 1 82 6913 288 0
J N 6 2785 0 2 1 0 2 17 18
K 0 0 43
A D 2 16
J N 6 2823 -7 2 1153 288 2 18 17
K 0 0 43
A D 2 16
H 18 B 1 0 108 2 2 3
H 17 S 0 0 0 0 0 0 0 0 0
J N 8 2861 7 4 2305 288 0
K 0 0 42
K 0 0 60
K 0 21 60
A D 8 16
J B 16 2944 1 82 6913 1152 0
J N 8 2965 14 5 1 0 0
K 0 0 42
K 24 -6 44
K 0 0 60
K 0 21 60
A D 12 16
J B 17 3075 1 82 6913 1728 0
J N 7 3096 14 4 1 0 0
K 0 0 43
K 0 0 60
K 0 21 60
A D 4 16
J N 7 3149 -7 5 2305 576 0
K 0 0 43
K 25 0 44
K 0 0 60
K 0 21 60
A D 6 16
J N 6 3217 0 3 5761 864 0
K 0 0 43
K 0 0 54
A D 2 16
J B 18 3259 1 82 6913 288 0
J N 8 3283 7 6 1 0 0
K -15 0 65
K 0 0 42
K 25 0 44
K 0 0 60
K 0 21 60
A D 12 16
J B 19 3393 1 82 6913 1728 0
J N 7 3414 21 4 1 0 0
K 0 0 43
K 0 0 60
K 0 21 60
A D 4 16
J N 7 3467 0 5 2305 576 0
K 0 0 43
K 24 -6 44
K 0 0 60
K 0 21 60
A D 6 16
J N 6 3535 7 4 5761 864 0
K -15 0 65
K 0 0 43
K 0 0 54
A D 2 16
J B 20 3577 1 82 6913 288 0
J N 7 3598 14 4 1 0 0
K 0 0 43
K 0 0 60
K 0 21 60
A D 4 16
J N 8 3651 -21 7 2305 576 1 19
K 0 7 45
K 0 0 42
K 0 7 45
K 1 7 45
K 0 0 60
K 0 21 60
A D 8 16
J B 21 3734 1 82 6913 1152 0
J N 7 3755 -21 7 1 0 1 19
K 0 7 45
K 0 0 43
K 0 7 45
K 1 7 45
K 0 0 60
K 0 21 60
A D 4 16
H 19 T -21 0 0 0 0 0 1 0
J N 6 3808 -14 5 2305 576 2 20 21
K 0 0 45
K 0 0 43
K -1 0 45
K 2 0 45
A D 2 16
J N 6 3846 -7 2 3457 288 2 21 20
K 0 0 43
A D 2 16
H 21 B 1 0 108 2 2 3
H 20 S 0 0 0 0 0 0 0 0 0
J N 7 3884 -14 7 4609 288 1 22
K 0 0 45
K 0 0 43
K -1 0 45
K 2 0 45
K 0 0 60
K 0 21 60
A D 4 16
J B 22 3941 1 82 6913 576 0
J N 7 3962 -14 7 1 0 1 22
K 0 0 45
K 0 0 43
K -1 0 45
K 2 0 45
K 0 0 60
K 0 21 60
A D 4 16
H 22 T -14 0 0 0 0 0 5 0
J N 7 4015 14 4 2305 576 0
K 0 0 43
K 0 0 60
K 0 21 60
A D 4 16
J N 7 4068 -7 4 4609 576 1 23
K 0 0 43
K 0 0 60
K 0 21 60
A D 4 16
J B 23 4125 1 82 6913 576 0
J N 7 4146 -7 4 1 0 1 23
K 0 0 43
K 0 0 60
K 0 21 60
A D 4 16
H 23 T -7 0 0 0 0 0 1 0
J N 7 4199 0 7 2305 576 1 24
K -18 0 63
K 0 0 43
K 24 -6 44
K 0 -24 236
K 0 0 60
K 0 21 60
A D 6 16
J N 5 4267 7 2 5761 864 1 25
K 0 0 43
A D 1 16
J N 5 4296 0 2 6337 144 2 25 24
K 0 0 43
A D 1 16
H 25 B 1 0 108 2 22 33
H 24 S 0 0 0 0 0 0 0 0 0
J B 24 4329 1 82 6913 144 0
J N 7 4350 -7 4 1 0 0
K 0 0 43
K 0 0 60
K 0 21 60
A D 4 16
J N 8 4403 14 5 2305 576 1 26
K 0 0 42
K 0 70 108
K 0 0 60
K 0 21 60
A D 8 16
J B 25 4486 1 82 6913 1152 0
J N 7 4507 14 4 1 0 1 26
K 0 0 43
K 0 0 60
K 0 21 60
A D 4 16
H 26 T 14 0 0 0 0 0 5 0
J N 7 4560 42 4 2305 576 0
K 0 0 43
K 0 0 59
K 0 -21 59
A D 4 16
J N 7 4613 21 4 4609 576 0
K 0 0 43
K 0 0 60
K 0 21 60
A D 4 16
J B 26 4670 1 82 6913 576 0
J N 7 4691 21 5 1 0 0
K 0 0 43
K 25 0 44
K 0 0 60
K 0 21 60
A D 6 16
J N 6 4759 14 3 3457 864 0
K 0 0 43
K 0 0 54
A D 2 16
J N 7 4797 28 4 4609 288 1 27
K 0 0 43
K 0 0 60
K 0 21 60
A D 4 16
J B 27 4854 1 82 6913 576 0
J N 6 4875 28 2 1 0 2 28 27
K 0 0 43
A D 2 16
H 27 T 28 0 0 0 0 0 5 0
J N 6 4913 35 2 1153 288 1 28
K 0 0 43
A D 2 16
H 28 B 0 0 108 2 2 3
J N 8 4951 35 4 2305 288 0
K 0 0 42
K 0 0 59
K 0 -21 59
A D 8 16
J B 28 5034 1 82 6913 1152 0
J N 8 5055 42 5 1 0 0
K 0 0 42
K 24 -6 44
K 0 0 59
K 0 -21 59
A D 12 16
J B 0 5188 6 4 6913 1728 0
K -23 21 44
K -23 35 44
K -13 0 82
K -6 0 84
J M 0 5188 0 0 10000 0 0
