@ SOURCE: not identified 
L 0 0 14 !39Violino 2 concerto grosso
J D 4 500 -120 1 6913 0 0
W 0 0 44 IV.
J D 1 75 -37 1 6913 0 0
W 0 -56 44 IV.:  Violino 2 concerto grosso
J C 4 5 42 2 6913 0 0
K 0 0 33
K 0 0 34
J K -1 57 0 1 6913 0 0
K 0 28 65
J D 5 86 -42 1 6913 0 0
W 0 0 37 Vivace
J T 304 95 0 2 6913 0 0
K -10 28 74
K -10 56 75
J R 9 137 28 2 1 10000 0
K 0 0 46
A D 6 8
J B 2 242 1 82 6913 1728 0
J R 9 263 28 2 1 10000 0
K 0 0 46
A D 6 8
J B 3 368 1 82 6913 1728 0
J R 9 389 28 2 1 10000 0
K 0 0 46
A D 6 8
J B 4 494 1 82 6913 1728 0
J R 9 515 28 2 1 10000 0
K 0 0 46
A D 6 8
J B 5 620 1 82 6913 1728 0
J N 7 641 28 4 1 0 0
K 0 0 43
K 0 0 60
K 0 21 60
A D 2 8
J N 8 679 14 4 2305 576 0
K 0 0 42
K 0 0 60
K 0 21 60
A D 4 8
J B 6 736 1 82 6913 1152 0
J N 8 757 14 5 1 0 0
K 0 0 42
K 24 -6 44
K 0 0 60
K 0 21 60
A D 6 8
J B 7 829 1 82 6913 1728 0
J N 7 850 14 4 1 0 0
K 0 0 43
K 0 0 60
K 0 21 60
A D 2 8
J N 8 888 42 4 2305 576 0
K 0 0 42
K 0 0 59
K 0 -21 59
A D 4 8
J B 8 945 1 82 6913 1152 0
J N 8 972 49 6 1 0 0
K -18 0 63
K 0 0 42
K 25 0 44
K 0 0 59
K 0 -21 59
A D 6 8
J B 9 1066 10 6 6913 1728 0
K -22 21 44
K -22 35 44
K -12 0 84
K 0 0 84
K 11 21 44
K 11 35 44
J R 9 1103 28 2 1 10000 0
K 0 0 46
A D 6 8
J B 10 1208 1 82 6913 1728 0
J N 7 1229 14 4 1 0 0
K 0 0 43
K 0 0 60
K 0 21 60
A D 2 8
J N 7 1267 -7 4 2305 576 0
K 0 0 43
K 0 0 60
K 0 21 60
A D 2 8
J N 7 1305 28 4 4609 576 0
K 0 0 43
K 0 0 60
K 0 21 60
A D 2 8
J B 11 1347 1 82 6913 576 0
J R 9 1368 28 2 1 10000 0
K 0 0 46
A D 6 8
J B 12 1473 1 82 6913 1728 0
J N 7 1494 21 4 1 0 0
K 0 0 43
K 0 0 60
K 0 21 60
A D 2 8
J N 7 1532 0 4 2305 576 0
K 0 0 43
K 0 0 60
K 0 21 60
A D 2 8
J N 7 1570 35 4 4609 576 0
K 0 0 43
K 0 0 59
K 0 -21 59
A D 2 8
J B 13 1612 1 82 6913 576 0
J R 9 1633 28 2 1 10000 0
K 0 0 46
A D 6 8
J B 14 1738 1 82 6913 1728 0
J N 7 1765 21 6 1 0 0
K -18 0 63
K 0 0 43
K 25 0 44
K 0 0 60
K 0 21 60
A D 3 8
J N 6 1811 21 2 3457 864 1 1
K 0 0 43
A D 1 8
J N 6 1840 14 2 4609 288 2 2 1
K 0 0 43
A D 1 8
J N 6 1869 21 2 5761 288 2 1 2
K 0 0 43
A D 1 8
H 1 B 1 0 108 3 2 1 3
H 2 S 0 0 0 0 0 0 0 0 0
J B 15 1902 1 82 6913 288 0
J N 7 1923 14 4 1 0 0
K 0 0 43
K 0 0 60
K 0 21 60
A D 2 8
J N 7 1961 14 5 2305 576 0
K 0 0 43
K 24 -6 44
K 0 0 60
K 0 21 60
A D 3 8
J N 6 2016 21 4 5761 864 0
K -18 0 63
K 0 0 43
K 0 0 54
A D 1 8
J B 16 2049 1 82 6913 288 0
J N 8 2070 14 5 1 0 0
K 0 0 42
K 24 -6 44
K 0 0 60
K 0 21 60
A D 6 8
J B 17 2142 1 82 6913 1728 0
J N 7 2163 42 4 1 0 0
K 0 0 43
K 0 0 59
K 0 -21 59
A D 2 8
J R 7 2201 28 2 2305 576 0
K 0 0 48
A D 2 8
J R 7 2239 28 2 4609 576 0
K 0 0 48
A D 2 8
J B 18 2281 1 82 6913 576 0
J N 7 2302 42 4 1 0 0
K 0 0 43
K 0 0 59
K 0 -21 59
A D 2 8
J R 7 2340 28 2 2305 576 0
K 0 0 48
A D 2 8
J R 7 2378 28 2 4609 576 0
K 0 0 48
A D 2 8
J B 19 2420 1 82 6913 576 0
J N 7 2441 49 4 1 0 0
K 0 0 43
K 0 0 59
K 0 -21 59
A D 2 8
J R 7 2479 28 2 2305 576 0
K 0 0 48
A D 2 8
J R 7 2517 28 2 4609 576 0
K 0 0 48
A D 2 8
J B 20 2559 1 82 6913 576 0
J N 8 2580 49 4 1 0 0
K 0 0 42
K 0 0 59
K 0 -21 59
A D 4 8
J N 7 2633 14 4 4609 1152 0
K 0 0 43
K 0 0 60
K 0 21 60
A D 2 8
J B 21 2675 1 82 6913 576 0
J N 7 2696 21 5 1 0 0
K 0 0 43
K 25 0 44
K 0 0 60
K 0 21 60
A D 3 8
J N 6 2746 7 3 3457 864 2 3 4
K -15 0 65
K 0 0 43
A D 1 8
J N 6 2775 14 2 4609 288 1 4
K 0 0 43
A D 1 8
J N 6 2804 21 2 5761 288 2 4 3
K 0 0 43
A D 1 8
H 4 B 1 0 108 3 2 1 3
H 3 S 0 0 0 0 0 0 0 0 0
J B 22 2837 1 82 6913 288 0
J N 8 2858 28 4 1 0 0
K 0 0 42
K 0 0 60
K 0 21 60
A D 4 8
J N 7 2911 14 4 4609 1152 0
K 0 0 43
K 0 0 60
K 0 21 60
A D 2 8
J B 23 2953 1 82 6913 576 0
J N 6 2974 21 2 1 0 2 5 6
K 0 0 43
A D 1 8
J N 6 3003 28 2 1153 288 2 6 5
K 0 0 43
A D 1 8
H 6 B 1 0 108 2 2 3
H 5 S 0 0 0 0 0 0 0 0 0
J N 8 3032 35 4 2305 288 0
K 0 0 42
K 0 0 59
K 0 -21 59
A D 4 8
J B 24 3089 1 82 6913 1152 0
J N 8 3110 42 4 1 0 0
K 0 0 42
K 0 0 59
K 0 -21 59
A D 4 8
J N 7 3163 14 5 4609 1152 0
K 0 0 43
K 0 70 108
K 0 0 60
K 0 21 60
A D 2 8
J B 25 3205 1 82 6913 576 0
J N 8 3229 7 5 1 0 0
K -15 0 65
K 0 0 42
K 0 0 60
K 0 21 60
A D 4 8
J N 7 3282 7 4 4609 1152 0
K 0 0 43
K 0 0 60
K 0 21 60
A D 2 8
J B 26 3324 1 82 6913 576 0
J N 8 3351 49 5 1 0 0
K -18 0 63
K 0 0 42
K 0 0 59
K 0 -21 59
A D 4 8
J N 7 3404 42 4 4609 1152 1 7
K 0 0 43
K 0 0 59
K 0 -21 59
A D 2 8
J B 27 3446 1 82 6913 576 0
J N 7 3467 42 4 1 0 1 7
K 0 0 43
K 0 0 59
K 0 -21 59
A D 2 8
H 7 T 42 0 0 0 0 0 13 0
J N 7 3505 42 5 2305 576 0
K 0 0 43
K 24 -6 44
K 0 0 59
K 0 -21 59
A D 3 8
J N 6 3560 49 4 5761 864 0
K -18 0 63
K 0 0 43
K 0 0 53
A D 1 8
J B 28 3604 1 82 6913 288 0
J N 8 3625 42 5 1 0 0
K 0 0 42
K 24 -6 44
K 0 0 59
K 0 -21 59
A D 6 8
J B 0 3720 6 4 6913 1728 0
K -23 21 44
K -23 35 44
K -13 0 82
K -6 0 84
J M 0 3720 0 0 10000 0 0
