@ SOURCE: not identified 
L 0 0 14 !39Violino 1 concerto grosso
J D 4 500 -120 1 6913 0 0
W 0 0 44 III.
J D 1 75 -37 1 6913 0 0
W 0 -56 44 III.:  Violino 1 concerto grosso
J C 4 5 42 2 6913 0 0
K 0 0 33
K 0 0 34
J K 0 57 0 0 6913 0 0
J D 5 57 -42 1 6913 0 0
W 0 0 37 Adagio
J T 304 66 0 2 6913 0 0
K -10 28 74
K -10 56 75
J N 7 105 21 4 1 0 0
K 0 0 43
K 0 0 60
K 0 21 60
A D 1 4
J N 7 134 21 4 2305 576 0
K 0 0 43
K 0 0 60
K 0 21 60
A D 1 4
J N 7 163 21 4 4609 576 0
K 0 0 43
K 0 0 60
K 0 21 60
A D 1 4
J B 2 196 1 82 6913 576 0
J N 8 223 21 5 1 0 0
K -18 0 63
K 0 0 42
K 0 0 60
K 0 21 60
A D 2 4
J R 7 261 28 2 4609 1152 0
K 0 0 48
A D 1 4
J B 3 294 1 82 6913 576 0
J N 7 315 0 4 1 0 0
K 0 0 43
K 0 0 60
K 0 21 60
A D 1 4
J N 7 344 0 4 2305 576 0
K 0 0 43
K 0 0 60
K 0 21 60
A D 1 4
J N 7 373 0 4 4609 576 0
K 0 0 43
K 0 0 60
K 0 21 60
A D 1 4
J B 4 406 1 82 6913 576 0
J N 8 433 0 5 1 0 0
K -18 0 63
K 0 0 42
K 0 0 60
K 0 21 60
A D 2 4
J R 7 471 28 2 4609 1152 0
K 0 0 48
A D 1 4
J B 5 504 1 82 6913 576 0
J N 7 525 -7 4 1 0 0
K 0 0 43
K 0 0 60
K 0 21 60
A D 1 4
J N 7 554 -14 7 2305 576 0
K 0 0 45
K 0 0 43
K -1 0 45
K 2 0 45
K 0 0 60
K 0 21 60
A D 1 4
J N 7 595 -21 8 4609 576 0
K 0 7 45
K -15 0 65
K 0 0 43
K 0 7 45
K 1 7 45
K 0 0 60
K 0 21 60
A D 1 4
J B 6 628 1 82 6913 576 0
J N 8 649 7 4 1 0 0
K 0 0 42
K 0 0 60
K 0 21 60
A D 2 4
J R 7 687 28 2 4609 1152 0
K 0 0 48
A D 1 4
J B 7 720 1 82 6913 576 0
J N 7 741 14 4 1 0 0
K 0 0 43
K 0 0 60
K 0 21 60
A D 1 4
J N 7 770 7 4 2305 576 0
K 0 0 43
K 0 0 60
K 0 21 60
A D 1 4
J N 7 799 0 4 4609 576 0
K 0 0 43
K 0 0 60
K 0 21 60
A D 1 4
J B 8 832 1 82 6913 576 0
J N 8 855 28 5 1 0 0
K -14 0 64
K 0 0 42
K 0 0 60
K 0 21 60
A D 2 4
J R 7 893 28 2 4609 1152 0
K 0 0 48
A D 1 4
J B 9 926 1 82 6913 576 0
J N 7 947 35 4 1 0 0
K 0 0 43
K 0 0 59
K 0 -21 59
A D 1 4
J N 7 976 14 4 2305 576 0
K 0 0 43
K 0 0 60
K 0 21 60
A D 1 4
J N 7 1005 21 4 4609 576 0
K 0 0 43
K 0 0 60
K 0 21 60
A D 1 4
J B 10 1038 1 82 6913 576 0
J N 8 1059 49 4 1 0 0
K 0 0 42
K 0 0 59
K 0 -21 59
A D 2 4
J R 7 1097 28 2 4609 1152 0
K 0 0 48
A D 1 4
J B 11 1130 1 82 6913 576 0
J N 8 1151 56 4 1 0 0
K 0 0 42
K 0 0 59
K 0 -21 59
A D 2 4
J R 7 1189 28 2 4609 1152 0
K 0 0 48
A D 1 4
J B 12 1222 1 82 6913 576 0
J N 8 1243 63 4 1 0 0
K 0 0 42
K 0 0 59
K 0 -21 59
A D 2 4
J R 7 1281 28 2 4609 1152 0
K 0 0 48
A D 1 4
J B 13 1314 1 82 6913 576 0
J N 8 1335 56 5 1 0 0
K 0 0 42
K 24 -6 44
K 0 0 59
K 0 -21 59
A D 3 4
J B 0 1398 6 2 6913 1728 0
K -13 0 82
K -6 0 84
J M 0 1398 0 0 10000 0 0
