@ SOURCE: not identified 
L 0 0 14 !39Violino 2 concerto grosso
J D 4 500 -120 1 6913 0 0
W 0 0 44 IV
J D 1 75 -37 1 6913 0 0
W 0 -56 44 IV:  Violino 2 concerto grosso
J C 4 5 42 2 6913 0 0
K 0 0 33
K 0 0 34
J K -1 57 0 1 6913 0 0
K 0 28 65
J D 5 86 -42 1 6913 0 0
W 0 0 37 Vivace
J T 308 95 0 2 6913 0 0
K -10 28 74
K -10 56 79
J R 9 135 28 2 1 10000 0
K 0 0 46
A D 6 16
J B 2 240 1 82 6913 864 0
J R 9 261 28 2 1 10000 0
K 0 0 46
A D 6 16
J B 3 366 1 82 6913 864 0
J R 9 387 28 2 1 10000 0
K 0 0 46
A D 6 16
J B 4 492 1 82 6913 864 0
J R 9 513 28 2 1 10000 0
K 0 0 46
A D 6 16
J B 5 618 1 82 6913 864 0
J R 9 639 28 2 1 10000 0
K 0 0 46
A D 6 16
J B 6 744 1 82 6913 864 0
J R 9 765 28 2 1 10000 0
K 0 0 46
A D 6 16
J B 7 870 1 82 6913 864 0
J R 9 891 28 2 1 10000 0
K 0 0 46
A D 6 16
J B 8 996 1 82 6913 864 0
J R 9 1017 28 2 1 10000 0
K 0 0 46
A D 6 16
J B 9 1122 1 82 6913 864 0
J R 9 1143 28 2 1 10000 0
K 0 0 46
A D 6 16
J B 10 1248 1 82 6913 864 0
J R 9 1269 28 2 1 10000 0
K 0 0 46
A D 6 16
J B 11 1374 1 82 6913 864 0
J R 9 1395 28 2 1 10000 0
K 0 0 46
A D 6 16
J B 12 1500 1 82 6913 864 0
J R 9 1521 28 2 1 10000 0
K 0 0 46
A D 6 16
J B 13 1626 1 82 6913 864 0
J R 9 1647 28 2 1 10000 0
K 0 0 46
A D 6 16
J B 14 1752 1 82 6913 864 0
J R 9 1773 28 2 1 10000 0
K 0 0 46
A D 6 16
J B 15 1878 1 82 6913 864 0
J R 9 1899 28 2 1 10000 0
K 0 0 46
A D 6 16
J B 16 2004 1 82 6913 864 0
J R 9 2025 28 2 1 10000 0
K 0 0 46
A D 6 16
J B 17 2130 1 82 6913 864 0
J R 9 2151 28 2 1 10000 0
K 0 0 46
A D 6 16
J B 18 2256 1 82 6913 864 0
J R 9 2277 28 2 1 10000 0
K 0 0 46
A D 6 16
J B 19 2382 1 82 6913 864 0
J R 9 2403 28 2 1 10000 0
K 0 0 46
A D 6 16
J B 20 2508 1 82 6913 864 0
J R 9 2529 28 2 1 10000 0
K 0 0 46
A D 6 16
J B 21 2634 1 82 6913 864 0
J R 6 2655 28 2 1 0 0
K 0 0 49
A D 2 16
J N 7 2683 21 4 2305 288 1 1
K 0 0 43
K 0 0 60
K 0 21 60
A D 4 16
J B 22 2723 1 82 6913 576 0
J N 6 2744 21 2 1 0 2 2 1
K 0 0 43
A D 2 16
H 1 T 21 0 0 0 0 0 1 0
J N 6 2772 49 2 2305 288 1 2
K 0 0 43
A D 2 16
J N 6 2800 28 2 4609 288 2 3 2
K 0 0 43
A D 2 16
H 2 B 0 0 108 3 2 1 3
J B 23 2832 1 82 6913 288 0
J N 6 2853 28 3 1 0 1 3
K 0 0 43
K 0 0 51
A D 2 16
H 3 T 28 0 0 0 0 0 13 0
J N 7 2885 35 4 2305 288 1 4
K 0 0 43
K 0 0 59
K 0 -21 59
A D 4 16
J B 24 2925 1 82 6913 576 0
J N 6 2946 35 2 1 0 2 5 4
K 0 0 43
A D 2 16
H 4 T 35 0 0 0 0 0 9 0
J N 6 2974 42 2 2305 288 1 5
K 0 0 43
A D 2 16
J N 6 3002 56 2 4609 288 1 5
K 0 0 43
A D 2 16
H 5 B 0 0 108 3 2 1 3
J B 25 3034 1 82 6913 288 0
J N 6 3055 49 3 1 0 0
K 0 0 43
K 0 0 53
A D 2 16
J N 7 3087 70 7 2305 288 0
K 1 0 45
K 0 0 43
K -1 0 45
K 2 0 45
K 0 0 59
K 0 -21 59
A D 4 16
J B 26 3127 1 82 6913 576 0
J R 6 3148 28 2 1 0 0
K 0 0 49
A D 2 16
J N 6 3176 42 2 2305 288 1 6
K 0 0 43
A D 2 16
J N 6 3204 21 2 4609 288 1 6
K 0 0 43
A D 2 16
H 6 B 0 0 108 2 2 3
J B 27 3236 1 82 6913 288 0
J N 6 3257 35 2 1 0 1 7
K 0 0 43
A D 2 16
J N 6 3285 49 2 2305 288 1 7
K 0 0 43
A D 2 16
J N 6 3313 14 2 4609 288 1 7
K 0 0 43
A D 2 16
H 7 B 0 0 108 3 2 1 3
J B 28 3345 1 82 6913 288 0
J N 6 3366 42 3 1 0 0
K 0 0 43
K 0 0 53
A D 2 16
J N 7 3403 21 4 2305 288 1 8
K 0 0 43
K 0 0 60
K 0 21 60
A D 4 16
J B 29 3443 1 82 6913 576 0
J N 6 3464 21 2 1 0 2 9 8
K 0 0 43
A D 2 16
H 8 T 21 0 0 0 0 0 1 0
J N 6 3492 28 2 2305 288 1 9
K 0 0 43
A D 2 16
J N 6 3520 42 2 4609 288 1 9
K 0 0 43
A D 2 16
H 9 B 1 0 108 3 2 1 3
J B 30 3552 1 82 6913 288 0
J N 6 3573 35 2 1 0 1 10
K 0 0 43
A D 2 16
J N 6 3601 63 2 2305 288 1 10
K 0 0 43
A D 2 16
J N 6 3629 14 2 4609 288 2 11 10
K 0 0 43
A D 2 16
H 10 B 0 0 108 3 2 1 3
J B 31 3661 1 82 6913 288 0
J N 6 3682 14 2 1 0 2 12 11
K 0 0 43
A D 2 16
H 11 T 14 0 0 0 0 0 7 0
J N 6 3710 21 2 2305 288 1 12
K 0 0 43
A D 2 16
J N 6 3738 35 2 4609 288 1 12
K 0 0 43
A D 2 16
H 12 B 1 0 108 3 2 1 3
J B 32 3770 1 82 6913 288 0
J N 6 3791 28 3 1 0 0
K 0 0 43
K 0 0 54
A D 2 16
J N 7 3819 -21 7 2305 288 1 13
K 0 7 45
K 0 0 43
K 0 7 45
K 1 7 45
K 0 0 60
K 0 21 60
A D 4 16
J B 33 3859 1 82 6913 576 0
J N 6 3880 -21 5 1 0 2 14 13
K 0 7 45
K 0 0 43
K 0 7 45
K 1 7 45
A D 2 16
H 13 T -21 0 0 0 0 0 1 0
J N 6 3908 -14 5 2305 288 1 14
K 0 0 45
K 0 0 43
K -1 0 45
K 2 0 45
A D 2 16
J N 6 3936 -7 2 4609 288 1 14
K 0 0 43
A D 2 16
H 14 B 1 0 108 3 2 1 3
J B 34 3968 1 82 6913 288 0
J N 6 3989 -14 6 1 0 0
K 0 0 45
K 0 0 43
K -1 0 45
K 2 0 45
K 0 0 54
A D 2 16
J N 7 4017 -7 4 2305 288 0
K 0 0 43
K 0 0 60
K 0 21 60
A D 4 16
J B 35 4057 1 82 6913 576 0
J N 6 4078 0 3 1 0 0
K 0 0 43
K 0 0 54
A D 2 16
J N 7 4106 21 4 2305 288 1 15
K 0 0 43
K 0 0 60
K 0 21 60
A D 4 16
J B 36 4146 1 82 6913 576 0
J N 6 4167 21 2 1 0 2 16 15
K 0 0 43
A D 2 16
H 15 T 21 0 0 0 0 0 1 0
J N 6 4195 49 2 2305 288 1 16
K 0 0 43
A D 2 16
J N 6 4223 28 2 4609 288 1 16
K 0 0 43
A D 2 16
H 16 B 0 0 108 3 2 1 3
J B 37 4255 1 82 6913 288 0
J N 6 4276 42 2 1 0 2 17 18
K 0 0 43
A D 2 16
J N 6 4304 56 2 2305 288 2 18 17
K 0 0 43
A D 2 16
H 17 S 12 0 0 0 0 0 0 0 0
J N 6 4332 49 2 4609 288 2 19 18
K 0 0 43
A D 2 16
H 18 B 0 0 108 3 2 1 3
J B 38 4364 1 82 6913 288 0
J N 6 4385 49 3 1 0 1 19
K 0 0 43
K 0 0 53
A D 2 16
H 19 T 49 0 0 0 0 0 9 0
J N 7 4417 56 4 2305 288 0
K 0 0 43
K 0 0 59
K 0 -21 59
A D 4 16
J B 39 4457 1 82 6913 576 0
J N 6 4478 49 3 1 0 0
K 0 0 43
K 0 0 53
A D 2 16
J N 7 4515 21 4 2305 288 1 20
K 0 0 43
K 0 0 60
K 0 21 60
A D 4 16
J B 40 4555 1 82 6913 576 0
J N 6 4576 21 2 1 0 2 21 20
K 0 0 43
A D 2 16
H 20 T 21 0 0 0 0 0 1 0
J N 6 4604 49 2 2305 288 1 21
K 0 0 43
A D 2 16
J N 6 4632 28 2 4609 288 1 21
K 0 0 43
A D 2 16
H 21 B 0 0 108 3 2 1 3
J B 41 4664 1 82 6913 288 0
J N 6 4685 42 2 1 0 2 22 23
K 0 0 43
A D 2 16
J N 6 4713 56 2 2305 288 2 23 22
K 0 0 43
A D 2 16
H 22 S 12 0 0 0 0 0 0 0 0
J N 6 4741 49 2 4609 288 2 24 23
K 0 0 43
A D 2 16
H 23 B 0 0 108 3 2 1 3
J B 42 4773 1 82 6913 288 0
J N 6 4794 49 3 1 0 1 24
K 0 0 43
K 0 0 53
A D 2 16
H 24 T 49 0 0 0 0 0 9 0
J N 7 4826 56 4 2305 288 0
K 0 0 43
K 0 0 59
K 0 -21 59
A D 4 16
J B 43 4866 1 82 6913 576 0
J N 7 4887 49 5 1 0 0
K 0 0 43
K 25 0 44
K 0 0 59
K 0 -21 59
A D 6 16
J B 44 4936 1 82 6913 864 0
J R 9 4957 28 2 1 10000 0
K 0 0 46
A D 6 16
J B 45 5062 1 82 6913 864 0
J R 9 5083 28 2 1 10000 0
K 0 0 46
A D 6 16
J B 46 5188 1 82 6913 864 0
J R 9 5209 28 2 1 10000 0
K 0 0 46
A D 6 16
J B 47 5314 1 82 6913 864 0
J R 9 5335 28 2 1 10000 0
K 0 0 46
A D 6 16
J B 48 5440 1 82 6913 864 0
J N 6 5461 70 5 1 0 1 25
K 1 0 45
K 0 0 43
K -1 0 45
K 2 0 45
A D 2 16
J N 6 5489 49 2 2305 288 1 25
K 0 0 43
A D 2 16
J N 6 5517 56 2 4609 288 1 25
K 0 0 43
A D 2 16
H 25 B 0 0 108 3 2 1 3
J B 49 5549 1 82 6913 288 0
J N 7 5570 49 4 1 0 0
K 0 0 43
K 0 0 59
K 0 -21 59
A D 4 16
J R 6 5606 28 2 4609 576 0
K 0 0 49
A D 2 16
J B 50 5638 1 82 6913 288 0
J N 6 5659 70 5 1 0 1 26
K 1 0 45
K 0 0 43
K -1 0 45
K 2 0 45
A D 2 16
J N 6 5687 49 2 2305 288 1 26
K 0 0 43
A D 2 16
J N 6 5715 56 2 4609 288 1 26
K 0 0 43
A D 2 16
H 26 B 0 0 108 3 2 1 3
J B 51 5747 1 82 6913 288 0
J N 7 5768 49 4 1 0 0
K 0 0 43
K 0 0 59
K 0 -21 59
A D 4 16
J R 6 5804 28 2 4609 576 0
K 0 0 49
A D 2 16
J B 52 5836 1 82 6913 288 0
J N 6 5857 42 2 1 0 1 27
K 0 0 43
A D 2 16
J N 6 5885 21 2 2305 288 1 27
K 0 0 43
A D 2 16
J N 6 5925 28 3 4609 288 1 27
K -14 0 64
K 0 0 43
A D 2 16
H 27 B 1 0 108 3 2 1 3
J B 53 5957 1 82 6913 288 0
J N 7 5978 21 4 1 0 0
K 0 0 43
K 0 0 60
K 0 21 60
A D 4 16
J R 6 6014 28 2 4609 576 0
K 0 0 49
A D 2 16
J B 54 6046 1 82 6913 288 0
J N 6 6067 42 2 1 0 1 28
K 0 0 43
A D 2 16
J N 6 6095 21 2 2305 288 1 28
K 0 0 43
A D 2 16
J N 6 6135 28 3 4609 288 1 28
K -14 0 64
K 0 0 43
A D 2 16
H 28 B 1 0 108 3 2 1 3
J B 55 6167 1 82 6913 288 0
J N 7 6188 21 4 1 0 0
K 0 0 43
K 0 0 60
K 0 21 60
A D 4 16
J R 6 6224 28 2 4609 576 0
K 0 0 49
A D 2 16
J B 56 6256 1 82 6913 288 0
J N 6 6277 42 2 1 0 1 29
K 0 0 43
A D 2 16
J N 6 6305 14 2 2305 288 1 29
K 0 0 43
A D 2 16
J N 6 6349 21 3 4609 288 1 29
K -18 0 63
K 0 0 43
A D 2 16
H 29 B 1 0 108 3 2 1 3
J B 57 6381 1 82 6913 288 0
J N 7 6402 14 4 1 0 0
K 0 0 43
K 0 0 60
K 0 21 60
A D 4 16
J R 6 6438 28 2 4609 576 0
K 0 0 49
A D 2 16
J B 58 6470 1 82 6913 288 0
J N 6 6491 35 2 1 0 1 30
K 0 0 43
A D 2 16
J N 6 6519 14 2 2305 288 1 30
K 0 0 43
A D 2 16
J N 6 6563 21 3 4609 288 1 30
K -18 0 63
K 0 0 43
A D 2 16
H 30 B 1 0 108 3 2 1 3
J B 59 6595 1 82 6913 288 0
J N 7 6616 14 4 1 0 0
K 0 0 43
K 0 0 60
K 0 21 60
A D 4 16
J R 6 6652 28 2 4609 576 0
K 0 0 49
A D 2 16
J B 60 6684 1 82 6913 288 0
J R 6 6705 28 2 1 0 0
K 0 0 49
A D 2 16
J N 6 6733 35 2 2305 288 1 31
K 0 0 43
A D 2 16
J N 6 6761 14 2 4609 288 1 31
K 0 0 43
A D 2 16
H 31 B 1 0 108 2 2 3
J B 61 6793 1 82 6913 288 0
J N 6 6814 28 2 1 0 1 32
K 0 0 43
A D 2 16
J N 6 6842 -7 2 2305 288 1 32
K 0 0 43
A D 2 16
J N 6 6870 -21 5 4609 288 1 32
K 0 7 45
K 0 0 43
K 0 7 45
K 1 7 45
A D 2 16
H 32 B 1 0 108 3 2 1 3
J B 62 6902 1 82 6913 288 0
J N 7 6929 21 5 1 0 0
K -18 0 63
K 0 0 43
K 0 0 60
K 0 21 60
A D 4 16
J N 7 6965 14 4 2305 576 0
K 0 0 43
K 0 0 60
K 0 21 60
A D 4 16
J N 7 7001 21 4 4609 576 0
K 0 0 43
K 0 0 60
K 0 21 60
A D 4 16
J B 64 7041 1 82 6913 576 0
J N 7 7062 14 4 1 0 0
K 0 0 43
K 0 0 60
K 0 21 60
A D 4 16
J R 6 7098 28 2 4609 576 0
K 0 0 49
A D 2 16
J B 65 7130 1 82 6913 288 0
J R 6 7151 28 2 1 0 0
K 0 0 49
A D 2 16
J N 6 7179 14 2 2305 288 1 33
K 0 0 43
A D 2 16
J N 6 7223 21 3 4609 288 1 33
K -18 0 63
K 0 0 43
A D 2 16
H 33 B 1 0 108 2 2 3
J B 66 7255 1 82 6913 288 0
J N 7 7276 14 4 1 0 0
K 0 0 43
K 0 0 60
K 0 21 60
A D 4 16
J R 6 7312 28 2 4609 576 0
K 0 0 49
A D 2 16
J B 67 7344 1 82 6913 288 0
J R 6 7365 28 2 1 0 0
K 0 0 49
A D 2 16
J N 6 7393 -7 2 2305 288 1 34
K 0 0 43
A D 2 16
J N 6 7437 0 3 4609 288 1 34
K -18 0 63
K 0 0 43
A D 2 16
H 34 B 1 0 108 2 2 3
J B 68 7469 1 82 6913 288 0
J N 7 7490 -7 4 1 0 0
K 0 0 43
K 0 0 60
K 0 21 60
A D 4 16
J R 6 7526 28 2 4609 576 0
K 0 0 49
A D 2 16
J B 69 7558 1 82 6913 288 0
J R 6 7579 28 2 1 0 0
K 0 0 49
A D 2 16
J N 6 7607 -14 5 2305 288 1 35
K 0 0 45
K 0 0 43
K -1 0 45
K 2 0 45
A D 2 16
J N 6 7651 -7 3 4609 288 1 35
K -18 0 63
K 0 0 43
A D 2 16
H 35 B 1 0 108 2 2 3
J B 70 7683 1 82 6913 288 0
J N 6 7704 -14 5 1 0 1 36
K 0 0 45
K 0 0 43
K -1 0 45
K 2 0 45
A D 2 16
J N 6 7732 21 2 2305 288 1 36
K 0 0 43
A D 2 16
J N 6 7772 28 3 4609 288 1 36
K -14 0 64
K 0 0 43
A D 2 16
H 36 B 1 0 108 3 2 1 3
J B 71 7804 1 82 6913 288 0
J N 7 7825 35 4 1 0 0
K 0 0 43
K 0 0 59
K 0 -21 59
A D 4 16
J N 6 7861 42 3 4609 576 0
K 0 0 43
K 0 0 53
A D 2 16
J B 72 7903 1 82 6913 288 0
J N 7 7924 49 4 1 0 0
K 0 0 43
K 0 0 59
K 0 -21 59
A D 4 16
J N 6 7960 56 3 4609 576 0
K 0 0 43
K 0 0 53
A D 2 16
J B 73 8002 1 82 6913 288 0
J N 6 8025 28 3 1 0 2 37 38
K -14 0 64
K 0 0 43
A D 2 16
J N 6 8068 42 3 2305 288 2 38 37
K -18 0 63
K 0 0 43
A D 2 16
H 37 S 12 0 0 0 0 0 0 0 0
J N 6 8096 35 2 4609 288 2 39 38
K 0 0 43
A D 2 16
H 38 B 0 0 108 3 2 1 3
J B 74 8128 1 82 6913 288 0
J N 6 8149 35 3 1 0 1 39
K 0 0 43
K 0 0 53
A D 2 16
H 39 T 35 0 0 0 0 0 9 0
J N 7 8204 42 5 2305 288 0
K -18 0 63
K 0 0 43
K 0 0 59
K 0 -21 59
A D 4 16
J B 75 8244 1 82 6913 576 0
J N 6 8265 35 2 1 0 1 40
K 0 0 43
A D 2 16
J N 6 8293 21 2 2305 288 1 40
K 0 0 43
A D 2 16
J N 6 8333 28 3 4609 288 1 40
K -14 0 64
K 0 0 43
A D 2 16
H 40 B 1 0 108 3 2 1 3
J B 76 8365 1 82 6913 288 0
J N 7 8386 35 4 1 0 0
K 0 0 43
K 0 0 59
K 0 -21 59
A D 4 16
J N 6 8422 42 3 4609 576 0
K 0 0 43
K 0 0 53
A D 2 16
J B 77 8464 1 82 6913 288 0
J N 7 8485 49 4 1 0 0
K 0 0 43
K 0 0 59
K 0 -21 59
A D 4 16
J N 6 8521 56 3 4609 576 0
K 0 0 43
K 0 0 53
A D 2 16
J B 78 8563 1 82 6913 288 0
J N 6 8586 28 3 1 0 2 41 42
K -14 0 64
K 0 0 43
A D 2 16
J N 6 8629 42 3 2305 288 2 42 41
K -18 0 63
K 0 0 43
A D 2 16
H 41 S 12 0 0 0 0 0 0 0 0
J N 6 8657 35 2 4609 288 2 43 42
K 0 0 43
A D 2 16
H 42 B 0 0 108 3 2 1 3
J B 79 8689 1 82 6913 288 0
J N 6 8710 35 3 1 0 1 43
K 0 0 43
K 0 0 53
A D 2 16
H 43 T 35 0 0 0 0 0 9 0
J N 7 8765 42 5 2305 288 0
K -18 0 63
K 0 0 43
K 0 0 59
K 0 -21 59
A D 4 16
J B 80 8805 1 82 6913 576 0
J N 7 8826 35 5 1 0 0
K 0 0 43
K 25 0 44
K 0 0 59
K 0 -21 59
A D 6 16
J B 81 8875 1 82 6913 864 0
J R 9 8896 28 2 1 10000 0
K 0 0 46
A D 6 16
J B 82 9001 1 82 6913 864 0
J R 9 9022 28 2 1 10000 0
K 0 0 46
A D 6 16
J B 83 9127 1 82 6913 864 0
J R 9 9148 28 2 1 10000 0
K 0 0 46
A D 6 16
J B 84 9253 1 82 6913 864 0
J R 9 9274 28 2 1 10000 0
K 0 0 46
A D 6 16
J B 85 9379 1 82 6913 864 0
J R 9 9400 28 2 1 10000 0
K 0 0 46
A D 6 16
J B 86 9505 1 82 6913 864 0
J R 9 9526 28 2 1 10000 0
K 0 0 46
A D 6 16
J B 87 9631 1 82 6913 864 0
J R 9 9652 28 2 1 10000 0
K 0 0 46
A D 6 16
J B 88 9757 1 82 6913 864 0
J R 9 9778 28 2 1 10000 0
K 0 0 46
A D 6 16
J B 89 9883 1 82 6913 864 0
J R 9 9904 28 2 1 10000 0
K 0 0 46
A D 6 16
J B 90 10009 1 82 6913 864 0
J R 9 10030 28 2 1 10000 0
K 0 0 46
A D 6 16
J B 91 10135 1 82 6913 864 0
J R 9 10156 28 2 1 10000 0
K 0 0 46
A D 6 16
J B 92 10261 1 82 6913 864 0
J R 9 10282 28 2 1 10000 0
K 0 0 46
A D 6 16
J B 93 10387 1 82 6913 864 0
J R 9 10408 28 2 1 10000 0
K 0 0 46
A D 6 16
J B 94 10513 1 82 6913 864 0
J R 9 10534 28 2 1 10000 0
K 0 0 46
A D 6 16
J B 95 10639 1 82 6913 864 0
J R 9 10660 28 2 1 10000 0
K 0 0 46
A D 6 16
J B 96 10765 1 82 6913 864 0
J R 9 10786 28 2 1 10000 0
K 0 0 46
A D 6 16
J B 97 10891 1 82 6913 864 0
J N 7 10912 56 4 1 0 0
K 0 0 43
K 0 0 59
K 0 -21 59
A D 4 16
J R 6 10948 28 2 4609 576 0
K 0 0 49
A D 2 16
J B 98 10980 1 82 6913 288 0
J N 5 11001 42 2 1 0 1 44
K 0 0 43
A D 1 16
J N 5 11029 21 2 1153 144 1 44
K 0 0 43
A D 1 16
J N 5 11057 42 2 2305 144 1 44
K 0 0 43
A D 1 16
J N 5 11085 56 2 3457 144 1 44
K 0 0 43
A D 1 16
J N 5 11113 42 2 4609 144 1 44
K 0 0 43
A D 1 16
J N 5 11141 21 2 5761 144 1 44
K 0 0 43
A D 1 16
H 44 B 0 0 108 6 22 11 11 11 11 33
J B 99 11173 1 82 6913 144 0
J N 7 11194 35 4 1 0 0
K 0 0 43
K 0 0 59
K 0 -21 59
A D 4 16
J R 6 11230 28 2 4609 576 0
K 0 0 49
A D 2 16
J B 100 11262 1 82 6913 288 0
J N 5 11283 21 2 1 0 1 45
K 0 0 43
A D 1 16
J N 5 11311 0 2 1153 144 1 45
K 0 0 43
A D 1 16
J N 5 11339 21 2 2305 144 1 45
K 0 0 43
A D 1 16
J N 5 11367 35 2 3457 144 1 45
K 0 0 43
A D 1 16
J N 5 11395 21 2 4609 144 1 45
K 0 0 43
A D 1 16
J N 5 11423 0 2 5761 144 1 45
K 0 0 43
A D 1 16
H 45 B 1 0 108 6 22 11 11 11 11 33
J B 101 11455 1 82 6913 144 0
J N 7 11476 14 4 1 0 0
K 0 0 43
K 0 0 60
K 0 21 60
A D 4 16
J R 6 11512 28 2 4609 576 0
K 0 0 49
A D 2 16
J B 102 11544 1 82 6913 288 0
J N 5 11565 14 2 1 0 1 46
K 0 0 43
A D 1 16
J N 5 11593 -7 2 1153 144 1 46
K 0 0 43
A D 1 16
J N 5 11621 14 2 2305 144 1 46
K 0 0 43
A D 1 16
J N 5 11661 28 3 3457 144 1 46
K -14 0 64
K 0 0 43
A D 1 16
J N 5 11689 14 2 4609 144 1 46
K 0 0 43
A D 1 16
J N 5 11717 -7 2 5761 144 1 46
K 0 0 43
A D 1 16
H 46 B 1 0 108 6 22 11 11 11 11 33
J B 103 11749 1 82 6913 144 0
J N 7 11770 7 4 1 0 0
K 0 0 43
K 0 0 60
K 0 21 60
A D 4 16
J R 6 11806 28 2 4609 576 0
K 0 0 49
A D 2 16
J B 104 11838 1 82 6913 288 0
J N 5 11859 7 2 1 0 1 47
K 0 0 43
A D 1 16
J N 5 11887 -14 5 1153 144 1 47
K 0 0 45
K 0 0 43
K -1 0 45
K 2 0 45
A D 1 16
J N 5 11915 7 2 2305 144 1 47
K 0 0 43
A D 1 16
J N 5 11958 21 3 3457 144 1 47
K -18 0 63
K 0 0 43
A D 1 16
J N 5 11986 7 2 4609 144 1 47
K 0 0 43
A D 1 16
J N 5 12014 -14 5 5761 144 1 47
K 0 0 45
K 0 0 43
K -1 0 45
K 2 0 45
A D 1 16
H 47 B 1 0 108 6 22 11 11 11 11 33
J B 105 12046 1 82 6913 144 0
J N 7 12067 0 4 1 0 0
K 0 0 43
K 0 0 60
K 0 21 60
A D 4 16
J R 6 12103 28 2 4609 576 0
K 0 0 49
A D 2 16
J B 106 12135 1 82 6913 288 0
J N 5 12156 0 2 1 0 1 48
K 0 0 43
A D 1 16
J N 5 12184 -21 5 1153 144 1 48
K 0 7 45
K 0 0 43
K 0 7 45
K 1 7 45
A D 1 16
J N 5 12212 0 2 2305 144 1 48
K 0 0 43
A D 1 16
J N 5 12240 14 2 3457 144 1 48
K 0 0 43
A D 1 16
J N 5 12268 0 2 4609 144 1 48
K 0 0 43
A D 1 16
J N 5 12296 -21 5 5761 144 1 48
K 0 7 45
K 0 0 43
K 0 7 45
K 1 7 45
A D 1 16
H 48 B 1 0 108 6 22 11 11 11 11 33
J B 107 12328 1 82 6913 144 0
J N 7 12349 -7 4 1 0 0
K 0 0 43
K 0 0 60
K 0 21 60
A D 4 16
J R 6 12385 28 2 4609 576 0
K 0 0 49
A D 2 16
J B 108 12417 1 82 6913 288 0
J N 5 12438 -7 2 1 0 1 49
K 0 0 43
A D 1 16
J N 5 12466 -28 6 1153 144 1 49
K 0 14 45
K 0 0 45
K 0 0 43
K -1 0 45
K 2 0 45
A D 1 16
J N 5 12494 -7 2 2305 144 1 49
K 0 0 43
A D 1 16
J N 5 12522 7 2 3457 144 1 49
K 0 0 43
A D 1 16
J N 5 12550 -7 2 4609 144 1 49
K 0 0 43
A D 1 16
J N 5 12578 -28 6 5761 144 1 49
K 0 14 45
K 0 0 45
K 0 0 43
K -1 0 45
K 2 0 45
A D 1 16
H 49 B 1 0 108 6 22 11 11 11 11 33
J B 109 12610 1 82 6913 144 0
J N 5 12631 -14 5 1 0 1 50
K 0 0 45
K 0 0 43
K -1 0 45
K 2 0 45
A D 1 16
J N 5 12659 49 2 1153 144 1 50
K 0 0 43
A D 1 16
J N 5 12687 35 2 2305 144 1 50
K 0 0 43
A D 1 16
J N 5 12715 49 2 3457 144 1 50
K 0 0 43
A D 1 16
J N 5 12743 35 2 4609 144 1 50
K 0 0 43
A D 1 16
J N 5 12771 49 2 5761 144 1 50
K 0 0 43
A D 1 16
H 50 B 1 0 108 6 22 11 11 11 11 33
J B 110 12803 1 82 6913 144 0
J N 5 12824 28 2 1 0 1 51
K 0 0 43
A D 1 16
J N 5 12852 49 2 1153 144 1 51
K 0 0 43
A D 1 16
J N 5 12880 28 2 2305 144 1 51
K 0 0 43
A D 1 16
J N 5 12908 49 2 3457 144 1 51
K 0 0 43
A D 1 16
J N 5 12936 28 2 4609 144 1 51
K 0 0 43
A D 1 16
J N 5 12964 49 2 5761 144 1 51
K 0 0 43
A D 1 16
H 51 B 0 0 108 6 22 11 11 11 11 33
J B 111 12996 1 82 6913 144 0
J N 5 13017 35 3 1 0 1 52
K 0 0 43
K 0 44 108
A D 1 16
J N 5 13045 49 2 1153 144 1 52
K 0 0 43
A D 1 16
J N 5 13073 35 2 2305 144 1 52
K 0 0 43
A D 1 16
J N 5 13101 49 2 3457 144 1 52
K 0 0 43
A D 1 16
J N 5 13129 35 2 4609 144 1 52
K 0 0 43
A D 1 16
J N 5 13157 49 2 5761 144 1 52
K 0 0 43
A D 1 16
H 52 B 0 0 108 6 22 11 11 11 11 33
J B 112 13189 1 82 6913 144 0
J N 5 13210 28 2 1 0 1 53
K 0 0 43
A D 1 16
J N 5 13238 49 2 1153 144 1 53
K 0 0 43
A D 1 16
J N 5 13266 28 2 2305 144 1 53
K 0 0 43
A D 1 16
J N 5 13294 49 2 3457 144 1 53
K 0 0 43
A D 1 16
J N 5 13322 28 2 4609 144 1 53
K 0 0 43
A D 1 16
J N 5 13350 49 2 5761 144 1 53
K 0 0 43
A D 1 16
H 53 B 0 0 108 6 22 11 11 11 11 33
J B 113 13382 1 82 6913 144 0
J N 7 13403 35 4 1 0 0
K 0 0 43
K 0 0 59
K 0 -21 59
A D 4 16
J R 6 13439 28 2 4609 576 0
K 0 0 49
A D 2 16
J B 114 13471 1 82 6913 288 0
J N 6 13492 28 3 1 0 1 54
K 0 0 43
K 0 58 110
A D 2 16
J N 6 13520 35 2 2305 288 1 54
K 0 0 43
A D 2 16
J N 6 13548 42 2 4609 288 1 54
K 0 0 43
A D 2 16
H 54 B 0 0 108 3 2 1 3
J B 115 13580 1 82 6913 288 0
J N 7 13601 49 4 1 0 0
K 0 0 43
K 0 0 59
K 0 -21 59
A D 4 16
J R 6 13637 28 2 4609 576 0
K 0 0 49
A D 2 16
J B 116 13669 1 82 6913 288 0
J N 6 13690 28 3 1 0 1 55
K 0 0 43
K 0 51 108
A D 2 16
J N 6 13718 35 2 2305 288 1 55
K 0 0 43
A D 2 16
J N 6 13746 42 2 4609 288 1 55
K 0 0 43
A D 2 16
H 55 B 0 0 108 3 2 1 3
J B 117 13778 1 82 6913 288 0
J N 7 13799 49 4 1 0 0
K 0 0 43
K 0 0 59
K 0 -21 59
A D 4 16
J R 6 13835 28 2 4609 576 0
K 0 0 49
A D 2 16
J B 118 13867 1 82 6913 288 0
J N 6 13888 49 3 1 0 1 56
K 0 0 43
K 0 39 110
A D 2 16
J N 6 13916 56 2 2305 288 1 56
K 0 0 43
A D 2 16
J N 6 13944 63 2 4609 288 1 56
K 0 0 43
A D 2 16
H 56 B 0 0 108 3 2 1 3
J B 119 13976 1 82 6913 288 0
J N 7 13997 70 7 1 0 0
K 1 0 45
K 0 0 43
K -1 0 45
K 2 0 45
K 0 0 59
K 0 -21 59
A D 4 16
J R 6 14033 28 2 4609 576 0
K 0 0 49
A D 2 16
J B 120 14065 1 82 6913 288 0
J N 6 14086 49 3 1 0 1 57
K 0 0 43
K 0 32 108
A D 2 16
J N 6 14114 56 2 2305 288 1 57
K 0 0 43
A D 2 16
J N 6 14142 63 2 4609 288 1 57
K 0 0 43
A D 2 16
H 57 B 0 0 108 3 2 1 3
J B 121 14174 1 82 6913 288 0
J N 5 14195 70 5 1 0 1 58
K 0 0 45
K 0 0 43
K -1 0 45
K 2 0 45
A D 1 16
J N 5 14223 21 2 1153 144 1 58
K 0 0 43
A D 1 16
J N 5 14251 0 2 2305 144 1 58
K 0 0 43
A D 1 16
J N 5 14279 -14 5 3457 144 1 58
K 0 0 45
K 0 0 43
K -1 0 45
K 2 0 45
A D 1 16
J N 5 14307 0 2 4609 144 1 58
K 0 0 43
A D 1 16
J N 5 14335 21 2 5761 144 1 58
K 0 0 43
A D 1 16
H 58 B 1 0 108 6 22 11 11 11 11 33
J B 122 14367 1 82 6913 144 0
J N 5 14388 14 2 1 0 1 59
K 0 0 43
A D 1 16
J N 5 14416 0 2 1153 144 1 59
K 0 0 43
A D 1 16
J N 5 14444 28 2 2305 144 1 59
K 0 0 43
A D 1 16
J N 5 14472 14 2 3457 144 1 59
K 0 0 43
A D 1 16
J N 5 14500 -7 2 4609 144 1 59
K 0 0 43
A D 1 16
J N 5 14528 14 2 5761 144 1 59
K 0 0 43
A D 1 16
H 59 B 1 0 108 6 22 11 11 11 11 33
J B 123 14560 1 82 6913 144 0
J N 5 14581 7 2 1 0 1 60
K 0 0 43
A D 1 16
J N 5 14609 -7 2 1153 144 1 60
K 0 0 43
A D 1 16
J N 5 14637 21 2 2305 144 1 60
K 0 0 43
A D 1 16
J N 5 14665 7 2 3457 144 1 60
K 0 0 43
A D 1 16
J N 5 14693 -14 5 4609 144 1 60
K 0 0 45
K 0 0 43
K -1 0 45
K 2 0 45
A D 1 16
J N 5 14721 7 2 5761 144 1 60
K 0 0 43
A D 1 16
H 60 B 1 0 108 6 22 11 11 11 11 33
J B 124 14753 1 82 6913 144 0
J N 5 14774 0 2 1 0 1 61
K 0 0 43
A D 1 16
J N 5 14802 -14 5 1153 144 1 61
K 0 0 45
K 0 0 43
K -1 0 45
K 2 0 45
A D 1 16
J N 5 14830 14 2 2305 144 1 61
K 0 0 43
A D 1 16
J N 5 14858 0 2 3457 144 1 61
K 0 0 43
A D 1 16
J N 5 14886 -21 5 4609 144 1 61
K 0 7 45
K 0 0 43
K 0 7 45
K 1 7 45
A D 1 16
J N 5 14914 0 2 5761 144 1 61
K 0 0 43
A D 1 16
H 61 B 1 0 108 6 22 11 11 11 11 33
J B 125 14946 1 82 6913 144 0
J N 5 14967 -7 2 1 0 1 62
K 0 0 43
A D 1 16
J N 5 14995 -21 5 1153 144 1 62
K 0 7 45
K 0 0 43
K 0 7 45
K 1 7 45
A D 1 16
J N 5 15023 7 2 2305 144 1 62
K 0 0 43
A D 1 16
J N 5 15051 -7 2 3457 144 1 62
K 0 0 43
A D 1 16
J N 5 15079 -28 6 4609 144 1 62
K 0 14 45
K 0 0 45
K 0 0 43
K -1 0 45
K 2 0 45
A D 1 16
J N 5 15107 -7 2 5761 144 1 62
K 0 0 43
A D 1 16
H 62 B 1 0 108 6 22 11 11 11 11 33
J B 126 15139 1 82 6913 144 0
J N 7 15160 -14 7 1 0 0
K 0 0 45
K 0 0 43
K -1 0 45
K 2 0 45
K 0 0 60
K 0 21 60
A D 4 16
J R 6 15196 28 2 4609 576 0
K 0 0 49
A D 2 16
J B 127 15228 1 82 6913 288 0
J R 9 15249 28 2 1 10000 0
K 0 0 46
A D 6 16
J B 128 15354 1 82 6913 864 0
J R 9 15375 28 2 1 10000 0
K 0 0 46
A D 6 16
J B 129 15480 1 82 6913 864 0
J R 9 15501 28 2 1 10000 0
K 0 0 46
A D 6 16
J B 130 15606 1 82 6913 864 0
J R 9 15627 28 2 1 10000 0
K 0 0 46
A D 6 16
J B 131 15732 1 82 6913 864 0
J R 6 15753 28 2 1 0 0
K 0 0 49
A D 2 16
J N 6 15781 21 2 2305 288 1 63
K 0 0 43
A D 2 16
J N 6 15809 0 2 4609 288 1 63
K 0 0 43
A D 2 16
H 63 B 1 0 108 2 2 3
J B 132 15841 1 82 6913 288 0
J N 7 15862 7 4 1 0 0
K 0 0 43
K 0 0 60
K 0 21 60
A D 4 16
J N 7 15898 0 4 2305 576 0
K 0 0 43
K 0 0 60
K 0 21 60
A D 4 16
J N 7 15934 7 4 4609 576 0
K 0 0 43
K 0 0 60
K 0 21 60
A D 4 16
J B 134 15974 1 82 6913 576 0
J N 7 15995 0 4 1 0 0
K 0 0 43
K 0 0 60
K 0 21 60
A D 4 16
J R 6 16031 28 2 4609 576 0
K 0 0 49
A D 2 16
J B 135 16063 1 82 6913 288 0
J R 9 16084 28 2 1 10000 0
K 0 0 46
A D 6 16
J B 136 16189 1 82 6913 864 0
J R 9 16210 28 2 1 10000 0
K 0 0 46
A D 6 16
J B 137 16315 1 82 6913 864 0
J R 9 16336 28 2 1 10000 0
K 0 0 46
A D 6 16
J B 138 16441 1 82 6913 864 0
J R 9 16462 28 2 1 10000 0
K 0 0 46
A D 6 16
J B 139 16567 1 82 6913 864 0
J R 6 16588 28 2 1 0 0
K 0 0 49
A D 2 16
J N 6 16616 35 2 2305 288 1 64
K 0 0 43
A D 2 16
J N 6 16644 21 2 4609 288 1 64
K 0 0 43
A D 2 16
H 64 B 1 0 108 2 2 3
J B 140 16676 1 82 6913 288 0
J N 7 16697 56 4 1 0 0
K 0 0 43
K 0 0 59
K 0 -21 59
A D 4 16
J N 7 16733 49 4 2305 576 0
K 0 0 43
K 0 0 59
K 0 -21 59
A D 4 16
J N 7 16769 56 4 4609 576 0
K 0 0 43
K 0 0 59
K 0 -21 59
A D 4 16
J B 142 16809 1 82 6913 576 0
J N 7 16830 49 4 1 0 0
K 0 0 43
K 0 0 59
K 0 -21 59
A D 4 16
J N 6 16866 49 3 4609 576 0
K 0 0 43
K 0 0 53
A D 2 16
J B 143 16908 1 82 6913 288 0
J N 7 16929 42 4 1 0 0
K 0 0 43
K 0 0 59
K 0 -21 59
A D 4 16
J N 6 16965 49 3 4609 576 1 65
K 0 0 43
K 0 0 53
A D 2 16
J B 144 17007 1 82 6913 288 0
J N 6 17028 49 3 1 0 1 65
K 0 0 43
K 0 0 53
A D 2 16
H 65 T 49 0 0 0 0 0 9 0
J N 7 17060 56 4 2305 288 0
K 0 0 43
K 0 0 59
K 0 -21 59
A D 4 16
J B 145 17100 1 82 6913 576 0
J N 7 17121 49 5 1 0 0
K 0 0 43
K 25 0 44
K 0 0 59
K 0 -21 59
A D 6 16
J B 0 17183 6 2 6913 864 0
K -13 0 82
K -6 0 84
J M 0 17183 0 0 10000 0 0
