S 0 200 140 2050 1066 7 "[...][....]"        
L 0 0 0 313 313 * 0 14 0        
J C 4 5 42 2 6913 0 0        
K 0 0 33        
K 0 0 34        
J K -1 57 0 1 6913 0 0        
K 0 28 65        
J D 0 -11 -14 1 6913 0 0        
W 0 0 37 \02\09        
J D 0 113 0 1 1 0 0        
W 0 -28 33 !31|Tutti        
J N 5 113 0 2 1 0 1 103        
K 0 0 43        
A D 1 16        
J N 5 141 21 2 433 144 1 103        
K 0 0 43        
A D 1 16        
J N 5 169 0 2 865 144 1 103        
K 0 0 43        
A D 1 16        
J N 5 197 21 2 1297 144 1 103        
K 0 0 43        
A D 1 16        
H 103 B -70 2 108 4 22 11 11 33        
J N 5 225 0 2 1729 144 1 104        
K 0 0 43        
A D 1 16        
J N 5 253 21 2 2161 144 1 104        
K 0 0 43        
A D 1 16        
J N 5 281 0 2 2593 144 1 104        
K 0 0 43        
A D 1 16        
J N 5 309 21 2 3025 144 1 104        
K 0 0 43        
A D 1 16        
H 104 B -70 2 108 4 22 11 11 33        
J N 5 337 -7 2 3457 144 1 105        
K 0 0 43        
A D 1 16        
J N 5 365 21 2 3889 144 1 105        
K 0 0 43        
A D 1 16        
J N 5 393 -7 2 4321 144 1 105        
K 0 0 43        
A D 1 16        
J N 5 421 21 2 4753 144 1 105        
K 0 0 43        
A D 1 16        
H 105 B -77 2 108 4 22 11 11 33        
J N 5 449 -7 2 5185 144 1 106        
K 0 0 43        
A D 1 16        
J N 5 477 21 2 5617 144 1 106        
K 0 0 43        
A D 1 16        
J N 5 505 -7 2 6049 144 1 106        
K 0 0 43        
A D 1 16        
J N 5 533 21 2 6481 144 1 106        
K 0 0 43        
A D 1 16        
H 106 B -77 2 108 4 22 11 11 33        
J B 30 565 1 82 6913 144 0        
J N 5 586 -14 5 1 0 1 107        
K 0 0 45        
K 0 0 43        
K -1 0 45        
K 2 0 45        
A D 1 16        
J N 5 614 21 2 433 144 1 107        
K 0 0 43        
A D 1 16        
J N 5 642 -14 5 865 144 1 107        
K 0 0 45        
K 0 0 43        
K -1 0 45        
K 2 0 45        
A D 1 16        
J N 5 670 21 2 1297 144 1 107        
K 0 0 43        
A D 1 16        
H 107 B -76 4 108 4 22 11 11 33        
J N 5 698 -14 5 1729 144 1 108        
K 0 0 45        
K 0 0 43        
K -1 0 45        
K 2 0 45        
A D 1 16        
J N 5 726 21 2 2161 144 1 108        
K 0 0 43        
A D 1 16        
J N 5 754 -14 5 2593 144 1 108        
K 0 0 45        
K 0 0 43        
K -1 0 45        
K 2 0 45        
A D 1 16        
J N 5 782 21 2 3025 144 1 108        
K 0 0 43        
A D 1 16        
H 108 B -76 4 108 4 22 11 11 33        
J N 5 810 -7 2 3457 144 1 109        
K 0 0 43        
A D 1 16        
J N 5 838 21 2 3889 144 1 109        
K 0 0 43        
A D 1 16        
J N 5 866 -7 2 4321 144 1 109        
K 0 0 43        
A D 1 16        
J N 5 894 21 2 4753 144 1 109        
K 0 0 43        
A D 1 16        
H 109 B -77 2 108 4 22 11 11 33        
J N 5 922 -7 2 5185 144 1 110        
K 0 0 43        
A D 1 16        
J N 5 950 21 2 5617 144 1 110        
K 0 0 43        
A D 1 16        
J N 5 978 -7 2 6049 144 1 110        
K 0 0 43        
A D 1 16        
J N 5 1006 21 2 6481 144 1 110        
K 0 0 43        
A D 1 16        
H 110 B -77 2 108 4 22 11 11 33        
J B 31 1038 1 82 6913 144 0        
J N 5 1059 0 2 1 0 1 111        
K 0 0 43        
A D 1 16        
J N 5 1087 21 2 433 144 1 111        
K 0 0 43        
A D 1 16        
J N 5 1115 0 2 865 144 1 111        
K 0 0 43        
A D 1 16        
J N 5 1143 21 2 1297 144 1 111        
K 0 0 43        
A D 1 16        
H 111 B -70 2 108 4 22 11 11 33        
J N 5 1171 0 2 1729 144 1 112        
K 0 0 43        
A D 1 16        
J N 5 1199 28 2 2161 144 1 112        
K 0 0 43        
A D 1 16        
J N 5 1227 0 2 2593 144 1 112        
K 0 0 43        
A D 1 16        
J N 5 1255 28 2 3025 144 1 112        
K 0 0 43        
A D 1 16        
H 112 B -72 2 108 4 22 11 11 33        
J N 6 1283 7 2 3457 144 1 113        
K 0 0 43        
A D 2 16        
J N 6 1321 21 2 4321 288 1 113        
K 0 0 43        
A D 2 16        
H 113 B -51 4 108 2 2 3        
J N 7 1377 0 4 5185 288 1 114        
K 0 0 43        
K 0 0 60        
K 0 21 60        
A D 4 16        
J B 32 1446 1 82 6913 576 0        
J N 7 1467 0 4 1 0 1 114        
K 0 0 43        
K 0 0 60        
K 0 21 60        
A D 4 16        
H 114 T 0 0 0 0 0 0 5 0        
J N 7 1533 7 4 1729 576 0        
K 0 0 43        
K 0 0 60        
K 0 21 60        
A D 4 16        
J N 7 1599 0 4 3457 576 0        
K 0 0 43        
K 0 0 60        
K 0 21 60        
A D 4 16        
J N 7 1665 21 4 5185 576 1 115        
K 0 0 43        
K 0 0 60        
K 0 21 60        
A D 4 16        
J B 33 1734 1 82 6913 576 0        
J N 6 1755 21 2 1 0 2 116 115        
K 0 0 43        
A D 2 16        
H 115 T 21 0 0 0 0 0 1 0        
J N 6 1792 49 2 865 288 1 116        
K 0 0 43        
A D 2 16        
H 116 B 42 4 108 2 2 3        
J N 7 1829 28 4 1729 288 1 117        
K 0 0 43        
K 0 0 59        
K 0 -14 59        
A D 4 16        
J N 6 1899 28 2 3457 576 2 118 117        
K 0 0 43        
A D 2 16        
H 117 T 28 0 0 0 0 0 13 0        
J N 6 1936 21 2 4321 288 1 118        
K 0 0 43        
A D 2 16        
J N 6 1973 35 2 5185 288 1 118        
K 0 0 43        
A D 2 16        
J N 6 2010 42 2 6049 288 1 118        
K 0 0 43        
A D 2 16        
H 118 B 49 0 108 4 2 1 1 3        
J B 34 2050 1 82 6913 288 0        
E *        
L 160 0 0 313 313 * 0 14 0        
J C 4 5 42 2 6913 0 0        
K 0 0 33        
K 0 0 34        
J K -1 57 0 1 6913 0 0        
K 0 28 65        
J D 0 -11 -14 1 6913 0 0        
W 0 0 0 \02\09        
J N 7 113 21 4 1 0 0        
K 0 0 43        
K 0 0 60        
K 0 21 60        
A D 4 16        
J R 7 225 28 2 1729 576 0        
K 0 0 48        
A D 4 16        
J N 7 337 21 4 3457 576 0        
K 0 0 43        
K 0 0 60        
K 0 21 60        
A D 4 16        
J R 7 449 28 2 5185 576 0        
K 0 0 48        
A D 4 16        
J B 30 565 1 82 6913 576 0        
J N 7 586 21 4 1 0 0        
K 0 0 43        
K 0 0 60        
K 0 21 60        
A D 4 16        
J R 7 698 28 2 1729 576 0        
K 0 0 48        
A D 4 16        
J N 7 810 21 4 3457 576 0        
K 0 0 43        
K 0 0 60        
K 0 21 60        
A D 4 16        
J R 7 922 28 2 5185 576 0        
K 0 0 48        
A D 4 16        
J B 31 1038 1 82 6913 576 0        
J N 7 1059 21 4 1 0 0        
K 0 0 43        
K 0 0 60        
K 0 21 60        
A D 4 16        
J N 7 1171 28 4 1729 576 1 9        
K 0 0 43        
K 0 0 60        
K 0 21 60        
A D 4 16        
J N 6 1283 28 2 3457 576 2 10 9        
K 0 0 43        
A D 2 16        
H 9 T 28 0 0 0 0 0 5 0        
J N 5 1321 21 2 4321 288 1 10        
K 0 0 43        
A D 1 16        
J N 5 1349 28 2 4753 144 1 10        
K 0 0 43        
A D 1 16        
H 10 B -45 0 108 3 2 21 33        
J N 6 1377 35 2 5185 144 1 11        
K 0 0 43        
A D 2 16        
J N 6 1410 21 2 6049 288 1 11        
K 0 0 43        
A D 2 16        
H 11 B -42 -4 108 2 2 3        
J B 32 1446 1 82 6913 288 0        
J N 6 1467 14 2 1 0 1 12        
K 0 0 43        
A D 2 16        
J N 6 1500 28 2 865 288 1 12        
K 0 0 43        
A D 2 16        
J N 6 1533 42 2 1729 288 1 12        
K 0 0 43        
A D 2 16        
J N 6 1566 21 2 2593 288 1 12        
K 0 0 43        
A D 2 16        
H 12 B -61 1 108 4 2 1 1 3        
J N 7 1599 35 5 3457 288 0        
K 0 0 43        
K 25 0 44        
K 0 0 59        
K 0 -21 59        
A D 6 16        
J N 6 1698 21 3 6049 864 0        
K 0 0 43        
K 0 0 54        
A D 2 16        
J B 33 1734 1 82 6913 288 0        
J N 7 1755 14 5 1 0 0        
K 0 0 43        
K 24 -6 44        
K 0 0 60        
K 0 21 60        
A D 6 16        
J N 6 1861 63 3 2593 864 0        
K 0 0 43        
K 0 0 53        
A D 2 16        
J N 6 1899 56 2 3457 288 1 13        
K 0 0 43        
A D 2 16        
J N 6 1936 70 5 4321 288 1 13        
K 1 0 45        
K 0 0 43        
K -1 0 45        
K 2 0 45        
A D 2 16        
H 13 B 47 4 108 2 2 3        
J N 7 1973 49 4 5185 288 1 14        
K 0 0 43        
K 0 0 59        
K 0 -21 59        
A D 4 16        
J B 34 2050 1 82 6913 576 0        
J M 0 2050 0 0 6913 0 1 14        
H 14 T 49 0 0 0 0 0 9 0        
E *        
L 320 0 0 313 313 * 0 14 0        
J C 22 5 14 36 6913 0 0        
J K -1 57 0 1 6913 0 0        
K 0 42 65        
J D 0 -11 -14 1 6913 0 0        
W 0 0 0 \02\09        
J F 0 113 98 1 1 0 0        
K 0 0 205        
J N 7 113 0 4 1 0 0        
K 0 0 43        
K 0 0 60        
K 0 21 60        
A D 2 8        
J R 7 225 28 2 1729 576 0        
K 0 0 48        
A D 2 8        
J F 0 337 98 1 3457 576 0        
K 0 0 205        
J N 7 337 21 4 3457 0 0        
K 0 0 43        
K 0 0 60        
K 0 21 60        
A D 2 8        
J R 7 449 28 2 5185 576 0        
K 0 0 48        
A D 2 8        
J B 30 565 1 82 6913 576 0        
J N 7 586 14 4 1 0 0        
K 0 0 43        
K 0 0 60        
K 0 21 60        
A D 2 8        
J R 7 698 28 2 1729 576 0        
K 0 0 48        
A D 2 8        
J F 0 810 98 1 3457 576 0        
K 0 0 205        
J N 7 810 21 4 3457 0 0        
K 0 0 43        
K 0 0 60        
K 0 21 60        
A D 2 8        
J R 7 922 28 2 5185 576 0        
K 0 0 48        
A D 2 8        
J B 31 1038 1 82 6913 576 0        
J F 0 1059 98 1 1 0 0        
K 0 0 206        
J N 7 1059 28 4 1 0 0        
K 0 0 43        
K 0 0 60        
K 0 21 60        
A D 2 8        
J F 0 1171 98 1 1729 576 0        
K 0 0 206        
J N 7 1171 7 4 1729 0 0        
K 0 0 43        
K 0 0 60        
K 0 21 60        
A D 2 8        
J F 0 1283 98 1 3457 576 0        
K 0 0 206        
J N 7 1283 35 4 3457 0 0        
K 0 0 43        
K 0 0 59        
K 0 -21 59        
A D 2 8        
J R 6 1377 28 2 5185 576 0        
K 0 0 49        
A D 1 8        
J F 0 1410 98 1 6049 288 0        
K 0 0 205        
J N 6 1410 0 3 6049 0 0        
K 0 0 43        
K 0 0 54        
A D 1 8        
J B 32 1446 1 82 6913 288 0        
J F 0 1467 98 2 1 0 0        
K 0 0 205        
K 0 21 204        
J N 6 1467 -7 2 1 0 1 26        
K 0 0 43        
A D 1 8        
J N 6 1500 7 2 865 288 1 26        
K 0 0 43        
A D 1 8        
J F 0 1533 98 1 1729 288 0        
K 0 0 202        
J N 6 1533 -14 5 1729 0 1 26        
K 0 0 45        
K 0 0 43        
K -1 0 45        
K 2 0 45        
A D 1 8        
J N 6 1566 35 2 2593 288 1 26        
K 0 0 43        
A D 1 8        
H 26 B -66 5 108 4 2 1 1 3        
J N 6 1599 14 2 3457 288 1 27        
K 0 0 43        
A D 1 8        
J N 6 1632 7 2 4321 288 1 27        
K 0 0 43        
A D 1 8        
J N 6 1665 0 2 5185 288 1 27        
K 0 0 43        
A D 1 8        
J N 6 1698 14 2 6049 288 1 27        
K 0 0 43        
A D 1 8        
H 27 B -46 0 108 4 2 1 1 3        
J B 33 1734 1 82 6913 288 0        
J F 0 1755 98 1 1 0 0        
K 0 0 208        
J N 6 1755 -7 2 1 0 1 28        
K 0 0 43        
A D 1 8        
J N 6 1792 -14 5 865 288 1 28        
K 0 0 45        
K 0 0 43        
K -1 0 45        
K 2 0 45        
A D 1 8        
J F 0 1829 98 1 1729 288 0        
K 0 0 205        
J N 6 1829 -21 5 1729 0 1 28        
K 0 7 45        
K 0 0 43        
K 0 7 45        
K 1 7 45        
A D 1 8        
J N 6 1861 -7 2 2593 288 1 28        
K 0 0 43        
A D 1 8        
H 28 B -49 0 108 4 2 1 1 3        
J F 0 1899 98 1 3457 288 0        
K 0 0 206        
J N 6 1899 -14 5 3457 0 1 29        
K 0 0 45        
K 0 0 43        
K -1 0 45        
K 2 0 45        
A D 1 8        
J N 6 1936 21 2 4321 288 1 29        
K 0 0 43        
A D 1 8        
J N 6 1973 14 2 5185 288 1 29        
K 0 0 43        
A D 1 8        
J F 0 2010 107 2 6049 288 0        
K 0 0 205        
K 0 21 204        
J N 6 2010 42 2 6049 0 1 29        
K 0 0 43        
A D 1 8        
H 29 B -76 6 108 4 2 1 1 3        
J B 34 2050 1 82 6913 288 0        
E *        
L 530 0 0 313 313 * 0 14 0        
J C 4 5 42 2 6913 0 0        
K 0 0 33        
K 0 0 34        
J K -1 57 0 1 6913 0 0        
K 0 28 65        
J D 0 -11 -14 1 6913 0 0        
W 0 0 0 \02\09        
J N 7 113 0 4 1 0 0        
K 0 0 43        
K 0 0 60        
K 0 21 60        
A D 4 16        
J R 7 225 28 2 1729 576 0        
K 0 0 48        
A D 4 16        
J N 7 337 -7 4 3457 576 0        
K 0 0 43        
K 0 0 60        
K 0 21 60        
A D 4 16        
J R 7 449 28 2 5185 576 0        
K 0 0 48        
A D 4 16        
J B 30 565 1 82 6913 576 0        
J N 7 586 -14 7 1 0 0        
K 0 0 45        
K 0 0 43        
K -1 0 45        
K 2 0 45        
K 0 0 60        
K 0 21 60        
A D 4 16        
J R 7 698 28 2 1729 576 0        
K 0 0 48        
A D 4 16        
J N 7 810 -7 4 3457 576 0        
K 0 0 43        
K 0 0 60        
K 0 21 60        
A D 4 16        
J R 7 922 28 2 5185 576 0        
K 0 0 48        
A D 4 16        
J B 31 1038 1 82 6913 576 0        
J N 7 1059 0 5 1 0 0        
K 0 0 43        
K 24 -6 44        
K 0 0 60        
K 0 21 60        
A D 6 16        
J N 6 1227 -7 3 2593 864 0        
K 0 0 43        
K 0 0 54        
A D 2 16        
J N 6 1283 7 2 3457 288 1 18        
K 0 0 43        
A D 2 16        
J N 6 1321 21 2 4321 288 1 18        
K 0 0 43        
A D 2 16        
H 18 B -51 4 108 2 2 3        
J N 7 1377 0 4 5185 288 1 19        
K 0 0 43        
K 0 0 60        
K 0 21 60        
A D 4 16        
J B 32 1446 1 82 6913 576 0        
J N 7 1467 0 4 1 0 1 19        
K 0 0 43        
K 0 0 60        
K 0 21 60        
A D 4 16        
H 19 T 0 0 0 0 0 0 5 0        
J N 7 1533 7 4 1729 576 0        
K 0 0 43        
K 0 0 60        
K 0 21 60        
A D 4 16        
J N 7 1599 0 4 3457 576 0        
K 0 0 43        
K 0 0 60        
K 0 21 60        
A D 4 16        
J N 7 1665 21 4 5185 576 1 20        
K 0 0 43        
K 0 0 60        
K 0 21 60        
A D 4 16        
J B 33 1734 1 82 6913 576 0        
J N 6 1755 21 2 1 0 2 21 20        
K 0 0 43        
A D 2 16        
H 20 T 21 0 0 0 0 0 1 0        
J N 6 1792 49 2 865 288 1 21        
K 0 0 43        
A D 2 16        
H 21 B 42 4 108 2 2 3        
J N 7 1829 28 4 1729 288 1 22        
K 0 0 43        
K 0 0 59        
K 0 -14 59        
A D 4 16        
J N 6 1899 28 2 3457 576 2 23 22        
K 0 0 43        
A D 2 16        
H 22 T 28 0 0 0 0 0 13 0        
J N 6 1936 21 2 4321 288 1 23        
K 0 0 43        
A D 2 16        
J N 6 1973 35 2 5185 288 1 23        
K 0 0 43        
A D 2 16        
J N 6 2010 42 2 6049 288 1 23        
K 0 0 43        
A D 2 16        
H 23 B 49 0 108 4 2 1 1 3        
J B 34 2050 1 82 6913 288 0        
E *        
L 690 0 0 313 313 * 0 14 0        
J C 4 5 42 2 6913 0 0        
K 0 0 33        
K 0 0 34        
J K -1 57 0 1 6913 0 0        
K 0 28 65        
J D 0 -11 -14 1 6913 0 0        
W 0 0 0 \02\09        
J N 7 113 21 4 1 0 0        
K 0 0 43        
K 0 0 60        
K 0 21 60        
A D 4 16        
J R 7 225 28 2 1729 576 0        
K 0 0 48        
A D 4 16        
J N 7 337 21 4 3457 576 0        
K 0 0 43        
K 0 0 60        
K 0 21 60        
A D 4 16        
J R 7 449 28 2 5185 576 0        
K 0 0 48        
A D 4 16        
J B 30 565 1 82 6913 576 0        
J N 7 586 21 4 1 0 0        
K 0 0 43        
K 0 0 60        
K 0 21 60        
A D 4 16        
J R 7 698 28 2 1729 576 0        
K 0 0 48        
A D 4 16        
J N 7 810 21 4 3457 576 0        
K 0 0 43        
K 0 0 60        
K 0 21 60        
A D 4 16        
J R 7 922 28 2 5185 576 0        
K 0 0 48        
A D 4 16        
J B 31 1038 1 82 6913 576 0        
J N 7 1059 21 4 1 0 0        
K 0 0 43        
K 0 0 60        
K 0 21 60        
A D 4 16        
J N 7 1171 28 4 1729 576 1 9        
K 0 0 43        
K 0 0 60        
K 0 21 60        
A D 4 16        
J N 6 1283 28 2 3457 576 2 10 9        
K 0 0 43        
A D 2 16        
H 9 T 28 0 0 0 0 0 5 0        
J N 5 1321 21 2 4321 288 1 10        
K 0 0 43        
A D 1 16        
J N 5 1349 28 2 4753 144 1 10        
K 0 0 43        
A D 1 16        
H 10 B -45 0 108 3 2 21 33        
J N 6 1377 35 2 5185 144 1 11        
K 0 0 43        
A D 2 16        
J N 6 1410 21 2 6049 288 1 11        
K 0 0 43        
A D 2 16        
H 11 B -42 -4 108 2 2 3        
J B 32 1446 1 82 6913 288 0        
J N 6 1467 14 2 1 0 1 12        
K 0 0 43        
A D 2 16        
J N 6 1500 28 2 865 288 1 12        
K 0 0 43        
A D 2 16        
J N 6 1533 42 2 1729 288 1 12        
K 0 0 43        
A D 2 16        
J N 6 1566 21 2 2593 288 1 12        
K 0 0 43        
A D 2 16        
H 12 B -61 1 108 4 2 1 1 3        
J N 7 1599 35 5 3457 288 0        
K 0 0 43        
K 25 0 44        
K 0 0 59        
K 0 -21 59        
A D 6 16        
J N 6 1698 21 3 6049 864 0        
K 0 0 43        
K 0 0 54        
A D 2 16        
J B 33 1734 1 82 6913 288 0        
J N 7 1755 14 5 1 0 0        
K 0 0 43        
K 24 -6 44        
K 0 0 60        
K 0 21 60        
A D 6 16        
J N 6 1861 63 3 2593 864 0        
K 0 0 43        
K 0 0 53        
A D 2 16        
J N 6 1899 56 2 3457 288 1 13        
K 0 0 43        
A D 2 16        
J N 6 1936 70 5 4321 288 1 13        
K 1 0 45        
K 0 0 43        
K -1 0 45        
K 2 0 45        
A D 2 16        
H 13 B 47 4 108 2 2 3        
J N 7 1973 49 4 5185 288 1 14        
K 0 0 43        
K 0 0 59        
K 0 -21 59        
A D 4 16        
J B 34 2050 1 82 6913 576 0        
J M 0 2050 0 0 6913 0 1 14        
H 14 T 49 0 0 0 0 0 9 0        
E *        
L 850 0 0 313 313 * 0 14 0        
J C 13 5 28 35 6913 0 0        
J K -1 57 0 1 6913 0 0        
K 0 35 65        
J D 0 -11 -14 1 6913 0 0        
W 0 0 0 \02\09        
J N 7 113 7 4 1 0 0        
K 0 0 43        
K 0 0 60        
K 0 21 60        
A D 2 8        
J R 7 225 28 2 1729 576 0        
K 0 0 48        
A D 2 8        
J N 7 337 28 4 3457 576 0        
K 0 0 43        
K 0 0 60        
K 0 21 60        
A D 2 8        
J R 7 449 28 2 5185 576 0        
K 0 0 48        
A D 2 8        
J B 30 565 1 82 6913 576 0        
J N 7 586 42 4 1 0 0        
K 0 0 43        
K 0 0 59        
K 0 -21 59        
A D 2 8        
J R 7 698 28 2 1729 576 0        
K 0 0 48        
A D 2 8        
J N 7 810 28 4 3457 576 0        
K 0 0 43        
K 0 0 60        
K 0 21 60        
A D 2 8        
J R 7 922 28 2 5185 576 0        
K 0 0 48        
A D 2 8        
J B 31 1038 1 82 6913 576 0        
J N 7 1059 7 4 1 0 0        
K 0 0 43        
K 0 0 60        
K 0 21 60        
A D 2 8        
J R 6 1171 28 2 1729 576 0        
K 0 0 49        
A D 1 8        
J N 6 1227 -14 6 2593 288 0        
K 0 0 45        
K 0 0 43        
K -1 0 45        
K 2 0 45        
K 0 0 54        
A D 1 8        
J N 7 1283 0 4 3457 288 0        
K 0 0 43        
K 0 0 60        
K 0 21 60        
A D 2 8        
J R 6 1377 28 2 5185 576 0        
K 0 0 49        
A D 1 8        
J N 6 1410 7 3 6049 288 0        
K 0 0 43        
K 0 0 54        
A D 1 8        
J B 32 1446 1 82 6913 288 0        
J N 7 1467 21 4 1 0 0        
K 0 0 43        
K 0 0 60        
K 0 21 60        
A D 2 8        
J N 7 1533 28 4 1729 576 0        
K 0 0 43        
K 0 0 60        
K 0 21 60        
A D 2 8        
J N 7 1599 28 4 3457 576 0        
K 0 0 43        
K 0 0 60        
K 0 21 60        
A D 2 8        
J R 6 1665 28 2 5185 576 0        
K 0 0 49        
A D 1 8        
J N 6 1698 7 3 6049 288 0        
K 0 0 43        
K 0 0 54        
A D 1 8        
J B 33 1734 1 82 6913 288 0        
J N 7 1755 7 4 1 0 0        
K 0 0 43        
K 0 0 60        
K 0 21 60        
A D 2 8        
J R 6 1829 28 2 1729 576 0        
K 0 0 49        
A D 1 8        
J N 6 1861 -14 6 2593 288 0        
K 0 0 45        
K 0 0 43        
K -1 0 45        
K 2 0 45        
K 0 0 54        
A D 1 8        
J N 7 1899 0 4 3457 288 0        
K 0 0 43        
K 0 0 60        
K 0 21 60        
A D 2 8        
J R 6 1973 28 2 5185 576 0        
K 0 0 49        
A D 1 8        
J N 6 2010 21 3 6049 288 0        
K 0 0 43        
K 0 0 54        
A D 1 8        
J B 34 2050 1 82 6913 288 0        
E *        
L 1010 0 0 313 313 * 0 14 0        
J C 22 5 14 36 6913 0 0        
J K -1 57 0 1 6913 0 0        
K 0 42 65        
J D 0 -11 -14 1 6913 0 0        
W 0 0 0 \02\09        
J F 0 113 98 1 1 0 0        
K 0 0 205        
J N 7 113 0 4 1 0 0        
K 0 0 43        
K 0 0 60        
K 0 21 60        
A D 2 8        
J R 7 225 28 2 1729 576 0        
K 0 0 48        
A D 2 8        
J F 0 337 98 1 3457 576 0        
K 0 0 205        
J N 7 337 21 4 3457 0 0        
K 0 0 43        
K 0 0 60        
K 0 21 60        
A D 2 8        
J R 7 449 28 2 5185 576 0        
K 0 0 48        
A D 2 8        
J B 30 565 1 82 6913 576 0        
J N 7 586 14 4 1 0 0        
K 0 0 43        
K 0 0 60        
K 0 21 60        
A D 2 8        
J R 7 698 28 2 1729 576 0        
K 0 0 48        
A D 2 8        
J F 0 810 98 1 3457 576 0        
K 0 0 205        
J N 7 810 21 4 3457 0 0        
K 0 0 43        
K 0 0 60        
K 0 21 60        
A D 2 8        
J R 7 922 28 2 5185 576 0        
K 0 0 48        
A D 2 8        
J B 31 1038 1 82 6913 576 0        
J F 0 1059 98 1 1 0 0        
K 0 0 206        
J N 7 1059 28 4 1 0 0        
K 0 0 43        
K 0 0 60        
K 0 21 60        
A D 2 8        
J F 0 1171 98 1 1729 576 0        
K 0 0 206        
J N 7 1171 7 4 1729 0 0        
K 0 0 43        
K 0 0 60        
K 0 21 60        
A D 2 8        
J F 0 1283 98 1 3457 576 0        
K 0 0 206        
J N 7 1283 35 4 3457 0 0        
K 0 0 43        
K 0 0 59        
K 0 -21 59        
A D 2 8        
J R 6 1377 28 2 5185 576 0        
K 0 0 49        
A D 1 8        
J F 0 1410 98 1 6049 288 0        
K 0 0 205        
J N 6 1410 0 3 6049 0 0        
K 0 0 43        
K 0 0 54        
A D 1 8        
J B 32 1446 1 82 6913 288 0        
J F 0 1467 98 2 1 0 0        
K 0 0 205        
K 0 21 204        
J N 6 1467 -7 2 1 0 1 10        
K 0 0 43        
A D 1 8        
J N 6 1500 7 2 865 288 1 10        
K 0 0 43        
A D 1 8        
J F 0 1533 98 1 1729 288 0        
K 0 0 202        
J N 6 1533 -14 5 1729 0 1 10        
K 0 0 45        
K 0 0 43        
K -1 0 45        
K 2 0 45        
A D 1 8        
J N 6 1566 35 2 2593 288 1 10        
K 0 0 43        
A D 1 8        
H 10 B -66 5 108 4 2 1 1 3        
J N 6 1599 14 2 3457 288 1 11        
K 0 0 43        
A D 1 8        
J N 6 1632 7 2 4321 288 1 11        
K 0 0 43        
A D 1 8        
J N 6 1665 0 2 5185 288 1 11        
K 0 0 43        
A D 1 8        
J N 6 1698 14 2 6049 288 1 11        
K 0 0 43        
A D 1 8        
H 11 B -46 0 108 4 2 1 1 3        
J B 33 1734 1 82 6913 288 0        
J F 0 1755 98 1 1 0 0        
K 0 0 208        
J N 6 1755 -7 2 1 0 1 12        
K 0 0 43        
A D 1 8        
J N 6 1792 -14 5 865 288 1 12        
K 0 0 45        
K 0 0 43        
K -1 0 45        
K 2 0 45        
A D 1 8        
J F 0 1829 98 1 1729 288 0        
K 0 0 205        
J N 6 1829 -21 5 1729 0 1 12        
K 0 7 45        
K 0 0 43        
K 0 7 45        
K 1 7 45        
A D 1 8        
J N 6 1861 -7 2 2593 288 1 12        
K 0 0 43        
A D 1 8        
H 12 B -49 0 108 4 2 1 1 3        
J F 0 1899 98 1 3457 288 0        
K 0 0 206        
J N 6 1899 -14 5 3457 0 1 13        
K 0 0 45        
K 0 0 43        
K -1 0 45        
K 2 0 45        
A D 1 8        
J N 6 1936 21 2 4321 288 1 13        
K 0 0 43        
A D 1 8        
J N 6 1973 14 2 5185 288 1 13        
K 0 0 43        
A D 1 8        
J F 0 2010 107 2 6049 288 0        
K 0 0 205        
K 0 21 204        
J N 6 2010 42 2 6049 0 1 13        
K 0 0 43        
A D 1 8        
H 13 B -76 6 108 4 2 1 1 3        
J B 34 2050 1 82 6913 288 0        
E *        
B 1 565 0        
B 1 1038 0        
B 1 1446 0        
B 1 1734 0        
B 1 2050 0        
S 0 200 1510 2050 1066 7 "[...][....]"        
L 0 0 0 313 313 * 0 14 0        
J C 4 5 42 2 6913 0 0        
K 0 0 33        
K 0 0 34        
J K -1 57 0 1 6913 0 0        
K 0 28 65        
J D 0 -11 -14 1 6913 0 0        
W 0 0 37 \03\04        
J N 7 113 35 4 1 0 0        
K 0 0 43        
K 0 0 59        
K 0 -21 59        
A D 4 16        
J N 7 177 42 4 1729 576 0        
K 0 0 43        
K 0 0 59        
K 0 -21 59        
A D 4 16        
J N 7 267 49 5 3457 576 0        
K 0 0 43        
K 25 0 44        
K 0 0 59        
K 0 -21 59        
A D 6 16        
J N 6 402 21 4 6049 864 0        
K 0 0 43        
K 0 68 108        
K 0 0 54        
A D 2 16        
J B 35 447 1 82 6913 288 0        
J N 7 468 14 5 1 0 0        
K 0 0 43        
K 24 -6 44        
K 0 0 60        
K 0 21 60        
A D 6 16        
J N 6 603 63 3 2593 864 0        
K 0 0 43        
K 0 0 53        
A D 2 16        
J N 6 648 56 2 3457 288 1 119        
K 0 0 43        
A D 2 16        
J N 6 693 70 5 4321 288 1 119        
K 1 0 45        
K 0 0 43        
K -1 0 45        
K 2 0 45        
A D 2 16        
H 119 B 47 3 108 2 2 3        
J N 7 738 49 4 5185 288 1 120        
K 0 0 43        
K 0 0 59        
K 0 -21 59        
A D 4 16        
J B 36 828 1 82 6913 576 0        
J N 7 849 49 4 1 0 1 120        
K 0 0 43        
K 0 0 59        
K 0 -21 59        
A D 4 16        
H 120 T 49 0 0 0 0 0 9 0        
J N 7 913 56 4 1729 576 0        
K 0 0 43        
K 0 0 59        
K 0 -21 59        
A D 4 16        
J N 8 977 49 4 3457 576 0        
K 0 0 42        
K 0 0 59        
K 0 -21 59        
A D 8 16        
J B 37 1072 1 82 6913 1152 0        
J N 5 1095 7 3 1 0 1 121        
K 0 0 43        
K 0 82 110        
A D 1 16        
J N 5 1127 -14 5 433 144 1 121        
K 0 0 45        
K 0 0 43        
K -1 0 45        
K 2 0 45        
A D 1 16        
J N 5 1159 7 2 865 144 1 121        
K 0 0 43        
A D 1 16        
J N 5 1191 -14 5 1297 144 1 121        
K 0 0 45        
K 0 0 43        
K -1 0 45        
K 2 0 45        
A D 1 16        
H 121 B -53 -1 108 4 22 11 11 33        
J N 5 1223 7 2 1729 144 1 122        
K 0 0 43        
A D 1 16        
J N 5 1255 -14 5 2161 144 1 122        
K 0 0 45        
K 0 0 43        
K -1 0 45        
K 2 0 45        
A D 1 16        
J N 5 1287 7 2 2593 144 1 122        
K 0 0 43        
A D 1 16        
J N 5 1318 -14 5 3025 144 1 122        
K 0 0 45        
K 0 0 43        
K -1 0 45        
K 2 0 45        
A D 1 16        
H 122 B -53 -1 108 4 22 11 11 33        
J N 5 1349 0 2 3457 144 1 123        
K 0 0 43        
A D 1 16        
J N 5 1380 -14 5 3889 144 1 123        
K 0 0 45        
K 0 0 43        
K -1 0 45        
K 2 0 45        
A D 1 16        
J N 5 1411 0 2 4321 144 1 123        
K 0 0 43        
A D 1 16        
J N 5 1442 -14 5 4753 144 1 123        
K 0 0 45        
K 0 0 43        
K -1 0 45        
K 2 0 45        
A D 1 16        
H 123 B -46 -1 108 4 22 11 11 33        
J N 5 1473 0 2 5185 144 1 124        
K 0 0 43        
A D 1 16        
J N 5 1504 -14 5 5617 144 1 124        
K 0 0 45        
K 0 0 43        
K -1 0 45        
K 2 0 45        
A D 1 16        
J N 5 1535 0 2 6049 144 1 124        
K 0 0 43        
A D 1 16        
J N 5 1566 -14 5 6481 144 1 124        
K 0 0 45        
K 0 0 43        
K -1 0 45        
K 2 0 45        
A D 1 16        
H 124 B -46 -1 108 4 22 11 11 33        
J B 38 1599 1 82 6913 144 0        
J N 5 1626 7 2 1 0 1 125        
K 0 0 43        
A D 1 16        
J N 5 1657 -14 5 433 144 1 125        
K 0 0 45        
K 0 0 43        
K -1 0 45        
K 2 0 45        
A D 1 16        
J N 5 1688 7 2 865 144 1 125        
K 0 0 43        
A D 1 16        
J N 5 1719 -14 5 1297 144 1 125        
K 0 0 45        
K 0 0 43        
K -1 0 45        
K 2 0 45        
A D 1 16        
H 125 B -53 -1 108 4 22 11 11 33        
J N 5 1750 7 2 1729 144 1 126        
K 0 0 43        
A D 1 16        
J N 5 1781 -14 5 2161 144 1 126        
K 0 0 45        
K 0 0 43        
K -1 0 45        
K 2 0 45        
A D 1 16        
J N 5 1812 7 2 2593 144 1 126        
K 0 0 43        
A D 1 16        
J N 5 1843 -14 5 3025 144 1 126        
K 0 0 45        
K 0 0 43        
K -1 0 45        
K 2 0 45        
A D 1 16        
H 126 B -53 -1 108 4 22 11 11 33        
J N 6 1874 0 2 3457 144 1 127        
K 0 0 43        
A D 2 16        
J N 6 1918 35 2 4321 288 1 127        
K 0 0 43        
A D 2 16        
H 127 B -58 12 108 2 2 3        
J N 7 1962 63 4 5185 288 0        
K 0 0 43        
K 0 0 59        
K 0 -21 59        
A D 4 16        
J B 39 2050 1 82 6913 576 0        
E *        
L 160 0 0 313 313 * 0 14 0        
J C 4 5 42 2 6913 0 0        
K 0 0 33        
K 0 0 34        
J K -1 57 0 1 6913 0 0        
K 0 28 65        
J D 0 -11 -14 1 6913 0 0        
W 0 0 0 \03\04        
J N 7 113 49 4 1 0 1 14        
K 0 0 43        
K 0 0 59        
K 0 -21 59        
A D 4 16        
J M 0 61 0 0 6913 0 1 14        
H 14 T 49 0 0 0 0 0 9 0        
J N 7 177 56 4 1729 576 0        
K 0 0 43        
K 0 0 59        
K 0 -21 59        
A D 4 16        
J N 7 267 49 4 3457 576 0        
K 0 0 43        
K 0 0 59        
K 0 -21 59        
A D 4 16        
J N 7 357 21 5 5185 576 0        
K 0 0 43        
K 0 70 108        
K 0 0 60        
K 0 21 60        
A D 4 16        
J B 35 447 1 82 6913 576 0        
J N 6 468 21 2 1 0 1 15        
K 0 0 43        
A D 2 16        
J N 6 513 49 2 865 288 1 15        
K 0 0 43        
A D 2 16        
H 15 B 41 12 108 2 2 3        
J N 7 558 28 4 1729 288 1 16        
K 0 0 43        
K 0 0 59        
K 0 -14 59        
A D 4 16        
J N 6 648 28 2 3457 576 2 17 16        
K 0 0 43        
A D 2 16        
H 16 T 28 0 0 0 0 0 13 0        
J N 6 693 21 2 4321 288 1 17        
K 0 0 43        
A D 2 16        
J N 6 738 35 2 5185 288 1 17        
K 0 0 43        
A D 2 16        
J N 6 783 42 2 6049 288 1 17        
K 0 0 43        
A D 2 16        
H 17 B 49 0 108 4 2 1 1 3        
J B 36 828 1 82 6913 288 0        
J N 7 849 35 4 1 0 0        
K 0 0 43        
K 0 0 59        
K 0 -21 59        
A D 4 16        
J N 7 913 42 4 1729 576 0        
K 0 0 43        
K 0 0 59        
K 0 -21 59        
A D 4 16        
J N 8 977 49 4 3457 576 0        
K 0 0 42        
K 0 0 59        
K 0 -21 59        
A D 8 16        
J B 37 1072 1 82 6913 1152 0        
J R 9 1321 28 2 1 10000 0        
K 0 0 46        
A D 16 16        
J B 38 1599 1 82 6913 2304 0        
J N 7 1626 21 5 1 0 0        
K -18 0 63        
K 0 0 43        
K 0 0 60        
K 0 21 60        
A D 4 16        
J R 6 1750 28 2 1729 576 0        
K 0 0 49        
A D 2 16        
J N 6 1812 21 3 2593 288 0        
K 0 0 43        
K 0 0 54        
A D 2 16        
J N 7 1874 14 4 3457 288 0        
K 0 0 43        
K 0 0 60        
K 0 21 60        
A D 4 16        
J R 7 1962 28 2 5185 576 0        
K 0 0 48        
A D 4 16        
J B 39 2050 1 82 6913 576 0        
E *        
L 320 0 0 313 313 * 0 14 0        
J C 22 5 14 36 6913 0 0        
J K -1 57 0 1 6913 0 0        
K 0 42 65        
J D 0 -11 -14 1 6913 0 0        
W 0 0 0 \03\04        
J F 0 113 98 2 1 0 0        
K 0 0 205        
K 0 21 203        
J N 7 113 35 4 1 0 0        
K 0 0 43        
K 0 0 59        
K 0 -21 59        
A D 2 8        
J F 0 177 114 2 1729 576 0        
K 0 0 204        
K 0 21 202        
J N 7 177 84 8 1729 0 0        
K 1 -14 45        
K 1 0 45        
K 0 0 43        
K -1 0 45        
K 2 0 45        
K 0 0 59        
K 0 -28 59        
A D 2 8        
J N 6 267 14 2 3457 576 1 30        
K 0 0 43        
A D 1 8        
J N 6 312 7 2 4321 288 1 30        
K 0 0 43        
A D 1 8        
J N 6 357 0 2 5185 288 1 30        
K 0 0 43        
A D 1 8        
J N 6 402 49 3 6049 288 1 30        
K 0 0 43        
K 0 64 108        
A D 1 8        
H 30 B -55 5 108 4 2 1 1 3        
J B 35 447 1 82 6913 288 0        
J F 0 468 98 1 1 0 0        
K 0 0 208        
J N 6 468 42 2 1 0 1 31        
K 0 0 43        
A D 1 8        
J N 6 513 35 2 865 288 1 31        
K 0 0 43        
A D 1 8        
J F 0 558 98 1 1729 288 0        
K 0 0 205        
J N 6 558 28 2 1729 0 1 31        
K 0 0 43        
A D 1 8        
J N 6 603 42 2 2593 288 1 31        
K 0 0 43        
A D 1 8        
H 31 B 56 0 108 4 2 1 1 3        
J F 0 648 98 1 3457 288 0        
K 0 0 206        
J N 6 648 35 2 3457 0 1 32        
K 0 0 43        
A D 1 8        
J N 6 693 21 2 4321 288 1 32        
K 0 0 43        
A D 1 8        
J N 6 738 14 2 5185 288 1 32        
K 0 0 43        
A D 1 8        
J F 0 783 98 2 6049 288 0        
K 0 0 205        
K 0 21 204        
J N 6 783 42 2 6049 0 1 32        
K 0 0 43        
A D 1 8        
H 32 B 56 0 108 4 2 1 1 3        
J B 36 828 1 82 6913 288 0        
J F 0 849 98 2 1 0 0        
K 0 0 205        
K 0 21 203        
J N 7 849 35 4 1 0 0        
K 0 0 43        
K 0 0 59        
K 0 -21 59        
A D 2 8        
J F 0 913 114 2 1729 576 0        
K 0 0 204        
K 0 21 202        
J N 7 913 84 8 1729 0 0        
K 1 -14 45        
K 1 0 45        
K 0 0 43        
K -1 0 45        
K 2 0 45        
K 0 0 59        
K 0 -28 59        
A D 2 8        
J N 8 977 63 4 3457 576 0        
K 0 0 42        
K 0 0 59        
K 0 -21 59        
A D 4 8        
J B 37 1072 1 82 6913 1152 0        
J F 0 1095 115 1 1 0 0        
K 0 0 205        
J N 6 1095 -14 7 1 0 1 33        
K 0 0 45        
K -18 0 63        
K 0 0 43        
K -1 0 45        
K 2 0 45        
K 0 99 110        
A D 1 8        
J N 6 1159 -7 3 865 288 1 33        
K -14 0 64        
K 0 0 43        
A D 1 8        
J N 6 1223 -14 5 1729 288 1 33        
K 0 0 45        
K 0 0 43        
K -1 0 45        
K 2 0 45        
A D 1 8        
J N 6 1287 0 2 2593 288 1 33        
K 0 0 43        
A D 1 8        
H 33 B -47 2 108 4 2 1 1 3        
J N 6 1349 -21 5 3457 288 1 34        
K 0 7 45        
K 0 0 43        
K 0 7 45        
K 1 7 45        
A D 1 8        
J N 6 1411 28 2 4321 288 1 34        
K 0 0 43        
A D 1 8        
J N 6 1473 14 2 5185 288 1 34        
K 0 0 43        
A D 1 8        
J N 6 1535 28 2 6049 288 1 34        
K 0 0 43        
A D 1 8        
H 34 B -87 2 108 4 2 1 1 3        
J B 38 1599 1 82 6913 288 0        
J F 0 1626 98 1 1 0 0        
K 0 0 205        
J N 6 1626 35 3 1 0 1 35        
K -18 0 63        
K 0 0 43        
A D 1 8        
J N 6 1688 42 3 865 288 1 35        
K -14 0 64        
K 0 0 43        
A D 1 8        
J N 6 1750 35 2 1729 288 1 35        
K 0 0 43        
A D 1 8        
J N 6 1812 49 2 2593 288 1 35        
K 0 0 43        
A D 1 8        
H 35 B 42 0 108 4 2 1 1 3        
J N 6 1874 28 2 3457 288 1 36        
K 0 0 43        
A D 1 8        
J N 6 1918 21 2 4321 288 1 36        
K 0 0 43        
A D 1 8        
J N 6 1962 14 2 5185 288 1 36        
K 0 0 43        
A D 1 8        
J N 6 2006 28 2 6049 288 1 36        
K 0 0 43        
A D 1 8        
H 36 B -42 0 108 4 2 1 1 3        
J B 39 2050 1 82 6913 288 0        
E *        
L 530 0 0 313 313 * 0 14 0        
J C 4 5 42 2 6913 0 0        
K 0 0 33        
K 0 0 34        
J K -1 57 0 1 6913 0 0        
K 0 28 65        
J D 0 -11 -14 1 6913 0 0        
W 0 0 0 \03\04        
J N 7 113 35 4 1 0 0        
K 0 0 43        
K 0 0 59        
K 0 -21 59        
A D 4 16        
J N 7 177 42 4 1729 576 0        
K 0 0 43        
K 0 0 59        
K 0 -21 59        
A D 4 16        
J N 7 267 49 5 3457 576 0        
K 0 0 43        
K 25 0 44        
K 0 0 59        
K 0 -21 59        
A D 6 16        
J N 6 402 21 4 6049 864 0        
K 0 0 43        
K 0 68 108        
K 0 0 54        
A D 2 16        
J B 35 447 1 82 6913 288 0        
J N 7 468 14 5 1 0 0        
K 0 0 43        
K 24 -6 44        
K 0 0 60        
K 0 21 60        
A D 6 16        
J N 6 603 63 3 2593 864 0        
K 0 0 43        
K 0 0 53        
A D 2 16        
J N 6 648 56 2 3457 288 1 24        
K 0 0 43        
A D 2 16        
J N 6 693 70 5 4321 288 1 24        
K 1 0 45        
K 0 0 43        
K -1 0 45        
K 2 0 45        
A D 2 16        
H 24 B 47 3 108 2 2 3        
J N 7 738 49 4 5185 288 1 25        
K 0 0 43        
K 0 0 59        
K 0 -21 59        
A D 4 16        
J B 36 828 1 82 6913 576 0        
J N 7 849 49 4 1 0 1 25        
K 0 0 43        
K 0 0 59        
K 0 -21 59        
A D 4 16        
H 25 T 49 0 0 0 0 0 9 0        
J N 7 913 56 4 1729 576 0        
K 0 0 43        
K 0 0 59        
K 0 -21 59        
A D 4 16        
J N 8 977 49 4 3457 576 0        
K 0 0 42        
K 0 0 59        
K 0 -21 59        
A D 8 16        
J B 37 1072 1 82 6913 1152 0        
J R 9 1321 28 2 1 10000 0        
K 0 0 46        
A D 16 16        
J B 38 1599 1 82 6913 2304 0        
J N 7 1626 7 5 1 0 0        
K 0 0 43        
K 0 79 110        
K 0 0 60        
K 0 21 60        
A D 4 16        
J R 6 1750 28 2 1729 576 0        
K 0 0 49        
A D 2 16        
J N 6 1812 7 3 2593 288 0        
K 0 0 43        
K 0 0 54        
A D 2 16        
J N 7 1874 0 4 3457 288 0        
K 0 0 43        
K 0 0 60        
K 0 21 60        
A D 4 16        
J R 7 1962 28 2 5185 576 0        
K 0 0 48        
A D 4 16        
J B 39 2050 1 82 6913 576 0        
E *        
L 690 0 0 313 313 * 0 14 0        
J C 4 5 42 2 6913 0 0        
K 0 0 33        
K 0 0 34        
J K -1 57 0 1 6913 0 0        
K 0 28 65        
J D 0 -11 -14 1 6913 0 0        
W 0 0 0 \03\04        
J N 7 113 49 4 1 0 1 14        
K 0 0 43        
K 0 0 59        
K 0 -21 59        
A D 4 16        
J M 0 61 0 0 6913 0 1 14        
H 14 T 49 0 0 0 0 0 9 0        
J N 7 177 56 4 1729 576 0        
K 0 0 43        
K 0 0 59        
K 0 -21 59        
A D 4 16        
J N 7 267 49 4 3457 576 0        
K 0 0 43        
K 0 0 59        
K 0 -21 59        
A D 4 16        
J N 7 357 21 5 5185 576 1 15        
K 0 0 43        
K 0 68 108        
K 0 0 60        
K 0 21 60        
A D 4 16        
J B 35 447 1 82 6913 576 0        
J N 6 468 21 2 1 0 2 16 15        
K 0 0 43        
A D 2 16        
H 15 T 21 0 0 0 0 0 1 0        
J N 6 513 49 2 865 288 1 16        
K 0 0 43        
A D 2 16        
H 16 B 41 12 108 2 2 3        
J N 7 558 28 4 1729 288 1 17        
K 0 0 43        
K 0 0 59        
K 0 -14 59        
A D 4 16        
J N 6 648 28 2 3457 576 2 18 17        
K 0 0 43        
A D 2 16        
H 17 T 28 0 0 0 0 0 13 0        
J N 6 693 21 2 4321 288 1 18        
K 0 0 43        
A D 2 16        
J N 6 738 35 2 5185 288 1 18        
K 0 0 43        
A D 2 16        
J N 6 783 42 2 6049 288 1 18        
K 0 0 43        
A D 2 16        
H 18 B 49 0 108 4 2 1 1 3        
J B 36 828 1 82 6913 288 0        
J N 7 849 35 4 1 0 0        
K 0 0 43        
K 0 0 59        
K 0 -21 59        
A D 4 16        
J N 7 913 42 4 1729 576 0        
K 0 0 43        
K 0 0 59        
K 0 -21 59        
A D 4 16        
J N 8 977 49 4 3457 576 0        
K 0 0 42        
K 0 0 59        
K 0 -21 59        
A D 8 16        
J B 37 1072 1 82 6913 1152 0        
J R 9 1321 28 2 1 10000 0        
K 0 0 46        
A D 16 16        
J B 38 1599 1 82 6913 2304 0        
J N 7 1626 21 5 1 0 0        
K -18 0 63        
K 0 0 43        
K 0 0 60        
K 0 21 60        
A D 4 16        
J R 6 1750 28 2 1729 576 0        
K 0 0 49        
A D 2 16        
J N 6 1812 21 3 2593 288 0        
K 0 0 43        
K 0 0 54        
A D 2 16        
J N 7 1874 14 4 3457 288 0        
K 0 0 43        
K 0 0 60        
K 0 21 60        
A D 4 16        
J R 7 1962 28 2 5185 576 0        
K 0 0 48        
A D 4 16        
J B 39 2050 1 82 6913 576 0        
E *        
L 850 0 0 313 313 * 0 14 0        
J C 13 5 28 35 6913 0 0        
J K -1 57 0 1 6913 0 0        
K 0 35 65        
J D 0 -11 -14 1 6913 0 0        
W 0 0 0 \03\04        
J N 7 113 28 4 1 0 0        
K 0 0 43        
K 0 0 60        
K 0 21 60        
A D 2 8        
J R 6 177 28 2 1729 576 0        
K 0 0 49        
A D 1 8        
J N 6 222 -21 7 2593 288 0        
K 0 7 45        
K 0 0 43        
K 0 7 45        
K 1 7 45        
K 0 0 60        
K 0 0 54        
A D 1 8        
J N 7 267 -7 4 3457 288 0        
K 0 0 43        
K 0 0 60        
K 0 21 60        
A D 2 8        
J R 6 357 28 2 5185 576 0        
K 0 0 49        
A D 1 8        
J N 6 402 7 4 6049 288 0        
K 0 0 43        
K 0 74 108        
K 0 0 54        
A D 1 8        
J B 35 447 1 82 6913 288 0        
J N 7 468 7 5 1 0 0        
K 0 0 43        
K 25 0 44        
K 0 0 60        
K 0 21 60        
A D 3 8        
J N 6 603 -14 6 2593 864 0        
K 0 0 45        
K 0 0 43        
K -1 0 45        
K 2 0 45        
K 0 0 54        
A D 1 8        
J N 7 648 0 4 3457 288 0        
K 0 0 43        
K 0 0 60        
K 0 21 60        
A D 2 8        
J R 6 738 28 2 5185 576 0        
K 0 0 49        
A D 1 8        
J N 6 783 21 3 6049 288 0        
K 0 0 43        
K 0 0 54        
A D 1 8        
J B 36 828 1 82 6913 288 0        
J N 7 849 28 4 1 0 0        
K 0 0 43        
K 0 0 60        
K 0 21 60        
A D 2 8        
J N 7 913 28 4 1729 576 0        
K 0 0 43        
K 0 0 60        
K 0 21 60        
A D 2 8        
J N 8 977 42 4 3457 576 0        
K 0 0 42        
K 0 0 59        
K 0 -21 59        
A D 4 8        
J B 37 1072 1 82 6913 1152 0        
J R 9 1321 28 2 1 10000 0        
K 0 0 46        
A D 8 8        
J B 38 1599 1 82 6913 2304 0        
J N 7 1626 -7 5 1 0 0        
K 0 0 43        
K 0 93 110        
K 0 0 60        
K 0 21 60        
A D 2 8        
J R 6 1750 28 2 1729 576 0        
K 0 0 49        
A D 1 8        
J N 6 1812 -7 3 2593 288 0        
K 0 0 43        
K 0 0 54        
A D 1 8        
J N 7 1874 -7 4 3457 288 0        
K 0 0 43        
K 0 0 60        
K 0 21 60        
A D 2 8        
J R 7 1962 28 2 5185 576 0        
K 0 0 48        
A D 2 8        
J B 39 2050 1 82 6913 576 0        
E *        
L 1010 0 0 313 313 * 0 14 0        
J C 22 5 14 36 6913 0 0        
J K -1 57 0 1 6913 0 0        
K 0 42 65        
J D 0 -11 -14 1 6913 0 0        
W 0 0 0 \03\04        
J F 0 113 98 2 1 0 0        
K 0 0 205        
K 0 21 203        
J N 7 113 35 4 1 0 0        
K 0 0 43        
K 0 0 59        
K 0 -21 59        
A D 2 8        
J F 0 177 114 2 1729 576 0        
K 0 0 204        
K 0 21 202        
J N 7 177 84 8 1729 0 0        
K 1 -14 45        
K 1 0 45        
K 0 0 43        
K -1 0 45        
K 2 0 45        
K 0 0 59        
K 0 -28 59        
A D 2 8        
J N 6 267 14 2 3457 576 1 14        
K 0 0 43        
A D 1 8        
J N 6 312 7 2 4321 288 1 14        
K 0 0 43        
A D 1 8        
J N 6 357 0 2 5185 288 1 14        
K 0 0 43        
A D 1 8        
J N 6 402 49 3 6049 288 1 14        
K 0 0 43        
K 0 64 108        
A D 1 8        
H 14 B -55 5 108 4 2 1 1 3        
J B 35 447 1 82 6913 288 0        
J F 0 468 98 1 1 0 0        
K 0 0 208        
J N 6 468 42 2 1 0 1 15        
K 0 0 43        
A D 1 8        
J N 6 513 35 2 865 288 1 15        
K 0 0 43        
A D 1 8        
J F 0 558 98 1 1729 288 0        
K 0 0 205        
J N 6 558 28 2 1729 0 1 15        
K 0 0 43        
A D 1 8        
J N 6 603 42 2 2593 288 1 15        
K 0 0 43        
A D 1 8        
H 15 B 56 0 108 4 2 1 1 3        
J F 0 648 98 1 3457 288 0        
K 0 0 206        
J N 6 648 35 2 3457 0 1 16        
K 0 0 43        
A D 1 8        
J N 6 693 21 2 4321 288 1 16        
K 0 0 43        
A D 1 8        
J N 6 738 14 2 5185 288 1 16        
K 0 0 43        
A D 1 8        
J F 0 783 98 2 6049 288 0        
K 0 0 205        
K 0 21 204        
J N 6 783 42 2 6049 0 1 16        
K 0 0 43        
A D 1 8        
H 16 B 56 0 108 4 2 1 1 3        
J B 36 828 1 82 6913 288 0        
J F 0 849 98 2 1 0 0        
K 0 0 205        
K 0 21 203        
J N 7 849 35 4 1 0 0        
K 0 0 43        
K 0 0 59        
K 0 -21 59        
A D 2 8        
J F 0 913 114 2 1729 576 0        
K 0 0 204        
K 0 21 202        
J N 7 913 84 8 1729 0 0        
K 1 -14 45        
K 1 0 45        
K 0 0 43        
K -1 0 45        
K 2 0 45        
K 0 0 59        
K 0 -28 59        
A D 2 8        
J N 8 977 63 4 3457 576 0        
K 0 0 42        
K 0 0 59        
K 0 -21 59        
A D 4 8        
J B 37 1072 1 82 6913 1152 0        
J R 9 1321 28 2 1 10000 0        
K 0 0 46        
A D 8 8        
J B 38 1599 1 82 6913 2304 0        
J F 0 1626 98 1 1 0 0        
K 0 0 205        
J N 6 1626 35 3 1 0 1 17        
K -18 0 63        
K 0 0 43        
A D 1 8        
J N 6 1688 42 3 865 288 1 17        
K -14 0 64        
K 0 0 43        
A D 1 8        
J N 6 1750 35 2 1729 288 1 17        
K 0 0 43        
A D 1 8        
J N 6 1812 49 2 2593 288 1 17        
K 0 0 43        
A D 1 8        
H 17 B 42 0 108 4 2 1 1 3        
J N 8 1874 28 4 3457 288 0        
K 0 0 42        
K 0 0 60        
K 0 21 60        
A D 4 8        
J B 39 2050 1 82 6913 1152 0        
E *        
B 1 447 0        
B 1 828 0        
B 1 1072 0        
B 1 1599 0        
B 1 2050 0        
