S 0 200 140 2050 1066 7 "[...][....]" 
L 0 0 0 313 313 * 0 14 0 
J C 4 5 42 2 6913 0 0 
K 0 0 33 
K 0 0 34 
J K -1 57 0 1 6913 0 0 
K 0 28 65 
J D 0 -11 -14 1 6913 0 0 
W 0 0 37 \03\09 
J N 5 115 -14 5 1 0 1 128 
K 0 0 45 
K 0 0 43 
K -1 0 45 
K 2 0 45 
A D 1 16 
J N 5 145 -35 6 433 144 1 128 
K 0 21 45 
K 0 7 45 
K 0 0 43 
K 0 7 45 
K 1 7 45 
A D 1 16 
J N 5 175 -14 5 865 144 1 128 
K 0 0 45 
K 0 0 43 
K -1 0 45 
K 2 0 45 
A D 1 16 
J N 5 205 -35 6 1297 144 1 128 
K 0 21 45 
K 0 7 45 
K 0 0 43 
K 0 7 45 
K 1 7 45 
A D 1 16 
H 128 B -47 -1 108 4 22 11 11 33 
J N 5 235 -14 5 1729 144 1 129 
K 0 0 45 
K 0 0 43 
K -1 0 45 
K 2 0 45 
A D 1 16 
J N 5 265 -35 6 2161 144 1 129 
K 0 21 45 
K 0 7 45 
K 0 0 43 
K 0 7 45 
K 1 7 45 
A D 1 16 
J N 5 295 -14 5 2593 144 1 129 
K 0 0 45 
K 0 0 43 
K -1 0 45 
K 2 0 45 
A D 1 16 
J N 5 325 -35 6 3025 144 1 129 
K 0 21 45 
K 0 7 45 
K 0 0 43 
K 0 7 45 
K 1 7 45 
A D 1 16 
H 129 B -47 -1 108 4 22 11 11 33 
J N 5 355 -21 5 3457 144 1 130 
K 0 7 45 
K 0 0 43 
K 0 7 45 
K 1 7 45 
A D 1 16 
J N 5 385 -35 6 3889 144 1 130 
K 0 21 45 
K 0 7 45 
K 0 0 43 
K 0 7 45 
K 1 7 45 
A D 1 16 
J N 5 415 -21 5 4321 144 1 130 
K 0 7 45 
K 0 0 43 
K 0 7 45 
K 1 7 45 
A D 1 16 
J N 5 445 -35 6 4753 144 1 130 
K 0 21 45 
K 0 7 45 
K 0 0 43 
K 0 7 45 
K 1 7 45 
A D 1 16 
H 130 B -54 -1 108 4 22 11 11 33 
J N 5 475 -21 5 5185 144 1 131 
K 0 7 45 
K 0 0 43 
K 0 7 45 
K 1 7 45 
A D 1 16 
J N 5 505 -35 6 5617 144 1 131 
K 0 21 45 
K 0 7 45 
K 0 0 43 
K 0 7 45 
K 1 7 45 
A D 1 16 
J N 5 535 -21 5 6049 144 1 131 
K 0 7 45 
K 0 0 43 
K 0 7 45 
K 1 7 45 
A D 1 16 
J N 5 565 -35 6 6481 144 1 131 
K 0 21 45 
K 0 7 45 
K 0 0 43 
K 0 7 45 
K 1 7 45 
A D 1 16 
H 131 B -54 -1 108 4 22 11 11 33 
J B 40 597 1 82 6913 144 0 
J N 5 624 -14 5 1 0 1 132 
K 0 0 45 
K 0 0 43 
K -1 0 45 
K 2 0 45 
A D 1 16 
J N 5 654 -35 6 433 144 1 132 
K 0 21 45 
K 0 7 45 
K 0 0 43 
K 0 7 45 
K 1 7 45 
A D 1 16 
J N 5 684 -14 5 865 144 1 132 
K 0 0 45 
K 0 0 43 
K -1 0 45 
K 2 0 45 
A D 1 16 
J N 5 714 -35 6 1297 144 1 132 
K 0 21 45 
K 0 7 45 
K 0 0 43 
K 0 7 45 
K 1 7 45 
A D 1 16 
H 132 B -47 -1 108 4 22 11 11 33 
J N 5 744 -14 5 1729 144 1 133 
K 0 0 45 
K 0 0 43 
K -1 0 45 
K 2 0 45 
A D 1 16 
J N 5 774 -35 6 2161 144 1 133 
K 0 21 45 
K 0 7 45 
K 0 0 43 
K 0 7 45 
K 1 7 45 
A D 1 16 
J N 5 804 -14 5 2593 144 1 133 
K 0 0 45 
K 0 0 43 
K -1 0 45 
K 2 0 45 
A D 1 16 
J N 5 834 -35 6 3025 144 1 133 
K 0 21 45 
K 0 7 45 
K 0 0 43 
K 0 7 45 
K 1 7 45 
A D 1 16 
H 133 B -47 -1 108 4 22 11 11 33 
J N 6 864 -21 5 3457 144 1 134 
K 0 7 45 
K 0 0 43 
K 0 7 45 
K 1 7 45 
A D 2 16 
J N 6 907 14 2 4321 288 1 134 
K 0 0 43 
A D 2 16 
H 134 B -65 13 108 2 2 3 
J N 7 950 42 4 5185 288 0 
K 0 0 43 
K 0 0 59 
K 0 -21 59 
A D 4 16 
J B 41 1036 1 82 6913 576 0 
J N 5 1063 -7 3 1 0 1 135 
K -18 0 63 
K 0 0 43 
A D 1 16 
J N 5 1093 7 2 433 144 1 135 
K 0 0 43 
A D 1 16 
J N 5 1123 -7 2 865 144 1 135 
K 0 0 43 
A D 1 16 
J N 5 1153 7 2 1297 144 1 135 
K 0 0 43 
A D 1 16 
H 135 B -64 1 108 4 22 11 11 33 
J N 5 1183 -7 2 1729 144 1 136 
K 0 0 43 
A D 1 16 
J N 5 1213 7 2 2161 144 1 136 
K 0 0 43 
A D 1 16 
J N 5 1243 -7 2 2593 144 1 136 
K 0 0 43 
A D 1 16 
J N 5 1273 7 2 3025 144 1 136 
K 0 0 43 
A D 1 16 
H 136 B -64 1 108 4 22 11 11 33 
J N 5 1303 -14 5 3457 144 1 137 
K 0 0 45 
K 0 0 43 
K -1 0 45 
K 2 0 45 
A D 1 16 
J N 5 1333 7 2 3889 144 1 137 
K 0 0 43 
A D 1 16 
J N 5 1363 -14 5 4321 144 1 137 
K 0 0 45 
K 0 0 43 
K -1 0 45 
K 2 0 45 
A D 1 16 
J N 5 1393 7 2 4753 144 1 137 
K 0 0 43 
A D 1 16 
H 137 B -71 1 108 4 22 11 11 33 
J N 5 1423 -14 5 5185 144 1 138 
K 0 0 45 
K 0 0 43 
K -1 0 45 
K 2 0 45 
A D 1 16 
J N 5 1453 7 2 5617 144 1 138 
K 0 0 43 
A D 1 16 
J N 5 1483 -14 5 6049 144 1 138 
K 0 0 45 
K 0 0 43 
K -1 0 45 
K 2 0 45 
A D 1 16 
J N 5 1513 7 2 6481 144 1 138 
K 0 0 43 
A D 1 16 
H 138 B -71 1 108 4 22 11 11 33 
J B 42 1545 1 82 6913 144 0 
J N 5 1572 -21 6 1 0 1 139 
K 0 7 45 
K -14 0 64 
K 0 0 43 
K 0 7 45 
K 1 7 45 
A D 1 16 
J N 5 1602 7 2 433 144 1 139 
K 0 0 43 
A D 1 16 
J N 5 1632 -21 5 865 144 1 139 
K 0 7 45 
K 0 0 43 
K 0 7 45 
K 1 7 45 
A D 1 16 
J N 5 1662 7 2 1297 144 1 139 
K 0 0 43 
A D 1 16 
H 139 B -78 1 108 4 22 11 11 33 
J N 5 1692 -21 5 1729 144 1 140 
K 0 7 45 
K 0 0 43 
K 0 7 45 
K 1 7 45 
A D 1 16 
J N 5 1722 7 2 2161 144 1 140 
K 0 0 43 
A D 1 16 
J N 5 1752 -21 5 2593 144 1 140 
K 0 7 45 
K 0 0 43 
K 0 7 45 
K 1 7 45 
A D 1 16 
J N 5 1782 7 2 3025 144 1 140 
K 0 0 43 
A D 1 16 
H 140 B -78 1 108 4 22 11 11 33 
J N 5 1812 -28 6 3457 144 1 141 
K 0 14 45 
K 0 0 45 
K 0 0 43 
K -1 0 45 
K 2 0 45 
A D 1 16 
J N 5 1842 -14 5 3889 144 1 141 
K 0 0 45 
K 0 0 43 
K -1 0 45 
K 2 0 45 
A D 1 16 
J N 5 1872 -28 6 4321 144 1 141 
K 0 14 45 
K 0 0 45 
K 0 0 43 
K -1 0 45 
K 2 0 45 
A D 1 16 
J N 5 1902 -14 5 4753 144 1 141 
K 0 0 45 
K 0 0 43 
K -1 0 45 
K 2 0 45 
A D 1 16 
H 141 B -57 1 108 4 22 11 11 33 
J N 5 1931 -28 6 5185 144 1 142 
K 0 14 45 
K 0 0 45 
K 0 0 43 
K -1 0 45 
K 2 0 45 
A D 1 16 
J N 5 1960 -14 5 5617 144 1 142 
K 0 0 45 
K 0 0 43 
K -1 0 45 
K 2 0 45 
A D 1 16 
J N 5 1989 -28 6 6049 144 1 142 
K 0 14 45 
K 0 0 45 
K 0 0 43 
K -1 0 45 
K 2 0 45 
A D 1 16 
J N 5 2018 -14 5 6481 144 1 142 
K 0 0 45 
K 0 0 43 
K -1 0 45 
K 2 0 45 
A D 1 16 
H 142 B -58 1 108 4 22 11 11 33 
J B 43 2050 1 82 6913 144 0 
E * 
L 160 0 0 313 313 * 0 14 0 
J C 4 5 42 2 6913 0 0 
K 0 0 33 
K 0 0 34 
J K -1 57 0 1 6913 0 0 
K 0 28 65 
J D 0 -11 -14 1 6913 0 0 
W 0 0 0 \03\09 
J R 9 330 28 2 1 10000 0 
K 0 0 46 
A D 16 16 
J B 40 597 1 82 6913 2304 0 
J N 7 624 0 5 1 0 0 
K -18 0 63 
K 0 0 43 
K 0 0 60 
K 0 21 60 
A D 4 16 
J R 6 744 28 2 1729 576 0 
K 0 0 49 
A D 2 16 
J N 6 804 0 3 2593 288 0 
K 0 0 43 
K 0 0 54 
A D 2 16 
J N 7 864 -7 4 3457 288 0 
K 0 0 43 
K 0 0 60 
K 0 21 60 
A D 4 16 
J R 7 950 28 2 5185 576 0 
K 0 0 48 
A D 4 16 
J B 41 1036 1 82 6913 576 0 
J R 9 1276 28 2 1 10000 0 
K 0 0 46 
A D 16 16 
J B 42 1545 1 82 6913 2304 0 
J N 7 1572 -7 5 1 0 0 
K -18 0 63 
K 0 0 43 
K 0 0 60 
K 0 21 60 
A D 4 16 
J R 6 1692 28 2 1729 576 0 
K 0 0 49 
A D 2 16 
J N 6 1752 -7 3 2593 288 0 
K 0 0 43 
K 0 0 54 
A D 2 16 
J N 7 1812 -14 7 3457 288 0 
K 0 0 45 
K 0 0 43 
K -1 0 45 
K 2 0 45 
K 0 0 60 
K 0 21 60 
A D 4 16 
J R 7 1931 28 2 5185 576 0 
K 0 0 48 
A D 4 16 
J B 43 2050 1 82 6913 576 0 
E * 
L 320 0 0 313 313 * 0 14 0 
J C 22 5 14 36 6913 0 0 
J K -1 57 0 1 6913 0 0 
K 0 42 65 
J D 0 -11 -14 1 6913 0 0 
W 0 0 0 \03\09 
J F 0 115 98 1 1 0 0 
K 0 0 205 
J N 6 115 14 3 1 0 1 37 
K -18 0 63 
K 0 0 43 
A D 1 8 
J N 6 175 21 2 865 288 1 37 
K 0 0 43 
A D 1 8 
J N 6 235 14 2 1729 288 1 37 
K 0 0 43 
A D 1 8 
J N 6 295 28 2 2593 288 1 37 
K 0 0 43 
A D 1 8 
H 37 B -47 2 108 4 2 1 1 3 
J N 6 355 7 2 3457 288 1 38 
K 0 0 43 
A D 1 8 
J N 6 415 0 2 4321 288 1 38 
K 0 0 43 
A D 1 8 
J N 6 475 -7 2 5185 288 1 38 
K 0 0 43 
A D 1 8 
J N 6 535 7 2 6049 288 1 38 
K 0 0 43 
A D 1 8 
H 38 B -49 0 108 4 2 1 1 3 
J B 40 597 1 82 6913 288 0 
J F 0 624 98 1 1 0 0 
K 0 0 205 
J N 6 624 14 3 1 0 1 39 
K -18 0 63 
K 0 0 43 
A D 1 8 
J N 6 684 21 2 865 288 1 39 
K 0 0 43 
A D 1 8 
J N 6 744 14 2 1729 288 1 39 
K 0 0 43 
A D 1 8 
J N 6 804 28 2 2593 288 1 39 
K 0 0 43 
A D 1 8 
H 39 B -47 2 108 4 2 1 1 3 
J N 6 864 7 2 3457 288 1 40 
K 0 0 43 
A D 1 8 
J N 6 907 0 2 4321 288 1 40 
K 0 0 43 
A D 1 8 
J N 6 950 -7 2 5185 288 1 40 
K 0 0 43 
A D 1 8 
J N 6 993 7 2 6049 288 1 40 
K 0 0 43 
A D 1 8 
H 40 B -49 0 108 4 2 1 1 3 
J B 41 1036 1 82 6913 288 0 
J F 0 1063 98 1 1 0 0 
K 0 0 213 
J N 6 1063 21 2 1 0 1 41 
K 0 0 43 
A D 1 8 
J N 6 1123 14 2 865 288 1 41 
K 0 0 43 
A D 1 8 
J N 6 1183 21 2 1729 288 1 41 
K 0 0 43 
A D 1 8 
J N 6 1243 28 2 2593 288 1 41 
K 0 0 43 
A D 1 8 
H 41 B -49 0 108 4 2 1 1 3 
J F 0 1303 98 1 3457 288 0 
K 0 0 205 
J N 6 1303 35 2 3457 0 1 42 
K 0 0 43 
A D 1 8 
J N 6 1363 42 3 4321 288 1 42 
K -14 0 64 
K 0 0 43 
A D 1 8 
J N 6 1423 35 2 5185 288 1 42 
K 0 0 43 
A D 1 8 
J N 6 1483 49 2 6049 288 1 42 
K 0 0 43 
A D 1 8 
H 42 B 42 0 108 4 2 1 1 3 
J B 42 1545 1 82 6913 288 0 
J F 0 1572 98 1 1 0 0 
K 0 0 205 
J N 6 1572 7 3 1 0 1 43 
K -18 0 63 
K 0 0 43 
A D 1 8 
J N 6 1632 14 3 865 288 1 43 
K -18 0 63 
K 0 0 43 
A D 1 8 
J N 6 1692 7 2 1729 288 1 43 
K 0 0 43 
A D 1 8 
J N 6 1752 21 2 2593 288 1 43 
K 0 0 43 
A D 1 8 
H 43 B -54 2 108 4 2 1 1 3 
J N 6 1812 0 2 3457 288 1 44 
K 0 0 43 
A D 1 8 
J N 6 1872 -7 3 4321 288 1 44 
K -14 0 64 
K 0 0 43 
A D 1 8 
J N 6 1931 -14 5 5185 288 1 44 
K 0 0 45 
K 0 0 43 
K -1 0 45 
K 2 0 45 
A D 1 8 
J N 6 1989 0 2 6049 288 1 44 
K 0 0 43 
A D 1 8 
H 44 B -46 0 108 4 2 1 1 3 
J B 43 2050 1 82 6913 288 0 
E * 
L 530 0 0 313 313 * 0 14 0 
J C 4 5 42 2 6913 0 0 
K 0 0 33 
K 0 0 34 
J K -1 57 0 1 6913 0 0 
K 0 28 65 
J D 0 -11 -14 1 6913 0 0 
W 0 0 0 \03\09 
J R 9 330 28 2 1 10000 0 
K 0 0 46 
A D 16 16 
J B 40 597 1 82 6913 2304 0 
J N 7 624 -14 7 1 0 0 
K 0 0 45 
K 0 0 43 
K -1 0 45 
K 2 0 45 
K 0 0 60 
K 0 21 60 
A D 4 16 
J R 6 744 28 2 1729 576 0 
K 0 0 49 
A D 2 16 
J N 6 804 -14 6 2593 288 0 
K 0 0 45 
K 0 0 43 
K -1 0 45 
K 2 0 45 
K 0 0 54 
A D 2 16 
J N 7 864 -21 7 3457 288 0 
K 0 7 45 
K 0 0 43 
K 0 7 45 
K 1 7 45 
K 0 0 60 
K 0 21 60 
A D 4 16 
J R 7 950 28 2 5185 576 0 
K 0 0 48 
A D 4 16 
J B 41 1036 1 82 6913 576 0 
J R 9 1276 28 2 1 10000 0 
K 0 0 46 
A D 16 16 
J B 42 1545 1 82 6913 2304 0 
J N 7 1572 -21 8 1 0 0 
K 0 7 45 
K -14 0 64 
K 0 0 43 
K 0 7 45 
K 1 7 45 
K 0 0 60 
K 0 21 60 
A D 4 16 
J R 6 1692 28 2 1729 576 0 
K 0 0 49 
A D 2 16 
J N 6 1752 -21 7 2593 288 0 
K 0 7 45 
K 0 0 43 
K 0 7 45 
K 1 7 45 
K 0 0 60 
K 0 0 54 
A D 2 16 
J N 7 1812 -28 8 3457 288 0 
K 0 14 45 
K 0 0 45 
K 0 0 43 
K -1 0 45 
K 2 0 45 
K 0 0 60 
K 0 28 60 
A D 4 16 
J R 7 1931 28 2 5185 576 0 
K 0 0 48 
A D 4 16 
J B 43 2050 1 82 6913 576 0 
E * 
L 690 0 0 313 313 * 0 14 0 
J C 4 5 42 2 6913 0 0 
K 0 0 33 
K 0 0 34 
J K -1 57 0 1 6913 0 0 
K 0 28 65 
J D 0 -11 -14 1 6913 0 0 
W 0 0 0 \03\09 
J R 9 330 28 2 1 10000 0 
K 0 0 46 
A D 16 16 
J B 40 597 1 82 6913 2304 0 
J N 7 624 0 5 1 0 0 
K -18 0 63 
K 0 0 43 
K 0 0 60 
K 0 21 60 
A D 4 16 
J R 6 744 28 2 1729 576 0 
K 0 0 49 
A D 2 16 
J N 6 804 0 3 2593 288 0 
K 0 0 43 
K 0 0 54 
A D 2 16 
J N 7 864 -7 4 3457 288 0 
K 0 0 43 
K 0 0 60 
K 0 21 60 
A D 4 16 
J R 7 950 28 2 5185 576 0 
K 0 0 48 
A D 4 16 
J B 41 1036 1 82 6913 576 0 
J R 9 1276 28 2 1 10000 0 
K 0 0 46 
A D 16 16 
J B 42 1545 1 82 6913 2304 0 
J N 7 1572 -7 5 1 0 0 
K -18 0 63 
K 0 0 43 
K 0 0 60 
K 0 21 60 
A D 4 16 
J R 6 1692 28 2 1729 576 0 
K 0 0 49 
A D 2 16 
J N 6 1752 -7 3 2593 288 0 
K 0 0 43 
K 0 0 54 
A D 2 16 
J N 7 1812 -14 7 3457 288 0 
K 0 0 45 
K 0 0 43 
K -1 0 45 
K 2 0 45 
K 0 0 60 
K 0 21 60 
A D 4 16 
J R 7 1931 28 2 5185 576 0 
K 0 0 48 
A D 4 16 
J B 43 2050 1 82 6913 576 0 
E * 
L 850 0 0 313 313 * 0 14 0 
J C 13 5 28 35 6913 0 0 
J K -1 57 0 1 6913 0 0 
K 0 35 65 
J D 0 -11 -14 1 6913 0 0 
W 0 0 0 \03\09 
J R 9 330 28 2 1 10000 0 
K 0 0 46 
A D 8 8 
J B 40 597 1 82 6913 2304 0 
J N 7 624 21 4 1 0 0 
K 0 0 43 
K 0 0 60 
K 0 21 60 
A D 2 8 
J R 6 744 28 2 1729 576 0 
K 0 0 49 
A D 1 8 
J N 6 804 21 3 2593 288 0 
K 0 0 43 
K 0 0 54 
A D 1 8 
J N 7 864 21 4 3457 288 0 
K 0 0 43 
K 0 0 60 
K 0 21 60 
A D 2 8 
J R 7 950 28 2 5185 576 0 
K 0 0 48 
A D 2 8 
J B 41 1036 1 82 6913 576 0 
J R 9 1276 28 2 1 10000 0 
K 0 0 46 
A D 8 8 
J B 42 1545 1 82 6913 2304 0 
J N 7 1572 14 4 1 0 0 
K 0 0 43 
K 0 0 60 
K 0 21 60 
A D 2 8 
J R 6 1692 28 2 1729 576 0 
K 0 0 49 
A D 1 8 
J N 6 1752 14 3 2593 288 0 
K 0 0 43 
K 0 0 54 
A D 1 8 
J N 7 1812 14 4 3457 288 0 
K 0 0 43 
K 0 0 60 
K 0 21 60 
A D 2 8 
J R 7 1931 28 2 5185 576 0 
K 0 0 48 
A D 2 8 
J B 43 2050 1 82 6913 576 0 
E * 
L 1010 0 0 313 313 * 0 14 0 
J C 22 5 14 36 6913 0 0 
J K -1 57 0 1 6913 0 0 
K 0 42 65 
J D 0 -11 -14 1 6913 0 0 
W 0 0 0 \03\09 
J R 9 330 28 2 1 10000 0 
K 0 0 46 
A D 8 8 
J B 40 597 1 82 6913 2304 0 
J F 0 624 98 1 1 0 0 
K 0 0 205 
J N 6 624 14 3 1 0 1 18 
K -18 0 63 
K 0 0 43 
A D 1 8 
J N 6 684 21 2 865 288 1 18 
K 0 0 43 
A D 1 8 
J N 6 744 14 2 1729 288 1 18 
K 0 0 43 
A D 1 8 
J N 6 804 28 2 2593 288 1 18 
K 0 0 43 
A D 1 8 
H 18 B -47 2 108 4 2 1 1 3 
J N 7 864 7 4 3457 288 0 
K 0 0 43 
K 0 0 60 
K 0 21 60 
A D 2 8 
J R 7 950 28 2 5185 576 0 
K 0 0 48 
A D 2 8 
J B 41 1036 1 82 6913 576 0 
J R 9 1276 28 2 1 10000 0 
K 0 0 46 
A D 8 8 
J B 42 1545 1 82 6913 2304 0 
J F 0 1572 98 1 1 0 0 
K 0 0 205 
J N 6 1572 7 3 1 0 1 19 
K -18 0 63 
K 0 0 43 
A D 1 8 
J N 6 1632 14 3 865 288 1 19 
K -18 0 63 
K 0 0 43 
A D 1 8 
J N 6 1692 7 2 1729 288 1 19 
K 0 0 43 
A D 1 8 
J N 6 1752 21 2 2593 288 1 19 
K 0 0 43 
A D 1 8 
H 19 B -54 2 108 4 2 1 1 3 
J N 7 1812 0 4 3457 288 0 
K 0 0 43 
K 0 0 60 
K 0 21 60 
A D 2 8 
J R 7 1931 28 2 5185 576 0 
K 0 0 48 
A D 2 8 
J B 43 2050 1 82 6913 576 0 
E * 
B 1 597 0 
B 1 1036 0 
B 1 1545 0 
B 1 2050 0 
S 0 200 1510 2050 1066 7 "[...][....]" 
L 0 0 0 313 313 * 0 14 0 
J C 4 5 42 2 6913 0 0 
K 0 0 33 
K 0 0 34 
J K -1 57 0 1 6913 0 0 
K 0 28 65 
J D 0 -11 -14 1 6913 0 0 
W 0 0 37 \04\03 
J N 5 113 -35 6 1 0 1 143 
K 0 21 45 
K 0 7 45 
K 0 0 43 
K 0 7 45 
K 1 7 45 
A D 1 16 
J N 5 140 -14 5 433 144 1 143 
K 0 0 45 
K 0 0 43 
K -1 0 45 
K 2 0 45 
A D 1 16 
J N 5 167 -35 6 865 144 1 143 
K 0 21 45 
K 0 7 45 
K 0 0 43 
K 0 7 45 
K 1 7 45 
A D 1 16 
J N 5 194 -14 5 1297 144 1 143 
K 0 0 45 
K 0 0 43 
K -1 0 45 
K 2 0 45 
A D 1 16 
H 143 B -65 1 108 4 22 11 11 33 
J N 5 221 -35 6 1729 144 1 144 
K 0 21 45 
K 0 7 45 
K 0 0 43 
K 0 7 45 
K 1 7 45 
A D 1 16 
J N 5 248 -14 5 2161 144 1 144 
K 0 0 45 
K 0 0 43 
K -1 0 45 
K 2 0 45 
A D 1 16 
J N 5 275 -35 6 2593 144 1 144 
K 0 21 45 
K 0 7 45 
K 0 0 43 
K 0 7 45 
K 1 7 45 
A D 1 16 
J N 5 302 -14 5 3025 144 1 144 
K 0 0 45 
K 0 0 43 
K -1 0 45 
K 2 0 45 
A D 1 16 
H 144 B -65 1 108 4 22 11 11 33 
J N 6 329 -42 7 3457 144 1 145 
K 0 28 45 
K 0 14 45 
K 0 0 45 
K 0 0 43 
K -1 0 45 
K 2 0 45 
A D 2 16 
J N 6 373 7 2 4321 288 2 146 145 
K 0 0 43 
A D 2 16 
J N 6 409 21 2 5185 288 1 145 
K 0 0 43 
A D 2 16 
J N 6 449 28 3 6049 288 2 145 146 
K -14 0 64 
K 0 0 43 
A D 2 16 
H 145 B -90 6 108 4 2 1 1 3 
H 146 S 0 0 0 0 0 0 0 0 0 
J B 44 489 1 82 6913 288 0 
J N 7 510 21 4 1 0 0 
K 0 0 43 
K 0 0 60 
K 0 21 60 
A D 4 16 
J N 7 566 28 5 1729 576 0 
K -14 0 64 
K 0 0 43 
K 0 0 60 
K 0 21 60 
A D 4 16 
J N 8 627 35 4 3457 576 0 
K 0 0 42 
K 0 0 59 
K 0 -21 59 
A D 8 16 
J B 45 706 1 82 6913 1152 0 
J N 5 733 -7 4 1 0 2 147 148 
K -18 0 63 
K 0 0 43 
K 0 88 108 
A D 1 16 
J N 5 760 7 2 433 144 2 148 147 
K 0 0 43 
A D 1 16 
H 147 S 0 0 0 0 0 0 0 0 0 
J N 5 787 -7 2 865 144 2 149 148 
K 0 0 43 
A D 1 16 
J N 5 814 7 2 1297 144 2 148 149 
K 0 0 43 
A D 1 16 
H 148 B -65 1 108 4 22 11 11 33 
H 149 S 0 0 0 0 0 0 0 0 0 
J N 5 841 -7 2 1729 144 2 150 151 
K 0 0 43 
A D 1 16 
J N 5 868 7 2 2161 144 2 151 150 
K 0 0 43 
A D 1 16 
H 150 S 0 0 0 0 0 0 0 0 0 
J N 5 895 -7 2 2593 144 2 152 151 
K 0 0 43 
A D 1 16 
J N 5 922 7 2 3025 144 2 151 152 
K 0 0 43 
A D 1 16 
H 151 B -65 1 108 4 22 11 11 33 
H 152 S 0 0 0 0 0 0 0 0 0 
J N 5 949 -14 5 3457 144 2 153 154 
K 0 0 45 
K 0 0 43 
K -1 0 45 
K 2 0 45 
A D 1 16 
J N 5 976 7 2 3889 144 2 154 153 
K 0 0 43 
A D 1 16 
H 153 S 0 3 0 0 0 0 0 0 0 
J N 5 1003 -14 5 4321 144 2 155 154 
K 0 0 45 
K 0 0 43 
K -1 0 45 
K 2 0 45 
A D 1 16 
J N 5 1030 7 2 4753 144 2 154 155 
K 0 0 43 
A D 1 16 
H 154 B -70 2 108 4 22 11 11 33 
H 155 S 0 3 0 0 0 0 0 0 0 
J N 5 1057 -14 5 5185 144 2 156 157 
K 0 0 45 
K 0 0 43 
K -1 0 45 
K 2 0 45 
A D 1 16 
J N 5 1084 7 2 5617 144 2 157 156 
K 0 0 43 
A D 1 16 
H 156 S 0 3 0 0 0 0 0 0 0 
J N 5 1111 -14 5 6049 144 2 158 157 
K 0 0 45 
K 0 0 43 
K -1 0 45 
K 2 0 45 
A D 1 16 
J N 5 1138 7 2 6481 144 2 157 158 
K 0 0 43 
A D 1 16 
H 157 B -70 2 108 4 22 11 11 33 
H 158 S 0 3 0 0 0 0 0 0 0 
J B 46 1170 1 82 6913 144 0 
J N 5 1197 -21 6 1 0 2 159 160 
K 0 7 45 
K -14 0 64 
K 0 0 43 
K 0 7 45 
K 1 7 45 
A D 1 16 
J N 5 1224 7 2 433 144 2 160 159 
K 0 0 43 
A D 1 16 
H 159 S 0 2 0 0 0 0 0 1 1 
J N 5 1251 -21 5 865 144 2 161 160 
K 0 7 45 
K 0 0 43 
K 0 7 45 
K 1 7 45 
A D 1 16 
J N 5 1278 7 2 1297 144 2 160 161 
K 0 0 43 
A D 1 16 
H 160 B -77 2 108 4 22 11 11 33 
H 161 S 0 2 0 0 0 0 0 1 1 
J N 5 1305 -21 5 1729 144 2 162 163 
K 0 7 45 
K 0 0 43 
K 0 7 45 
K 1 7 45 
A D 1 16 
J N 5 1333 7 2 2161 144 2 163 162 
K 0 0 43 
A D 1 16 
H 162 S 0 3 0 0 0 0 0 1 1 
J N 5 1361 -21 5 2593 144 2 164 163 
K 0 7 45 
K 0 0 43 
K 0 7 45 
K 1 7 45 
A D 1 16 
J N 5 1389 7 2 3025 144 2 163 164 
K 0 0 43 
A D 1 16 
H 163 B -77 2 108 4 22 11 11 33 
H 164 S 0 3 0 0 0 0 0 1 1 
J N 5 1417 -28 6 3457 144 2 165 166 
K 0 14 45 
K 0 0 45 
K 0 0 43 
K -1 0 45 
K 2 0 45 
A D 1 16 
J N 5 1445 -14 5 3889 144 2 166 165 
K 0 0 45 
K 0 0 43 
K -1 0 45 
K 2 0 45 
A D 1 16 
H 165 S 0 0 0 0 0 0 0 0 0 
J N 5 1473 -28 6 4321 144 2 167 166 
K 0 14 45 
K 0 0 45 
K 0 0 43 
K -1 0 45 
K 2 0 45 
A D 1 16 
J N 5 1501 -14 5 4753 144 2 166 167 
K 0 0 45 
K 0 0 43 
K -1 0 45 
K 2 0 45 
A D 1 16 
H 166 B -58 1 108 4 22 11 11 33 
H 167 S 0 0 0 0 0 0 0 0 0 
J N 5 1529 -28 6 5185 144 2 168 169 
K 0 14 45 
K 0 0 45 
K 0 0 43 
K -1 0 45 
K 2 0 45 
A D 1 16 
J N 5 1557 -14 5 5617 144 2 169 168 
K 0 0 45 
K 0 0 43 
K -1 0 45 
K 2 0 45 
A D 1 16 
H 168 S 0 0 0 0 0 0 0 0 0 
J N 5 1585 -28 6 6049 144 2 170 169 
K 0 14 45 
K 0 0 45 
K 0 0 43 
K -1 0 45 
K 2 0 45 
A D 1 16 
J N 5 1613 -14 5 6481 144 2 169 170 
K 0 0 45 
K 0 0 43 
K -1 0 45 
K 2 0 45 
A D 1 16 
H 169 B -58 1 108 4 22 11 11 33 
H 170 S 0 0 0 0 0 0 0 0 0 
J B 47 1645 1 82 6913 144 0 
J N 5 1666 -35 6 1 0 2 171 172 
K 0 21 45 
K 0 7 45 
K 0 0 43 
K 0 7 45 
K 1 7 45 
A D 1 16 
J N 5 1694 -14 5 433 144 2 172 171 
K 0 0 45 
K 0 0 43 
K -1 0 45 
K 2 0 45 
A D 1 16 
H 171 S 0 3 0 0 0 0 0 1 0 
J N 5 1722 -35 6 865 144 2 173 172 
K 0 21 45 
K 0 7 45 
K 0 0 43 
K 0 7 45 
K 1 7 45 
A D 1 16 
J N 5 1750 -14 5 1297 144 2 172 173 
K 0 0 45 
K 0 0 43 
K -1 0 45 
K 2 0 45 
A D 1 16 
H 172 B -65 1 108 4 22 11 11 33 
H 173 S 0 3 0 0 0 0 0 1 0 
J N 5 1778 -35 6 1729 144 2 174 175 
K 0 21 45 
K 0 7 45 
K 0 0 43 
K 0 7 45 
K 1 7 45 
A D 1 16 
J N 5 1806 -14 5 2161 144 2 175 174 
K 0 0 45 
K 0 0 43 
K -1 0 45 
K 2 0 45 
A D 1 16 
H 174 S 0 3 0 0 0 0 0 1 0 
J N 5 1834 -35 6 2593 144 2 176 175 
K 0 21 45 
K 0 7 45 
K 0 0 43 
K 0 7 45 
K 1 7 45 
A D 1 16 
J N 5 1862 -14 5 3025 144 2 175 176 
K 0 0 45 
K 0 0 43 
K -1 0 45 
K 2 0 45 
A D 1 16 
H 175 B -65 1 108 4 22 11 11 33 
H 176 S 0 3 0 0 0 0 0 1 0 
J N 6 1890 -42 7 3457 144 1 177 
K 0 28 45 
K 0 14 45 
K 0 0 45 
K 0 0 43 
K -1 0 45 
K 2 0 45 
A D 2 16 
J N 6 1934 7 2 4321 288 2 178 177 
K 0 0 43 
A D 2 16 
J N 6 1970 21 2 5185 288 1 177 
K 0 0 43 
A D 2 16 
J N 6 2010 28 3 6049 288 2 177 178 
K -14 0 64 
K 0 0 43 
A D 2 16 
H 177 B -90 6 108 4 2 1 1 3 
H 178 S 0 0 0 0 0 0 0 0 0 
J B 48 2050 1 82 6913 288 0 
E * 
L 160 0 0 313 313 * 0 14 0 
J C 4 5 42 2 6913 0 0 
K 0 0 33 
K 0 0 34 
J K -1 57 0 1 6913 0 0 
K 0 28 65 
J D 0 -11 -14 1 6913 0 0 
W 0 0 0 \04\03 
J N 7 113 0 4 1 0 0 
K 0 0 43 
K 0 0 60 
K 0 21 60 
A D 4 16 
J R 7 221 28 2 1729 576 0 
K 0 0 48 
A D 4 16 
J N 6 329 7 2 3457 576 1 18 
K 0 0 43 
A D 2 16 
J N 6 373 -7 3 4321 288 1 18 
K -18 0 63 
K 0 0 43 
A D 2 16 
H 18 B -42 -4 108 2 2 3 
J N 7 409 -14 7 5185 288 1 19 
K 0 0 45 
K 0 0 43 
K -1 0 45 
K 2 0 45 
K 0 0 60 
K 0 21 60 
A D 4 16 
J B 44 489 1 82 6913 576 0 
J N 7 510 -14 7 1 0 1 19 
K 0 0 45 
K 0 0 43 
K -1 0 45 
K 2 0 45 
K 0 0 60 
K 0 21 60 
A D 4 16 
H 19 T -14 0 0 0 0 0 5 0 
J N 7 566 -7 5 1729 576 0 
K -18 0 63 
K 0 0 43 
K 0 0 60 
K 0 21 60 
A D 4 16 
J N 8 627 -14 7 3457 576 0 
K 0 0 45 
K 0 0 42 
K -1 0 45 
K 2 0 45 
K 0 0 60 
K 0 21 60 
A D 8 16 
J B 45 706 1 82 6913 1152 0 
J R 9 924 28 2 1 10000 0 
K 0 0 46 
A D 16 16 
J B 46 1170 1 82 6913 2304 0 
J N 7 1197 -7 6 1 0 0 
K -18 0 63 
K 0 0 43 
K 0 86 108 
K 0 0 60 
K 0 21 60 
A D 4 16 
J R 6 1305 28 2 1729 576 0 
K 0 0 49 
A D 2 16 
J N 6 1361 -7 3 2593 288 0 
K 0 0 43 
K 0 0 54 
A D 2 16 
J N 7 1417 -14 7 3457 288 0 
K 0 0 45 
K 0 0 43 
K -1 0 45 
K 2 0 45 
K 0 0 60 
K 0 21 60 
A D 4 16 
J R 7 1529 28 2 5185 576 0 
K 0 0 48 
A D 4 16 
J B 47 1645 1 82 6913 576 0 
J N 7 1666 0 4 1 0 0 
K 0 0 43 
K 0 0 60 
K 0 21 60 
A D 4 16 
J R 7 1778 28 2 1729 576 0 
K 0 0 48 
A D 4 16 
J N 6 1890 7 2 3457 576 1 20 
K 0 0 43 
A D 2 16 
J N 6 1934 -7 3 4321 288 1 20 
K -18 0 63 
K 0 0 43 
A D 2 16 
H 20 B -42 -4 108 2 2 3 
J N 7 1970 -14 7 5185 288 1 21 
K 0 0 45 
K 0 0 43 
K -1 0 45 
K 2 0 45 
K 0 0 60 
K 0 21 60 
A D 4 16 
J B 48 2050 1 82 6913 576 0 
J M 0 2050 0 0 6913 0 1 21 
H 21 T -14 0 0 0 0 0 5 0 
E * 
L 320 0 0 313 313 * 0 14 0 
J C 22 5 14 36 6913 0 0 
J K -1 57 0 1 6913 0 0 
K 0 42 65 
J D 0 -11 -14 1 6913 0 0 
W 0 0 0 \04\03 
J N 6 113 14 2 1 0 1 45 
K 0 0 43 
A D 1 8 
J N 6 167 21 2 865 288 1 45 
K 0 0 43 
A D 1 8 
J N 6 221 14 2 1729 288 1 45 
K 0 0 43 
A D 1 8 
J N 6 275 28 2 2593 288 1 45 
K 0 0 43 
A D 1 8 
H 45 B -56 1 108 4 2 1 1 3 
J F 0 329 98 1 3457 288 0 
K 0 0 205 
J N 6 329 7 3 3457 0 1 46 
K -18 0 63 
K 0 0 43 
A D 1 8 
J N 6 373 21 2 4321 288 1 46 
K 0 0 43 
A D 1 8 
J N 6 409 0 2 5185 288 1 46 
K 0 0 43 
A D 1 8 
J F 0 449 98 3 6049 288 0 
K 0 0 205 
K 15 0 218 
K 0 21 204 
J N 6 449 28 2 6049 0 1 46 
K 0 0 43 
A D 1 8 
H 46 B -64 1 108 4 2 1 1 3 
J B 44 489 1 82 6913 288 0 
J F 0 510 98 2 1 0 0 
K 0 0 205 
K 0 21 203 
J N 6 510 21 2 1 0 1 47 
K 0 0 43 
A D 1 8 
J N 6 538 28 2 865 288 1 47 
K 0 0 43 
A D 1 8 
J F 0 566 98 3 1729 288 0 
K 0 0 204 
K 15 0 218 
K 0 21 213 
J N 6 566 21 2 1729 0 1 47 
K 0 0 43 
A D 1 8 
J N 6 599 70 5 2593 288 1 47 
K 1 0 45 
K 0 0 43 
K -1 0 45 
K 2 0 45 
A D 1 8 
H 47 B 42 5 108 4 2 1 1 3 
J N 8 627 49 4 3457 288 0 
K 0 0 42 
K 0 0 59 
K 0 -21 59 
A D 4 8 
J B 45 706 1 82 6913 1152 0 
J F 0 733 98 1 1 0 0 
K 0 0 213 
J N 6 733 21 3 1 0 1 48 
K 0 0 43 
K 0 101 108 
A D 1 8 
J N 6 787 14 2 865 288 1 48 
K 0 0 43 
A D 1 8 
J N 6 841 21 2 1729 288 1 48 
K 0 0 43 
A D 1 8 
J N 6 895 28 2 2593 288 1 48 
K 0 0 43 
A D 1 8 
H 48 B -49 0 108 4 2 1 1 3 
J F 0 949 98 1 3457 288 0 
K 0 0 205 
J N 6 949 35 2 3457 0 1 49 
K 0 0 43 
A D 1 8 
J N 6 1003 42 3 4321 288 1 49 
K -14 0 64 
K 0 0 43 
A D 1 8 
J N 6 1057 35 2 5185 288 1 49 
K 0 0 43 
A D 1 8 
J N 6 1111 49 2 6049 288 1 49 
K 0 0 43 
A D 1 8 
H 49 B 42 0 108 4 2 1 1 3 
J B 46 1170 1 82 6913 288 0 
J F 0 1197 98 1 1 0 0 
K 0 0 205 
J N 6 1197 7 3 1 0 1 50 
K -18 0 63 
K 0 0 43 
A D 1 8 
J N 6 1251 14 3 865 288 1 50 
K -18 0 63 
K 0 0 43 
A D 1 8 
J N 6 1305 7 2 1729 288 1 50 
K 0 0 43 
A D 1 8 
J N 6 1361 21 2 2593 288 1 50 
K 0 0 43 
A D 1 8 
H 50 B -51 1 108 4 2 1 1 3 
J N 6 1417 0 2 3457 288 1 51 
K 0 0 43 
A D 1 8 
J N 6 1473 -7 3 4321 288 1 51 
K -14 0 64 
K 0 0 43 
A D 1 8 
J N 6 1529 -14 5 5185 288 1 51 
K 0 0 45 
K 0 0 43 
K -1 0 45 
K 2 0 45 
A D 1 8 
J N 6 1585 0 2 6049 288 1 51 
K 0 0 43 
A D 1 8 
H 51 B -46 0 108 4 2 1 1 3 
J B 47 1645 1 82 6913 288 0 
J N 6 1666 14 2 1 0 1 52 
K 0 0 43 
A D 1 8 
J N 6 1722 21 2 865 288 1 52 
K 0 0 43 
A D 1 8 
J N 6 1778 14 2 1729 288 1 52 
K 0 0 43 
A D 1 8 
J N 6 1834 28 2 2593 288 1 52 
K 0 0 43 
A D 1 8 
H 52 B -56 1 108 4 2 1 1 3 
J F 0 1890 98 1 3457 288 0 
K 0 0 205 
J N 6 1890 7 3 3457 0 1 53 
K -18 0 63 
K 0 0 43 
A D 1 8 
J N 6 1934 21 2 4321 288 1 53 
K 0 0 43 
A D 1 8 
J N 6 1970 0 2 5185 288 1 53 
K 0 0 43 
A D 1 8 
J F 0 2010 98 3 6049 288 0 
K 0 0 205 
K 15 0 218 
K 0 21 204 
J N 6 2010 28 2 6049 0 1 53 
K 0 0 43 
A D 1 8 
H 53 B -64 1 108 4 2 1 1 3 
J B 48 2050 1 82 6913 288 0 
E * 
L 530 0 0 313 313 * 0 14 0 
J C 4 5 42 2 6913 0 0 
K 0 0 33 
K 0 0 34 
J K -1 57 0 1 6913 0 0 
K 0 28 65 
J D 0 -11 -14 1 6913 0 0 
W 0 0 0 \04\03 
J N 7 113 -14 7 1 0 0 
K 0 0 45 
K 0 0 43 
K -1 0 45 
K 2 0 45 
K 0 0 60 
K 0 21 60 
A D 4 16 
J R 7 221 28 2 1729 576 0 
K 0 0 48 
A D 4 16 
J N 6 329 -21 6 3457 576 1 26 
K 0 7 45 
K -14 0 64 
K 0 0 43 
K 0 7 45 
K 1 7 45 
A D 2 16 
J N 6 373 7 2 4321 288 2 27 26 
K 0 0 43 
A D 2 16 
J N 6 409 21 2 5185 288 1 26 
K 0 0 43 
A D 2 16 
J N 6 449 28 3 6049 288 2 26 27 
K -14 0 64 
K 0 0 43 
A D 2 16 
H 26 B -80 4 108 4 2 1 1 3 
H 27 S 0 0 0 0 0 0 0 0 0 
J B 44 489 1 82 6913 288 0 
J N 7 510 21 4 1 0 0 
K 0 0 43 
K 0 0 60 
K 0 21 60 
A D 4 16 
J N 7 566 28 5 1729 576 0 
K -14 0 64 
K 0 0 43 
K 0 0 60 
K 0 21 60 
A D 4 16 
J N 8 627 35 4 3457 576 0 
K 0 0 42 
K 0 0 59 
K 0 -21 59 
A D 8 16 
J B 45 706 1 82 6913 1152 0 
J R 9 924 28 2 1 10000 0 
K 0 0 46 
A D 16 16 
J B 46 1170 1 82 6913 2304 0 
J N 7 1197 -21 9 1 0 0 
K 0 7 45 
K -14 0 64 
K 0 0 43 
K 0 7 45 
K 1 7 45 
K 0 99 108 
K 0 0 60 
K 0 21 60 
A D 4 16 
J R 6 1305 28 2 1729 576 0 
K 0 0 49 
A D 2 16 
J N 6 1361 -21 7 2593 288 0 
K 0 7 45 
K 0 0 43 
K 0 7 45 
K 1 7 45 
K 0 0 60 
K 0 0 54 
A D 2 16 
J N 7 1417 -28 8 3457 288 0 
K 0 14 45 
K 0 0 45 
K 0 0 43 
K -1 0 45 
K 2 0 45 
K 0 0 60 
K 0 28 60 
A D 4 16 
J R 7 1529 28 2 5185 576 0 
K 0 0 48 
A D 4 16 
J B 47 1645 1 82 6913 576 0 
J N 7 1666 -14 7 1 0 0 
K 0 0 45 
K 0 0 43 
K -1 0 45 
K 2 0 45 
K 0 0 60 
K 0 21 60 
A D 4 16 
J R 7 1778 28 2 1729 576 0 
K 0 0 48 
A D 4 16 
J N 6 1890 -21 6 3457 576 1 28 
K 0 7 45 
K -14 0 64 
K 0 0 43 
K 0 7 45 
K 1 7 45 
A D 2 16 
J N 6 1934 7 2 4321 288 2 29 28 
K 0 0 43 
A D 2 16 
J N 6 1970 21 2 5185 288 1 28 
K 0 0 43 
A D 2 16 
J N 6 2010 28 3 6049 288 2 28 29 
K -14 0 64 
K 0 0 43 
A D 2 16 
H 28 B -80 4 108 4 2 1 1 3 
H 29 S 0 0 0 0 0 0 0 0 0 
J B 48 2050 1 82 6913 288 0 
E * 
L 690 0 0 313 313 * 0 14 0 
J C 4 5 42 2 6913 0 0 
K 0 0 33 
K 0 0 34 
J K -1 57 0 1 6913 0 0 
K 0 28 65 
J D 0 -11 -14 1 6913 0 0 
W 0 0 0 \04\03 
J N 7 113 0 4 1 0 0 
K 0 0 43 
K 0 0 60 
K 0 21 60 
A D 4 16 
J R 7 221 28 2 1729 576 0 
K 0 0 48 
A D 4 16 
J N 6 329 7 2 3457 576 1 19 
K 0 0 43 
A D 2 16 
J N 6 373 -7 3 4321 288 1 19 
K -18 0 63 
K 0 0 43 
A D 2 16 
H 19 B -42 -4 108 2 2 3 
J N 7 409 -14 7 5185 288 1 20 
K 0 0 45 
K 0 0 43 
K -1 0 45 
K 2 0 45 
K 0 0 60 
K 0 21 60 
A D 4 16 
J B 44 489 1 82 6913 576 0 
J N 7 510 -14 7 1 0 1 20 
K 0 0 45 
K 0 0 43 
K -1 0 45 
K 2 0 45 
K 0 0 60 
K 0 21 60 
A D 4 16 
H 20 T -14 0 0 0 0 0 5 0 
J N 7 566 -7 5 1729 576 0 
K -18 0 63 
K 0 0 43 
K 0 0 60 
K 0 21 60 
A D 4 16 
J N 8 627 -14 7 3457 576 0 
K 0 0 45 
K 0 0 42 
K -1 0 45 
K 2 0 45 
K 0 0 60 
K 0 21 60 
A D 8 16 
J B 45 706 1 82 6913 1152 0 
J R 9 924 28 2 1 10000 0 
K 0 0 46 
A D 16 16 
J B 46 1170 1 82 6913 2304 0 
J N 7 1197 -7 6 1 0 0 
K -18 0 63 
K 0 0 43 
K 0 85 108 
K 0 0 60 
K 0 21 60 
A D 4 16 
J R 6 1305 28 2 1729 576 0 
K 0 0 49 
A D 2 16 
J N 6 1361 -7 3 2593 288 0 
K 0 0 43 
K 0 0 54 
A D 2 16 
J N 7 1417 -14 7 3457 288 0 
K 0 0 45 
K 0 0 43 
K -1 0 45 
K 2 0 45 
K 0 0 60 
K 0 21 60 
A D 4 16 
J R 7 1529 28 2 5185 576 0 
K 0 0 48 
A D 4 16 
J B 47 1645 1 82 6913 576 0 
J N 7 1666 0 4 1 0 0 
K 0 0 43 
K 0 0 60 
K 0 21 60 
A D 4 16 
J R 7 1778 28 2 1729 576 0 
K 0 0 48 
A D 4 16 
J N 6 1890 7 2 3457 576 1 21 
K 0 0 43 
A D 2 16 
J N 6 1934 -7 3 4321 288 1 21 
K -18 0 63 
K 0 0 43 
A D 2 16 
H 21 B -42 -4 108 2 2 3 
J N 7 1970 -14 7 5185 288 1 22 
K 0 0 45 
K 0 0 43 
K -1 0 45 
K 2 0 45 
K 0 0 60 
K 0 21 60 
A D 4 16 
J B 48 2050 1 82 6913 576 0 
J M 0 2050 0 0 6913 0 1 22 
H 22 T -14 0 0 0 0 0 5 0 
E * 
L 850 0 0 313 313 * 0 14 0 
J C 13 5 28 35 6913 0 0 
J K -1 57 0 1 6913 0 0 
K 0 35 65 
J D 0 -11 -14 1 6913 0 0 
W 0 0 0 \04\03 
J N 7 113 21 4 1 0 0 
K 0 0 43 
K 0 0 60 
K 0 21 60 
A D 2 8 
J R 7 221 28 2 1729 576 0 
K 0 0 48 
A D 2 8 
J N 7 329 14 4 3457 576 0 
K 0 0 43 
K 0 0 60 
K 0 21 60 
A D 2 8 
J R 6 409 28 2 5185 576 0 
K 0 0 49 
A D 1 8 
J N 6 449 7 3 6049 288 0 
K 0 0 43 
K 0 0 54 
A D 1 8 
J B 44 489 1 82 6913 288 0 
J N 7 510 14 4 1 0 0 
K 0 0 43 
K 0 0 60 
K 0 21 60 
A D 2 8 
J N 7 566 14 4 1729 576 0 
K 0 0 43 
K 0 0 60 
K 0 21 60 
A D 2 8 
J N 8 627 14 4 3457 576 0 
K 0 0 42 
K 0 0 60 
K 0 21 60 
A D 4 8 
J B 45 706 1 82 6913 1152 0 
J R 9 924 28 2 1 10000 0 
K 0 0 46 
A D 8 8 
J B 46 1170 1 82 6913 2304 0 
J N 7 1197 14 5 1 0 0 
K 0 0 43 
K 0 70 108 
K 0 0 60 
K 0 21 60 
A D 2 8 
J R 6 1305 28 2 1729 576 0 
K 0 0 49 
A D 1 8 
J N 6 1361 14 3 2593 288 0 
K 0 0 43 
K 0 0 54 
A D 1 8 
J N 7 1417 14 4 3457 288 0 
K 0 0 43 
K 0 0 60 
K 0 21 60 
A D 2 8 
J R 7 1529 28 2 5185 576 0 
K 0 0 48 
A D 2 8 
J B 47 1645 1 82 6913 576 0 
J N 7 1666 21 4 1 0 0 
K 0 0 43 
K 0 0 60 
K 0 21 60 
A D 2 8 
J R 7 1778 28 2 1729 576 0 
K 0 0 48 
A D 2 8 
J N 7 1890 14 4 3457 576 0 
K 0 0 43 
K 0 0 60 
K 0 21 60 
A D 2 8 
J R 6 1970 28 2 5185 576 0 
K 0 0 49 
A D 1 8 
J N 6 2010 7 3 6049 288 0 
K 0 0 43 
K 0 0 54 
A D 1 8 
J B 48 2050 1 82 6913 288 0 
E * 
L 1010 0 0 313 313 * 0 14 0 
J C 22 5 14 36 6913 0 0 
J K -1 57 0 1 6913 0 0 
K 0 42 65 
J D 0 -11 -14 1 6913 0 0 
W 0 0 0 \04\03 
J N 7 113 28 4 1 0 0 
K 0 0 43 
K 0 0 60 
K 0 21 60 
A D 2 8 
J R 7 221 28 2 1729 576 0 
K 0 0 48 
A D 2 8 
J F 0 329 98 1 3457 576 0 
K 0 0 205 
J N 6 329 7 3 3457 0 1 20 
K -18 0 63 
K 0 0 43 
A D 1 8 
J N 6 373 21 2 4321 288 1 20 
K 0 0 43 
A D 1 8 
J N 6 409 0 2 5185 288 1 20 
K 0 0 43 
A D 1 8 
J F 0 449 98 3 6049 288 0 
K 0 0 205 
K 15 0 218 
K 0 21 204 
J N 6 449 28 2 6049 0 1 20 
K 0 0 43 
A D 1 8 
H 20 B -64 1 108 4 2 1 1 3 
J B 44 489 1 82 6913 288 0 
J F 0 510 98 2 1 0 0 
K 0 0 205 
K 0 21 203 
J N 7 510 21 4 1 0 0 
K 0 0 43 
K 0 0 60 
K 0 21 60 
A D 2 8 
J F 0 566 98 3 1729 576 0 
K 0 0 204 
K 15 0 218 
K 0 21 213 
J N 7 566 70 7 1729 0 0 
K 1 0 45 
K 0 0 43 
K -1 0 45 
K 2 0 45 
K 0 0 59 
K 0 -21 59 
A D 2 8 
J N 8 627 49 4 3457 576 0 
K 0 0 42 
K 0 0 59 
K 0 -21 59 
A D 4 8 
J B 45 706 1 82 6913 1152 0 
J R 9 924 28 2 1 10000 0 
K 0 0 46 
A D 8 8 
J B 46 1170 1 82 6913 2304 0 
J F 0 1197 98 1 1 0 0 
K 0 0 205 
J N 6 1197 7 4 1 0 1 21 
K -18 0 63 
K 0 0 43 
K 0 114 108 
A D 1 8 
J N 6 1251 14 3 865 288 1 21 
K -18 0 63 
K 0 0 43 
A D 1 8 
J N 6 1305 7 2 1729 288 1 21 
K 0 0 43 
A D 1 8 
J N 6 1361 21 2 2593 288 1 21 
K 0 0 43 
A D 1 8 
H 21 B -51 1 108 4 2 1 1 3 
J N 7 1417 0 4 3457 288 0 
K 0 0 43 
K 0 0 60 
K 0 21 60 
A D 2 8 
J R 7 1529 28 2 5185 576 0 
K 0 0 48 
A D 2 8 
J B 47 1645 1 82 6913 576 0 
J N 7 1666 28 4 1 0 0 
K 0 0 43 
K 0 0 60 
K 0 21 60 
A D 2 8 
J R 7 1778 28 2 1729 576 0 
K 0 0 48 
A D 2 8 
J F 0 1890 98 1 3457 576 0 
K 0 0 205 
J N 6 1890 7 3 3457 0 1 22 
K -18 0 63 
K 0 0 43 
A D 1 8 
J N 6 1934 21 2 4321 288 1 22 
K 0 0 43 
A D 1 8 
J N 6 1970 0 2 5185 288 1 22 
K 0 0 43 
A D 1 8 
J F 0 2010 98 3 6049 288 0 
K 0 0 205 
K 15 0 218 
K 0 21 204 
J N 6 2010 28 2 6049 0 1 22 
K 0 0 43 
A D 1 8 
H 22 B -64 1 108 4 2 1 1 3 
J B 48 2050 1 82 6913 288 0 
E * 
B 1 489 0 
B 1 706 0 
B 1 1170 0 
B 1 1645 0 
B 1 2050 0 
