S 0 200 140 2050 1066 7 "[...][....]"    
L 0 0 0 313 313 * 0 14 0    
J C 4 5 42 2 6913 0 0    
K 0 0 33    
K 0 0 34    
J K -1 57 0 1 6913 0 0    
K 0 28 65    
J D 0 -11 -14 1 6913 0 0    
W 0 0 37 \04\08    
J N 7 113 21 4 1 0 0    
K 0 0 43    
K 0 0 60    
K 0 21 60    
A D 4 16    
J N 7 169 28 5 1729 576 0    
K -14 0 64    
K 0 0 43    
K 0 0 60    
K 0 21 60    
A D 4 16    
J N 7 225 35 4 3457 576 0    
K 0 0 43    
K 0 0 59    
K 0 -21 59    
A D 4 16    
J R 6 275 28 2 5185 576 0    
K 0 0 49    
A D 2 16    
J D 0 311 0 1 6049 288 0    
W 0 -21 33 !31|Soli    
J N 6 311 21 3 6049 0 0    
K 0 0 43    
K 0 0 54    
A D 2 16    
J B 49 351 1 82 6913 288 0    
J N 5 372 0 2 1 0 1 179    
K 0 0 43    
A D 1 16    
J N 5 399 7 2 433 144 1 179    
K 0 0 43    
A D 1 16    
J N 5 426 0 2 865 144 1 179    
K 0 0 43    
A D 1 16    
J N 5 453 -7 2 1297 144 1 179    
K 0 0 43    
A D 1 16    
H 179 B -57 0 108 4 22 11 11 33    
J N 5 480 0 2 1729 144 1 180    
K 0 0 43    
A D 1 16    
J N 5 507 -7 2 2161 144 1 180    
K 0 0 43    
A D 1 16    
J N 5 534 7 2 2593 144 1 180    
K 0 0 43    
A D 1 16    
J N 5 561 0 2 3025 144 1 180    
K 0 0 43    
A D 1 16    
H 180 B -57 0 108 4 22 11 11 33    
J N 5 588 -7 2 3457 144 1 181    
K 0 0 43    
A D 1 16    
J N 5 615 0 2 3889 144 1 181    
K 0 0 43    
A D 1 16    
J N 5 643 -7 2 4321 144 1 181    
K 0 0 43    
A D 1 16    
J N 5 671 -14 5 4753 144 1 181    
K 0 0 45    
K 0 0 43    
K -1 0 45    
K 2 0 45    
A D 1 16    
H 181 B -53 0 108 4 22 11 11 33    
J N 5 699 -7 2 5185 144 1 182    
K 0 0 43    
A D 1 16    
J N 5 727 -14 5 5617 144 1 182    
K 0 0 45    
K 0 0 43    
K -1 0 45    
K 2 0 45    
A D 1 16    
J N 5 755 0 2 6049 144 1 182    
K 0 0 43    
A D 1 16    
J N 5 783 -7 2 6481 144 1 182    
K 0 0 43    
A D 1 16    
H 182 B -53 0 108 4 22 11 11 33    
J B 50 815 1 82 6913 144 0    
J N 5 836 -14 5 1 0 1 183    
K 0 0 45    
K 0 0 43    
K -1 0 45    
K 2 0 45    
A D 1 16    
J N 5 864 -7 2 433 144 1 183    
K 0 0 43    
A D 1 16    
J N 5 892 -14 5 865 144 1 183    
K 0 0 45    
K 0 0 43    
K -1 0 45    
K 2 0 45    
A D 1 16    
J N 5 920 -21 5 1297 144 1 183    
K 0 7 45    
K 0 0 43    
K 0 7 45    
K 1 7 45    
A D 1 16    
H 183 B -57 0 108 4 22 11 11 33    
J N 5 948 -14 5 1729 144 1 184    
K 0 0 45    
K 0 0 43    
K -1 0 45    
K 2 0 45    
A D 1 16    
J N 5 976 -21 5 2161 144 1 184    
K 0 7 45    
K 0 0 43    
K 0 7 45    
K 1 7 45    
A D 1 16    
J N 5 1004 0 2 2593 144 1 184    
K 0 0 43    
A D 1 16    
J N 5 1032 -14 5 3025 144 1 184    
K 0 0 45    
K 0 0 43    
K -1 0 45    
K 2 0 45    
A D 1 16    
H 184 B -60 0 108 4 22 11 11 33    
J N 7 1060 -7 4 3457 144 0    
K 0 0 43    
K 0 0 60    
K 0 21 60    
A D 4 16    
J D 0 1110 0 1 5185 576 0    
W 0 -21 33 !31|Tutti    
J R 6 1110 28 2 5185 0 0    
K 0 0 49    
A D 2 16    
J N 6 1146 21 3 6049 288 0    
K 0 0 43    
K 0 0 54    
A D 2 16    
J B 51 1186 1 82 6913 288 0    
J N 5 1207 0 2 1 0 1 185    
K 0 0 43    
A D 1 16    
J N 5 1235 7 2 433 144 1 185    
K 0 0 43    
A D 1 16    
J N 5 1263 0 2 865 144 1 185    
K 0 0 43    
A D 1 16    
J N 5 1291 -7 2 1297 144 1 185    
K 0 0 43    
A D 1 16    
H 185 B -57 0 108 4 22 11 11 33    
J N 5 1319 0 2 1729 144 1 186    
K 0 0 43    
A D 1 16    
J N 5 1347 -7 2 2161 144 1 186    
K 0 0 43    
A D 1 16    
J N 5 1375 7 2 2593 144 1 186    
K 0 0 43    
A D 1 16    
J N 5 1403 0 2 3025 144 1 186    
K 0 0 43    
A D 1 16    
H 186 B -57 0 108 4 22 11 11 33    
J N 5 1431 -7 2 3457 144 1 187    
K 0 0 43    
A D 1 16    
J N 5 1459 0 2 3889 144 1 187    
K 0 0 43    
A D 1 16    
J N 5 1487 -7 2 4321 144 1 187    
K 0 0 43    
A D 1 16    
J N 5 1515 -14 5 4753 144 1 187    
K 0 0 45    
K 0 0 43    
K -1 0 45    
K 2 0 45    
A D 1 16    
H 187 B -53 0 108 4 22 11 11 33    
J N 5 1543 -7 2 5185 144 1 188    
K 0 0 43    
A D 1 16    
J N 5 1571 -14 5 5617 144 1 188    
K 0 0 45    
K 0 0 43    
K -1 0 45    
K 2 0 45    
A D 1 16    
J N 5 1599 0 2 6049 144 1 188    
K 0 0 43    
A D 1 16    
J N 5 1627 -7 2 6481 144 1 188    
K 0 0 43    
A D 1 16    
H 188 B -53 0 108 4 22 11 11 33    
J B 52 1659 1 82 6913 144 0    
J N 5 1680 -14 5 1 0 1 189    
K 0 0 45    
K 0 0 43    
K -1 0 45    
K 2 0 45    
A D 1 16    
J N 5 1708 -7 2 433 144 1 189    
K 0 0 43    
A D 1 16    
J N 5 1736 -14 5 865 144 1 189    
K 0 0 45    
K 0 0 43    
K -1 0 45    
K 2 0 45    
A D 1 16    
J N 5 1764 -21 5 1297 144 1 189    
K 0 7 45    
K 0 0 43    
K 0 7 45    
K 1 7 45    
A D 1 16    
H 189 B -57 0 108 4 22 11 11 33    
J N 5 1792 -14 5 1729 144 1 190    
K 0 0 45    
K 0 0 43    
K -1 0 45    
K 2 0 45    
A D 1 16    
J N 5 1820 -21 5 2161 144 1 190    
K 0 7 45    
K 0 0 43    
K 0 7 45    
K 1 7 45    
A D 1 16    
J N 5 1848 0 2 2593 144 1 190    
K 0 0 43    
A D 1 16    
J N 5 1876 -14 5 3025 144 1 190    
K 0 0 45    
K 0 0 43    
K -1 0 45    
K 2 0 45    
A D 1 16    
H 190 B -60 0 108 4 22 11 11 33    
J N 7 1904 -7 4 3457 144 0    
K 0 0 43    
K 0 0 60    
K 0 21 60    
A D 4 16    
J R 6 1954 28 2 5185 576 0    
K 0 0 49    
A D 2 16    
J N 5 1990 -28 6 6049 288 1 191    
K 0 14 45    
K 0 0 45    
K 0 0 43    
K -1 0 45    
K 2 0 45    
A D 1 16    
J N 5 2018 -21 5 6481 144 1 191    
K 0 7 45    
K 0 0 43    
K 0 7 45    
K 1 7 45    
A D 1 16    
H 191 B -57 4 108 2 22 33    
J B 53 2050 1 82 6913 144 0    
E *    
L 160 0 0 313 313 * 0 14 0    
J C 4 5 42 2 6913 0 0    
K 0 0 33    
K 0 0 34    
J K -1 57 0 1 6913 0 0    
K 0 28 65    
J D 0 -11 -14 1 6913 0 0    
W 0 0 0 \04\08    
J N 7 113 -14 7 1 0 1 21    
K 0 0 45    
K 0 0 43    
K -1 0 45    
K 2 0 45    
K 0 0 60    
K 0 21 60    
A D 4 16    
J M 0 61 0 0 6913 0 1 21    
H 21 T -14 0 0 0 0 0 5 0    
J N 7 169 -7 5 1729 576 0    
K -18 0 63    
K 0 0 43    
K 0 0 60    
K 0 21 60    
A D 4 16    
J N 8 225 -14 7 3457 576 0    
K 0 0 45    
K 0 0 42    
K -1 0 45    
K 2 0 45    
K 0 0 60    
K 0 21 60    
A D 8 16    
J B 49 351 1 82 6913 1152 0    
J R 9 569 28 2 1 10000 0    
K 0 0 46    
A D 16 16    
J B 50 815 1 82 6913 2304 0    
J R 9 986 28 2 1 10000 0    
K 0 0 46    
A D 16 16    
J B 51 1186 1 82 6913 2304 0    
J N 7 1207 35 4 1 0 0    
K 0 0 43    
K 0 0 59    
K 0 -21 59    
A D 4 16    
J R 6 1319 28 2 1729 576 0    
K 0 0 49    
A D 2 16    
J N 6 1375 35 3 2593 288 0    
K 0 0 43    
K 0 0 53    
A D 2 16    
J N 7 1431 21 4 3457 288 0    
K 0 0 43    
K 0 0 60    
K 0 21 60    
A D 4 16    
J R 6 1543 28 2 5185 576 0    
K 0 0 49    
A D 2 16    
J N 6 1599 21 3 6049 288 0    
K 0 0 43    
K 0 0 54    
A D 2 16    
J B 52 1659 1 82 6913 288 0    
J N 7 1680 21 4 1 0 0    
K 0 0 43    
K 0 0 60    
K 0 21 60    
A D 4 16    
J N 7 1792 0 4 1729 576 0    
K 0 0 43    
K 0 0 60    
K 0 21 60    
A D 4 16    
J N 7 1904 7 4 3457 576 0    
K 0 0 43    
K 0 0 60    
K 0 21 60    
A D 4 16    
J R 7 1954 28 2 5185 576 0    
K 0 0 48    
A D 4 16    
J B 53 2050 1 82 6913 576 0    
E *    
L 320 0 0 313 313 * 0 14 0    
J C 22 5 14 36 6913 0 0    
J K -1 57 0 1 6913 0 0    
K 0 42 65    
J D 0 -11 -14 1 6913 0 0    
W 0 0 0 \04\08    
J N 6 113 21 2 1 0 1 54    
K 0 0 43    
A D 1 8    
J N 6 141 28 2 865 288 1 54    
K 0 0 43    
A D 1 8    
J N 6 169 21 2 1729 288 1 54    
K 0 0 43    
A D 1 8    
J N 6 197 70 5 2593 288 1 54    
K 1 0 45    
K 0 0 43    
K -1 0 45    
K 2 0 45    
A D 1 8    
H 54 B 42 5 108 4 2 1 1 3    
J N 8 225 49 4 3457 288 0    
K 0 0 42    
K 0 0 59    
K 0 -21 59    
A D 4 8    
J B 49 351 1 82 6913 1152 0    
J N 7 372 14 4 1 0 0    
K 0 0 43    
K 0 0 60    
K 0 21 60    
A D 2 8    
J R 6 480 28 2 1729 576 0    
K 0 0 49    
A D 1 8    
J N 6 534 -35 8 2593 288 0    
K 0 21 45    
K 0 7 45    
K 0 0 43    
K 0 7 45    
K 1 7 45    
K 0 0 60    
K 0 14 54    
A D 1 8    
J F 0 588 98 1 3457 288 0    
K 0 0 205    
J N 6 588 -28 6 3457 0 1 55    
K 0 14 45    
K 0 0 45    
K 0 0 43    
K -1 0 45    
K 2 0 45    
A D 1 8    
J N 6 643 -21 5 4321 288 1 55    
K 0 7 45    
K 0 0 43    
K 0 7 45    
K 1 7 45    
A D 1 8    
J N 6 699 -28 6 5185 288 1 55    
K 0 14 45    
K 0 0 45    
K 0 0 43    
K -1 0 45    
K 2 0 45    
A D 1 8    
J N 6 755 -14 5 6049 288 1 55    
K 0 0 45    
K 0 0 43    
K -1 0 45    
K 2 0 45    
A D 1 8    
H 55 B -56 0 108 4 2 1 1 3    
J B 50 815 1 82 6913 288 0    
J N 7 836 -35 9 1 0 0    
K 0 21 45    
K 0 7 45    
K 0 0 43    
K 0 7 45    
K 1 7 45    
K 0 0 60    
K 0 28 60    
K 0 35 60    
A D 2 8    
J N 7 948 14 4 1729 576 0    
K 0 0 43    
K 0 0 60    
K 0 21 60    
A D 2 8    
J N 8 1060 -14 7 3457 576 0    
K 0 0 45    
K 0 0 42    
K -1 0 45    
K 2 0 45    
K 0 0 60    
K 0 21 60    
A D 4 8    
J B 51 1186 1 82 6913 1152 0    
J N 7 1207 14 4 1 0 0    
K 0 0 43    
K 0 0 60    
K 0 21 60    
A D 2 8    
J R 6 1319 28 2 1729 576 0    
K 0 0 49    
A D 1 8    
J N 6 1375 14 3 2593 288 0    
K 0 0 43    
K 0 0 54    
A D 1 8    
J F 0 1431 98 1 3457 288 0    
K 0 0 205    
J N 6 1431 21 2 3457 0 1 56    
K 0 0 43    
A D 1 8    
J N 6 1487 28 2 4321 288 1 56    
K 0 0 43    
A D 1 8    
J N 6 1543 21 2 5185 288 1 56    
K 0 0 43    
A D 1 8    
J N 6 1599 35 2 6049 288 1 56    
K 0 0 43    
A D 1 8    
H 56 B -51 1 108 4 2 1 1 3    
J B 52 1659 1 82 6913 288 0    
J N 7 1680 14 4 1 0 0    
K 0 0 43    
K 0 0 60    
K 0 21 60    
A D 2 8    
J N 7 1792 63 4 1729 576 0    
K 0 0 43    
K 0 0 59    
K 0 -21 59    
A D 2 8    
J N 7 1904 35 4 3457 576 0    
K 0 0 43    
K 0 0 59    
K 0 -21 59    
A D 2 8    
J R 7 1954 28 2 5185 576 0    
K 0 0 48    
A D 2 8    
J B 53 2050 1 82 6913 576 0    
E *    
L 530 0 0 313 313 * 0 14 0    
J C 4 5 42 2 6913 0 0    
K 0 0 33    
K 0 0 34    
J K -1 57 0 1 6913 0 0    
K 0 28 65    
J D 0 -11 -14 1 6913 0 0    
W 0 0 0 \04\08    
J N 7 113 21 4 1 0 0    
K 0 0 43    
K 0 0 60    
K 0 21 60    
A D 4 16    
J N 7 169 28 5 1729 576 0    
K -14 0 64    
K 0 0 43    
K 0 0 60    
K 0 21 60    
A D 4 16    
J N 8 225 35 4 3457 576 0    
K 0 0 42    
K 0 0 59    
K 0 -21 59    
A D 8 16    
J B 49 351 1 82 6913 1152 0    
J R 9 569 28 2 1 10000 0    
K 0 0 46    
A D 16 16    
J B 50 815 1 82 6913 2304 0    
J R 8 836 28 2 1 0 0    
K 0 0 47    
A D 8 16    
J R 7 1060 28 2 3457 1152 0    
K 0 0 48    
A D 4 16    
J R 6 1110 28 2 5185 576 0    
K 0 0 49    
A D 2 16    
J N 6 1146 21 3 6049 288 0    
K 0 0 43    
K 0 0 54    
A D 2 16    
J B 51 1186 1 82 6913 288 0    
J N 5 1207 0 2 1 0 1 30    
K 0 0 43    
A D 1 16    
J N 5 1235 7 2 433 144 1 30    
K 0 0 43    
A D 1 16    
J N 5 1263 0 2 865 144 1 30    
K 0 0 43    
A D 1 16    
J N 5 1291 -7 2 1297 144 1 30    
K 0 0 43    
A D 1 16    
H 30 B -57 0 108 4 22 11 11 33    
J N 5 1319 0 2 1729 144 1 31    
K 0 0 43    
A D 1 16    
J N 5 1347 -7 2 2161 144 1 31    
K 0 0 43    
A D 1 16    
J N 5 1375 7 2 2593 144 1 31    
K 0 0 43    
A D 1 16    
J N 5 1403 0 2 3025 144 1 31    
K 0 0 43    
A D 1 16    
H 31 B -57 0 108 4 22 11 11 33    
J N 5 1431 -7 2 3457 144 1 32    
K 0 0 43    
A D 1 16    
J N 5 1459 0 2 3889 144 1 32    
K 0 0 43    
A D 1 16    
J N 5 1487 -7 2 4321 144 1 32    
K 0 0 43    
A D 1 16    
J N 5 1515 -14 5 4753 144 1 32    
K 0 0 45    
K 0 0 43    
K -1 0 45    
K 2 0 45    
A D 1 16    
H 32 B -53 0 108 4 22 11 11 33    
J N 5 1543 -7 2 5185 144 1 33    
K 0 0 43    
A D 1 16    
J N 5 1571 -14 5 5617 144 1 33    
K 0 0 45    
K 0 0 43    
K -1 0 45    
K 2 0 45    
A D 1 16    
J N 5 1599 0 2 6049 144 1 33    
K 0 0 43    
A D 1 16    
J N 5 1627 -7 2 6481 144 1 33    
K 0 0 43    
A D 1 16    
H 33 B -53 0 108 4 22 11 11 33    
J B 52 1659 1 82 6913 144 0    
J N 5 1680 -14 5 1 0 1 34    
K 0 0 45    
K 0 0 43    
K -1 0 45    
K 2 0 45    
A D 1 16    
J N 5 1708 -7 2 433 144 1 34    
K 0 0 43    
A D 1 16    
J N 5 1736 -14 5 865 144 1 34    
K 0 0 45    
K 0 0 43    
K -1 0 45    
K 2 0 45    
A D 1 16    
J N 5 1764 -21 5 1297 144 1 34    
K 0 7 45    
K 0 0 43    
K 0 7 45    
K 1 7 45    
A D 1 16    
H 34 B -57 0 108 4 22 11 11 33    
J N 5 1792 -14 5 1729 144 1 35    
K 0 0 45    
K 0 0 43    
K -1 0 45    
K 2 0 45    
A D 1 16    
J N 5 1820 -21 5 2161 144 1 35    
K 0 7 45    
K 0 0 43    
K 0 7 45    
K 1 7 45    
A D 1 16    
J N 5 1848 0 2 2593 144 1 35    
K 0 0 43    
A D 1 16    
J N 5 1876 -14 5 3025 144 1 35    
K 0 0 45    
K 0 0 43    
K -1 0 45    
K 2 0 45    
A D 1 16    
H 35 B -60 0 108 4 22 11 11 33    
J N 7 1904 -7 4 3457 144 0    
K 0 0 43    
K 0 0 60    
K 0 21 60    
A D 4 16    
J R 7 1954 28 2 5185 576 0    
K 0 0 48    
A D 4 16    
J B 53 2050 1 82 6913 576 0    
E *    
L 690 0 0 313 313 * 0 14 0    
J C 4 5 42 2 6913 0 0    
K 0 0 33    
K 0 0 34    
J K -1 57 0 1 6913 0 0    
K 0 28 65    
J D 0 -11 -14 1 6913 0 0    
W 0 0 0 \04\08    
J N 7 113 -14 7 1 0 1 22    
K 0 0 45    
K 0 0 43    
K -1 0 45    
K 2 0 45    
K 0 0 60    
K 0 21 60    
A D 4 16    
J M 0 61 0 0 6913 0 1 22    
H 22 T -14 0 0 0 0 0 5 0    
J N 7 169 -7 5 1729 576 0    
K -18 0 63    
K 0 0 43    
K 0 0 60    
K 0 21 60    
A D 4 16    
J N 8 225 -14 7 3457 576 0    
K 0 0 45    
K 0 0 42    
K -1 0 45    
K 2 0 45    
K 0 0 60    
K 0 21 60    
A D 8 16    
J B 49 351 1 82 6913 1152 0    
J R 9 569 28 2 1 10000 0    
K 0 0 46    
A D 16 16    
J B 50 815 1 82 6913 2304 0    
J R 9 986 28 2 1 10000 0    
K 0 0 46    
A D 16 16    
J B 51 1186 1 82 6913 2304 0    
J N 7 1207 35 4 1 0 0    
K 0 0 43    
K 0 0 59    
K 0 -21 59    
A D 4 16    
J R 6 1319 28 2 1729 576 0    
K 0 0 49    
A D 2 16    
J N 6 1375 35 3 2593 288 0    
K 0 0 43    
K 0 0 53    
A D 2 16    
J N 7 1431 21 4 3457 288 0    
K 0 0 43    
K 0 0 60    
K 0 21 60    
A D 4 16    
J R 6 1543 28 2 5185 576 0    
K 0 0 49    
A D 2 16    
J N 6 1599 21 3 6049 288 0    
K 0 0 43    
K 0 0 54    
A D 2 16    
J B 52 1659 1 82 6913 288 0    
J N 7 1680 21 4 1 0 0    
K 0 0 43    
K 0 0 60    
K 0 21 60    
A D 4 16    
J N 7 1792 0 4 1729 576 0    
K 0 0 43    
K 0 0 60    
K 0 21 60    
A D 4 16    
J N 7 1904 7 4 3457 576 0    
K 0 0 43    
K 0 0 60    
K 0 21 60    
A D 4 16    
J R 7 1954 28 2 5185 576 0    
K 0 0 48    
A D 4 16    
J B 53 2050 1 82 6913 576 0    
E *    
L 850 0 0 313 313 * 0 14 0    
J C 13 5 28 35 6913 0 0    
J K -1 57 0 1 6913 0 0    
K 0 35 65    
J D 0 -11 -14 1 6913 0 0    
W 0 0 0 \04\08    
J N 7 113 14 4 1 0 0    
K 0 0 43    
K 0 0 60    
K 0 21 60    
A D 2 8    
J N 7 169 14 4 1729 576 0    
K 0 0 43    
K 0 0 60    
K 0 21 60    
A D 2 8    
J N 8 225 14 4 3457 576 0    
K 0 0 42    
K 0 0 60    
K 0 21 60    
A D 4 8    
J B 49 351 1 82 6913 1152 0    
J R 9 569 28 2 1 10000 0    
K 0 0 46    
A D 8 8    
J B 50 815 1 82 6913 2304 0    
J R 9 986 28 2 1 10000 0    
K 0 0 46    
A D 8 8    
J B 51 1186 1 82 6913 2304 0    
J N 7 1207 28 4 1 0 0    
K 0 0 43    
K 0 0 60    
K 0 21 60    
A D 2 8    
J R 6 1319 28 2 1729 576 0    
K 0 0 49    
A D 1 8    
J N 6 1375 28 3 2593 288 0    
K 0 0 43    
K 0 0 54    
A D 1 8    
J N 7 1431 28 4 3457 288 0    
K 0 0 43    
K 0 0 60    
K 0 21 60    
A D 2 8    
J R 6 1543 28 2 5185 576 0    
K 0 0 49    
A D 1 8    
J N 6 1599 28 3 6049 288 0    
K 0 0 43    
K 0 0 54    
A D 1 8    
J B 52 1659 1 82 6913 288 0    
J N 7 1680 42 4 1 0 0    
K 0 0 43    
K 0 0 59    
K 0 -21 59    
A D 2 8    
J N 7 1792 28 4 1729 576 0    
K 0 0 43    
K 0 0 60    
K 0 21 60    
A D 2 8    
J N 7 1904 28 4 3457 576 0    
K 0 0 43    
K 0 0 60    
K 0 21 60    
A D 2 8    
J R 7 1954 28 2 5185 576 0    
K 0 0 48    
A D 2 8    
J B 53 2050 1 82 6913 576 0    
E *    
L 1010 0 0 313 313 * 0 14 0    
J C 22 5 14 36 6913 0 0    
J K -1 57 0 1 6913 0 0    
K 0 42 65    
J D 0 -11 -14 1 6913 0 0    
W 0 0 0 \04\08    
J F 0 113 98 2 1 0 0    
K 0 0 205    
K 0 21 203    
J N 7 113 7 4 1 0 0    
K 0 0 43    
K 0 0 60    
K 0 21 60    
A D 2 8    
J F 0 169 98 3 1729 576 0    
K 0 0 204    
K 15 0 218    
K 0 21 213    
J N 7 169 70 7 1729 0 0    
K 1 0 45    
K 0 0 43    
K -1 0 45    
K 2 0 45    
K 0 0 59    
K 0 -21 59    
A D 2 8    
J N 8 225 49 4 3457 576 0    
K 0 0 42    
K 0 0 59    
K 0 -21 59    
A D 4 8    
J B 49 351 1 82 6913 1152 0    
J R 9 569 28 2 1 10000 0    
K 0 0 46    
A D 8 8    
J B 50 815 1 82 6913 2304 0    
J R 9 986 28 2 1 10000 0    
K 0 0 46    
A D 8 8    
J B 51 1186 1 82 6913 2304 0    
J N 7 1207 14 4 1 0 0    
K 0 0 43    
K 0 0 60    
K 0 21 60    
A D 2 8    
J R 6 1319 28 2 1729 576 0    
K 0 0 49    
A D 1 8    
J N 6 1375 14 3 2593 288 0    
K 0 0 43    
K 0 0 54    
A D 1 8    
J F 0 1431 98 1 3457 288 0    
K 0 0 205    
J N 6 1431 21 2 3457 0 1 23    
K 0 0 43    
A D 1 8    
J N 6 1487 28 2 4321 288 1 23    
K 0 0 43    
A D 1 8    
J N 6 1543 21 2 5185 288 1 23    
K 0 0 43    
A D 1 8    
J N 6 1599 35 2 6049 288 1 23    
K 0 0 43    
A D 1 8    
H 23 B -51 1 108 4 2 1 1 3    
J B 52 1659 1 82 6913 288 0    
J N 7 1680 14 4 1 0 0    
K 0 0 43    
K 0 0 60    
K 0 21 60    
A D 2 8    
J N 7 1792 63 4 1729 576 0    
K 0 0 43    
K 0 0 59    
K 0 -21 59    
A D 2 8    
J N 7 1904 35 4 3457 576 0    
K 0 0 43    
K 0 0 59    
K 0 -21 59    
A D 2 8    
J R 7 1954 28 2 5185 576 0    
K 0 0 48    
A D 2 8    
J B 53 2050 1 82 6913 576 0    
E *    
B 1 351 0    
B 1 815 0    
B 1 1186 0    
B 1 1659 0    
B 1 2050 0    
S 0 200 1510 2050 1066 7 "[...][....]"    
L 0 0 0 313 313 * 0 14 0    
J C 4 5 42 2 6913 0 0    
K 0 0 33    
K 0 0 34    
J K -1 57 0 1 6913 0 0    
K 0 28 65    
J D 0 -11 -14 1 6913 0 0    
W 0 0 37 \05\03    
J N 5 113 -14 5 1 0 1 192    
K 0 0 45    
K 0 0 43    
K -1 0 45    
K 2 0 45    
A D 1 16    
J N 5 143 -28 6 433 144 1 192    
K 0 14 45    
K 0 0 45    
K 0 0 43    
K -1 0 45    
K 2 0 45    
A D 1 16    
J N 5 173 -21 5 865 144 1 192    
K 0 7 45    
K 0 0 43    
K 0 7 45    
K 1 7 45    
A D 1 16    
J N 5 203 -28 6 1297 144 1 192    
K 0 14 45    
K 0 0 45    
K 0 0 43    
K -1 0 45    
K 2 0 45    
A D 1 16    
H 192 B -47 -1 108 4 22 11 11 33    
J N 5 233 -14 5 1729 144 1 193    
K 0 0 45    
K 0 0 43    
K -1 0 45    
K 2 0 45    
A D 1 16    
J N 5 262 -28 6 2161 144 1 193    
K 0 14 45    
K 0 0 45    
K 0 0 43    
K -1 0 45    
K 2 0 45    
A D 1 16    
J N 5 291 -21 5 2593 144 1 193    
K 0 7 45    
K 0 0 43    
K 0 7 45    
K 1 7 45    
A D 1 16    
J N 5 320 -28 6 3025 144 1 193    
K 0 14 45    
K 0 0 45    
K 0 0 43    
K -1 0 45    
K 2 0 45    
A D 1 16    
H 193 B -47 -1 108 4 22 11 11 33    
J N 5 349 0 2 3457 144 1 194    
K 0 0 43    
A D 1 16    
J N 5 378 -14 5 3889 144 1 194    
K 0 0 45    
K 0 0 43    
K -1 0 45    
K 2 0 45    
A D 1 16    
J N 5 407 0 2 4321 144 1 194    
K 0 0 43    
A D 1 16    
J N 5 436 -14 5 4753 144 1 194    
K 0 0 45    
K 0 0 43    
K -1 0 45    
K 2 0 45    
A D 1 16    
H 194 B -46 -1 108 4 22 11 11 33    
J N 5 465 0 2 5185 144 1 195    
K 0 0 43    
A D 1 16    
J N 5 494 -14 5 5617 144 1 195    
K 0 0 45    
K 0 0 43    
K -1 0 45    
K 2 0 45    
A D 1 16    
J N 5 523 0 2 6049 144 1 195    
K 0 0 43    
A D 1 16    
J N 5 552 -14 5 6481 144 1 195    
K 0 0 45    
K 0 0 43    
K -1 0 45    
K 2 0 45    
A D 1 16    
H 195 B -46 -1 108 4 22 11 11 33    
J B 54 584 1 82 6913 144 0    
J N 5 605 14 2 1 0 1 196    
K 0 0 43    
A D 1 16    
J N 5 634 -21 5 433 144 1 196    
K 0 7 45    
K 0 0 43    
K 0 7 45    
K 1 7 45    
A D 1 16    
J N 5 663 14 2 865 144 1 196    
K 0 0 43    
A D 1 16    
J N 5 692 -21 5 1297 144 1 196    
K 0 7 45    
K 0 0 43    
K 0 7 45    
K 1 7 45    
A D 1 16    
H 196 B -45 -4 108 4 22 11 11 33    
J N 5 721 14 2 1729 144 1 197    
K 0 0 43    
A D 1 16    
J N 5 750 -21 5 2161 144 1 197    
K 0 7 45    
K 0 0 43    
K 0 7 45    
K 1 7 45    
A D 1 16    
J N 5 779 14 2 2593 144 1 197    
K 0 0 43    
A D 1 16    
J N 5 808 -21 5 3025 144 1 197    
K 0 7 45    
K 0 0 43    
K 0 7 45    
K 1 7 45    
A D 1 16    
H 197 B -45 -4 108 4 22 11 11 33    
J N 5 837 7 2 3457 144 1 198    
K 0 0 43    
A D 1 16    
J N 5 866 -7 2 3889 144 1 198    
K 0 0 43    
A D 1 16    
J N 5 895 7 2 4321 144 1 198    
K 0 0 43    
A D 1 16    
J N 5 924 -7 2 4753 144 1 198    
K 0 0 43    
A D 1 16    
H 198 B -53 -1 108 4 22 11 11 33    
J N 5 953 7 2 5185 144 1 199    
K 0 0 43    
A D 1 16    
J N 5 982 -7 2 5617 144 1 199    
K 0 0 43    
A D 1 16    
J N 5 1011 7 2 6049 144 1 199    
K 0 0 43    
A D 1 16    
J N 5 1040 -7 2 6481 144 1 199    
K 0 0 43    
A D 1 16    
H 199 B -53 -1 108 4 22 11 11 33    
J B 55 1072 1 82 6913 144 0    
J N 5 1093 21 2 1 0 1 200    
K 0 0 43    
A D 1 16    
J N 5 1122 -14 5 433 144 1 200    
K 0 0 45    
K 0 0 43    
K -1 0 45    
K 2 0 45    
A D 1 16    
J N 5 1151 21 2 865 144 1 200    
K 0 0 43    
A D 1 16    
J N 5 1180 -14 5 1297 144 1 200    
K 0 0 45    
K 0 0 43    
K -1 0 45    
K 2 0 45    
A D 1 16    
H 200 B -50 -4 108 4 22 11 11 33    
J N 5 1209 21 2 1729 144 1 201    
K 0 0 43    
A D 1 16    
J N 5 1238 -14 5 2161 144 1 201    
K 0 0 45    
K 0 0 43    
K -1 0 45    
K 2 0 45    
A D 1 16    
J N 5 1267 21 2 2593 144 1 201    
K 0 0 43    
A D 1 16    
J N 5 1296 -14 5 3025 144 1 201    
K 0 0 45    
K 0 0 43    
K -1 0 45    
K 2 0 45    
A D 1 16    
H 201 B -50 -4 108 4 22 11 11 33    
J N 5 1325 14 2 3457 144 1 202    
K 0 0 43    
A D 1 16    
J N 5 1354 0 2 3889 144 1 202    
K 0 0 43    
A D 1 16    
J N 5 1383 14 2 4321 144 1 202    
K 0 0 43    
A D 1 16    
J N 5 1412 0 2 4753 144 1 202    
K 0 0 43    
A D 1 16    
H 202 B -46 -1 108 4 22 11 11 33    
J N 5 1441 14 2 5185 144 1 203    
K 0 0 43    
A D 1 16    
J N 5 1470 0 2 5617 144 1 203    
K 0 0 43    
A D 1 16    
J N 5 1499 14 2 6049 144 1 203    
K 0 0 43    
A D 1 16    
J N 5 1528 0 2 6481 144 1 203    
K 0 0 43    
A D 1 16    
H 203 B -46 -1 108 4 22 11 11 33    
J B 56 1560 1 82 6913 144 0    
J N 5 1583 28 3 1 0 1 204    
K -14 0 64    
K 0 0 43    
A D 1 16    
J N 5 1612 -7 2 433 144 1 204    
K 0 0 43    
A D 1 16    
J N 5 1641 28 2 865 144 1 204    
K 0 0 43    
A D 1 16    
J N 5 1670 -7 2 1297 144 1 204    
K 0 0 43    
A D 1 16    
H 204 B -45 -4 108 4 22 11 11 33    
J N 5 1699 28 2 1729 144 1 205    
K 0 0 43    
A D 1 16    
J N 5 1728 -7 2 2161 144 1 205    
K 0 0 43    
A D 1 16    
J N 5 1757 28 2 2593 144 1 205    
K 0 0 43    
A D 1 16    
J N 5 1786 -7 2 3025 144 1 205    
K 0 0 43    
A D 1 16    
H 205 B -45 -4 108 4 22 11 11 33    
J N 5 1815 7 2 3457 144 1 206    
K 0 0 43    
A D 1 16    
J N 5 1844 21 2 3889 144 1 206    
K 0 0 43    
A D 1 16    
J N 5 1873 7 2 4321 144 1 206    
K 0 0 43    
A D 1 16    
J N 5 1902 21 2 4753 144 1 206    
K 0 0 43    
A D 1 16    
H 206 B -65 1 108 4 22 11 11 33    
J N 5 1931 7 2 5185 144 1 207    
K 0 0 43    
A D 1 16    
J N 5 1960 21 2 5617 144 1 207    
K 0 0 43    
A D 1 16    
J N 5 1989 7 2 6049 144 1 207    
K 0 0 43    
A D 1 16    
J N 5 2018 21 2 6481 144 1 207    
K 0 0 43    
A D 1 16    
H 207 B -65 1 108 4 22 11 11 33    
J B 57 2050 1 82 6913 144 0    
E *    
L 160 0 0 313 313 * 0 14 0    
J C 4 5 42 2 6913 0 0    
K 0 0 33    
K 0 0 34    
J K -1 57 0 1 6913 0 0    
K 0 28 65    
J D 0 -11 -14 1 6913 0 0    
W 0 0 0 \05\03    
J R 8 113 28 2 1 0 0    
K 0 0 47    
A D 8 16    
J N 7 349 0 4 3457 1152 0    
K 0 0 43    
K 0 0 60    
K 0 21 60    
A D 4 16    
J N 7 465 63 4 5185 576 0    
K 0 0 43    
K 0 0 59    
K 0 -21 59    
A D 4 16    
J B 54 584 1 82 6913 576 0    
J R 8 605 28 2 1 0 0    
K 0 0 47    
A D 8 16    
J N 7 837 7 4 3457 1152 0    
K 0 0 43    
K 0 0 60    
K 0 21 60    
A D 4 16    
J N 7 953 70 7 5185 576 0    
K 1 0 45    
K 0 0 43    
K -1 0 45    
K 2 0 45    
K 0 0 59    
K 0 -21 59    
A D 4 16    
J B 55 1072 1 82 6913 576 0    
J R 8 1093 28 2 1 0 0    
K 0 0 47    
A D 8 16    
J N 7 1325 14 4 3457 1152 0    
K 0 0 43    
K 0 0 60    
K 0 21 60    
A D 4 16    
J N 7 1441 77 7 5185 576 0    
K 1 -7 45    
K 0 0 43    
K 0 -7 45    
K 1 -7 45    
K 0 0 59    
K 0 -21 59    
A D 4 16    
J B 56 1560 1 82 6913 576 0    
J R 8 1583 28 2 1 0 0    
K 0 0 47    
A D 8 16    
J N 7 1815 -7 4 3457 1152 0    
K 0 0 43    
K 0 0 60    
K 0 21 60    
A D 4 16    
J N 7 1931 56 4 5185 576 0    
K 0 0 43    
K 0 0 59    
K 0 -21 59    
A D 4 16    
J B 57 2050 1 82 6913 576 0    
E *    
L 320 0 0 313 313 * 0 14 0    
J C 22 5 14 36 6913 0 0    
J K -1 57 0 1 6913 0 0    
K 0 42 65    
J D 0 -11 -14 1 6913 0 0    
W 0 0 0 \05\03    
J N 6 113 0 2 1 0 1 57    
K 0 0 43    
A D 1 8    
J N 6 173 -7 2 865 288 1 57    
K 0 0 43    
A D 1 8    
J N 6 233 -14 5 1729 288 1 57    
K 0 0 45    
K 0 0 43    
K -1 0 45    
K 2 0 45    
A D 1 8    
J N 6 291 0 2 2593 288 1 57    
K 0 0 43    
A D 1 8    
H 57 B -46 0 108 4 2 1 1 3    
J F 0 349 98 1 3457 288 0    
K 0 0 206    
J N 6 349 -21 5 3457 0 1 58    
K 0 7 45    
K 0 0 43    
K 0 7 45    
K 1 7 45    
A D 1 8    
J N 6 407 28 2 4321 288 1 58    
K 0 0 43    
A D 1 8    
J N 6 465 14 2 5185 288 1 58    
K 0 0 43    
A D 1 8    
J N 6 523 28 2 6049 288 1 58    
K 0 0 43    
A D 1 8    
H 58 B -88 2 108 4 2 1 1 3    
J B 54 584 1 82 6913 288 0    
J F 0 605 98 1 1 0 0    
K 0 0 206    
J R 6 605 28 2 1 0 0    
K 0 0 49    
A D 1 8    
J N 6 663 7 2 865 288 1 59    
K 0 0 43    
A D 1 8    
J N 6 721 -7 2 1729 288 1 59    
K 0 0 43    
A D 1 8    
J N 6 779 7 2 2593 288 1 59    
K 0 0 43    
A D 1 8    
H 59 B -49 0 108 3 2 1 3    
J F 0 837 98 1 3457 288 0    
K 0 0 206    
J N 6 837 -14 5 3457 0 1 60    
K 0 0 45    
K 0 0 43    
K -1 0 45    
K 2 0 45    
A D 1 8    
J N 6 895 35 2 4321 288 1 60    
K 0 0 43    
A D 1 8    
J N 6 953 21 2 5185 288 1 60    
K 0 0 43    
A D 1 8    
J N 6 1011 35 2 6049 288 1 60    
K 0 0 43    
A D 1 8    
H 60 B -88 2 108 4 2 1 1 3    
J B 55 1072 1 82 6913 288 0    
J R 6 1093 28 2 1 0 0    
K 0 0 49    
A D 1 8    
J F 0 1151 98 1 865 288 0    
K 0 0 206    
J N 6 1151 14 2 865 0 1 61    
K 0 0 43    
A D 1 8    
J N 6 1209 0 2 1729 288 1 61    
K 0 0 43    
A D 1 8    
J N 6 1267 14 2 2593 288 1 61    
K 0 0 43    
A D 1 8    
H 61 B -46 0 108 3 2 1 3    
J F 0 1325 98 1 3457 288 0    
K 0 0 206    
J N 6 1325 -7 2 3457 0 1 62    
K 0 0 43    
A D 1 8    
J N 6 1383 42 2 4321 288 1 62    
K 0 0 43    
A D 1 8    
J N 6 1441 28 2 5185 288 1 62    
K 0 0 43    
A D 1 8    
J N 6 1499 42 2 6049 288 1 62    
K 0 0 43    
A D 1 8    
H 62 B -81 2 108 4 2 1 1 3    
J B 56 1560 1 82 6913 288 0    
J R 6 1583 28 2 1 0 0    
K 0 0 49    
A D 1 8    
J N 6 1641 7 2 865 288 1 63    
K 0 0 43    
A D 1 8    
J N 6 1699 -7 3 1729 288 1 63    
K -14 0 64    
K 0 0 43    
A D 1 8    
J N 6 1757 7 2 2593 288 1 63    
K 0 0 43    
A D 1 8    
H 63 B -49 0 108 3 2 1 3    
J N 7 1815 -14 7 3457 288 0    
K 0 0 45    
K 0 0 43    
K -1 0 45    
K 2 0 45    
K 0 0 60    
K 0 21 60    
A D 2 8    
J N 7 1931 35 4 5185 576 0    
K 0 0 43    
K 0 0 59    
K 0 -21 59    
A D 2 8    
J B 57 2050 1 82 6913 576 0    
E *    
L 530 0 0 313 313 * 0 14 0    
J C 4 5 42 2 6913 0 0    
K 0 0 33    
K 0 0 34    
J K -1 57 0 1 6913 0 0    
K 0 28 65    
J D 0 -11 -14 1 6913 0 0    
W 0 0 0 \05\03    
J R 8 113 28 2 1 0 0    
K 0 0 47    
A D 8 16    
J N 7 349 -14 7 3457 1152 0    
K 0 0 45    
K 0 0 43    
K -1 0 45    
K 2 0 45    
K 0 0 60    
K 0 21 60    
A D 4 16    
J N 7 465 49 4 5185 576 0    
K 0 0 43    
K 0 0 59    
K 0 -21 59    
A D 4 16    
J B 54 584 1 82 6913 576 0    
J R 8 605 28 2 1 0 0    
K 0 0 47    
A D 8 16    
J N 7 837 -7 4 3457 1152 0    
K 0 0 43    
K 0 0 60    
K 0 21 60    
A D 4 16    
J N 7 953 56 4 5185 576 0    
K 0 0 43    
K 0 0 59    
K 0 -21 59    
A D 4 16    
J B 55 1072 1 82 6913 576 0    
J R 8 1093 28 2 1 0 0    
K 0 0 47    
A D 8 16    
J N 7 1325 0 4 3457 1152 0    
K 0 0 43    
K 0 0 60    
K 0 21 60    
A D 4 16    
J N 7 1441 63 4 5185 576 0    
K 0 0 43    
K 0 0 59    
K 0 -21 59    
A D 4 16    
J B 56 1560 1 82 6913 576 0    
J R 8 1583 28 2 1 0 0    
K 0 0 47    
A D 8 16    
J N 7 1815 7 4 3457 1152 0    
K 0 0 43    
K 0 0 60    
K 0 21 60    
A D 4 16    
J N 7 1931 70 7 5185 576 0    
K 1 0 45    
K 0 0 43    
K -1 0 45    
K 2 0 45    
K 0 0 59    
K 0 -21 59    
A D 4 16    
J B 57 2050 1 82 6913 576 0    
E *    
L 690 0 0 313 313 * 0 14 0    
J C 4 5 42 2 6913 0 0    
K 0 0 33    
K 0 0 34    
J K -1 57 0 1 6913 0 0    
K 0 28 65    
J D 0 -11 -14 1 6913 0 0    
W 0 0 0 \05\03    
J R 8 113 28 2 1 0 0    
K 0 0 47    
A D 8 16    
J N 7 349 0 4 3457 1152 0    
K 0 0 43    
K 0 0 60    
K 0 21 60    
A D 4 16    
J N 7 465 63 4 5185 576 0    
K 0 0 43    
K 0 0 59    
K 0 -21 59    
A D 4 16    
J B 54 584 1 82 6913 576 0    
J R 8 605 28 2 1 0 0    
K 0 0 47    
A D 8 16    
J N 7 837 7 4 3457 1152 0    
K 0 0 43    
K 0 0 60    
K 0 21 60    
A D 4 16    
J N 7 953 70 7 5185 576 0    
K 1 0 45    
K 0 0 43    
K -1 0 45    
K 2 0 45    
K 0 0 59    
K 0 -21 59    
A D 4 16    
J B 55 1072 1 82 6913 576 0    
J R 8 1093 28 2 1 0 0    
K 0 0 47    
A D 8 16    
J N 7 1325 14 4 3457 1152 0    
K 0 0 43    
K 0 0 60    
K 0 21 60    
A D 4 16    
J N 7 1441 77 7 5185 576 0    
K 1 -7 45    
K 0 0 43    
K 0 -7 45    
K 1 -7 45    
K 0 0 59    
K 0 -21 59    
A D 4 16    
J B 56 1560 1 82 6913 576 0    
J R 8 1583 28 2 1 0 0    
K 0 0 47    
A D 8 16    
J N 7 1815 -7 4 3457 1152 0    
K 0 0 43    
K 0 0 60    
K 0 21 60    
A D 4 16    
J N 7 1931 56 4 5185 576 0    
K 0 0 43    
K 0 0 59    
K 0 -21 59    
A D 4 16    
J B 57 2050 1 82 6913 576 0    
E *    
L 850 0 0 313 313 * 0 14 0    
J C 13 5 28 35 6913 0 0    
J K -1 57 0 1 6913 0 0    
K 0 35 65    
J D 0 -11 -14 1 6913 0 0    
W 0 0 0 \05\03    
J R 8 113 28 2 1 0 0    
K 0 0 47    
A D 4 8    
J N 7 349 -28 8 3457 1152 0    
K 0 14 45    
K 0 0 45    
K 0 0 43    
K -1 0 45    
K 2 0 45    
K 0 0 60    
K 0 28 60    
A D 2 8    
J N 7 465 -7 4 5185 576 0    
K 0 0 43    
K 0 0 60    
K 0 21 60    
A D 2 8    
J B 54 584 1 82 6913 576 0    
J R 8 605 28 2 1 0 0    
K 0 0 47    
A D 4 8    
J N 7 837 -21 7 3457 1152 0    
K 0 7 45    
K 0 0 43    
K 0 7 45    
K 1 7 45    
K 0 0 60    
K 0 21 60    
A D 2 8    
J N 7 953 0 4 5185 576 0    
K 0 0 43    
K 0 0 60    
K 0 21 60    
A D 2 8    
J B 55 1072 1 82 6913 576 0    
J R 8 1093 28 2 1 0 0    
K 0 0 47    
A D 4 8    
J N 7 1325 -14 7 3457 1152 0    
K 0 0 45    
K 0 0 43    
K -1 0 45    
K 2 0 45    
K 0 0 60    
K 0 21 60    
A D 2 8    
J N 7 1441 7 4 5185 576 0    
K 0 0 43    
K 0 0 60    
K 0 21 60    
A D 2 8    
J B 56 1560 1 82 6913 576 0    
J R 8 1583 28 2 1 0 0    
K 0 0 47    
A D 4 8    
J N 7 1815 -21 7 3457 1152 0    
K 0 7 45    
K 0 0 43    
K 0 7 45    
K 1 7 45    
K 0 0 60    
K 0 21 60    
A D 2 8    
J N 7 1931 0 4 5185 576 0    
K 0 0 43    
K 0 0 60    
K 0 21 60    
A D 2 8    
J B 57 2050 1 82 6913 576 0    
E *    
L 1010 0 0 313 313 * 0 14 0    
J C 22 5 14 36 6913 0 0    
J K -1 57 0 1 6913 0 0    
K 0 42 65    
J D 0 -11 -14 1 6913 0 0    
W 0 0 0 \05\03    
J R 8 113 28 2 1 0 0    
K 0 0 47    
A D 4 8    
J N 7 349 -21 7 3457 1152 0    
K 0 7 45    
K 0 0 43    
K 0 7 45    
K 1 7 45    
K 0 0 60    
K 0 21 60    
A D 2 8    
J N 7 465 28 4 5185 576 0    
K 0 0 43    
K 0 0 60    
K 0 21 60    
A D 2 8    
J B 54 584 1 82 6913 576 0    
J R 8 605 28 2 1 0 0    
K 0 0 47    
A D 4 8    
J N 7 837 -14 7 3457 1152 0    
K 0 0 45    
K 0 0 43    
K -1 0 45    
K 2 0 45    
K 0 0 60    
K 0 21 60    
A D 2 8    
J N 7 953 35 4 5185 576 0    
K 0 0 43    
K 0 0 59    
K 0 -21 59    
A D 2 8    
J B 55 1072 1 82 6913 576 0    
J R 8 1093 28 2 1 0 0    
K 0 0 47    
A D 4 8    
J N 7 1325 -7 4 3457 1152 0    
K 0 0 43    
K 0 0 60    
K 0 21 60    
A D 2 8    
J N 7 1441 42 4 5185 576 0    
K 0 0 43    
K 0 0 59    
K 0 -21 59    
A D 2 8    
J B 56 1560 1 82 6913 576 0    
J R 8 1583 28 2 1 0 0    
K 0 0 47    
A D 4 8    
J N 7 1815 -14 7 3457 1152 0    
K 0 0 45    
K 0 0 43    
K -1 0 45    
K 2 0 45    
K 0 0 60    
K 0 21 60    
A D 2 8    
J N 7 1931 35 4 5185 576 0    
K 0 0 43    
K 0 0 59    
K 0 -21 59    
A D 2 8    
J B 57 2050 1 82 6913 576 0    
E *    
B 1 584 0    
B 1 1072 0    
B 1 1560 0    
B 1 2050 0    
