S 0 200 140 2050 1066 7 "[...][....]"            
L 0 0 0 330 330 * 0 14 0            
J C 4 5 42 2 6913 0 0            
K 0 0 33            
K 0 0 34            
J K 2 57 0 2 6913 0 0            
K 0 0 63            
K 15 21 63            
J D 0 -11 -14 1 6913 0 0            
W 0 0 37 \02\00            
J N 6 130 -21 5 1 0 2 29 30            
K 0 7 45            
K 0 0 43            
K 0 7 45            
K 1 7 45            
A D 1 8            
J N 6 177 -7 3 1153 288 2 30 29            
K -18 0 63            
K 0 0 43            
A D 1 8            
H 30 B -52 3 108 2 2 3            
H 29 S 0 0 0 0 0 0 0 0 0            
J N 8 225 -14 8 2305 288 0            
K 0 0 45            
K -18 0 63            
K 0 0 42            
K -1 0 45            
K 2 0 45            
K 0 0 60            
K 0 21 60            
A D 4 8            
J B 21 296 1 82 6913 1152 0            
J D 0 317 0 1 1 0 0            
W 0 -21 31 Tutti            
J N 7 317 0 4 1 0 0            
K 0 0 43            
K 0 0 60            
K 0 21 60            
A D 2 8            
J N 7 365 14 4 2305 576 0            
K 0 0 43            
K 0 0 60            
K 0 21 60            
A D 2 8            
J N 7 413 28 4 4609 576 0            
K 0 0 43            
K 0 0 60            
K 0 21 60            
A D 2 8            
J B 22 461 1 82 6913 576 0            
J N 7 482 -7 4 1 0 0            
K 0 0 43            
K 0 0 60            
K 0 21 60            
A D 2 8            
J N 7 530 7 5 2305 576 0            
K 0 0 43            
K 25 0 44            
K 0 0 60            
K 0 21 60            
A D 3 8            
J N 6 600 7 3 5761 864 0            
K 0 0 43            
K 0 0 54            
A D 1 8            
J B 23 637 1 82 6913 288 0            
J N 7 664 -14 9 1 0 0            
K 0 0 45            
K -18 0 63            
K 0 0 43            
K -1 0 45            
K 2 0 45            
K 24 -6 44            
K 0 0 60            
K 0 21 60            
A D 3 8            
J N 6 724 0 2 3457 864 1 31            
K 0 0 43            
A D 1 8            
J N 6 758 -21 5 4609 288 2 32 31            
K 0 7 45            
K 0 0 43            
K 0 7 45            
K 1 7 45            
A D 1 8            
J N 6 792 0 2 5761 288 2 31 32            
K 0 0 43            
A D 1 8            
H 31 B -46 0 108 3 2 1 3            
H 32 S 0 3 0 0 0 0 0 0 0        
J B 24 829 1 82 6913 288 0            
J N 6 850 7 2 1 0 2 33 34            
K 0 0 43            
A D 1 8            
J N 6 884 14 2 1153 288 2 34 33            
K 0 0 43            
A D 1 8            
H 34 B -50 4 108 2 2 3            
H 33 S 0 0 0 0 0 0 0 0 0            
J N 8 918 21 4 2305 288 0            
K 0 0 42            
K 0 0 60            
K 0 21 60            
A D 4 8            
J B 25 1047 1 82 6913 1152 0            
J N 6 1068 28 2 1 0 2 35 36            
K 0 0 43            
A D 1 8            
J N 6 1102 21 2 1153 288 2 36 35            
K 0 0 43            
A D 1 8            
H 36 B -47 -4 108 2 2 3            
H 35 S 0 0 0 0 0 0 0 0 0            
J N 7 1136 14 5 2305 288 0            
K 0 0 43            
K 24 -6 44            
K 0 0 60            
K 0 21 60            
A D 3 8            
J N 6 1236 14 3 5761 864 0            
K 0 0 43            
K 0 0 54            
A D 1 8            
J B 26 1273 1 82 6913 288 0            
J N 7 1300 21 4 1 0 0            
K 0 0 43            
K 0 0 60            
K 0 21 60            
A D 2 8            
J R 6 1347 28 2 2305 576 0            
K 0 0 49            
A D 1 8            
J N 6 1390 28 2 3457 288 1 37            
K 0 0 43            
A D 1 8            
J N 6 1430 35 2 4609 288 2 38 37            
K 0 0 43            
A D 1 8            
J N 6 1477 42 3 5761 288 2 37 38            
K -18 0 63            
K 0 0 43            
A D 1 8            
H 37 B 48 2 108 3 2 1 3            
H 38 S 12 0 0 0 0 0 0 0 2    
J B 27 1513 1 82 6913 288 0            
J N 6 1534 35 2 1 0 2 39 40            
K 0 0 43            
A D 1 8            
J N 6 1567 28 2 1153 288 2 40 39            
K 0 0 43            
A D 1 8            
H 40 B 49 -4 108 2 2 3            
H 39 S 12 0 0 0 0 0 0 0 0            
J N 8 1613 42 5 2305 288 0            
K -18 0 63            
K 0 0 42            
K 0 0 59            
K 0 -21 59            
A D 4 8            
J B 28 1740 1 82 6913 1152 0            
J N 8 1761 49 5 1 0 0            
K 0 0 42            
K 25 0 44            
K 0 0 59            
K 0 -21 59            
A D 6 8            
J B 29 1847 1 82 6913 1728 0            
J D 0 1868 0 1 1 0 0            
W 0 -35 31 Soli            
J N 7 1868 -14 7 1 0 0            
K 0 0 45            
K 0 0 43            
K -1 0 45            
K 2 0 45            
K 0 0 60            
K 0 21 60            
A D 2 8            
J N 6 1915 0 2 2305 576 2 41 42            
K 0 0 43            
A D 1 8            
J N 6 1948 7 2 3457 288 2 42 41            
K 0 0 43            
A D 1 8            
H 41 S 0 0 0 0 0 0 0 0 0            
J N 6 1981 0 2 4609 288 2 43 42            
K 0 0 43            
A D 1 8            
J N 6 2014 -7 2 5761 288 2 42 43            
K 0 0 43            
A D 1 8            
H 42 B -56 0 108 4 2 1 1 3            
H 43 S 0 0 0 0 0 0 0 0 0            
J B 30 2050 1 82 6913 288 0            
E *            
L 160 0 0 330 330 * 0 14 0            
J C 4 5 42 2 6913 0 0            
K 0 0 33            
K 0 0 34            
J K 2 57 0 2 6913 0 0            
K 0 0 63            
K 15 21 63            
J D 0 -11 -14 1 6913 0 0            
W 0 0 0 \02\00            
J N 7 130 21 4 1 0 0            
K 0 0 43            
K 0 0 60            
K 0 21 60            
A D 2 8            
J N 8 225 0 4 2305 576 0            
K 0 0 42            
K 0 0 60            
K 0 21 60            
A D 4 8            
J B 21 296 1 82 6913 1152 0            
J R 8 317 28 2 1 0 0            
K 0 0 47            
A D 4 8            
J N 7 413 0 4 4609 1152 0            
K 0 0 43            
K 0 0 60            
K 0 21 60            
A D 2 8            
J B 22 461 1 82 6913 576 0            
J N 7 482 0 4 1 0 0            
K 0 0 43            
K 0 0 60            
K 0 21 60            
A D 2 8            
J N 7 530 28 4 2305 576 0            
K 0 0 43            
K 0 0 60            
K 0 21 60            
A D 2 8            
J N 7 578 7 4 4609 576 0            
K 0 0 43            
K 0 0 60            
K 0 21 60            
A D 2 8            
J B 23 637 1 82 6913 576 0            
J N 7 664 7 5 1 0 0            
K 0 0 43            
K 25 0 44            
K 0 0 60            
K 0 21 60            
A D 3 8            
J N 6 724 21 2 3457 864 1 23            
K 0 0 43            
A D 1 8            
J N 6 758 0 2 4609 288 2 24 23            
K 0 0 43            
A D 1 8            
J N 6 792 14 2 5761 288 2 23 24            
K 0 0 43            
A D 1 8            
H 23 B -42 -2 108 3 2 1 3            
H 24 S 0 0 0 0 0 0 0 0 0            
J B 24 829 1 82 6913 288 0            
J N 6 850 21 2 1 0 2 25 26            
K 0 0 43            
A D 1 8            
J N 6 884 28 2 1153 288 2 26 25            
K 0 0 43            
A D 1 8            
H 26 B -50 4 108 2 2 3            
H 25 S 0 0 0 0 0 0 0 0 0            
J N 7 918 28 5 2305 288 0            
K 0 0 43            
K 24 -6 44            
K 0 0 60            
K 0 21 60            
A D 3 8            
J N 6 999 35 4 5761 864 0            
K -18 0 63            
K 0 0 43            
K 0 0 53            
A D 1 8            
J B 25 1047 1 82 6913 288 0            
J N 7 1068 28 5 1 0 0            
K 0 0 43            
K 24 -6 44            
K 0 0 60            
K 0 21 60            
A D 3 8            
J N 6 1158 21 2 3457 864 1 27            
K 0 0 43            
A D 1 8            
J N 6 1202 28 2 4609 288 2 28 27            
K 0 0 43            
A D 1 8            
J N 6 1236 35 2 5761 288 2 27 28            
K 0 0 43            
A D 1 8            
H 27 B -49 3 108 3 2 1 3            
H 28 S 0 0 0 0 0 0 0 0 0            
J B 26 1273 1 82 6913 288 0            
J N 7 1300 42 5 1 0 0            
K -18 0 63            
K 0 0 43            
K 0 0 59            
K 0 -21 59            
A D 2 8            
J R 6 1347 28 2 2305 576 0            
K 0 0 49            
A D 1 8            
J N 6 1390 56 4 3457 288 0            
K -18 0 63            
K 0 0 43            
K 0 0 53            
A D 1 8            
J N 7 1430 49 4 4609 288 0            
K 0 0 43            
K 0 0 59            
K 0 -21 59            
A D 2 8            
J B 27 1513 1 82 6913 576 0            
J N 7 1534 49 4 1 0 0            
K 0 0 43            
K 0 0 59            
K 0 -21 59            
A D 2 8            
J N 7 1613 49 5 2305 576 0            
K 0 0 43            
K 25 0 44            
K 0 0 59            
K 0 -21 59            
A D 3 8            
J N 6 1693 56 4 5761 864 0            
K -18 0 63            
K 0 0 43            
K 0 0 53            
A D 1 8            
J B 28 1740 1 82 6913 288 0            
J N 8 1761 49 5 1 0 0            
K 0 0 42            
K 25 0 44            
K 0 0 59            
K 0 -21 59            
A D 6 8            
J B 29 1847 1 82 6913 1728 0            
J N 7 1868 0 4 1 0 0            
K 0 0 43            
K 0 0 60            
K 0 21 60            
A D 2 8            
J N 6 1915 14 2 2305 576 2 29 30            
K 0 0 43            
A D 1 8            
J N 6 1948 21 2 3457 288 2 30 29            
K 0 0 43            
A D 1 8            
H 29 S 0 0 0 0 0 0 0 0 0            
J N 6 1981 14 2 4609 288 2 31 30            
K 0 0 43            
A D 1 8            
J N 6 2014 7 2 5761 288 2 30 31            
K 0 0 43            
A D 1 8            
H 30 B -49 0 108 4 2 1 1 3            
H 31 S 0 0 0 0 0 0 0 0 0            
J B 30 2050 1 82 6913 288 0            
E *            
L 320 0 0 330 330 * 0 14 0            
J C 22 5 14 36 6913 0 0            
J K 2 57 0 2 6913 0 0            
K 0 14 63            
K 15 35 63            
J D 0 -11 -14 1 6913 0 0            
W 0 0 0 \02\00            
J F 0 130 98 1 1 0 0            
K 0 0 203            
J N 7 130 14 4 1 0 0            
K 0 0 43            
K 0 0 60            
K 0 21 60            
A D 2 8            
J F 0 225 98 1 2305 576 0            
K 0 0 213            
J N 8 225 63 4 2305 0 0            
K 0 0 42            
K 0 0 59            
K 0 -21 59            
A D 4 8            
J B 21 296 1 82 6913 1152 0            
J F 0 317 98 1 1 0 0            
K 0 0 205            
J N 8 317 28 4 1 0 0            
K 0 0 42            
K 0 0 60            
K 0 21 60            
A D 4 8            
J N 7 413 28 4 4609 1152 0            
K 0 0 43            
K 0 0 60            
K 0 21 60            
A D 2 8            
J B 22 461 1 82 6913 576 0            
J F 0 482 98 2 1 0 0            
K 0 0 208            
K 0 21 218            
J N 8 482 21 4 1 0 0            
K 0 0 42            
K 0 0 60            
K 0 21 60            
A D 4 8            
J F 0 578 98 1 4609 1152 0            
K 0 0 207            
J N 7 578 21 4 4609 0 0            
K 0 0 43            
K 0 0 60            
K 0 21 60            
A D 2 8            
J B 23 637 1 82 6913 576 0            
J F 0 664 98 2 1 0 0            
K 0 0 206            
K 0 21 213            
J N 7 664 14 5 1 0 0            
K 0 0 43            
K 24 -6 44            
K 0 0 60            
K 0 21 60            
A D 3 8            
J N 6 724 21 3 3457 864 0            
K 0 0 43            
K 0 0 54            
A D 1 8            
J F 0 758 98 1 4609 288 0            
K 0 0 205            
J N 7 758 28 4 4609 0 0            
K 0 0 43            
K 0 0 60            
K 0 21 60            
A D 2 8            
J B 24 829 1 82 6913 576 0            
J F 0 850 98 2 1 0 0            
K 0 0 205            
K 0 21 204            
J N 7 850 21 4 1 0 0            
K 0 0 43            
K 0 0 60            
K 0 21 60            
A D 2 8            
J F 0 918 98 2 2305 576 0            
K 0 0 204            
K 0 21 203            
J N 7 918 14 4 2305 0 0            
K 0 0 43            
K 0 0 60            
K 0 21 60            
A D 2 8            
J F 0 966 98 1 4609 576 0            
K 0 21 213            
J N 7 966 63 4 4609 0 0            
K 0 0 43            
K 0 0 59            
K 0 -21 59            
A D 2 8            
J B 25 1047 1 82 6913 576 0            
J N 7 1068 -7 5 1 0 0            
K 0 0 43            
K 25 0 44            
K 0 0 60            
K 0 21 60            
A D 3 8            
J N 6 1158 0 2 3457 864 1 1            
K 0 0 43            
A D 1 8            
J F 0 1202 98 1 4609 288 0            
K 0 0 204            
J N 6 1202 7 3 4609 0 1 1            
K -18 0 63            
K 0 0 43            
A D 1 8            
J N 6 1236 14 2 5761 288 1 1            
K 0 0 43            
A D 1 8            
H 1 B -56 2 108 3 2 1 3            
J B 26 1273 1 82 6913 288 0            
J F 0 1300 98 2 1 0 0            
K 0 0 205            
K 0 21 204            
J N 7 1300 21 5 1 0 0            
K -18 0 63            
K 0 0 43            
K 0 0 60            
K 0 21 60            
A D 2 8            
J R 6 1347 28 2 2305 576 0            
K 0 0 49            
A D 1 8            
J F 0 1390 98 1 3457 288 0            
K 0 0 213            
J N 6 1390 35 3 3457 0 0            
K 0 0 43            
K 0 0 53            
A D 1 8            
J N 7 1430 14 4 4609 288 0            
K 0 0 43            
K 0 0 60            
K 0 21 60            
A D 2 8            
J B 27 1513 1 82 6913 576 0            
J F 0 1534 98 2 1 0 0            
K 0 0 206            
K 0 21 204            
J N 7 1534 42 4 1 0 0            
K 0 0 43            
K 0 0 59            
K 0 -21 59            
A D 2 8            
J F 0 1613 98 1 2305 576 0            
K 0 21 203            
J N 7 1613 35 4 2305 0 0            
K 0 0 43            
K 0 0 59            
K 0 -21 59            
A D 2 8            
J F 0 1660 98 1 4609 576 0            
K 0 21 213            
J N 7 1660 84 8 4609 0 0            
K 1 -14 45            
K 1 0 45            
K 0 0 43            
K -1 0 45            
K 2 0 45            
K 0 0 59            
K 0 -28 59            
A D 2 8            
J B 28 1740 1 82 6913 576 0            
J N 8 1761 63 5 1 0 0            
K 0 0 42            
K 25 0 44            
K 0 0 59            
K 0 -21 59            
A D 6 8            
J B 29 1847 1 82 6913 1728 0            
J N 7 1868 -21 7 1 0 0            
K 0 7 45            
K 0 0 43            
K 0 7 45            
K 1 7 45            
K 0 0 60            
K 0 21 60            
A D 2 8            
J N 8 1915 28 4 2305 576 0            
K 0 0 42            
K 0 0 60            
K 0 21 60            
A D 4 8            
J B 30 2050 1 82 6913 1152 0            
E *            
L 530 0 0 330 330 * 0 14 0            
J C 4 5 42 2 6913 0 0            
K 0 0 33            
K 0 0 34            
J K 2 57 0 2 6913 0 0            
K 0 0 63            
K 15 21 63            
J D 0 -11 -14 1 6913 0 0            
W 0 0 0 \02\00            
J R 9 188 28 2 1 10000 0            
K 0 0 46            
A D 6 8            
J B 21 296 1 82 6913 1728 0            
J N 7 317 0 4 1 0 0            
K 0 0 43            
K 0 0 60            
K 0 21 60            
A D 2 8            
J N 7 365 14 4 2305 576 0            
K 0 0 43            
K 0 0 60            
K 0 21 60            
A D 2 8            
J N 7 413 28 4 4609 576 0            
K 0 0 43            
K 0 0 60            
K 0 21 60            
A D 2 8            
J B 22 461 1 82 6913 576 0            
J N 7 482 -7 4 1 0 0            
K 0 0 43            
K 0 0 60            
K 0 21 60            
A D 2 8            
J N 7 530 7 5 2305 576 0            
K 0 0 43            
K 25 0 44            
K 0 0 60            
K 0 21 60            
A D 3 8            
J N 6 600 7 3 5761 864 0            
K 0 0 43            
K 0 0 54            
A D 1 8            
J B 23 637 1 82 6913 288 0            
J N 7 664 -14 9 1 0 0            
K 0 0 45            
K -18 0 63            
K 0 0 43            
K -1 0 45            
K 2 0 45            
K 24 -6 44            
K 0 0 60            
K 0 21 60            
A D 3 8            
J N 6 724 0 2 3457 864 1 14            
K 0 0 43            
A D 1 8            
J N 6 758 -21 5 4609 288 2 15 14            
K 0 7 45            
K 0 0 43            
K 0 7 45            
K 1 7 45            
A D 1 8            
J N 6 792 0 2 5761 288 2 14 15            
K 0 0 43            
A D 1 8            
H 14 B -46 0 108 3 2 1 3            
H 15 S 0 3 0 0 0 0 0 0 0    
J B 24 829 1 82 6913 288 0            
J N 6 850 7 2 1 0 2 16 17            
K 0 0 43            
A D 1 8            
J N 6 884 14 2 1153 288 2 17 16            
K 0 0 43            
A D 1 8            
H 17 B -50 4 108 2 2 3            
H 16 S 0 0 0 0 0 0 0 0 0            
J N 8 918 21 4 2305 288 0            
K 0 0 42            
K 0 0 60            
K 0 21 60            
A D 4 8            
J B 25 1047 1 82 6913 1152 0            
J N 6 1068 28 2 1 0 2 18 19            
K 0 0 43            
A D 1 8            
J N 6 1102 21 2 1153 288 2 19 18            
K 0 0 43            
A D 1 8            
H 19 B -47 -4 108 2 2 3            
H 18 S 0 0 0 0 0 0 0 0 0            
J N 7 1136 14 5 2305 288 0            
K 0 0 43            
K 24 -6 44            
K 0 0 60            
K 0 21 60            
A D 3 8            
J N 6 1236 14 3 5761 864 0            
K 0 0 43            
K 0 0 54            
A D 1 8            
J B 26 1273 1 82 6913 288 0            
J N 7 1300 21 4 1 0 0            
K 0 0 43            
K 0 0 60            
K 0 21 60            
A D 2 8            
J R 6 1347 28 2 2305 576 0            
K 0 0 49            
A D 1 8            
J N 6 1390 28 2 3457 288 1 20            
K 0 0 43            
A D 1 8            
J N 6 1430 35 2 4609 288 2 21 20            
K 0 0 43            
A D 1 8            
J N 6 1477 42 3 5761 288 2 20 21            
K -18 0 63            
K 0 0 43            
A D 1 8            
H 20 B 48 2 108 3 2 1 3            
H 21 S 12 0 0 0 0 0 0 0 2
J B 27 1513 1 82 6913 288 0            
J N 6 1534 35 2 1 0 2 22 23            
K 0 0 43            
A D 1 8            
J N 6 1567 28 2 1153 288 2 23 22            
K 0 0 43            
A D 1 8            
H 23 B 49 -4 108 2 2 3            
H 22 S 12 0 0 0 0 0 0 0 0            
J N 8 1613 42 5 2305 288 0            
K -18 0 63            
K 0 0 42            
K 0 0 59            
K 0 -21 59            
A D 4 8            
J B 28 1740 1 82 6913 1152 0            
J N 8 1761 49 5 1 0 0            
K 0 0 42            
K 25 0 44            
K 0 0 59            
K 0 -21 59            
A D 6 8            
J B 29 1847 1 82 6913 1728 0            
J R 9 1934 28 2 1 10000 0            
K 0 0 46            
A D 6 8            
J B 30 2050 1 82 6913 1728 0            
E *            
L 690 0 0 330 330 * 0 14 0            
J C 4 5 42 2 6913 0 0            
K 0 0 33            
K 0 0 34            
J K 2 57 0 2 6913 0 0            
K 0 0 63            
K 15 21 63            
J D 0 -11 -14 1 6913 0 0            
W 0 0 0 \02\00            
J R 9 188 28 2 1 10000 0            
K 0 0 46            
A D 6 8            
J B 21 296 1 82 6913 1728 0            
J R 8 317 28 2 1 0 0            
K 0 0 47            
A D 4 8            
J N 7 413 0 4 4609 1152 0            
K 0 0 43            
K 0 0 60            
K 0 21 60            
A D 2 8            
J B 22 461 1 82 6913 576 0            
J N 7 482 0 4 1 0 0            
K 0 0 43            
K 0 0 60            
K 0 21 60            
A D 2 8            
J N 7 530 28 4 2305 576 0            
K 0 0 43            
K 0 0 60            
K 0 21 60            
A D 2 8            
J N 7 578 7 4 4609 576 0            
K 0 0 43            
K 0 0 60            
K 0 21 60            
A D 2 8            
J B 23 637 1 82 6913 576 0            
J N 7 664 7 5 1 0 0            
K 0 0 43            
K 25 0 44            
K 0 0 60            
K 0 21 60            
A D 3 8            
J N 6 724 21 2 3457 864 1 12            
K 0 0 43            
A D 1 8            
J N 6 758 0 2 4609 288 2 13 12            
K 0 0 43            
A D 1 8            
J N 6 792 14 2 5761 288 2 12 13            
K 0 0 43            
A D 1 8            
H 12 B -42 -2 108 3 2 1 3            
H 13 S 0 0 0 0 0 0 0 0 0            
J B 24 829 1 82 6913 288 0            
J N 6 850 21 2 1 0 2 14 15            
K 0 0 43            
A D 1 8            
J N 6 884 28 2 1153 288 2 15 14            
K 0 0 43            
A D 1 8            
H 15 B -50 4 108 2 2 3            
H 14 S 0 0 0 0 0 0 0 0 0            
J N 7 918 28 5 2305 288 0            
K 0 0 43            
K 24 -6 44            
K 0 0 60            
K 0 21 60            
A D 3 8            
J N 6 999 35 4 5761 864 0            
K -18 0 63            
K 0 0 43            
K 0 0 53            
A D 1 8            
J B 25 1047 1 82 6913 288 0            
J N 7 1068 28 5 1 0 0            
K 0 0 43            
K 24 -6 44            
K 0 0 60            
K 0 21 60            
A D 3 8            
J N 6 1158 21 2 3457 864 1 16            
K 0 0 43            
A D 1 8            
J N 6 1202 28 2 4609 288 2 17 16            
K 0 0 43            
A D 1 8            
J N 6 1236 35 2 5761 288 2 16 17            
K 0 0 43            
A D 1 8            
H 16 B -49 3 108 3 2 1 3            
H 17 S 0 0 0 0 0 0 0 0 0            
J B 26 1273 1 82 6913 288 0            
J N 7 1300 42 5 1 0 0            
K -18 0 63            
K 0 0 43            
K 0 0 59            
K 0 -21 59            
A D 2 8            
J R 6 1347 28 2 2305 576 0            
K 0 0 49            
A D 1 8            
J N 6 1390 56 4 3457 288 0            
K -18 0 63            
K 0 0 43            
K 0 0 53            
A D 1 8            
J N 7 1430 49 4 4609 288 0            
K 0 0 43            
K 0 0 59            
K 0 -21 59            
A D 2 8            
J B 27 1513 1 82 6913 576 0            
J N 7 1534 49 4 1 0 0            
K 0 0 43            
K 0 0 59            
K 0 -21 59            
A D 2 8            
J N 7 1613 49 5 2305 576 0            
K 0 0 43            
K 25 0 44            
K 0 0 59            
K 0 -21 59            
A D 3 8            
J N 6 1693 56 4 5761 864 0            
K -18 0 63            
K 0 0 43            
K 0 0 53            
A D 1 8            
J B 28 1740 1 82 6913 288 0            
J N 8 1761 49 5 1 0 0            
K 0 0 42            
K 25 0 44            
K 0 0 59            
K 0 -21 59            
A D 6 8            
J B 29 1847 1 82 6913 1728 0            
J R 9 1934 28 2 1 10000 0            
K 0 0 46            
A D 6 8            
J B 30 2050 1 82 6913 1728 0            
E *            
L 850 0 0 330 330 * 0 14 0            
J C 13 5 28 35 6913 0 0            
J K 2 57 0 2 6913 0 0            
K 0 7 63            
K 15 28 63            
J D 0 -11 -14 1 6913 0 0            
W 0 0 0 \02\00            
J R 9 188 28 2 1 10000 0            
K 0 0 46            
A D 6 8            
J B 21 296 1 82 6913 1728 0            
J N 7 317 -14 7 1 0 0            
K 0 0 45            
K 0 0 43            
K -1 0 45            
K 2 0 45            
K 0 0 60            
K 0 21 60            
A D 2 8            
J N 7 365 7 4 2305 576 0            
K 0 0 43            
K 0 0 60            
K 0 21 60            
A D 2 8            
J N 7 413 21 4 4609 576 0            
K 0 0 43            
K 0 0 60            
K 0 21 60            
A D 2 8            
J B 22 461 1 82 6913 576 0            
J N 7 482 35 4 1 0 0            
K 0 0 43            
K 0 0 59            
K 0 -21 59            
A D 2 8            
J N 7 530 0 5 2305 576 0            
K 0 0 43            
K 24 -6 44            
K 0 0 60            
K 0 21 60            
A D 3 8            
J N 6 600 0 3 5761 864 0            
K 0 0 43            
K 0 0 54            
A D 1 8            
J B 23 637 1 82 6913 288 0            
J N 8 664 28 4 1 0 0            
K 0 0 42            
K 0 0 60            
K 0 21 60            
A D 4 8            
J N 7 758 21 4 4609 1152 0            
K 0 0 43            
K 0 0 60            
K 0 21 60            
A D 2 8            
J B 24 829 1 82 6913 576 0            
J N 6 850 0 2 1 0 2 1 2            
K 0 0 43            
A D 1 8            
J N 6 884 -14 5 1153 288 2 2 1            
K 0 0 45            
K 0 0 43            
K -1 0 45            
K 2 0 45            
A D 1 8            
H 2 B -47 -4 108 2 2 3            
H 1 S 0 0 0 0 0 0 0 0 0            
J N 7 918 7 5 2305 288 0            
K 0 0 43            
K 25 0 44            
K 0 0 60            
K 0 21 60            
A D 3 8            
J N 6 999 7 3 5761 864 0            
K 0 0 43            
K 0 0 54            
A D 1 8            
J B 25 1047 1 82 6913 288 0            
J N 8 1068 7 4 1 0 0            
K 0 0 42            
K 0 0 60            
K 0 21 60            
A D 4 8            
J N 7 1202 -14 7 4609 1152 0            
K 0 0 45            
K 0 0 43            
K -1 0 45            
K 2 0 45            
K 0 0 60            
K 0 21 60            
A D 2 8            
J B 26 1273 1 82 6913 576 0            
J N 7 1300 -14 7 1 0 0            
K 0 0 45            
K 0 0 43            
K -1 0 45            
K 2 0 45            
K 0 0 60            
K 0 21 60            
A D 2 8            
J R 7 1347 28 2 2305 576 0            
K 0 0 48            
A D 2 8            
J N 7 1430 -21 7 4609 576 0            
K 0 7 45            
K 0 0 43            
K 0 7 45            
K 1 7 45            
K 0 0 60            
K 0 21 60            
A D 2 8            
J B 27 1513 1 82 6913 576 0            
J N 7 1534 -28 8 1 0 0            
K 0 14 45            
K 0 0 45            
K 0 0 43            
K -1 0 45            
K 2 0 45            
K 0 0 60            
K 0 28 60            
A D 2 8            
J N 7 1613 -21 8 2305 576 0            
K 0 7 45            
K 0 0 43            
K 0 7 45            
K 1 7 45            
K 25 0 44            
K 0 0 60            
K 0 21 60            
A D 3 8            
J N 6 1693 28 3 5761 864 0            
K 0 0 43            
K 0 0 54            
A D 1 8            
J B 28 1740 1 82 6913 288 0            
J N 8 1761 28 5 1 0 0            
K 0 0 42            
K 24 -6 44            
K 0 0 60            
K 0 21 60            
A D 6 8            
J B 29 1847 1 82 6913 1728 0            
J R 9 1934 28 2 1 10000 0            
K 0 0 46            
A D 6 8            
J B 30 2050 1 82 6913 1728 0            
E *            
L 1010 0 0 330 330 * 0 14 0            
J C 22 5 14 36 6913 0 0            
J K 2 57 0 2 6913 0 0            
K 0 14 63            
K 15 35 63            
J D 0 -11 -14 1 6913 0 0            
W 0 0 0 \02\00            
J R 9 188 28 2 1 10000 0            
K 0 0 46            
A D 6 8            
J B 21 296 1 82 6913 1728 0            
J F 0 317 98 1 1 0 0            
K 0 0 205            
J N 8 317 28 4 1 0 0            
K 0 0 42            
K 0 0 60            
K 0 21 60            
A D 4 8            
J N 7 413 28 4 4609 1152 0            
K 0 0 43            
K 0 0 60            
K 0 21 60            
A D 2 8            
J B 22 461 1 82 6913 576 0            
J F 0 482 98 2 1 0 0            
K 0 0 208            
K 0 21 218            
J N 8 482 21 4 1 0 0            
K 0 0 42            
K 0 0 60            
K 0 21 60            
A D 4 8            
J F 0 578 98 1 4609 1152 0            
K 0 0 207            
J N 7 578 21 4 4609 0 0            
K 0 0 43            
K 0 0 60            
K 0 21 60            
A D 2 8            
J B 23 637 1 82 6913 576 0            
J F 0 664 98 2 1 0 0            
K 0 0 206            
K 0 21 213            
J N 7 664 14 5 1 0 0            
K 0 0 43            
K 24 -6 44            
K 0 0 60            
K 0 21 60            
A D 3 8            
J N 6 724 21 3 3457 864 0            
K 0 0 43            
K 0 0 54            
A D 1 8            
J F 0 758 98 1 4609 288 0            
K 0 0 205            
J N 7 758 28 4 4609 0 0            
K 0 0 43            
K 0 0 60            
K 0 21 60            
A D 2 8            
J B 24 829 1 82 6913 576 0            
J F 0 850 98 2 1 0 0            
K 0 0 205            
K 0 21 204            
J N 7 850 21 4 1 0 0            
K 0 0 43            
K 0 0 60            
K 0 21 60            
A D 2 8            
J F 0 918 98 2 2305 576 0            
K 0 0 204            
K 0 21 203            
J N 7 918 14 4 2305 0 0            
K 0 0 43            
K 0 0 60            
K 0 21 60            
A D 2 8            
J F 0 966 98 1 4609 576 0            
K 0 21 213            
J N 7 966 63 4 4609 0 0            
K 0 0 43            
K 0 0 59            
K 0 -21 59            
A D 2 8            
J B 25 1047 1 82 6913 576 0            
J N 7 1068 -7 5 1 0 0            
K 0 0 43            
K 25 0 44            
K 0 0 60            
K 0 21 60            
A D 3 8            
J N 6 1158 0 2 3457 864 1 1            
K 0 0 43            
A D 1 8            
J F 0 1202 98 1 4609 288 0            
K 0 0 204            
J N 6 1202 7 3 4609 0 1 1            
K -18 0 63            
K 0 0 43            
A D 1 8            
J N 6 1236 14 2 5761 288 1 1            
K 0 0 43            
A D 1 8            
H 1 B -56 2 108 3 2 1 3            
J B 26 1273 1 82 6913 288 0            
J F 0 1300 98 2 1 0 0            
K 0 0 205            
K 0 21 204            
J N 7 1300 21 5 1 0 0            
K -18 0 63            
K 0 0 43            
K 0 0 60            
K 0 21 60            
A D 2 8            
J R 6 1347 28 2 2305 576 0            
K 0 0 49            
A D 1 8            
J F 0 1390 98 1 3457 288 0            
K 0 0 213            
J N 6 1390 35 3 3457 0 0            
K 0 0 43            
K 0 0 53            
A D 1 8            
J N 7 1430 14 4 4609 288 0            
K 0 0 43            
K 0 0 60            
K 0 21 60            
A D 2 8            
J B 27 1513 1 82 6913 576 0            
J F 0 1534 98 2 1 0 0            
K 0 0 206            
K 0 21 204            
J N 7 1534 42 4 1 0 0            
K 0 0 43            
K 0 0 59            
K 0 -21 59            
A D 2 8            
J F 0 1613 98 1 2305 576 0            
K 0 21 203            
J N 7 1613 35 4 2305 0 0            
K 0 0 43            
K 0 0 59            
K 0 -21 59            
A D 2 8            
J F 0 1660 98 1 4609 576 0            
K 0 21 213            
J N 7 1660 84 8 4609 0 0            
K 1 -14 45            
K 1 0 45            
K 0 0 43            
K -1 0 45            
K 2 0 45            
K 0 0 59            
K 0 -28 59            
A D 2 8            
J B 28 1740 1 82 6913 576 0            
J N 8 1761 63 5 1 0 0            
K 0 0 42            
K 25 0 44            
K 0 0 59            
K 0 -21 59            
A D 6 8            
J B 29 1847 1 82 6913 1728 0            
J R 9 1934 28 2 1 10000 0            
K 0 0 46            
A D 6 8            
J B 30 2050 1 82 6913 1728 0            
E *            
B 1 296 0            
B 1 461 0            
B 1 637 0            
B 1 829 0            
B 1 1047 0            
B 1 1273 0            
B 1 1513 0            
B 1 1740 0            
B 1 1847 0            
B 1 2050 0            
S 0 200 1510 2050 1066 7 "[...][....]"            
L 0 0 0 330 330 * 0 14 0            
J C 4 5 42 2 6913 0 0            
K 0 0 33            
K 0 0 34            
J K 2 57 0 2 6913 0 0            
K 0 0 63            
K 15 21 63            
J D 0 -11 -14 1 6913 0 0            
W 0 0 37 \03\00            
J N 8 130 7 4 1 0 0            
K 0 0 42            
K 0 0 60            
K 0 21 60            
A D 4 8            
J N 7 236 0 4 4609 1152 0            
K 0 0 43            
K 0 0 60            
K 0 21 60            
A D 2 8            
J B 31 289 1 82 6913 576 0            
J N 7 310 -7 4 1 0 0            
K 0 0 43            
K 0 0 60            
K 0 21 60            
A D 2 8            
J N 6 363 -7 2 2305 576 2 44 45            
K 0 0 43            
A D 1 8            
J N 6 411 0 2 3457 288 2 45 44            
K 0 0 43            
A D 1 8            
H 44 S 0 0 0 0 0 0 0 0 0            
J N 6 445 -7 2 4609 288 2 46 45            
K 0 0 43            
A D 1 8            
J N 6 479 -14 5 5761 288 2 45 46            
K 0 0 45            
K 0 0 43            
K -1 0 45            
K 2 0 45            
A D 1 8            
H 45 B -53 0 108 4 2 1 1 3            
H 46 S 0 0 0 0 0 0 0 0 0            
J B 32 516 1 82 6913 288 0            
J N 8 539 0 4 1 0 0            
K 0 0 42            
K 0 0 60            
K 0 21 60            
A D 4 8            
J N 7 645 -7 4 4609 1152 0            
K 0 0 43            
K 0 0 60            
K 0 21 60            
A D 2 8            
J B 33 698 1 82 6913 576 0            
J N 7 719 -14 7 1 0 0            
K 0 0 45            
K 0 0 43            
K -1 0 45            
K 2 0 45            
K 0 0 60            
K 0 21 60            
A D 2 8            
J N 6 772 -7 2 2305 576 2 47 48            
K 0 0 43            
A D 1 8            
J N 6 806 -14 5 3457 288 2 48 47            
K 0 0 45            
K 0 0 43            
K -1 0 45            
K 2 0 45            
A D 1 8            
H 47 S 0 0 0 0 0 0 0 0 0            
J N 6 840 0 2 4609 288 2 49 48            
K 0 0 43            
A D 1 8            
J N 6 874 -7 2 5761 288 2 48 49            
K 0 0 43            
A D 1 8            
H 48 B -53 0 108 4 2 1 1 3            
H 49 S 0 0 0 0 0 0 0 0 0            
J B 34 911 1 82 6913 288 0            
J N 7 932 7 5 1 0 0            
K 0 0 43            
K 25 0 44            
K 0 0 60            
K 0 21 60            
A D 3 8            
J N 6 996 7 2 3457 864 1 50            
K 0 0 43            
A D 1 8            
J N 6 1030 0 2 4609 288 2 51 50            
K 0 0 43            
A D 1 8            
J N 6 1064 7 2 5761 288 2 50 51            
K 0 0 43            
A D 1 8            
H 50 B -49 0 108 3 2 1 3            
H 51 S 0 0 0 0 0 0 0 0 0            
J B 35 1101 1 82 6913 288 0            
J N 6 1122 0 2 1 0 2 52 53            
K 0 0 43            
A D 1 8            
J N 6 1156 -7 2 1153 288 2 53 52            
K 0 0 43            
A D 1 8            
H 53 B -47 -4 108 2 2 3            
H 52 S 0 0 0 0 0 0 0 0 0            
J N 8 1190 7 4 2305 288 0            
K 0 0 42            
K 0 0 60            
K 0 21 60            
A D 4 8            
J B 36 1304 1 82 6913 1152 0            
J N 8 1325 14 5 1 0 0            
K 0 0 42            
K 24 -6 44            
K 0 0 60            
K 0 21 60            
A D 6 8            
J B 37 1436 1 82 6913 1728 0            
J N 7 1457 -14 8 1 0 0            
K 0 0 45            
K 0 0 43            
K -1 0 45            
K 2 0 45            
K 0 93 108            
K 0 0 60            
K 0 21 60            
A D 2 8            
J N 6 1510 -7 2 2305 576 2 54 55            
K 0 0 43            
A D 1 8            
J N 6 1544 -14 5 3457 288 2 55 54            
K 0 0 45            
K 0 0 43            
K -1 0 45            
K 2 0 45            
A D 1 8            
H 54 S 0 0 0 0 0 0 0 0 0            
J N 6 1578 0 2 4609 288 2 56 55            
K 0 0 43            
A D 1 8            
J N 6 1612 -7 2 5761 288 2 55 56            
K 0 0 43            
A D 1 8            
H 55 B -53 0 108 4 2 1 1 3            
H 56 S 0 0 0 0 0 0 0 0 0            
J B 38 1649 1 82 6913 288 0            
J N 7 1670 7 5 1 0 0            
K 0 0 43            
K 25 0 44            
K 0 0 60            
K 0 21 60            
A D 3 8            
J N 6 1734 7 2 3457 864 1 57            
K 0 0 43            
A D 1 8            
J N 6 1768 0 2 4609 288 2 58 57            
K 0 0 43            
A D 1 8            
J N 6 1802 7 2 5761 288 2 57 58            
K 0 0 43            
A D 1 8            
H 57 B -49 0 108 3 2 1 3            
H 58 S 0 0 0 0 0 0 0 0 0            
J B 39 1839 1 82 6913 288 0            
J N 6 1860 0 2 1 0 2 59 60            
K 0 0 43            
A D 1 8            
J N 6 1894 -7 2 1153 288 2 60 59            
K 0 0 43            
A D 1 8            
H 60 B -47 -4 108 2 2 3            
H 59 S 0 0 0 0 0 0 0 0 0            
J N 8 1928 7 4 2305 288 0            
K 0 0 42            
K 0 0 60            
K 0 21 60            
A D 4 8            
J B 0 2050 5 2 6913 1152 0            
K -8 0 82            
K 0 0 82            
E *            
L 160 0 0 330 330 * 0 14 0            
J C 4 5 42 2 6913 0 0            
K 0 0 33            
K 0 0 34            
J K 2 57 0 2 6913 0 0            
K 0 0 63            
K 15 21 63            
J D 0 -11 -14 1 6913 0 0            
W 0 0 0 \03\00            
J N 8 130 21 4 1 0 0            
K 0 0 42            
K 0 0 60            
K 0 21 60            
A D 4 8            
J N 7 236 14 5 4609 1152 0            
K -18 0 63            
K 0 0 43            
K 0 0 60            
K 0 21 60            
A D 2 8            
J B 31 289 1 82 6913 576 0            
J N 7 310 7 4 1 0 0            
K 0 0 43            
K 0 0 60            
K 0 21 60            
A D 2 8            
J N 6 363 7 2 2305 576 2 32 33            
K 0 0 43            
A D 1 8            
J N 6 411 14 3 3457 288 2 33 32            
K -18 0 63            
K 0 0 43            
A D 1 8            
H 32 S 0 0 0 0 0 0 0 0 0            
J N 6 445 7 2 4609 288 2 34 33            
K 0 0 43            
A D 1 8            
J N 6 479 0 2 5761 288 2 33 34            
K 0 0 43            
A D 1 8            
H 33 B -53 0 108 4 2 1 1 3            
H 34 S 0 0 0 0 0 0 0 0 0            
J B 32 516 1 82 6913 288 0            
J N 8 539 14 5 1 0 0            
K -14 0 64            
K 0 0 42            
K 0 0 60            
K 0 21 60            
A D 4 8            
J N 7 645 7 4 4609 1152 0            
K 0 0 43            
K 0 0 60            
K 0 21 60            
A D 2 8            
J B 33 698 1 82 6913 576 0            
J N 7 719 0 4 1 0 0            
K 0 0 43            
K 0 0 60            
K 0 21 60            
A D 2 8            
J N 6 772 7 2 2305 576 2 35 36            
K 0 0 43            
A D 1 8            
J N 6 806 0 2 3457 288 2 36 35            
K 0 0 43            
A D 1 8            
H 35 S 0 0 0 0 0 0 0 0 0            
J N 6 840 14 2 4609 288 2 37 36            
K 0 0 43            
A D 1 8            
J N 6 874 7 2 5761 288 2 36 37            
K 0 0 43            
A D 1 8            
H 36 B -53 0 108 4 2 1 1 3            
H 37 S 0 0 0 0 0 0 0 0 0            
J B 34 911 1 82 6913 288 0            
J N 7 932 21 5 1 0 0            
K 0 0 43            
K 25 0 44            
K 0 0 60            
K 0 21 60            
A D 3 8            
J N 6 996 21 2 3457 864 1 38            
K 0 0 43            
A D 1 8            
J N 6 1030 14 2 4609 288 2 39 38            
K 0 0 43            
A D 1 8            
J N 6 1064 21 2 5761 288 2 38 39            
K 0 0 43            
A D 1 8            
H 38 B -42 0 108 3 2 1 3            
H 39 S 0 0 0 0 0 0 0 0 0            
J B 35 1101 1 82 6913 288 0            
J N 7 1122 14 4 1 0 0            
K 0 0 43            
K 0 0 60            
K 0 21 60            
A D 2 8            
J N 7 1190 14 5 2305 576 0            
K 0 0 43            
K 24 -6 44            
K 0 0 60            
K 0 21 60            
A D 3 8            
J N 6 1267 21 3 5761 864 0            
K 0 0 43            
K 0 0 54            
A D 1 8            
J B 36 1304 1 82 6913 288 0            
J N 8 1325 14 5 1 0 0            
K 0 0 42            
K 24 -6 44            
K 0 0 60            
K 0 21 60            
A D 6 8            
J B 37 1436 1 82 6913 1728 0            
J N 7 1457 0 5 1 0 0            
K 0 0 43            
K 0 79 108            
K 0 0 60            
K 0 21 60            
A D 2 8            
J N 6 1510 7 2 2305 576 2 40 41            
K 0 0 43            
A D 1 8            
J N 6 1544 0 2 3457 288 2 41 40            
K 0 0 43            
A D 1 8            
H 40 S 0 0 0 0 0 0 0 0 0            
J N 6 1578 14 2 4609 288 2 42 41            
K 0 0 43            
A D 1 8            
J N 6 1612 7 2 5761 288 2 41 42            
K 0 0 43            
A D 1 8            
H 41 B -53 0 108 4 2 1 1 3            
H 42 S 0 0 0 0 0 0 0 0 0            
J B 38 1649 1 82 6913 288 0            
J N 7 1670 21 5 1 0 0            
K 0 0 43            
K 25 0 44            
K 0 0 60            
K 0 21 60            
A D 3 8            
J N 6 1734 21 2 3457 864 1 43            
K 0 0 43            
A D 1 8            
J N 6 1768 14 2 4609 288 2 44 43            
K 0 0 43            
A D 1 8            
J N 6 1802 21 2 5761 288 2 43 44            
K 0 0 43            
A D 1 8            
H 43 B -42 0 108 3 2 1 3            
H 44 S 0 0 0 0 0 0 0 0 0            
J B 39 1839 1 82 6913 288 0            
J N 7 1860 14 4 1 0 0            
K 0 0 43            
K 0 0 60            
K 0 21 60            
A D 2 8            
J N 7 1928 14 5 2305 576 0            
K 0 0 43            
K 24 -6 44            
K 0 0 60            
K 0 21 60            
A D 3 8            
J N 6 2005 21 3 5761 864 0            
K 0 0 43            
K 0 0 54            
A D 1 8            
J B 0 2050 5 2 6913 288 0            
K -8 0 82            
K 0 0 82            
E *            
L 320 0 0 330 330 * 0 14 0            
J C 22 5 14 36 6913 0 0            
J K 2 57 0 2 6913 0 0            
K 0 14 63            
K 15 35 63            
J D 0 -11 -14 1 6913 0 0            
W 0 0 0 \03\00            
J N 7 130 0 4 1 0 0            
K 0 0 43            
K 0 0 60            
K 0 21 60            
A D 2 8            
J N 7 183 7 4 2305 576 0            
K 0 0 43            
K 0 0 60            
K 0 21 60            
A D 2 8            
J F 0 236 98 1 4609 576 0            
K 0 0 216            
J N 7 236 14 4 4609 0 0            
K 0 0 43            
K 0 0 60            
K 0 21 60            
A D 2 8            
J B 31 289 1 82 6913 576 0            
J F 0 310 98 1 1 0 0            
K 0 0 218            
J N 8 310 21 4 1 0 0            
K 0 0 42            
K 0 0 60            
K 0 21 60            
A D 4 8            
J N 7 445 21 4 4609 1152 0            
K 0 0 43            
K 0 0 60            
K 0 21 60            
A D 2 8            
J B 32 516 1 82 6913 576 0            
J N 7 539 -7 4 1 0 0            
K 0 0 43            
K 0 0 60            
K 0 21 60            
A D 2 8            
J N 7 592 0 4 2305 576 0            
K 0 0 43            
K 0 0 60            
K 0 21 60            
A D 2 8            
J F 0 645 98 1 4609 576 0            
K 0 0 205            
J N 7 645 7 4 4609 0 0            
K 0 0 43            
K 0 0 60            
K 0 21 60            
A D 2 8            
J B 33 698 1 82 6913 576 0            
J N 7 719 14 4 1 0 0            
K 0 0 43            
K 0 0 60            
K 0 21 60            
A D 2 8            
J F 0 772 98 2 2305 576 0            
K 0 0 207            
K 0 21 205            
J N 8 772 7 4 2305 0 0            
K 0 0 42            
K 0 0 60            
K 0 21 60            
A D 4 8            
J F 0 840 98 2 4609 576 0            
K 0 0 206            
K 0 21 204            
J B 34 911 1 82 6913 576 0            
J N 8 932 0 4 1 0 0            
K 0 0 42            
K 0 0 60            
K 0 21 60            
A D 4 8            
J N 7 1030 28 4 4609 1152 0            
K 0 0 43            
K 0 0 60            
K 0 21 60            
A D 2 8            
J B 35 1101 1 82 6913 576 0            
J F 0 1122 98 2 1 0 0            
K 0 0 206            
K 0 21 204            
J N 7 1122 56 4 1 0 0            
K 0 0 43            
K 0 0 59            
K 0 -21 59            
A D 2 8            
J F 0 1190 98 1 2305 576 0            
K 0 0 203            
J N 8 1190 49 4 2305 0 0            
K 0 0 42            
K 0 0 59            
K 0 -21 59            
A D 4 8            
J F 0 1243 98 1 4609 576 0            
K 0 0 202            
J B 36 1304 1 82 6913 576 0            
J N 8 1325 28 5 1 0 0            
K 0 0 42            
K 24 -6 44            
K 0 0 60            
K 0 21 60            
A D 6 8            
J B 37 1436 1 82 6913 1728 0            
J N 7 1457 -21 8 1 0 0            
K 0 7 45            
K 0 0 43            
K 0 7 45            
K 1 7 45            
K 0 100 108            
K 0 0 60            
K 0 21 60            
A D 2 8            
J F 0 1510 98 2 2305 576 0            
K 0 0 207            
K 0 21 205            
J N 8 1510 7 4 2305 0 0            
K 0 0 42            
K 0 0 60            
K 0 21 60            
A D 4 8            
J F 0 1578 98 2 4609 576 0            
K 0 0 206            
K 0 21 204            
J B 38 1649 1 82 6913 576 0            
J N 8 1670 0 4 1 0 0            
K 0 0 42            
K 0 0 60            
K 0 21 60            
A D 4 8            
J N 7 1768 28 4 4609 1152 0            
K 0 0 43            
K 0 0 60            
K 0 21 60            
A D 2 8            
J B 39 1839 1 82 6913 576 0            
J F 0 1860 98 2 1 0 0            
K 0 0 206            
K 0 21 204            
J N 7 1860 56 4 1 0 0            
K 0 0 43            
K 0 0 59            
K 0 -21 59            
A D 2 8            
J F 0 1928 98 1 2305 576 0            
K 0 0 203            
J N 8 1928 49 4 2305 0 0            
K 0 0 42            
K 0 0 59            
K 0 -21 59            
A D 4 8            
J F 0 1981 98 1 4609 576 0            
K 0 0 202            
J B 0 2050 5 2 6913 576 0            
K -8 0 82            
K 0 0 82            
E *            
L 530 0 0 330 330 * 0 14 0            
J C 4 5 42 2 6913 0 0            
K 0 0 33            
K 0 0 34            
J K 2 57 0 2 6913 0 0            
K 0 0 63            
K 15 21 63            
J D 0 -11 -14 1 6913 0 0            
W 0 0 0 \03\00            
J R 9 185 28 2 1 10000 0            
K 0 0 46            
A D 6 8            
J B 31 289 1 82 6913 1728 0            
J R 9 388 28 2 1 10000 0            
K 0 0 46            
A D 6 8            
J B 32 516 1 82 6913 1728 0            
J R 9 593 28 2 1 10000 0            
K 0 0 46            
A D 6 8            
J B 33 698 1 82 6913 1728 0            
J R 9 790 28 2 1 10000 0            
K 0 0 46            
A D 6 8            
J B 34 911 1 82 6913 1728 0            
J R 9 992 28 2 1 10000 0            
K 0 0 46            
A D 6 8            
J B 35 1101 1 82 6913 1728 0            
J R 9 1188 28 2 1 10000 0            
K 0 0 46            
A D 6 8            
J B 36 1304 1 82 6913 1728 0            
J R 9 1356 28 2 1 10000 0            
K 0 0 46            
A D 6 8            
J B 37 1436 1 82 6913 1728 0            
J R 9 1528 28 2 1 10000 0            
K 0 0 46            
A D 6 8            
J B 38 1649 1 82 6913 1728 0            
J R 9 1730 28 2 1 10000 0            
K 0 0 46            
A D 6 8            
J B 39 1839 1 82 6913 1728 0            
J R 9 1930 28 2 1 10000 0            
K 0 0 46            
A D 6 8            
J B 0 2050 5 2 6913 1728 0            
K -8 0 82            
K 0 0 82            
E *            
L 690 0 0 330 330 * 0 14 0            
J C 4 5 42 2 6913 0 0            
K 0 0 33            
K 0 0 34            
J K 2 57 0 2 6913 0 0            
K 0 0 63            
K 15 21 63            
J D 0 -11 -14 1 6913 0 0            
W 0 0 0 \03\00            
J R 9 185 28 2 1 10000 0            
K 0 0 46            
A D 6 8            
J B 31 289 1 82 6913 1728 0            
J R 9 388 28 2 1 10000 0            
K 0 0 46            
A D 6 8            
J B 32 516 1 82 6913 1728 0            
J R 9 593 28 2 1 10000 0            
K 0 0 46            
A D 6 8            
J B 33 698 1 82 6913 1728 0            
J R 9 790 28 2 1 10000 0            
K 0 0 46            
A D 6 8            
J B 34 911 1 82 6913 1728 0            
J R 9 992 28 2 1 10000 0            
K 0 0 46            
A D 6 8            
J B 35 1101 1 82 6913 1728 0            
J R 9 1188 28 2 1 10000 0            
K 0 0 46            
A D 6 8            
J B 36 1304 1 82 6913 1728 0            
J R 9 1356 28 2 1 10000 0            
K 0 0 46            
A D 6 8            
J B 37 1436 1 82 6913 1728 0            
J R 9 1528 28 2 1 10000 0            
K 0 0 46            
A D 6 8            
J B 38 1649 1 82 6913 1728 0            
J R 9 1730 28 2 1 10000 0            
K 0 0 46            
A D 6 8            
J B 39 1839 1 82 6913 1728 0            
J R 9 1930 28 2 1 10000 0            
K 0 0 46            
A D 6 8            
J B 0 2050 5 2 6913 1728 0            
K -8 0 82            
K 0 0 82            
E *            
L 850 0 0 330 330 * 0 14 0            
J C 13 5 28 35 6913 0 0            
J K 2 57 0 2 6913 0 0            
K 0 7 63            
K 15 28 63            
J D 0 -11 -14 1 6913 0 0            
W 0 0 0 \03\00            
J R 9 185 28 2 1 10000 0            
K 0 0 46            
A D 6 8            
J B 31 289 1 82 6913 1728 0            
J R 9 388 28 2 1 10000 0            
K 0 0 46            
A D 6 8            
J B 32 516 1 82 6913 1728 0            
J R 9 593 28 2 1 10000 0            
K 0 0 46            
A D 6 8            
J B 33 698 1 82 6913 1728 0            
J R 9 790 28 2 1 10000 0            
K 0 0 46            
A D 6 8            
J B 34 911 1 82 6913 1728 0            
J R 9 992 28 2 1 10000 0            
K 0 0 46            
A D 6 8            
J B 35 1101 1 82 6913 1728 0            
J R 9 1188 28 2 1 10000 0            
K 0 0 46            
A D 6 8            
J B 36 1304 1 82 6913 1728 0            
J R 9 1356 28 2 1 10000 0            
K 0 0 46            
A D 6 8            
J B 37 1436 1 82 6913 1728 0            
J R 9 1528 28 2 1 10000 0            
K 0 0 46            
A D 6 8            
J B 38 1649 1 82 6913 1728 0            
J R 9 1730 28 2 1 10000 0            
K 0 0 46            
A D 6 8            
J B 39 1839 1 82 6913 1728 0            
J R 9 1930 28 2 1 10000 0            
K 0 0 46            
A D 6 8            
J B 0 2050 5 2 6913 1728 0            
K -8 0 82            
K 0 0 82            
E *            
L 1010 0 0 330 330 * 0 14 0            
J C 22 5 14 36 6913 0 0            
J K 2 57 0 2 6913 0 0            
K 0 14 63            
K 15 35 63            
J D 0 -11 -14 1 6913 0 0            
W 0 0 0 \03\00            
J R 9 185 28 2 1 10000 0            
K 0 0 46            
A D 6 8            
J B 31 289 1 82 6913 1728 0            
J R 9 388 28 2 1 10000 0            
K 0 0 46            
A D 6 8            
J B 32 516 1 82 6913 1728 0            
J R 9 593 28 2 1 10000 0            
K 0 0 46            
A D 6 8            
J B 33 698 1 82 6913 1728 0            
J R 9 790 28 2 1 10000 0            
K 0 0 46            
A D 6 8            
J B 34 911 1 82 6913 1728 0            
J R 9 992 28 2 1 10000 0            
K 0 0 46            
A D 6 8            
J B 35 1101 1 82 6913 1728 0            
J R 9 1188 28 2 1 10000 0            
K 0 0 46            
A D 6 8            
J B 36 1304 1 82 6913 1728 0            
J R 9 1356 28 2 1 10000 0            
K 0 0 46            
A D 6 8            
J B 37 1436 1 82 6913 1728 0            
J R 9 1528 28 2 1 10000 0            
K 0 0 46            
A D 6 8            
J B 38 1649 1 82 6913 1728 0            
J R 9 1730 28 2 1 10000 0            
K 0 0 46            
A D 6 8            
J B 39 1839 1 82 6913 1728 0            
J R 9 1930 28 2 1 10000 0            
K 0 0 46            
A D 6 8            
J B 0 2050 5 2 6913 1728 0            
K -8 0 82            
K 0 0 82            
E *            
B 1 289 0            
B 1 516 0            
B 1 698 0            
B 1 911 0            
B 1 1101 0            
B 1 1304 0            
B 1 1436 0            
B 1 1649 0            
B 1 1839 0            
B 5 2050 0            
