@ SOURCE: not identified 
L 0 0 14 !39Violino 2
J D 4 500 -120 1 6913 0 0
W 0 0 44 
J D 1 75 -37 1 6913 0 0
W 0 -56 44 :  Violino 2
J C 4 5 42 2 6913 0 0
K 0 0 33
K 0 0 34
J K 2 57 0 2 6913 0 0
K 0 0 63
K 15 21 63
J D 5 103 -42 1 6913 0 0
W 0 0 37 Largo
J T 101 103 42 1 6913 0 0
K 0 0 37
J N 6 151 0 2 1 0 1 1
K 0 0 43
A D 2 16
J N 6 189 14 2 865 288 1 1
K 0 0 43
A D 2 16
H 1 B 1 0 108 2 2 3
J R 7 227 28 2 1729 288 0
K 0 0 48
A D 4 16
J N 5 280 21 2 3457 576 2 2 3
K 0 0 43
A D 1 16
J N 5 309 0 2 3889 144 2 3 2
K 0 0 43
A D 1 16
H 2 S 0 0 0 0 0 0 0 0 0
J N 5 338 -14 5 4321 144 2 4 3
K 0 0 45
K 0 0 43
K -1 0 45
K 2 0 45
A D 1 16
J N 5 367 0 2 4753 144 2 3 4
K 0 0 43
A D 1 16
H 3 B 1 0 108 4 22 11 11 33
H 4 S 0 0 0 0 0 0 0 0 0
J N 5 396 21 2 5185 144 2 5 6
K 0 0 43
A D 1 16
J N 5 425 35 2 5617 144 2 6 5
K 0 0 43
A D 1 16
H 5 S 0 0 0 0 0 0 0 0 0
J N 5 454 21 2 6049 144 2 7 6
K 0 0 43
A D 1 16
J N 5 483 0 2 6481 144 2 6 7
K 0 0 43
A D 1 16
H 6 B 1 0 108 4 22 11 11 33
H 7 S 0 0 0 0 0 0 0 0 0
J B 2 516 1 82 6913 144 0
J N 5 537 14 2 1 0 2 8 9
K 0 0 43
A D 1 16
J N 5 566 0 2 433 144 2 9 8
K 0 0 43
A D 1 16
H 8 S 0 0 0 0 0 0 0 0 0
J N 5 595 -21 5 865 144 2 10 9
K 0 7 45
K 0 0 43
K 0 7 45
K 1 7 45
A D 1 16
J N 5 624 0 2 1297 144 2 9 10
K 0 0 43
A D 1 16
H 9 B 1 0 108 4 22 11 11 33
H 10 S 0 0 0 0 0 0 0 0 0
J N 5 653 14 2 1729 144 2 11 12
K 0 0 43
A D 1 16
J N 5 682 28 2 2161 144 2 12 11
K 0 0 43
A D 1 16
H 11 S 0 0 0 0 0 0 0 0 0
J N 5 711 7 2 2593 144 2 13 12
K 0 0 43
A D 1 16
J N 5 740 -7 2 3025 144 2 12 13
K 0 0 43
A D 1 16
H 12 B 1 0 108 4 22 11 11 33
H 13 S 0 0 0 0 0 0 0 0 0
J N 6 769 35 3 3457 144 1 14
K -18 0 63
K 0 0 43
A D 2 16
J N 6 807 28 2 4321 288 1 14
K 0 0 43
A D 2 16
J N 6 845 28 3 5185 288 1 14
K 0 0 43
K 24 -6 44
A D 3 16
J N 5 891 35 2 6481 432 1 14
K 0 0 43
A D 1 16
H 14 B 0 0 108 4 2 1 1 53
J B 3 924 1 82 6913 144 0
J N 7 945 28 4 1 0 0
K 0 0 43
K 0 0 60
K 0 21 60
A D 4 16
J R 5 998 28 3 1729 576 0
K 0 14 49
K 4 0 50
A D 1 16
J N 5 1031 0 2 2161 144 1 15
K 0 0 43
A D 1 16
J N 5 1060 14 2 2593 144 2 16 15
K 0 0 43
A D 1 16
J N 5 1089 28 2 3025 144 2 15 16
K 0 0 43
A D 1 16
H 15 B 1 0 108 3 22 11 33
H 16 S 0 0 0 0 0 0 0 0 0
J N 7 1118 21 4 3457 144 0
K 0 0 43
K 0 0 60
K 0 21 60
A D 4 16
J R 5 1171 28 3 5185 576 0
K 0 14 49
K 4 0 50
A D 1 16
J N 5 1204 0 2 5617 144 1 17
K 0 0 43
A D 1 16
J N 5 1233 21 2 6049 144 2 18 17
K 0 0 43
A D 1 16
J N 5 1262 49 2 6481 144 2 17 18
K 0 0 43
A D 1 16
H 17 B 1 0 108 3 22 11 33
H 18 S 0 0 0 0 0 0 0 0 0
J B 4 1295 1 82 6913 144 0
J N 7 1316 28 4 1 0 0
K 0 0 43
K 0 0 60
K 0 21 60
A D 4 16
J R 5 1369 28 3 1729 576 0
K 0 14 49
K 4 0 50
A D 1 16
J N 5 1402 14 2 2161 144 1 19
K 0 0 43
A D 1 16
J N 5 1431 28 2 2593 144 2 20 19
K 0 0 43
A D 1 16
J N 5 1460 21 2 3025 144 2 19 20
K 0 0 43
A D 1 16
H 19 B 1 0 108 3 22 11 33
H 20 S 0 0 0 0 0 0 0 0 0
J N 8 1503 35 5 3457 144 0
K -18 0 63
K 0 0 42
K 0 0 59
K 0 -21 59
A D 8 16
J B 5 1586 1 82 6913 1152 0
J N 6 1607 0 2 1 0 1 21
K 0 0 43
A D 2 16
J N 6 1645 14 2 865 288 1 21
K 0 0 43
A D 2 16
H 21 B 1 0 108 2 2 3
J R 7 1683 28 2 1729 288 0
K 0 0 48
A D 4 16
J N 5 1736 21 2 3457 576 2 22 23
K 0 0 43
A D 1 16
J N 5 1765 0 2 3889 144 2 23 22
K 0 0 43
A D 1 16
H 22 S 0 0 0 0 0 0 0 0 0
J N 5 1794 -14 5 4321 144 2 24 23
K 0 0 45
K 0 0 43
K -1 0 45
K 2 0 45
A D 1 16
J N 5 1823 0 2 4753 144 2 23 24
K 0 0 43
A D 1 16
H 23 B 1 0 108 4 22 11 11 33
H 24 S 0 0 0 0 0 0 0 0 0
J N 5 1852 21 2 5185 144 2 25 26
K 0 0 43
A D 1 16
J N 5 1881 35 2 5617 144 2 26 25
K 0 0 43
A D 1 16
H 25 S 0 0 0 0 0 0 0 0 0
J N 5 1910 21 2 6049 144 2 27 26
K 0 0 43
A D 1 16
J N 5 1939 0 2 6481 144 2 26 27
K 0 0 43
A D 1 16
H 26 B 1 0 108 4 22 11 11 33
H 27 S 0 0 0 0 0 0 0 0 0
J B 6 1972 1 82 6913 144 0
J N 5 1993 14 2 1 0 2 28 29
K 0 0 43
A D 1 16
J N 5 2022 0 2 433 144 2 29 28
K 0 0 43
A D 1 16
H 28 S 0 0 0 0 0 0 0 0 0
J N 5 2051 -21 5 865 144 2 30 29
K 0 7 45
K 0 0 43
K 0 7 45
K 1 7 45
A D 1 16
J N 5 2080 0 2 1297 144 2 29 30
K 0 0 43
A D 1 16
H 29 B 1 0 108 4 22 11 11 33
H 30 S 0 0 0 0 0 0 0 0 0
J N 5 2109 14 2 1729 144 2 31 32
K 0 0 43
A D 1 16
J N 5 2138 28 2 2161 144 2 32 31
K 0 0 43
A D 1 16
H 31 S 0 0 0 0 0 0 0 0 0
J N 5 2167 7 2 2593 144 2 33 32
K 0 0 43
A D 1 16
J N 5 2196 -7 2 3025 144 2 32 33
K 0 0 43
A D 1 16
H 32 B 1 0 108 4 22 11 11 33
H 33 S 0 0 0 0 0 0 0 0 0
J N 6 2225 35 3 3457 144 1 34
K -18 0 63
K 0 0 43
A D 2 16
J N 6 2263 28 2 4321 288 1 34
K 0 0 43
A D 2 16
J N 6 2301 28 3 5185 288 1 34
K 0 0 43
K 24 -6 44
A D 3 16
J N 5 2347 35 2 6481 432 1 34
K 0 0 43
A D 1 16
H 34 B 0 0 108 4 2 1 1 53
J B 7 2380 1 82 6913 144 0
J N 6 2401 28 2 1 0 1 35
K 0 0 43
A D 2 16
J N 6 2439 14 2 865 288 1 35
K 0 0 43
A D 2 16
J N 6 2477 21 2 1729 288 1 35
K 0 0 43
A D 2 16
J N 6 2515 0 2 2593 288 2 36 35
K 0 0 43
A D 2 16
H 35 B 1 0 108 4 2 1 1 3
J N 6 2553 0 2 3457 288 2 37 36
K 0 0 43
A D 2 16
H 36 T 0 0 0 0 0 0 5 0
J N 6 2591 7 2 4321 288 1 37
K 0 0 43
A D 2 16
J N 6 2629 35 2 5185 288 1 37
K 0 0 43
A D 2 16
J N 6 2667 14 2 6049 288 2 38 37
K 0 0 43
A D 2 16
H 37 B 1 0 108 4 2 1 1 3
J B 8 2709 1 82 6913 288 0
J N 6 2730 14 3 1 0 1 38
K 0 0 43
K 0 0 54
A D 2 16
H 38 T 14 0 0 0 0 0 5 0
J N 7 2768 21 4 865 288 0
K 0 0 43
K 0 0 60
K 0 21 60
A D 4 16
J N 6 2821 28 3 2593 576 1 39
K 0 0 43
K 0 0 54
A D 2 16
J N 6 2859 28 2 3457 288 2 40 39
K 0 0 43
A D 2 16
H 39 T 28 0 0 0 0 0 5 0
J N 6 2897 35 2 4321 288 1 40
K 0 0 43
A D 2 16
H 40 B 0 0 108 2 2 3
J N 7 2941 42 5 5185 288 0
K -18 0 63
K 0 0 43
K 0 0 59
K 0 -21 59
A D 4 16
J B 9 2998 1 82 6913 576 0
J N 7 3019 49 5 1 0 0
K 0 0 43
K 25 0 44
K 0 0 59
K 0 -21 59
A D 6 16
J N 6 3087 21 3 2593 864 0
K 0 0 43
K 0 0 54
A D 2 16
J N 7 3125 0 5 3457 288 0
K 0 0 43
K 24 -6 44
K 0 0 60
K 0 21 60
A D 6 16
J N 6 3193 21 3 6049 864 0
K 0 0 43
K 0 0 54
A D 2 16
J B 10 3235 1 82 6913 288 0
J N 6 3256 0 3 1 0 0
K 0 0 43
K 0 0 54
A D 2 16
J N 7 3294 -14 7 865 288 0
K 0 0 45
K 0 0 43
K -1 0 45
K 2 0 45
K 0 0 60
K 0 21 60
A D 4 16
J N 5 3351 -7 3 2593 576 1 41
K -18 0 63
K 0 0 43
A D 1 16
J N 5 3380 0 2 3025 144 1 41
K 0 0 43
A D 1 16
H 41 B 1 0 108 2 22 33
J N 6 3424 7 4 3457 144 0
K -18 0 63
K 0 0 43
K 0 0 54
A D 2 16
J N 7 3462 0 4 4321 288 0
K 0 0 43
K 0 0 60
K 0 21 60
A D 4 16
J N 6 3515 7 3 6049 576 0
K 0 0 43
K 0 0 54
A D 2 16
J B 11 3557 1 82 6913 288 0
J N 5 3578 0 2 1 0 2 42 43
K 0 0 43
A D 1 16
J N 5 3622 -7 3 433 144 1 43
K -18 0 63
K 0 0 43
A D 1 16
J N 5 3651 -14 5 865 144 1 43
K 0 0 45
K 0 0 43
K -1 0 45
K 2 0 45
A D 1 16
J N 5 3680 -7 2 1297 144 1 43
K 0 0 43
A D 1 16
H 43 B 1 0 108 4 22 11 11 33
J N 5 3709 0 2 1729 144 1 44
K 0 0 43
A D 1 16
J N 5 3738 -7 2 2161 144 1 44
K 0 0 43
A D 1 16
J N 5 3767 -14 5 2593 144 1 44
K 0 0 45
K 0 0 43
K -1 0 45
K 2 0 45
A D 1 16
J N 5 3796 0 2 3025 144 2 44 42
K 0 0 43
A D 1 16
H 44 B 1 0 108 4 22 11 11 33
H 42 S 0 0 -7 0 -7 0 0 0 0
J N 6 3839 14 4 3457 144 0
K -18 0 63
K 0 0 43
K 0 0 54
A D 2 16
J N 7 3877 7 4 4321 288 0
K 0 0 43
K 0 0 60
K 0 21 60
A D 4 16
J N 6 3930 14 3 6049 576 0
K 0 0 43
K 0 0 54
A D 2 16
J B 12 3972 1 82 6913 288 0
J N 5 3993 7 2 1 0 2 45 46
K 0 0 43
A D 1 16
J N 5 4022 0 2 433 144 1 46
K 0 0 43
A D 1 16
J N 5 4051 -7 2 865 144 1 46
K 0 0 43
A D 1 16
J N 5 4080 0 2 1297 144 1 46
K 0 0 43
A D 1 16
H 46 B 1 0 108 4 22 11 11 33
J N 5 4109 7 2 1729 144 1 47
K 0 0 43
A D 1 16
J N 5 4138 0 2 2161 144 1 47
K 0 0 43
A D 1 16
J N 5 4167 -7 2 2593 144 1 47
K 0 0 43
A D 1 16
J N 5 4196 7 2 3025 144 2 47 45
K 0 0 43
A D 1 16
H 47 B 1 0 108 4 22 11 11 33
H 45 S 0 0 -7 0 -7 0 0 0 0
J N 6 4225 21 3 3457 144 0
K 0 0 43
K 0 0 54
A D 2 16
J N 7 4263 14 4 4321 288 0
K 0 0 43
K 0 0 60
K 0 21 60
A D 4 16
J N 6 4316 21 3 6049 576 0
K 0 0 43
K 0 0 54
A D 2 16
J B 13 4358 1 82 6913 288 0
J N 7 4379 14 4 1 0 0
K 0 0 43
K 0 0 60
K 0 21 60
A D 4 16
J R 6 4432 28 2 1729 576 0
K 0 0 49
A D 2 16
J N 6 4470 21 3 2593 288 0
K 0 0 43
K 0 0 54
A D 2 16
J N 6 4508 14 2 3457 288 2 48 49
K 0 0 43
A D 2 16
J N 6 4546 21 2 4321 288 2 49 48
K 0 0 43
A D 2 16
H 49 B 1 0 108 2 2 3
H 48 S 0 0 0 0 0 0 0 0 0
J R 6 4584 28 2 5185 288 0
K 0 0 49
A D 2 16
J N 6 4622 35 3 6049 288 0
K 0 0 43
K 0 0 53
A D 2 16
J B 14 4668 1 82 6913 288 0
J N 6 4689 28 2 1 0 2 50 51
K 0 0 43
A D 2 16
J N 6 4727 35 2 865 288 2 51 50
K 0 0 43
A D 2 16
H 51 B 0 0 108 2 2 3
H 50 S 12 0 0 0 0 0 0 0 0
J R 6 4765 28 2 1729 288 0
K 0 0 49
A D 2 16
J N 6 4803 49 3 2593 288 0
K 0 0 43
K 0 0 53
A D 2 16
J N 6 4845 42 2 3457 288 2 52 53
K 0 0 43
A D 2 16
J N 6 4883 49 2 4321 288 2 53 52
K 0 0 43
A D 2 16
H 52 S 12 0 0 0 0 0 0 0 0
J N 6 4921 56 2 5185 288 1 53
K 0 0 43
A D 2 16
J N 6 4959 28 2 6049 288 1 53
K 0 0 43
A D 2 16
H 53 B 0 0 108 4 2 1 1 3
J B 15 5001 1 82 6913 288 0
J N 7 5028 35 5 1 0 0
K -18 0 63
K 0 0 43
K 0 0 59
K 0 -21 59
A D 4 16
J R 7 5081 28 2 1729 576 0
K 0 0 48
A D 4 16
J R 6 5134 28 2 3457 576 0
K 0 0 49
A D 2 16
J N 6 5172 0 2 4321 288 1 54
K 0 0 43
A D 2 16
J N 6 5210 28 2 5185 288 1 54
K 0 0 43
A D 2 16
J N 6 5248 28 2 6049 288 1 54
K 0 0 43
A D 2 16
H 54 B 1 0 108 3 2 1 3
J B 16 5290 1 82 6913 288 0
J N 7 5311 28 4 1 0 0
K 0 0 43
K 0 0 60
K 0 21 60
A D 4 16
J R 6 5364 28 2 1729 576 0
K 0 0 49
A D 2 16
J N 6 5402 -7 3 2593 288 0
K 0 0 43
K 0 0 54
A D 2 16
J N 6 5440 35 4 3457 288 0
K -18 0 63
K 0 0 43
K 0 0 53
A D 2 16
J N 7 5482 28 4 4321 288 0
K 0 0 43
K 0 0 60
K 0 21 60
A D 4 16
J N 6 5535 35 3 6049 576 0
K 0 0 43
K 0 0 53
A D 2 16
J B 17 5581 1 82 6913 288 0
J N 7 5602 28 4 1 0 0
K 0 0 43
K 0 0 60
K 0 21 60
A D 4 16
J R 6 5655 28 2 1729 576 0
K 0 0 49
A D 2 16
J N 6 5693 -21 7 2593 288 0
K 0 7 45
K 0 0 43
K 0 7 45
K 1 7 45
K 0 0 60
K 0 0 54
A D 2 16
J N 6 5731 14 3 3457 288 1 55
K -18 0 63
K 0 0 43
A D 2 16
J N 6 5769 7 2 4321 288 1 55
K 0 0 43
A D 2 16
H 55 B 1 0 108 2 2 3
J R 6 5807 28 2 5185 288 0
K 0 0 49
A D 2 16
J N 6 5845 -21 7 6049 288 0
K 0 7 45
K 0 0 43
K 0 7 45
K 1 7 45
K 0 0 60
K 0 0 54
A D 2 16
J B 18 5887 1 82 6913 288 0
J N 6 5914 14 3 1 0 1 56
K -18 0 63
K 0 0 43
A D 2 16
J N 6 5952 7 2 865 288 1 56
K 0 0 43
A D 2 16
H 56 B 1 0 108 2 2 3
J R 6 5990 28 2 1729 288 0
K 0 0 49
A D 2 16
J N 6 6028 -28 10 2593 288 0
K 0 14 45
K 0 0 45
K -14 0 64
K 0 0 43
K -1 0 45
K 2 0 45
K 0 112 110
K 0 0 60
K 0 7 54
A D 2 16
J N 6 6066 14 3 3457 288 0
K 0 0 43
K 0 0 54
A D 2 16
J N 7 6104 7 4 4321 288 0
K 0 0 43
K 0 0 60
K 0 21 60
A D 4 16
J N 6 6157 14 3 6049 576 0
K 0 0 43
K 0 0 54
A D 2 16
J B 19 6199 1 82 6913 288 0
J N 9 6220 7 2 1 0 0
K 0 0 41
A D 16 16
J B 20 6351 1 82 6913 2304 0
J N 6 6378 -7 3 1 0 1 57
K -18 0 63
K 0 0 43
A D 2 16
J N 6 6416 -14 5 865 288 1 57
K 0 0 45
K 0 0 43
K -1 0 45
K 2 0 45
A D 2 16
H 57 B 1 0 108 2 2 3
J N 7 6454 -7 4 1729 288 0
K 0 0 43
K 0 0 60
K 0 21 60
A D 4 16
J N 8 6507 0 4 3457 576 1 58
K 0 0 42
K 0 0 60
K 0 21 60
A D 8 16
J B 21 6590 1 82 6913 1152 0
J N 8 6611 0 4 1 0 1 58
K 0 0 42
K 0 0 60
K 0 21 60
A D 8 16
H 58 T 0 0 0 0 0 0 5 0
J N 6 6690 0 2 3457 1152 1 59
K 0 0 43
A D 2 16
J N 6 6728 14 2 4321 288 1 59
K 0 0 43
A D 2 16
H 59 B 1 0 108 2 2 3
J R 7 6766 28 2 5185 288 0
K 0 0 48
A D 4 16
J B 22 6823 1 82 6913 576 0
J N 5 6844 21 2 1 0 2 60 61
K 0 0 43
A D 1 16
J N 5 6873 0 2 433 144 2 61 60
K 0 0 43
A D 1 16
H 60 S 0 0 0 0 0 0 0 0 0
J N 5 6902 -14 5 865 144 2 62 61
K 0 0 45
K 0 0 43
K -1 0 45
K 2 0 45
A D 1 16
J N 5 6931 0 2 1297 144 2 61 62
K 0 0 43
A D 1 16
H 61 B 1 0 108 4 22 11 11 33
H 62 S 0 0 0 0 0 0 0 0 0
J N 5 6960 21 2 1729 144 2 63 64
K 0 0 43
A D 1 16
J N 5 6989 35 2 2161 144 2 64 63
K 0 0 43
A D 1 16
H 63 S 0 0 0 0 0 0 0 0 0
J N 5 7018 21 2 2593 144 2 65 64
K 0 0 43
A D 1 16
J N 5 7047 0 2 3025 144 2 64 65
K 0 0 43
A D 1 16
H 64 B 1 0 108 4 22 11 11 33
H 65 S 0 0 0 0 0 0 0 0 0
J N 5 7076 14 2 3457 144 2 66 67
K 0 0 43
A D 1 16
J N 5 7105 0 2 3889 144 2 67 66
K 0 0 43
A D 1 16
H 66 S 0 0 0 0 0 0 0 0 0
J N 5 7134 -21 5 4321 144 2 68 67
K 0 7 45
K 0 0 43
K 0 7 45
K 1 7 45
A D 1 16
J N 5 7163 0 2 4753 144 2 67 68
K 0 0 43
A D 1 16
H 67 B 1 0 108 4 22 11 11 33
H 68 S 0 0 0 0 0 0 0 0 0
J N 5 7192 14 2 5185 144 2 69 70
K 0 0 43
A D 1 16
J N 5 7221 28 2 5617 144 2 70 69
K 0 0 43
A D 1 16
H 69 S 0 0 0 0 0 0 0 0 0
J N 5 7250 7 2 6049 144 2 71 70
K 0 0 43
A D 1 16
J N 5 7279 -7 2 6481 144 2 70 71
K 0 0 43
A D 1 16
H 70 B 1 0 108 4 22 11 11 33
H 71 S 0 0 0 0 0 0 0 0 0
J B 23 7312 1 82 6913 144 0
J N 7 7339 35 5 1 0 0
K -18 0 63
K 0 0 43
K 0 0 59
K 0 -21 59
A D 4 16
J R 6 7392 28 2 1729 576 0
K 0 0 49
A D 2 16
J N 6 7430 21 3 2593 288 0
K 0 0 43
K 0 0 54
A D 2 16
J N 7 7468 14 4 3457 288 0
K 0 0 43
K 0 0 60
K 0 21 60
A D 4 16
J R 6 7521 28 2 5185 576 0
K 0 0 49
A D 2 16
J N 6 7559 14 3 6049 288 0
K 0 0 43
K 0 0 54
A D 2 16
J B 24 7601 1 82 6913 288 0
J N 7 7622 7 4 1 0 0
K 0 0 43
K 0 0 60
K 0 21 60
A D 4 16
J R 6 7675 28 2 1729 576 0
K 0 0 49
A D 2 16
J N 6 7713 7 3 2593 288 0
K 0 0 43
K 0 0 54
A D 2 16
J N 7 7751 0 4 3457 288 0
K 0 0 43
K 0 0 60
K 0 21 60
A D 4 16
J R 6 7804 28 2 5185 576 0
K 0 0 49
A D 2 16
J N 6 7842 0 3 6049 288 0
K 0 0 43
K 0 0 54
A D 2 16
J B 25 7884 1 82 6913 288 0
J N 6 7905 28 2 1 0 1 72
K 0 0 43
A D 2 16
J N 6 7949 35 3 865 288 1 72
K -18 0 63
K 0 0 43
A D 2 16
H 72 B 0 0 108 2 2 3
J N 7 7987 28 4 1729 288 0
K 0 0 43
K 0 0 60
K 0 21 60
A D 4 16
J N 6 8040 35 3 3457 576 0
K 0 0 43
K 0 0 53
A D 2 16
J N 7 8082 28 4 4321 288 0
K 0 0 43
K 0 0 60
K 0 21 60
A D 4 16
J N 6 8135 35 3 6049 576 0
K 0 0 43
K 0 0 53
A D 2 16
J B 26 8181 1 82 6913 288 0
J N 7 8202 28 4 1 0 0
K 0 0 43
K 0 0 60
K 0 21 60
A D 4 16
J R 7 8255 28 2 1729 576 0
K 0 0 48
A D 4 16
J N 7 8308 28 4 3457 576 0
K 0 0 43
K 0 0 60
K 0 21 60
A D 4 16
J N 7 8361 21 4 5185 576 0
K 0 0 43
K 0 0 60
K 0 21 60
A D 4 16
J B 27 8418 1 82 6913 576 0
J N 6 8439 14 3 1 0 0
K 0 0 43
K 0 0 54
A D 2 16
J N 7 8477 28 4 865 288 0
K 0 0 43
K 0 0 60
K 0 21 60
A D 4 16
J N 6 8530 35 4 2593 576 0
K -18 0 63
K 0 0 43
K 0 0 53
A D 2 16
J N 6 8572 28 2 3457 288 1 73
K 0 0 43
A D 2 16
J N 6 8610 21 2 4321 288 1 73
K 0 0 43
A D 2 16
H 73 B 1 0 108 2 2 3
J N 7 8648 28 4 5185 288 0
K 0 0 43
K 0 0 60
K 0 21 60
A D 4 16
J B 28 8705 1 82 6913 576 0
J N 9 8732 35 3 1 0 0
K -18 0 63
K 0 0 41
A D 16 16
J B 0 8876 6 2 6913 2304 0
K -13 0 82
K -6 0 84
J M 0 8876 0 0 10000 0 0
