@ SOURCE: not identified 
L 0 0 14 !39Violino 2
J D 4 500 -120 1 6913 0 0
W 0 0 44 
J D 1 75 -37 1 6913 0 0
W 0 -56 44 :  Violino 2
J C 4 5 42 2 6913 0 0
K 0 0 33
K 0 0 34
J K -1 57 0 1 6913 0 0
K 0 28 65
J D 5 86 -42 1 6913 0 0
W 0 0 37 Allegro
J T 0 86 42 1 6913 0 0
K 0 0 38
J N 7 134 35 4 1 0 0
K 0 0 43
K 0 0 59
K 0 -21 59
A D 2 8
J N 7 172 21 4 1729 576 0
K 0 0 43
K 0 0 60
K 0 21 60
A D 2 8
J N 7 210 28 4 3457 576 0
K 0 0 43
K 0 0 60
K 0 21 60
A D 2 8
J N 7 248 14 4 5185 576 0
K 0 0 43
K 0 0 60
K 0 21 60
A D 2 8
J B 2 290 1 82 6913 576 0
J N 7 311 21 4 1 0 0
K 0 0 43
K 0 0 60
K 0 21 60
A D 2 8
J N 7 349 0 4 1729 576 0
K 0 0 43
K 0 0 60
K 0 21 60
A D 2 8
J N 8 387 7 4 3457 576 0
K 0 0 42
K 0 0 60
K 0 21 60
A D 4 8
J B 3 444 1 82 6913 1152 0
J N 7 465 -14 7 1 0 0
K 0 0 45
K 0 0 43
K -1 0 45
K 2 0 45
K 0 0 60
K 0 21 60
A D 2 8
J N 6 503 -7 2 1729 576 1 1
K 0 0 43
A D 1 8
J N 6 532 0 2 2593 288 1 1
K 0 0 43
A D 1 8
H 1 B 1 0 108 2 2 3
J N 7 561 7 4 3457 288 0
K 0 0 43
K 0 0 60
K 0 21 60
A D 2 8
J N 7 599 0 4 5185 576 1 2
K 0 0 43
K 0 0 60
K 0 21 60
A D 2 8
J B 4 641 1 82 6913 576 0
J N 7 662 0 4 1 0 1 2
K 0 0 43
K 0 0 60
K 0 21 60
A D 2 8
H 2 T 0 0 0 0 0 0 5 0
J N 7 700 7 4 1729 576 0
K 0 0 43
K 0 0 60
K 0 21 60
A D 2 8
J N 8 738 0 4 3457 576 0
K 0 0 42
K 0 0 60
K 0 21 60
A D 4 8
J B 5 795 1 82 6913 1152 0
J N 7 816 21 4 1 0 0
K 0 0 43
K 0 0 60
K 0 21 60
A D 2 8
J N 7 854 21 4 1729 576 0
K 0 0 43
K 0 0 60
K 0 21 60
A D 2 8
J N 7 892 21 4 3457 576 0
K 0 0 43
K 0 0 60
K 0 21 60
A D 2 8
J N 7 930 -7 4 5185 576 0
K 0 0 43
K 0 0 60
K 0 21 60
A D 2 8
J B 6 972 1 82 6913 576 0
J N 7 993 0 4 1 0 0
K 0 0 43
K 0 0 60
K 0 21 60
A D 2 8
J N 6 1031 -7 2 1729 576 1 3
K 0 0 43
A D 1 8
J N 6 1060 0 2 2593 288 1 3
K 0 0 43
A D 1 8
H 3 B 1 0 108 2 2 3
J N 8 1089 7 4 3457 288 0
K 0 0 42
K 0 0 60
K 0 21 60
A D 4 8
J B 7 1146 1 82 6913 1152 0
J N 7 1167 7 4 1 0 0
K 0 0 43
K 0 0 60
K 0 21 60
A D 2 8
J N 6 1205 14 2 1729 576 1 4
K 0 0 43
A D 1 8
J N 6 1234 21 2 2593 288 1 4
K 0 0 43
A D 1 8
H 4 B 1 0 108 2 2 3
J N 7 1274 28 5 3457 288 0
K -14 0 64
K 0 0 43
K 0 0 60
K 0 21 60
A D 2 8
J N 7 1312 21 4 5185 576 1 5
K 0 0 43
K 0 0 60
K 0 21 60
A D 2 8
J B 8 1354 1 82 6913 576 0
J N 7 1375 21 4 1 0 1 5
K 0 0 43
K 0 0 60
K 0 21 60
A D 2 8
H 5 T 21 0 0 0 0 0 1 0
J N 7 1415 28 5 1729 576 0
K -14 0 64
K 0 0 43
K 0 0 60
K 0 21 60
A D 2 8
J N 8 1453 21 4 3457 576 0
K 0 0 42
K 0 0 60
K 0 21 60
A D 4 8
J B 9 1510 1 82 6913 1152 0
J N 7 1531 21 4 1 0 0
K 0 0 43
K 0 0 60
K 0 21 60
A D 2 8
J N 7 1569 21 4 1729 576 0
K 0 0 43
K 0 0 60
K 0 21 60
A D 2 8
J N 7 1607 14 4 3457 576 0
K 0 0 43
K 0 0 60
K 0 21 60
A D 2 8
J N 7 1645 21 4 5185 576 0
K 0 0 43
K 0 0 60
K 0 21 60
A D 2 8
J B 10 1687 1 82 6913 576 0
J N 7 1708 14 4 1 0 0
K 0 0 43
K 0 0 60
K 0 21 60
A D 2 8
J N 7 1746 21 4 1729 576 0
K 0 0 43
K 0 0 60
K 0 21 60
A D 2 8
J N 8 1784 14 4 3457 576 0
K 0 0 42
K 0 0 60
K 0 21 60
A D 4 8
J B 11 1841 1 82 6913 1152 0
J N 7 1862 14 4 1 0 0
K 0 0 43
K 0 0 60
K 0 21 60
A D 2 8
J N 7 1900 14 4 1729 576 0
K 0 0 43
K 0 0 60
K 0 21 60
A D 2 8
J N 7 1938 7 4 3457 576 0
K 0 0 43
K 0 0 60
K 0 21 60
A D 2 8
J N 7 1976 14 4 5185 576 0
K 0 0 43
K 0 0 60
K 0 21 60
A D 2 8
J B 12 2018 1 82 6913 576 0
J N 7 2039 7 4 1 0 0
K 0 0 43
K 0 0 60
K 0 21 60
A D 2 8
J N 7 2077 14 4 1729 576 0
K 0 0 43
K 0 0 60
K 0 21 60
A D 2 8
J N 8 2115 7 4 3457 576 0
K 0 0 42
K 0 0 60
K 0 21 60
A D 4 8
J B 13 2172 1 82 6913 1152 0
J N 7 2193 0 4 1 0 0
K 0 0 43
K 0 0 60
K 0 21 60
A D 2 8
J N 6 2231 7 2 1729 576 1 6
K 0 0 43
A D 1 8
J N 6 2260 14 2 2593 288 1 6
K 0 0 43
A D 1 8
H 6 B 1 0 108 2 2 3
J N 7 2304 21 5 3457 288 0
K -18 0 63
K 0 0 43
K 0 0 60
K 0 21 60
A D 2 8
J N 7 2342 14 4 5185 576 1 7
K 0 0 43
K 0 0 60
K 0 21 60
A D 2 8
J B 14 2384 1 82 6913 576 0
J N 7 2405 14 4 1 0 1 7
K 0 0 43
K 0 0 60
K 0 21 60
A D 2 8
H 7 T 14 0 0 0 0 0 5 0
J N 7 2449 21 5 1729 576 0
K -18 0 63
K 0 0 43
K 0 0 60
K 0 21 60
A D 2 8
J N 8 2487 14 4 3457 576 0
K 0 0 42
K 0 0 60
K 0 21 60
A D 4 8
J B 15 2544 1 82 6913 1152 0
J N 7 2565 -14 7 1 0 0
K 0 0 45
K 0 0 43
K -1 0 45
K 2 0 45
K 0 0 60
K 0 21 60
A D 2 8
J N 7 2603 0 4 1729 576 0
K 0 0 43
K 0 0 60
K 0 21 60
A D 2 8
J N 7 2641 -7 4 3457 576 0
K 0 0 43
K 0 0 60
K 0 21 60
A D 2 8
J N 7 2679 -14 7 5185 576 0
K 0 0 45
K 0 0 43
K -1 0 45
K 2 0 45
K 0 0 60
K 0 21 60
A D 2 8
J B 16 2721 1 82 6913 576 0
J N 7 2742 0 4 1 0 0
K 0 0 43
K 0 0 60
K 0 21 60
A D 2 8
J N 7 2780 -7 4 1729 576 0
K 0 0 43
K 0 0 60
K 0 21 60
A D 2 8
J N 8 2818 21 4 3457 576 0
K 0 0 42
K 0 0 60
K 0 21 60
A D 4 8
J B 17 2875 1 82 6913 1152 0
J N 7 2896 -14 7 1 0 0
K 0 0 45
K 0 0 43
K -1 0 45
K 2 0 45
K 0 0 60
K 0 21 60
A D 2 8
J N 7 2934 -28 8 1729 576 0
K 0 14 45
K 0 0 45
K 0 0 43
K -1 0 45
K 2 0 45
K 0 0 60
K 0 28 60
A D 2 8
J N 7 2972 0 4 3457 576 0
K 0 0 43
K 0 0 60
K 0 21 60
A D 2 8
J N 7 3010 21 4 5185 576 0
K 0 0 43
K 0 0 60
K 0 21 60
A D 2 8
J B 18 3052 1 82 6913 576 0
J N 6 3073 14 2 1 0 2 8 9
K 0 0 43
A D 1 8
J N 6 3102 7 2 865 288 2 9 8
K 0 0 43
A D 1 8
H 9 B 1 0 108 2 2 3
H 8 S 0 0 0 0 0 0 0 0 0
J N 7 3131 0 4 1729 288 0
K 0 0 43
K 0 0 60
K 0 21 60
A D 2 8
J N 8 3169 7 4 3457 576 0
K 0 0 42
K 0 0 60
K 0 21 60
A D 4 8
J B 19 3226 1 82 6913 1152 0
J N 8 3247 21 4 1 0 0
K 0 0 42
K 0 0 60
K 0 21 60
A D 4 8
J N 8 3300 28 4 3457 1152 0
K 0 0 42
K 0 0 60
K 0 21 60
A D 4 8
J B 20 3357 1 82 6913 1152 0
J N 8 3378 35 4 1 0 0
K 0 0 42
K 0 0 59
K 0 -21 59
A D 4 8
J N 8 3431 42 4 3457 1152 0
K 0 0 42
K 0 0 59
K 0 -21 59
A D 4 8
J B 21 3488 1 82 6913 1152 0
J N 7 3509 21 4 1 0 0
K 0 0 43
K 0 0 60
K 0 21 60
A D 2 8
J N 7 3547 -14 7 1729 576 0
K 0 0 45
K 0 0 43
K -1 0 45
K 2 0 45
K 0 0 60
K 0 21 60
A D 2 8
J N 7 3585 -7 4 3457 576 0
K 0 0 43
K 0 0 60
K 0 21 60
A D 2 8
J N 6 3623 -14 5 5185 576 2 10 11
K 0 0 45
K 0 0 43
K -1 0 45
K 2 0 45
A D 1 8
J N 6 3652 0 2 6049 288 2 11 10
K 0 0 43
A D 1 8
H 11 B 1 0 108 2 2 3
H 10 S 0 0 0 0 0 0 0 0 0
J B 22 3685 1 82 6913 288 0
J N 7 3706 0 5 1 0 0
K 0 0 43
K 24 -6 44
K 0 0 60
K 0 21 60
A D 3 8
J N 6 3752 7 3 2593 864 0
K 0 0 43
K 0 0 54
A D 1 8
J N 8 3781 0 4 3457 288 0
K 0 0 42
K 0 0 60
K 0 21 60
A D 4 8
J B 23 3838 1 82 6913 1152 0
J N 8 3859 21 5 1 0 0
K 0 0 42
K 0 68 108
K 0 0 60
K 0 21 60
A D 4 8
J N 8 3912 28 4 3457 1152 0
K 0 0 42
K 0 0 60
K 0 21 60
A D 4 8
J B 24 3969 1 82 6913 1152 0
J N 8 3990 35 4 1 0 0
K 0 0 42
K 0 0 59
K 0 -21 59
A D 4 8
J N 8 4043 42 4 3457 1152 0
K 0 0 42
K 0 0 59
K 0 -21 59
A D 4 8
J B 25 4100 1 82 6913 1152 0
J N 7 4121 21 5 1 0 0
K 0 0 43
K 0 74 110
K 0 0 60
K 0 21 60
A D 2 8
J N 7 4159 -14 7 1729 576 0
K 0 0 45
K 0 0 43
K -1 0 45
K 2 0 45
K 0 0 60
K 0 21 60
A D 2 8
J N 7 4197 -7 4 3457 576 0
K 0 0 43
K 0 0 60
K 0 21 60
A D 2 8
J N 6 4235 -14 5 5185 576 2 12 13
K 0 0 45
K 0 0 43
K -1 0 45
K 2 0 45
A D 1 8
J N 6 4264 0 2 6049 288 2 13 12
K 0 0 43
A D 1 8
H 13 B 1 0 108 2 2 3
H 12 S 0 0 0 0 0 0 0 0 0
J B 26 4297 1 82 6913 288 0
J N 7 4318 0 5 1 0 0
K 0 0 43
K 24 -6 44
K 0 0 60
K 0 21 60
A D 3 8
J N 6 4364 7 3 2593 864 0
K 0 0 43
K 0 0 54
A D 1 8
J N 8 4393 0 4 3457 288 0
K 0 0 42
K 0 0 60
K 0 21 60
A D 4 8
J B 27 4472 10 6 6913 1152 0
K -22 21 44
K -22 35 44
K -12 0 84
K 0 0 84
K 11 21 44
K 11 35 44
J N 7 4509 35 4 1 0 0
K 0 0 43
K 0 0 59
K 0 -21 59
A D 2 8
J N 7 4547 35 4 1729 576 0
K 0 0 43
K 0 0 59
K 0 -21 59
A D 2 8
J N 7 4585 35 4 3457 576 0
K 0 0 43
K 0 0 59
K 0 -21 59
A D 2 8
J N 7 4623 84 8 5185 576 0
K 1 -14 45
K 1 0 45
K 0 0 43
K -1 0 45
K 2 0 45
K 0 0 59
K 0 -28 59
A D 2 8
J B 28 4665 1 82 6913 576 0
J N 7 4686 35 4 1 0 0
K 0 0 43
K 0 0 59
K 0 -21 59
A D 2 8
J N 7 4724 35 4 1729 576 0
K 0 0 43
K 0 0 59
K 0 -21 59
A D 2 8
J N 8 4762 35 4 3457 576 0
K 0 0 42
K 0 0 59
K 0 -21 59
A D 4 8
J B 29 4819 1 82 6913 1152 0
J N 7 4840 14 4 1 0 0
K 0 0 43
K 0 0 60
K 0 21 60
A D 2 8
J N 7 4878 14 4 1729 576 0
K 0 0 43
K 0 0 60
K 0 21 60
A D 2 8
J N 7 4916 14 4 3457 576 0
K 0 0 43
K 0 0 60
K 0 21 60
A D 2 8
J N 7 4954 63 4 5185 576 0
K 0 0 43
K 0 0 59
K 0 -21 59
A D 2 8
J B 30 4996 1 82 6913 576 0
J N 7 5017 14 4 1 0 0
K 0 0 43
K 0 0 60
K 0 21 60
A D 2 8
J N 7 5055 14 4 1729 576 0
K 0 0 43
K 0 0 60
K 0 21 60
A D 2 8
J N 8 5093 14 4 3457 576 0
K 0 0 42
K 0 0 60
K 0 21 60
A D 4 8
J B 31 5150 1 82 6913 1152 0
J N 7 5171 7 4 1 0 0
K 0 0 43
K 0 0 60
K 0 21 60
A D 2 8
J N 7 5209 7 4 1729 576 0
K 0 0 43
K 0 0 60
K 0 21 60
A D 2 8
J N 7 5247 7 4 3457 576 0
K 0 0 43
K 0 0 60
K 0 21 60
A D 2 8
J N 7 5285 56 4 5185 576 0
K 0 0 43
K 0 0 59
K 0 -21 59
A D 2 8
J B 32 5327 1 82 6913 576 0
J N 7 5348 7 4 1 0 0
K 0 0 43
K 0 0 60
K 0 21 60
A D 2 8
J N 7 5386 7 4 1729 576 0
K 0 0 43
K 0 0 60
K 0 21 60
A D 2 8
J N 8 5424 7 4 3457 576 0
K 0 0 42
K 0 0 60
K 0 21 60
A D 4 8
J B 33 5481 1 82 6913 1152 0
J R 7 5502 28 2 1 0 0
K 0 0 48
A D 2 8
J N 7 5540 0 4 1729 576 0
K 0 0 43
K 0 0 60
K 0 21 60
A D 2 8
J N 7 5578 42 5 3457 576 0
K -18 0 63
K 0 0 43
K 0 0 59
K 0 -21 59
A D 2 8
J N 7 5616 35 4 5185 576 1 14
K 0 0 43
K 0 0 59
K 0 -21 59
A D 2 8
J B 34 5658 1 82 6913 576 0
J N 7 5679 35 4 1 0 1 14
K 0 0 43
K 0 0 59
K 0 -21 59
A D 2 8
H 14 T 35 0 0 0 0 0 9 0
J N 7 5723 42 5 1729 576 0
K -18 0 63
K 0 0 43
K 0 0 59
K 0 -21 59
A D 2 8
J N 8 5761 35 4 3457 576 0
K 0 0 42
K 0 0 59
K 0 -21 59
A D 4 8
J B 35 5818 1 82 6913 1152 0
J R 7 5839 28 2 1 0 0
K 0 0 48
A D 2 8
J N 7 5877 0 5 1729 576 0
K 0 0 43
K 0 79 108
K 0 0 60
K 0 21 60
A D 2 8
J N 7 5915 42 5 3457 576 0
K -18 0 63
K 0 0 43
K 0 0 59
K 0 -21 59
A D 2 8
J N 7 5953 35 4 5185 576 1 15
K 0 0 43
K 0 0 59
K 0 -21 59
A D 2 8
J B 36 5995 1 82 6913 576 0
J N 7 6016 35 4 1 0 1 15
K 0 0 43
K 0 0 59
K 0 -21 59
A D 2 8
H 15 T 35 0 0 0 0 0 9 0
J N 7 6060 42 5 1729 576 0
K -18 0 63
K 0 0 43
K 0 0 59
K 0 -21 59
A D 2 8
J N 8 6098 35 4 3457 576 0
K 0 0 42
K 0 0 59
K 0 -21 59
A D 4 8
J B 37 6155 1 82 6913 1152 0
J N 7 6176 35 5 1 0 1 16
K 0 0 43
K 0 51 110
K 0 0 59
K 0 -21 59
A D 2 8
J N 7 6214 21 4 1729 576 1 16
K 0 0 43
K 0 0 60
K 0 21 60
A D 2 8
H 16 S 0 14 0 0 0 0 0 0 0
J N 7 6252 28 4 3457 576 1 17
K 0 0 43
K 0 0 60
K 0 21 60
A D 2 8
J N 7 6290 14 4 5185 576 1 17
K 0 0 43
K 0 0 60
K 0 21 60
A D 2 8
H 17 S 0 0 0 0 0 0 0 0 0
J B 38 6332 1 82 6913 576 0
J N 7 6353 21 4 1 0 1 18
K 0 0 43
K 0 0 60
K 0 21 60
A D 2 8
J N 7 6391 0 4 1729 576 1 18
K 0 0 43
K 0 0 60
K 0 21 60
A D 2 8
H 18 S 0 0 0 0 0 0 0 0 0
J N 8 6429 7 4 3457 576 0
K 0 0 42
K 0 0 60
K 0 21 60
A D 4 8
J B 39 6486 1 82 6913 1152 0
J N 7 6507 -14 7 1 0 0
K 0 0 45
K 0 0 43
K -1 0 45
K 2 0 45
K 0 0 60
K 0 21 60
A D 2 8
J N 7 6545 -28 8 1729 576 0
K 0 14 45
K 0 0 45
K 0 0 43
K -1 0 45
K 2 0 45
K 0 0 60
K 0 28 60
A D 2 8
J N 7 6583 0 4 3457 576 0
K 0 0 43
K 0 0 60
K 0 21 60
A D 2 8
J N 7 6621 21 4 5185 576 0
K 0 0 43
K 0 0 60
K 0 21 60
A D 2 8
J B 40 6663 1 82 6913 576 0
J N 6 6684 14 2 1 0 2 19 20
K 0 0 43
A D 1 8
J N 6 6713 7 2 865 288 2 20 19
K 0 0 43
A D 1 8
H 20 B 1 0 108 2 2 3
H 19 S 0 0 0 0 0 0 0 0 0
J N 7 6742 0 4 1729 288 0
K 0 0 43
K 0 0 60
K 0 21 60
A D 2 8
J N 8 6780 7 4 3457 576 0
K 0 0 42
K 0 0 60
K 0 21 60
A D 4 8
J B 41 6837 1 82 6913 1152 0
J N 7 6858 35 4 1 0 0
K 0 0 43
K 0 0 59
K 0 -21 59
A D 2 8
J N 7 6896 21 4 1729 576 0
K 0 0 43
K 0 0 60
K 0 21 60
A D 2 8
J N 7 6934 49 4 3457 576 0
K 0 0 43
K 0 0 59
K 0 -21 59
A D 2 8
J N 7 6972 14 4 5185 576 0
K 0 0 43
K 0 0 60
K 0 21 60
A D 2 8
J B 42 7014 1 82 6913 576 0
J N 7 7035 42 4 1 0 0
K 0 0 43
K 0 0 59
K 0 -21 59
A D 2 8
J N 7 7073 7 4 1729 576 0
K 0 0 43
K 0 0 60
K 0 21 60
A D 2 8
J N 8 7111 35 4 3457 576 0
K 0 0 42
K 0 0 59
K 0 -21 59
A D 4 8
J B 43 7168 1 82 6913 1152 0
J N 7 7189 35 4 1 0 0
K 0 0 43
K 0 0 59
K 0 -21 59
A D 2 8
J N 7 7227 21 4 1729 576 0
K 0 0 43
K 0 0 60
K 0 21 60
A D 2 8
J N 7 7265 49 4 3457 576 0
K 0 0 43
K 0 0 59
K 0 -21 59
A D 2 8
J N 7 7303 14 4 5185 576 0
K 0 0 43
K 0 0 60
K 0 21 60
A D 2 8
J B 44 7345 1 82 6913 576 0
J N 7 7366 42 4 1 0 0
K 0 0 43
K 0 0 59
K 0 -21 59
A D 2 8
J N 7 7404 7 4 1729 576 0
K 0 0 43
K 0 0 60
K 0 21 60
A D 2 8
J N 7 7442 35 4 3457 576 0
K 0 0 43
K 0 0 59
K 0 -21 59
A D 2 8
J N 7 7480 0 4 5185 576 0
K 0 0 43
K 0 0 60
K 0 21 60
A D 2 8
J B 45 7522 1 82 6913 576 0
J N 7 7543 7 4 1 0 0
K 0 0 43
K 0 0 60
K 0 21 60
A D 2 8
J N 7 7581 -7 4 1729 576 0
K 0 0 43
K 0 0 60
K 0 21 60
A D 2 8
J N 7 7619 21 4 3457 576 0
K 0 0 43
K 0 0 60
K 0 21 60
A D 2 8
J N 6 7657 -21 5 5185 576 2 21 22
K 0 7 45
K 0 0 43
K 0 7 45
K 1 7 45
A D 1 8
J N 6 7686 -14 5 6049 288 2 22 21
K 0 0 45
K 0 0 43
K -1 0 45
K 2 0 45
A D 1 8
H 22 B 1 0 108 2 2 3
H 21 S 0 0 0 0 0 0 0 0 0
J B 46 7719 1 82 6913 288 0
J N 8 7740 -7 4 1 0 0
K 0 0 42
K 0 0 60
K 0 21 60
A D 4 8
J N 8 7793 0 4 3457 1152 0
K 0 0 42
K 0 0 60
K 0 21 60
A D 4 8
J B 47 7850 1 82 6913 1152 0
J R 7 7871 28 2 1 0 0
K 0 0 48
A D 2 8
J N 7 7909 21 4 1729 576 0
K 0 0 43
K 0 0 60
K 0 21 60
A D 2 8
J N 8 7947 49 4 3457 576 0
K 0 0 42
K 0 0 59
K 0 -21 59
A D 4 8
J B 48 8004 1 82 6913 1152 0
J R 7 8025 28 2 1 0 0
K 0 0 48
A D 2 8
J N 7 8063 21 4 1729 576 0
K 0 0 43
K 0 0 60
K 0 21 60
A D 2 8
J N 8 8101 49 4 3457 576 0
K 0 0 42
K 0 0 59
K 0 -21 59
A D 4 8
J B 49 8158 1 82 6913 1152 0
J R 7 8179 28 2 1 0 0
K 0 0 48
A D 2 8
J N 8 8217 28 4 1729 576 0
K 0 0 42
K 0 0 60
K 0 21 60
A D 4 8
J N 7 8270 35 4 5185 1152 0
K 0 0 43
K 0 0 59
K 0 -21 59
A D 2 8
J B 50 8312 1 82 6913 576 0
J N 8 8333 42 4 1 0 0
K 0 0 42
K 0 0 59
K 0 -21 59
A D 4 8
J N 8 8386 49 4 3457 1152 0
K 0 0 42
K 0 0 59
K 0 -21 59
A D 4 8
J B 51 8443 1 82 6913 1152 0
J R 7 8464 28 2 1 0 0
K 0 0 48
A D 2 8
J N 7 8502 21 5 1729 576 0
K 0 0 43
K 0 68 108
K 0 0 60
K 0 21 60
A D 2 8
J N 8 8540 49 4 3457 576 0
K 0 0 42
K 0 0 59
K 0 -21 59
A D 4 8
J B 52 8597 1 82 6913 1152 0
J R 7 8618 28 2 1 0 0
K 0 0 48
A D 2 8
J N 7 8656 21 4 1729 576 0
K 0 0 43
K 0 0 60
K 0 21 60
A D 2 8
J N 8 8694 49 4 3457 576 0
K 0 0 42
K 0 0 59
K 0 -21 59
A D 4 8
J B 53 8751 1 82 6913 1152 0
J R 7 8772 28 2 1 0 0
K 0 0 48
A D 2 8
J N 8 8810 28 5 1729 576 0
K 0 0 42
K 0 74 110
K 0 0 60
K 0 21 60
A D 4 8
J N 7 8863 35 4 5185 1152 0
K 0 0 43
K 0 0 59
K 0 -21 59
A D 2 8
J B 54 8905 1 82 6913 576 0
J N 8 8926 42 4 1 0 0
K 0 0 42
K 0 0 59
K 0 -21 59
A D 4 8
J N 8 8979 49 4 3457 1152 0
K 0 0 42
K 0 0 59
K 0 -21 59
A D 4 8
J B 55 9036 1 82 6913 1152 0
J R 7 9057 28 2 1 0 0
K 0 0 48
A D 2 8
J N 8 9095 28 4 1729 576 0
K 0 0 42
K 0 0 60
K 0 21 60
A D 4 8
J N 7 9148 35 4 5185 1152 0
K 0 0 43
K 0 0 59
K 0 -21 59
A D 2 8
J B 56 9190 1 82 6913 576 0
J N 8 9211 42 4 1 0 0
K 0 0 42
K 0 0 59
K 0 -21 59
A D 4 8
J N 8 9264 49 4 3457 1152 0
K 0 0 42
K 0 0 59
K 0 -21 59
A D 4 8
J B 0 9344 6 4 6913 1152 0
K -23 21 44
K -23 35 44
K -13 0 82
K -6 0 84
J M 0 9344 0 0 10000 0 0
