@ SOURCE: not identified 
L 0 0 14 !39Basso
J D 4 500 -120 1 6913 0 0
W 0 0 44 
J D 1 75 -37 1 6913 0 0
W 0 -56 44 :  Basso
J C 22 5 14 36 6913 0 0
J K -1 57 0 1 6913 0 0
K 0 42 65
J D 5 86 -42 1 6913 0 0
W 0 0 37 Allegro
J T 0 86 42 1 6913 0 0
K 0 0 38
J R 9 137 28 2 1 10000 0
K 0 0 46
A D 8 8
J B 2 242 1 82 6913 2304 0
J R 9 263 28 2 1 10000 0
K 0 0 46
A D 8 8
J B 3 368 1 82 6913 2304 0
J F 0 389 98 1 1 0 0
K 0 0 205
J N 7 389 0 4 1 0 0
K 0 0 43
K 0 0 60
K 0 21 60
A D 2 8
J N 7 418 -7 4 1729 576 0
K 0 0 43
K 0 0 60
K 0 21 60
A D 2 8
J N 7 447 -14 7 3457 576 0
K 0 0 45
K 0 0 43
K -1 0 45
K 2 0 45
K 0 0 60
K 0 21 60
A D 2 8
J N 7 476 14 4 5185 576 0
K 0 0 43
K 0 0 60
K 0 21 60
A D 2 8
J B 4 509 1 82 6913 576 0
J F 0 530 98 1 1 0 0
K 0 0 203
J N 7 530 -14 7 1 0 0
K 0 0 45
K 0 0 43
K -1 0 45
K 2 0 45
K 0 0 60
K 0 21 60
A D 2 8
J F 0 559 98 1 1729 576 0
K 0 0 202
J N 7 559 35 4 1729 0 0
K 0 0 43
K 0 0 59
K 0 -21 59
A D 2 8
J N 8 588 14 4 3457 576 0
K 0 0 42
K 0 0 60
K 0 21 60
A D 4 8
J B 5 630 1 82 6913 1152 0
J R 9 651 28 2 1 10000 0
K 0 0 46
A D 8 8
J B 6 756 1 82 6913 2304 0
J R 9 777 28 2 1 10000 0
K 0 0 46
A D 8 8
J B 7 882 1 82 6913 2304 0
J F 0 903 98 1 1 0 0
K 0 0 205
J N 7 903 21 4 1 0 0
K 0 0 43
K 0 0 60
K 0 21 60
A D 2 8
J N 7 932 14 4 1729 576 0
K 0 0 43
K 0 0 60
K 0 21 60
A D 2 8
J F 0 961 98 1 3457 576 0
K 0 0 218
J N 7 961 7 4 3457 0 0
K 0 0 43
K 0 0 60
K 0 21 60
A D 2 8
J N 7 990 35 4 5185 576 0
K 0 0 43
K 0 0 59
K 0 -21 59
A D 2 8
J B 8 1023 1 82 6913 576 0
J F 0 1044 98 1 1 0 0
K 0 0 203
J N 7 1044 7 4 1 0 0
K 0 0 43
K 0 0 60
K 0 21 60
A D 2 8
J F 0 1073 98 1 1729 576 0
K 0 0 218
J N 7 1073 56 4 1729 0 0
K 0 0 43
K 0 0 59
K 0 -21 59
A D 2 8
J N 8 1102 35 4 3457 576 0
K 0 0 42
K 0 0 59
K 0 -21 59
A D 4 8
J B 9 1144 1 82 6913 1152 0
J R 9 1165 28 2 1 10000 0
K 0 0 46
A D 8 8
J B 10 1270 1 82 6913 2304 0
J R 8 1291 28 2 1 0 0
K 0 0 47
A D 4 8
J N 7 1329 -7 4 3457 1152 0
K 0 0 43
K 0 0 60
K 0 21 60
A D 2 8
J N 7 1358 42 4 5185 576 0
K 0 0 43
K 0 0 59
K 0 -21 59
A D 2 8
J B 11 1391 1 82 6913 576 0
J R 9 1412 28 2 1 10000 0
K 0 0 46
A D 8 8
J B 12 1517 1 82 6913 2304 0
J R 8 1538 28 2 1 0 0
K 0 0 47
A D 4 8
J N 7 1576 -14 7 3457 1152 0
K 0 0 45
K 0 0 43
K -1 0 45
K 2 0 45
K 0 0 60
K 0 21 60
A D 2 8
J N 7 1605 35 4 5185 576 0
K 0 0 43
K 0 0 59
K 0 -21 59
A D 2 8
J B 13 1638 1 82 6913 576 0
J F 0 1659 98 1 1 0 0
K 0 0 205
J N 7 1659 14 4 1 0 0
K 0 0 43
K 0 0 60
K 0 21 60
A D 2 8
J N 7 1688 7 4 1729 576 0
K 0 0 43
K 0 0 60
K 0 21 60
A D 2 8
J F 0 1717 98 1 3457 576 0
K 0 0 213
J N 7 1717 0 4 3457 0 0
K 0 0 43
K 0 0 60
K 0 21 60
A D 2 8
J N 7 1746 28 4 5185 576 0
K 0 0 43
K 0 0 60
K 0 21 60
A D 2 8
J B 14 1779 1 82 6913 576 0
J F 0 1800 98 1 1 0 0
K 0 0 203
J N 7 1800 0 4 1 0 0
K 0 0 43
K 0 0 60
K 0 21 60
A D 2 8
J F 0 1829 98 1 1729 576 0
K 0 0 213
J N 7 1829 49 4 1729 0 0
K 0 0 43
K 0 0 59
K 0 -21 59
A D 2 8
J N 8 1858 28 4 3457 576 0
K 0 0 42
K 0 0 60
K 0 21 60
A D 4 8
J B 15 1900 1 82 6913 1152 0
J R 9 1921 28 2 1 10000 0
K 0 0 46
A D 8 8
J B 16 2026 1 82 6913 2304 0
J R 9 2047 28 2 1 10000 0
K 0 0 46
A D 8 8
J B 17 2152 1 82 6913 2304 0
J F 0 2173 98 1 1 0 0
K 0 0 205
J N 7 2173 0 4 1 0 0
K 0 0 43
K 0 0 60
K 0 21 60
A D 2 8
J N 7 2202 14 4 1729 576 0
K 0 0 43
K 0 0 60
K 0 21 60
A D 2 8
J N 7 2231 -7 4 3457 576 0
K 0 0 43
K 0 0 60
K 0 21 60
A D 2 8
J N 7 2260 0 4 5185 576 0
K 0 0 43
K 0 0 60
K 0 21 60
A D 2 8
J B 18 2293 1 82 6913 576 0
J F 0 2314 98 1 1 0 0
K 0 0 205
J N 7 2314 7 4 1 0 0
K 0 0 43
K 0 0 60
K 0 21 60
A D 2 8
J N 7 2343 14 4 1729 576 0
K 0 0 43
K 0 0 60
K 0 21 60
A D 2 8
J N 8 2372 -14 7 3457 576 0
K 0 0 45
K 0 0 42
K -1 0 45
K 2 0 45
K 0 0 60
K 0 21 60
A D 4 8
J B 19 2414 1 82 6913 1152 0
J R 9 2435 28 2 1 10000 0
K 0 0 46
A D 8 8
J B 20 2540 1 82 6913 2304 0
J R 9 2561 28 2 1 10000 0
K 0 0 46
A D 8 8
J B 21 2666 1 82 6913 2304 0
J F 0 2687 98 1 1 0 0
K 0 0 205
J N 7 2687 0 4 1 0 0
K 0 0 43
K 0 0 60
K 0 21 60
A D 2 8
J N 7 2716 49 4 1729 576 0
K 0 0 43
K 0 0 59
K 0 -21 59
A D 2 8
J F 0 2745 98 2 3457 576 0
K 0 0 203
K 0 21 201
J N 7 2745 42 4 3457 0 0
K 0 0 43
K 0 0 59
K 0 -21 59
A D 2 8
J N 7 2774 14 4 5185 576 0
K 0 0 43
K 0 0 60
K 0 21 60
A D 2 8
J B 22 2807 1 82 6913 576 0
J F 0 2828 98 1 1 0 0
K 0 0 203
J N 7 2828 -14 7 1 0 0
K 0 0 45
K 0 0 43
K -1 0 45
K 2 0 45
K 0 0 60
K 0 21 60
A D 2 8
J F 0 2857 98 1 1729 576 0
K 0 0 202
J N 7 2857 35 4 1729 0 0
K 0 0 43
K 0 0 59
K 0 -21 59
A D 2 8
J N 8 2886 14 4 3457 576 0
K 0 0 42
K 0 0 60
K 0 21 60
A D 4 8
J B 23 2928 1 82 6913 1152 0
J R 9 2949 28 2 1 10000 0
K 0 0 46
A D 8 8
J B 24 3054 1 82 6913 2304 0
J R 9 3075 28 2 1 10000 0
K 0 0 46
A D 8 8
J B 25 3180 1 82 6913 2304 0
J F 0 3201 98 1 1 0 0
K 0 0 205
J N 7 3201 0 5 1 0 0
K 0 0 43
K 0 85 110
K 0 0 60
K 0 21 60
A D 2 8
J N 7 3230 49 4 1729 576 0
K 0 0 43
K 0 0 59
K 0 -21 59
A D 2 8
J F 0 3259 98 2 3457 576 0
K 0 0 203
K 0 21 201
J N 7 3259 42 4 3457 0 0
K 0 0 43
K 0 0 59
K 0 -21 59
A D 2 8
J N 7 3288 63 4 5185 576 0
K 0 0 43
K 0 0 59
K 0 -21 59
A D 2 8
J B 26 3321 1 82 6913 576 0
J F 0 3342 98 1 1 0 0
K 0 0 203
J N 7 3342 35 4 1 0 0
K 0 0 43
K 0 0 59
K 0 -21 59
A D 2 8
J F 0 3371 98 1 1729 576 0
K 0 0 202
J N 7 3371 84 8 1729 0 0
K 1 -14 45
K 1 0 45
K 0 0 43
K -1 0 45
K 2 0 45
K 0 0 59
K 0 -28 59
A D 2 8
J N 8 3400 63 4 3457 576 0
K 0 0 42
K 0 0 59
K 0 -21 59
A D 4 8
J B 27 3464 10 6 6913 1152 0
K -22 21 44
K -22 35 44
K -12 0 84
K 0 0 84
K 11 21 44
K 11 35 44
J R 9 3501 28 2 1 10000 0
K 0 0 46
A D 8 8
J B 28 3606 1 82 6913 2304 0
J R 9 3627 28 2 1 10000 0
K 0 0 46
A D 8 8
J B 29 3732 1 82 6913 2304 0
J F 0 3757 98 1 1 0 0
K 0 0 205
J N 7 3757 14 5 1 0 0
K -18 0 63
K 0 0 43
K 0 0 60
K 0 21 60
A D 2 8
J N 7 3786 28 4 1729 576 0
K 0 0 43
K 0 0 60
K 0 21 60
A D 2 8
J N 7 3815 7 4 3457 576 0
K 0 0 43
K 0 0 60
K 0 21 60
A D 2 8
J N 7 3844 7 4 5185 576 0
K 0 0 43
K 0 0 60
K 0 21 60
A D 2 8
J B 30 3877 1 82 6913 576 0
J F 0 3902 98 1 1 0 0
K 0 0 205
J N 7 3902 14 5 1 0 0
K -18 0 63
K 0 0 43
K 0 0 60
K 0 21 60
A D 2 8
J N 7 3931 28 4 1729 576 0
K 0 0 43
K 0 0 60
K 0 21 60
A D 2 8
J N 8 3960 7 4 3457 576 0
K 0 0 42
K 0 0 60
K 0 21 60
A D 4 8
J B 31 4002 1 82 6913 1152 0
J R 9 4023 28 2 1 10000 0
K 0 0 46
A D 8 8
J B 32 4128 1 82 6913 2304 0
J R 8 4149 28 2 1 0 0
K 0 0 47
A D 4 8
J R 7 4187 28 2 3457 1152 0
K 0 0 48
A D 2 8
J N 7 4216 -14 7 5185 576 0
K 0 0 45
K 0 0 43
K -1 0 45
K 2 0 45
K 0 0 60
K 0 21 60
A D 2 8
J B 33 4249 1 82 6913 576 0
J F 0 4270 98 1 1 0 0
K 0 0 208
J N 7 4270 -21 7 1 0 0
K 0 7 45
K 0 0 43
K 0 7 45
K 1 7 45
K 0 0 60
K 0 21 60
A D 2 8
J F 0 4299 98 1 1729 576 0
K 0 0 207
J N 7 4299 28 4 1729 0 0
K 0 0 43
K 0 0 60
K 0 21 60
A D 2 8
J F 0 4328 98 2 3457 576 0
K 0 0 206
K 0 21 213
J N 7 4328 21 4 3457 0 0
K 0 0 43
K 0 0 60
K 0 21 60
A D 2 8
J N 7 4357 49 4 5185 576 0
K 0 0 43
K 0 0 59
K 0 -21 59
A D 2 8
J B 34 4390 1 82 6913 576 0
J F 0 4411 98 1 1 0 0
K 0 0 203
J N 7 4411 21 4 1 0 0
K 0 0 43
K 0 0 60
K 0 21 60
A D 2 8
J F 0 4440 98 1 1729 576 0
K 0 0 213
J N 7 4440 70 7 1729 0 0
K 1 0 45
K 0 0 43
K -1 0 45
K 2 0 45
K 0 0 59
K 0 -21 59
A D 2 8
J N 7 4469 49 4 3457 576 0
K 0 0 43
K 0 0 59
K 0 -21 59
A D 2 8
J N 7 4498 -14 8 5185 576 0
K 0 0 45
K 0 0 43
K -1 0 45
K 2 0 45
K 0 93 108
K 0 0 60
K 0 21 60
A D 2 8
J B 35 4531 1 82 6913 576 0
J F 0 4552 98 1 1 0 0
K 0 0 208
J N 7 4552 -21 7 1 0 0
K 0 7 45
K 0 0 43
K 0 7 45
K 1 7 45
K 0 0 60
K 0 21 60
A D 2 8
J F 0 4581 98 1 1729 576 0
K 0 0 207
J N 7 4581 28 4 1729 0 0
K 0 0 43
K 0 0 60
K 0 21 60
A D 2 8
J F 0 4610 98 2 3457 576 0
K 0 0 206
K 0 21 213
J N 7 4610 21 4 3457 0 0
K 0 0 43
K 0 0 60
K 0 21 60
A D 2 8
J N 7 4639 49 4 5185 576 0
K 0 0 43
K 0 0 59
K 0 -21 59
A D 2 8
J B 36 4672 1 82 6913 576 0
J F 0 4693 98 1 1 0 0
K 0 0 203
J N 7 4693 21 4 1 0 0
K 0 0 43
K 0 0 60
K 0 21 60
A D 2 8
J F 0 4722 98 1 1729 576 0
K 0 0 213
J N 7 4722 70 7 1729 0 0
K 1 0 45
K 0 0 43
K -1 0 45
K 2 0 45
K 0 0 59
K 0 -21 59
A D 2 8
J N 8 4751 49 4 3457 576 0
K 0 0 42
K 0 0 59
K 0 -21 59
A D 4 8
J B 37 4793 1 82 6913 1152 0
J R 9 4814 28 2 1 10000 0
K 0 0 46
A D 8 8
J B 38 4919 1 82 6913 2304 0
J R 9 4940 28 2 1 10000 0
K 0 0 46
A D 8 8
J B 39 5045 1 82 6913 2304 0
J F 0 5066 98 1 1 0 0
K 0 0 205
J N 7 5066 0 4 1 0 0
K 0 0 43
K 0 0 60
K 0 21 60
A D 2 8
J N 7 5095 14 4 1729 576 0
K 0 0 43
K 0 0 60
K 0 21 60
A D 2 8
J N 7 5124 -7 4 3457 576 0
K 0 0 43
K 0 0 60
K 0 21 60
A D 2 8
J N 7 5153 0 4 5185 576 0
K 0 0 43
K 0 0 60
K 0 21 60
A D 2 8
J B 40 5186 1 82 6913 576 0
J F 0 5207 98 1 1 0 0
K 0 0 205
J N 7 5207 7 4 1 0 0
K 0 0 43
K 0 0 60
K 0 21 60
A D 2 8
J N 7 5236 14 4 1729 576 0
K 0 0 43
K 0 0 60
K 0 21 60
A D 2 8
J N 8 5265 35 4 3457 576 0
K 0 0 42
K 0 0 59
K 0 -21 59
A D 4 8
J B 41 5307 1 82 6913 1152 0
J R 9 5328 28 2 1 10000 0
K 0 0 46
A D 8 8
J B 42 5433 1 82 6913 2304 0
J R 9 5454 28 2 1 10000 0
K 0 0 46
A D 8 8
J B 43 5559 1 82 6913 2304 0
J F 0 5580 98 1 1 0 0
K 0 0 205
J N 8 5580 49 4 1 0 0
K 0 0 42
K 0 0 59
K 0 -21 59
A D 4 8
J F 0 5618 98 1 3457 1152 0
K 0 0 204
J N 8 5618 42 4 3457 0 0
K 0 0 42
K 0 0 59
K 0 -21 59
A D 4 8
J F 0 5647 98 1 5185 576 0
K 0 0 205
J B 44 5680 1 82 6913 576 0
J F 0 5701 98 1 1 0 0
K 0 0 204
J N 8 5701 35 4 1 0 0
K 0 0 42
K 0 0 59
K 0 -21 59
A D 4 8
J F 0 5730 98 1 1729 576 0
K 0 0 205
J F 0 5759 98 1 3457 576 0
K 0 0 204
J N 8 5759 28 4 3457 0 0
K 0 0 42
K 0 0 60
K 0 21 60
A D 4 8
J F 0 5788 98 1 5185 576 0
K 0 0 205
J B 45 5821 1 82 6913 576 0
J F 0 5842 98 1 1 0 0
K 0 0 204
J N 8 5842 21 4 1 0 0
K 0 0 42
K 0 0 60
K 0 21 60
A D 4 8
J F 0 5871 98 1 1729 576 0
K 0 0 205
J N 7 5900 14 4 3457 576 0
K 0 0 43
K 0 0 60
K 0 21 60
A D 2 8
J N 7 5929 63 4 5185 576 0
K 0 0 43
K 0 0 59
K 0 -21 59
A D 2 8
J B 46 5962 1 82 6913 576 0
J F 0 5983 98 1 1 0 0
K 0 0 203
J N 7 5983 35 4 1 0 0
K 0 0 43
K 0 0 59
K 0 -21 59
A D 2 8
J F 0 6012 98 1 1729 576 0
K 0 0 202
J N 7 6012 84 8 1729 0 0
K 1 -14 45
K 1 0 45
K 0 0 43
K -1 0 45
K 2 0 45
K 0 0 59
K 0 -28 59
A D 2 8
J N 8 6041 63 4 3457 576 0
K 0 0 42
K 0 0 59
K 0 -21 59
A D 4 8
J B 47 6083 1 82 6913 1152 0
J R 9 6104 28 2 1 10000 0
K 0 0 46
A D 8 8
J B 48 6209 1 82 6913 2304 0
J R 9 6230 28 2 1 10000 0
K 0 0 46
A D 8 8
J B 49 6335 1 82 6913 2304 0
J F 0 6356 98 1 1 0 0
K 0 0 205
J N 7 6356 0 4 1 0 0
K 0 0 43
K 0 0 60
K 0 21 60
A D 2 8
J N 7 6385 -7 4 1729 576 0
K 0 0 43
K 0 0 60
K 0 21 60
A D 2 8
J F 0 6414 98 1 3457 576 0
K 0 0 206
J N 7 6414 -14 7 3457 0 0
K 0 0 45
K 0 0 43
K -1 0 45
K 2 0 45
K 0 0 60
K 0 21 60
A D 2 8
J N 7 6443 14 4 5185 576 0
K 0 0 43
K 0 0 60
K 0 21 60
A D 2 8
J B 50 6476 1 82 6913 576 0
J F 0 6497 98 1 1 0 0
K 0 0 203
J N 7 6497 -14 7 1 0 0
K 0 0 45
K 0 0 43
K -1 0 45
K 2 0 45
K 0 0 60
K 0 21 60
A D 2 8
J F 0 6526 98 1 1729 576 0
K 0 0 202
J N 7 6526 35 4 1729 0 0
K 0 0 43
K 0 0 59
K 0 -21 59
A D 2 8
J N 8 6555 14 4 3457 576 0
K 0 0 42
K 0 0 60
K 0 21 60
A D 4 8
J B 51 6597 1 82 6913 1152 0
J R 9 6618 28 2 1 10000 0
K 0 0 46
A D 8 8
J B 52 6723 1 82 6913 2304 0
J R 9 6744 28 2 1 10000 0
K 0 0 46
A D 8 8
J B 53 6849 1 82 6913 2304 0
J F 0 6870 98 1 1 0 0
K 0 0 205
J N 7 6870 49 4 1 0 0
K 0 0 43
K 0 0 59
K 0 -21 59
A D 2 8
J N 7 6899 42 4 1729 576 0
K 0 0 43
K 0 0 59
K 0 -21 59
A D 2 8
J F 0 6928 98 1 3457 576 0
K 0 0 206
J N 7 6928 35 4 3457 0 0
K 0 0 43
K 0 0 59
K 0 -21 59
A D 2 8
J N 7 6957 63 4 5185 576 0
K 0 0 43
K 0 0 59
K 0 -21 59
A D 2 8
J B 54 6990 1 82 6913 576 0
J F 0 7011 98 1 1 0 0
K 0 0 203
J N 7 7011 35 4 1 0 0
K 0 0 43
K 0 0 59
K 0 -21 59
A D 2 8
J F 0 7040 98 1 1729 576 0
K 0 0 202
J N 7 7040 84 8 1729 0 0
K 1 -14 45
K 1 0 45
K 0 0 43
K -1 0 45
K 2 0 45
K 0 0 59
K 0 -28 59
A D 2 8
J N 8 7069 63 4 3457 576 0
K 0 0 42
K 0 0 59
K 0 -21 59
A D 4 8
J B 55 7111 1 82 6913 1152 0
J R 7 7132 28 2 1 0 0
K 0 0 48
A D 2 8
J N 7 7161 42 4 1729 576 0
K 0 0 43
K 0 0 59
K 0 -21 59
A D 2 8
J F 0 7190 98 1 3457 576 0
K 0 0 206
J N 7 7190 35 4 3457 0 0
K 0 0 43
K 0 0 59
K 0 -21 59
A D 2 8
J N 7 7219 63 4 5185 576 0
K 0 0 43
K 0 0 59
K 0 -21 59
A D 2 8
J B 56 7252 1 82 6913 576 0
J F 0 7273 98 1 1 0 0
K 0 0 203
J N 7 7273 35 4 1 0 0
K 0 0 43
K 0 0 59
K 0 -21 59
A D 2 8
J F 0 7302 98 1 1729 576 0
K 0 0 202
J N 7 7302 84 8 1729 0 0
K 1 -14 45
K 1 0 45
K 0 0 43
K -1 0 45
K 2 0 45
K 0 0 59
K 0 -28 59
A D 2 8
J N 8 7331 63 4 3457 576 0
K 0 0 42
K 0 0 59
K 0 -21 59
A D 4 8
J B 0 7396 6 4 6913 1152 0
K -23 21 44
K -23 35 44
K -13 0 82
K -6 0 84
J M 0 7396 0 0 10000 0 0
