@ SOURCE: not identified 
L 0 0 14 !39Viola
J D 4 500 -120 1 6913 0 0
W 0 0 44 IV. Corrente
J D 1 75 -37 1 6913 0 0
W 0 -56 44 IV. Corrente:  Viola
J C 13 5 28 35 6913 0 0
J K 0 57 0 0 6913 0 0
J D 5 57 -42 1 6913 0 0
W 0 0 37 Vivace
J T 304 66 0 2 6913 0 0
K -10 28 74
K -10 56 75
J R 9 108 28 2 1 10000 0
K 0 0 46
A D 6 8
J B 2 213 1 82 6913 1728 0
J R 9 234 28 2 1 10000 0
K 0 0 46
A D 6 8
J B 3 339 1 82 6913 1728 0
J R 9 360 28 2 1 10000 0
K 0 0 46
A D 6 8
J B 4 465 1 82 6913 1728 0
J R 7 486 28 2 1 0 0
K 0 0 48
A D 2 8
J N 7 515 21 4 2305 576 0
K 0 0 43
K 0 0 60
K 0 21 60
A D 2 8
J N 7 544 21 4 4609 576 0
K 0 0 43
K 0 0 60
K 0 21 60
A D 2 8
J B 5 577 1 82 6913 576 0
J N 8 598 21 4 1 0 0
K 0 0 42
K 0 0 60
K 0 21 60
A D 4 8
J R 7 636 28 2 4609 1152 0
K 0 0 48
A D 2 8
J B 6 669 1 82 6913 576 0
J R 7 690 28 2 1 0 0
K 0 0 48
A D 2 8
J N 7 719 14 4 2305 576 0
K 0 0 43
K 0 0 60
K 0 21 60
A D 2 8
J N 7 748 14 4 4609 576 0
K 0 0 43
K 0 0 60
K 0 21 60
A D 2 8
J B 7 781 1 82 6913 576 0
J N 8 802 14 4 1 0 0
K 0 0 42
K 0 0 60
K 0 21 60
A D 4 8
J R 7 840 28 2 4609 1152 0
K 0 0 48
A D 2 8
J B 8 873 1 82 6913 576 0
J R 7 894 28 2 1 0 0
K 0 0 48
A D 2 8
J N 7 923 0 4 2305 576 0
K 0 0 43
K 0 0 60
K 0 21 60
A D 2 8
J N 7 952 0 4 4609 576 0
K 0 0 43
K 0 0 60
K 0 21 60
A D 2 8
J B 9 985 1 82 6913 576 0
J N 8 1006 0 4 1 0 0
K 0 0 42
K 0 0 60
K 0 21 60
A D 4 8
J N 7 1044 28 4 4609 1152 0
K 0 0 43
K 0 0 60
K 0 21 60
A D 2 8
J B 10 1077 1 82 6913 576 0
J N 7 1098 28 4 1 0 0
K 0 0 43
K 0 0 60
K 0 21 60
A D 2 8
J N 8 1127 7 4 2305 576 0
K 0 0 42
K 0 0 60
K 0 21 60
A D 4 8
J B 11 1169 1 82 6913 1152 0
J N 8 1190 21 4 1 0 0
K 0 0 42
K 0 0 60
K 0 21 60
A D 4 8
J N 7 1228 28 4 4609 1152 0
K 0 0 43
K 0 0 60
K 0 21 60
A D 2 8
J B 12 1261 1 82 6913 576 0
J N 7 1282 42 4 1 0 0
K 0 0 43
K 0 0 59
K 0 -21 59
A D 2 8
J N 8 1311 49 4 2305 576 0
K 0 0 42
K 0 0 59
K 0 -21 59
A D 4 8
J B 13 1353 1 82 6913 1152 0
J N 8 1374 49 4 1 0 0
K 0 0 42
K 0 0 59
K 0 -21 59
A D 4 8
J R 7 1412 28 2 4609 1152 0
K 0 0 48
A D 2 8
J B 14 1445 1 82 6913 576 0
J R 7 1466 28 2 1 0 0
K 0 0 48
A D 2 8
J R 7 1495 28 2 2305 576 0
K 0 0 48
A D 2 8
J N 7 1524 0 4 4609 576 0
K 0 0 43
K 0 0 60
K 0 21 60
A D 2 8
J B 15 1557 1 82 6913 576 0
J N 8 1578 0 4 1 0 0
K 0 0 42
K 0 0 60
K 0 21 60
A D 4 8
J R 7 1616 28 2 4609 1152 0
K 0 0 48
A D 2 8
J B 16 1649 1 82 6913 576 0
J R 7 1670 28 2 1 0 0
K 0 0 48
A D 2 8
J R 7 1699 28 2 2305 576 0
K 0 0 48
A D 2 8
J N 7 1728 21 4 4609 576 0
K 0 0 43
K 0 0 60
K 0 21 60
A D 2 8
J B 17 1761 1 82 6913 576 0
J N 8 1782 21 4 1 0 0
K 0 0 42
K 0 0 60
K 0 21 60
A D 4 8
J R 7 1820 28 2 4609 1152 0
K 0 0 48
A D 2 8
J B 18 1853 1 82 6913 576 0
J R 7 1874 28 2 1 0 0
K 0 0 48
A D 2 8
J N 8 1914 7 5 2305 576 0
K -18 0 63
K 0 0 42
K 0 0 60
K 0 21 60
A D 4 8
J B 19 1956 1 82 6913 1152 0
J R 7 1977 28 2 1 0 0
K 0 0 48
A D 2 8
J N 8 2006 14 4 2305 576 0
K 0 0 42
K 0 0 60
K 0 21 60
A D 4 8
J B 20 2048 1 82 6913 1152 0
J R 7 2069 28 2 1 0 0
K 0 0 48
A D 2 8
J N 8 2098 21 4 2305 576 0
K 0 0 42
K 0 0 60
K 0 21 60
A D 4 8
J B 21 2140 1 82 6913 1152 0
J R 7 2161 28 2 1 0 0
K 0 0 48
A D 2 8
J N 8 2190 28 4 2305 576 0
K 0 0 42
K 0 0 60
K 0 21 60
A D 4 8
J B 22 2232 1 82 6913 1152 0
J R 7 2253 28 2 1 0 0
K 0 0 48
A D 2 8
J N 8 2282 35 4 2305 576 0
K 0 0 42
K 0 0 59
K 0 -21 59
A D 4 8
J B 23 2324 1 82 6913 1152 0
J N 8 2345 28 4 1 0 0
K 0 0 42
K 0 0 60
K 0 21 60
A D 4 8
J N 7 2383 21 4 4609 1152 0
K 0 0 43
K 0 0 60
K 0 21 60
A D 2 8
J B 24 2416 1 82 6913 576 0
J N 7 2437 14 4 1 0 0
K 0 0 43
K 0 0 60
K 0 21 60
A D 2 8
J N 7 2466 42 5 2305 576 0
K 0 0 43
K 24 -6 44
K 0 0 59
K 0 -21 59
A D 3 8
J N 6 2503 21 3 5761 864 0
K 0 0 43
K 0 0 54
A D 1 8
J B 25 2536 1 82 6913 288 0
J N 8 2557 35 4 1 0 0
K 0 0 42
K 0 0 59
K 0 -21 59
A D 4 8
J R 7 2595 28 2 4609 1152 0
K 0 0 48
A D 2 8
J B 26 2628 1 82 6913 576 0
J R 7 2649 28 2 1 0 0
K 0 0 48
A D 2 8
J N 8 2689 7 5 2305 576 0
K -18 0 63
K 0 0 42
K 0 0 60
K 0 21 60
A D 4 8
J B 27 2731 1 82 6913 1152 0
J R 7 2752 28 2 1 0 0
K 0 0 48
A D 2 8
J N 8 2781 14 4 2305 576 0
K 0 0 42
K 0 0 60
K 0 21 60
A D 4 8
J B 28 2823 1 82 6913 1152 0
J R 7 2844 28 2 1 0 0
K 0 0 48
A D 2 8
J N 8 2873 21 4 2305 576 0
K 0 0 42
K 0 0 60
K 0 21 60
A D 4 8
J B 29 2915 1 82 6913 1152 0
J R 7 2936 28 2 1 0 0
K 0 0 48
A D 2 8
J N 8 2965 28 4 2305 576 0
K 0 0 42
K 0 0 60
K 0 21 60
A D 4 8
J B 30 3007 1 82 6913 1152 0
J R 7 3028 28 2 1 0 0
K 0 0 48
A D 2 8
J N 8 3057 35 4 2305 576 0
K 0 0 42
K 0 0 59
K 0 -21 59
A D 4 8
J B 31 3099 1 82 6913 1152 0
J N 8 3120 28 4 1 0 0
K 0 0 42
K 0 0 60
K 0 21 60
A D 4 8
J N 7 3158 21 4 4609 1152 0
K 0 0 43
K 0 0 60
K 0 21 60
A D 2 8
J B 32 3191 1 82 6913 576 0
J N 7 3212 14 4 1 0 0
K 0 0 43
K 0 0 60
K 0 21 60
A D 2 8
J N 7 3241 42 5 2305 576 0
K 0 0 43
K 24 -6 44
K 0 0 59
K 0 -21 59
A D 3 8
J N 6 3278 21 3 5761 864 0
K 0 0 43
K 0 0 54
A D 1 8
J B 33 3311 1 82 6913 288 0
J N 8 3332 35 5 1 0 0
K 0 0 42
K 25 0 44
K 0 0 59
K 0 -21 59
A D 6 8
J B 34 3404 10 6 6913 1728 0
K -22 21 44
K -22 35 44
K -12 0 84
K 0 0 84
K 11 21 44
K 11 35 44
J R 9 3441 28 2 1 10000 0
K 0 0 46
A D 6 8
J B 35 3546 1 82 6913 1728 0
J R 9 3567 28 2 1 10000 0
K 0 0 46
A D 6 8
J B 36 3672 1 82 6913 1728 0
J N 8 3693 0 4 1 0 0
K 0 0 42
K 0 0 60
K 0 21 60
A D 4 8
J R 7 3731 28 2 4609 1152 0
K 0 0 48
A D 2 8
J B 37 3764 1 82 6913 576 0
J N 8 3785 21 4 1 0 0
K 0 0 42
K 0 0 60
K 0 21 60
A D 4 8
J R 7 3823 28 2 4609 1152 0
K 0 0 48
A D 2 8
J B 38 3856 1 82 6913 576 0
J N 8 3877 21 4 1 0 0
K 0 0 42
K 0 0 60
K 0 21 60
A D 4 8
J R 7 3915 28 2 4609 1152 0
K 0 0 48
A D 2 8
J B 39 3948 1 82 6913 576 0
J R 9 3969 28 2 1 10000 0
K 0 0 46
A D 6 8
J B 40 4074 1 82 6913 1728 0
J N 8 4095 -7 4 1 0 0
K 0 0 42
K 0 0 60
K 0 21 60
A D 4 8
J R 7 4133 28 2 4609 1152 0
K 0 0 48
A D 2 8
J B 41 4166 1 82 6913 576 0
J N 8 4187 14 4 1 0 0
K 0 0 42
K 0 0 60
K 0 21 60
A D 4 8
J R 7 4225 28 2 4609 1152 0
K 0 0 48
A D 2 8
J B 42 4258 1 82 6913 576 0
J N 7 4279 14 4 1 0 0
K 0 0 43
K 0 0 60
K 0 21 60
A D 2 8
J N 8 4308 28 4 2305 576 0
K 0 0 42
K 0 0 60
K 0 21 60
A D 4 8
J B 43 4350 1 82 6913 1152 0
J R 7 4371 28 2 1 0 0
K 0 0 48
A D 2 8
J N 7 4400 0 4 2305 576 0
K 0 0 43
K 0 0 60
K 0 21 60
A D 2 8
J N 7 4429 14 4 4609 576 0
K 0 0 43
K 0 0 60
K 0 21 60
A D 2 8
J B 44 4462 1 82 6913 576 0
J R 7 4483 28 2 1 0 0
K 0 0 48
A D 2 8
J N 7 4512 7 4 2305 576 0
K 0 0 43
K 0 0 60
K 0 21 60
A D 2 8
J N 7 4541 21 4 4609 576 0
K 0 0 43
K 0 0 60
K 0 21 60
A D 2 8
J B 45 4574 1 82 6913 576 0
J N 8 4595 35 4 1 0 0
K 0 0 42
K 0 0 59
K 0 -21 59
A D 4 8
J N 7 4633 42 4 4609 1152 0
K 0 0 43
K 0 0 59
K 0 -21 59
A D 2 8
J B 46 4666 1 82 6913 576 0
J N 7 4687 7 4 1 0 0
K 0 0 43
K 0 0 60
K 0 21 60
A D 2 8
J N 7 4716 35 5 2305 576 0
K 0 0 43
K 25 0 44
K 0 0 59
K 0 -21 59
A D 3 8
J N 6 4754 14 3 5761 864 0
K 0 0 43
K 0 0 54
A D 1 8
J B 47 4787 1 82 6913 288 0
J N 8 4808 14 4 1 0 0
K 0 0 42
K 0 0 60
K 0 21 60
A D 4 8
J R 7 4846 28 2 4609 1152 0
K 0 0 48
A D 2 8
J B 48 4879 1 82 6913 576 0
J R 9 4900 28 2 1 10000 0
K 0 0 46
A D 6 8
J B 49 5005 1 82 6913 1728 0
J R 9 5026 28 2 1 10000 0
K 0 0 46
A D 6 8
J B 50 5131 1 82 6913 1728 0
J R 9 5152 28 2 1 10000 0
K 0 0 46
A D 6 8
J B 51 5257 1 82 6913 1728 0
J N 7 5278 7 4 1 0 0
K 0 0 43
K 0 0 60
K 0 21 60
A D 2 8
J N 8 5307 -7 4 2305 576 0
K 0 0 42
K 0 0 60
K 0 21 60
A D 4 8
J B 52 5349 1 82 6913 1152 0
J N 7 5370 0 4 1 0 0
K 0 0 43
K 0 0 60
K 0 21 60
A D 2 8
J N 8 5399 -14 7 2305 576 0
K 0 0 45
K 0 0 42
K -1 0 45
K 2 0 45
K 0 0 60
K 0 21 60
A D 4 8
J B 53 5441 1 82 6913 1152 0
J N 7 5462 -7 4 1 0 0
K 0 0 43
K 0 0 60
K 0 21 60
A D 2 8
J N 8 5491 -21 7 2305 576 0
K 0 7 45
K 0 0 42
K 0 7 45
K 1 7 45
K 0 0 60
K 0 21 60
A D 4 8
J B 54 5533 1 82 6913 1152 0
J N 7 5554 -28 8 1 0 0
K 0 14 45
K 0 0 45
K 0 0 43
K -1 0 45
K 2 0 45
K 0 0 60
K 0 28 60
A D 2 8
J N 8 5583 0 4 2305 576 0
K 0 0 42
K 0 0 60
K 0 21 60
A D 4 8
J B 55 5625 1 82 6913 1152 0
J N 8 5646 0 4 1 0 0
K 0 0 42
K 0 0 60
K 0 21 60
A D 4 8
J R 7 5684 28 2 4609 1152 0
K 0 0 48
A D 2 8
J B 56 5717 1 82 6913 576 0
J R 7 5738 28 2 1 0 0
K 0 0 48
A D 2 8
J N 8 5767 -14 7 2305 576 0
K 0 0 45
K 0 0 42
K -1 0 45
K 2 0 45
K 0 0 60
K 0 21 60
A D 4 8
J B 57 5809 1 82 6913 1152 0
J R 7 5830 28 2 1 0 0
K 0 0 48
A D 2 8
J N 8 5859 -7 4 2305 576 0
K 0 0 42
K 0 0 60
K 0 21 60
A D 4 8
J B 58 5901 1 82 6913 1152 0
J R 7 5922 28 2 1 0 0
K 0 0 48
A D 2 8
J N 8 5951 0 4 2305 576 0
K 0 0 42
K 0 0 60
K 0 21 60
A D 4 8
J B 59 5993 1 82 6913 1152 0
J R 7 6014 28 2 1 0 0
K 0 0 48
A D 2 8
J N 8 6043 7 4 2305 576 0
K 0 0 42
K 0 0 60
K 0 21 60
A D 4 8
J B 60 6085 1 82 6913 1152 0
J R 7 6106 28 2 1 0 0
K 0 0 48
A D 2 8
J N 8 6135 14 4 2305 576 0
K 0 0 42
K 0 0 60
K 0 21 60
A D 4 8
J B 61 6177 1 82 6913 1152 0
J N 8 6198 7 4 1 0 0
K 0 0 42
K 0 0 60
K 0 21 60
A D 4 8
J N 7 6236 0 4 4609 1152 0
K 0 0 43
K 0 0 60
K 0 21 60
A D 2 8
J B 62 6269 1 82 6913 576 0
J N 7 6290 -7 4 1 0 0
K 0 0 43
K 0 0 60
K 0 21 60
A D 2 8
J N 7 6319 21 5 2305 576 0
K 0 0 43
K 25 0 44
K 0 0 60
K 0 21 60
A D 3 8
J N 6 6357 0 3 5761 864 0
K 0 0 43
K 0 0 54
A D 1 8
J B 63 6390 1 82 6913 288 0
J N 8 6411 14 4 1 0 0
K 0 0 42
K 0 0 60
K 0 21 60
A D 4 8
J R 7 6449 28 2 4609 1152 0
K 0 0 48
A D 2 8
J B 64 6482 1 82 6913 576 0
J R 7 6503 28 2 1 0 0
K 0 0 48
A D 2 8
J N 8 6532 -14 7 2305 576 0
K 0 0 45
K 0 0 42
K -1 0 45
K 2 0 45
K 0 0 60
K 0 21 60
A D 4 8
J B 65 6574 1 82 6913 1152 0
J R 7 6595 28 2 1 0 0
K 0 0 48
A D 2 8
J N 8 6624 -7 4 2305 576 0
K 0 0 42
K 0 0 60
K 0 21 60
A D 4 8
J B 66 6666 1 82 6913 1152 0
J R 7 6687 28 2 1 0 0
K 0 0 48
A D 2 8
J N 8 6716 0 4 2305 576 0
K 0 0 42
K 0 0 60
K 0 21 60
A D 4 8
J B 67 6758 1 82 6913 1152 0
J R 7 6779 28 2 1 0 0
K 0 0 48
A D 2 8
J N 8 6808 7 4 2305 576 0
K 0 0 42
K 0 0 60
K 0 21 60
A D 4 8
J B 68 6850 1 82 6913 1152 0
J R 7 6871 28 2 1 0 0
K 0 0 48
A D 2 8
J N 8 6900 14 4 2305 576 0
K 0 0 42
K 0 0 60
K 0 21 60
A D 4 8
J B 69 6942 1 82 6913 1152 0
J N 8 6963 7 4 1 0 0
K 0 0 42
K 0 0 60
K 0 21 60
A D 4 8
J N 7 7001 0 4 4609 1152 0
K 0 0 43
K 0 0 60
K 0 21 60
A D 2 8
J B 70 7034 1 82 6913 576 0
J N 7 7055 -7 4 1 0 0
K 0 0 43
K 0 0 60
K 0 21 60
A D 2 8
J N 7 7084 21 5 2305 576 0
K 0 0 43
K 25 0 44
K 0 0 60
K 0 21 60
A D 3 8
J N 6 7122 0 3 5761 864 0
K 0 0 43
K 0 0 54
A D 1 8
J B 71 7155 1 82 6913 288 0
J N 8 7176 14 4 1 0 0
K 0 0 42
K 0 0 60
K 0 21 60
A D 4 8
J N 7 7214 0 4 4609 1152 0
K 0 0 43
K 0 0 60
K 0 21 60
A D 2 8
J B 72 7247 1 82 6913 576 0
J N 7 7268 -7 4 1 0 0
K 0 0 43
K 0 0 60
K 0 21 60
A D 2 8
J N 7 7297 0 5 2305 576 0
K 0 0 43
K 24 -6 44
K 0 0 60
K 0 21 60
A D 3 8
J N 6 7334 0 3 5761 864 0
K 0 0 43
K 0 0 54
A D 1 8
J B 73 7367 1 82 6913 288 0
J N 8 7388 14 5 1 0 0
K 0 0 42
K 24 -6 44
K 0 0 60
K 0 21 60
A D 6 8
J B 0 7461 6 4 6913 1728 0
K -23 21 44
K -23 35 44
K -13 0 82
K -6 0 84
J M 0 7461 0 0 10000 0 0
