@ SOURCE: not identified 
L 0 0 14 !39Basso concerto grosso
J D 4 500 -120 1 6913 0 0
W 0 0 44 IV. Corrente
J D 1 75 -37 1 6913 0 0
W 0 -56 44 IV. Corrente:  Basso concerto grosso
J C 22 5 14 36 6913 0 0
J K 0 57 0 0 6913 0 0
J D 5 57 -42 1 6913 0 0
W 0 0 37 Vivace
J T 304 66 0 2 6913 0 0
K -10 28 74
K -10 56 75
J R 9 108 28 2 1 10000 0
K 0 0 46
A D 6 8
J B 2 213 1 82 6913 1728 0
J R 9 234 28 2 1 10000 0
K 0 0 46
A D 6 8
J B 3 339 1 82 6913 1728 0
J N 8 360 35 4 1 0 0
K 0 0 42
K 0 0 59
K 0 -21 59
A D 4 8
J R 7 398 28 2 4609 1152 0
K 0 0 48
A D 2 8
J B 4 431 1 82 6913 576 0
J F 0 452 98 1 1 0 0
K 0 0 203
J N 8 452 7 4 1 0 0
K 0 0 42
K 0 0 60
K 0 21 60
A D 4 8
J F 0 481 98 1 2305 576 0
K 0 0 202
J R 7 510 28 2 4609 576 0
K 0 0 48
A D 2 8
J B 5 543 1 82 6913 576 0
J F 0 564 98 1 1 0 0
K 0 0 203
J N 8 564 28 4 1 0 0
K 0 0 42
K 0 0 60
K 0 21 60
A D 4 8
J F 0 593 98 1 2305 576 0
K 0 0 202
J R 7 622 28 2 4609 576 0
K 0 0 48
A D 2 8
J B 6 655 1 82 6913 576 0
J F 0 676 98 1 1 0 0
K 0 0 203
J N 8 676 0 4 1 0 0
K 0 0 42
K 0 0 60
K 0 21 60
A D 4 8
J F 0 705 98 1 2305 576 0
K 0 0 202
J R 7 734 28 2 4609 576 0
K 0 0 48
A D 2 8
J B 7 767 1 82 6913 576 0
J F 0 788 98 1 1 0 0
K 0 0 203
J N 8 788 21 4 1 0 0
K 0 0 42
K 0 0 60
K 0 21 60
A D 4 8
J F 0 817 98 1 2305 576 0
K 0 0 202
J R 7 846 28 2 4609 576 0
K 0 0 48
A D 2 8
J B 8 879 1 82 6913 576 0
J F 0 900 98 2 1 0 0
K 0 0 205
K 0 21 204
J N 7 900 49 4 1 0 0
K 0 0 43
K 0 0 59
K 0 -21 59
A D 2 8
J F 0 929 98 2 2305 576 0
K 0 0 205
K 0 21 204
J N 7 929 42 4 2305 0 0
K 0 0 43
K 0 0 59
K 0 -21 59
A D 2 8
J N 7 958 56 4 4609 576 0
K 0 0 43
K 0 0 59
K 0 -21 59
A D 2 8
J B 9 991 1 82 6913 576 0
J F 0 1012 98 1 1 0 0
K 0 0 208
J N 8 1012 35 4 1 0 0
K 0 0 42
K 0 0 59
K 0 -21 59
A D 4 8
J F 0 1041 98 1 2305 576 0
K 0 0 207
J F 0 1070 98 1 4609 576 0
K 0 0 205
J N 7 1070 21 4 4609 0 0
K 0 0 43
K 0 0 60
K 0 21 60
A D 2 8
J B 10 1103 1 82 6913 576 0
J F 0 1124 98 1 1 0 0
K 0 0 208
J N 8 1124 14 4 1 0 0
K 0 0 42
K 0 0 60
K 0 21 60
A D 4 8
J F 0 1153 98 1 2305 576 0
K 0 0 207
J F 0 1182 98 1 4609 576 0
K 0 0 205
J N 7 1182 14 4 4609 0 0
K 0 0 43
K 0 0 60
K 0 21 60
A D 2 8
J B 11 1215 1 82 6913 576 0
J F 0 1236 98 1 1 0 0
K 0 0 206
J N 8 1236 7 4 1 0 0
K 0 0 42
K 0 0 60
K 0 21 60
A D 4 8
J F 0 1274 98 1 4609 1152 0
K 0 0 204
J N 7 1274 0 4 4609 0 0
K 0 0 43
K 0 0 60
K 0 21 60
A D 2 8
J B 12 1307 1 82 6913 576 0
J F 0 1328 98 2 1 0 0
K 0 0 205
K 0 21 204
J N 7 1328 14 4 1 0 0
K 0 0 43
K 0 0 60
K 0 21 60
A D 2 8
J F 0 1357 98 1 2305 576 0
K 0 0 202
J N 7 1357 7 4 2305 0 0
K 0 0 43
K 0 0 60
K 0 21 60
A D 2 8
J N 7 1386 56 4 4609 576 0
K 0 0 43
K 0 0 59
K 0 -21 59
A D 2 8
J B 13 1419 1 82 6913 576 0
J N 8 1440 35 4 1 0 0
K 0 0 42
K 0 0 59
K 0 -21 59
A D 4 8
J R 7 1478 28 2 4609 1152 0
K 0 0 48
A D 2 8
J B 14 1511 1 82 6913 576 0
J R 8 1532 28 2 1 0 0
K 0 0 47
A D 4 8
J N 7 1570 7 4 4609 1152 0
K 0 0 43
K 0 0 60
K 0 21 60
A D 2 8
J B 15 1603 1 82 6913 576 0
J N 8 1624 35 4 1 0 0
K 0 0 42
K 0 0 59
K 0 -21 59
A D 4 8
J R 7 1662 28 2 4609 1152 0
K 0 0 48
A D 2 8
J B 16 1695 1 82 6913 576 0
J R 7 1716 28 2 1 0 0
K 0 0 48
A D 2 8
J R 7 1745 28 2 2305 576 0
K 0 0 48
A D 2 8
J F 0 1774 98 1 4609 576 0
K 0 0 213
J N 7 1774 28 4 4609 0 0
K 0 0 43
K 0 0 60
K 0 21 60
A D 2 8
J B 17 1807 1 82 6913 576 0
J F 0 1828 98 1 1 0 0
K 0 0 204
J N 8 1828 56 5 1 0 0
K 0 0 42
K 24 -6 44
K 0 0 59
K 0 -21 59
A D 6 8
J F 0 1866 98 1 4609 1152 0
K 0 0 205
J B 18 1899 1 82 6913 576 0
J F 0 1924 98 1 1 0 0
K 0 0 206
J N 8 1924 14 5 1 0 0
K -18 0 63
K 0 0 42
K 0 0 60
K 0 21 60
A D 4 8
J F 0 1953 98 1 2305 576 0
K 0 0 205
J R 7 1982 28 2 4609 576 0
K 0 0 48
A D 2 8
J B 19 2015 1 82 6913 576 0
J F 0 2036 98 1 1 0 0
K 0 0 206
J N 8 2036 21 4 1 0 0
K 0 0 42
K 0 0 60
K 0 21 60
A D 4 8
J F 0 2065 98 1 2305 576 0
K 0 0 205
J R 7 2094 28 2 4609 576 0
K 0 0 48
A D 2 8
J B 20 2127 1 82 6913 576 0
J F 0 2148 98 2 1 0 0
K 0 0 206
K 0 21 213
J N 8 2148 28 4 1 0 0
K 0 0 42
K 0 0 60
K 0 21 60
A D 4 8
J F 0 2177 98 1 2305 576 0
K 0 0 205
J R 7 2206 28 2 4609 576 0
K 0 0 48
A D 2 8
J B 21 2239 1 82 6913 576 0
J F 0 2260 98 1 1 0 0
K 0 0 206
J N 8 2260 35 4 1 0 0
K 0 0 42
K 0 0 59
K 0 -21 59
A D 4 8
J F 0 2289 98 1 2305 576 0
K 0 0 205
J R 7 2318 28 2 4609 576 0
K 0 0 48
A D 2 8
J B 22 2351 1 82 6913 576 0
J F 0 2372 98 1 1 0 0
K 0 0 206
J N 8 2372 42 4 1 0 0
K 0 0 42
K 0 0 59
K 0 -21 59
A D 4 8
J F 0 2401 98 1 2305 576 0
K 0 0 205
J R 7 2430 28 2 4609 576 0
K 0 0 48
A D 2 8
J B 23 2463 1 82 6913 576 0
J F 0 2484 98 1 1 0 0
K 0 0 216
J N 8 2484 49 4 1 0 0
K 0 0 42
K 0 0 59
K 0 -21 59
A D 4 8
J N 7 2522 56 4 4609 1152 0
K 0 0 43
K 0 0 59
K 0 -21 59
A D 2 8
J B 24 2555 1 82 6913 576 0
J F 0 2576 98 2 1 0 0
K 0 0 206
K 0 21 204
J N 7 2576 35 4 1 0 0
K 0 0 43
K 0 0 59
K 0 -21 59
A D 2 8
J F 0 2605 98 1 2305 576 0
K 0 0 203
J N 7 2605 28 4 2305 0 0
K 0 0 43
K 0 0 60
K 0 21 60
A D 2 8
J F 0 2634 98 1 4609 576 0
K 0 0 213
J N 7 2634 77 7 4609 0 0
K 1 -7 45
K 0 0 43
K 0 -7 45
K 1 -7 45
K 0 0 59
K 0 -21 59
A D 2 8
J B 25 2667 1 82 6913 576 0
J F 0 2688 98 1 1 0 0
K 0 0 206
J N 8 2688 56 5 1 0 0
K 0 0 42
K 24 -6 44
K 0 0 59
K 0 -21 59
A D 6 8
J F 0 2726 98 1 4609 1152 0
K 0 0 205
J B 26 2759 1 82 6913 576 0
J F 0 2784 98 1 1 0 0
K 0 0 206
J N 8 2784 14 5 1 0 0
K -18 0 63
K 0 0 42
K 0 0 60
K 0 21 60
A D 4 8
J F 0 2813 98 1 2305 576 0
K 0 0 205
J R 7 2842 28 2 4609 576 0
K 0 0 48
A D 2 8
J B 27 2875 1 82 6913 576 0
J F 0 2896 98 1 1 0 0
K 0 0 206
J N 8 2896 21 4 1 0 0
K 0 0 42
K 0 0 60
K 0 21 60
A D 4 8
J F 0 2925 98 1 2305 576 0
K 0 0 205
J R 7 2954 28 2 4609 576 0
K 0 0 48
A D 2 8
J B 28 2987 1 82 6913 576 0
J F 0 3008 98 2 1 0 0
K 0 0 206
K 0 21 213
J N 8 3008 28 4 1 0 0
K 0 0 42
K 0 0 60
K 0 21 60
A D 4 8
J F 0 3037 98 1 2305 576 0
K 0 0 205
J R 7 3066 28 2 4609 576 0
K 0 0 48
A D 2 8
J B 29 3099 1 82 6913 576 0
J F 0 3120 98 1 1 0 0
K 0 0 206
J N 8 3120 35 4 1 0 0
K 0 0 42
K 0 0 59
K 0 -21 59
A D 4 8
J F 0 3149 98 1 2305 576 0
K 0 0 205
J R 7 3178 28 2 4609 576 0
K 0 0 48
A D 2 8
J B 30 3211 1 82 6913 576 0
J F 0 3232 98 1 1 0 0
K 0 0 206
J N 8 3232 42 4 1 0 0
K 0 0 42
K 0 0 59
K 0 -21 59
A D 4 8
J F 0 3261 98 1 2305 576 0
K 0 0 205
J R 7 3290 28 2 4609 576 0
K 0 0 48
A D 2 8
J B 31 3323 1 82 6913 576 0
J F 0 3344 98 1 1 0 0
K 0 0 216
J N 8 3344 49 4 1 0 0
K 0 0 42
K 0 0 59
K 0 -21 59
A D 4 8
J N 7 3382 56 4 4609 1152 0
K 0 0 43
K 0 0 59
K 0 -21 59
A D 2 8
J B 32 3415 1 82 6913 576 0
J F 0 3436 98 2 1 0 0
K 0 0 206
K 0 21 204
J N 7 3436 35 4 1 0 0
K 0 0 43
K 0 0 59
K 0 -21 59
A D 2 8
J F 0 3465 98 1 2305 576 0
K 0 0 203
J N 7 3465 28 4 2305 0 0
K 0 0 43
K 0 0 60
K 0 21 60
A D 2 8
J F 0 3494 98 1 4609 576 0
K 0 0 213
J N 7 3494 77 7 4609 0 0
K 1 -7 45
K 0 0 43
K 0 -7 45
K 1 -7 45
K 0 0 59
K 0 -21 59
A D 2 8
J B 33 3527 1 82 6913 576 0
J N 8 3548 56 5 1 0 0
K 0 0 42
K 24 -6 44
K 0 0 59
K 0 -21 59
A D 6 8
J B 34 3620 10 6 6913 1728 0
K -22 21 44
K -22 35 44
K -12 0 84
K 0 0 84
K 11 21 44
K 11 35 44
J R 9 3657 28 2 1 10000 0
K 0 0 46
A D 6 8
J B 35 3762 1 82 6913 1728 0
J R 9 3783 28 2 1 10000 0
K 0 0 46
A D 6 8
J B 36 3888 1 82 6913 1728 0
J N 8 3909 7 4 1 0 0
K 0 0 42
K 0 0 60
K 0 21 60
A D 4 8
J R 7 3947 28 2 4609 1152 0
K 0 0 48
A D 2 8
J B 37 3980 1 82 6913 576 0
J F 0 4003 98 1 1 0 0
K 0 0 205
J N 8 4003 14 5 1 0 0
K -18 0 63
K 0 0 42
K 0 0 60
K 0 21 60
A D 4 8
J R 7 4041 28 2 4609 1152 0
K 0 0 48
A D 2 8
J B 38 4074 1 82 6913 576 0
J N 8 4095 7 4 1 0 0
K 0 0 42
K 0 0 60
K 0 21 60
A D 4 8
J R 7 4133 28 2 4609 1152 0
K 0 0 48
A D 2 8
J B 39 4166 1 82 6913 576 0
J R 9 4187 28 2 1 10000 0
K 0 0 46
A D 6 8
J B 40 4292 1 82 6913 1728 0
J N 8 4313 0 4 1 0 0
K 0 0 42
K 0 0 60
K 0 21 60
A D 4 8
J R 7 4351 28 2 4609 1152 0
K 0 0 48
A D 2 8
J B 41 4384 1 82 6913 576 0
J F 0 4407 98 1 1 0 0
K 0 0 205
J N 8 4407 7 5 1 0 0
K -18 0 63
K 0 0 42
K 0 0 60
K 0 21 60
A D 4 8
J R 7 4445 28 2 4609 1152 0
K 0 0 48
A D 2 8
J B 42 4478 1 82 6913 576 0
J N 7 4499 0 4 1 0 0
K 0 0 43
K 0 0 60
K 0 21 60
A D 2 8
J F 0 4528 98 1 2305 576 0
K 0 0 205
J N 8 4528 49 4 2305 0 0
K 0 0 42
K 0 0 59
K 0 -21 59
A D 4 8
J B 43 4570 1 82 6913 1152 0
J F 0 4591 98 1 1 0 0
K 0 0 206
J N 7 4591 7 4 1 0 0
K 0 0 43
K 0 0 60
K 0 21 60
A D 2 8
J F 0 4620 98 1 2305 576 0
K 0 0 205
J N 8 4620 56 4 2305 0 0
K 0 0 42
K 0 0 59
K 0 -21 59
A D 4 8
J B 44 4662 1 82 6913 1152 0
J F 0 4683 98 1 1 0 0
K 0 0 206
J N 7 4683 14 4 1 0 0
K 0 0 43
K 0 0 60
K 0 21 60
A D 2 8
J F 0 4712 98 1 2305 576 0
K 0 0 205
J N 8 4712 63 4 2305 0 0
K 0 0 42
K 0 0 59
K 0 -21 59
A D 4 8
J B 45 4754 1 82 6913 1152 0
J F 0 4775 98 2 1 0 0
K 0 0 206
K 0 21 213
J N 7 4775 21 5 1 0 0
K 0 0 43
K 25 0 44
K 0 0 60
K 0 21 60
A D 3 8
J N 6 4830 7 4 3457 864 0
K -18 0 63
K 0 0 43
K 0 0 54
A D 1 8
J N 7 4859 0 4 4609 288 0
K 0 0 43
K 0 0 60
K 0 21 60
A D 2 8
J B 46 4892 1 82 6913 576 0
J F 0 4913 98 2 1 0 0
K 0 0 206
K 0 21 204
J N 7 4913 28 4 1 0 0
K 0 0 43
K 0 0 60
K 0 21 60
A D 2 8
J F 0 4942 98 1 2305 576 0
K 0 0 203
J N 7 4942 21 4 2305 0 0
K 0 0 43
K 0 0 60
K 0 21 60
A D 2 8
J F 0 4971 98 1 4609 576 0
K 0 0 213
J N 7 4971 70 7 4609 0 0
K 1 0 45
K 0 0 43
K -1 0 45
K 2 0 45
K 0 0 59
K 0 -21 59
A D 2 8
J B 47 5004 1 82 6913 576 0
J N 8 5025 49 4 1 0 0
K 0 0 42
K 0 0 59
K 0 -21 59
A D 4 8
J R 7 5063 28 2 4609 1152 0
K 0 0 48
A D 2 8
J B 48 5096 1 82 6913 576 0
J R 9 5117 28 2 1 10000 0
K 0 0 46
A D 6 8
J B 49 5222 1 82 6913 1728 0
J R 9 5243 28 2 1 10000 0
K 0 0 46
A D 6 8
J B 50 5348 1 82 6913 1728 0
J R 9 5369 28 2 1 10000 0
K 0 0 46
A D 6 8
J B 51 5474 1 82 6913 1728 0
J F 0 5495 98 1 1 0 0
K 0 0 204
J N 7 5495 14 4 1 0 0
K 0 0 43
K 0 0 60
K 0 21 60
A D 2 8
J F 0 5524 98 1 2305 576 0
K 0 0 205
J N 8 5524 63 4 2305 0 0
K 0 0 42
K 0 0 59
K 0 -21 59
A D 4 8
J B 52 5566 1 82 6913 1152 0
J F 0 5587 98 1 1 0 0
K 0 0 204
J N 7 5587 7 4 1 0 0
K 0 0 43
K 0 0 60
K 0 21 60
A D 2 8
J F 0 5616 98 1 2305 576 0
K 0 0 205
J N 8 5616 56 4 2305 0 0
K 0 0 42
K 0 0 59
K 0 -21 59
A D 4 8
J B 53 5658 1 82 6913 1152 0
J F 0 5679 98 1 1 0 0
K 0 0 204
J N 7 5679 0 4 1 0 0
K 0 0 43
K 0 0 60
K 0 21 60
A D 2 8
J F 0 5708 98 1 2305 576 0
K 0 0 205
J N 8 5708 49 4 2305 0 0
K 0 0 42
K 0 0 59
K 0 -21 59
A D 4 8
J B 54 5750 1 82 6913 1152 0
J F 0 5771 98 1 1 0 0
K 0 0 205
J N 7 5771 -7 4 1 0 0
K 0 0 43
K 0 0 60
K 0 21 60
A D 2 8
J N 8 5800 7 4 2305 576 0
K 0 0 42
K 0 0 60
K 0 21 60
A D 4 8
J B 55 5842 1 82 6913 1152 0
J F 0 5863 98 1 1 0 0
K 0 0 204
J N 8 5863 -14 8 1 0 0
K 0 0 45
K 0 0 42
K -1 0 45
K 2 0 45
K 24 -6 44
K 0 0 60
K 0 21 60
A D 6 8
J F 0 5901 98 1 4609 1152 0
K 0 0 205
J B 56 5934 1 82 6913 576 0
J F 0 5955 98 1 1 0 0
K 0 0 206
J N 8 5955 -7 4 1 0 0
K 0 0 42
K 0 0 60
K 0 21 60
A D 4 8
J F 0 5984 98 1 2305 576 0
K 0 0 205
J R 7 6013 28 2 4609 576 0
K 0 0 48
A D 2 8
J B 57 6046 1 82 6913 576 0
J F 0 6067 98 1 1 0 0
K 0 0 206
J N 8 6067 0 4 1 0 0
K 0 0 42
K 0 0 60
K 0 21 60
A D 4 8
J F 0 6096 98 1 2305 576 0
K 0 0 205
J R 7 6125 28 2 4609 576 0
K 0 0 48
A D 2 8
J B 58 6158 1 82 6913 576 0
J F 0 6179 98 1 1 0 0
K 0 0 206
J N 8 6179 7 4 1 0 0
K 0 0 42
K 0 0 60
K 0 21 60
A D 4 8
J F 0 6208 98 1 2305 576 0
K 0 0 205
J R 7 6237 28 2 4609 576 0
K 0 0 48
A D 2 8
J B 59 6270 1 82 6913 576 0
J F 0 6291 98 1 1 0 0
K 0 0 206
J N 8 6291 14 4 1 0 0
K 0 0 42
K 0 0 60
K 0 21 60
A D 4 8
J F 0 6320 98 1 2305 576 0
K 0 0 205
J R 7 6349 28 2 4609 576 0
K 0 0 48
A D 2 8
J B 60 6382 1 82 6913 576 0
J F 0 6403 98 1 1 0 0
K 0 0 206
J N 8 6403 21 4 1 0 0
K 0 0 42
K 0 0 60
K 0 21 60
A D 4 8
J F 0 6432 98 1 2305 576 0
K 0 0 205
J R 7 6461 28 2 4609 576 0
K 0 0 48
A D 2 8
J B 61 6494 1 82 6913 576 0
J F 0 6515 98 1 1 0 0
K 0 0 205
J N 8 6515 28 4 1 0 0
K 0 0 42
K 0 0 60
K 0 21 60
A D 4 8
J N 7 6553 35 4 4609 1152 0
K 0 0 43
K 0 0 59
K 0 -21 59
A D 2 8
J B 62 6586 1 82 6913 576 0
J F 0 6607 98 2 1 0 0
K 0 0 206
K 0 21 204
J N 7 6607 14 4 1 0 0
K 0 0 43
K 0 0 60
K 0 21 60
A D 2 8
J F 0 6636 98 1 2305 576 0
K 0 0 203
J N 7 6636 7 4 2305 0 0
K 0 0 43
K 0 0 60
K 0 21 60
A D 2 8
J F 0 6665 98 1 4609 576 0
K 0 0 202
J N 7 6665 56 4 4609 0 0
K 0 0 43
K 0 0 59
K 0 -21 59
A D 2 8
J B 63 6698 1 82 6913 576 0
J F 0 6719 98 1 1 0 0
K 0 0 204
J N 8 6719 35 5 1 0 0
K 0 0 42
K 25 0 44
K 0 0 59
K 0 -21 59
A D 6 8
J F 0 6757 98 1 4609 1152 0
K 0 0 205
J B 64 6790 1 82 6913 576 0
J F 0 6811 98 1 1 0 0
K 0 0 206
J N 8 6811 -7 4 1 0 0
K 0 0 42
K 0 0 60
K 0 21 60
A D 4 8
J F 0 6840 98 1 2305 576 0
K 0 0 205
J R 7 6869 28 2 4609 576 0
K 0 0 48
A D 2 8
J B 65 6902 1 82 6913 576 0
J F 0 6923 98 1 1 0 0
K 0 0 206
J N 8 6923 0 4 1 0 0
K 0 0 42
K 0 0 60
K 0 21 60
A D 4 8
J F 0 6952 98 1 2305 576 0
K 0 0 205
J R 7 6981 28 2 4609 576 0
K 0 0 48
A D 2 8
J B 66 7014 1 82 6913 576 0
J F 0 7035 98 1 1 0 0
K 0 0 206
J N 8 7035 7 4 1 0 0
K 0 0 42
K 0 0 60
K 0 21 60
A D 4 8
J F 0 7064 98 1 2305 576 0
K 0 0 205
J R 7 7093 28 2 4609 576 0
K 0 0 48
A D 2 8
J B 67 7126 1 82 6913 576 0
J F 0 7147 98 1 1 0 0
K 0 0 206
J N 8 7147 14 4 1 0 0
K 0 0 42
K 0 0 60
K 0 21 60
A D 4 8
J F 0 7176 98 1 2305 576 0
K 0 0 205
J R 7 7205 28 2 4609 576 0
K 0 0 48
A D 2 8
J B 68 7238 1 82 6913 576 0
J F 0 7259 98 1 1 0 0
K 0 0 206
J N 8 7259 21 4 1 0 0
K 0 0 42
K 0 0 60
K 0 21 60
A D 4 8
J F 0 7288 98 1 2305 576 0
K 0 0 205
J R 7 7317 28 2 4609 576 0
K 0 0 48
A D 2 8
J B 69 7350 1 82 6913 576 0
J F 0 7371 98 1 1 0 0
K 0 0 205
J N 8 7371 28 4 1 0 0
K 0 0 42
K 0 0 60
K 0 21 60
A D 4 8
J N 7 7409 35 4 4609 1152 0
K 0 0 43
K 0 0 59
K 0 -21 59
A D 2 8
J B 70 7442 1 82 6913 576 0
J F 0 7463 98 2 1 0 0
K 0 0 206
K 0 21 204
J N 7 7463 14 4 1 0 0
K 0 0 43
K 0 0 60
K 0 21 60
A D 2 8
J F 0 7492 98 1 2305 576 0
K 0 0 203
J N 7 7492 7 4 2305 0 0
K 0 0 43
K 0 0 60
K 0 21 60
A D 2 8
J F 0 7521 98 1 4609 576 0
K 0 0 202
J N 7 7521 56 4 4609 0 0
K 0 0 43
K 0 0 59
K 0 -21 59
A D 2 8
J B 71 7554 1 82 6913 576 0
J N 8 7575 35 4 1 0 0
K 0 0 42
K 0 0 59
K 0 -21 59
A D 4 8
J N 7 7613 21 4 4609 1152 0
K 0 0 43
K 0 0 60
K 0 21 60
A D 2 8
J B 72 7646 1 82 6913 576 0
J F 0 7667 98 2 1 0 0
K 0 0 205
K 0 21 204
J N 7 7667 14 4 1 0 0
K 0 0 43
K 0 0 60
K 0 21 60
A D 2 8
J F 0 7696 98 1 2305 576 0
K 0 0 203
J N 7 7696 7 4 2305 0 0
K 0 0 43
K 0 0 60
K 0 21 60
A D 2 8
J F 0 7725 98 1 4609 576 0
K 0 0 202
J N 7 7725 56 4 4609 0 0
K 0 0 43
K 0 0 59
K 0 -21 59
A D 2 8
J B 73 7758 1 82 6913 576 0
J N 8 7779 35 5 1 0 0
K 0 0 42
K 25 0 44
K 0 0 59
K 0 -21 59
A D 6 8
J B 0 7852 6 4 6913 1728 0
K -23 21 44
K -23 35 44
K -13 0 82
K -6 0 84
J M 0 7852 0 0 10000 0 0
