S 0 200 140 2050 1066 7 "[...][....]"                
L 0 0 0 330 330 * 0 14 0                
J C 4 5 42 2 6913 0 0                
K 0 0 33                
K 0 0 34                
J K 2 57 0 2 6913 0 0                
K 0 0 63                
K 15 21 63                
J D 0 5 -14 1 6913 0 0                
W 0 0 37 \08                
J N 7 134 7 4 1 0 0                
K 0 0 43                
K 0 0 60                
K 0 21 60                
A D 4 16                
J N 7 208 14 4 1729 576 0                
K 0 0 43                
K 0 0 60                
K 0 21 60                
A D 4 16                
J N 6 292 56 4 3457 576 0                
K -18 0 63                
K 0 0 43                
K 0 0 53                
A D 2 16                
J N 7 335 49 4 4321 288 0                
K 0 0 43                
K 0 0 59                
K 0 -21 59                
A D 4 16                
J N 6 426 56 3 6049 576 0                
K 0 0 43                
K 0 0 53                
A D 2 16                
J B 9 476 1 82 6913 288 0                
J N 6 497 49 2 1 0 1 39                
K 0 0 43                
A D 2 16                
J N 6 537 21 2 865 288 1 39                
K 0 0 43                
A D 2 16                
H 39 B 64 -4 108 2 2 3                
J N 7 577 0 4 1729 288 1 40                
K 0 0 43                
K 0 0 60                
K 0 21 60                
A D 4 16                
J N 6 650 0 2 3457 576 2 41 40                
K 0 0 43                
A D 2 16                
H 40 T 0 0 0 0 0 0 5 0                
J N 6 690 21 2 4321 288 1 41                
K 0 0 43                
A D 2 16                
H 41 B -58 4 108 2 2 3                
J N 7 730 0 4 5185 288 1 42                
K 0 0 43                
K 0 0 60                
K 0 21 60                
A D 4 16                
J B 10 805 1 82 6913 576 0                
J N 6 826 0 3 1 0 1 42                
K 0 0 43                
K 0 0 54                
A D 2 16                
H 42 T 0 0 0 0 0 0 5 0                
J N 7 865 -28 8 865 288 0                
K 0 14 45                
K 0 0 45                
K 0 0 43                
K -1 0 45                
K 2 0 45                
K 0 0 60                
K 0 28 60                
A D 4 16                
J N 6 943 -21 7 2593 576 1 43                
K 0 7 45                
K 0 0 43                
K 0 7 45                
K 1 7 45                
K 0 0 60                
K 0 0 54                
A D 2 16                
J N 6 1016 -21 5 3457 288 2 44 43                
K 0 7 45                
K 0 0 43                
K 0 7 45                
K 1 7 45                
A D 2 16                
H 43 T -21 0 0 0 0 0 1 0                
J N 6 1055 -14 5 4321 288 1 44                
K 0 0 45                
K 0 0 43                
K -1 0 45                
K 2 0 45                
A D 2 16                
H 44 B -50 3 108 2 2 3                
J N 7 1113 -7 5 5185 288 0                
K -18 0 63                
K 0 0 43                
K 0 0 60                
K 0 21 60                
A D 4 16                
J B 11 1195 1 82 6913 576 0                
J N 5 1216 -14 5 1 0 2 45 46                
K 0 0 45                
K 0 0 43                
K -1 0 45                
K 2 0 45                
A D 1 16                
J N 5 1260 -21 5 433 144 1 46                
K 0 7 45                
K 0 0 43                
K 0 7 45                
K 1 7 45                
A D 1 16                
J N 5 1289 -28 6 865 144 1 46                
K 0 14 45                
K 0 0 45                
K 0 0 43                
K -1 0 45                
K 2 0 45                
A D 1 16                
J N 5 1318 -21 5 1297 144 1 46                
K 0 7 45                
K 0 0 43                
K 0 7 45                
K 1 7 45                
A D 1 16                
H 46 B -47 -1 108 4 22 11 11 33                
J N 5 1347 -14 5 1729 144 1 47                
K 0 0 45                
K 0 0 43                
K -1 0 45                
K 2 0 45                
A D 1 16                
J N 5 1376 -21 5 2161 144 1 47                
K 0 7 45                
K 0 0 43                
K 0 7 45                
K 1 7 45                
A D 1 16                
J N 5 1405 -28 6 2593 144 1 47                
K 0 14 45                
K 0 0 45                
K 0 0 43                
K -1 0 45                
K 2 0 45                
A D 1 16                
J N 5 1434 -14 5 3025 144 2 47 45                
K 0 0 45                
K 0 0 43                
K -1 0 45                
K 2 0 45                
A D 1 16                
H 47 B -46 0 108 4 22 11 11 33                
H 45 S 0 0 -7 0 -7 0 0 0 0            
J N 6 1477 -21 5 3457 144 1 48                
K 0 7 45                
K 0 0 43                
K 0 7 45                
K 1 7 45                
A D 2 16                
J N 6 1516 -7 2 4321 288 1 48                
K 0 0 43                
A D 2 16                
H 48 B -51 4 108 2 2 3                
J N 7 1555 0 4 5185 288 0                
K 0 0 43                
K 0 0 60                
K 0 21 60                
A D 4 16                
J B 12 1637 1 82 6913 576 0                
J N 5 1658 -7 2 1 0 2 49 50                
K 0 0 43                
A D 1 16                
J N 5 1687 -14 5 433 144 1 50                
K 0 0 45                
K 0 0 43                
K -1 0 45                
K 2 0 45                
A D 1 16                
J N 5 1716 -21 5 865 144 1 50                
K 0 7 45                
K 0 0 43                
K 0 7 45                
K 1 7 45                
A D 1 16                
J N 5 1745 -14 5 1297 144 1 50                
K 0 0 45                
K 0 0 43                
K -1 0 45                
K 2 0 45                
A D 1 16                
H 50 B -53 -1 108 4 22 11 11 33                
J N 5 1774 -7 2 1729 144 1 51                
K 0 0 43                
A D 1 16                
J N 5 1803 -14 5 2161 144 1 51                
K 0 0 45                
K 0 0 43                
K -1 0 45                
K 2 0 45                
A D 1 16                
J N 5 1832 -21 5 2593 144 1 51                
K 0 7 45                
K 0 0 43                
K 0 7 45                
K 1 7 45                
A D 1 16                
J N 5 1861 -7 2 3025 144 2 51 49                
K 0 0 43                
A D 1 16                
H 51 B -50 0 108 4 22 11 11 33                
H 49 S 0 0 -7 0 -7 0 0 0 0                
J N 6 1890 -14 5 3457 144 1 52                
K 0 0 45                
K 0 0 43                
K -1 0 45                
K 2 0 45                
A D 2 16                
J N 6 1929 0 2 4321 288 1 52                
K 0 0 43                
A D 2 16                
H 52 B -56 4 108 2 2 3                
J N 7 1968 7 4 5185 288 0                
K 0 0 43                
K 0 0 60                
K 0 21 60                
A D 4 16                
J B 13 2050 1 82 6913 576 0                
E *                
L 160 0 0 330 330 * 0 14 0                
J C 4 5 42 2 6913 0 0                
K 0 0 33                
K 0 0 34                
J K 2 57 0 2 6913 0 0                
K 0 0 63                
K 15 21 63                
J D 0 5 -14 1 6913 0 0                
W 0 0 0 \08                
J N 6 134 14 3 1 0 1 38                
K 0 0 43                
K 0 0 54                
A D 2 16                
J M 0 82 0 0 6913 0 1 38                
H 38 T 14 0 0 0 0 0 5 0                
J N 7 175 21 4 865 288 0                
K 0 0 43                
K 0 0 60                
K 0 21 60                
A D 4 16                
J N 6 248 28 3 2593 576 1 39                
K 0 0 43                
K 0 0 54                
A D 2 16                
J N 6 292 28 2 3457 288 2 40 39                
K 0 0 43                
A D 2 16                
H 39 T 28 0 0 0 0 0 5 0                
J N 6 335 35 2 4321 288 1 40                
K 0 0 43                
A D 2 16                
H 40 B 47 3 108 2 2 3                
J N 7 393 42 5 5185 288 0                
K -18 0 63                
K 0 0 43                
K 0 0 59                
K 0 -21 59                
A D 4 16                
J B 9 476 1 82 6913 576 0                
J N 7 497 49 5 1 0 0                
K 0 0 43                
K 25 0 44                
K 0 0 59                
K 0 -21 59                
A D 6 16                
J N 6 610 21 3 2593 864 0                
K 0 0 43                
K 0 0 54                
A D 2 16                
J N 7 650 0 5 3457 288 0                
K 0 0 43                
K 24 -6 44                
K 0 0 60                
K 0 21 60                
A D 6 16                
J N 6 763 21 3 6049 864 0                
K 0 0 43                
K 0 0 54                
A D 2 16                
J B 10 805 1 82 6913 288 0                
J N 6 826 0 3 1 0 0                
K 0 0 43                
K 0 0 54                
A D 2 16                
J N 7 865 -14 7 865 288 0                
K 0 0 45                
K 0 0 43                
K -1 0 45                
K 2 0 45                
K 0 0 60                
K 0 21 60                
A D 4 16                
J N 5 943 -7 3 2593 576 1 41                
K -18 0 63                
K 0 0 43                
A D 1 16                
J N 5 972 0 2 3025 144 1 41                
K 0 0 43                
A D 1 16                
H 41 B -50 4 108 2 22 33                
J N 6 1016 7 4 3457 144 0                
K -18 0 63                
K 0 0 43                
K 0 0 54                
A D 2 16                
J N 7 1055 0 4 4321 288 0                
K 0 0 43                
K 0 0 60                
K 0 21 60                
A D 4 16                
J N 6 1145 7 3 6049 576 0                
K 0 0 43                
K 0 0 54                
A D 2 16                
J B 11 1195 1 82 6913 288 0                
J N 5 1216 0 2 1 0 2 42 43                
K 0 0 43                
A D 1 16                
J N 5 1260 -7 3 433 144 1 43                
K -18 0 63                
K 0 0 43                
A D 1 16                
J N 5 1289 -14 5 865 144 1 43                
K 0 0 45                
K 0 0 43                
K -1 0 45                
K 2 0 45                
A D 1 16                
J N 5 1318 -7 2 1297 144 1 43                
K 0 0 43                
A D 1 16                
H 43 B -46 -1 108 4 22 11 11 33                
J N 5 1347 0 2 1729 144 1 44                
K 0 0 43                
A D 1 16                
J N 5 1376 -7 2 2161 144 1 44                
K 0 0 43                
A D 1 16                
J N 5 1405 -14 5 2593 144 1 44                
K 0 0 45                
K 0 0 43                
K -1 0 45                
K 2 0 45                
A D 1 16                
J N 5 1434 0 2 3025 144 2 44 42                
K 0 0 43                
A D 1 16                
H 44 B -46 0 108 4 22 11 11 33                
H 42 S 0 0 -7 0 -7 0 0 0 -1            
J N 6 1477 14 4 3457 144 0                
K -18 0 63                
K 0 0 43                
K 0 0 54                
A D 2 16                
J N 7 1516 7 4 4321 288 0                
K 0 0 43                
K 0 0 60                
K 0 21 60                
A D 4 16                
J N 6 1587 14 3 6049 576 0                
K 0 0 43                
K 0 0 54                
A D 2 16                
J B 12 1637 1 82 6913 288 0                
J N 5 1658 7 2 1 0 2 45 46                
K 0 0 43                
A D 1 16                
J N 5 1687 0 2 433 144 1 46                
K 0 0 43                
A D 1 16                
J N 5 1716 -7 2 865 144 1 46                
K 0 0 43                
A D 1 16                
J N 5 1745 0 2 1297 144 1 46                
K 0 0 43                
A D 1 16                
H 46 B -53 -1 108 4 22 11 11 33                
J N 5 1774 7 2 1729 144 1 47                
K 0 0 43                
A D 1 16                
J N 5 1803 0 2 2161 144 1 47                
K 0 0 43                
A D 1 16                
J N 5 1832 -7 2 2593 144 1 47                
K 0 0 43                
A D 1 16                
J N 5 1861 7 2 3025 144 2 47 45                
K 0 0 43                
A D 1 16                
H 47 B -50 0 108 4 22 11 11 33                
H 45 S 0 0 -7 0 -7 0 0 0 0                
J N 6 1890 21 3 3457 144 0                
K 0 0 43                
K 0 0 54                
A D 2 16                
J N 7 1929 14 4 4321 288 0                
K 0 0 43                
K 0 0 60                
K 0 21 60                
A D 4 16                
J N 6 2000 21 3 6049 576 0                
K 0 0 43                
K 0 0 54                
A D 2 16                
J B 13 2050 1 82 6913 288 0                
E *                
L 320 0 0 330 330 * 0 14 0                
J C 22 5 14 36 6913 0 0                
J K 2 57 0 2 6913 0 0                
K 0 14 63                
K 15 35 63                
J D 0 5 -14 1 6913 0 0                
W 0 0 0 \08                
J F 0 134 98 2 1 0 0                
K 0 0 205                
K 0 21 204                
J N 6 134 7 3 1 0 1 15                
K -18 0 63                
K 0 0 43                
A D 1 8                
J F 0 175 98 2 865 288 0                
K 0 0 205                
K 0 21 204                
J N 6 175 0 3 865 0 1 15                
K -18 0 63                
K 0 0 43                
A D 1 8                
J F 0 208 102 1 1729 288 0                
K 0 0 208                
J N 6 208 -7 2 1729 0 1 15                
K 0 0 43                
A D 1 8                
J F 0 248 108 1 2593 288 0                
K 0 0 207                
J N 6 248 42 2 2593 0 1 15                
K 0 0 43                
A D 1 8                
H 15 B -55 6 108 4 2 1 1 3                
J F 0 292 100 2 3457 288 0                
K 0 0 206                
K 0 21 213                
J N 6 292 35 2 3457 0 1 16                
K 0 0 43                
A D 1 8                
J N 6 335 14 2 4321 288 1 16                
K 0 0 43                
A D 1 8                
J F 0 393 100 1 5185 288 0                
K 0 0 203                
J N 6 393 -14 5 5185 0 1 16                
K 0 0 45                
K 0 0 43                
K -1 0 45                
K 2 0 45                
A D 1 8                
J F 0 426 100 1 6049 288 0                
K 0 0 213                
J N 6 426 35 2 6049 0 1 16                
K 0 0 43                
A D 1 8                
H 16 B -42 0 108 4 2 1 1 3                
J B 9 476 1 82 6913 288 0                
J F 0 497 98 1 1 0 0                
K 0 0 218                
J N 6 497 14 2 1 0 1 17                
K 0 0 43                
A D 1 8                
J F 0 537 98 1 865 288 0                
K 0 0 205                
J N 6 537 0 2 865 0 1 17                
K 0 0 43                
A D 1 8                
J F 0 577 98 2 1729 288 0                
K 0 0 206                
K 0 21 204                
J N 6 577 -7 2 1729 0 1 17                
K 0 0 43                
A D 1 8                
J F 0 610 98 2 2593 288 0                
K 0 0 205                
K 0 21 203                
J N 6 610 -14 5 2593 0 1 17                
K 0 0 45                
K 0 0 43                
K -1 0 45                
K 2 0 45                
A D 1 8                
H 17 B -46 -4 108 4 2 1 1 3                
J F 0 650 98 1 3457 288 0                
K 0 0 204                
J N 6 650 -21 5 3457 0 1 18                
K 0 7 45                
K 0 0 43                
K 0 7 45                
K 1 7 45                
A D 1 8                
J F 0 690 98 1 4321 288 0                
K 0 0 205                
J N 6 690 0 2 4321 0 1 18                
K 0 0 43                
A D 1 8                
J F 0 730 98 2 5185 288 0                
K 0 0 206                
K 0 21 204                
J N 6 730 -7 2 5185 0 1 18                
K 0 0 43                
A D 1 8                
J F 0 763 98 2 6049 288 0                
K 0 0 205                
K 0 21 203                
J N 6 763 -14 5 6049 0 1 18                
K 0 0 45                
K 0 0 43                
K -1 0 45                
K 2 0 45                
A D 1 8                
H 18 B -67 0 108 4 2 1 1 3                
J B 10 805 1 82 6913 288 0                
J F 0 826 98 2 1 0 0                
K 0 0 204                
K 0 21 202                
J N 6 826 -21 5 1 0 1 19                
K 0 7 45                
K 0 0 43                
K 0 7 45                
K 1 7 45                
A D 1 8                
J F 0 865 98 2 865 288 0                
K 0 0 207                
K 0 21 205                
J N 6 865 0 2 865 0 1 19                
K 0 0 43                
A D 1 8                
J F 0 904 102 2 1729 288 0                
K 0 0 208                
K 0 21 206                
J N 6 904 -7 2 1729 0 1 19                
K 0 0 43                
A D 1 8                
J F 0 943 108 2 2593 288 0                
K 0 0 207                
K 0 21 216                
J N 6 943 42 2 2593 0 1 19                
K 0 0 43                
A D 1 8                
H 19 B -82 6 108 4 2 1 1 3                
J F 0 1016 100 2 3457 288 0                
K 0 0 206                
K 0 21 213                
J N 6 1016 35 2 3457 0 1 20                
K 0 0 43                
A D 1 8                
J N 6 1055 14 2 4321 288 1 20                
K 0 0 43                
A D 1 8                
J F 0 1113 100 1 5185 288 0                
K 0 0 203                
J N 6 1113 -14 5 5185 0 1 20                
K 0 0 45                
K 0 0 43                
K -1 0 45                
K 2 0 45                
A D 1 8                
J F 0 1145 100 1 6049 288 0                
K 0 0 213                
J N 6 1145 35 2 6049 0 1 20                
K 0 0 43                
A D 1 8                
H 20 B -42 0 108 4 2 1 1 3                
J B 11 1195 1 82 6913 288 0                
J F 0 1216 98 1 1 0 0                
K 0 0 218                
J N 7 1216 14 4 1 0 0                
K 0 0 43                
K 0 0 60                
K 0 21 60                
A D 2 8                
J R 7 1347 28 2 1729 576 0                
K 0 0 48                
A D 2 8                
J F 0 1477 98 2 3457 576 0                
K 0 0 206                
K 0 21 213                
J N 6 1477 -7 2 3457 0 1 21                
K 0 0 43                
A D 1 8                
J N 6 1516 21 2 4321 288 1 21                
K 0 0 43                
A D 1 8                
J F 0 1555 104 1 5185 288 0                
K 0 0 203                
J N 6 1555 -7 2 5185 0 1 21                
K 0 0 43                
A D 1 8                
J F 0 1587 109 1 6049 288 0                
K 0 0 213                
J N 6 1587 42 2 6049 0 1 21                
K 0 0 43                
A D 1 8                
H 21 B -69 6 108 4 2 1 1 3                
J B 12 1637 1 82 6913 288 0                
J N 7 1658 21 4 1 0 0                
K 0 0 43                
K 0 0 60                
K 0 21 60                
A D 2 8                
J R 7 1774 28 2 1729 576 0                
K 0 0 48                
A D 2 8                
J F 0 1890 98 1 3457 576 0                
K 0 0 206                
J N 6 1890 0 2 3457 0 1 22                
K 0 0 43                
A D 1 8                
J N 6 1929 28 2 4321 288 1 22                
K 0 0 43                
A D 1 8                
J F 0 1968 112 1 5185 288 0                
K 0 0 203                
J N 6 1968 0 2 5185 0 1 22                
K 0 0 43                
A D 1 8                
J F 0 2000 115 1 6049 288 0                
K 0 0 202                
J N 6 2000 49 2 6049 0 1 22                
K 0 0 43                
A D 1 8                
H 22 B -69 6 108 4 2 1 1 3                
J B 13 2050 1 82 6913 288 0                
E *                
L 530 0 0 330 330 * 0 14 0                
J C 4 5 42 2 6913 0 0                
K 0 0 33                
K 0 0 34                
J K 2 57 0 2 6913 0 0                
K 0 0 63                
K 15 21 63                
J D 0 5 -14 1 6913 0 0                
W 0 0 0 \08                
J R 7 134 28 2 1 0 0                
K 0 0 48                
A D 4 16                
J R 6 208 28 2 1729 576 0                
K 0 0 49                
A D 2 16                
J N 6 248 14 3 2593 288 0                
K 0 0 43                
K 0 0 54                
A D 2 16                
J N 6 292 56 4 3457 288 0                
K -18 0 63                
K 0 0 43                
K 0 0 53                
A D 2 16                
J N 7 335 49 4 4321 288 0                
K 0 0 43                
K 0 0 59                
K 0 -21 59                
A D 4 16                
J N 6 426 56 3 6049 576 0                
K 0 0 43                
K 0 0 53                
A D 2 16                
J B 9 476 1 82 6913 288 0                
J N 7 497 49 4 1 0 0                
K 0 0 43                
K 0 0 59                
K 0 -21 59                
A D 4 16                
J R 7 577 28 2 1729 576 0                
K 0 0 48                
A D 4 16                
J R 8 650 28 2 3457 576 0                
K 0 0 47                
A D 8 16                
J B 10 805 1 82 6913 1152 0                
J R 6 826 28 2 1 0 0                
K 0 0 49                
A D 2 16                
J N 7 865 -28 8 865 288 0                
K 0 14 45                
K 0 0 45                
K 0 0 43                
K -1 0 45                
K 2 0 45                
K 0 0 60                
K 0 28 60                
A D 4 16                
J N 6 943 -21 7 2593 576 1 7                
K 0 7 45                
K 0 0 43                
K 0 7 45                
K 1 7 45                
K 0 0 60                
K 0 0 54                
A D 2 16                
J N 6 1016 -21 5 3457 288 2 8 7                
K 0 7 45                
K 0 0 43                
K 0 7 45                
K 1 7 45                
A D 2 16                
H 7 T -21 0 0 0 0 0 1 0                
J N 6 1055 -14 5 4321 288 1 8                
K 0 0 45                
K 0 0 43                
K -1 0 45                
K 2 0 45                
A D 2 16                
H 8 B -50 3 108 2 2 3                
J N 7 1113 -7 5 5185 288 0                
K -18 0 63                
K 0 0 43                
K 0 0 60                
K 0 21 60                
A D 4 16                
J B 11 1195 1 82 6913 576 0                
J N 7 1216 0 4 1 0 0                
K 0 0 43                
K 0 0 60                
K 0 21 60                
A D 4 16                
J R 7 1347 28 2 1729 576 0                
K 0 0 48                
A D 4 16                
J N 6 1477 0 2 3457 576 1 9                
K 0 0 43                
A D 2 16                
J N 6 1516 -7 2 4321 288 1 9                
K 0 0 43                
A D 2 16                
H 9 B -46 -3 108 2 2 3                
J N 7 1555 0 4 5185 288 0                
K 0 0 43                
K 0 0 60                
K 0 21 60                
A D 4 16                
J B 12 1637 1 82 6913 576 0                
J N 7 1658 -7 4 1 0 0                
K 0 0 43                
K 0 0 60                
K 0 21 60                
A D 4 16                
J R 7 1774 28 2 1729 576 0                
K 0 0 48                
A D 4 16                
J N 6 1890 7 2 3457 576 1 10                
K 0 0 43                
A D 2 16                
J N 6 1929 0 2 4321 288 1 10                
K 0 0 43                
A D 2 16                
H 10 B -41 -3 108 2 2 3                
J N 7 1968 7 4 5185 288 0                
K 0 0 43                
K 0 0 60                
K 0 21 60                
A D 4 16                
J B 13 2050 1 82 6913 576 0                
E *                
L 690 0 0 330 330 * 0 14 0                
J C 4 5 42 2 6913 0 0                
K 0 0 33                
K 0 0 34                
J K 2 57 0 2 6913 0 0                
K 0 0 63                
K 15 21 63                
J D 0 5 -14 1 6913 0 0                
W 0 0 0 \08                
J R 7 134 28 2 1 0 0                
K 0 0 48                
A D 4 16                
J R 6 208 28 2 1729 576 0                
K 0 0 49                
A D 2 16                
J N 6 248 28 3 2593 288 1 7                
K 0 0 43                
K 0 0 51                
A D 2 16                
J N 6 292 28 2 3457 288 2 8 7                
K 0 0 43                
A D 2 16                
H 7 T 28 0 0 0 0 0 13 0                
J N 6 335 35 2 4321 288 1 8                
K 0 0 43                
A D 2 16                
H 8 B 47 3 108 2 2 3                
J N 7 393 42 5 5185 288 0                
K -18 0 63                
K 0 0 43                
K 0 0 59                
K 0 -21 59                
A D 4 16                
J B 9 476 1 82 6913 576 0                
J N 7 497 49 4 1 0 0                
K 0 0 43                
K 0 0 59                
K 0 -21 59                
A D 4 16                
J R 7 577 28 2 1729 576 0                
K 0 0 48                
A D 4 16                
J R 8 650 28 2 3457 576 0                
K 0 0 47                
A D 8 16                
J B 10 805 1 82 6913 1152 0                
J R 6 826 28 2 1 0 0                
K 0 0 49                
A D 2 16                
J N 7 865 -14 7 865 288 0                
K 0 0 45                
K 0 0 43                
K -1 0 45                
K 2 0 45                
K 0 0 60                
K 0 21 60                
A D 4 16                
J N 5 943 -7 3 2593 576 1 9                
K -18 0 63                
K 0 0 43                
A D 1 16                
J N 5 972 0 2 3025 144 1 9                
K 0 0 43                
A D 1 16                
H 9 B -50 4 108 2 22 33                
J N 6 1016 7 4 3457 144 0                
K -18 0 63                
K 0 0 43                
K 0 0 54                
A D 2 16                
J N 7 1055 0 4 4321 288 0                
K 0 0 43                
K 0 0 60                
K 0 21 60                
A D 4 16                
J N 6 1145 7 3 6049 576 0                
K 0 0 43                
K 0 0 54                
A D 2 16                
J B 11 1195 1 82 6913 288 0                
J N 7 1216 0 4 1 0 0                
K 0 0 43                
K 0 0 60                
K 0 21 60                
A D 4 16                
J R 7 1347 28 2 1729 576 0                
K 0 0 48                
A D 4 16                
J N 6 1477 14 4 3457 576 0                
K -18 0 63                
K 0 0 43                
K 0 0 54                
A D 2 16                
J N 7 1516 7 4 4321 288 0                
K 0 0 43                
K 0 0 60                
K 0 21 60                
A D 4 16                
J N 6 1587 14 3 6049 576 0                
K 0 0 43                
K 0 0 54                
A D 2 16                
J B 12 1637 1 82 6913 288 0                
J N 7 1658 7 4 1 0 0                
K 0 0 43                
K 0 0 60                
K 0 21 60                
A D 4 16                
J R 7 1774 28 2 1729 576 0                
K 0 0 48                
A D 4 16                
J N 6 1890 21 3 3457 576 0                
K 0 0 43                
K 0 0 54                
A D 2 16                
J N 7 1929 14 4 4321 288 0                
K 0 0 43                
K 0 0 60                
K 0 21 60                
A D 4 16                
J N 6 2000 21 3 6049 576 0                
K 0 0 43                
K 0 0 54                
A D 2 16                
J B 13 2050 1 82 6913 288 0                
E *                
L 850 0 0 330 330 * 0 14 0                
J C 13 5 28 35 6913 0 0                
J K 2 57 0 2 6913 0 0                
K 0 7 63                
K 15 28 63                
J D 0 5 -14 1 6913 0 0                
W 0 0 0 \08                
J R 7 134 28 2 1 0 0                
K 0 0 48                
A D 4 16                
J R 6 208 28 2 1729 576 0                
K 0 0 49                
A D 2 16                
J N 6 248 -14 6 2593 288 0                
K 0 0 45                
K 0 0 43                
K -1 0 45                
K 2 0 45                
K 0 0 54                
A D 2 16                
J N 6 292 0 3 3457 288 1 7                
K -18 0 63                
K 0 0 43                
A D 2 16                
J N 5 335 -7 2 4321 288 1 7                
K 0 0 43                
A D 1 16                
J N 5 364 -14 5 4753 144 1 7                
K 0 0 45                
K 0 0 43                
K -1 0 45                
K 2 0 45                
A D 1 16                
H 7 B -48 -2 108 3 2 21 33                
J N 6 393 -21 6 5185 144 1 8                
K 0 7 45                
K 0 0 43                
K 0 7 45                
K 1 7 45                
K 25 0 44                
A D 3 16                
J N 5 443 -21 5 6481 432 1 8                
K 0 7 45                
K 0 0 43                
K 0 7 45                
K 1 7 45                
A D 1 16                
H 8 B -50 0 108 2 2 53                
J B 9 476 1 82 6913 144 0                
J N 7 497 -7 4 1 0 0                
K 0 0 43                
K 0 0 60                
K 0 21 60                
A D 4 16                
J R 7 577 28 2 1729 576 0                
K 0 0 48                
A D 4 16                
J R 8 650 28 2 3457 576 0                
K 0 0 47                
A D 8 16                
J B 10 805 1 82 6913 1152 0                
J R 6 826 28 2 1 0 0                
K 0 0 49                
A D 2 16                
J N 6 865 7 2 865 288 1 9                
K 0 0 43                
A D 2 16                
J N 6 904 21 2 1729 288 1 9                
K 0 0 43                
A D 2 16                
J N 6 943 -28 6 2593 288 1 9                
K 0 14 45                
K 0 0 45                
K 0 0 43                
K -1 0 45                
K 2 0 45                
A D 2 16                
H 9 B -56 0 108 3 2 1 3                
J N 6 1016 0 3 3457 288 1 10                
K -18 0 63                
K 0 0 43                
A D 2 16                
J N 5 1055 -7 2 4321 288 1 10                
K 0 0 43                
A D 1 16                
J N 5 1084 -14 5 4753 144 1 10                
K 0 0 45                
K 0 0 43                
K -1 0 45                
K 2 0 45                
A D 1 16                
H 10 B -48 -2 108 3 2 21 33                
J N 6 1113 -21 6 5185 144 1 11                
K 0 7 45                
K 0 0 43                
K 0 7 45                
K 1 7 45                
K 25 0 44                
A D 3 16                
J N 5 1162 -21 5 6481 432 1 11                
K 0 7 45                
K 0 0 43                
K 0 7 45                
K 1 7 45                
A D 1 16                
H 11 B -50 0 108 2 2 53                
J B 11 1195 1 82 6913 144 0                
J N 7 1216 -7 4 1 0 0                
K 0 0 43                
K 0 0 60                
K 0 21 60                
A D 4 16                
J R 7 1347 28 2 1729 576 0                
K 0 0 48                
A D 4 16                
J N 6 1477 -14 5 3457 576 1 12                
K 0 0 45                
K 0 0 43                
K -1 0 45                
K 2 0 45                
A D 2 16                
J N 6 1516 -14 5 4321 288 1 12                
K 0 0 45                
K 0 0 43                
K -1 0 45                
K 2 0 45                
A D 2 16                
J N 6 1555 -14 6 5185 288 1 12                
K 0 0 45                
K 0 0 43                
K -1 0 45                
K 2 0 45                
K 24 -6 44                
A D 3 16                
J N 5 1604 -14 5 6481 432 1 12                
K 0 0 45                
K 0 0 43                
K -1 0 45                
K 2 0 45                
A D 1 16                
H 12 B -46 0 108 4 2 1 1 53                
J B 12 1637 1 82 6913 144 0                
J N 7 1658 -14 7 1 0 0                
K 0 0 45                
K 0 0 43                
K -1 0 45                
K 2 0 45                
K 0 0 60                
K 0 21 60                
A D 4 16                
J R 7 1774 28 2 1729 576 0                
K 0 0 48                
A D 4 16                
J N 6 1890 -7 2 3457 576 1 13                
K 0 0 43                
A D 2 16                
J N 6 1929 -7 2 4321 288 1 13                
K 0 0 43                
A D 2 16                
J N 6 1968 -7 3 5185 288 1 13                
K 0 0 43                
K 25 0 44                
A D 3 16                
J N 5 2017 -7 2 6481 432 1 13                
K 0 0 43                
A D 1 16                
H 13 B -50 0 108 4 2 1 1 53                
J B 13 2050 1 82 6913 144 0                
E *                
L 1010 0 0 330 330 * 0 14 0                
J C 22 5 14 36 6913 0 0                
J K 2 57 0 2 6913 0 0                
K 0 14 63                
K 15 35 63                
J D 0 5 -14 1 6913 0 0                
W 0 0 0 \08                
J R 7 134 28 2 1 0 0                
K 0 0 48                
A D 2 8                
J R 6 208 28 2 1729 576 0                
K 0 0 49                
A D 1 8                
J N 6 248 42 3 2593 288 0                
K 0 0 43                
K 0 0 53                
A D 1 8                
J F 0 292 100 2 3457 288 0                
K 0 0 206                
K 0 21 213                
J N 6 292 35 2 3457 0 1 7                
K 0 0 43                
A D 1 8                
J N 6 335 14 2 4321 288 1 7                
K 0 0 43                
A D 1 8                
J F 0 393 100 1 5185 288 0                
K 0 0 203                
J N 6 393 -14 5 5185 0 1 7                
K 0 0 45                
K 0 0 43                
K -1 0 45                
K 2 0 45                
A D 1 8                
J F 0 426 100 1 6049 288 0                
K 0 0 213                
J N 6 426 35 2 6049 0 1 7                
K 0 0 43                
A D 1 8                
H 7 B -42 0 108 4 2 1 1 3                
J B 9 476 1 82 6913 288 0                
J F 0 497 100 1 1 0 0                
K 0 0 218                
J N 7 497 14 4 1 0 0                
K 0 0 43                
K 0 0 60                
K 0 21 60                
A D 2 8                
J R 7 577 28 2 1729 576 0                
K 0 0 48                
A D 2 8                
J R 8 650 28 2 3457 576 0                
K 0 0 47                
A D 4 8                
J B 10 805 1 82 6913 1152 0                
J R 6 826 28 2 1 0 0                
K 0 0 49                
A D 1 8                
J F 0 865 98 2 865 288 0                
K 0 0 207                
K 0 21 205                
J N 6 865 0 2 865 0 1 8                
K 0 0 43                
A D 1 8                
J F 0 904 98 2 1729 288 0                
K 0 0 208                
K 0 21 206                
J N 6 904 -7 2 1729 0 1 8                
K 0 0 43                
A D 1 8                
J F 0 943 107 2 2593 288 0                
K 0 0 207                
K 0 21 216                
J N 6 943 42 2 2593 0 1 8                
K 0 0 43                
A D 1 8                
H 8 B -61 9 108 3 2 1 3                
J F 0 1016 100 2 3457 288 0                
K 0 0 206                
K 0 21 213                
J N 6 1016 35 2 3457 0 1 9                
K 0 0 43                
A D 1 8                
J N 6 1055 14 2 4321 288 1 9                
K 0 0 43                
A D 1 8                
J F 0 1113 100 1 5185 288 0                
K 0 0 203                
J N 6 1113 -14 5 5185 0 1 9                
K 0 0 45                
K 0 0 43                
K -1 0 45                
K 2 0 45                
A D 1 8                
J F 0 1145 100 1 6049 288 0                
K 0 0 213                
J N 6 1145 35 2 6049 0 1 9                
K 0 0 43                
A D 1 8                
H 9 B -42 0 108 4 2 1 1 3                
J B 11 1195 1 82 6913 288 0                
J F 0 1216 100 1 1 0 0                
K 0 0 218                
J N 7 1216 14 4 1 0 0                
K 0 0 43                
K 0 0 60                
K 0 21 60                
A D 2 8                
J R 7 1347 28 2 1729 576 0                
K 0 0 48                
A D 2 8                
J F 0 1477 98 2 3457 576 0                
K 0 0 206                
K 0 21 213                
J N 6 1477 -7 2 3457 0 1 10                
K 0 0 43                
A D 1 8                
J N 6 1516 21 2 4321 288 1 10                
K 0 0 43                
A D 1 8                
J F 0 1555 104 1 5185 288 0                
K 0 0 203                
J N 6 1555 -7 2 5185 0 1 10                
K 0 0 43                
A D 1 8                
J F 0 1587 110 1 6049 288 0                
K 0 0 213                
J N 6 1587 42 2 6049 0 1 10                
K 0 0 43                
A D 1 8                
H 10 B -69 6 108 4 2 1 1 3                
J B 12 1637 1 82 6913 288 0                
J N 7 1658 21 4 1 0 0                
K 0 0 43                
K 0 0 60                
K 0 21 60                
A D 2 8                
J R 7 1774 28 2 1729 576 0                
K 0 0 48                
A D 2 8                
J F 0 1890 98 1 3457 576 0                
K 0 0 206                
J N 6 1890 0 2 3457 0 1 11                
K 0 0 43                
A D 1 8                
J N 6 1929 28 2 4321 288 1 11                
K 0 0 43                
A D 1 8                
J F 0 1968 112 1 5185 288 0                
K 0 0 203                
J N 6 1968 0 2 5185 0 1 11                
K 0 0 43                
A D 1 8                
J F 0 2000 115 1 6049 288 0                
K 0 0 202                
J N 6 2000 49 2 6049 0 1 11                
K 0 0 43                
A D 1 8                
H 11 B -69 6 108 4 2 1 1 3                
J B 13 2050 1 82 6913 288 0                
E *                
B 1 476 0                
B 1 805 0                
B 1 1195 0                
B 1 1637 0                
B 1 2050 0                
S 0 200 1510 2050 1066 7 "[...][....]"                
L 0 0 0 330 330 * 0 14 0                
J C 4 5 42 2 6913 0 0                
K 0 0 33                
K 0 0 34                
J K 2 57 0 2 6913 0 0                
K 0 0 63                
K 15 21 63                
J D 0 -11 -14 1 6913 0 0                
W 0 0 37 \01\03                
J N 6 130 14 2 1 0 1 53                
K 0 0 43                
A D 2 16                
J N 6 176 0 2 865 288 1 53                
K 0 0 43                
A D 2 16                
J N 6 222 -7 2 1729 288 2 54 53                
K 0 0 43                
A D 2 16                
J N 6 268 0 2 2593 288 2 53 54                
K 0 0 43                
A D 2 16                
H 53 B -47 -1 108 4 2 1 1 3                
H 54 S 0 0 0 0 0 0 0 0 0                
J R 6 314 28 2 3457 288 0                
K 0 0 49                
A D 2 16                
J N 6 360 0 2 4321 288 1 55                
K 0 0 43                
A D 2 16                
J N 6 406 7 2 5185 288 2 56 55                
K 0 0 43                
A D 2 16                
J N 6 452 14 2 6049 288 2 55 56                
K 0 0 43                
A D 2 16                
H 55 B -57 1 108 3 2 1 3                
H 56 S 0 0 0 0 0 0 0 0 0                
J B 14 499 1 82 6913 288 0                
J R 6 520 28 2 1 0 0                
K 0 0 49                
A D 2 16                
J N 6 566 14 2 865 288 1 57                
K 0 0 43                
A D 2 16                
J N 6 612 21 3 1729 288 2 58 57                
K -14 0 64                
K 0 0 43                
A D 2 16                
J N 6 658 28 2 2593 288 2 57 58                
K 0 0 43                
A D 2 16                
H 57 B -57 1 108 3 2 1 3                
H 58 S 0 0 0 0 0 0 0 0 0                
J R 6 704 28 2 3457 288 0                
K 0 0 49                
A D 2 16                
J N 6 749 28 2 4321 288 1 59                
K 0 0 43                
A D 2 16                
J N 6 794 35 3 5185 288 2 60 59                
K -18 0 63                
K 0 0 43                
A D 2 16                
J N 6 839 14 2 6049 288 2 59 60                
K 0 0 43                
A D 2 16                
H 59 B -49 0 108 3 2 1 3                
H 60 S 0 0 0 0 0 0 0 -2 0    
J B 15 884 1 82 6913 288 0                
J N 6 911 21 3 1 0 1 61                
K 0 0 43                
K -18 0 63         
A D 2 16         
J N 6 956 0 2 865 288 1 61                
K 0 0 43                
A D 2 16                
J N 6 1001 28 2 1729 288 1 61                
K 0 0 43                
A D 2 16                
J N 6 1046 28 2 2593 288 1 61                
K 0 0 43                
A D 2 16                
H 61 B -49 0 108 4 2 1 1 3                
J N 8 1091 28 4 3457 288 1 62                
K 0 0 42                
K 0 0 60                
K 0 21 60                
A D 8 16                
J B 16 1271 1 82 6913 1152 0                
J N 6 1292 28 2 1 0 2 63 62                
K 0 0 43                
A D 2 16                
H 62 T 28 0 0 0 0 0 5 0                
J N 6 1337 0 2 865 288 1 63                
K 0 0 43                
A D 2 16                
J N 6 1382 -7 2 1729 288 1 63                
K 0 0 43                
A D 2 16                
J N 6 1427 7 2 2593 288 2 64 63                
K 0 0 43                
A D 2 16                
H 63 B -45 -3 108 4 2 1 1 3                
J N 6 1472 7 2 3457 288 2 65 64                
K 0 0 43                
A D 2 16                
H 64 T 7 0 0 0 0 0 1 0                
J N 6 1517 14 2 4321 288 1 65                
K 0 0 43                
A D 2 16                
H 65 B -50 3 108 2 2 3                
J N 7 1575 21 4 5185 288 0                
K 0 0 43                
K 0 0 60                
K 0 21 60                
A D 4 16                
J B 17 1669 1 82 6913 576 0                
J N 6 1690 28 2 1 0 1 66                
K 0 0 43                
A D 2 16                
J N 6 1735 -21 5 865 288 1 66                
K 0 7 45                
K 0 0 43                
K 0 7 45                
K 1 7 45                
A D 2 16                
J N 6 1780 14 3 1729 288 2 67 66                
K -18 0 63                
K 0 0 43                
A D 2 16                
J N 6 1825 7 2 2593 288 2 66 67                
K 0 0 43                
A D 2 16                
H 66 B -42 0 108 4 2 1 1 3                
H 67 S 0 0 0 0 0 0 0 0 0                
J R 6 1870 28 2 3457 288 0                
K 0 0 49                
A D 2 16                
J N 6 1915 -21 6 4321 288 1 68                
K 0 7 45                
K 0 0 43                
K 0 7 45                
K 1 7 45                
K 0 104 108                
A D 2 16                
J N 6 1960 14 2 5185 288 2 69 68                
K 0 0 43                
A D 2 16                
J N 6 2005 7 2 6049 288 2 68 69                
K 0 0 43                
A D 2 16                
H 68 B -80 1 108 3 2 1 3                
H 69 S 0 0 0 0 0 0 0 0 0                
J B 18 2050 1 82 6913 288 0                
E *                
L 160 0 0 330 330 * 0 14 0                
J C 4 5 42 2 6913 0 0                
K 0 0 33                
K 0 0 34                
J K 2 57 0 2 6913 0 0                
K 0 0 63                
K 15 21 63                
J D 0 -11 -14 1 6913 0 0                
W 0 0 0 \01\03                
J N 7 130 14 4 1 0 0                
K 0 0 43                
K 0 0 60                
K 0 21 60                
A D 4 16                
J R 6 222 28 2 1729 576 0                
K 0 0 49                
A D 2 16                
J N 6 268 21 3 2593 288 0                
K 0 0 43                
K 0 0 54                
A D 2 16                
J N 6 314 14 2 3457 288 2 48 49                
K 0 0 43                
A D 2 16                
J N 6 360 21 2 4321 288 2 49 48                
K 0 0 43                
A D 2 16                
H 49 B -45 3 108 2 2 3                
H 48 S 0 0 0 0 0 0 0 0 0                
J R 6 406 28 2 5185 288 0                
K 0 0 49                
A D 2 16                
J N 6 452 35 3 6049 288 0                
K 0 0 43                
K 0 0 53                
A D 2 16                
J B 14 499 1 82 6913 288 0                
J N 6 520 28 2 1 0 2 50 51                
K 0 0 43                
A D 2 16                
J N 6 566 35 2 865 288 2 51 50                
K 0 0 43                
A D 2 16                
H 51 B 47 3 108 2 2 3                
H 50 S 12 0 0 0 0 0 0 0 0                
J R 6 612 28 2 1729 288 0                
K 0 0 49                
A D 2 16                
J N 6 658 49 3 2593 288 0                
K 0 0 43                
K 0 0 53                
A D 2 16                
J N 6 704 42 2 3457 288 2 52 53                
K 0 0 43                
A D 2 16                
J N 6 749 49 2 4321 288 2 53 52                
K 0 0 43                
A D 2 16                
H 52 S 12 0 0 0 0 0 0 0 0                
J N 6 794 56 2 5185 288 1 53                
K 0 0 43                
A D 2 16                
J N 6 839 28 2 6049 288 1 53                
K 0 0 43                
A D 2 16                
H 53 B 56 -1 108 4 2 1 1 3                
J B 15 884 1 82 6913 288 0                
J N 7 911 35 5 1 0 0                
K -18 0 63                
K 0 0 43                
K 0 0 59                
K 0 -21 59                
A D 4 16                
J R 7 1001 28 2 1729 576 0                
K 0 0 48                
A D 4 16                
J R 6 1091 28 2 3457 576 0                
K 0 0 49                
A D 2 16                
J N 6 1136 0 2 4321 288 1 54                
K 0 0 43                
A D 2 16                
J N 6 1181 28 2 5185 288 1 54                
K 0 0 43                
A D 2 16                
J N 6 1226 28 2 6049 288 1 54                
K 0 0 43                
A D 2 16                
H 54 B -66 3 108 3 2 1 3                
J B 16 1271 1 82 6913 288 0                
J N 7 1292 28 4 1 0 0                
K 0 0 43                
K 0 0 60                
K 0 21 60                
A D 4 16                
J R 6 1382 28 2 1729 576 0                
K 0 0 49                
A D 2 16                
J N 6 1427 -7 3 2593 288 0                
K 0 0 43                
K 0 0 54                
A D 2 16                
J N 6 1472 35 4 3457 288 0                
K -18 0 63                
K 0 0 43                
K 0 0 53                
A D 2 16                
J N 7 1517 28 4 4321 288 0                
K 0 0 43                
K 0 0 60                
K 0 21 60                
A D 4 16                
J N 6 1619 35 3 6049 576 0                
K 0 0 43                
K 0 0 53                
A D 2 16                
J B 17 1669 1 82 6913 288 0                
J N 7 1690 28 4 1 0 0                
K 0 0 43                
K 0 0 60                
K 0 21 60                
A D 4 16                
J R 6 1780 28 2 1729 576 0                
K 0 0 49                
A D 2 16                
J N 6 1825 -21 7 2593 288 0                
K 0 7 45                
K 0 0 43                
K 0 7 45                
K 1 7 45                
K 0 0 60                
K 0 0 54                
A D 2 16                
J N 6 1870 14 3 3457 288 1 55                
K -18 0 63                
K 0 0 43                
A D 2 16                
J N 6 1915 7 2 4321 288 1 55                
K 0 0 43                
A D 2 16                
H 55 B -47 -3 108 2 2 3                
J R 6 1960 28 2 5185 288 0                
K 0 0 49                
A D 2 16                
J N 6 2005 -21 7 6049 288 0                
K 0 7 45                
K 0 0 43                
K 0 7 45                
K 1 7 45                
K 0 0 60                
K 0 0 54                
A D 2 16                
J B 18 2050 1 82 6913 288 0                
E *                
L 320 0 0 330 330 * 0 14 0                
J C 22 5 14 36 6913 0 0                
J K 2 57 0 2 6913 0 0                
K 0 14 63                
K 15 35 63                
J D 0 -11 -14 1 6913 0 0                
W 0 0 0 \01\03                
J N 6 130 28 2 1 0 1 23                
K 0 0 43                
A D 1 8                
J N 6 176 -21 5 865 288 1 23                
K 0 7 45                
K 0 0 43                
K 0 7 45                
K 1 7 45                
A D 1 8                
J F 0 222 98 1 1729 288 0                
K 0 0 205                
J N 6 222 -7 2 1729 0 1 23                
K 0 0 43                
A D 1 8                
J F 0 268 98 1 2593 288 0                
K 0 0 205                
J N 6 268 0 3 2593 0 1 23                
K -18 0 63                
K 0 0 43                
A D 1 8                
H 23 B -48 -4 108 4 2 1 1 3                
J F 0 314 98 1 3457 288 0                
K 0 0 205                
J N 6 314 -7 2 3457 0 1 24                
K 0 0 43                
A D 1 8                
J F 0 360 98 1 4321 288 0                
K 0 0 205                
J N 6 360 0 3 4321 0 1 24                
K -14 0 64                
K 0 0 43                
A D 1 8                
J F 0 406 98 1 5185 288 0                
K 0 0 205                
J N 6 406 7 2 5185 0 1 24                
K 0 0 43                
A D 1 8                
J F 0 452 98 1 6049 288 0                
K 0 0 205                
J N 6 452 14 2 6049 0 1 24                
K 0 0 43                
A D 1 8                
H 24 B -53 3 108 4 2 1 1 3                
J B 14 499 1 82 6913 288 0                
J F 0 520 98 1 1 0 0                
K 0 0 205                
J N 6 520 7 2 1 0 1 25                
K 0 0 43                
A D 1 8                
J F 0 566 98 1 865 288 0                
K 0 0 205                
J N 6 566 14 2 865 0 1 25                
K 0 0 43                
A D 1 8                
J F 0 612 98 2 1729 288 0                
K 0 0 205                
K 15 0 218                
J N 6 612 21 2 1729 0 1 25                
K 0 0 43                
A D 1 8                
J F 0 658 98 1 2593 288 0                
K 0 0 205                
J N 6 658 28 2 2593 0 1 25                
K 0 0 43                
A D 1 8                
H 25 B -53 3 108 4 2 1 1 3                
J F 0 704 98 2 3457 288 0                
K 0 0 205                
K 15 0 218                
J N 6 704 21 2 3457 0 1 26                
K 0 0 43                
A D 1 8                
J F 0 749 98 1 4321 288 0                
K 0 0 205                
J N 6 749 28 2 4321 0 1 26                
K 0 0 43                
A D 1 8                
J F 0 794 98 1 5185 288 0                
K 0 0 216                
J N 6 794 35 2 5185 0 1 26                
K 0 0 43                
A D 1 8                
J N 6 839 42 2 6049 288 1 26                
K 0 0 43                
A D 1 8                
H 26 B 42 3 108 4 2 1 1 3                
J B 15 884 1 82 6913 288 0                
J F 0 911 98 1 1 0 0                
K 0 0 213                
J N 6 911 14 2 1 0 1 27                
K 0 0 43                
A D 1 8                
J F 0 956 98 1 865 288 0                
K 0 0 205                
J N 6 956 28 2 865 0 1 27                
K 0 0 43                
A D 1 8                
J F 0 1001 98 2 1729 288 0                
K 0 0 206                
K 0 21 204                
J N 6 1001 21 2 1729 0 1 27                
K 0 0 43                
A D 1 8                
J F 0 1046 98 2 2593 288 0                
K 0 0 205                
K 0 21 203                
J N 6 1046 14 2 2593 0 1 27                
K 0 0 43                
A D 1 8                
H 27 B -56 0 108 4 2 1 1 3                
J F 0 1091 98 2 3457 288 0                
K 0 0 204                
K 0 21 202                
J N 6 1091 7 2 3457 0 1 28                
K 0 0 43                
A D 1 8                
J F 0 1136 98 1 4321 288 0                
K 0 0 205                
J N 6 1136 28 2 4321 0 1 28                
K 0 0 43                
A D 1 8                
J F 0 1181 98 2 5185 288 0                
K 0 0 206                
K 0 21 204                
J N 6 1181 21 2 5185 0 1 28                
K 0 0 43                
A D 1 8                
J F 0 1226 98 2 6049 288 0                
K 0 0 205                
K 0 21 203                
J N 6 1226 14 2 6049 0 1 28                
K 0 0 43                
A D 1 8                
H 28 B -63 0 108 4 2 1 1 3                
J B 16 1271 1 82 6913 288 0                
J F 0 1292 98 2 1 0 0                
K 0 0 204                
K 0 21 202                
J N 6 1292 7 2 1 0 1 29                
K 0 0 43                
A D 1 8                
J F 0 1337 98 1 865 288 0                
K 0 0 205                
J N 6 1337 28 2 865 0 1 29                
K 0 0 43                
A D 1 8                
J F 0 1382 98 1 1729 288 0                
K 0 0 208                
J N 6 1382 21 2 1729 0 1 29                
K 0 0 43                
A D 1 8                
J F 0 1427 98 1 2593 288 0                
K 0 0 207                
J N 6 1427 21 2 2593 0 1 29                
K 0 0 43                
A D 1 8                
H 29 B -63 0 108 4 2 1 1 3                
J F 0 1472 98 2 3457 288 0                
K 0 0 206                
K 0 21 213                
J N 6 1472 14 2 3457 0 1 30                
K 0 0 43                
A D 1 8                
J N 6 1517 42 2 4321 288 1 30                
K 0 0 43                
A D 1 8                
J F 0 1575 98 1 5185 288 0                
K 0 0 203                
J N 6 1575 14 2 5185 0 1 30                
K 0 0 43                
A D 1 8                
J F 0 1619 98 1 6049 288 0                
K 0 0 213                
J N 6 1619 63 2 6049 0 1 30                
K 0 0 43                
A D 1 8                
H 30 B 42 3 108 4 2 1 1 3                
J B 17 1669 1 82 6913 288 0                
J F 0 1690 98 1 1 0 0                
K 0 0 213                
J N 7 1690 42 4 1 0 0                
K 0 0 43                
K 0 0 59                
K 0 -21 59                
A D 2 8                
J R 6 1780 28 2 1729 576 0                
K 0 0 49                
A D 1 8                
J N 6 1825 21 3 2593 288 0                
K 0 0 43                
K 0 0 54                
A D 1 8                
J F 0 1870 98 1 3457 288 0                
K 0 0 213                
J N 6 1870 -7 2 3457 0 1 31                
K 0 0 43                
A D 1 8                
J N 6 1915 21 2 4321 288 1 31                
K 0 0 43                
A D 1 8                
H 31 B -51 12 108 2 2 3                
J R 6 1960 28 2 5185 288 0                
K 0 0 49                
A D 1 8                
J N 6 2005 21 4 6049 288 0                
K 0 0 43                
K 0 71 108                
K 0 0 54                
A D 1 8                
J B 18 2050 1 82 6913 288 0                
E *                
L 530 0 0 330 330 * 0 14 0                
J C 4 5 42 2 6913 0 0                
K 0 0 33                
K 0 0 34                
J K 2 57 0 2 6913 0 0                
K 0 0 63                
K 15 21 63                
J D 0 -11 -14 1 6913 0 0                
W 0 0 0 \01\03                
J N 7 130 0 4 1 0 0                
K 0 0 43                
K 0 0 60                
K 0 21 60                
A D 4 16                
J R 6 222 28 2 1729 576 0                
K 0 0 49                
A D 2 16                
J N 6 268 0 3 2593 288 0                
K 0 0 43                
K 0 0 54                
A D 2 16                
J N 6 314 -7 2 3457 288 2 11 12                
K 0 0 43                
A D 2 16                
J N 6 360 0 2 4321 288 2 12 11                
K 0 0 43                
A D 2 16                
H 12 B -50 3 108 2 2 3                
H 11 S 0 0 0 0 0 0 0 0 0                
J R 6 406 28 2 5185 288 0                
K 0 0 49                
A D 2 16                
J N 6 452 14 3 6049 288 0                
K 0 0 43                
K 0 0 54                
A D 2 16                
J B 14 499 1 82 6913 288 0                
J N 6 520 7 2 1 0 2 13 14                
K 0 0 43                
A D 2 16                
J N 6 566 14 2 865 288 2 14 13                
K 0 0 43                
A D 2 16                
H 14 B -50 3 108 2 2 3                
H 13 S 0 0 0 0 0 0 0 0 0                
J R 6 612 28 2 1729 288 0                
K 0 0 49                
A D 2 16                
J N 6 658 28 3 2593 288 0                
K 0 0 43                
K 0 0 54                
A D 2 16                
J N 6 704 21 3 3457 288 2 15 16                
K -14 0 64                
K 0 0 43                
A D 2 16                
J N 6 749 28 2 4321 288 2 16 15                
K 0 0 43                
A D 2 16                
H 15 S 0 0 0 0 0 0 0 0 0                
J N 6 794 35 3 5185 288 1 16                
K -18 0 63                
K 0 0 43                
A D 2 16                
J N 6 839 14 2 6049 288 1 16                
K 0 0 43                
A D 2 16                
H 16 B -56 0 108 4 2 1 1 3                
J B 15 884 1 82 6913 288 0                
J N 7 911 21 5 1 0 0                
K -18 0 63                
K 0 0 43                
K 0 0 60                
K 0 21 60                
A D 4 16                
J R 7 1001 28 2 1729 576 0                
K 0 0 48                
A D 4 16                
J R 8 1091 28 2 3457 576 0                
K 0 0 47                
A D 8 16                
J B 16 1271 1 82 6913 1152 0                
J R 6 1292 28 2 1 0 0                
K 0 0 49                
A D 2 16                
J N 6 1337 0 2 865 288 1 17                
K 0 0 43                
A D 2 16                
J N 6 1382 -7 2 1729 288 1 17                
K 0 0 43                
A D 2 16                
J N 6 1427 7 2 2593 288 2 18 17                
K 0 0 43                
A D 2 16                
H 17 B -45 1 108 3 2 1 3                
J N 6 1472 7 2 3457 288 2 19 18                
K 0 0 43                
A D 2 16                
H 18 T 7 0 0 0 0 0 1 0                
J N 6 1517 14 2 4321 288 1 19                
K 0 0 43                
A D 2 16                
H 19 B -50 3 108 2 2 3                
J N 7 1575 21 4 5185 288 0                
K 0 0 43                
K 0 0 60                
K 0 21 60                
A D 4 16                
J B 17 1669 1 82 6913 576 0                
J N 7 1690 28 4 1 0 0                
K 0 0 43                
K 0 0 60                
K 0 21 60                
A D 4 16                
J R 7 1780 28 2 1729 576 0                
K 0 0 48                
A D 4 16                
J R 8 1870 28 2 3457 576 0                
K 0 0 47                
A D 8 16                
J B 18 2050 1 82 6913 1152 0                
E *                
L 690 0 0 330 330 * 0 14 0                
J C 4 5 42 2 6913 0 0                
K 0 0 33                
K 0 0 34                
J K 2 57 0 2 6913 0 0                
K 0 0 63                
K 15 21 63                
J D 0 -11 -14 1 6913 0 0                
W 0 0 0 \01\03                
J N 7 130 14 4 1 0 0                
K 0 0 43                
K 0 0 60                
K 0 21 60                
A D 4 16                
J R 6 222 28 2 1729 576 0                
K 0 0 49                
A D 2 16                
J N 6 268 21 3 2593 288 0                
K 0 0 43                
K 0 0 54                
A D 2 16                
J N 6 314 14 2 3457 288 2 10 11                
K 0 0 43                
A D 2 16                
J N 6 360 21 2 4321 288 2 11 10                
K 0 0 43                
A D 2 16                
H 11 B -45 3 108 2 2 3                
H 10 S 0 0 0 0 0 0 0 0 0                
J R 6 406 28 2 5185 288 0                
K 0 0 49                
A D 2 16                
J N 6 452 35 3 6049 288 0                
K 0 0 43                
K 0 0 53                
A D 2 16                
J B 14 499 1 82 6913 288 0                
J N 6 520 28 2 1 0 2 12 13                
K 0 0 43                
A D 2 16                
J N 6 566 35 2 865 288 2 13 12                
K 0 0 43                
A D 2 16                
H 13 B 47 3 108 2 2 3                
H 12 S 12 0 0 0 0 0 0 0 0                
J R 6 612 28 2 1729 288 0                
K 0 0 49                
A D 2 16                
J N 6 658 49 3 2593 288 0                
K 0 0 43                
K 0 0 53                
A D 2 16                
J N 6 704 42 2 3457 288 2 14 15                
K 0 0 43                
A D 2 16                
J N 6 749 49 2 4321 288 2 15 14                
K 0 0 43                
A D 2 16                
H 14 S 12 0 0 0 0 0 0 0 0                
J N 6 794 56 2 5185 288 1 15                
K 0 0 43                
A D 2 16                
J N 6 839 28 2 6049 288 1 15                
K 0 0 43                
A D 2 16                
H 15 B 56 -1 108 4 2 1 1 3                
J B 15 884 1 82 6913 288 0                
J N 7 911 35 5 1 0 0                
K -18 0 63                
K 0 0 43                
K 0 0 59                
K 0 -21 59                
A D 4 16                
J R 7 1001 28 2 1729 576 0                
K 0 0 48                
A D 4 16                
J R 8 1091 28 2 3457 576 0                
K 0 0 47                
A D 8 16                
J B 16 1271 1 82 6913 1152 0                
J R 7 1292 28 2 1 0 0                
K 0 0 48                
A D 4 16                
J R 6 1382 28 2 1729 576 0                
K 0 0 49                
A D 2 16                
J N 6 1427 -7 3 2593 288 0                
K 0 0 43                
K 0 0 54                
A D 2 16                
J N 6 1472 35 4 3457 288 0                
K -18 0 63                
K 0 0 43                
K 0 0 53                
A D 2 16                
J N 7 1517 28 4 4321 288 0                
K 0 0 43                
K 0 0 60                
K 0 21 60                
A D 4 16                
J N 6 1619 35 3 6049 576 0                
K 0 0 43                
K 0 0 53                
A D 2 16                
J B 17 1669 1 82 6913 288 0                
J N 7 1690 28 4 1 0 0                
K 0 0 43                
K 0 0 60                
K 0 21 60                
A D 4 16                
J R 7 1780 28 2 1729 576 0                
K 0 0 48                
A D 4 16                
J R 8 1870 28 2 3457 576 0                
K 0 0 47                
A D 8 16                
J B 18 2050 1 82 6913 1152 0                
E *                
L 850 0 0 330 330 * 0 14 0                
J C 13 5 28 35 6913 0 0                
J K 2 57 0 2 6913 0 0                
K 0 7 63                
K 15 28 63                
J D 0 -11 -14 1 6913 0 0                
W 0 0 0 \01\03                
J N 7 130 -7 4 1 0 0                
K 0 0 43                
K 0 0 60                
K 0 21 60                
A D 4 16                
J R 6 222 28 2 1729 576 0                
K 0 0 49                
A D 2 16                
J N 6 268 7 3 2593 288 0                
K 0 0 43                
K 0 0 54                
A D 2 16                
J N 6 314 -14 5 3457 288 1 14                
K 0 0 45                
K 0 0 43                
K -1 0 45                
K 2 0 45                
A D 2 16                
J N 6 360 7 2 4321 288 1 14                
K 0 0 43                
A D 2 16                
H 14 B -60 9 108 2 2 3                
J R 6 406 28 2 5185 288 0                
K 0 0 49                
A D 2 16                
J N 6 452 21 3 6049 288 0                
K 0 0 43                
K 0 0 54                
A D 2 16                
J B 14 499 1 82 6913 288 0                
J N 6 520 0 2 1 0 1 15                
K 0 0 43                
A D 2 16                
J N 6 566 21 2 865 288 1 15                
K 0 0 43                
A D 2 16                
H 15 B -60 9 108 2 2 3                
J R 6 612 28 2 1729 288 0                
K 0 0 49                
A D 2 16                
J N 6 658 35 3 2593 288 0                
K 0 0 43                
K 0 0 53                
A D 2 16                
J N 6 704 14 2 3457 288 1 16                
K 0 0 43                
A D 2 16                
J N 6 749 35 2 4321 288 1 16                
K 0 0 43                
A D 2 16                
J N 6 794 28 2 5185 288 1 16                
K 0 0 43                
A D 2 16                
J N 6 839 7 2 6049 288 1 16                
K 0 0 43                
A D 2 16                
H 16 B -65 -1 108 4 2 1 1 3                
J B 15 884 1 82 6913 288 0                
J N 7 911 7 4 1 0 0                
K 0 0 43                
K 0 0 60                
K 0 21 60                
A D 4 16                
J R 7 1001 28 2 1729 576 0                
K 0 0 48                
A D 4 16                
J R 8 1091 28 2 3457 576 0                
K 0 0 47                
A D 8 16                
J B 16 1271 1 82 6913 1152 0                
J R 7 1292 28 2 1 0 0                
K 0 0 48                
A D 4 16                
J R 6 1382 28 2 1729 576 0                
K 0 0 49                
A D 2 16                
J N 6 1427 14 3 2593 288 0                
K 0 0 43                
K 0 0 54                
A D 2 16                
J N 6 1472 28 2 3457 288 1 17                
K 0 0 43                
A D 2 16                
J N 5 1517 21 2 4321 288 1 17                
K 0 0 43                
A D 1 16                
J N 5 1546 14 2 4753 144 1 17                
K 0 0 43                
A D 1 16                
H 17 B -45 -3 108 3 2 21 33                
J N 6 1575 7 3 5185 144 1 18                
K 0 0 43                
K 25 0 44                
A D 3 16                
J N 5 1636 7 2 6481 432 1 18                
K 0 0 43                
A D 1 16                
H 18 B -50 0 108 2 2 53                
J B 17 1669 1 82 6913 144 0                
J N 7 1690 7 4 1 0 0                
K 0 0 43                
K 0 0 60                
K 0 21 60                
A D 4 16                
J R 7 1780 28 2 1729 576 0                
K 0 0 48                
A D 4 16                
J R 8 1870 28 2 3457 576 0                
K 0 0 47                
A D 8 16                
J B 18 2050 1 82 6913 1152 0                
E *                
L 1010 0 0 330 330 * 0 14 0                
J C 22 5 14 36 6913 0 0                
J K 2 57 0 2 6913 0 0                
K 0 14 63                
K 15 35 63                
J D 0 -11 -14 1 6913 0 0                
W 0 0 0 \01\03                
J N 7 130 28 4 1 0 0                
K 0 0 43                
K 0 0 60                
K 0 21 60                
A D 2 8                
J R 6 222 28 2 1729 576 0                
K 0 0 49                
A D 1 8                
J F 0 268 98 1 2593 288 0                
K 0 0 205                
J N 6 268 0 4 2593 0 0                
K -18 0 63                
K 0 0 43                
K 0 0 54                
A D 1 8                
J F 0 314 98 1 3457 288 0                
K 0 0 205                
J N 6 314 -7 2 3457 0 1 12                
K 0 0 43                
A D 1 8                
J F 0 360 98 1 4321 288 0                
K 0 0 205                
J N 6 360 0 3 4321 0 1 12                
K -14 0 64                
K 0 0 43                
A D 1 8                
H 12 B -50 3 108 2 2 3                
J R 6 406 28 2 5185 288 0                
K 0 0 49                
A D 1 8                
J F 0 452 98 1 6049 288 0                
K 0 0 205                
J N 6 452 14 3 6049 0 0                
K 0 0 43                
K 0 0 54                
A D 1 8                
J B 14 499 1 82 6913 288 0                
J F 0 520 98 1 1 0 0                
K 0 0 205                
J N 6 520 7 2 1 0 1 13                
K 0 0 43                
A D 1 8                
J F 0 566 98 1 865 288 0                
K 0 0 205                
J N 6 566 14 2 865 0 1 13                
K 0 0 43                
A D 1 8                
H 13 B -50 3 108 2 2 3                
J R 6 612 28 2 1729 288 0                
K 0 0 49                
A D 1 8                
J F 0 658 98 1 2593 288 0                
K 0 0 205                
J N 6 658 28 3 2593 0 0                
K 0 0 43                
K 0 0 54                
A D 1 8                
J F 0 704 98 2 3457 288 0                
K 0 0 205                
K 15 0 218                
J N 6 704 21 2 3457 0 1 14                
K 0 0 43                
A D 1 8                
J F 0 749 98 1 4321 288 0                
K 0 0 205                
J N 6 749 28 2 4321 0 1 14                
K 0 0 43                
A D 1 8                
J F 0 794 98 1 5185 288 0                
K 0 0 216                
J N 6 794 35 2 5185 0 1 14                
K 0 0 43                
A D 1 8                
J N 6 839 42 2 6049 288 1 14                
K 0 0 43                
A D 1 8                
H 14 B 42 3 108 4 2 1 1 3                
J B 15 884 1 82 6913 288 0                
J F 0 911 98 1 1 0 0                
K 0 0 213                
J N 7 911 14 4 1 0 0                
K 0 0 43                
K 0 0 60                
K 0 21 60                
A D 2 8                
J R 7 1001 28 2 1729 576 0                
K 0 0 48                
A D 2 8                
J R 8 1091 28 2 3457 576 0                
K 0 0 47                
A D 4 8                
J B 16 1271 1 82 6913 1152 0                
J R 6 1292 28 2 1 0 0                
K 0 0 49                
A D 1 8                
J F 0 1337 98 1 865 288 0                
K 0 0 205                
J N 6 1337 28 2 865 0 1 15                
K 0 0 43                
A D 1 8                
J F 0 1382 98 1 1729 288 0                
K 0 0 208                
J N 6 1382 21 2 1729 0 1 15                
K 0 0 43                
A D 1 8                
J F 0 1427 98 1 2593 288 0                
K 0 0 207                
J N 6 1427 21 2 2593 0 1 15                
K 0 0 43                
A D 1 8                
H 15 B -46 -1 108 3 2 1 3                
J F 0 1472 98 2 3457 288 0                
K 0 0 206                
K 0 21 213                
J N 6 1472 14 2 3457 0 1 16                
K 0 0 43                
A D 1 8                
J N 6 1517 42 2 4321 288 1 16                
K 0 0 43                
A D 1 8                
J F 0 1575 98 1 5185 288 0                
K 0 0 203                
J N 6 1575 14 2 5185 0 1 16                
K 0 0 43                
A D 1 8                
J F 0 1619 98 1 6049 288 0                
K 0 0 213                
J N 6 1619 63 2 6049 0 1 16                
K 0 0 43                
A D 1 8                
H 16 B 42 3 108 4 2 1 1 3                
J B 17 1669 1 82 6913 288 0                
J F 0 1690 98 1 1 0 0                
K 0 0 213                
J N 7 1690 42 4 1 0 0                
K 0 0 43                
K 0 0 59                
K 0 -21 59                
A D 2 8                
J R 7 1780 28 2 1729 576 0                
K 0 0 48                
A D 2 8                
J R 8 1870 28 2 3457 576 0                
K 0 0 47                
A D 4 8                
J B 18 2050 1 82 6913 1152 0                
E *                
B 1 499 0                
B 1 884 0                
B 1 1271 0                
B 1 1669 0                
B 1 2050 0                
