@ SOURCE: not identified 
L 0 0 14 !39Violoncello concertino
J D 4 500 -120 1 6913 0 0
W 0 0 44 III.
J D 1 75 -37 1 6913 0 0
W 0 -56 44 III.:  Violoncello concertino
J C 22 5 14 36 6913 0 0
J K -1 57 0 1 6913 0 0
K 0 42 65
J D 5 86 -42 1 6913 0 0
W 0 0 37 Adagio
J T 304 95 0 2 6913 0 0
K -10 28 74
K -10 56 75
J R 7 137 28 2 1 0 0
K 0 0 48
A D 1 4
J R 7 166 28 2 2305 576 0
K 0 0 48
A D 1 4
J N 7 195 7 4 4609 576 0
K 0 0 43
K 0 0 60
K 0 21 60
A D 1 4
J B 2 228 1 82 6913 576 0
J F 0 251 98 3 1 0 0
K 0 0 206
K 15 0 219
K 0 21 204
J N 8 251 14 6 1 0 0
K -18 0 63
K 0 0 42
K 24 -6 44
K 0 0 60
K 0 21 60
A D 3 4
J B 3 301 1 82 6913 1728 0
J R 7 322 28 2 1 0 0
K 0 0 48
A D 1 4
J R 7 351 28 2 2305 576 0
K 0 0 48
A D 1 4
J N 7 380 7 4 4609 576 0
K 0 0 43
K 0 0 60
K 0 21 60
A D 1 4
J B 4 413 1 82 6913 576 0
J F 0 434 98 3 1 0 0
K 0 0 203
K 15 0 218
K 0 21 201
J N 8 434 14 6 1 0 0
K -14 0 64
K 0 0 42
K 24 -6 44
K 0 0 60
K 0 21 60
A D 3 4
J B 5 484 1 82 6913 1728 0
J R 7 505 28 2 1 0 0
K 0 0 48
A D 1 4
J R 7 534 28 2 2305 576 0
K 0 0 48
A D 1 4
J F 0 567 98 1 4609 576 0
K 0 0 205
J N 7 567 21 5 4609 0 0
K -15 0 65
K 0 0 43
K 0 0 60
K 0 21 60
A D 1 4
J B 6 600 1 82 6913 576 0
J F 0 621 98 1 1 0 0
K 0 0 205
J N 8 621 42 6 1 0 0
K -14 0 64
K 0 0 42
K 24 -6 44
K 0 0 59
K 0 -21 59
A D 3 4
J B 7 671 1 82 6913 1728 0
J R 7 692 28 2 1 0 0
K 0 0 48
A D 1 4
J R 7 721 28 2 2305 576 0
K 0 0 48
A D 1 4
J F 0 750 98 1 4609 576 0
K 0 0 219
J N 7 750 -14 7 4609 0 0
K 0 0 45
K 0 0 43
K -1 0 45
K 2 0 45
K 0 0 60
K 0 21 60
A D 1 4
J B 8 783 1 82 6913 576 0
J F 0 806 98 2 1 0 0
K 0 0 205
K 0 21 204
J N 8 806 14 5 1 0 0
K -18 0 63
K 0 0 42
K 0 0 60
K 0 21 60
A D 2 4
J N 8 844 7 4 2305 1152 0
K 0 0 42
K 0 0 60
K 0 21 60
A D 2 4
J F 0 882 98 1 4609 1152 0
K 0 0 205
J N 8 882 21 5 4609 0 0
K -15 0 65
K 0 0 42
K 0 0 60
K 0 21 60
A D 2 4
J B 10 924 1 82 6913 1152 0
J F 0 945 98 1 1 0 0
K 0 0 213
J N 8 945 28 5 1 0 0
K 0 0 42
K 24 -6 44
K 0 0 60
K 0 21 60
A D 3 4
J B 0 1003 5 2 6913 1728 0
K -8 0 82
K 0 0 82
J M 0 1003 0 0 10000 0 0
