@ SOURCE: not identified 
L 0 0 14 !39Violino 1 concerto grosso
J D 4 500 -120 1 6913 0 0
W 0 0 44 III.
J D 1 75 -37 1 6913 0 0
W 0 -56 44 III.:  Violino 1 concerto grosso
J C 4 5 42 2 6913 0 0
K 0 0 33
K 0 0 34
J K -1 57 0 1 6913 0 0
K 0 28 65
J D 5 86 -42 1 6913 0 0
W 0 0 37 Adagio
J T 304 95 0 2 6913 0 0
K -10 28 74
K -10 56 75
J R 7 137 28 2 1 0 0
K 0 0 48
A D 1 4
J R 7 166 28 2 2305 576 0
K 0 0 48
A D 1 4
J N 7 195 14 4 4609 576 0
K 0 0 43
K 0 0 60
K 0 21 60
A D 1 4
J B 2 228 1 82 6913 576 0
J N 8 252 7 6 1 0 0
K -15 0 65
K 0 0 42
K 25 0 44
K 0 0 60
K 0 21 60
A D 3 4
J B 3 302 1 82 6913 1728 0
J R 7 323 28 2 1 0 0
K 0 0 48
A D 1 4
J R 7 352 28 2 2305 576 0
K 0 0 48
A D 1 4
J N 7 381 14 4 4609 576 0
K 0 0 43
K 0 0 60
K 0 21 60
A D 1 4
J B 4 414 1 82 6913 576 0
J N 8 437 28 6 1 0 0
K -14 0 64
K 0 0 42
K 24 -6 44
K 0 0 60
K 0 21 60
A D 3 4
J B 5 487 1 82 6913 1728 0
J R 7 508 28 2 1 0 0
K 0 0 48
A D 1 4
J R 7 537 28 2 2305 576 0
K 0 0 48
A D 1 4
J N 7 566 21 4 4609 576 0
K 0 0 43
K 0 0 60
K 0 21 60
A D 1 4
J B 6 599 1 82 6913 576 0
J N 8 620 14 5 1 0 0
K 0 0 42
K 24 -6 44
K 0 0 60
K 0 21 60
A D 3 4
J B 7 670 1 82 6913 1728 0
J R 7 691 28 2 1 0 0
K 0 0 48
A D 1 4
J R 7 720 28 2 2305 576 0
K 0 0 48
A D 1 4
J N 7 757 7 5 4609 576 0
K -15 0 65
K 0 0 43
K 0 0 60
K 0 21 60
A D 1 4
J B 8 790 1 82 6913 576 0
J N 8 811 14 4 1 0 0
K 0 0 42
K 0 0 60
K 0 21 60
A D 2 4
J N 8 849 28 4 2305 1152 0
K 0 0 42
K 0 0 60
K 0 21 60
A D 2 4
J N 8 887 21 4 4609 1152 0
K 0 0 42
K 0 0 60
K 0 21 60
A D 2 4
J B 10 929 1 82 6913 1152 0
J N 8 950 14 5 1 0 0
K 0 0 42
K 24 -6 44
K 0 0 60
K 0 21 60
A D 3 4
J B 0 1008 5 2 6913 1728 0
K -8 0 82
K 0 0 82
J M 0 1008 0 0 10000 0 0
