@ SOURCE: not identified 
L 0 0 14 !39Violino 2 concerto grosso
J D 4 500 -120 1 6913 0 0
W 0 0 44 III.
J D 1 75 -37 1 6913 0 0
W 0 -56 44 III.:  Violino 2 concerto grosso
J C 4 5 42 2 6913 0 0
K 0 0 33
K 0 0 34
J K -1 57 0 1 6913 0 0
K 0 28 65
J D 5 86 -42 1 6913 0 0
W 0 0 37 Adagio
J T 304 95 0 2 6913 0 0
K -10 28 74
K -10 56 75
J R 7 137 28 2 1 0 0
K 0 0 48
A D 1 4
J R 7 166 28 2 2305 576 0
K 0 0 48
A D 1 4
J N 7 195 28 4 4609 576 0
K 0 0 43
K 0 0 60
K 0 21 60
A D 1 4
J B 2 228 1 82 6913 576 0
J N 8 249 21 5 1 0 0
K 0 0 42
K 25 0 44
K 0 0 60
K 0 21 60
A D 3 4
J B 3 299 1 82 6913 1728 0
J R 7 320 28 2 1 0 0
K 0 0 48
A D 1 4
J R 7 349 28 2 2305 576 0
K 0 0 48
A D 1 4
J N 7 378 28 4 4609 576 0
K 0 0 43
K 0 0 60
K 0 21 60
A D 1 4
J B 4 411 1 82 6913 576 0
J N 8 432 14 5 1 0 0
K 0 0 42
K 24 -6 44
K 0 0 60
K 0 21 60
A D 3 4
J B 5 482 1 82 6913 1728 0
J R 7 503 28 2 1 0 0
K 0 0 48
A D 1 4
J R 7 532 28 2 2305 576 0
K 0 0 48
A D 1 4
J N 7 561 42 4 4609 576 0
K 0 0 43
K 0 0 59
K 0 -21 59
A D 1 4
J B 6 594 1 82 6913 576 0
J N 8 615 42 5 1 0 0
K 0 0 42
K 24 -6 44
K 0 0 59
K 0 -21 59
A D 3 4
J B 7 665 1 82 6913 1728 0
J R 7 686 28 2 1 0 0
K 0 0 48
A D 1 4
J R 7 715 28 2 2305 576 0
K 0 0 48
A D 1 4
J N 7 744 42 4 4609 576 0
K 0 0 43
K 0 0 59
K 0 -21 59
A D 1 4
J B 8 777 1 82 6913 576 0
J N 8 798 35 4 1 0 0
K 0 0 42
K 0 0 59
K 0 -21 59
A D 2 4
J N 8 836 63 4 2305 1152 0
K 0 0 42
K 0 0 59
K 0 -21 59
A D 2 4
J N 8 874 42 4 4609 1152 0
K 0 0 42
K 0 0 59
K 0 -21 59
A D 2 4
J B 10 916 1 82 6913 1152 0
J N 8 943 49 6 1 0 0
K -18 0 63
K 0 0 42
K 25 0 44
K 0 0 59
K 0 -21 59
A D 3 4
J B 0 1001 5 2 6913 1728 0
K -8 0 82
K 0 0 82
J M 0 1001 0 0 10000 0 0
