@ SOURCE: not identified 
L 0 0 14 !39Viola
J D 4 500 -120 1 6913 0 0
W 0 0 44 III.
J D 1 75 -37 1 6913 0 0
W 0 -56 44 III.:  Viola
J C 13 5 28 35 6913 0 0
J K -1 57 0 1 6913 0 0
K 0 35 65
J D 5 86 -42 1 6913 0 0
W 0 0 37 Adagio
J T 304 95 0 2 6913 0 0
K -10 28 74
K -10 56 75
J R 7 137 28 2 1 0 0
K 0 0 48
A D 1 4
J R 7 166 28 2 2305 576 0
K 0 0 48
A D 1 4
J N 7 195 -7 4 4609 576 0
K 0 0 43
K 0 0 60
K 0 21 60
A D 1 4
J B 2 228 1 82 6913 576 0
J N 8 249 -7 5 1 0 0
K 0 0 42
K 25 0 44
K 0 0 60
K 0 21 60
A D 3 4
J B 3 299 1 82 6913 1728 0
J R 7 320 28 2 1 0 0
K 0 0 48
A D 1 4
J R 7 349 28 2 2305 576 0
K 0 0 48
A D 1 4
J N 7 378 0 4 4609 576 0
K 0 0 43
K 0 0 60
K 0 21 60
A D 1 4
J B 4 411 1 82 6913 576 0
J N 8 432 0 5 1 0 0
K 0 0 42
K 24 -6 44
K 0 0 60
K 0 21 60
A D 3 4
J B 5 482 1 82 6913 1728 0
J R 7 503 28 2 1 0 0
K 0 0 48
A D 1 4
J R 7 532 28 2 2305 576 0
K 0 0 48
A D 1 4
J N 7 561 0 4 4609 576 0
K 0 0 43
K 0 0 60
K 0 21 60
A D 1 4
J B 6 594 1 82 6913 576 0
J N 8 615 0 5 1 0 0
K 0 0 42
K 24 -6 44
K 0 0 60
K 0 21 60
A D 3 4
J B 7 665 1 82 6913 1728 0
J R 7 686 28 2 1 0 0
K 0 0 48
A D 1 4
J R 7 715 28 2 2305 576 0
K 0 0 48
A D 1 4
J N 7 744 -21 7 4609 576 0
K 0 7 45
K 0 0 43
K 0 7 45
K 1 7 45
K 0 0 60
K 0 21 60
A D 1 4
J B 8 777 1 82 6913 576 0
J N 8 798 -21 7 1 0 0
K 0 7 45
K 0 0 42
K 0 7 45
K 1 7 45
K 0 0 60
K 0 21 60
A D 2 4
J N 8 836 -14 7 2305 1152 0
K 0 0 45
K 0 0 42
K -1 0 45
K 2 0 45
K 0 0 60
K 0 21 60
A D 2 4
J N 8 874 14 5 4609 1152 0
K -15 0 65
K 0 0 42
K 0 0 60
K 0 21 60
A D 2 4
J B 10 916 1 82 6913 1152 0
J N 8 939 42 6 1 0 0
K -14 0 64
K 0 0 42
K 24 -6 44
K 0 0 59
K 0 -21 59
A D 3 4
J B 0 997 5 2 6913 1728 0
K -8 0 82
K 0 0 82
J M 0 997 0 0 10000 0 0
