S 0 200 140 2050 1066 7 "[...][....]"    
L 0 0 0 313 313 * 0 14 0    
J C 4 5 42 2 6913 0 0    
K 0 0 33    
K 0 0 34    
J K -1 57 0 1 6913 0 0    
K 0 28 65    
J D 0 -11 -14 1 6913 0 0    
W 0 0 37 \02\04    
J N 7 113 35 4 1 0 0    
K 0 0 43    
K 0 0 59    
K 0 -21 59    
A D 4 16    
J N 8 179 -14 7 1729 576 0    
K 0 0 45    
K 0 0 42    
K -1 0 45    
K 2 0 45    
K 0 0 60    
K 0 21 60    
A D 8 16    
J N 6 311 -7 2 5185 1152 1 17    
K 0 0 43    
A D 2 16    
J N 6 344 0 2 6049 288 1 17    
K 0 0 43    
A D 2 16    
H 17 B -50 4 108 2 2 3    
J B 25 379 1 82 6913 288 0    
J N 6 400 7 2 1 0 1 18    
K 0 0 43    
A D 2 16    
J N 6 433 21 2 865 288 1 18    
K 0 0 43    
A D 2 16    
H 18 B -52 4 108 2 2 3    
J N 8 466 0 4 1729 288 0    
K 0 0 42    
K 0 0 60    
K 0 21 60    
A D 8 16    
J N 7 597 7 4 5185 1152 0    
K 0 0 43    
K 0 0 60    
K 0 21 60    
A D 4 16    
J B 26 663 1 82 6913 576 0    
J N 7 684 0 4 1 0 0    
K 0 0 43    
K 0 0 60    
K 0 21 60    
A D 4 16    
J N 7 724 14 4 1729 576 0    
K 0 0 43    
K 0 0 60    
K 0 21 60    
A D 4 16    
J N 7 788 56 4 3457 576 0    
K 0 0 43    
K 0 0 59    
K 0 -21 59    
A D 4 16    
J R 6 828 28 2 5185 576 0    
K 0 0 49    
A D 2 16    
J N 6 860 21 3 6049 288 0    
K 0 0 43    
K 0 0 54    
A D 2 16    
J B 27 902 1 82 6913 288 0    
J N 6 923 14 2 1 0 2 19 20    
K 0 0 43    
A D 2 16    
J N 6 955 21 2 865 288 2 20 19    
K 0 0 43    
A D 2 16    
H 19 S 0 0 0 0 0 0 0 0 0    
J N 6 987 28 2 1729 288 2 21 20    
K 0 0 43    
A D 2 16    
J N 6 1019 35 2 2593 288 2 20 21    
K 0 0 43    
A D 2 16    
H 20 B -51 4 108 4 2 1 1 3    
H 21 S 0 0 0 0 0 0 0 0 0    
J N 8 1051 42 4 3457 288 0    
K 0 0 42    
K 0 0 59    
K 0 -21 59    
A D 8 16    
J B 28 1134 1 82 6913 1152 0    
J N 8 1155 49 4 1 0 0    
K 0 0 42    
K 0 0 59    
K 0 -21 59    
A D 8 16    
J D 0 1209 0 1 3457 1152 0    
W 0 -21 33 !31|Soli    
J N 8 1209 0 4 3457 0 0    
K 0 0 42    
K 0 0 60    
K 0 21 60    
A D 8 16    
J B 29 1292 1 82 6913 1152 0    
J N 7 1313 -7 6 1 0 1 22    
K 0 0 43    
K 25 0 44    
K 0 -22 236    
K 0 0 60    
K 0 21 60    
A D 6 16    
J N 5 1377 0 2 2593 864 1 23    
K 0 0 43    
A D 1 16    
J N 5 1405 -7 2 3025 144 2 23 22    
K 0 0 43    
A D 1 16    
H 23 B -46 -4 108 2 22 33    
H 22 S 0 0 0 0 0 0 0 0 0    
J N 6 1433 -14 5 3457 144 1 24    
K 0 0 45    
K 0 0 43    
K -1 0 45    
K 2 0 45    
A D 2 16    
J N 6 1465 -7 2 4321 288 1 24    
K 0 0 43    
A D 2 16    
J N 6 1497 -14 5 5185 288 1 24    
K 0 0 45    
K 0 0 43    
K -1 0 45    
K 2 0 45    
A D 2 16    
J N 6 1529 0 2 6049 288 1 24    
K 0 0 43    
A D 2 16    
H 24 B -57 1 108 4 2 1 1 3    
J B 30 1563 1 82 6913 288 0    
J N 6 1584 -21 5 1 0 2 25 26    
K 0 7 45    
K 0 0 43    
K 0 7 45    
K 1 7 45    
A D 2 16    
J N 6 1616 -14 5 865 288 2 26 25    
K 0 0 45    
K 0 0 43    
K -1 0 45    
K 2 0 45    
A D 2 16    
H 25 S 0 0 0 0 0 0 0 0 0    
J N 6 1648 -21 5 1729 288 2 27 26    
K 0 7 45    
K 0 0 43    
K 0 7 45    
K 1 7 45    
A D 2 16    
J N 6 1680 -7 2 2593 288 2 26 27    
K 0 0 43    
A D 2 16    
H 26 B -52 1 108 4 2 1 1 3    
H 27 S 0 0 0 0 0 0 0 0 0    
J N 8 1712 -14 7 3457 288 0    
K 0 0 45    
K 0 0 42    
K -1 0 45    
K 2 0 45    
K 0 0 60    
K 0 21 60    
A D 8 16    
J B 31 1819 1 82 6913 1152 0    
J N 8 1840 -7 4 1 0 0    
K 0 0 42    
K 0 0 60    
K 0 21 60    
A D 8 16    
J D 0 1920 0 1 3457 1152 0    
W 0 -35 33 !31|Tutti    
J N 6 1920 -14 5 3457 0 1 28    
K 0 0 45    
K 0 0 43    
K -1 0 45    
K 2 0 45    
A D 2 16    
J N 6 1952 -7 2 4321 288 1 28    
K 0 0 43    
A D 2 16    
J N 6 1984 0 2 5185 288 1 28    
K 0 0 43    
A D 2 16    
J N 6 2016 7 2 6049 288 1 28    
K 0 0 43    
A D 2 16    
H 28 B -61 4 108 4 2 1 1 3    
J B 32 2050 1 82 6913 288 0    
E *    
L 160 0 0 313 313 * 0 14 0    
J C 4 5 42 2 6913 0 0    
K 0 0 33    
K 0 0 34    
J K -1 57 0 1 6913 0 0    
K 0 28 65    
J D 0 -11 -14 1 6913 0 0    
W 0 0 0 \02\04    
J N 7 113 -7 4 1 0 1 23    
K 0 0 43    
K 0 0 60    
K 0 21 60    
A D 2 8    
J M 0 61 0 0 6913 0 1 23    
H 23 T -7 0 0 0 0 0 1 0    
J N 6 179 0 2 1729 576 1 24    
K 0 0 43    
A D 1 8    
J N 6 212 7 2 2593 288 1 24    
K 0 0 43    
A D 1 8    
H 24 B -45 4 108 2 2 3    
J N 7 245 14 4 3457 288 0    
K 0 0 43    
K 0 0 60    
K 0 21 60    
A D 2 8    
J N 7 311 -21 7 5185 576 1 25    
K 0 7 45    
K 0 0 43    
K 0 7 45    
K 1 7 45    
K 0 0 60    
K 0 21 60    
A D 2 8    
J B 25 379 1 82 6913 576 0    
J N 7 400 -21 7 1 0 1 25    
K 0 7 45    
K 0 0 43    
K 0 7 45    
K 1 7 45    
K 0 0 60    
K 0 21 60    
A D 2 8    
H 25 T -21 0 0 0 0 0 1 0    
J N 7 466 -14 7 1729 576 0    
K 0 0 45    
K 0 0 43    
K -1 0 45    
K 2 0 45    
K 0 0 60    
K 0 21 60    
A D 2 8    
J N 8 532 -7 4 3457 576 0    
K 0 0 42    
K 0 0 60    
K 0 21 60    
A D 4 8    
J B 26 663 1 82 6913 1152 0    
J N 7 684 0 4 1 0 0    
K 0 0 43    
K 0 0 60    
K 0 21 60    
A D 2 8    
J N 7 724 49 4 1729 576 0    
K 0 0 43    
K 0 0 59    
K 0 -21 59    
A D 2 8    
J N 7 788 42 4 3457 576 0    
K 0 0 43    
K 0 0 59    
K 0 -21 59    
A D 2 8    
J R 6 828 28 2 5185 576 0    
K 0 0 49    
A D 1 8    
J N 6 860 35 3 6049 288 0    
K 0 0 43    
K 0 0 53    
A D 1 8    
J B 27 902 1 82 6913 288 0    
J N 6 923 63 2 1 0 1 26    
K 0 0 43    
A D 1 8    
J N 6 955 56 2 865 288 1 26    
K 0 0 43    
A D 1 8    
H 26 B 50 -4 108 2 2 3    
J N 8 987 49 4 1729 288 0    
K 0 0 42    
K 0 0 59    
K 0 -21 59    
A D 4 8    
J N 7 1091 56 4 5185 1152 0    
K 0 0 43    
K 0 0 59    
K 0 -21 59    
A D 2 8    
J B 28 1134 1 82 6913 576 0    
J N 8 1155 49 4 1 0 0    
K 0 0 42    
K 0 0 59    
K 0 -21 59    
A D 4 8    
J R 7 1209 28 2 3457 1152 0    
K 0 0 48    
A D 2 8    
J N 7 1249 0 4 5185 576 1 27    
K 0 0 43    
K 0 0 60    
K 0 21 60    
A D 2 8    
J B 29 1292 1 82 6913 576 0    
J N 7 1313 0 4 1 0 1 27    
K 0 0 43    
K 0 0 60    
K 0 21 60    
A D 2 8    
H 27 T 0 0 0 0 0 0 5 0    
J N 7 1353 7 4 1729 576 0    
K 0 0 43    
K 0 0 60    
K 0 21 60    
A D 2 8    
J N 6 1433 0 2 3457 576 1 28    
K 0 0 43    
A D 1 8    
J N 6 1465 7 2 4321 288 1 28    
K 0 0 43    
A D 1 8    
J N 6 1497 0 2 5185 288 1 28    
K 0 0 43    
A D 1 8    
J N 6 1529 14 2 6049 288 1 28    
K 0 0 43    
A D 1 8    
H 28 B -57 1 108 4 2 1 1 3    
J B 30 1563 1 82 6913 288 0    
J N 6 1584 -7 2 1 0 2 29 30    
K 0 0 43    
A D 1 8    
J N 6 1616 0 2 865 288 2 30 29    
K 0 0 43    
A D 1 8    
H 29 S 0 0 0 0 0 0 0 0 0    
J N 6 1648 -7 2 1729 288 2 31 30    
K 0 0 43    
A D 1 8    
J N 6 1680 7 2 2593 288 2 30 31    
K 0 0 43    
A D 1 8    
H 30 B -52 1 108 4 2 1 1 3    
H 31 S 0 0 0 0 0 0 0 0 0    
J N 6 1712 0 2 3457 288 1 32    
K 0 0 43    
A D 1 8    
J N 6 1744 21 2 4321 288 1 32    
K 0 0 43    
A D 1 8    
H 32 B -59 4 108 2 2 3    
J N 7 1776 0 4 5185 288 1 33    
K 0 0 43    
K 0 0 60    
K 0 21 60    
A D 2 8    
J B 31 1819 1 82 6913 576 0    
J N 7 1840 0 4 1 0 1 33    
K 0 0 43    
K 0 0 60    
K 0 21 60    
A D 2 8    
H 33 T 0 0 0 0 0 0 5 0    
J N 7 1880 7 4 1729 576 0    
K 0 0 43    
K 0 0 60    
K 0 21 60    
A D 2 8    
J N 6 1920 0 2 3457 576 1 34    
K 0 0 43    
A D 1 8    
J N 6 1952 7 2 4321 288 1 34    
K 0 0 43    
A D 1 8    
J N 6 1984 14 2 5185 288 1 34    
K 0 0 43    
A D 1 8    
J N 6 2016 21 2 6049 288 1 34    
K 0 0 43    
A D 1 8    
H 34 B -61 4 108 4 2 1 1 3    
J B 32 2050 1 82 6913 288 0    
E *    
L 320 0 0 313 313 * 0 14 0    
J C 22 5 14 36 6913 0 0    
J K -1 57 0 1 6913 0 0    
K 0 42 65    
J D 0 -11 -14 1 6913 0 0    
W 0 0 0 \02\04    
J F 0 113 98 1 1 0 0    
K 0 0 208    
J N 6 113 14 2 1 0 1 19    
K 0 0 43    
A D 1 8    
J N 6 146 7 2 865 288 1 19    
K 0 0 43    
A D 1 8    
J F 0 179 98 1 1729 288 0    
K 0 0 205    
J N 6 179 0 2 1729 0 1 19    
K 0 0 43    
A D 1 8    
J N 6 212 14 2 2593 288 1 19    
K 0 0 43    
A D 1 8    
H 19 B -46 0 108 4 2 1 1 3    
J F 0 245 98 1 3457 288 0    
K 0 0 206    
J N 6 245 -7 2 3457 0 1 20    
K 0 0 43    
A D 1 8    
J N 6 278 -14 5 4321 288 1 20    
K 0 0 45    
K 0 0 43    
K -1 0 45    
K 2 0 45    
A D 1 8    
J F 0 311 98 2 5185 288 0    
K 0 0 205    
K 0 21 203    
J N 6 311 -21 5 5185 0 1 20    
K 0 7 45    
K 0 0 43    
K 0 7 45    
K 1 7 45    
A D 1 8    
J N 6 344 -7 2 6049 288 1 20    
K 0 0 43    
A D 1 8    
H 20 B -49 0 108 4 2 1 1 3    
J B 25 379 1 82 6913 288 0    
J F 0 400 98 1 1 0 0    
K 0 0 206    
J N 6 400 -14 5 1 0 1 21    
K 0 0 45    
K 0 0 43    
K -1 0 45    
K 2 0 45    
A D 1 8    
J N 6 433 -14 5 865 288 1 21    
K 0 0 45    
K 0 0 43    
K -1 0 45    
K 2 0 45    
A D 1 8    
J F 0 466 98 1 1729 288 0    
K 0 0 204    
J N 6 466 -21 5 1729 0 1 21    
K 0 7 45    
K 0 0 43    
K 0 7 45    
K 1 7 45    
A D 1 8    
J N 6 499 0 2 2593 288 1 21    
K 0 0 43    
A D 1 8    
H 21 B -57 1 108 4 2 1 1 3    
J F 0 532 98 2 3457 288 0    
K 0 0 205    
K 0 21 204    
J N 6 532 -7 2 3457 0 1 22    
K 0 0 43    
A D 1 8    
J N 6 565 7 2 4321 288 1 22    
K 0 0 43    
A D 1 8    
J F 0 597 98 1 5185 288 0    
K 0 0 204    
J N 6 597 -14 5 5185 0 1 22    
K 0 0 45    
K 0 0 43    
K -1 0 45    
K 2 0 45    
A D 1 8    
J N 6 629 35 2 6049 288 1 22    
K 0 0 43    
A D 1 8    
H 22 B -66 5 108 4 2 1 1 3    
J B 26 663 1 82 6913 288 0    
J N 7 684 14 4 1 0 0    
K 0 0 43    
K 0 0 60    
K 0 21 60    
A D 2 8    
J F 0 724 98 1 1729 576 0    
K 0 0 204    
J N 8 724 42 4 1729 0 0    
K 0 0 42    
K 0 0 59    
K 0 -21 59    
A D 4 8    
J F 0 788 98 2 3457 576 0    
K 0 0 203    
K 0 21 201    
J F 0 828 98 1 5185 576 0    
K 0 0 205    
J N 7 828 49 4 5185 0 0    
K 0 0 43    
K 0 0 59    
K 0 -21 59    
A D 2 8    
J B 27 902 1 82 6913 576 0    
J N 7 923 42 4 1 0 0    
K 0 0 43    
K 0 0 59    
K 0 -21 59    
A D 2 8    
J N 7 987 63 4 1729 576 0    
K 0 0 43    
K 0 0 59    
K 0 -21 59    
A D 2 8    
J F 0 1051 98 1 3457 576 0    
K 0 0 203    
J N 8 1051 35 4 3457 0 0    
K 0 0 42    
K 0 0 59    
K 0 -21 59    
A D 4 8    
J F 0 1091 98 1 5185 576 0    
K 0 0 202    
J B 28 1134 1 82 6913 576 0    
J N 8 1155 63 4 1 0 0    
K 0 0 42    
K 0 0 59    
K 0 -21 59    
A D 4 8    
J R 8 1209 28 2 3457 1152 0    
K 0 0 47    
A D 4 8    
J B 29 1292 1 82 6913 1152 0    
J R 9 1413 28 2 1 10000 0    
K 0 0 46    
A D 8 8    
J B 30 1563 1 82 6913 2304 0    
J R 9 1677 28 2 1 10000 0    
K 0 0 46    
A D 8 8    
J B 31 1819 1 82 6913 2304 0    
J R 8 1840 28 2 1 0 0    
K 0 0 47    
A D 4 8    
J F 0 1920 98 1 3457 1152 0    
K 0 0 204    
J N 8 1920 14 4 3457 0 0    
K 0 0 42    
K 0 0 60    
K 0 21 60    
A D 4 8    
J F 0 1984 98 1 5185 576 0    
K 0 0 205    
J B 32 2050 1 82 6913 576 0    
E *    
L 530 0 0 313 313 * 0 14 0    
J C 4 5 42 2 6913 0 0    
K 0 0 33    
K 0 0 34    
J K -1 57 0 1 6913 0 0    
K 0 28 65    
J D 0 -11 -14 1 6913 0 0    
W 0 0 0 \02\04    
J N 7 113 35 4 1 0 0    
K 0 0 43    
K 0 0 59    
K 0 -21 59    
A D 4 16    
J N 8 179 -14 7 1729 576 0    
K 0 0 45    
K 0 0 42    
K -1 0 45    
K 2 0 45    
K 0 0 60    
K 0 21 60    
A D 8 16    
J N 6 311 -7 2 5185 1152 1 10    
K 0 0 43    
A D 2 16    
J N 6 344 0 2 6049 288 1 10    
K 0 0 43    
A D 2 16    
H 10 B -50 4 108 2 2 3    
J B 25 379 1 82 6913 288 0    
J N 6 400 7 2 1 0 1 11    
K 0 0 43    
A D 2 16    
J N 6 433 21 2 865 288 1 11    
K 0 0 43    
A D 2 16    
H 11 B -52 4 108 2 2 3    
J N 8 466 0 4 1729 288 0    
K 0 0 42    
K 0 0 60    
K 0 21 60    
A D 8 16    
J N 7 597 7 4 5185 1152 0    
K 0 0 43    
K 0 0 60    
K 0 21 60    
A D 4 16    
J B 26 663 1 82 6913 576 0    
J N 7 684 0 4 1 0 0    
K 0 0 43    
K 0 0 60    
K 0 21 60    
A D 4 16    
J N 7 724 14 4 1729 576 0    
K 0 0 43    
K 0 0 60    
K 0 21 60    
A D 4 16    
J N 7 788 56 4 3457 576 0    
K 0 0 43    
K 0 0 59    
K 0 -21 59    
A D 4 16    
J R 6 828 28 2 5185 576 0    
K 0 0 49    
A D 2 16    
J N 6 860 21 3 6049 288 0    
K 0 0 43    
K 0 0 54    
A D 2 16    
J B 27 902 1 82 6913 288 0    
J N 6 923 14 2 1 0 2 12 13    
K 0 0 43    
A D 2 16    
J N 6 955 21 2 865 288 2 13 12    
K 0 0 43    
A D 2 16    
H 12 S 0 0 0 0 0 0 0 0 0    
J N 6 987 28 2 1729 288 2 14 13    
K 0 0 43    
A D 2 16    
J N 6 1019 35 2 2593 288 2 13 14    
K 0 0 43    
A D 2 16    
H 13 B -51 4 108 4 2 1 1 3    
H 14 S 0 0 0 0 0 0 0 0 0    
J N 8 1051 42 4 3457 288 0    
K 0 0 42    
K 0 0 59    
K 0 -21 59    
A D 8 16    
J B 28 1134 1 82 6913 1152 0    
J N 8 1155 49 4 1 0 0    
K 0 0 42    
K 0 0 59    
K 0 -21 59    
A D 8 16    
J R 8 1209 28 2 3457 1152 0    
K 0 0 47    
A D 8 16    
J B 29 1292 1 82 6913 1152 0    
J R 9 1413 28 2 1 10000 0    
K 0 0 46    
A D 16 16    
J B 30 1563 1 82 6913 2304 0    
J R 9 1677 28 2 1 10000 0    
K 0 0 46    
A D 16 16    
J B 31 1819 1 82 6913 2304 0    
J R 8 1840 28 2 1 0 0    
K 0 0 47    
A D 8 16    
J N 6 1920 -14 5 3457 1152 1 15    
K 0 0 45    
K 0 0 43    
K -1 0 45    
K 2 0 45    
A D 2 16    
J N 6 1952 -7 2 4321 288 1 15    
K 0 0 43    
A D 2 16    
J N 6 1984 0 2 5185 288 1 15    
K 0 0 43    
A D 2 16    
J N 6 2016 7 2 6049 288 1 15    
K 0 0 43    
A D 2 16    
H 15 B -61 4 108 4 2 1 1 3    
J B 32 2050 1 82 6913 288 0    
E *    
L 690 0 0 313 313 * 0 14 0    
J C 4 5 42 2 6913 0 0    
K 0 0 33    
K 0 0 34    
J K -1 57 0 1 6913 0 0    
K 0 28 65    
J D 0 -11 -14 1 6913 0 0    
W 0 0 0 \02\04    
J N 7 113 -7 4 1 0 1 15    
K 0 0 43    
K 0 0 60    
K 0 21 60    
A D 2 8    
J M 0 61 0 0 6913 0 1 15    
H 15 T -7 0 0 0 0 0 1 0    
J N 6 179 0 2 1729 576 1 16    
K 0 0 43    
A D 1 8    
J N 6 212 7 2 2593 288 1 16    
K 0 0 43    
A D 1 8    
H 16 B -45 4 108 2 2 3    
J N 7 245 14 4 3457 288 0    
K 0 0 43    
K 0 0 60    
K 0 21 60    
A D 2 8    
J N 7 311 -21 7 5185 576 1 17    
K 0 7 45    
K 0 0 43    
K 0 7 45    
K 1 7 45    
K 0 0 60    
K 0 21 60    
A D 2 8    
J B 25 379 1 82 6913 576 0    
J N 7 400 -21 7 1 0 1 17    
K 0 7 45    
K 0 0 43    
K 0 7 45    
K 1 7 45    
K 0 0 60    
K 0 21 60    
A D 2 8    
H 17 T -21 0 0 0 0 0 1 0    
J N 7 466 -14 7 1729 576 0    
K 0 0 45    
K 0 0 43    
K -1 0 45    
K 2 0 45    
K 0 0 60    
K 0 21 60    
A D 2 8    
J N 8 532 -7 4 3457 576 0    
K 0 0 42    
K 0 0 60    
K 0 21 60    
A D 4 8    
J B 26 663 1 82 6913 1152 0    
J N 7 684 0 4 1 0 0    
K 0 0 43    
K 0 0 60    
K 0 21 60    
A D 2 8    
J N 7 724 49 4 1729 576 0    
K 0 0 43    
K 0 0 59    
K 0 -21 59    
A D 2 8    
J N 7 788 42 4 3457 576 0    
K 0 0 43    
K 0 0 59    
K 0 -21 59    
A D 2 8    
J R 6 828 28 2 5185 576 0    
K 0 0 49    
A D 1 8    
J N 6 860 35 3 6049 288 0    
K 0 0 43    
K 0 0 53    
A D 1 8    
J B 27 902 1 82 6913 288 0    
J N 6 923 63 2 1 0 1 18    
K 0 0 43    
A D 1 8    
J N 6 955 56 2 865 288 1 18    
K 0 0 43    
A D 1 8    
H 18 B 50 -4 108 2 2 3    
J N 8 987 49 4 1729 288 0    
K 0 0 42    
K 0 0 59    
K 0 -21 59    
A D 4 8    
J N 7 1091 56 4 5185 1152 0    
K 0 0 43    
K 0 0 59    
K 0 -21 59    
A D 2 8    
J B 28 1134 1 82 6913 576 0    
J N 8 1155 49 4 1 0 0    
K 0 0 42    
K 0 0 59    
K 0 -21 59    
A D 4 8    
J R 8 1209 28 2 3457 1152 0    
K 0 0 47    
A D 4 8    
J B 29 1292 1 82 6913 1152 0    
J R 9 1413 28 2 1 10000 0    
K 0 0 46    
A D 8 8    
J B 30 1563 1 82 6913 2304 0    
J R 9 1677 28 2 1 10000 0    
K 0 0 46    
A D 8 8    
J B 31 1819 1 82 6913 2304 0    
J R 8 1840 28 2 1 0 0    
K 0 0 47    
A D 4 8    
J N 6 1920 0 2 3457 1152 1 19    
K 0 0 43    
A D 1 8    
J N 6 1952 7 2 4321 288 1 19    
K 0 0 43    
A D 1 8    
J N 6 1984 14 2 5185 288 1 19    
K 0 0 43    
A D 1 8    
J N 6 2016 21 2 6049 288 1 19    
K 0 0 43    
A D 1 8    
H 19 B -61 4 108 4 2 1 1 3    
J B 32 2050 1 82 6913 288 0    
E *    
L 850 0 0 313 313 * 0 14 0    
J C 13 5 28 35 6913 0 0    
J K -1 57 0 1 6913 0 0    
K 0 35 65    
J D 0 -11 -14 1 6913 0 0    
W 0 0 0 \02\04    
J N 7 113 -21 8 1 0 0    
K 0 7 45    
K 0 0 43    
K 0 7 45    
K 1 7 45    
K 25 0 44    
K 0 0 60    
K 0 21 60    
A D 3 8    
J N 6 212 -7 3 2593 864 0    
K 0 0 43    
K 0 0 54    
A D 1 8    
J N 7 245 -14 8 3457 288 0    
K 0 0 45    
K 0 0 43    
K -1 0 45    
K 2 0 45    
K 24 -6 44    
K 0 0 60    
K 0 21 60    
A D 3 8    
J N 6 344 -28 8 6049 864 0    
K 0 14 45    
K 0 0 45    
K 0 0 43    
K -1 0 45    
K 2 0 45    
K 0 0 60    
K 0 7 54    
A D 1 8    
J B 25 379 1 82 6913 288 0    
J N 7 400 0 4 1 0 0    
K 0 0 43    
K 0 0 60    
K 0 21 60    
A D 2 8    
J R 6 466 28 2 1729 576 0    
K 0 0 49    
A D 1 8    
J N 6 499 -21 7 2593 288 0    
K 0 7 45    
K 0 0 43    
K 0 7 45    
K 1 7 45    
K 0 0 60    
K 0 0 54    
A D 1 8    
J N 6 532 -28 6 3457 288 1 16    
K 0 14 45    
K 0 0 45    
K 0 0 43    
K -1 0 45    
K 2 0 45    
A D 1 8    
J N 6 565 -14 5 4321 288 1 16    
K 0 0 45    
K 0 0 43    
K -1 0 45    
K 2 0 45    
A D 1 8    
H 16 B -57 3 108 2 2 3    
J N 7 597 -21 7 5185 288 0    
K 0 7 45    
K 0 0 43    
K 0 7 45    
K 1 7 45    
K 0 0 60    
K 0 21 60    
A D 2 8    
J B 26 663 1 82 6913 576 0    
J N 7 684 -7 4 1 0 0    
K 0 0 43    
K 0 0 60    
K 0 21 60    
A D 2 8    
J R 6 724 28 2 1729 576 0    
K 0 0 49    
A D 1 8    
J N 6 756 7 3 2593 288 0    
K 0 0 43    
K 0 0 54    
A D 1 8    
J N 7 788 28 4 3457 288 0    
K 0 0 43    
K 0 0 60    
K 0 21 60    
A D 2 8    
J R 6 828 28 2 5185 576 0    
K 0 0 49    
A D 1 8    
J N 6 860 7 3 6049 288 0    
K 0 0 43    
K 0 0 54    
A D 1 8    
J B 27 902 1 82 6913 288 0    
J N 6 923 7 2 1 0 1 17    
K 0 0 43    
A D 1 8    
J N 6 955 0 2 865 288 1 17    
K 0 0 43    
A D 1 8    
J N 6 987 -7 2 1729 288 1 17    
K 0 0 43    
A D 1 8    
J N 6 1019 -14 5 2593 288 1 17    
K 0 0 45    
K 0 0 43    
K -1 0 45    
K 2 0 45    
A D 1 8    
H 17 B -52 -4 108 4 2 1 1 3    
J N 7 1051 -21 7 3457 288 0    
K 0 7 45    
K 0 0 43    
K 0 7 45    
K 1 7 45    
K 0 0 60    
K 0 21 60    
A D 2 8    
J N 7 1091 28 4 5185 576 0    
K 0 0 43    
K 0 0 60    
K 0 21 60    
A D 2 8    
J B 28 1134 1 82 6913 576 0    
J N 8 1155 42 4 1 0 0    
K 0 0 42    
K 0 0 59    
K 0 -21 59    
A D 4 8    
J R 8 1209 28 2 3457 1152 0    
K 0 0 47    
A D 4 8    
J B 29 1292 1 82 6913 1152 0    
J R 9 1413 28 2 1 10000 0    
K 0 0 46    
A D 8 8    
J B 30 1563 1 82 6913 2304 0    
J R 9 1677 28 2 1 10000 0    
K 0 0 46    
A D 8 8    
J B 31 1819 1 82 6913 2304 0    
J R 8 1840 28 2 1 0 0    
K 0 0 47    
A D 4 8    
J R 7 1920 28 2 3457 1152 0    
K 0 0 48    
A D 2 8    
J N 7 1984 7 4 5185 576 1 18    
K 0 0 43    
K 0 0 60    
K 0 21 60    
A D 2 8    
J B 32 2050 1 82 6913 576 0    
J M 0 2050 0 0 6913 0 1 18    
H 18 T 7 0 0 0 0 0 1 0    
E *    
L 1010 0 0 313 313 * 0 14 0    
J C 22 5 14 36 6913 0 0    
J K -1 57 0 1 6913 0 0    
K 0 42 65    
J D 0 -11 -14 1 6913 0 0    
W 0 0 0 \02\04    
J F 0 113 98 1 1 0 0    
K 0 0 208    
J N 6 113 14 2 1 0 1 16    
K 0 0 43    
A D 1 8    
J N 6 146 7 2 865 288 1 16    
K 0 0 43    
A D 1 8    
J F 0 179 98 1 1729 288 0    
K 0 0 205    
J N 6 179 0 2 1729 0 1 16    
K 0 0 43    
A D 1 8    
J N 6 212 14 2 2593 288 1 16    
K 0 0 43    
A D 1 8    
H 16 B -46 0 108 4 2 1 1 3    
J F 0 245 98 1 3457 288 0    
K 0 0 206    
J N 6 245 -7 2 3457 0 1 17    
K 0 0 43    
A D 1 8    
J N 6 278 -14 5 4321 288 1 17    
K 0 0 45    
K 0 0 43    
K -1 0 45    
K 2 0 45    
A D 1 8    
J F 0 311 98 2 5185 288 0    
K 0 0 205    
K 0 21 203    
J N 6 311 -21 5 5185 0 1 17    
K 0 7 45    
K 0 0 43    
K 0 7 45    
K 1 7 45    
A D 1 8    
J N 6 344 -7 2 6049 288 1 17    
K 0 0 43    
A D 1 8    
H 17 B -49 0 108 4 2 1 1 3    
J B 25 379 1 82 6913 288 0    
J F 0 400 98 1 1 0 0    
K 0 0 206    
J N 6 400 -14 5 1 0 1 18    
K 0 0 45    
K 0 0 43    
K -1 0 45    
K 2 0 45    
A D 1 8    
J N 6 433 -14 5 865 288 1 18    
K 0 0 45    
K 0 0 43    
K -1 0 45    
K 2 0 45    
A D 1 8    
J F 0 466 98 1 1729 288 0    
K 0 0 204    
J N 6 466 -21 5 1729 0 1 18    
K 0 7 45    
K 0 0 43    
K 0 7 45    
K 1 7 45    
A D 1 8    
J N 6 499 0 2 2593 288 1 18    
K 0 0 43    
A D 1 8    
H 18 B -57 1 108 4 2 1 1 3    
J F 0 532 98 2 3457 288 0    
K 0 0 205    
K 0 21 204    
J N 6 532 -7 2 3457 0 1 19    
K 0 0 43    
A D 1 8    
J N 6 565 7 2 4321 288 1 19    
K 0 0 43    
A D 1 8    
J F 0 597 98 1 5185 288 0    
K 0 0 204    
J N 6 597 -14 5 5185 0 1 19    
K 0 0 45    
K 0 0 43    
K -1 0 45    
K 2 0 45    
A D 1 8    
J N 6 629 35 2 6049 288 1 19    
K 0 0 43    
A D 1 8    
H 19 B -66 5 108 4 2 1 1 3    
J B 26 663 1 82 6913 288 0    
J N 7 684 14 4 1 0 0    
K 0 0 43    
K 0 0 60    
K 0 21 60    
A D 2 8    
J F 0 724 98 1 1729 576 0    
K 0 0 204    
J N 8 724 42 4 1729 0 0    
K 0 0 42    
K 0 0 59    
K 0 -21 59    
A D 4 8    
J F 0 788 98 2 3457 576 0    
K 0 0 203    
K 0 21 201    
J F 0 828 98 1 5185 576 0    
K 0 0 205    
J N 7 828 49 4 5185 0 0    
K 0 0 43    
K 0 0 59    
K 0 -21 59    
A D 2 8    
J B 27 902 1 82 6913 576 0    
J N 7 923 42 4 1 0 0    
K 0 0 43    
K 0 0 59    
K 0 -21 59    
A D 2 8    
J N 7 987 63 4 1729 576 0    
K 0 0 43    
K 0 0 59    
K 0 -21 59    
A D 2 8    
J F 0 1051 98 1 3457 576 0    
K 0 0 203    
J N 8 1051 35 4 3457 0 0    
K 0 0 42    
K 0 0 59    
K 0 -21 59    
A D 4 8    
J F 0 1091 98 1 5185 576 0    
K 0 0 202    
J B 28 1134 1 82 6913 576 0    
J N 8 1155 63 4 1 0 0    
K 0 0 42    
K 0 0 59    
K 0 -21 59    
A D 4 8    
J R 8 1209 28 2 3457 1152 0    
K 0 0 47    
A D 4 8    
J B 29 1292 1 82 6913 1152 0    
J R 9 1413 28 2 1 10000 0    
K 0 0 46    
A D 8 8    
J B 30 1563 1 82 6913 2304 0    
J R 9 1677 28 2 1 10000 0    
K 0 0 46    
A D 8 8    
J B 31 1819 1 82 6913 2304 0    
J R 8 1840 28 2 1 0 0    
K 0 0 47    
A D 4 8    
J F 0 1920 98 1 3457 1152 0    
K 0 0 204    
J N 8 1920 14 4 3457 0 0    
K 0 0 42    
K 0 0 60    
K 0 21 60    
A D 4 8    
J F 0 1984 98 1 5185 576 0    
K 0 0 205    
J B 32 2050 1 82 6913 576 0    
E *    
B 1 379 0    
B 1 663 0    
B 1 902 0    
B 1 1134 0    
B 1 1292 0    
B 1 1563 0    
B 1 1819 0    
B 1 2050 0    
S 0 200 1510 2050 1066 7 "[...][....]"    
L 0 0 0 313 313 * 0 14 0    
J C 4 5 42 2 6913 0 0    
K 0 0 33    
K 0 0 34    
J K -1 57 0 1 6913 0 0    
K 0 28 65    
J D 0 -11 -14 1 6913 0 0    
W 0 0 37 \03\02    
J N 7 115 14 4 1 0 0    
K 0 0 43    
K 0 0 60    
K 0 21 60    
A D 4 16    
J N 8 173 -7 4 1729 576 0    
K 0 0 42    
K 0 0 60    
K 0 21 60    
A D 8 16    
J N 7 288 0 4 5185 1152 1 29    
K 0 0 43    
K 0 0 60    
K 0 21 60    
A D 4 16    
J B 33 348 1 82 6913 576 0    
J N 7 369 0 4 1 0 1 29    
K 0 0 43    
K 0 0 60    
K 0 21 60    
A D 4 16    
H 29 T 0 0 0 0 0 0 5 0    
J N 7 425 7 4 1729 576 0    
K 0 0 43    
K 0 0 60    
K 0 21 60    
A D 4 16    
J N 8 461 14 4 3457 576 0    
K 0 0 42    
K 0 0 60    
K 0 21 60    
A D 8 16    
J B 34 537 1 82 6913 1152 0    
J N 7 558 21 4 1 0 0    
K 0 0 43    
K 0 0 60    
K 0 21 60    
A D 4 16    
J N 7 594 -28 8 1729 576 0    
K 0 14 45    
K 0 0 45    
K 0 0 43    
K -1 0 45    
K 2 0 45    
K 0 0 60    
K 0 28 60    
A D 4 16    
J N 7 630 0 4 3457 576 0    
K 0 0 43    
K 0 0 60    
K 0 21 60    
A D 4 16    
J N 7 666 -21 7 5185 576 1 30    
K 0 7 45    
K 0 0 43    
K 0 7 45    
K 1 7 45    
K 0 0 60    
K 0 21 60    
A D 4 16    
J B 35 706 1 82 6913 576 0    
J N 7 727 -21 7 1 0 1 30    
K 0 7 45    
K 0 0 43    
K 0 7 45    
K 1 7 45    
K 0 0 60    
K 0 21 60    
A D 4 16    
H 30 T -21 0 0 0 0 0 1 0    
J N 7 783 -14 7 1729 576 0    
K 0 0 45    
K 0 0 43    
K -1 0 45    
K 2 0 45    
K 0 0 60    
K 0 21 60    
A D 4 16    
J N 8 839 -7 4 3457 576 0    
K 0 0 42    
K 0 0 60    
K 0 21 60    
A D 8 16    
J B 36 955 1 82 6913 1152 0    
J N 7 976 -14 7 1 0 0    
K 0 0 45    
K 0 0 43    
K -1 0 45    
K 2 0 45    
K 0 0 60    
K 0 21 60    
A D 4 16    
J N 7 1012 0 4 1729 576 0    
K 0 0 43    
K 0 0 60    
K 0 21 60    
A D 4 16    
J N 6 1068 7 2 3457 576 1 31    
K 0 0 43    
A D 2 16    
J N 6 1096 21 2 4321 288 1 31    
K 0 0 43    
A D 2 16    
H 31 B -52 4 108 2 2 3    
J N 7 1124 0 4 5185 288 1 32    
K 0 0 43    
K 0 0 60    
K 0 21 60    
A D 4 16    
J B 37 1184 1 82 6913 576 0    
J N 7 1205 0 4 1 0 1 32    
K 0 0 43    
K 0 0 60    
K 0 21 60    
A D 4 16    
H 32 T 0 0 0 0 0 0 5 0    
J N 7 1261 7 4 1729 576 0    
K 0 0 43    
K 0 0 60    
K 0 21 60    
A D 4 16    
J N 6 1297 49 2 3457 576 1 33    
K 0 0 43    
A D 2 16    
J N 6 1325 42 2 4321 288 1 33    
K 0 0 43    
A D 2 16    
J N 6 1353 35 2 5185 288 1 33    
K 0 0 43    
A D 2 16    
J N 6 1393 28 3 6049 288 1 33    
K -14 0 64    
K 0 0 43    
A D 2 16    
H 33 B 64 -1 108 4 2 1 1 3    
J B 38 1425 1 82 6913 288 0    
J N 6 1446 21 2 1 0 1 34    
K 0 0 43    
A D 2 16    
J N 6 1474 14 2 865 288 1 34    
K 0 0 43    
A D 2 16    
J N 6 1502 7 2 1729 288 1 34    
K 0 0 43    
A D 2 16    
J N 6 1530 21 2 2593 288 1 34    
K 0 0 43    
A D 2 16    
H 34 B -42 0 108 4 2 1 1 3    
J N 7 1558 0 5 3457 288 0    
K 0 0 43    
K 24 -6 44    
K 0 0 60    
K 0 21 60    
A D 6 16    
J N 5 1628 7 2 6049 864 1 35    
K 0 0 43    
A D 1 16    
J N 5 1656 14 2 6481 144 1 35    
K 0 0 43    
A D 1 16    
H 35 B -50 4 108 2 22 33    
J B 39 1688 1 82 6913 144 0    
J N 6 1709 7 2 1 0 1 36    
K 0 0 43    
A D 2 16    
J N 6 1737 21 2 865 288 1 36    
K 0 0 43    
A D 2 16    
H 36 B -52 4 108 2 2 3    
J N 7 1765 -14 7 1729 288 0    
K 0 0 45    
K 0 0 43    
K -1 0 45    
K 2 0 45    
K 0 0 60    
K 0 21 60    
A D 4 16    
J N 7 1801 14 4 3457 576 0    
K 0 0 43    
K 0 0 60    
K 0 21 60    
A D 4 16    
J N 7 1837 -7 4 5185 576 0    
K 0 0 43    
K 0 0 60    
K 0 21 60    
A D 4 16    
J B 40 1877 1 82 6913 576 0    
J N 7 1898 21 4 1 0 0    
K 0 0 43    
K 0 0 60    
K 0 21 60    
A D 4 16    
J N 8 1934 0 4 1729 576 0    
K 0 0 42    
K 0 0 60    
K 0 21 60    
A D 8 16    
J N 7 2010 7 4 5185 1152 1 37    
K 0 0 43    
K 0 0 60    
K 0 21 60    
A D 4 16    
J B 41 2050 1 82 6913 576 0    
J M 0 2050 0 0 6913 0 1 37    
H 37 T 7 0 0 0 0 0 1 0    
E *    
L 160 0 0 313 313 * 0 14 0    
J C 4 5 42 2 6913 0 0    
K 0 0 33    
K 0 0 34    
J K -1 57 0 1 6913 0 0    
K 0 28 65    
J D 0 -11 -14 1 6913 0 0    
W 0 0 0 \03\02    
J N 7 115 28 6 1 0 0    
K -14 0 64    
K 0 0 43    
K 24 -6 44    
K 0 0 60    
K 0 21 60    
A D 3 8    
J N 6 202 28 3 2593 864 0    
K 0 0 43    
K 0 0 54    
A D 1 8    
J N 7 231 21 4 3457 288 0    
K 0 0 43    
K 0 0 60    
K 0 21 60    
A D 2 8    
J N 7 288 -14 7 5185 576 0    
K 0 0 45    
K 0 0 43    
K -1 0 45    
K 2 0 45    
K 0 0 60    
K 0 21 60    
A D 2 8    
J B 33 348 1 82 6913 576 0    
J N 8 369 -7 4 1 0 0    
K 0 0 42    
K 0 0 60    
K 0 21 60    
A D 4 8    
J N 8 461 0 4 3457 1152 0    
K 0 0 42    
K 0 0 60    
K 0 21 60    
A D 4 8    
J B 34 537 1 82 6913 1152 0    
J N 7 558 7 4 1 0 0    
K 0 0 43    
K 0 0 60    
K 0 21 60    
A D 2 8    
J R 7 594 28 2 1729 576 0    
K 0 0 48    
A D 2 8    
J R 7 630 28 2 3457 576 0    
K 0 0 48    
A D 2 8    
J N 7 666 -7 4 5185 576 0    
K 0 0 43    
K 0 0 60    
K 0 21 60    
A D 2 8    
J B 35 706 1 82 6913 576 0    
J N 7 727 21 4 1 0 0    
K 0 0 43    
K 0 0 60    
K 0 21 60    
A D 2 8    
J N 8 783 0 4 1729 576 0    
K 0 0 42    
K 0 0 60    
K 0 21 60    
A D 4 8    
J N 7 895 7 4 5185 1152 1 35    
K 0 0 43    
K 0 0 60    
K 0 21 60    
A D 2 8    
J B 36 955 1 82 6913 576 0    
J N 7 976 7 4 1 0 1 35    
K 0 0 43    
K 0 0 60    
K 0 21 60    
A D 2 8    
H 35 T 7 0 0 0 0 0 1 0    
J N 7 1012 14 4 1729 576 0    
K 0 0 43    
K 0 0 60    
K 0 21 60    
A D 2 8    
J N 8 1068 21 4 3457 576 0    
K 0 0 42    
K 0 0 60    
K 0 21 60    
A D 4 8    
J B 37 1184 1 82 6913 1152 0    
J N 8 1205 28 4 1 0 0    
K 0 0 42    
K 0 0 60    
K 0 21 60    
A D 4 8    
J N 8 1297 35 4 3457 1152 0    
K 0 0 42    
K 0 0 59    
K 0 -21 59    
A D 4 8    
J B 38 1425 1 82 6913 1152 0    
J N 7 1446 42 4 1 0 0    
K 0 0 43    
K 0 0 59    
K 0 -21 59    
A D 2 8    
J N 8 1502 21 4 1729 576 0    
K 0 0 42    
K 0 0 60    
K 0 21 60    
A D 4 8    
J N 7 1614 28 5 5185 1152 0    
K -14 0 64    
K 0 0 43    
K 0 0 60    
K 0 21 60    
A D 2 8    
J B 39 1688 1 82 6913 576 0    
J N 7 1709 21 4 1 0 0    
K 0 0 43    
K 0 0 60    
K 0 21 60    
A D 2 8    
J N 7 1765 7 4 1729 576 0    
K 0 0 43    
K 0 0 60    
K 0 21 60    
A D 2 8    
J N 7 1801 0 4 3457 576 0    
K 0 0 43    
K 0 0 60    
K 0 21 60    
A D 2 8    
J N 7 1837 14 4 5185 576 0    
K 0 0 43    
K 0 0 60    
K 0 21 60    
A D 2 8    
J B 40 1877 1 82 6913 576 0    
J N 7 1898 7 4 1 0 0    
K 0 0 43    
K 0 0 60    
K 0 21 60    
A D 2 8    
J N 7 1934 -14 7 1729 576 0    
K 0 0 45    
K 0 0 43    
K -1 0 45    
K 2 0 45    
K 0 0 60    
K 0 21 60    
A D 2 8    
J N 8 1970 -7 4 3457 576 0    
K 0 0 42    
K 0 0 60    
K 0 21 60    
A D 4 8    
J B 41 2050 1 82 6913 1152 0    
E *    
L 320 0 0 313 313 * 0 14 0    
J C 22 5 14 36 6913 0 0    
J K -1 57 0 1 6913 0 0    
K 0 42 65    
J D 0 -11 -14 1 6913 0 0    
W 0 0 0 \03\02    
J F 0 115 98 2 1 0 0    
K 0 0 206    
K 0 21 218    
J N 7 115 7 5 1 0 0    
K 0 0 43    
K 25 0 44    
K 0 0 60    
K 0 21 60    
A D 3 8    
J F 0 173 98 1 1729 576 0    
K 0 0 205    
J N 6 202 7 3 2593 288 0    
K 0 0 43    
K 0 0 54    
A D 1 8    
J F 0 231 98 1 3457 288 0    
K 0 0 206    
J N 6 231 0 2 3457 0 1 23    
K 0 0 43    
A D 1 8    
J N 6 260 7 2 4321 288 1 23    
K 0 0 43    
A D 1 8    
J F 0 288 98 1 5185 288 0    
K 0 0 205    
J N 6 288 0 2 5185 0 1 23    
K 0 0 43    
A D 1 8    
J N 6 316 14 2 6049 288 1 23    
K 0 0 43    
A D 1 8    
H 23 B -56 2 108 4 2 1 1 3    
J B 33 348 1 82 6913 288 0    
J F 0 369 98 2 1 0 0    
K 0 0 205    
K 0 21 204    
J N 6 369 -7 3 1 0 1 24    
K -14 0 64    
K 0 0 43    
A D 1 8    
J N 6 397 7 2 865 288 1 24    
K 0 0 43    
A D 1 8    
H 24 B -52 4 108 2 2 3    
J F 0 425 98 1 1729 288 0    
K 0 21 204    
J N 8 425 -14 7 1729 0 0    
K 0 0 45    
K 0 0 42    
K -1 0 45    
K 2 0 45    
K 0 0 60    
K 0 21 60    
A D 4 8    
J F 0 461 98 2 3457 576 0    
K 0 0 203    
K 0 21 201    
J F 0 497 98 2 5185 576 0    
K 0 0 205    
K 0 21 204    
J N 7 497 -7 4 5185 0 0    
K 0 0 43    
K 0 0 60    
K 0 21 60    
A D 2 8    
J B 34 537 1 82 6913 576 0    
J R 7 558 28 2 1 0 0    
K 0 0 48    
A D 2 8    
J N 7 594 -14 7 1729 576 0    
K 0 0 45    
K 0 0 43    
K -1 0 45    
K 2 0 45    
K 0 0 60    
K 0 21 60    
A D 2 8    
J F 0 630 98 1 3457 576 0    
K 0 0 206    
J N 7 630 -21 7 3457 0 0    
K 0 7 45    
K 0 0 43    
K 0 7 45    
K 1 7 45    
K 0 0 60    
K 0 21 60    
A D 2 8    
J F 0 666 98 1 5185 576 0    
K 0 0 204    
J N 7 666 -28 8 5185 0 0    
K 0 14 45    
K 0 0 45    
K 0 0 43    
K -1 0 45    
K 2 0 45    
K 0 0 60    
K 0 28 60    
A D 2 8    
J B 35 706 1 82 6913 576 0    
J F 0 727 98 1 1 0 0    
K 0 0 203    
J N 8 727 -35 9 1 0 0    
K 0 21 45    
K 0 7 45    
K 0 0 42    
K 0 7 45    
K 1 7 45    
K 0 0 60    
K 0 28 60    
K 0 35 60    
A D 4 8    
J F 0 783 98 1 1729 576 0    
K 0 0 202    
J F 0 839 98 1 3457 576 0    
K 0 0 203    
J N 8 839 35 4 3457 0 0    
K 0 0 42    
K 0 0 59    
K 0 -21 59    
A D 4 8    
J F 0 895 98 1 5185 576 0    
K 0 0 202    
J B 36 955 1 82 6913 576 0    
J F 0 976 98 1 1 0 0    
K 0 0 206    
J N 7 976 63 4 1 0 0    
K 0 0 43    
K 0 0 59    
K 0 -21 59    
A D 2 8    
J F 0 1012 98 1 1729 576 0    
K 0 0 204    
J N 8 1012 42 4 1729 0 0    
K 0 0 42    
K 0 0 59    
K 0 -21 59    
A D 4 8    
J F 0 1068 98 2 3457 576 0    
K 0 0 203    
K 0 21 201    
J F 0 1124 98 1 5185 576 0    
K 0 0 205    
J N 7 1124 49 4 5185 0 0    
K 0 0 43    
K 0 0 59    
K 0 -21 59    
A D 2 8    
J B 37 1184 1 82 6913 576 0    
J F 0 1205 98 1 1 0 0    
K 0 0 206    
J N 7 1205 56 4 1 0 0    
K 0 0 43    
K 0 0 59    
K 0 -21 59    
A D 2 8    
J F 0 1261 98 1 1729 576 0    
K 0 0 206    
J N 7 1261 35 4 1729 0 0    
K 0 0 43    
K 0 0 59    
K 0 -21 59    
A D 2 8    
J N 8 1297 14 4 3457 576 0    
K 0 0 42    
K 0 0 60    
K 0 21 60    
A D 4 8    
J B 38 1425 1 82 6913 1152 0    
J F 0 1446 98 1 1 0 0    
K 0 0 205    
J N 8 1446 21 4 1 0 0    
K 0 0 42    
K 0 0 60    
K 0 21 60    
A D 4 8    
J F 0 1558 98 1 3457 1152 0    
K 0 0 206    
J N 7 1558 28 4 3457 0 0    
K 0 0 43    
K 0 0 60    
K 0 21 60    
A D 2 8    
J F 0 1614 98 2 5185 576 0    
K 0 0 206    
K 0 21 218    
J N 7 1614 7 4 5185 0 0    
K 0 0 43    
K 0 0 60    
K 0 21 60    
A D 2 8    
J B 39 1688 1 82 6913 576 0    
J N 7 1709 35 4 1 0 0    
K 0 0 43    
K 0 0 59    
K 0 -21 59    
A D 2 8    
J F 0 1765 98 1 1729 576 0    
K 0 0 205    
J N 8 1765 -14 7 1729 0 0    
K 0 0 45    
K 0 0 42    
K -1 0 45    
K 2 0 45    
K 0 0 60    
K 0 21 60    
A D 4 8    
J F 0 1801 98 2 3457 576 0    
K 0 0 203    
K 0 21 201    
J F 0 1837 98 1 5185 576 0    
K 0 0 205    
J N 7 1837 -7 4 5185 0 1 25    
K 0 0 43    
K 0 0 60    
K 0 21 60    
A D 2 8    
J B 40 1877 1 82 6913 576 0    
J F 0 1898 98 1 1 0 0    
K 0 0 203    
J N 7 1898 -7 4 1 0 1 25    
K 0 0 43    
K 0 0 60    
K 0 21 60    
A D 2 8    
H 25 T -7 0 0 0 0 0 1 0    
J F 0 1934 98 1 1729 576 0    
K 0 0 205    
J N 7 1934 0 4 1729 0 0    
K 0 0 43    
K 0 0 60    
K 0 21 60    
A D 2 8    
J F 0 1970 98 2 3457 576 0    
K 0 0 205    
K 0 21 204    
J N 7 1970 42 5 3457 0 0    
K -14 0 64    
K 0 0 43    
K 0 0 59    
K 0 -21 59    
A D 2 8    
J F 0 2010 98 2 5185 576 0    
K 0 0 205    
K 0 21 204    
J N 7 2010 35 5 5185 0 0    
K -18 0 63    
K 0 0 43    
K 0 0 59    
K 0 -21 59    
A D 2 8    
J B 41 2050 1 82 6913 576 0    
E *    
L 530 0 0 313 313 * 0 14 0    
J C 4 5 42 2 6913 0 0    
K 0 0 33    
K 0 0 34    
J K -1 57 0 1 6913 0 0    
K 0 28 65    
J D 0 -11 -14 1 6913 0 0    
W 0 0 0 \03\02    
J N 7 115 14 4 1 0 0    
K 0 0 43    
K 0 0 60    
K 0 21 60    
A D 4 16    
J N 8 173 -7 4 1729 576 0    
K 0 0 42    
K 0 0 60    
K 0 21 60    
A D 8 16    
J N 7 288 0 4 5185 1152 1 16    
K 0 0 43    
K 0 0 60    
K 0 21 60    
A D 4 16    
J B 33 348 1 82 6913 576 0    
J N 7 369 0 4 1 0 1 16    
K 0 0 43    
K 0 0 60    
K 0 21 60    
A D 4 16    
H 16 T 0 0 0 0 0 0 5 0    
J N 7 425 7 4 1729 576 0    
K 0 0 43    
K 0 0 60    
K 0 21 60    
A D 4 16    
J N 8 461 14 4 3457 576 0    
K 0 0 42    
K 0 0 60    
K 0 21 60    
A D 8 16    
J B 34 537 1 82 6913 1152 0    
J N 7 558 21 4 1 0 0    
K 0 0 43    
K 0 0 60    
K 0 21 60    
A D 4 16    
J N 7 594 -28 8 1729 576 0    
K 0 14 45    
K 0 0 45    
K 0 0 43    
K -1 0 45    
K 2 0 45    
K 0 0 60    
K 0 28 60    
A D 4 16    
J N 7 630 0 4 3457 576 0    
K 0 0 43    
K 0 0 60    
K 0 21 60    
A D 4 16    
J N 7 666 -21 7 5185 576 1 17    
K 0 7 45    
K 0 0 43    
K 0 7 45    
K 1 7 45    
K 0 0 60    
K 0 21 60    
A D 4 16    
J B 35 706 1 82 6913 576 0    
J N 7 727 -21 7 1 0 1 17    
K 0 7 45    
K 0 0 43    
K 0 7 45    
K 1 7 45    
K 0 0 60    
K 0 21 60    
A D 4 16    
H 17 T -21 0 0 0 0 0 1 0    
J N 7 783 -14 7 1729 576 0    
K 0 0 45    
K 0 0 43    
K -1 0 45    
K 2 0 45    
K 0 0 60    
K 0 21 60    
A D 4 16    
J N 8 839 -7 4 3457 576 0    
K 0 0 42    
K 0 0 60    
K 0 21 60    
A D 8 16    
J B 36 955 1 82 6913 1152 0    
J N 7 976 -14 7 1 0 0    
K 0 0 45    
K 0 0 43    
K -1 0 45    
K 2 0 45    
K 0 0 60    
K 0 21 60    
A D 4 16    
J N 7 1012 0 4 1729 576 0    
K 0 0 43    
K 0 0 60    
K 0 21 60    
A D 4 16    
J N 6 1068 7 2 3457 576 1 18    
K 0 0 43    
A D 2 16    
J N 6 1096 21 2 4321 288 1 18    
K 0 0 43    
A D 2 16    
H 18 B -52 4 108 2 2 3    
J N 7 1124 0 4 5185 288 1 19    
K 0 0 43    
K 0 0 60    
K 0 21 60    
A D 4 16    
J B 37 1184 1 82 6913 576 0    
J N 7 1205 0 4 1 0 1 19    
K 0 0 43    
K 0 0 60    
K 0 21 60    
A D 4 16    
H 19 T 0 0 0 0 0 0 5 0    
J N 7 1261 7 4 1729 576 0    
K 0 0 43    
K 0 0 60    
K 0 21 60    
A D 4 16    
J N 6 1297 49 2 3457 576 1 20    
K 0 0 43    
A D 2 16    
J N 6 1325 42 2 4321 288 1 20    
K 0 0 43    
A D 2 16    
J N 6 1353 35 2 5185 288 1 20    
K 0 0 43    
A D 2 16    
J N 6 1393 28 3 6049 288 1 20    
K -14 0 64    
K 0 0 43    
A D 2 16    
H 20 B 64 -1 108 4 2 1 1 3    
J B 38 1425 1 82 6913 288 0    
J N 6 1446 21 2 1 0 1 21    
K 0 0 43    
A D 2 16    
J N 6 1474 14 2 865 288 1 21    
K 0 0 43    
A D 2 16    
J N 6 1502 7 2 1729 288 1 21    
K 0 0 43    
A D 2 16    
J N 6 1530 21 2 2593 288 1 21    
K 0 0 43    
A D 2 16    
H 21 B -42 0 108 4 2 1 1 3    
J N 7 1558 0 5 3457 288 0    
K 0 0 43    
K 24 -6 44    
K 0 0 60    
K 0 21 60    
A D 6 16    
J N 5 1628 7 2 6049 864 1 22    
K 0 0 43    
A D 1 16    
J N 5 1656 14 2 6481 144 1 22    
K 0 0 43    
A D 1 16    
H 22 B -50 4 108 2 22 33    
J B 39 1688 1 82 6913 144 0    
J N 6 1709 7 2 1 0 1 23    
K 0 0 43    
A D 2 16    
J N 6 1737 21 2 865 288 1 23    
K 0 0 43    
A D 2 16    
H 23 B -52 4 108 2 2 3    
J N 7 1765 -14 7 1729 288 0    
K 0 0 45    
K 0 0 43    
K -1 0 45    
K 2 0 45    
K 0 0 60    
K 0 21 60    
A D 4 16    
J N 7 1801 14 4 3457 576 0    
K 0 0 43    
K 0 0 60    
K 0 21 60    
A D 4 16    
J N 7 1837 -7 4 5185 576 0    
K 0 0 43    
K 0 0 60    
K 0 21 60    
A D 4 16    
J B 40 1877 1 82 6913 576 0    
J N 7 1898 21 4 1 0 0    
K 0 0 43    
K 0 0 60    
K 0 21 60    
A D 4 16    
J N 8 1934 0 4 1729 576 0    
K 0 0 42    
K 0 0 60    
K 0 21 60    
A D 8 16    
J N 7 2010 7 4 5185 1152 1 24    
K 0 0 43    
K 0 0 60    
K 0 21 60    
A D 4 16    
J B 41 2050 1 82 6913 576 0    
J M 0 2050 0 0 6913 0 1 24    
H 24 T 7 0 0 0 0 0 1 0    
E *    
L 690 0 0 313 313 * 0 14 0    
J C 4 5 42 2 6913 0 0    
K 0 0 33    
K 0 0 34    
J K -1 57 0 1 6913 0 0    
K 0 28 65    
J D 0 -11 -14 1 6913 0 0    
W 0 0 0 \03\02    
J N 7 115 28 6 1 0 0    
K -14 0 64    
K 0 0 43    
K 24 -6 44    
K 0 0 60    
K 0 21 60    
A D 3 8    
J N 6 202 28 3 2593 864 0    
K 0 0 43    
K 0 0 54    
A D 1 8    
J N 7 231 21 4 3457 288 0    
K 0 0 43    
K 0 0 60    
K 0 21 60    
A D 2 8    
J N 7 288 -14 7 5185 576 0    
K 0 0 45    
K 0 0 43    
K -1 0 45    
K 2 0 45    
K 0 0 60    
K 0 21 60    
A D 2 8    
J B 33 348 1 82 6913 576 0    
J N 8 369 -7 4 1 0 0    
K 0 0 42    
K 0 0 60    
K 0 21 60    
A D 4 8    
J N 8 461 0 4 3457 1152 0    
K 0 0 42    
K 0 0 60    
K 0 21 60    
A D 4 8    
J B 34 537 1 82 6913 1152 0    
J N 7 558 7 4 1 0 0    
K 0 0 43    
K 0 0 60    
K 0 21 60    
A D 2 8    
J R 7 594 28 2 1729 576 0    
K 0 0 48    
A D 2 8    
J R 7 630 28 2 3457 576 0    
K 0 0 48    
A D 2 8    
J N 7 666 -7 4 5185 576 0    
K 0 0 43    
K 0 0 60    
K 0 21 60    
A D 2 8    
J B 35 706 1 82 6913 576 0    
J N 7 727 21 4 1 0 0    
K 0 0 43    
K 0 0 60    
K 0 21 60    
A D 2 8    
J N 8 783 0 4 1729 576 0    
K 0 0 42    
K 0 0 60    
K 0 21 60    
A D 4 8    
J N 7 895 7 4 5185 1152 1 20    
K 0 0 43    
K 0 0 60    
K 0 21 60    
A D 2 8    
J B 36 955 1 82 6913 576 0    
J N 7 976 7 4 1 0 1 20    
K 0 0 43    
K 0 0 60    
K 0 21 60    
A D 2 8    
H 20 T 7 0 0 0 0 0 1 0    
J N 7 1012 14 4 1729 576 0    
K 0 0 43    
K 0 0 60    
K 0 21 60    
A D 2 8    
J N 8 1068 21 4 3457 576 0    
K 0 0 42    
K 0 0 60    
K 0 21 60    
A D 4 8    
J B 37 1184 1 82 6913 1152 0    
J N 8 1205 28 4 1 0 0    
K 0 0 42    
K 0 0 60    
K 0 21 60    
A D 4 8    
J N 8 1297 35 4 3457 1152 0    
K 0 0 42    
K 0 0 59    
K 0 -21 59    
A D 4 8    
J B 38 1425 1 82 6913 1152 0    
J N 7 1446 42 4 1 0 0    
K 0 0 43    
K 0 0 59    
K 0 -21 59    
A D 2 8    
J N 8 1502 21 4 1729 576 0    
K 0 0 42    
K 0 0 60    
K 0 21 60    
A D 4 8    
J N 7 1614 28 5 5185 1152 0    
K -14 0 64    
K 0 0 43    
K 0 0 60    
K 0 21 60    
A D 2 8    
J B 39 1688 1 82 6913 576 0    
J N 7 1709 21 4 1 0 0    
K 0 0 43    
K 0 0 60    
K 0 21 60    
A D 2 8    
J N 7 1765 7 4 1729 576 0    
K 0 0 43    
K 0 0 60    
K 0 21 60    
A D 2 8    
J N 7 1801 0 4 3457 576 0    
K 0 0 43    
K 0 0 60    
K 0 21 60    
A D 2 8    
J N 7 1837 14 4 5185 576 0    
K 0 0 43    
K 0 0 60    
K 0 21 60    
A D 2 8    
J B 40 1877 1 82 6913 576 0    
J N 7 1898 7 4 1 0 0    
K 0 0 43    
K 0 0 60    
K 0 21 60    
A D 2 8    
J N 7 1934 -14 7 1729 576 0    
K 0 0 45    
K 0 0 43    
K -1 0 45    
K 2 0 45    
K 0 0 60    
K 0 21 60    
A D 2 8    
J N 8 1970 -7 4 3457 576 0    
K 0 0 42    
K 0 0 60    
K 0 21 60    
A D 4 8    
J B 41 2050 1 82 6913 1152 0    
E *    
L 850 0 0 313 313 * 0 14 0    
J C 13 5 28 35 6913 0 0    
J K -1 57 0 1 6913 0 0    
K 0 35 65    
J D 0 -11 -14 1 6913 0 0    
W 0 0 0 \03\02    
J N 6 115 7 2 1 0 2 19 18    
K 0 0 43    
A D 1 8    
J M 0 63 0 0 6913 0 1 18    
H 18 T 7 0 0 0 0 0 1 0    
J N 6 144 7 2 865 288 1 19    
K 0 0 43    
A D 1 8    
J N 6 173 14 2 1729 288 1 19    
K 0 0 43    
A D 1 8    
J N 6 202 21 2 2593 288 1 19    
K 0 0 43    
A D 1 8    
H 19 B -51 2 108 4 2 1 1 3    
J N 7 231 28 5 3457 288 0    
K 0 0 43    
K 24 -6 44    
K 0 0 60    
K 0 21 60    
A D 3 8    
J N 6 316 28 3 6049 864 0    
K 0 0 43    
K 0 0 54    
A D 1 8    
J B 33 348 1 82 6913 288 0    
J N 7 369 21 4 1 0 0    
K 0 0 43    
K 0 0 60    
K 0 21 60    
A D 2 8    
J N 7 425 14 4 1729 576 0    
K 0 0 43    
K 0 0 60    
K 0 21 60    
A D 2 8    
J N 7 461 7 4 3457 576 0    
K 0 0 43    
K 0 0 60    
K 0 21 60    
A D 2 8    
J N 7 497 0 4 5185 576 0    
K 0 0 43    
K 0 0 60    
K 0 21 60    
A D 2 8    
J B 34 537 1 82 6913 576 0    
J N 7 558 0 4 1 0 0    
K 0 0 43    
K 0 0 60    
K 0 21 60    
A D 2 8    
J N 7 594 28 4 1729 576 0    
K 0 0 43    
K 0 0 60    
K 0 21 60    
A D 2 8    
J N 7 630 21 4 3457 576 0    
K 0 0 43    
K 0 0 60    
K 0 21 60    
A D 2 8    
J N 7 666 14 4 5185 576 0    
K 0 0 43    
K 0 0 60    
K 0 21 60    
A D 2 8    
J B 35 706 1 82 6913 576 0    
J N 6 727 7 2 1 0 1 20    
K 0 0 43    
A D 1 8    
J N 6 755 0 2 865 288 1 20    
K 0 0 43    
A D 1 8    
J N 6 783 -7 2 1729 288 1 20    
K 0 0 43    
A D 1 8    
J N 6 811 -14 5 2593 288 1 20    
K 0 0 45    
K 0 0 43    
K -1 0 45    
K 2 0 45    
A D 1 8    
H 20 B -53 -5 108 4 2 1 1 3    
J N 6 839 -21 5 3457 288 1 21    
K 0 7 45    
K 0 0 43    
K 0 7 45    
K 1 7 45    
A D 1 8    
J N 6 867 -28 6 4321 288 1 21    
K 0 14 45    
K 0 0 45    
K 0 0 43    
K -1 0 45    
K 2 0 45    
A D 1 8    
J N 6 895 -21 5 5185 288 1 21    
K 0 7 45    
K 0 0 43    
K 0 7 45    
K 1 7 45    
A D 1 8    
J N 6 923 -14 5 6049 288 1 21    
K 0 0 45    
K 0 0 43    
K -1 0 45    
K 2 0 45    
A D 1 8    
H 21 B -51 1 108 4 2 1 1 3    
J B 36 955 1 82 6913 288 0    
J N 7 976 -7 4 1 0 0    
K 0 0 43    
K 0 0 60    
K 0 21 60    
A D 2 8    
J R 6 1012 28 2 1729 576 0    
K 0 0 49    
A D 1 8    
J N 6 1040 21 3 2593 288 0    
K 0 0 43    
K 0 0 54    
A D 1 8    
J N 7 1068 0 4 3457 288 0    
K 0 0 43    
K 0 0 60    
K 0 21 60    
A D 2 8    
J R 6 1124 28 2 5185 576 0    
K 0 0 49    
A D 1 8    
J N 6 1152 28 3 6049 288 0    
K 0 0 43    
K 0 0 54    
A D 1 8    
J B 37 1184 1 82 6913 288 0    
J N 6 1205 21 2 1 0 1 22    
K 0 0 43    
A D 1 8    
J N 6 1233 35 2 865 288 1 22    
K 0 0 43    
A D 1 8    
H 22 B -53 4 108 2 2 3    
J N 7 1261 28 4 1729 288 0    
K 0 0 43    
K 0 0 60    
K 0 21 60    
A D 2 8    
J N 7 1297 28 5 3457 576 0    
K 0 0 43    
K 24 -6 44    
K 0 0 60    
K 0 21 60    
A D 3 8    
J N 6 1393 21 3 6049 864 0    
K 0 0 43    
K 0 0 54    
A D 1 8    
J B 38 1425 1 82 6913 288 0    
J N 6 1446 14 2 1 0 1 23    
K 0 0 43    
A D 1 8    
J N 6 1474 7 2 865 288 1 23    
K 0 0 43    
A D 1 8    
J N 6 1502 0 2 1729 288 1 23    
K 0 0 43    
A D 1 8    
J N 6 1530 14 2 2593 288 1 23    
K 0 0 43    
A D 1 8    
H 23 B -46 0 108 4 2 1 1 3    
J N 6 1558 -7 2 3457 288 1 24    
K 0 0 43    
A D 1 8    
J N 6 1586 7 2 4321 288 1 24    
K 0 0 43    
A D 1 8    
H 24 B -52 4 108 2 2 3    
J N 7 1614 0 4 5185 288 0    
K 0 0 43    
K 0 0 60    
K 0 21 60    
A D 2 8    
J B 39 1688 1 82 6913 576 0    
J N 7 1709 0 4 1 0 0    
K 0 0 43    
K 0 0 60    
K 0 21 60    
A D 2 8    
J N 7 1765 -21 7 1729 576 0    
K 0 7 45    
K 0 0 43    
K 0 7 45    
K 1 7 45    
K 0 0 60    
K 0 21 60    
A D 2 8    
J N 8 1801 -28 8 3457 576 0    
K 0 14 45    
K 0 0 45    
K 0 0 42    
K -1 0 45    
K 2 0 45    
K 0 0 60    
K 0 28 60    
A D 4 8    
J B 40 1877 1 82 6913 1152 0    
J N 7 1898 0 4 1 0 0    
K 0 0 43    
K 0 0 60    
K 0 21 60    
A D 2 8    
J N 7 1934 28 4 1729 576 0    
K 0 0 43    
K 0 0 60    
K 0 21 60    
A D 2 8    
J N 7 1970 21 4 3457 576 0    
K 0 0 43    
K 0 0 60    
K 0 21 60    
A D 2 8    
J N 7 2010 14 4 5185 576 0    
K 0 0 43    
K 0 0 60    
K 0 21 60    
A D 2 8    
J B 41 2050 1 82 6913 576 0    
E *    
L 1010 0 0 313 313 * 0 14 0    
J C 22 5 14 36 6913 0 0    
J K -1 57 0 1 6913 0 0    
K 0 42 65    
J D 0 -11 -14 1 6913 0 0    
W 0 0 0 \03\02    
J F 0 115 98 2 1 0 0    
K 0 0 206    
K 0 21 218    
J N 7 115 7 5 1 0 0    
K 0 0 43    
K 25 0 44    
K 0 0 60    
K 0 21 60    
A D 3 8    
J F 0 173 98 1 1729 576 0    
K 0 0 205    
J N 6 202 7 3 2593 288 0    
K 0 0 43    
K 0 0 54    
A D 1 8    
J F 0 231 98 1 3457 288 0    
K 0 0 206    
J N 6 231 0 2 3457 0 1 20    
K 0 0 43    
A D 1 8    
J N 6 260 7 2 4321 288 1 20    
K 0 0 43    
A D 1 8    
J F 0 288 98 1 5185 288 0    
K 0 0 205    
J N 6 288 0 2 5185 0 1 20    
K 0 0 43    
A D 1 8    
J N 6 316 14 2 6049 288 1 20    
K 0 0 43    
A D 1 8    
H 20 B -56 2 108 4 2 1 1 3    
J B 33 348 1 82 6913 288 0    
J F 0 369 98 2 1 0 0    
K 0 0 205    
K 0 21 204    
J N 6 369 -7 3 1 0 1 21    
K -14 0 64    
K 0 0 43    
A D 1 8    
J N 6 397 7 2 865 288 1 21    
K 0 0 43    
A D 1 8    
H 21 B -52 4 108 2 2 3    
J F 0 425 98 1 1729 288 0    
K 0 0 204    
J N 8 425 -14 7 1729 0 0    
K 0 0 45    
K 0 0 42    
K -1 0 45    
K 2 0 45    
K 0 0 60    
K 0 21 60    
A D 4 8    
J F 0 461 98 2 3457 576 0    
K 0 0 203    
K 0 21 201    
J F 0 497 98 2 5185 576 0    
K 0 0 205    
K 0 21 204    
J N 7 497 -7 4 5185 0 0    
K 0 0 43    
K 0 0 60    
K 0 21 60    
A D 2 8    
J B 34 537 1 82 6913 576 0    
J N 7 558 -14 7 1 0 0    
K 0 0 45    
K 0 0 43    
K -1 0 45    
K 2 0 45    
K 0 0 60    
K 0 21 60    
A D 2 8    
J R 7 594 28 2 1729 576 0    
K 0 0 48    
A D 2 8    
J R 8 630 28 2 3457 576 0    
K 0 0 47    
A D 4 8    
J B 35 706 1 82 6913 1152 0    
J R 8 727 28 2 1 0 0    
K 0 0 47    
A D 4 8    
J F 0 839 98 1 3457 1152 0    
K 0 0 203    
J N 8 839 35 4 3457 0 0    
K 0 0 42    
K 0 0 59    
K 0 -21 59    
A D 4 8    
J F 0 895 98 1 5185 576 0    
K 0 0 202    
J B 36 955 1 82 6913 576 0    
J F 0 976 98 1 1 0 0    
K 0 0 206    
J N 7 976 63 4 1 0 0    
K 0 0 43    
K 0 0 59    
K 0 -21 59    
A D 2 8    
J F 0 1012 98 1 1729 576 0    
K 0 0 204    
J N 8 1012 42 4 1729 0 0    
K 0 0 42    
K 0 0 59    
K 0 -21 59    
A D 4 8    
J F 0 1068 98 2 3457 576 0    
K 0 0 203    
K 0 21 201    
J F 0 1124 98 1 5185 576 0    
K 0 0 205    
J N 7 1124 49 4 5185 0 0    
K 0 0 43    
K 0 0 59    
K 0 -21 59    
A D 2 8    
J B 37 1184 1 82 6913 576 0    
J F 0 1205 98 1 1 0 0    
K 0 0 206    
J N 7 1205 56 4 1 0 0    
K 0 0 43    
K 0 0 59    
K 0 -21 59    
A D 2 8    
J F 0 1261 98 1 1729 576 0    
K 0 0 206    
J N 7 1261 35 4 1729 0 0    
K 0 0 43    
K 0 0 59    
K 0 -21 59    
A D 2 8    
J N 8 1297 14 4 3457 576 0    
K 0 0 42    
K 0 0 60    
K 0 21 60    
A D 4 8    
J B 38 1425 1 82 6913 1152 0    
J F 0 1446 98 1 1 0 0    
K 0 0 205    
J N 8 1446 21 4 1 0 0    
K 0 0 42    
K 0 0 60    
K 0 21 60    
A D 4 8    
J F 0 1558 98 1 3457 1152 0    
K 0 0 206    
J N 7 1558 28 4 3457 0 0    
K 0 0 43    
K 0 0 60    
K 0 21 60    
A D 2 8    
J F 0 1614 98 2 5185 576 0    
K 0 0 206    
K 0 21 218    
J N 7 1614 7 4 5185 0 0    
K 0 0 43    
K 0 0 60    
K 0 21 60    
A D 2 8    
J B 39 1688 1 82 6913 576 0    
J N 7 1709 35 4 1 0 0    
K 0 0 43    
K 0 0 59    
K 0 -21 59    
A D 2 8    
J F 0 1765 98 1 1729 576 0    
K 0 0 205    
J N 8 1765 -14 7 1729 0 0    
K 0 0 45    
K 0 0 42    
K -1 0 45    
K 2 0 45    
K 0 0 60    
K 0 21 60    
A D 4 8    
J F 0 1801 98 2 3457 576 0    
K 0 0 203    
K 0 21 201    
J F 0 1837 98 1 5185 576 0    
K 0 0 205    
J N 7 1837 -7 4 5185 0 1 22    
K 0 0 43    
K 0 0 60    
K 0 21 60    
A D 2 8    
J B 40 1877 1 82 6913 576 0    
J F 0 1898 98 1 1 0 0    
K 0 0 203    
J N 7 1898 -7 4 1 0 1 22    
K 0 0 43    
K 0 0 60    
K 0 21 60    
A D 2 8    
H 22 T -7 0 0 0 0 0 1 0    
J F 0 1934 98 1 1729 576 0    
K 0 0 205    
J N 7 1934 0 4 1729 0 0    
K 0 0 43    
K 0 0 60    
K 0 21 60    
A D 2 8    
J F 0 1970 98 2 3457 576 0    
K 0 0 205    
K 0 21 204    
J N 7 1970 42 5 3457 0 0    
K -14 0 64    
K 0 0 43    
K 0 0 59    
K 0 -21 59    
A D 2 8    
J F 0 2010 98 2 5185 576 0    
K 0 0 205    
K 0 21 204    
J N 7 2010 35 5 5185 0 0    
K -18 0 63    
K 0 0 43    
K 0 0 59    
K 0 -21 59    
A D 2 8    
J B 41 2050 1 82 6913 576 0    
E *    
B 1 348 0    
B 1 537 0    
B 1 706 0    
B 1 955 0    
B 1 1184 0    
B 1 1425 0    
B 1 1688 0    
B 1 1877 0    
B 1 2050 0    
