X 46 1200C 120 II. Allemanda 
S 0 500 240 1750 1066 7 "[...][....]" 
L 0 0 0 0 0 * 0 14 0 
J D 0 -300 21 2 6913 0 0 
W 0 0 39 Violino 1 
W 0 42 33 concertino 
J D 1 75 -37 1 6913 0 0 
W 0 -56 0 (44) II. Allemanda:  Violino 1 concertino                                                                
J C 4 5 42 2 6913 0 0 
K 0 0 33 
K 0 0 34 
J K 0 57 0 0 6913 0 0 
J D 5 57 -42 1 6913 0 0 
W 0 0 37 Allegro 
J T 101 57 42 1 6913 0 0 
K 0 0 37 
J N 6 105 21 2 1 0 1 1 
K 0 0 43 
A D 2 16 
J N 6 144 42 2 865 288 1 1 
K 0 0 43 
A D 2 16 
J N 6 183 21 2 1729 288 1 1 
K 0 0 43 
A D 2 16 
J N 6 222 7 2 2593 288 1 1 
K 0 0 43 
A D 2 16 
H 1 B -56 0 108 4 2 1 1 3 
J N 6 261 14 2 3457 288 1 2 
K 0 0 43 
A D 2 16 
J N 6 300 42 2 4321 288 1 2 
K 0 0 43 
A D 2 16 
J N 6 339 14 2 5185 288 1 2 
K 0 0 43 
A D 2 16 
J N 6 378 -7 2 6049 288 1 2 
K 0 0 43 
A D 2 16 
H 2 B -63 0 108 4 2 1 1 3 
J B 2 417 1 82 6913 288 0 
J N 6 438 7 2 1 0 1 3 
K 0 0 43 
A D 2 16 
J N 6 477 21 2 865 288 1 3 
K 0 0 43 
A D 2 16 
H 3 B -51 4 108 2 2 3 
J R 6 516 28 2 1729 288 0 
K 0 0 49 
A D 2 16 
J N 6 555 -14 6 2593 288 0 
K 0 0 45 
K 0 0 43 
K -1 0 45 
K 2 0 45 
K 0 0 54 
A D 2 16 
J N 5 594 -14 5 3457 288 2 4 5 
K 0 0 45 
K 0 0 43 
K -1 0 45 
K 2 0 45 
A D 1 16 
J N 5 620 -7 2 3889 144 1 5 
K 0 0 43 
A D 1 16 
J N 5 646 0 2 4321 144 1 5 
K 0 0 43 
A D 1 16 
J N 5 672 7 2 4753 144 1 5 
K 0 0 43 
A D 1 16 
H 5 B -59 5 108 4 22 11 11 33 
J N 6 698 14 2 5185 144 2 6 4 
K 0 0 43 
A D 2 16 
H 4 S 0 0 0 0 0 0 0 0 0 
J N 6 737 -7 2 6049 288 1 6 
K 0 0 43 
A D 2 16 
H 6 B -47 -4 108 2 2 3 
J B 3 775 1 82 6913 288 0 
J N 6 796 -7 2 1 0 1 7 
K 0 0 43 
A D 2 16 
J N 6 834 21 2 865 288 1 7 
K 0 0 43 
A D 2 16 
H 7 B -65 4 108 2 2 3 
J R 6 872 28 2 1729 288 0 
K 0 0 49 
A D 2 16 
J N 6 910 0 3 2593 288 0 
K 0 0 43 
K 0 0 54 
A D 2 16 
J N 5 948 0 2 3457 288 2 8 9 
K 0 0 43 
A D 1 16 
J N 5 974 7 2 3889 144 1 9 
K 0 0 43 
A D 1 16 
J N 5 1000 14 2 4321 144 1 9 
K 0 0 43 
A D 1 16 
J N 5 1026 21 2 4753 144 1 9 
K 0 0 43 
A D 1 16 
H 9 B -59 5 108 4 22 11 11 33 
J N 6 1052 28 2 5185 144 2 10 8 
K 0 0 43 
A D 2 16 
H 8 S 0 0 0 0 0 0 0 0 0 
J N 6 1090 7 2 6049 288 1 10 
K 0 0 43 
A D 2 16 
H 10 B -47 -4 108 2 2 3 
J B 4 1128 1 82 6913 288 0 
J N 6 1149 7 2 1 0 1 11 
K 0 0 43 
A D 2 16 
J N 6 1187 35 2 865 288 1 11 
K 0 0 43 
A D 2 16 
H 11 B -65 4 108 2 2 3 
J R 6 1225 28 2 1729 288 0 
K 0 0 49 
A D 2 16 
J N 6 1263 -14 6 2593 288 1 12 
K 0 0 45 
K 0 0 43 
K -1 0 45 
K 2 0 45 
K 0 0 54 
A D 2 16 
J N 6 1301 -7 2 3457 288 1 13 
K 0 0 43 
A D 2 16 
J N 6 1339 28 2 4321 288 1 13 
K 0 0 43 
A D 2 16 
J N 6 1377 21 2 5185 288 2 13 12 
K 0 0 43 
A D 2 16 
H 12 S 0 0 0 0 0 0 0 0 0 
J N 6 1415 49 2 6049 288 1 13 
K 0 0 43 
A D 2 16 
H 13 B -76 6 108 4 2 1 1 3 
J B 5 1453 1 82 6913 288 0 
J N 6 1474 56 2 1 0 1 14 
K 0 0 43 
A D 2 16 
J N 6 1512 21 2 865 288 1 14 
K 0 0 43 
A D 2 16 
J N 6 1550 63 2 1729 288 1 14 
K 0 0 43 
A D 2 16 
J N 6 1588 28 2 2593 288 1 14 
K 0 0 43 
A D 2 16 
H 14 B 77 0 108 4 2 1 1 3 
J N 7 1626 70 7 3457 288 0 
K 1 0 45 
K 0 0 43 
K -1 0 45 
K 2 0 45 
K 0 0 59 
K 0 -21 59 
A D 4 16 
J R 6 1674 28 2 5185 576 0 
K 0 0 49 
A D 2 16 
J N 6 1712 21 3 6049 288 0 
K 0 0 43 
K 0 0 54 
A D 2 16 
J B 6 1750 1 82 6913 288 0 
E * 
L 160 0 0 0 0 * 0 14 0 
J D 0 -300 21 2 6913 0 0 
W 0 0 39 Violino 2 
W 0 42 33 concertino 
J D 1 75 -37 1 6913 0 0 
W 0 -56 0 (44) II. Allemanda:  Violino 2 concertino                                                                
J C 4 5 42 2 6913 0 0 
K 0 0 33 
K 0 0 34 
J K 0 57 0 0 6913 0 0 
J D 5 57 -42 1 6913 0 0 
W 0 0 0 (37) Allegro 
J T 101 57 42 1 6913 0 0 
K 0 0 37 
J N 7 105 7 4 1 0 0 
K 0 0 43 
K 0 0 60 
K 0 21 60 
A D 2 8 
J N 7 183 21 4 1729 576 0 
K 0 0 43 
K 0 0 60 
K 0 21 60 
A D 2 8 
J N 7 261 -7 4 3457 576 0 
K 0 0 43 
K 0 0 60 
K 0 21 60 
A D 2 8 
J N 7 339 28 4 5185 576 0 
K 0 0 43 
K 0 0 60 
K 0 21 60 
A D 2 8 
J B 2 417 1 82 6913 576 0 
J N 7 438 21 4 1 0 0 
K 0 0 43 
K 0 0 60 
K 0 21 60 
A D 2 8 
J N 7 516 70 7 1729 576 0 
K 1 0 45 
K 0 0 43 
K -1 0 45 
K 2 0 45 
K 0 0 59 
K 0 -21 59 
A D 2 8 
J R 7 594 28 2 3457 576 0 
K 0 0 48 
A D 2 8 
J N 7 698 -7 4 5185 576 0 
K 0 0 43 
K 0 0 60 
K 0 21 60 
A D 2 8 
J B 3 775 1 82 6913 576 0 
J N 7 796 -28 8 1 0 0 
K 0 14 45 
K 0 0 45 
K 0 0 43 
K -1 0 45 
K 2 0 45 
K 0 0 60 
K 0 28 60 
A D 2 8 
J N 7 872 0 4 1729 576 0 
K 0 0 43 
K 0 0 60 
K 0 21 60 
A D 2 8 
J R 7 948 28 2 3457 576 0 
K 0 0 48 
A D 2 8 
J N 7 1052 7 4 5185 576 0 
K 0 0 43 
K 0 0 60 
K 0 21 60 
A D 2 8 
J B 4 1128 1 82 6913 576 0 
J N 7 1149 -14 7 1 0 0 
K 0 0 45 
K 0 0 43 
K -1 0 45 
K 2 0 45 
K 0 0 60 
K 0 21 60 
A D 2 8 
J N 7 1225 14 4 1729 576 0 
K 0 0 43 
K 0 0 60 
K 0 21 60 
A D 2 8 
J R 7 1301 28 2 3457 576 0 
K 0 0 48 
A D 2 8 
J N 7 1377 21 4 5185 576 0 
K 0 0 43 
K 0 0 60 
K 0 21 60 
A D 2 8 
J B 5 1453 1 82 6913 576 0 
J N 7 1474 42 4 1 0 0 
K 0 0 43 
K 0 0 59 
K 0 -21 59 
A D 2 8 
J N 7 1550 49 4 1729 576 0 
K 0 0 43 
K 0 0 59 
K 0 -21 59 
A D 2 8 
J N 7 1626 56 4 3457 576 0 
K 0 0 43 
K 0 0 59 
K 0 -21 59 
A D 2 8 
J N 7 1674 70 7 5185 576 0 
K 1 0 45 
K 0 0 43 
K -1 0 45 
K 2 0 45 
K 0 0 59 
K 0 -21 59 
A D 2 8 
J B 6 1750 1 82 6913 576 0 
E * 
L 320 0 0 0 0 * 0 14 0 
J D 0 -300 21 2 6913 0 0 
W 0 0 39 Violoncello 
W 0 42 33 concertino 
J D 1 75 -37 1 6913 0 0 
W 0 -56 0 (44) II. Allemanda:  Violoncello concertino                                                                
J C 22 5 14 36 6913 0 0 
J K 0 57 0 0 6913 0 0 
J D 5 57 -42 1 6913 0 0 
W 0 0 0 (37) Allegro 
J T 101 57 42 1 6913 0 0 
K 0 0 37 
J N 7 105 35 4 1 0 0 
K 0 0 43 
K 0 0 59 
K 0 -21 59 
A D 2 8 
J N 7 183 -14 7 1729 576 0 
K 0 0 45 
K 0 0 43 
K -1 0 45 
K 2 0 45 
K 0 0 60 
K 0 21 60 
A D 2 8 
J F 0 261 98 1 3457 576 0 
K 0 0 205 
J N 7 261 -7 4 3457 0 0 
K 0 0 43 
K 0 0 60 
K 0 21 60 
A D 2 8 
J N 7 339 7 4 5185 576 0 
K 0 0 43 
K 0 0 60 
K 0 21 60 
A D 2 8 
J B 2 417 1 82 6913 576 0 
J N 7 438 35 4 1 0 0 
K 0 0 43 
K 0 0 59 
K 0 -21 59 
A D 2 8 
J F 0 516 98 1 1729 576 0 
K 0 0 205 
J N 7 516 -14 7 1729 0 0 
K 0 0 45 
K 0 0 43 
K -1 0 45 
K 2 0 45 
K 0 0 60 
K 0 21 60 
A D 2 8 
J F 0 594 98 1 3457 576 0 
K 0 0 206 
J N 7 594 -7 4 3457 0 0 
K 0 0 43 
K 0 0 60 
K 0 21 60 
A D 2 8 
J F 0 698 98 1 5185 576 0 
K 0 0 205 
J N 7 698 42 4 5185 0 0 
K 0 0 43 
K 0 0 59 
K 0 -21 59 
A D 2 8 
J B 3 775 1 82 6913 576 0 
J F 0 796 98 1 1 0 0 
K 0 0 206 
J N 7 796 49 4 1 0 0 
K 0 0 43 
K 0 0 59 
K 0 -21 59 
A D 2 8 
J F 0 872 98 1 1729 576 0 
K 0 0 205 
J N 7 872 0 4 1729 0 0 
K 0 0 43 
K 0 0 60 
K 0 21 60 
A D 2 8 
J F 0 948 98 1 3457 576 0 
K 0 0 206 
J N 7 948 7 4 3457 0 0 
K 0 0 43 
K 0 0 60 
K 0 21 60 
A D 2 8 
J F 0 1052 98 1 5185 576 0 
K 0 0 205 
J N 7 1052 56 4 5185 0 0 
K 0 0 43 
K 0 0 59 
K 0 -21 59 
A D 2 8 
J B 4 1128 1 82 6913 576 0 
J F 0 1149 98 1 1 0 0 
K 0 0 206 
J N 7 1149 63 4 1 0 0 
K 0 0 43 
K 0 0 59 
K 0 -21 59 
A D 2 8 
J F 0 1225 98 1 1729 576 0 
K 0 0 205 
J N 8 1225 14 4 1729 0 0 
K 0 0 42 
K 0 0 60 
K 0 21 60 
A D 4 8 
J F 0 1301 98 2 3457 576 0 
K 0 0 203 
K 0 21 201 
J F 0 1377 98 1 5185 576 0 
K 0 0 205 
J N 6 1377 21 2 5185 0 1 1 
K 0 0 43 
A D 1 8 
J N 6 1415 14 2 6049 288 1 1 
K 0 0 43 
A D 1 8 
H 1 B -41 -3 108 2 2 3 
J B 5 1453 1 82 6913 288 0 
J F 0 1474 98 2 1 0 0 
K 0 0 205 
K 0 21 203 
J N 7 1474 7 4 1 0 0 
K 0 0 43 
K 0 0 60 
K 0 21 60 
A D 2 8 
J F 0 1550 98 2 1729 576 0 
K 0 0 204 
K 0 21 202 
J N 7 1550 56 4 1729 0 0 
K 0 0 43 
K 0 0 59 
K 0 -21 59 
A D 2 8 
J N 7 1626 35 4 3457 576 0 
K 0 0 43 
K 0 0 59 
K 0 -21 59 
A D 2 8 
J N 7 1674 -14 7 5185 576 0 
K 0 0 45 
K 0 0 43 
K -1 0 45 
K 2 0 45 
K 0 0 60 
K 0 21 60 
A D 2 8 
J B 6 1750 1 82 6913 576 0 
E * 
L 530 0 0 0 0 * 0 14 0 
J D 0 -300 21 2 6913 0 0 
W 0 0 39 Violino 1 
W 0 42 33 concerto grosso 
J D 1 75 -37 1 6913 0 0 
W 0 -56 0 (44) II. Allemanda:  Violino 1 concerto grosso                                                                
J C 4 5 42 2 6913 0 0 
K 0 0 33 
K 0 0 34 
J K 0 57 0 0 6913 0 0 
J D 5 57 -42 1 6913 0 0 
W 0 0 0 (37) Allegro 
J T 101 57 42 1 6913 0 0 
K 0 0 37 
J N 6 105 21 2 1 0 1 1 
K 0 0 43 
A D 2 16 
J N 6 144 42 2 865 288 1 1 
K 0 0 43 
A D 2 16 
J N 6 183 21 2 1729 288 1 1 
K 0 0 43 
A D 2 16 
J N 6 222 7 2 2593 288 1 1 
K 0 0 43 
A D 2 16 
H 1 B -56 0 108 4 2 1 1 3 
J N 6 261 14 2 3457 288 1 2 
K 0 0 43 
A D 2 16 
J N 6 300 42 2 4321 288 1 2 
K 0 0 43 
A D 2 16 
J N 6 339 14 2 5185 288 1 2 
K 0 0 43 
A D 2 16 
J N 6 378 -7 2 6049 288 1 2 
K 0 0 43 
A D 2 16 
H 2 B -63 0 108 4 2 1 1 3 
J B 2 417 1 82 6913 288 0 
J N 6 438 7 2 1 0 1 3 
K 0 0 43 
A D 2 16 
J N 6 477 21 2 865 288 1 3 
K 0 0 43 
A D 2 16 
H 3 B -51 4 108 2 2 3 
J R 6 516 28 2 1729 288 0 
K 0 0 49 
A D 2 16 
J N 6 555 -14 6 2593 288 0 
K 0 0 45 
K 0 0 43 
K -1 0 45 
K 2 0 45 
K 0 0 54 
A D 2 16 
J N 5 594 -14 5 3457 288 2 4 5 
K 0 0 45 
K 0 0 43 
K -1 0 45 
K 2 0 45 
A D 1 16 
J N 5 620 -7 2 3889 144 1 5 
K 0 0 43 
A D 1 16 
J N 5 646 0 2 4321 144 1 5 
K 0 0 43 
A D 1 16 
J N 5 672 7 2 4753 144 1 5 
K 0 0 43 
A D 1 16 
H 5 B -59 5 108 4 22 11 11 33 
J N 6 698 14 2 5185 144 2 6 4 
K 0 0 43 
A D 2 16 
H 4 S 0 0 0 0 0 0 0 0 0 
J N 6 737 -7 2 6049 288 1 6 
K 0 0 43 
A D 2 16 
H 6 B -47 -4 108 2 2 3 
J B 3 775 1 82 6913 288 0 
J N 6 796 -7 2 1 0 1 7 
K 0 0 43 
A D 2 16 
J N 6 834 21 2 865 288 1 7 
K 0 0 43 
A D 2 16 
H 7 B -65 4 108 2 2 3 
J R 6 872 28 2 1729 288 0 
K 0 0 49 
A D 2 16 
J N 6 910 0 3 2593 288 0 
K 0 0 43 
K 0 0 54 
A D 2 16 
J N 5 948 0 2 3457 288 2 8 9 
K 0 0 43 
A D 1 16 
J N 5 974 7 2 3889 144 1 9 
K 0 0 43 
A D 1 16 
J N 5 1000 14 2 4321 144 1 9 
K 0 0 43 
A D 1 16 
J N 5 1026 21 2 4753 144 1 9 
K 0 0 43 
A D 1 16 
H 9 B -59 5 108 4 22 11 11 33 
J N 6 1052 28 2 5185 144 2 10 8 
K 0 0 43 
A D 2 16 
H 8 S 0 0 0 0 0 0 0 0 0 
J N 6 1090 7 2 6049 288 1 10 
K 0 0 43 
A D 2 16 
H 10 B -47 -4 108 2 2 3 
J B 4 1128 1 82 6913 288 0 
J N 6 1149 7 2 1 0 1 11 
K 0 0 43 
A D 2 16 
J N 6 1187 35 2 865 288 1 11 
K 0 0 43 
A D 2 16 
H 11 B -65 4 108 2 2 3 
J R 6 1225 28 2 1729 288 0 
K 0 0 49 
A D 2 16 
J N 6 1263 -14 6 2593 288 1 12 
K 0 0 45 
K 0 0 43 
K -1 0 45 
K 2 0 45 
K 0 0 54 
A D 2 16 
J N 6 1301 -7 2 3457 288 1 13 
K 0 0 43 
A D 2 16 
J N 6 1339 28 2 4321 288 1 13 
K 0 0 43 
A D 2 16 
J N 6 1377 21 2 5185 288 2 13 12 
K 0 0 43 
A D 2 16 
H 12 S 0 0 0 0 0 0 0 0 0 
J N 6 1415 49 2 6049 288 1 13 
K 0 0 43 
A D 2 16 
H 13 B -76 6 108 4 2 1 1 3 
J B 5 1453 1 82 6913 288 0 
J N 6 1474 56 2 1 0 1 14 
K 0 0 43 
A D 2 16 
J N 6 1512 21 2 865 288 1 14 
K 0 0 43 
A D 2 16 
J N 6 1550 63 2 1729 288 1 14 
K 0 0 43 
A D 2 16 
J N 6 1588 28 2 2593 288 1 14 
K 0 0 43 
A D 2 16 
H 14 B 77 0 108 4 2 1 1 3 
J N 7 1626 70 7 3457 288 0 
K 1 0 45 
K 0 0 43 
K -1 0 45 
K 2 0 45 
K 0 0 59 
K 0 -21 59 
A D 4 16 
J R 6 1674 28 2 5185 576 0 
K 0 0 49 
A D 2 16 
J N 6 1712 21 3 6049 288 0 
K 0 0 43 
K 0 0 54 
A D 2 16 
J B 6 1750 1 82 6913 288 0 
E * 
L 690 0 0 0 0 * 0 14 0 
J D 0 -300 21 2 6913 0 0 
W 0 0 39 Violino 2 
W 0 42 33 concerto grosso 
J D 1 75 -37 1 6913 0 0 
W 0 -56 0 (44) II. Allemanda:  Violino 2 concerto grosso                                                                
J C 4 5 42 2 6913 0 0 
K 0 0 33 
K 0 0 34 
J K 0 57 0 0 6913 0 0 
J D 5 57 -42 1 6913 0 0 
W 0 0 0 (37) Allegro 
J T 101 57 42 1 6913 0 0 
K 0 0 37 
J N 7 105 7 4 1 0 0 
K 0 0 43 
K 0 0 60 
K 0 21 60 
A D 2 8 
J N 7 183 21 4 1729 576 0 
K 0 0 43 
K 0 0 60 
K 0 21 60 
A D 2 8 
J N 7 261 -7 4 3457 576 0 
K 0 0 43 
K 0 0 60 
K 0 21 60 
A D 2 8 
J N 7 339 28 4 5185 576 0 
K 0 0 43 
K 0 0 60 
K 0 21 60 
A D 2 8 
J B 2 417 1 82 6913 576 0 
J N 7 438 21 4 1 0 0 
K 0 0 43 
K 0 0 60 
K 0 21 60 
A D 2 8 
J N 7 516 70 7 1729 576 0 
K 1 0 45 
K 0 0 43 
K -1 0 45 
K 2 0 45 
K 0 0 59 
K 0 -21 59 
A D 2 8 
J R 7 594 28 2 3457 576 0 
K 0 0 48 
A D 2 8 
J N 7 698 -7 4 5185 576 0 
K 0 0 43 
K 0 0 60 
K 0 21 60 
A D 2 8 
J B 3 775 1 82 6913 576 0 
J N 7 796 -28 8 1 0 0 
K 0 14 45 
K 0 0 45 
K 0 0 43 
K -1 0 45 
K 2 0 45 
K 0 0 60 
K 0 28 60 
A D 2 8 
J N 7 872 0 4 1729 576 0 
K 0 0 43 
K 0 0 60 
K 0 21 60 
A D 2 8 
J R 7 948 28 2 3457 576 0 
K 0 0 48 
A D 2 8 
J N 7 1052 7 4 5185 576 0 
K 0 0 43 
K 0 0 60 
K 0 21 60 
A D 2 8 
J B 4 1128 1 82 6913 576 0 
J N 7 1149 -14 7 1 0 0 
K 0 0 45 
K 0 0 43 
K -1 0 45 
K 2 0 45 
K 0 0 60 
K 0 21 60 
A D 2 8 
J N 7 1225 14 4 1729 576 0 
K 0 0 43 
K 0 0 60 
K 0 21 60 
A D 2 8 
J R 7 1301 28 2 3457 576 0 
K 0 0 48 
A D 2 8 
J N 7 1377 21 4 5185 576 0 
K 0 0 43 
K 0 0 60 
K 0 21 60 
A D 2 8 
J B 5 1453 1 82 6913 576 0 
J N 7 1474 42 4 1 0 0 
K 0 0 43 
K 0 0 59 
K 0 -21 59 
A D 2 8 
J N 7 1550 49 4 1729 576 0 
K 0 0 43 
K 0 0 59 
K 0 -21 59 
A D 2 8 
J N 7 1626 56 4 3457 576 0 
K 0 0 43 
K 0 0 59 
K 0 -21 59 
A D 2 8 
J N 7 1674 70 7 5185 576 0 
K 1 0 45 
K 0 0 43 
K -1 0 45 
K 2 0 45 
K 0 0 59 
K 0 -21 59 
A D 2 8 
J B 6 1750 1 82 6913 576 0 
E * 
L 850 0 0 0 0 * 0 14 0 
J D 0 -300 42 1 6913 0 0 
W 0 0 39 Viola 
J D 1 75 -37 1 6913 0 0 
W 0 -56 0 (44) II. Allemanda:  Viola 
J C 13 5 28 35 6913 0 0 
J K 0 57 0 0 6913 0 0 
J D 5 57 -42 1 6913 0 0 
W 0 0 0 (37) Allegro 
J T 101 57 42 1 6913 0 0 
K 0 0 37 
J N 7 105 0 4 1 0 0 
K 0 0 43 
K 0 0 60 
K 0 21 60 
A D 2 8 
J R 7 183 28 2 1729 576 0 
K 0 0 48 
A D 2 8 
J N 7 261 0 4 3457 576 0 
K 0 0 43 
K 0 0 60 
K 0 21 60 
A D 2 8 
J N 7 339 0 4 5185 576 0 
K 0 0 43 
K 0 0 60 
K 0 21 60 
A D 2 8 
J B 2 417 1 82 6913 576 0 
J N 7 438 0 4 1 0 0 
K 0 0 43 
K 0 0 60 
K 0 21 60 
A D 2 8 
J N 7 516 14 4 1729 576 0 
K 0 0 43 
K 0 0 60 
K 0 21 60 
A D 2 8 
J N 7 594 21 4 3457 576 0 
K 0 0 43 
K 0 0 60 
K 0 21 60 
A D 2 8 
J N 7 698 0 4 5185 576 0 
K 0 0 43 
K 0 0 60 
K 0 21 60 
A D 2 8 
J B 3 775 1 82 6913 576 0 
J R 7 796 28 2 1 0 0 
K 0 0 48 
A D 2 8 
J N 7 872 28 4 1729 576 0 
K 0 0 43 
K 0 0 60 
K 0 21 60 
A D 2 8 
J N 7 948 35 4 3457 576 0 
K 0 0 43 
K 0 0 59 
K 0 -21 59 
A D 2 8 
J N 7 1052 14 4 5185 576 0 
K 0 0 43 
K 0 0 60 
K 0 21 60 
A D 2 8 
J B 4 1128 1 82 6913 576 0 
J R 7 1149 28 2 1 0 0 
K 0 0 48 
A D 2 8 
J N 7 1225 42 4 1729 576 0 
K 0 0 43 
K 0 0 59 
K 0 -21 59 
A D 2 8 
J N 6 1301 35 2 3457 576 2 1 2 
K 0 0 43 
A D 1 8 
J N 6 1339 49 2 4321 288 2 2 1 
K 0 0 43 
A D 1 8 
H 2 B 43 4 108 2 2 3 
H 1 S 12 -2 0 0 0 0 0 0 0 
J N 7 1377 28 4 5185 288 0 
K 0 0 43 
K 0 0 60 
K 0 21 60 
A D 2 8 
J B 5 1453 1 82 6913 576 0 
J R 7 1474 28 2 1 0 0 
K 0 0 48 
A D 2 8 
J N 7 1550 0 4 1729 576 0 
K 0 0 43 
K 0 0 60 
K 0 21 60 
A D 2 8 
J N 8 1626 0 4 3457 576 0 
K 0 0 42 
K 0 0 60 
K 0 21 60 
A D 4 8 
J B 6 1750 1 82 6913 1152 0 
E * 
L 1010 0 0 0 0 * 0 14 0 
J D 0 -300 21 2 6913 0 0 
W 0 0 39 Basso 
W 0 42 33 concerto grosso 
J D 1 75 -37 1 6913 0 0 
W 0 -56 0 (44) II. Allemanda:  Basso concerto grosso                                                                
J C 22 5 14 36 6913 0 0 
J K 0 57 0 0 6913 0 0 
J D 5 57 -42 1 6913 0 0 
W 0 0 0 (37) Allegro 
J T 101 57 42 1 6913 0 0 
K 0 0 37 
J N 7 105 35 4 1 0 0 
K 0 0 43 
K 0 0 59 
K 0 -21 59 
A D 2 8 
J N 7 183 -14 7 1729 576 0 
K 0 0 45 
K 0 0 43 
K -1 0 45 
K 2 0 45 
K 0 0 60 
K 0 21 60 
A D 2 8 
J F 0 261 98 1 3457 576 0 
K 0 0 205 
J N 7 261 -7 4 3457 0 0 
K 0 0 43 
K 0 0 60 
K 0 21 60 
A D 2 8 
J N 7 339 7 4 5185 576 0 
K 0 0 43 
K 0 0 60 
K 0 21 60 
A D 2 8 
J B 2 417 1 82 6913 576 0 
J N 7 438 35 4 1 0 0 
K 0 0 43 
K 0 0 59 
K 0 -21 59 
A D 2 8 
J F 0 516 98 1 1729 576 0 
K 0 0 205 
J N 7 516 -14 7 1729 0 0 
K 0 0 45 
K 0 0 43 
K -1 0 45 
K 2 0 45 
K 0 0 60 
K 0 21 60 
A D 2 8 
J F 0 594 98 1 3457 576 0 
K 0 0 206 
J N 7 594 -7 4 3457 0 0 
K 0 0 43 
K 0 0 60 
K 0 21 60 
A D 2 8 
J F 0 698 98 1 5185 576 0 
K 0 0 205 
J N 7 698 42 4 5185 0 0 
K 0 0 43 
K 0 0 59 
K 0 -21 59 
A D 2 8 
J B 3 775 1 82 6913 576 0 
J F 0 796 98 1 1 0 0 
K 0 0 206 
J N 7 796 49 4 1 0 0 
K 0 0 43 
K 0 0 59 
K 0 -21 59 
A D 2 8 
J F 0 872 98 1 1729 576 0 
K 0 0 205 
J N 7 872 0 4 1729 0 0 
K 0 0 43 
K 0 0 60 
K 0 21 60 
A D 2 8 
J F 0 948 98 1 3457 576 0 
K 0 0 206 
J N 7 948 7 4 3457 0 0 
K 0 0 43 
K 0 0 60 
K 0 21 60 
A D 2 8 
J F 0 1052 98 1 5185 576 0 
K 0 0 205 
J N 7 1052 56 4 5185 0 0 
K 0 0 43 
K 0 0 59 
K 0 -21 59 
A D 2 8 
J B 4 1128 1 82 6913 576 0 
J F 0 1149 98 1 1 0 0 
K 0 0 206 
J N 7 1149 63 4 1 0 0 
K 0 0 43 
K 0 0 59 
K 0 -21 59 
A D 2 8 
J F 0 1225 98 1 1729 576 0 
K 0 0 205 
J N 8 1225 14 4 1729 0 0 
K 0 0 42 
K 0 0 60 
K 0 21 60 
A D 4 8 
J F 0 1301 98 2 3457 576 0 
K 0 0 203 
K 0 21 201 
J F 0 1377 98 1 5185 576 0 
K 0 0 205 
J N 6 1377 21 2 5185 0 1 1 
K 0 0 43 
A D 1 8 
J N 6 1415 14 2 6049 288 1 1 
K 0 0 43 
A D 1 8 
H 1 B -41 -3 108 2 2 3 
J B 5 1453 1 82 6913 288 0 
J F 0 1474 98 2 1 0 0 
K 0 0 205 
K 0 21 203 
J N 7 1474 7 4 1 0 0 
K 0 0 43 
K 0 0 60 
K 0 21 60 
A D 2 8 
J F 0 1550 98 2 1729 576 0 
K 0 0 204 
K 0 21 202 
J N 7 1550 56 4 1729 0 0 
K 0 0 43 
K 0 0 59 
K 0 -21 59 
A D 2 8 
J N 7 1626 35 4 3457 576 0 
K 0 0 43 
K 0 0 59 
K 0 -21 59 
A D 2 8 
J N 7 1674 -14 7 5185 576 0 
K 0 0 45 
K 0 0 43 
K -1 0 45 
K 2 0 45 
K 0 0 60 
K 0 21 60 
A D 2 8 
J B 6 1750 1 82 6913 576 0 
E * 
B 1 417 0 
B 1 775 0 
B 1 1128 0 
B 1 1453 0 
B 1 1750 0 
S 0 200 1610 2050 1066 7 "[...][....]" 
L 0 0 0 300 300 * 0 14 0 
J C 4 5 42 2 6913 0 0 
K 0 0 33 
K 0 0 34 
J K 0 57 0 0 6913 0 0 
J D 0 5 -14 1 6913 0 0 
W 0 0 37 \06 
J N 6 100 14 2 1 0 1 15 
K 0 0 43 
A D 2 16 
J N 6 145 42 2 865 288 1 15 
K 0 0 43 
A D 2 16 
J N 6 190 14 2 1729 288 1 15 
K 0 0 43 
A D 2 16 
J N 6 235 -7 2 2593 288 1 15 
K 0 0 43 
A D 2 16 
H 15 B -63 0 108 4 2 1 1 3 
J N 6 280 7 2 3457 288 1 16 
K 0 0 43 
A D 2 16 
J N 6 325 21 2 4321 288 1 16 
K 0 0 43 
A D 2 16 
J N 6 370 7 2 5185 288 1 16 
K 0 0 43 
A D 2 16 
J N 6 415 -7 2 6049 288 1 16 
K 0 0 43 
A D 2 16 
H 16 B -56 0 108 4 2 1 1 3 
J B 7 460 1 82 6913 288 0 
J N 6 487 0 3 1 0 1 17 
K -18 0 63 
K 0 0 43 
A D 2 16 
J N 6 532 14 2 865 288 1 17 
K 0 0 43 
A D 2 16 
J N 6 577 0 2 1729 288 1 17 
K 0 0 43 
A D 2 16 
J N 6 622 -14 5 2593 288 1 17 
K 0 0 45 
K 0 0 43 
K -1 0 45 
K 2 0 45 
A D 2 16 
H 17 B -60 0 108 4 2 1 1 3 
J N 6 667 -21 5 3457 288 1 18 
K 0 7 45 
K 0 0 43 
K 0 7 45 
K 1 7 45 
A D 2 16 
J N 6 712 -7 2 4321 288 1 18 
K 0 0 43 
A D 2 16 
H 18 B -52 3 108 2 2 3 
J R 6 757 28 2 5185 288 0 
K 0 0 49 
A D 2 16 
J N 6 801 7 3 6049 288 0 
K 0 0 43 
K 0 0 54 
A D 2 16 
J B 8 845 1 82 6913 288 0 
J N 5 868 7 2 1 0 2 19 20 
K 0 0 43 
A D 1 16 
J N 5 897 14 2 433 144 1 20 
K 0 0 43 
A D 1 16 
J N 5 926 21 2 865 144 1 20 
K 0 0 43 
A D 1 16 
J N 5 955 28 2 1297 144 1 20 
K 0 0 43 
A D 1 16 
H 20 B -53 4 108 4 22 11 11 33 
J N 6 984 35 2 1729 144 2 21 19 
K 0 0 43 
A D 2 16 
H 19 S 0 0 0 0 0 0 0 0 0 
J N 6 1028 14 2 2593 288 1 21 
K 0 0 43 
A D 2 16 
H 21 B -42 -9 108 2 2 3 
J N 6 1072 14 2 3457 288 1 22 
K 0 0 43 
A D 2 16 
J N 6 1116 42 2 4321 288 1 22 
K 0 0 43 
A D 2 16 
H 22 B -53 12 108 2 2 3 
J R 6 1160 28 2 5185 288 0 
K 0 0 49 
A D 2 16 
J N 6 1204 21 3 6049 288 0 
K 0 0 43 
K 0 0 54 
A D 2 16 
J B 9 1248 1 82 6913 288 0 
J N 5 1275 21 2 1 0 2 23 24 
K 0 0 43 
A D 1 16 
J N 5 1304 28 2 433 144 1 24 
K 0 0 43 
A D 1 16 
J N 5 1333 35 2 865 144 1 24 
K 0 0 43 
A D 1 16 
J N 5 1362 42 2 1297 144 1 24 
K 0 0 43 
A D 1 16 
H 24 B 51 4 108 4 22 11 11 33 
J N 6 1407 49 3 1729 144 2 25 23 
K -18 0 63 
K 0 0 43 
A D 2 16 
H 23 S 12 -1 -7 0 0 1 0 0 3 
J N 6 1451 28 2 2593 288 1 25 
K 0 0 43 
A D 2 16 
H 25 B 53 -9 108 2 2 3 
J N 6 1495 28 2 3457 288 1 26 
K 0 0 43 
A D 2 16 
J N 6 1539 56 2 4321 288 1 26 
K 0 0 43 
A D 2 16 
H 26 B 48 12 108 2 2 3 
J R 6 1583 28 2 5185 288 0 
K 0 0 49 
A D 2 16 
J N 6 1627 7 3 6049 288 1 27 
K 0 0 43 
K 0 0 54 
A D 2 16 
J B 10 1671 1 82 6913 288 0 
J N 6 1698 14 2 1 0 1 28 
K 0 0 43 
A D 2 16 
J N 6 1742 49 3 865 288 1 28 
K -18 0 63 
K 0 0 43 
A D 2 16 
J N 6 1786 42 2 1729 288 2 28 27 
K 0 0 43 
A D 2 16 
H 27 S 0 0 -7 6 -49 5 0 -1 2 
J N 6 1830 70 5 2593 288 1 28 
K 1 0 45 
K 0 0 43 
K -1 0 45 
K 2 0 45 
A D 2 16 
H 28 B 42 5 108 4 2 1 1 3 
J N 6 1874 77 5 3457 288 1 29 
K 1 -7 45 
K 0 0 43 
K 0 -7 45 
K 1 -7 45 
A D 2 16 
J N 6 1918 42 2 4321 288 1 29 
K 0 0 43 
A D 2 16 
J N 6 1962 84 6 5185 288 1 29 
K 1 -14 45 
K 1 0 45 
K 0 0 43 
K -1 0 45 
K 2 0 45 
A D 2 16 
J N 6 2006 49 2 6049 288 1 29 
K 0 0 43 
A D 2 16 
H 29 B 81 0 108 4 2 1 1 3 
J B 11 2050 1 82 6913 288 0 
E * 
L 160 0 0 300 300 * 0 14 0 
J C 4 5 42 2 6913 0 0 
K 0 0 33 
K 0 0 34 
J K 0 57 0 0 6913 0 0 
J D 0 5 -14 1 6913 0 0 
W 0 0 0 \06 
J R 7 100 28 2 1 0 0 
K 0 0 48 
A D 2 8 
J N 7 190 14 4 1729 576 0 
K 0 0 43 
K 0 0 60 
K 0 21 60 
A D 2 8 
J N 7 280 14 5 3457 576 1 1 
K 0 0 43 
K 0 -24 236 
K 0 0 60 
K 0 21 60 
A D 2 8 
J N 7 370 21 4 5185 576 1 1 
K 0 0 43 
K 0 0 60 
K 0 21 60 
A D 2 8 
H 1 S 0 0 0 0 0 0 0 0 0 
J B 7 460 1 82 6913 576 0 
J R 7 487 28 2 1 0 0 
K 0 0 48 
A D 2 8 
J N 7 577 -14 7 1729 576 0 
K 0 0 45 
K 0 0 43 
K -1 0 45 
K 2 0 45 
K 0 0 60 
K 0 21 60 
A D 2 8 
J N 7 667 -14 8 3457 576 1 2 
K 0 0 45 
K 0 0 43 
K -1 0 45 
K 2 0 45 
K 0 -22 236 
K 0 0 60 
K 0 21 60 
A D 2 8 
J N 7 757 -7 4 5185 576 1 2 
K 0 0 43 
K 0 0 60 
K 0 21 60 
A D 2 8 
H 2 S 0 0 0 0 0 0 0 0 0 
J B 8 845 1 82 6913 576 0 
J R 7 868 28 2 1 0 0 
K 0 0 48 
A D 2 8 
J N 7 984 14 4 1729 576 0 
K 0 0 43 
K 0 0 60 
K 0 21 60 
A D 2 8 
J N 7 1072 -7 4 3457 576 0 
K 0 0 43 
K 0 0 60 
K 0 21 60 
A D 2 8 
J N 7 1160 21 4 5185 576 0 
K 0 0 43 
K 0 0 60 
K 0 21 60 
A D 2 8 
J B 9 1248 1 82 6913 576 0 
J R 7 1275 28 2 1 0 0 
K 0 0 48 
A D 2 8 
J N 7 1407 28 4 1729 576 0 
K 0 0 43 
K 0 0 60 
K 0 21 60 
A D 2 8 
J N 7 1495 7 4 3457 576 0 
K 0 0 43 
K 0 0 60 
K 0 21 60 
A D 2 8 
J N 7 1583 35 4 5185 576 0 
K 0 0 43 
K 0 0 59 
K 0 -21 59 
A D 2 8 
J B 10 1671 1 82 6913 576 0 
J R 7 1698 28 2 1 0 0 
K 0 0 48 
A D 2 8 
J N 7 1786 42 4 1729 576 0 
K 0 0 43 
K 0 0 59 
K 0 -21 59 
A D 2 8 
J N 7 1874 14 5 3457 576 0 
K 0 0 43 
K 24 -6 44 
K 0 0 60 
K 0 21 60 
A D 3 8 
J N 6 2006 35 3 6049 864 0 
K 0 0 43 
K 0 0 53 
A D 1 8 
J B 11 2050 1 82 6913 288 0 
E * 
L 320 0 0 300 300 * 0 14 0 
J C 22 5 14 36 6913 0 0 
J K 0 57 0 0 6913 0 0 
J D 0 5 -14 1 6913 0 0 
W 0 0 0 \06 
J F 0 100 98 1 1 0 0 
K 0 0 205 
J N 7 100 -7 4 1 0 0 
K 0 0 43 
K 0 0 60 
K 0 21 60 
A D 2 8 
J N 7 190 7 4 1729 576 0 
K 0 0 43 
K 0 0 60 
K 0 21 60 
A D 2 8 
J F 0 280 98 1 3457 576 0 
K 0 0 208 
J N 7 280 35 4 3457 0 0 
K 0 0 43 
K 0 0 59 
K 0 -21 59 
A D 2 8 
J F 0 370 98 1 5185 576 0 
K 0 0 207 
J N 7 370 -14 7 5185 0 0 
K 0 0 45 
K 0 0 43 
K -1 0 45 
K 2 0 45 
K 0 0 60 
K 0 21 60 
A D 2 8 
J B 7 460 1 82 6913 576 0 
J F 0 487 98 1 1 0 0 
K 0 0 213 
J N 7 487 -21 7 1 0 0 
K 0 7 45 
K 0 0 43 
K 0 7 45 
K 1 7 45 
K 0 0 60 
K 0 21 60 
A D 2 8 
J N 7 577 28 4 1729 576 0 
K 0 0 43 
K 0 0 60 
K 0 21 60 
A D 2 8 
J F 0 667 98 1 3457 576 0 
K 0 0 208 
J N 7 667 7 4 3457 0 0 
K 0 0 43 
K 0 0 60 
K 0 21 60 
A D 2 8 
J F 0 757 98 2 5185 576 0 
K 0 0 207 
K 0 21 205 
J N 7 757 -42 10 5185 0 0 
K 0 28 45 
K 0 14 45 
K 0 0 45 
K 0 0 43 
K -1 0 45 
K 2 0 45 
K 0 0 60 
K 0 28 60 
K 0 42 60 
A D 2 8 
J B 8 845 1 82 6913 576 0 
J F 0 868 98 1 1 0 0 
K 0 0 206 
J N 7 868 -35 10 1 0 0 
K 0 21 45 
K 0 7 45 
K -18 0 63 
K 0 0 43 
K 0 7 45 
K 1 7 45 
K 0 0 60 
K 0 28 60 
K 0 35 60 
A D 2 8 
J F 0 984 98 1 1729 576 0 
K 0 0 205 
J N 7 984 14 5 1729 0 0 
K -18 0 63 
K 0 0 43 
K 0 0 60 
K 0 21 60 
A D 2 8 
J F 0 1072 98 1 3457 576 0 
K 0 0 206 
J N 7 1072 21 4 3457 0 0 
K 0 0 43 
K 0 0 60 
K 0 21 60 
A D 2 8 
J F 0 1160 98 1 5185 576 0 
K 0 0 205 
J N 7 1160 -28 8 5185 0 0 
K 0 14 45 
K 0 0 45 
K 0 0 43 
K -1 0 45 
K 2 0 45 
K 0 0 60 
K 0 28 60 
A D 2 8 
J B 9 1248 1 82 6913 576 0 
J F 0 1275 98 1 1 0 0 
K 0 0 206 
J N 7 1275 -21 7 1 0 0 
K 0 7 45 
K 0 0 43 
K 0 7 45 
K 1 7 45 
K 0 0 60 
K 0 21 60 
A D 2 8 
J F 0 1407 98 1 1729 576 0 
K 0 0 205 
J N 7 1407 28 4 1729 0 0 
K 0 0 43 
K 0 0 60 
K 0 21 60 
A D 2 8 
J F 0 1495 98 1 3457 576 0 
K 0 0 206 
J N 7 1495 35 4 3457 0 0 
K 0 0 43 
K 0 0 59 
K 0 -21 59 
A D 2 8 
J F 0 1583 98 1 5185 576 0 
K 0 0 205 
J N 7 1583 -14 7 5185 0 1 2 
K 0 0 45 
K 0 0 43 
K -1 0 45 
K 2 0 45 
K 0 0 60 
K 0 21 60 
A D 2 8 
J B 10 1671 1 82 6913 576 0 
J F 0 1698 98 2 1 0 0 
K 0 0 214 
K 0 21 201 
J N 7 1698 -14 7 1 0 1 2 
K 0 0 45 
K 0 0 43 
K -1 0 45 
K 2 0 45 
K 0 0 60 
K 0 21 60 
A D 2 8 
H 2 T -14 0 0 0 0 0 5 0 
J F 0 1786 98 1 1729 576 0 
K 0 0 205 
J N 6 1786 -7 2 1729 0 1 3 
K 0 0 43 
A D 1 8 
J N 6 1830 -14 5 2593 288 1 3 
K 0 0 45 
K 0 0 43 
K -1 0 45 
K 2 0 45 
A D 1 8 
H 3 B -42 -3 108 2 2 3 
J F 0 1874 98 2 3457 288 0 
K 0 0 205 
K 0 21 203 
J N 7 1874 -21 7 3457 0 0 
K 0 7 45 
K 0 0 43 
K 0 7 45 
K 1 7 45 
K 0 0 60 
K 0 21 60 
A D 2 8 
J F 0 1962 98 2 5185 576 0 
K 0 0 204 
K 0 21 213 
J N 7 1962 28 4 5185 0 0 
K 0 0 43 
K 0 0 60 
K 0 21 60 
A D 2 8 
J B 11 2050 1 82 6913 576 0 
E * 
L 530 0 0 300 300 * 0 14 0 
J C 4 5 42 2 6913 0 0 
K 0 0 33 
K 0 0 34 
J K 0 57 0 0 6913 0 0 
J D 0 5 -14 1 6913 0 0 
W 0 0 0 \06 
J N 6 100 14 2 1 0 1 15 
K 0 0 43 
A D 2 16 
J N 6 145 42 2 865 288 1 15 
K 0 0 43 
A D 2 16 
J N 6 190 14 2 1729 288 1 15 
K 0 0 43 
A D 2 16 
J N 6 235 -7 2 2593 288 1 15 
K 0 0 43 
A D 2 16 
H 15 B -63 0 108 4 2 1 1 3 
J N 6 280 7 2 3457 288 1 16 
K 0 0 43 
A D 2 16 
J N 6 325 21 2 4321 288 1 16 
K 0 0 43 
A D 2 16 
J N 6 370 7 2 5185 288 1 16 
K 0 0 43 
A D 2 16 
J N 6 415 -7 2 6049 288 1 16 
K 0 0 43 
A D 2 16 
H 16 B -56 0 108 4 2 1 1 3 
J B 7 460 1 82 6913 288 0 
J N 6 487 0 3 1 0 1 17 
K -18 0 63 
K 0 0 43 
A D 2 16 
J N 6 532 14 2 865 288 1 17 
K 0 0 43 
A D 2 16 
J N 6 577 0 2 1729 288 1 17 
K 0 0 43 
A D 2 16 
J N 6 622 -14 5 2593 288 1 17 
K 0 0 45 
K 0 0 43 
K -1 0 45 
K 2 0 45 
A D 2 16 
H 17 B -60 0 108 4 2 1 1 3 
J N 6 667 -21 5 3457 288 1 18 
K 0 7 45 
K 0 0 43 
K 0 7 45 
K 1 7 45 
A D 2 16 
J N 6 712 -7 2 4321 288 1 18 
K 0 0 43 
A D 2 16 
H 18 B -52 3 108 2 2 3 
J R 6 757 28 2 5185 288 0 
K 0 0 49 
A D 2 16 
J N 6 801 7 3 6049 288 0 
K 0 0 43 
K 0 0 54 
A D 2 16 
J B 8 845 1 82 6913 288 0 
J N 5 868 7 2 1 0 2 19 20 
K 0 0 43 
A D 1 16 
J N 5 897 14 2 433 144 1 20 
K 0 0 43 
A D 1 16 
J N 5 926 21 2 865 144 1 20 
K 0 0 43 
A D 1 16 
J N 5 955 28 2 1297 144 1 20 
K 0 0 43 
A D 1 16 
H 20 B -53 4 108 4 22 11 11 33 
J N 6 984 35 2 1729 144 2 21 19 
K 0 0 43 
A D 2 16 
H 19 S 0 0 0 0 0 0 0 0 0 
J N 6 1028 14 2 2593 288 1 21 
K 0 0 43 
A D 2 16 
H 21 B -42 -9 108 2 2 3 
J N 6 1072 14 2 3457 288 1 22 
K 0 0 43 
A D 2 16 
J N 6 1116 42 2 4321 288 1 22 
K 0 0 43 
A D 2 16 
H 22 B -53 12 108 2 2 3 
J R 6 1160 28 2 5185 288 0 
K 0 0 49 
A D 2 16 
J N 6 1204 21 3 6049 288 0 
K 0 0 43 
K 0 0 54 
A D 2 16 
J B 9 1248 1 82 6913 288 0 
J N 5 1275 21 2 1 0 2 23 24 
K 0 0 43 
A D 1 16 
J N 5 1304 28 2 433 144 1 24 
K 0 0 43 
A D 1 16 
J N 5 1333 35 2 865 144 1 24 
K 0 0 43 
A D 1 16 
J N 5 1362 42 2 1297 144 1 24 
K 0 0 43 
A D 1 16 
H  24 B 51 4 108 4 22 11 11 33 
J N 6 1407 49 3 1729 144 2 25 23 
K -18 0 63 
K 0 0 43 
A D 2 16 
H 23 S 12 -1 -7 0 0 1 0 0 3 
J N 6 1451 28 2 2593 288 1 25 
K 0 0 43 
A D 2 16 
H 25 B 53 -9 108 2 2 3 
J N 6 1495 28 2 3457 288 1 26 
K 0 0 43 
A D 2 16 
J N 6 1539 56 2 4321 288 1 26 
K 0 0 43 
A D 2 16 
H 26 B 48 12 108 2 2 3 
J R 6 1583 28 2 5185 288 0 
K 0 0 49 
A D 2 16 
J N 6 1627 7 3 6049 288 1 27 
K 0 0 43 
K 0 0 54 
A D 2 16 
J B 10 1671 1 82 6913 288 0 
J N 6 1698 14 2 1 0 1 28 
K 0 0 43 
A D 2 16 
J N 6 1742 49 3 865 288 1 28 
K -18 0 63 
K 0 0 43 
A D 2 16 
J N 6 1786 42 2 1729 288 2 28 27 
K 0 0 43 
A D 2 16 
H 27 S 0 -3 -7 6 -49 2 0 0 3 
J N 6 1830 70 5 2593 288 1 28 
K 1 0 45 
K 0 0 43 
K -1 0 45 
K 2 0 45 
A D 2 16 
H 28 B 42 5 108 4 2 1 1 3 
J N 6 1874 77 5 3457 288 1 29 
K 1 -7 45 
K 0 0 43 
K 0 -7 45 
K 1 -7 45 
A D 2 16 
J N 6 1918 42 2 4321 288 1 29 
K 0 0 43 
A D 2 16 
J N 6 1962 84 6 5185 288 1 29 
K 1 -14 45 
K 1 0 45 
K 0 0 43 
K -1 0 45 
K 2 0 45 
A D 2 16 
J N 6 2006 49 2 6049 288 1 29 
K 0 0 43 
A D 2 16 
H 29 B 81 0 108 4 2 1 1 3 
J B 11 2050 1 82 6913 288 0 
E * 
L 690 0 0 300 300 * 0 14 0 
J C 4 5 42 2 6913 0 0 
K 0 0 33 
K 0 0 34 
J K 0 57 0 0 6913 0 0 
J D 0 5 -14 1 6913 0 0 
W 0 0 0 \06 
J R 7 100 28 2 1 0 0 
K 0 0 48 
A D 2 8 
J N 7 190 14 4 1729 576 0 
K 0 0 43 
K 0 0 60 
K 0 21 60 
A D 2 8 
J N 7 280 14 5 3457 576 1 1 
K 0 0 43 
K 0 -24 236 
K 0 0 60 
K 0 21 60 
A D 2 8 
J N 7 370 21 4 5185 576 1 1 
K 0 0 43 
K 0 0 60 
K 0 21 60 
A D 2 8 
H 1 S 0 0 0 0 0 0 0 0 0 
J B 7 460 1 82 6913 576 0 
J R 7 487 28 2 1 0 0 
K 0 0 48 
A D 2 8 
J N 7 577 -14 7 1729 576 0 
K 0 0 45 
K 0 0 43 
K -1 0 45 
K 2 0 45 
K 0 0 60 
K 0 21 60 
A D 2 8 
J N 7 667 -14 8 3457 576 1 2 
K 0 0 45 
K 0 0 43 
K -1 0 45 
K 2 0 45 
K 0 -22 236 
K 0 0 60 
K 0 21 60 
A D 2 8 
J N 7 757 -7 4 5185 576 1 2 
K 0 0 43 
K 0 0 60 
K 0 21 60 
A D 2 8 
H 2 S 0 0 0 0 0 0 0 0 0 
J B 8 845 1 82 6913 576 0 
J R 7 868 28 2 1 0 0 
K 0 0 48 
A D 2 8 
J N 7 984 14 4 1729 576 0 
K 0 0 43 
K 0 0 60 
K 0 21 60 
A D 2 8 
J N 7 1072 -7 4 3457 576 0 
K 0 0 43 
K 0 0 60 
K 0 21 60 
A D 2 8 
J N 7 1160 21 4 5185 576 0 
K 0 0 43 
K 0 0 60 
K 0 21 60 
A D 2 8 
J B 9 1248 1 82 6913 576 0 
J R 7 1275 28 2 1 0 0 
K 0 0 48 
A D 2 8 
J N 7 1407 28 4 1729 576 0 
K 0 0 43 
K 0 0 60 
K 0 21 60 
A D 2 8 
J N 7 1495 7 4 3457 576 0 
K 0 0 43 
K 0 0 60 
K 0 21 60 
A D 2 8 
J N 7 1583 35 4 5185 576 0 
K 0 0 43 
K 0 0 59 
K 0 -21 59 
A D 2 8 
J B 10 1671 1 82 6913 576 0 
J R 7 1698 28 2 1 0 0 
K 0 0 48 
A D 2 8 
J N 7 1786 42 4 1729 576 0 
K 0 0 43 
K 0 0 59 
K 0 -21 59 
A D 2 8 
J N 7 1874 14 5 3457 576 0 
K 0 0 43 
K 24 -6 44 
K 0 0 60 
K 0 21 60 
A D 3 8 
J N 6 2006 35 3 6049 864 0 
K 0 0 43 
K 0 0 53 
A D 1 8 
J B 11 2050 1 82 6913 288 0 
E * 
L 850 0 0 300 300 * 0 14 0 
J C 13 5 28 35 6913 0 0 
J K 0 57 0 0 6913 0 0 
J D 0 5 -14 1 6913 0 0 
W 0 0 0 \06 
J N 7 100 0 4 1 0 0 
K 0 0 43 
K 0 0 60 
K 0 21 60 
A D 2 8 
J R 7 190 28 2 1729 576 0 
K 0 0 48 
A D 2 8 
J N 7 280 0 4 3457 576 0 
K 0 0 43 
K 0 0 60 
K 0 21 60 
A D 2 8 
J N 7 370 -21 7 5185 576 0 
K 0 7 45 
K 0 0 43 
K 0 7 45 
K 1 7 45 
K 0 0 60 
K 0 21 60 
A D 2 8 
J B 7 460 1 82 6913 576 0 
J N 7 487 -7 4 1 0 0 
K 0 0 43 
K 0 0 60 
K 0 21 60 
A D 2 8 
J N 7 577 -28 8 1729 576 0 
K 0 14 45 
K 0 0 45 
K 0 0 43 
K -1 0 45 
K 2 0 45 
K 0 0 60 
K 0 28 60 
A D 2 8 
J R 7 667 28 2 3457 576 0 
K 0 0 48 
A D 2 8 
J N 7 757 -14 7 5185 576 0 
K 0 0 45 
K 0 0 43 
K -1 0 45 
K 2 0 45 
K 0 0 60 
K 0 21 60 
A D 2 8 
J B 8 845 1 82 6913 576 0 
J N 7 868 -7 4 1 0 0 
K 0 0 43 
K 0 0 60 
K 0 21 60 
A D 2 8 
J N 7 984 -28 8 1729 576 0 
K 0 14 45 
K 0 0 45 
K 0 0 43 
K -1 0 45 
K 2 0 45 
K 0 0 60 
K 0 28 60 
A D 2 8 
J R 7 1072 28 2 3457 576 0 
K 0 0 48 
A D 2 8 
J N 7 1160 0 4 5185 576 0 
K 0 0 43 
K 0 0 60 
K 0 21 60 
A D 2 8 
J B 9 1248 1 82 6913 576 0 
J N 7 1275 7 5 1 0 0 
K -18 0 63 
K 0 0 43 
K 0 0 60 
K 0 21 60 
A D 2 8 
J N 7 1407 -14 7 1729 576 0 
K 0 0 45 
K 0 0 43 
K -1 0 45 
K 2 0 45 
K 0 0 60 
K 0 21 60 
A D 2 8 
J R 7 1495 28 2 3457 576 0 
K 0 0 48 
A D 2 8 
J N 7 1583 14 4 5185 576 0 
K 0 0 43 
K 0 0 60 
K 0 21 60 
A D 2 8 
J B 10 1671 1 82 6913 576 0 
J N 6 1698 7 3 1 0 2 3 4 
K -18 0 63 
K 0 0 43 
A D 1 8 
J N 6 1742 21 2 865 288 2 4 3 
K 0 0 43 
A D 1 8 
H  4 B -51 4 108 2 2 3 
H 3 S 0 0 0 0 0 0 0 0 0 
J N 7 1786 0 4 1729 288 0 
K 0 0 43 
K 0 0 60 
K 0 21 60 
A D 2 8 
J R 7 1874 28 2 3457 576 0 
K 0 0 48 
A D 2 8 
J N 7 1962 21 4 5185 576 0 
K 0 0 43 
K 0 0 60 
K 0 21 60 
A D 2 8 
J B 11 2050 1 82 6913 576 0 
E * 
L 1010 0 0 300 300 * 0 14 0 
J C 22 5 14 36 6913 0 0 
J K 0 57 0 0 6913 0 0 
J D 0 5 -14 1 6913 0 0 
W 0 0 0 \06 
J F 0 100 98 1 1 0 0 
K 0 0 205 
J N 7 100 -7 4 1 0 0 
K 0 0 43 
K 0 0 60 
K 0 21 60 
A D 2 8 
J N 7 190 7 4 1729 576 0 
K 0 0 43 
K 0 0 60 
K 0 21 60 
A D 2 8 
J F 0 280 98 1 3457 576 0 
K 0 0 208 
J N 7 280 35 4 3457 0 0 
K 0 0 43 
K 0 0 59 
K 0 -21 59 
A D 2 8 
J F 0 370 98 1 5185 576 0 
K 0 0 207 
J N 7 370 -14 7 5185 0 0 
K 0 0 45 
K 0 0 43 
K -1 0 45 
K 2 0 45 
K 0 0 60 
K 0 21 60 
A D 2 8 
J B 7 460 1 82 6913 576 0 
J F 0 487 98 1 1 0 0 
K 0 0 213 
J N 7 487 -21 7 1 0 0 
K 0 7 45 
K 0 0 43 
K 0 7 45 
K 1 7 45 
K 0 0 60 
K 0 21 60 
A D 2 8 
J N 7 577 28 4 1729 576 0 
K 0 0 43 
K 0 0 60 
K 0 21 60 
A D 2 8 
J F 0 667 98 1 3457 576 0 
K 0 0 208 
J N 7 667 7 4 3457 0 0 
K 0 0 43 
K 0 0 60 
K 0 21 60 
A D 2 8 
J F 0 757 98 2 5185 576 0 
K 0 0 207 
K 0 21 205 
J N 7 757 -42 10 5185 0 0 
K 0 28 45 
K 0 14 45 
K 0 0 45 
K 0 0 43 
K -1 0 45 
K 2 0 45 
K 0 0 60 
K 0 28 60 
K 0 42 60 
A D 2 8 
J B 8 845 1 82 6913 576 0 
J F 0 868 98 1 1 0 0 
K 0 0 206 
J N 7 868 -35 10 1 0 0 
K 0 21 45 
K 0 7 45 
K -18 0 63 
K 0 0 43 
K 0 7 45 
K 1 7 45 
K 0 0 60 
K 0 28 60 
K 0 35 60 
A D 2 8 
J F 0 984 98 1 1729 576 0 
K 0 0 205 
J N 7 984 14 5 1729 0 0 
K -18 0 63 
K 0 0 43 
K 0 0 60 
K 0 21 60 
A D 2 8 
J F 0 1072 98 1 3457 576 0 
K 0 0 206 
J N 7 1072 21 4 3457 0 0 
K 0 0 43 
K 0 0 60 
K 0 21 60 
A D 2 8 
J F 0 1160 98 1 5185 576 0 
K 0 0 205 
J N 7 1160 -28 8 5185 0 0 
K 0 14 45 
K 0 0 45 
K 0 0 43 
K -1 0 45 
K 2 0 45 
K 0 0 60 
K 0 28 60 
A D 2 8 
J B 9 1248 1 82 6913 576 0 
J F 0 1275 98 1 1 0 0 
K 0 0 206 
J N 7 1275 -21 7 1 0 0 
K 0 7 45 
K 0 0 43 
K 0 7 45 
K 1 7 45 
K 0 0 60 
K 0 21 60 
A D 2 8 
J F 0 1407 98 1 1729 576 0 
K 0 0 205 
J N 7 1407 28 4 1729 0 0 
K 0 0 43 
K 0 0 60 
K 0 21 60 
A D 2 8 
J F 0 1495 98 1 3457 576 0 
K 0 0 206 
J N 7 1495 35 4 3457 0 0 
K 0 0 43 
K 0 0 59 
K 0 -21 59 
A D 2 8 
J F 0 1583 98 1 5185 576 0 
K 0 0 205 
J N 7 1583 -14 7 5185 0 1 2 
K 0 0 45 
K 0 0 43 
K -1 0 45 
K 2 0 45 
K 0 0 60 
K 0 21 60 
A D 2 8 
J B 10 1671 1 82 6913 576 0 
J F 0 1698 98 2 1 0 0 
K 0 0 214 
K 0 21 201 
J N 7 1698 -14 7 1 0 1 2 
K 0 0 45 
K 0 0 43 
K -1 0 45 
K 2 0 45 
K 0 0 60 
K 0 21 60 
A D 2 8 
H 2 T -14 0 0 0 0 0 5 0 
J F 0 1786 98 1 1729 576 0 
K 0 0 205 
J N 6 1786 -7 2 1729 0 1 3 
K 0 0 43 
A D 1 8 
J N 6 1830 -14 5 2593 288 1 3 
K 0 0 45 
K 0 0 43 
K -1 0 45 
K 2 0 45 
A D 1 8 
H 3 B -42 -3 108 2 2 3 
J F 0 1874 98 2 3457 288 0 
K 0 0 205 
K 0 21 203 
J N 7 1874 -21 7 3457 0 0 
K 0 7 45 
K 0 0 43 
K 0 7 45 
K 1 7 45 
K 0 0 60 
K 0 21 60 
A D 2 8 
J F 0 1962 98 2 5185 576 0 
K 0 0 204 
K 0 21 213 
J N 7 1962 28 4 5185 0 0 
K 0 0 43 
K 0 0 60 
K 0 21 60 
A D 2 8 
J B 11 2050 1 82 6913 576 0 
E * 
B 1 460 0 
B 1 845 0 
B 1 1248 0 
B 1 1671 0 
B 1 2050 0 
