S 0 200 140 2050 1066 7 "[...][....]" 
L 0 0 0 300 300 * 0 14 0 
J C 4 5 42 2 6913 0 0 
K 0 0 33 
K 0 0 34 
J K 0 57 0 0 6913 0 0 
J D 0 -11 -14 1 6913 0 0 
W 0 0 37 \01\01 
J N 7 100 91 9 1 0 0 
K 1 -21 45 
K 1 -7 45 
K 0 0 43 
K 0 -7 45 
K 1 -7 45 
K 0 0 59 
K 0 -28 59 
K 0 -35 59 
A D 4 16 
J R 6 162 28 2 1729 576 0 
K 0 0 49 
A D 2 16 
J N 6 212 7 3 2593 288 0 
K 0 0 43 
K 0 0 54 
A D 2 16 
J N 5 262 7 2 3457 288 2 30 31 
K 0 0 43 
A D 1 16 
J N 5 294 14 2 3889 144 1 31 
K 0 0 43 
A D 1 16 
J N 5 326 21 2 4321 144 1 31 
K 0 0 43 
A D 1 16 
J N 5 358 28 2 4753 144 1 31 
K 0 0 43 
A D 1 16 
H 31 B -53 4 108 4 22 11 11 33 
J N 6 389 35 2 5185 144 2 32 30 
K 0 0 43 
A D 2 16 
H 30 S 0 0 0 0 0 0 0 0 0 
J N 6 438 14 2 6049 288 1 32 
K 0 0 43 
A D 2 16 
H 32 B -42 -8 108 2 2 3 
J B 12 487 1 82 6913 288 0 
J N 6 508 14 2 1 0 1 33 
K 0 0 43 
A D 2 16 
J N 6 557 42 2 865 288 1 33 
K 0 0 43 
A D 2 16 
H 33 B -53 11 108 2 2 3 
J R 6 606 28 2 1729 288 0 
K 0 0 49 
A D 2 16 
J N 6 655 21 3 2593 288 0 
K 0 0 43 
K 0 0 54 
A D 2 16 
J N 5 704 21 2 3457 288 2 34 35 
K 0 0 43 
A D 1 16 
J N 5 735 28 2 3889 144 1 35 
K 0 0 43 
A D 1 16 
J N 5 766 35 2 4321 144 1 35 
K 0 0 43 
A D 1 16 
J N 5 797 42 2 4753 144 1 35 
K 0 0 43 
A D 1 16 
H 35 B 51 4 108 4 22 11 11 33 
J N 6 844 49 3 5185 144 2 36 34 
K -18 0 63 
K 0 0 43 
A D 2 16 
H 34 S 12 0 0 0 0 0 0 -2 5 
J N 6 893 28 2 6049 288 1 36 
K 0 0 43 
A D 2 16 
H 36 B 53 -8 108 2 2 3 
J B 13 942 1 82 6913 288 0 
J N 6 963 28 2 1 0 1 37 
K 0 0 43 
A D 2 16 
J N 6 1012 56 2 865 288 1 37 
K 0 0 43 
A D 2 16 
H 37 B 48 11 108 2 2 3 
J R 6 1061 28 2 1729 288 0 
K 0 0 49 
A D 2 16 
J N 6 1110 7 3 2593 288 1 38 
K 0 0 43 
K 0 0 54 
A D 2 16 
J N 6 1159 14 2 3457 288 1 39 
K 0 0 43 
A D 2 16 
J N 6 1208 49 3 4321 288 1 39 
K -18 0 63 
K 0 0 43 
A D 2 16 
J N 6 1257 42 2 5185 288 2 39 38 
K 0 0 43 
A D 2 16 
H 38 S 0 -2 -7 6 -49 2 0 0 2 
J N 6 1306 70 5 6049 288 1 39 
K 1 0 45 
K 0 0 43 
K -1 0 45 
K 2 0 45 
A D 2 16 
H 39 B 42 5 108 4 2 1 1 3 
J B 14 1355 1 82 6913 288 0 
J N 6 1376 77 5 1 0 1 40 
K 1 -7 45 
K 0 0 43 
K 0 -7 45 
K 1 -7 45 
A D 2 16 
J N 6 1425 42 2 865 288 1 40 
K 0 0 43 
A D 2 16 
J N 6 1474 84 6 1729 288 1 40 
K 1 -14 45 
K 1 0 45 
K 0 0 43 
K -1 0 45 
K 2 0 45 
A D 2 16 
J N 6 1523 49 3 2593 288 1 40 
K -18 0 63 
K 0 0 43 
A D 2 16 
H 40 B 81 0 108 4 2 1 1 3 
J N 7 1572 91 9 3457 288 0 
K 1 -21 45 
K 1 -7 45 
K 0 0 43 
K 0 -7 45 
K 1 -7 45 
K 0 0 59 
K 0 -28 59 
K 0 -35 59 
A D 4 16 
J R 6 1633 28 2 5185 576 0 
K 0 0 49 
A D 2 16 
J N 6 1682 14 3 6049 288 0 
K 0 0 43 
K 0 0 54 
A D 2 16 
J B 15 1731 1 82 6913 288 0 
J N 6 1752 56 2 1 0 1 41 
K 0 0 43 
A D 2 16 
J N 6 1801 42 2 865 288 1 41 
K 0 0 43 
A D 2 16 
J N 6 1850 63 2 1729 288 1 41 
K 0 0 43 
A D 2 16 
J N 6 1899 49 3 2593 288 1 41 
K -18 0 63 
K 0 0 43 
A D 2 16 
H 41 B 60 0 108 4 2 1 1 3 
J N 8 1948 91 9 3457 288 0 
K 1 -21 45 
K 1 -7 45 
K 0 0 42 
K 0 -7 45 
K 1 -7 45 
K 0 0 59 
K 0 -28 59 
K 0 -35 59 
A D 8 16 
J B 16 2050 10 6 6913 1152 0 
K -25 21 44 
K -25 35 44 
E * 
L 160 0 0 300 300 * 0 14 0 
J C 4 5 42 2 6913 0 0 
K 0 0 33 
K 0 0 34 
J K 0 57 0 0 6913 0 0 
J D 0 -11 -14 1 6913 0 0 
W 0 0 0 \01\01 
J N 7 100 28 4 1 0 0 
K 0 0 43 
K 0 0 60 
K 0 21 60 
A D 2 8 
J N 7 162 91 9 1729 576 0 
K 1 -21 45 
K 1 -7 45 
K 0 0 43 
K 0 -7 45 
K 1 -7 45 
K 0 0 59 
K 0 -28 59 
K 0 -35 59 
A D 2 8 
J R 7 262 28 2 3457 576 0 
K 0 0 48 
A D 2 8 
J N 7 389 14 4 5185 576 0 
K 0 0 43 
K 0 0 60 
K 0 21 60 
A D 2 8 
J B 12 487 1 82 6913 576 0 
J N 7 508 -7 4 1 0 0 
K 0 0 43 
K 0 0 60 
K 0 21 60 
A D 2 8 
J N 7 606 21 4 1729 576 0 
K 0 0 43 
K 0 0 60 
K 0 21 60 
A D 2 8 
J R 7 704 28 2 3457 576 0 
K 0 0 48 
A D 2 8 
J N 7 844 28 4 5185 576 0 
K 0 0 43 
K 0 0 60 
K 0 21 60 
A D 2 8 
J B 13 942 1 82 6913 576 0 
J N 7 963 7 4 1 0 0 
K 0 0 43 
K 0 0 60 
K 0 21 60 
A D 2 8 
J N 7 1061 35 4 1729 576 0 
K 0 0 43 
K 0 0 59 
K 0 -21 59 
A D 2 8 
J R 7 1159 28 2 3457 576 0 
K 0 0 48 
A D 2 8 
J N 7 1257 42 4 5185 576 0 
K 0 0 43 
K 0 0 59 
K 0 -21 59 
A D 2 8 
J B 14 1355 1 82 6913 576 0 
J N 7 1376 14 5 1 0 0 
K 0 0 43 
K 24 -6 44 
K 0 0 60 
K 0 21 60 
A D 3 8 
J N 6 1523 35 3 2593 864 0 
K 0 0 43 
K 0 0 53 
A D 1 8 
J N 7 1572 28 4 3457 288 0 
K 0 0 43 
K 0 0 60 
K 0 21 60 
A D 2 8 
J R 6 1633 28 2 5185 576 0 
K 0 0 49 
A D 1 8 
J N 6 1682 42 3 6049 288 0 
K 0 0 43 
K 0 0 53 
A D 1 8 
J B 15 1731 1 82 6913 288 0 
J N 6 1752 21 2 1 0 2 3 4 
K 0 0 43 
A D 1 8 
J N 6 1801 28 2 865 288 2 4 3 
K 0 0 43 
A D 1 8 
H 4 B -50 2 108 2 2 3 
H 3 S 0 0 0 0 0 0 0 0 0 
J N 7 1850 35 4 1729 288 0 
K 0 0 43 
K 0 0 59 
K 0 -21 59 
A D 2 8 
J N 8 1948 42 4 3457 576 0 
K 0 0 42 
K 0 0 59 
K 0 -21 59 
A D 4 8 
J B 16 2050 10 6 6913 1152 0 
K -25 21 44 
K -25 35 44 
E * 
L 320 0 0 300 300 * 0 14 0 
J C 22 5 14 36 6913 0 0 
J K 0 57 0 0 6913 0 0 
J D 0 -11 -14 1 6913 0 0 
W 0 0 0 \01\01 
J N 7 100 7 4 1 0 0 
K 0 0 43 
K 0 0 60 
K 0 21 60 
A D 2 8 
J F 0 162 98 1 1729 576 0 
K 0 0 205 
J N 7 162 -42 10 1729 0 0 
K 0 28 45 
K 0 14 45 
K 0 0 45 
K 0 0 43 
K -1 0 45 
K 2 0 45 
K 0 0 60 
K 0 28 60 
K 0 42 60 
A D 2 8 
J F 0 262 98 1 3457 576 0 
K 0 0 206 
J N 7 262 -35 10 3457 0 0 
K 0 21 45 
K 0 7 45 
K -18 0 63 
K 0 0 43 
K 0 7 45 
K 1 7 45 
K 0 0 60 
K 0 28 60 
K 0 35 60 
A D 2 8 
J F 0 389 98 1 5185 576 0 
K 0 0 205 
J N 7 389 14 5 5185 0 0 
K -18 0 63 
K 0 0 43 
K 0 0 60 
K 0 21 60 
A D 2 8 
J B 12 487 1 82 6913 576 0 
J F 0 508 98 1 1 0 0 
K 0 0 206 
J N 7 508 21 4 1 0 0 
K 0 0 43 
K 0 0 60 
K 0 21 60 
A D 2 8 
J F 0 606 98 1 1729 576 0 
K 0 0 205 
J N 7 606 -28 8 1729 0 0 
K 0 14 45 
K 0 0 45 
K 0 0 43 
K -1 0 45 
K 2 0 45 
K 0 0 60 
K 0 28 60 
A D 2 8 
J F 0 704 98 2 3457 576 0 
K 0 0 206 
K 0 21 213 
J N 7 704 -21 7 3457 0 0 
K 0 7 45 
K 0 0 43 
K 0 7 45 
K 1 7 45 
K 0 0 60 
K 0 21 60 
A D 2 8 
J F 0 844 98 1 5185 576 0 
K 0 0 205 
J N 7 844 28 4 5185 0 0 
K 0 0 43 
K 0 0 60 
K 0 21 60 
A D 2 8 
J B 13 942 1 82 6913 576 0 
J F 0 963 98 1 1 0 0 
K 0 0 206 
J N 7 963 35 4 1 0 0 
K 0 0 43 
K 0 0 59 
K 0 -21 59 
A D 2 8 
J F 0 1061 98 1 1729 576 0 
K 0 0 205 
J N 8 1061 -14 7 1729 0 0 
K 0 0 45 
K 0 0 42 
K -1 0 45 
K 2 0 45 
K 0 0 60 
K 0 21 60 
A D 4 8 
J F 0 1159 98 2 3457 576 0 
K 0 0 214 
K 0 21 201 
J F 0 1257 98 1 5185 576 0 
K 0 0 205 
J N 6 1257 -7 2 5185 0 1 4 
K 0 0 43 
A D 1 8 
J N 6 1306 -14 5 6049 288 1 4 
K 0 0 45 
K 0 0 43 
K -1 0 45 
K 2 0 45 
A D 1 8 
H 4 B -41 -2 108 2 2 3 
J B 14 1355 1 82 6913 288 0 
J F 0 1376 98 2 1 0 0 
K 0 0 205 
K 0 21 203 
J N 7 1376 -21 7 1 0 0 
K 0 7 45 
K 0 0 43 
K 0 7 45 
K 1 7 45 
K 0 0 60 
K 0 21 60 
A D 2 8 
J F 0 1474 98 2 1729 576 0 
K 0 0 204 
K 0 21 213 
J N 7 1474 28 4 1729 0 0 
K 0 0 43 
K 0 0 60 
K 0 21 60 
A D 2 8 
J N 7 1572 7 4 3457 576 0 
K 0 0 43 
K 0 0 60 
K 0 21 60 
A D 2 8 
J F 0 1633 98 2 5185 576 0 
K 0 0 205 
K 0 21 203 
J N 7 1633 42 4 5185 0 0 
K 0 0 43 
K 0 0 59 
K 0 -21 59 
A D 2 8 
J B 15 1731 1 82 6913 576 0 
J F 0 1752 98 2 1 0 0 
K 0 0 205 
K 0 21 204 
J N 7 1752 35 4 1 0 0 
K 0 0 43 
K 0 0 59 
K 0 -21 59 
A D 2 8 
J F 0 1850 98 1 1729 576 0 
K 0 0 213 
J N 7 1850 28 4 1729 0 0 
K 0 0 43 
K 0 0 60 
K 0 21 60 
A D 2 8 
J N 8 1948 56 4 3457 576 0 
K 0 0 42 
K 0 0 59 
K 0 -21 59 
A D 4 8 
J B 16 2050 10 6 6913 1152 0 
K -25 21 44 
K -25 35 44 
E * 
L 530 0 0 300 300 * 0 14 0 
J C 4 5 42 2 6913 0 0 
K 0 0 33 
K 0 0 34 
J K 0 57 0 0 6913 0 0 
J D 0 -11 -14 1 6913 0 0 
W 0 0 0 \01\01 
J N 7 100 91 9 1 0 0 
K 1 -21 45 
K 1 -7 45 
K 0 0 43 
K 0 -7 45 
K 1 -7 45 
K 0 0 59 
K 0 -28 59 
K 0 -35 59 
A D 4 16 
J R 6 162 28 2 1729 576 0 
K 0 0 49 
A D 2 16 
J N 6 212 7 3 2593 288 0 
K 0 0 43 
K 0 0 54 
A D 2 16 
J N 5 262 7 2 3457 288 2 30 31 
K 0 0 43 
A D 1 16 
J N 5 294 14 2 3889 144 1 31 
K 0 0 43 
A D 1 16 
J N 5 326 21 2 4321 144 1 31 
K 0 0 43 
A D 1 16 
J N 5 358 28 2 4753 144 1 31 
K 0 0 43 
A D 1 16 
H 31 B -53 4 108 4 22 11 11 33 
J N 6 389 35 2 5185 144 2 32 30 
K 0 0 43 
A D 2 16 
H 30 S 0 0 0 0 0 0 0 0 0 
J N 6 438 14 2 6049 288 1 32 
K 0 0 43 
A D 2 16 
H 32 B -42 -8 108 2 2 3 
J B 12 487 1 82 6913 288 0 
J N 6 508 14 2 1 0 1 33 
K 0 0 43 
A D 2 16 
J N 6 557 42 2 865 288 1 33 
K 0 0 43 
A D 2 16 
H 33 B -53 11 108 2 2 3 
J R 6 606 28 2 1729 288 0 
K 0 0 49 
A D 2 16 
J N 6 655 21 3 2593 288 0 
K 0 0 43 
K 0 0 54 
A D 2 16 
J N 5 704 21 2 3457 288 2 34 35 
K 0 0 43 
A D 1 16 
J N 5 735 28 2 3889 144 1 35 
K 0 0 43 
A D 1 16 
J N 5 766 35 2 4321 144 1 35 
K 0 0 43 
A D 1 16 
J N 5 797 42 2 4753 144 1 35 
K 0 0 43 
A D 1 16 
H 35 B 51 4 108 4 22 11 11 33 
J N 6 844 49 3 5185 144 2 36 34 
K -18 0 63 
K 0 0 43 
A D 2 16 
H 34 S 12 0 0 0 0 0 0 -2 5 
J N 6 893 28 2 6049 288 1 36 
K 0 0 43 
A D 2 16 
H 36 B 53 -8 108 2 2 3 
J B 13 942 1 82 6913 288 0 
J N 6 963 28 2 1 0 1 37 
K 0 0 43 
A D 2 16 
J N 6 1012 56 2 865 288 1 37 
K 0 0 43 
A D 2 16 
H 37 B 48 11 108 2 2 3 
J R 6 1061 28 2 1729 288 0 
K 0 0 49 
A D 2 16 
J N 6 1110 7 3 2593 288 1 38 
K 0 0 43 
K 0 0 54 
A D 2 16 
J N 6 1159 14 2 3457 288 1 39 
K 0 0 43 
A D 2 16 
J N 6 1208 49 3 4321 288 1 39 
K -18 0 63 
K 0 0 43 
A D 2 16 
J N 6 1257 42 2 5185 288 2 39 38 
K 0 0 43 
A D 2 16 
H 38 S 0 -2 -7 6 -49 2 0 0 2 
J N 6 1306 70 5 6049 288 1 39 
K 1 0 45 
K 0 0 43 
K -1 0 45 
K 2 0 45 
A D 2 16 
H 39 B 42 5 108 4 2 1 1 3 
J B 14 1355 1 82 6913 288 0 
J N 6 1376 77 5 1 0 1 40 
K 1 -7 45 
K 0 0 43 
K 0 -7 45 
K 1 -7 45 
A D 2 16 
J N 6 1425 42 2 865 288 1 40 
K 0 0 43 
A D 2 16 
J N 6 1474 84 6 1729 288 1 40 
K 1 -14 45 
K 1 0 45 
K 0 0 43 
K -1 0 45 
K 2 0 45 
A D 2 16 
J N 6 1523 49 3 2593 288 1 40 
K -18 0 63 
K 0 0 43 
A D 2 16 
H 40 B 81 0 108 4 2 1 1 3 
J N 7 1572 91 9 3457 288 0 
K 1 -21 45 
K 1 -7 45 
K 0 0 43 
K 0 -7 45 
K 1 -7 45 
K 0 0 59 
K 0 -28 59 
K 0 -35 59 
A D 4 16 
J R 6 1633 28 2 5185 576 0 
K 0 0 49 
A D 2 16 
J N 6 1682 14 3 6049 288 0 
K 0 0 43 
K 0 0 54 
A D 2 16 
J B 15 1731 1 82 6913 288 0 
J N 6 1752 56 2 1 0 1 41 
K 0 0 43 
A D 2 16 
J N 6 1801 42 2 865 288 1 41 
K 0 0 43 
A D 2 16 
J N 6 1850 63 2 1729 288 1 41 
K 0 0 43 
A D 2 16 
J N 6 1899 49 3 2593 288 1 41 
K -18 0 63 
K 0 0 43 
A D 2 16 
H 41 B 60 0 108 4 2 1 1 3 
J N 8 1948 91 9 3457 288 0 
K 1 -21 45 
K 1 -7 45 
K 0 0 42 
K 0 -7 45 
K 1 -7 45 
K 0 0 59 
K 0 -28 59 
K 0 -35 59 
A D 8 16 
J B 16 2050 10 6 6913 1152 0 
K -25 21 44 
K -25 35 44 
E * 
L 690 0 0 300 300 * 0 14 0 
J C 4 5 42 2 6913 0 0 
K 0 0 33 
K 0 0 34 
J K 0 57 0 0 6913 0 0 
J D 0 -11 -14 1 6913 0 0 
W 0 0 0 \01\01 
J N 7 100 28 4 1 0 0 
K 0 0 43 
K 0 0 60 
K 0 21 60 
A D 2 8 
J N 7 162 91 9 1729 576 0 
K 1 -21 45 
K 1 -7 45 
K 0 0 43 
K 0 -7 45 
K 1 -7 45 
K 0 0 59 
K 0 -28 59 
K 0 -35 59 
A D 2 8 
J R 7 262 28 2 3457 576 0 
K 0 0 48 
A D 2 8 
J N 7 389 14 4 5185 576 0 
K 0 0 43 
K 0 0 60 
K 0 21 60 
A D 2 8 
J B 12 487 1 82 6913 576 0 
J N 7 508 -7 4 1 0 0 
K 0 0 43 
K 0 0 60 
K 0 21 60 
A D 2 8 
J N 7 606 21 4 1729 576 0 
K 0 0 43 
K 0 0 60 
K 0 21 60 
A D 2 8 
J R 7 704 28 2 3457 576 0 
K 0 0 48 
A D 2 8 
J N 7 844 28 4 5185 576 0 
K 0 0 43 
K 0 0 60 
K 0 21 60 
A D 2 8 
J B 13 942 1 82 6913 576 0 
J N 7 963 7 4 1 0 0 
K 0 0 43 
K 0 0 60 
K 0 21 60 
A D 2 8 
J N 7 1061 35 4 1729 576 0 
K 0 0 43 
K 0 0 59 
K 0 -21 59 
A D 2 8 
J R 7 1159 28 2 3457 576 0 
K 0 0 48 
A D 2 8 
J N 7 1257 42 4 5185 576 0 
K 0 0 43 
K 0 0 59 
K 0 -21 59 
A D 2 8 
J B 14 1355 1 82 6913 576 0 
J N 7 1376 14 5 1 0 0 
K 0 0 43 
K 24 -6 44 
K 0 0 60 
K 0 21 60 
A D 3 8 
J N 6 1523 35 3 2593 864 0 
K 0 0 43 
K 0 0 53 
A D 1 8 
J N 7 1572 28 4 3457 288 0 
K 0 0 43 
K 0 0 60 
K 0 21 60 
A D 2 8 
J R 6 1633 28 2 5185 576 0 
K 0 0 49 
A D 1 8 
J N 6 1682 42 3 6049 288 0 
K 0 0 43 
K 0 0 53 
A D 1 8 
J B 15 1731 1 82 6913 288 0 
J N 6 1752 21 2 1 0 2 3 4 
K 0 0 43 
A D 1 8 
J N 6 1801 28 2 865 288 2 4 3 
K 0 0 43 
A D 1 8 
H 4 B -50 2 108 2 2 3 
H 3 S 0 0 0 0 0 0 0 0 0 
J N 7 1850 35 4 1729 288 0 
K 0 0 43 
K 0 0 59 
K 0 -21 59 
A D 2 8 
J N 8 1948 42 4 3457 576 0 
K 0 0 42 
K 0 0 59 
K 0 -21 59 
A D 4 8 
J B 16 2050 10 6 6913 1152 0 
K -25 21 44 
K -25 35 44 
E * 
L 850 0 0 300 300 * 0 14 0 
J C 13 5 28 35 6913 0 0 
J K 0 57 0 0 6913 0 0 
J D 0 -11 -14 1 6913 0 0 
W 0 0 0 \01\01 
J N 7 100 21 4 1 0 0 
K 0 0 43 
K 0 0 60 
K 0 21 60 
A D 2 8 
J N 7 162 -14 7 1729 576 0 
K 0 0 45 
K 0 0 43 
K -1 0 45 
K 2 0 45 
K 0 0 60 
K 0 21 60 
A D 2 8 
J N 7 262 -7 4 3457 576 0 
K 0 0 43 
K 0 0 60 
K 0 21 60 
A D 2 8 
J N 7 389 -28 8 5185 576 0 
K 0 14 45 
K 0 0 45 
K 0 0 43 
K -1 0 45 
K 2 0 45 
K 0 0 60 
K 0 28 60 
A D 2 8 
J B 12 487 1 82 6913 576 0 
J R 7 508 28 2 1 0 0 
K 0 0 48 
A D 2 8 
J N 7 606 0 4 1729 576 0 
K 0 0 43 
K 0 0 60 
K 0 21 60 
A D 2 8 
J N 7 704 7 5 3457 576 0 
K -18 0 63 
K 0 0 43 
K 0 0 60 
K 0 21 60 
A D 2 8 
J N 7 844 -14 7 5185 576 0 
K 0 0 45 
K 0 0 43 
K -1 0 45 
K 2 0 45 
K 0 0 60 
K 0 21 60 
A D 2 8 
J B 13 942 1 82 6913 576 0 
J R 7 963 28 2 1 0 0 
K 0 0 48 
A D 2 8 
J N 7 1061 14 4 1729 576 0 
K 0 0 43 
K 0 0 60 
K 0 21 60 
A D 2 8 
J N 6 1159 7 3 3457 576 2 5 6 
K -18 0 63 
K 0 0 43 
A D 1 8 
J N 6 1208 21 2 4321 288 2 6 5 
K 0 0 43 
A D 1 8 
H 6 B -52 3 108 2 2 3 
H 5 S 0 0 0 0 0 0 0 0 0 
J N 7 1257 0 4 5185 288 0 
K 0 0 43 
K 0 0 60 
K 0 21 60 
A D 2 8 
J B 14 1355 1 82 6913 576 0 
J R 7 1376 28 2 1 0 0 
K 0 0 48 
A D 2 8 
J N 7 1474 21 4 1729 576 0 
K 0 0 43 
K 0 0 60 
K 0 21 60 
A D 2 8 
J N 7 1572 21 4 3457 576 0 
K 0 0 43 
K 0 0 60 
K 0 21 60 
A D 2 8 
J R 6 1633 28 2 5185 576 0 
K 0 0 49 
A D 1 8 
J N 6 1682 35 3 6049 288 0 
K 0 0 43 
K 0 0 53 
A D 1 8 
J B 15 1731 1 82 6913 288 0 
J N 7 1752 42 4 1 0 0 
K 0 0 43 
K 0 0 59 
K 0 -21 59 
A D 2 8 
J N 7 1850 21 4 1729 576 0 
K 0 0 43 
K 0 0 60 
K 0 21 60 
A D 2 8 
J N 8 1948 35 4 3457 576 0 
K 0 0 42 
K 0 0 59 
K 0 -21 59 
A D 4 8 
J B 16 2050 10 6 6913 1152 0 
K -25 21 44 
K -25 35 44 
E * 
L 1010 0 0 300 300 * 0 14 0 
J C 22 5 14 36 6913 0 0 
J K 0 57 0 0 6913 0 0 
J D 0 -11 -14 1 6913 0 0 
W 0 0 0 \01\01 
J N 7 100 7 4 1 0 0 
K 0 0 43 
K 0 0 60 
K 0 21 60 
A D 2 8 
J F 0 162 98 1 1729 576 0 
K 0 0 205 
J N 7 162 -42 10 1729 0 0 
K 0 28 45 
K 0 14 45 
K 0 0 45 
K 0 0 43 
K -1 0 45 
K 2 0 45 
K 0 0 60 
K 0 28 60 
K 0 42 60 
A D 2 8 
J F 0 262 98 1 3457 576 0 
K 0 0 206 
J N 7 262 -35 10 3457 0 0 
K 0 21 45 
K 0 7 45 
K -18 0 63 
K 0 0 43 
K 0 7 45 
K 1 7 45 
K 0 0 60 
K 0 28 60 
K 0 35 60 
A D 2 8 
J F 0 389 98 1 5185 576 0 
K 0 0 205 
J N 7 389 14 5 5185 0 0 
K -18 0 63 
K 0 0 43 
K 0 0 60 
K 0 21 60 
A D 2 8 
J B 12 487 1 82 6913 576 0 
J F 0 508 98 1 1 0 0 
K 0 0 206 
J N 7 508 21 4 1 0 0 
K 0 0 43 
K 0 0 60 
K 0 21 60 
A D 2 8 
J F 0 606 98 1 1729 576 0 
K 0 0 205 
J N 7 606 -28 8 1729 0 0 
K 0 14 45 
K 0 0 45 
K 0 0 43 
K -1 0 45 
K 2 0 45 
K 0 0 60 
K 0 28 60 
A D 2 8 
J F 0 704 98 2 3457 576 0 
K 0 0 206 
K 0 21 213 
J N 7 704 -21 7 3457 0 0 
K 0 7 45 
K 0 0 43 
K 0 7 45 
K 1 7 45 
K 0 0 60 
K 0 21 60 
A D 2 8 
J F 0 844 98 1 5185 576 0 
K 0 0 205 
J N 7 844 28 4 5185 0 0 
K 0 0 43 
K 0 0 60 
K 0 21 60 
A D 2 8 
J B 13 942 1 82 6913 576 0 
J F 0 963 98 1 1 0 0 
K 0 0 206 
J N 7 963 35 4 1 0 0 
K 0 0 43 
K 0 0 59 
K 0 -21 59 
A D 2 8 
J F 0 1061 98 1 1729 576 0 
K 0 0 205 
J N 8 1061 -14 7 1729 0 0 
K 0 0 45 
K 0 0 42 
K -1 0 45 
K 2 0 45 
K 0 0 60 
K 0 21 60 
A D 4 8 
J F 0 1159 98 2 3457 576 0 
K 0 0 214 
K 0 21 201 
J F 0 1257 98 1 5185 576 0 
K 0 0 205 
J N 6 1257 -7 2 5185 0 1 4 
K 0 0 43 
A D 1 8 
J N 6 1306 -14 5 6049 288 1 4 
K 0 0 45 
K 0 0 43 
K -1 0 45 
K 2 0 45 
A D 1 8 
H 4 B -41 -2 108 2 2 3 
J B 14 1355 1 82 6913 288 0 
J F 0 1376 98 2 1 0 0 
K 0 0 205 
K 0 21 203 
J N 7 1376 -21 7 1 0 0 
K 0 7 45 
K 0 0 43 
K 0 7 45 
K 1 7 45 
K 0 0 60 
K 0 21 60 
A D 2 8 
J F 0 1474 98 2 1729 576 0 
K 0 0 204 
K 0 21 213 
J N 7 1474 28 4 1729 0 0 
K 0 0 43 
K 0 0 60 
K 0 21 60 
A D 2 8 
J N 7 1572 7 4 3457 576 0 
K 0 0 43 
K 0 0 60 
K 0 21 60 
A D 2 8 
J F 0 1633 98 2 5185 576 0 
K 0 0 205 
K 0 21 203 
J N 7 1633 42 4 5185 0 0 
K 0 0 43 
K 0 0 59 
K 0 -21 59 
A D 2 8 
J B 15 1731 1 82 6913 576 0 
J F 0 1752 98 2 1 0 0 
K 0 0 205 
K 0 21 204 
J N 7 1752 35 4 1 0 0 
K 0 0 43 
K 0 0 59 
K 0 -21 59 
A D 2 8 
J F 0 1850 98 1 1729 576 0 
K 0 0 213 
J N 7 1850 28 4 1729 0 0 
K 0 0 43 
K 0 0 60 
K 0 21 60 
A D 2 8 
J N 8 1948 56 4 3457 576 0 
K 0 0 42 
K 0 0 59 
K 0 -21 59 
A D 4 8 
J B 16 2050 10 6 6913 1152 0 
K -25 21 44 
K -25 35 44 
E * 
B 1 487 0 
B 1 942 0 
B 1 1355 0 
B 1 1731 0 
B 6 2050 0 
S 0 200 1510 2050 1066 7 "[...][....]" 
L 0 0 0 320 320 * 0 14 0 
J C 4 5 42 2 6913 0 0 
K 0 0 33 
K 0 0 34 
J K 0 57 0 0 6913 0 0 
J D 0 -11 -14 1 6913 0 0 
W 0 0 37 \01\06 
J N 6 136 28 2 1 0 1 42 
K 0 0 43 
A D 2 16 
J N 6 182 42 2 865 288 1 42 
K 0 0 43 
A D 2 16 
J N 6 228 28 2 1729 288 1 42 
K 0 0 43 
A D 2 16 
J N 6 274 14 2 2593 288 1 42 
K 0 0 43 
A D 2 16 
H 42 B 46 -2 108 4 2 1 1 3 
J N 6 320 35 2 3457 288 1 43 
K 0 0 43 
A D 2 16 
J N 6 366 63 2 4321 288 1 43 
K 0 0 43 
A D 2 16 
J N 6 412 35 2 5185 288 1 43 
K 0 0 43 
A D 2 16 
J N 6 458 14 2 6049 288 1 43 
K 0 0 43 
A D 2 16 
H 43 B 49 -3 108 4 2 1 1 3 
J B 17 506 1 82 6913 288 0 
J N 6 527 28 2 1 0 1 44 
K 0 0 43 
A D 2 16 
J N 6 573 42 2 865 288 1 44 
K 0 0 43 
A D 2 16 
J N 6 619 28 2 1729 288 1 44 
K 0 0 43 
A D 2 16 
J N 6 665 14 2 2593 288 1 44 
K 0 0 43 
A D 2 16 
H 44 B 46 -2 108 4 2 1 1 3 
J N 6 711 35 2 3457 288 1 45 
K 0 0 43 
A D 2 16 
J N 6 757 63 2 4321 288 1 45 
K 0 0 43 
A D 2 16 
J N 6 803 35 2 5185 288 1 45 
K 0 0 43 
A D 2 16 
J N 6 849 14 2 6049 288 1 45 
K 0 0 43 
A D 2 16 
H 45 B 49 -3 108 4 2 1 1 3 
J B 18 897 1 82 6913 288 0 
J N 6 918 28 2 1 0 1 46 
K 0 0 43 
A D 2 16 
J N 6 964 42 2 865 288 1 46 
K 0 0 43 
A D 2 16 
J N 6 1010 28 2 1729 288 1 46 
K 0 0 43 
A D 2 16 
J N 6 1056 7 2 2593 288 1 46 
K 0 0 43 
A D 2 16 
H 46 B -49 0 108 4 2 1 1 3 
J N 6 1102 28 2 3457 288 1 47 
K 0 0 43 
A D 2 16 
J N 6 1147 56 2 4321 288 1 47 
K 0 0 43 
A D 2 16 
J N 6 1192 28 2 5185 288 1 47 
K 0 0 43 
A D 2 16 
J N 6 1237 7 2 6049 288 1 47 
K 0 0 43 
A D 2 16 
H 47 B -63 0 108 4 2 1 1 3 
J B 19 1284 1 82 6913 288 0 
J N 6 1305 21 2 1 0 1 48 
K 0 0 43 
A D 2 16 
J N 6 1350 35 2 865 288 1 48 
K 0 0 43 
A D 2 16 
J N 6 1395 21 2 1729 288 1 48 
K 0 0 43 
A D 2 16 
J N 6 1440 7 2 2593 288 1 48 
K 0 0 43 
A D 2 16 
H 48 B -56 0 108 4 2 1 1 3 
J N 6 1485 28 2 3457 288 1 49 
K 0 0 43 
A D 2 16 
J N 6 1530 56 2 4321 288 1 49 
K 0 0 43 
A D 2 16 
J N 6 1575 28 2 5185 288 1 49 
K 0 0 43 
A D 2 16 
J N 6 1620 7 2 6049 288 1 49 
K 0 0 43 
A D 2 16 
H 49 B -63 0 108 4 2 1 1 3 
J B 20 1667 1 82 6913 288 0 
J N 6 1688 21 2 1 0 1 50 
K 0 0 43 
A D 2 16 
J N 6 1733 35 2 865 288 1 50 
K 0 0 43 
A D 2 16 
J N 6 1778 21 2 1729 288 1 50 
K 0 0 43 
A D 2 16 
J N 6 1823 0 2 2593 288 1 50 
K 0 0 43 
A D 2 16 
H 50 B -56 0 108 4 2 1 1 3 
J N 6 1868 0 2 3457 288 1 51 
K 0 0 43 
A D 2 16 
J N 6 1913 28 2 4321 288 1 51 
K 0 0 43 
A D 2 16 
J N 6 1958 28 2 5185 288 1 51 
K 0 0 43 
A D 2 16 
J N 6 2003 7 2 6049 288 1 51 
K 0 0 43 
A D 2 16 
H 51 B -70 0 108 4 2 1 1 3 
J B 21 2050 1 82 6913 288 0 
E * 
L 160 0 0 320 320 * 0 14 0 
J C 4 5 42 2 6913 0 0 
K 0 0 33 
K 0 0 34 
J K 0 57 0 0 6913 0 0 
J D 0 -11 -14 1 6913 0 0 
W 0 0 0 \01\06 
J R 7 136 28 2 1 0 0 
K 0 0 48 
A D 2 8 
J N 7 228 14 4 1729 576 0 
K 0 0 43 
K 0 0 60 
K 0 21 60 
A D 2 8 
J R 7 320 28 2 3457 576 0 
K 0 0 48 
A D 2 8 
J N 7 412 14 4 5185 576 0 
K 0 0 43 
K 0 0 60 
K 0 21 60 
A D 2 8 
J B 17 506 1 82 6913 576 0 
J R 7 527 28 2 1 0 0 
K 0 0 48 
A D 2 8 
J N 7 619 14 4 1729 576 0 
K 0 0 43 
K 0 0 60 
K 0 21 60 
A D 2 8 
J R 7 711 28 2 3457 576 0 
K 0 0 48 
A D 2 8 
J N 7 803 14 4 5185 576 0 
K 0 0 43 
K 0 0 60 
K 0 21 60 
A D 2 8 
J B 18 897 1 82 6913 576 0 
J R 7 918 28 2 1 0 0 
K 0 0 48 
A D 2 8 
J N 7 1010 7 4 1729 576 0 
K 0 0 43 
K 0 0 60 
K 0 21 60 
A D 2 8 
J R 7 1102 28 2 3457 576 0 
K 0 0 48 
A D 2 8 
J N 7 1192 7 4 5185 576 0 
K 0 0 43 
K 0 0 60 
K 0 21 60 
A D 2 8 
J B 19 1284 1 82 6913 576 0 
J R 7 1305 28 2 1 0 0 
K 0 0 48 
A D 2 8 
J N 7 1395 7 4 1729 576 0 
K 0 0 43 
K 0 0 60 
K 0 21 60 
A D 2 8 
J R 7 1485 28 2 3457 576 0 
K 0 0 48 
A D 2 8 
J N 7 1575 7 4 5185 576 0 
K 0 0 43 
K 0 0 60 
K 0 21 60 
A D 2 8 
J B 20 1667 1 82 6913 576 0 
J R 7 1688 28 2 1 0 0 
K 0 0 48 
A D 2 8 
J N 7 1778 21 4 1729 576 0 
K 0 0 43 
K 0 0 60 
K 0 21 60 
A D 2 8 
J N 7 1868 28 4 3457 576 0 
K 0 0 43 
K 0 0 60 
K 0 21 60 
A D 2 8 
J N 7 1958 7 4 5185 576 0 
K 0 0 43 
K 0 0 60 
K 0 21 60 
A D 2 8 
J B 21 2050 1 82 6913 576 0 
E * 
L 320 0 0 320 320 * 0 14 0 
J C 22 5 14 36 6913 0 0 
J K 0 57 0 0 6913 0 0 
J D 0 -11 -14 1 6913 0 0 
W 0 0 0 \01\06 
J N 7 136 7 4 1 0 0 
K 0 0 43 
K 0 0 60 
K 0 21 60 
A D 2 8 
J R 7 228 28 2 1729 576 0 
K 0 0 48 
A D 2 8 
J F 0 320 98 1 3457 576 0 
K 0 0 205 
J N 7 320 14 5 3457 0 0 
K -18 0 63 
K 0 0 43 
K 0 0 60 
K 0 21 60 
A D 2 8 
J R 7 412 28 2 5185 576 0 
K 0 0 48 
A D 2 8 
J B 17 506 1 82 6913 576 0 
J N 7 527 7 4 1 0 0 
K 0 0 43 
K 0 0 60 
K 0 21 60 
A D 2 8 
J R 7 619 28 2 1729 576 0 
K 0 0 48 
A D 2 8 
J F 0 711 98 1 3457 576 0 
K 0 0 205 
J N 7 711 14 5 3457 0 0 
K -18 0 63 
K 0 0 43 
K 0 0 60 
K 0 21 60 
A D 2 8 
J R 7 803 28 2 5185 576 0 
K 0 0 48 
A D 2 8 
J B 18 897 1 82 6913 576 0 
J N 7 918 7 4 1 0 0 
K 0 0 43 
K 0 0 60 
K 0 21 60 
A D 2 8 
J R 7 1010 28 2 1729 576 0 
K 0 0 48 
A D 2 8 
J F 0 1102 98 1 3457 576 0 
K 0 0 205 
J N 7 1102 7 5 3457 0 0 
K -18 0 63 
K 0 0 43 
K 0 0 60 
K 0 21 60 
A D 2 8 
J R 7 1192 28 2 5185 576 0 
K 0 0 48 
A D 2 8 
J B 19 1284 1 82 6913 576 0 
J N 7 1305 0 4 1 0 0 
K 0 0 43 
K 0 0 60 
K 0 21 60 
A D 2 8 
J R 7 1395 28 2 1729 576 0 
K 0 0 48 
A D 2 8 
J F 0 1485 98 1 3457 576 0 
K 0 0 205 
J N 7 1485 7 5 3457 0 0 
K -18 0 63 
K 0 0 43 
K 0 0 60 
K 0 21 60 
A D 2 8 
J R 7 1575 28 2 5185 576 0 
K 0 0 48 
A D 2 8 
J B 20 1667 1 82 6913 576 0 
J N 7 1688 49 4 1 0 0 
K 0 0 43 
K 0 0 59 
K 0 -21 59 
A D 2 8 
J F 0 1778 98 1 1729 576 0 
K 0 0 205 
J N 7 1778 0 4 1729 0 0 
K 0 0 43 
K 0 0 60 
K 0 21 60 
A D 2 8 
J F 0 1868 98 1 3457 576 0 
K 0 0 206 
J N 7 1868 7 5 3457 0 0 
K -18 0 63 
K 0 0 43 
K 0 0 60 
K 0 21 60 
A D 2 8 
J F 0 1958 98 1 5185 576 0 
K 0 0 205 
J N 7 1958 7 5 5185 0 0 
K -14 0 64 
K 0 0 43 
K 0 0 60 
K 0 21 60 
A D 2 8 
J B 21 2050 1 82 6913 576 0 
E * 
L 530 0 0 320 320 * 0 14 0 
J C 4 5 42 2 6913 0 0 
K 0 0 33 
K 0 0 34 
J K 0 57 0 0 6913 0 0 
J D 0 -11 -14 1 6913 0 0 
W 0 0 0 \01\06 
J N 6 136 28 2 1 0 1 42 
K 0 0 43 
A D 2 16 
J N 6 182 42 2 865 288 1 42 
K 0 0 43 
A D 2 16 
J N 6 228 28 2 1729 288 1 42 
K 0 0 43 
A D 2 16 
J N 6 274 14 2 2593 288 1 42 
K 0 0 43 
A D 2 16 
H 42 B 46 -2 108 4 2 1 1 3 
J N 6 320 35 2 3457 288 1 43 
K 0 0 43 
A D 2 16 
J N 6 366 63 2 4321 288 1 43 
K 0 0 43 
A D 2 16 
J N 6 412 35 2 5185 288 1 43 
K 0 0 43 
A D 2 16 
J N 6 458 14 2 6049 288 1 43 
K 0 0 43 
A D 2 16 
H 43 B 49 -3 108 4 2 1 1 3 
J B 17 506 1 82 6913 288 0 
J N 6 527 28 2 1 0 1 44 
K 0 0 43 
A D 2 16 
J N 6 573 42 2 865 288 1 44 
K 0 0 43 
A D 2 16 
J N 6 619 28 2 1729 288 1 44 
K 0 0 43 
A D 2 16 
J N 6 665 14 2 2593 288 1 44 
K 0 0 43 
A D 2 16 
H 44 B 46 -2 108 4 2 1 1 3 
J N 6 711 35 2 3457 288 1 45 
K 0 0 43 
A D 2 16 
J N 6 757 63 2 4321 288 1 45 
K 0 0 43 
A D 2 16 
J N 6 803 35 2 5185 288 1 45 
K 0 0 43 
A D 2 16 
J N 6 849 14 2 6049 288 1 45 
K 0 0 43 
A D 2 16 
H 45 B 49 -3 108 4 2 1 1 3 
J B 18 897 1 82 6913 288 0 
J N 6 918 28 2 1 0 1 46 
K 0 0 43 
A D 2 16 
J N 6 964 42 2 865 288 1 46 
K 0 0 43 
A D 2 16 
J N 6 1010 28 2 1729 288 1 46 
K 0 0 43 
A D 2 16 
J N 6 1056 7 2 2593 288 1 46 
K 0 0 43 
A D 2 16 
H 46 B -49 0 108 4 2 1 1 3 
J N 6 1102 28 2 3457 288 1 47 
K 0 0 43 
A D 2 16 
J N 6 1147 56 2 4321 288 1 47 
K 0 0 43 
A D 2 16 
J N 6 1192 28 2 5185 288 1 47 
K 0 0 43 
A D 2 16 
J N 6 1237 7 2 6049 288 1 47 
K 0 0 43 
A D 2 16 
H 47 B -63 0 108 4 2 1 1 3 
J B 19 1284 1 82 6913 288 0 
J N 6 1305 21 2 1 0 1 48 
K 0 0 43 
A D 2 16 
J N 6 1350 35 2 865 288 1 48 
K 0 0 43 
A D 2 16 
J N 6 1395 21 2 1729 288 1 48 
K 0 0 43 
A D 2 16 
J N 6 1440 7 2 2593 288 1 48 
K 0 0 43 
A D 2 16 
H 48 B -56 0 108 4 2 1 1 3 
J N 6 1485 28 2 3457 288 1 49 
K 0 0 43 
A D 2 16 
J N 6 1530 56 2 4321 288 1 49 
K 0 0 43 
A D 2 16 
J N 6 1575 28 2 5185 288 1 49 
K 0 0 43 
A D 2 16 
J N 6 1620 7 2 6049 288 1 49 
K 0 0 43 
A D 2 16 
H 49 B -63 0 108 4 2 1 1 3 
J B 20 1667 1 82 6913 288 0 
J N 6 1688 21 2 1 0 1 50 
K 0 0 43 
A D 2 16 
J N 6 1733 35 2 865 288 1 50 
K 0 0 43 
A D 2 16 
J N 6 1778 21 2 1729 288 1 50 
K 0 0 43 
A D 2 16 
J N 6 1823 0 2 2593 288 1 50 
K 0 0 43 
A D 2 16 
H 50 B -56 0 108 4 2 1 1 3 
J N 6 1868 0 2 3457 288 1 51 
K 0 0 43 
A D 2 16 
J N 6 1913 28 2 4321 288 1 51 
K 0 0 43 
A D 2 16 
J N 6 1958 28 2 5185 288 1 51 
K 0 0 43 
A D 2 16 
J N 6 2003 7 2 6049 288 1 51 
K 0 0 43 
A D 2 16 
H 51 B -70 0 108 4 2 1 1 3 
J B 21 2050 1 82 6913 288 0 
E * 
L 690 0 0 320 320 * 0 14 0 
J C 4 5 42 2 6913 0 0 
K 0 0 33 
K 0 0 34 
J K 0 57 0 0 6913 0 0 
J D 0 -11 -14 1 6913 0 0 
W 0 0 0 \01\06 
J R 7 136 28 2 1 0 0 
K 0 0 48 
A D 2 8 
J N 7 228 14 4 1729 576 0 
K 0 0 43 
K 0 0 60 
K 0 21 60 
A D 2 8 
J R 7 320 28 2 3457 576 0 
K 0 0 48 
A D 2 8 
J N 7 412 14 4 5185 576 0 
K 0 0 43 
K 0 0 60 
K 0 21 60 
A D 2 8 
J B 17 506 1 82 6913 576 0 
J R 7 527 28 2 1 0 0 
K 0 0 48 
A D 2 8 
J N 7 619 14 4 1729 576 0 
K 0 0 43 
K 0 0 60 
K 0 21 60 
A D 2 8 
J R 7 711 28 2 3457 576 0 
K 0 0 48 
A D 2 8 
J N 7 803 14 4 5185 576 0 
K 0 0 43 
K 0 0 60 
K 0 21 60 
A D 2 8 
J B 18 897 1 82 6913 576 0 
J R 7 918 28 2 1 0 0 
K 0 0 48 
A D 2 8 
J N 7 1010 7 4 1729 576 0 
K 0 0 43 
K 0 0 60 
K 0 21 60 
A D 2 8 
J R 7 1102 28 2 3457 576 0 
K 0 0 48 
A D 2 8 
J N 7 1192 7 4 5185 576 0 
K 0 0 43 
K 0 0 60 
K 0 21 60 
A D 2 8 
J B 19 1284 1 82 6913 576 0 
J R 7 1305 28 2 1 0 0 
K 0 0 48 
A D 2 8 
J N 7 1395 7 4 1729 576 0 
K 0 0 43 
K 0 0 60 
K 0 21 60 
A D 2 8 
J R 7 1485 28 2 3457 576 0 
K 0 0 48 
A D 2 8 
J N 7 1575 7 4 5185 576 0 
K 0 0 43 
K 0 0 60 
K 0 21 60 
A D 2 8 
J B 20 1667 1 82 6913 576 0 
J R 7 1688 28 2 1 0 0 
K 0 0 48 
A D 2 8 
J N 7 1778 21 4 1729 576 0 
K 0 0 43 
K 0 0 60 
K 0 21 60 
A D 2 8 
J N 7 1868 28 4 3457 576 0 
K 0 0 43 
K 0 0 60 
K 0 21 60 
A D 2 8 
J N 7 1958 7 4 5185 576 0 
K 0 0 43 
K 0 0 60 
K 0 21 60 
A D 2 8 
J B 21 2050 1 82 6913 576 0 
E * 
L 850 0 0 320 320 * 0 14 0 
J C 13 5 28 35 6913 0 0 
J K 0 57 0 0 6913 0 0 
J D 0 -11 -14 1 6913 0 0 
W 0 0 0 \01\06 
J N 7 136 21 4 1 0 0 
K 0 0 43 
K 0 0 60 
K 0 21 60 
A D 2 8 
J R 7 228 28 2 1729 576 0 
K 0 0 48 
A D 2 8 
J N 7 320 21 4 3457 576 0 
K 0 0 43 
K 0 0 60 
K 0 21 60 
A D 2 8 
J R 7 412 28 2 5185 576 0 
K 0 0 48 
A D 2 8 
J B 17 506 1 82 6913 576 0 
J N 7 527 21 4 1 0 0 
K 0 0 43 
K 0 0 60 
K 0 21 60 
A D 2 8 
J R 7 619 28 2 1729 576 0 
K 0 0 48 
A D 2 8 
J N 7 711 21 4 3457 576 0 
K 0 0 43 
K 0 0 60 
K 0 21 60 
A D 2 8 
J R 7 803 28 2 5185 576 0 
K 0 0 48 
A D 2 8 
J B 18 897 1 82 6913 576 0 
J N 7 918 21 4 1 0 0 
K 0 0 43 
K 0 0 60 
K 0 21 60 
A D 2 8 
J R 7 1010 28 2 1729 576 0 
K 0 0 48 
A D 2 8 
J N 7 1102 14 4 3457 576 0 
K 0 0 43 
K 0 0 60 
K 0 21 60 
A D 2 8 
J R 7 1192 28 2 5185 576 0 
K 0 0 48 
A D 2 8 
J B 19 1284 1 82 6913 576 0 
J N 7 1305 14 4 1 0 0 
K 0 0 43 
K 0 0 60 
K 0 21 60 
A D 2 8 
J R 7 1395 28 2 1729 576 0 
K 0 0 48 
A D 2 8 
J N 7 1485 14 4 3457 576 0 
K 0 0 43 
K 0 0 60 
K 0 21 60 
A D 2 8 
J R 7 1575 28 2 5185 576 0 
K 0 0 48 
A D 2 8 
J B 20 1667 1 82 6913 576 0 
J N 7 1688 14 4 1 0 0 
K 0 0 43 
K 0 0 60 
K 0 21 60 
A D 2 8 
J N 7 1778 -7 4 1729 576 0 
K 0 0 43 
K 0 0 60 
K 0 21 60 
A D 2 8 
J N 7 1868 -14 7 3457 576 0 
K 0 0 45 
K 0 0 43 
K -1 0 45 
K 2 0 45 
K 0 0 60 
K 0 21 60 
A D 2 8 
J N 7 1958 14 4 5185 576 0 
K 0 0 43 
K 0 0 60 
K 0 21 60 
A D 2 8 
J B 21 2050 1 82 6913 576 0 
E * 
L 1010 0 0 320 320 * 0 14 0 
J C 22 5 14 36 6913 0 0 
J K 0 57 0 0 6913 0 0 
J D 0 -11 -14 1 6913 0 0 
W 0 0 0 \01\06 
J N 7 136 7 4 1 0 0 
K 0 0 43 
K 0 0 60 
K 0 21 60 
A D 2 8 
J R 7 228 28 2 1729 576 0 
K 0 0 48 
A D 2 8 
J F 0 320 98 1 3457 576 0 
K 0 0 205 
J N 7 320 14 5 3457 0 0 
K -18 0 63 
K 0 0 43 
K 0 0 60 
K 0 21 60 
A D 2 8 
J R 7 412 28 2 5185 576 0 
K 0 0 48 
A D 2 8 
J B 17 506 1 82 6913 576 0 
J N 7 527 7 4 1 0 0 
K 0 0 43 
K 0 0 60 
K 0 21 60 
A D 2 8 
J R 7 619 28 2 1729 576 0 
K 0 0 48 
A D 2 8 
J F 0 711 98 1 3457 576 0 
K 0 0 205 
J N 7 711 14 5 3457 0 0 
K -18 0 63 
K 0 0 43 
K 0 0 60 
K 0 21 60 
A D 2 8 
J R 7 803 28 2 5185 576 0 
K 0 0 48 
A D 2 8 
J B 18 897 1 82 6913 576 0 
J N 7 918 7 4 1 0 0 
K 0 0 43 
K 0 0 60 
K 0 21 60 
A D 2 8 
J R 7 1010 28 2 1729 576 0 
K 0 0 48 
A D 2 8 
J F 0 1102 98 1 3457 576 0 
K 0 0 205 
J N 7 1102 7 5 3457 0 0 
K -18 0 63 
K 0 0 43 
K 0 0 60 
K 0 21 60 
A D 2 8 
J R 7 1192 28 2 5185 576 0 
K 0 0 48 
A D 2 8 
J B 19 1284 1 82 6913 576 0 
J N 7 1305 0 4 1 0 0 
K 0 0 43 
K 0 0 60 
K 0 21 60 
A D 2 8 
J R 7 1395 28 2 1729 576 0 
K 0 0 48 
A D 2 8 
J F 0 1485 98 1 3457 576 0 
K 0 0 205 
J N 7 1485 7 5 3457 0 0 
K -18 0 63 
K 0 0 43 
K 0 0 60 
K 0 21 60 
A D 2 8 
J R 7 1575 28 2 5185 576 0 
K 0 0 48 
A D 2 8 
J B 20 1667 1 82 6913 576 0 
J N 7 1688 49 4 1 0 0 
K 0 0 43 
K 0 0 59 
K 0 -21 59 
A D 2 8 
J F 0 1778 98 1 1729 576 0 
K 0 0 205 
J N 7 1778 0 4 1729 0 0 
K 0 0 43 
K 0 0 60 
K 0 21 60 
A D 2 8 
J F 0 1868 98 1 3457 576 0 
K 0 0 206 
J N 7 1868 7 5 3457 0 0 
K -18 0 63 
K 0 0 43 
K 0 0 60 
K 0 21 60 
A D 2 8 
J F 0 1958 98 1 5185 576 0 
K 0 0 205 
J N 7 1958 7 5 5185 0 0 
K -14 0 64 
K 0 0 43 
K 0 0 60 
K 0 21 60 
A D 2 8 
J B 21 2050 1 82 6913 576 0 
E * 
B 25 74 0 
B 1 506 0 
B 1 897 0 
B 1 1284 0 
B 1 1667 0 
B 1 2050 0 
