S 0 200 140 2050 1066 7 "[...][....]"            
L 0 0 0 300 300 * 0 14 0            
J C 4 5 42 2 6913 0 0            
K 0 0 33            
K 0 0 34            
J K 0 57 0 0 6913 0 0            
J D 0 -11 -14 1 6913 0 0            
W 0 0 37 \03\03            
J N 6 100 -7 2 1 0 1 79            
K 0 0 43            
A D 2 16            
J N 6 140 28 2 865 288 1 79            
K 0 0 43            
A D 2 16            
J N 6 180 21 2 1729 288 2 79 78            
K 0 0 43            
A D 2 16            
J M 0 86 0 0 6913 0 1 78            
H 78 S 0 0 -11 0 0 0 0 0 3    
J N 6 220 49 2 2593 288 1 79            
K 0 0 43            
A D 2 16            
H 79 B -74 6 108 4 2 1 1 3            
J N 6 260 56 2 3457 288 1 80            
K 0 0 43            
A D 2 16            
J N 6 300 21 2 4321 288 1 80            
K 0 0 43            
A D 2 16            
J N 6 340 63 2 5185 288 1 80            
K 0 0 43            
A D 2 16            
J N 6 380 28 2 6049 288 1 80            
K 0 0 43            
A D 2 16            
H 80 B 77 0 108 4 2 1 1 3            
J B 34 421 1 82 6913 288 0            
J N 7 442 70 7 1 0 0            
K 1 0 45            
K 0 0 43            
K -1 0 45            
K 2 0 45            
K 0 0 59            
K 0 -21 59            
A D 4 16            
J R 6 493 28 2 1729 576 0            
K 0 0 49            
A D 2 16            
J N 6 533 -14 6 2593 288 0            
K 0 0 45            
K 0 0 43            
K -1 0 45            
K 2 0 45            
K 0 0 54            
A D 2 16            
J N 5 573 -14 5 3457 288 2 81 82            
K 0 0 45            
K 0 0 43            
K -1 0 45            
K 2 0 45            
A D 1 16            
J N 5 599 -7 2 3889 144 1 82            
K 0 0 43            
A D 1 16            
J N 5 625 0 2 4321 144 1 82            
K 0 0 43            
A D 1 16            
J N 5 651 7 2 4753 144 1 82            
K 0 0 43            
A D 1 16            
H 82 B -59 5 108 4 22 11 11 33            
J N 6 677 14 2 5185 144 2 83 81            
K 0 0 43            
A D 2 16            
H 81 S 0 0 0 0 0 0 0 0 0            
J N 6 717 -7 2 6049 288 1 83            
K 0 0 43            
A D 2 16            
H 83 B -47 -4 108 2 2 3            
J B 35 758 1 82 6913 288 0            
J N 6 779 -7 2 1 0 1 84            
K 0 0 43            
A D 2 16            
J N 6 819 21 2 865 288 1 84            
K 0 0 43            
A D 2 16            
H 84 B -65 4 108 2 2 3            
J R 6 859 28 2 1729 288 0            
K 0 0 49            
A D 2 16            
J N 6 899 0 3 2593 288 0            
K 0 0 43            
K 0 0 54            
A D 2 16            
J N 5 939 0 2 3457 288 2 85 86            
K 0 0 43            
A D 1 16            
J N 5 965 7 2 3889 144 1 86            
K 0 0 43            
A D 1 16            
J N 5 991 14 2 4321 144 1 86            
K 0 0 43            
A D 1 16            
J N 5 1017 21 2 4753 144 1 86            
K 0 0 43            
A D 1 16            
H 86 B -59 5 108 4 22 11 11 33            
J N 6 1043 28 2 5185 144 2 87 85            
K 0 0 43            
A D 2 16            
H 85 S 0 0 0 0 0 0 0 0 0            
J N 6 1083 7 2 6049 288 1 87            
K 0 0 43            
A D 2 16            
H 87 B -47 -4 108 2 2 3            
J B 36 1124 1 82 6913 288 0            
J N 6 1145 7 2 1 0 1 88            
K 0 0 43            
A D 2 16            
J N 6 1185 35 2 865 288 1 88            
K 0 0 43            
A D 2 16            
H 88 B -65 4 108 2 2 3            
J R 6 1225 28 2 1729 288 0            
K 0 0 49            
A D 2 16            
J N 6 1265 -14 6 2593 288 1 89            
K 0 0 45            
K 0 0 43            
K -1 0 45            
K 2 0 45            
K 0 0 54            
A D 2 16            
J N 6 1305 -7 2 3457 288 1 90            
K 0 0 43            
A D 2 16            
J N 6 1345 28 2 4321 288 1 90            
K 0 0 43            
A D 2 16            
J N 6 1385 21 2 5185 288 2 90 89            
K 0 0 43            
A D 2 16            
H 89 S 0 0 0 0 0 0 0 0 0            
J N 6 1425 49 2 6049 288 1 90            
K 0 0 43            
A D 2 16            
H 90 B -74 6 108 4 2 1 1 3            
J B 37 1466 1 82 6913 288 0            
J N 6 1487 56 2 1 0 1 91            
K 0 0 43            
A D 2 16            
J N 6 1527 21 2 865 288 1 91            
K 0 0 43            
A D 2 16            
J N 6 1567 63 2 1729 288 1 91            
K 0 0 43            
A D 2 16            
J N 6 1606 28 2 2593 288 1 91            
K 0 0 43            
A D 2 16            
H 91 B 77 0 108 4 2 1 1 3            
J N 7 1645 70 7 3457 288 0            
K 1 0 45            
K 0 0 43            
K -1 0 45            
K 2 0 45            
K 0 0 59            
K 0 -21 59            
A D 4 16            
J R 6 1695 28 2 5185 576 0            
K 0 0 49            
A D 2 16            
J N 6 1734 7 3 6049 288 0            
K 0 0 43            
K 0 0 54            
A D 2 16            
J B 38 1775 1 82 6913 288 0            
J N 6 1796 35 2 1 0 1 92            
K 0 0 43            
A D 2 16            
J N 6 1835 21 2 865 288 1 92            
K 0 0 43            
A D 2 16            
J N 6 1874 91 6 1729 288 1 92            
K 1 -21 45            
K 1 -7 45            
K 0 0 43            
K 0 -7 45            
K 1 -7 45            
A D 2 16            
J N 6 1913 28 2 2593 288 1 92            
K 0 0 43            
A D 2 16            
H 92 B 56 0 108 4 2 1 1 3            
J N 8 1952 70 7 3457 288 0            
K 1 0 45            
K 0 0 42            
K -1 0 45            
K 2 0 45            
K 0 0 59            
K 0 -21 59            
A D 8 16            
J B 0 2050 6 4 6913 1152 0            
K -23 21 44            
K -23 35 44            
K -13 0 82            
K -6 0 84            
E *            
L 160 0 0 300 300 * 0 14 0            
J C 4 5 42 2 6913 0 0            
K 0 0 33            
K 0 0 34            
J K 0 57 0 0 6913 0 0            
J D 0 -11 -14 1 6913 0 0            
W 0 0 0 \03\03            
J R 7 100 28 2 1 0 0            
K 0 0 48            
A D 2 8            
J N 7 180 21 4 1729 576 0            
K 0 0 43            
K 0 0 60            
K 0 21 60            
A D 2 8            
J N 7 260 42 4 3457 576 0            
K 0 0 43            
K 0 0 59            
K 0 -21 59            
A D 2 8            
J N 7 340 49 4 5185 576 0            
K 0 0 43            
K 0 0 59            
K 0 -21 59            
A D 2 8            
J B 34 421 1 82 6913 576 0            
J N 7 442 56 4 1 0 0            
K 0 0 43            
K 0 0 59            
K 0 -21 59            
A D 2 8            
J N 7 493 70 7 1729 576 0            
K 1 0 45            
K 0 0 43            
K -1 0 45            
K 2 0 45            
K 0 0 59            
K 0 -21 59            
A D 2 8            
J R 7 573 28 2 3457 576 0            
K 0 0 48            
A D 2 8            
J N 7 677 -7 4 5185 576 0            
K 0 0 43            
K 0 0 60            
K 0 21 60            
A D 2 8            
J B 35 758 1 82 6913 576 0            
J N 7 779 -28 8 1 0 0            
K 0 14 45            
K 0 0 45            
K 0 0 43            
K -1 0 45            
K 2 0 45            
K 0 0 60            
K 0 28 60            
A D 2 8            
J N 7 859 0 4 1729 576 0            
K 0 0 43            
K 0 0 60            
K 0 21 60            
A D 2 8            
J R 7 939 28 2 3457 576 0            
K 0 0 48            
A D 2 8            
J N 7 1043 7 4 5185 576 0            
K 0 0 43            
K 0 0 60            
K 0 21 60            
A D 2 8            
J B 36 1124 1 82 6913 576 0            
J N 7 1145 -14 7 1 0 0            
K 0 0 45            
K 0 0 43            
K -1 0 45            
K 2 0 45            
K 0 0 60            
K 0 21 60            
A D 2 8            
J N 7 1225 14 4 1729 576 0            
K 0 0 43            
K 0 0 60            
K 0 21 60            
A D 2 8            
J R 7 1305 28 2 3457 576 0            
K 0 0 48            
A D 2 8            
J N 7 1385 21 4 5185 576 0            
K 0 0 43            
K 0 0 60            
K 0 21 60            
A D 2 8            
J B 37 1466 1 82 6913 576 0            
J N 7 1487 42 4 1 0 0            
K 0 0 43            
K 0 0 59            
K 0 -21 59            
A D 2 8            
J N 7 1567 49 4 1729 576 0            
K 0 0 43            
K 0 0 59            
K 0 -21 59            
A D 2 8            
J N 7 1645 56 4 3457 576 0            
K 0 0 43            
K 0 0 59            
K 0 -21 59            
A D 2 8            
J R 6 1695 28 2 5185 576 0            
K 0 0 49            
A D 1 8            
J N 6 1734 42 3 6049 288 0            
K 0 0 43            
K 0 0 53            
A D 1 8            
J B 38 1775 1 82 6913 288 0            
J N 6 1796 49 2 1 0 2 10 11            
K 0 0 43            
A D 1 8            
J N 6 1835 56 2 865 288 2 11 10            
K 0 0 43            
A D 1 8            
H 11 B 41 3 108 2 2 3            
H 10 S 12 0 0 0 0 0 0 0 0            
J N 7 1874 63 4 1729 288 0            
K 0 0 43            
K 0 0 59            
K 0 -21 59            
A D 2 8            
J N 8 1952 70 7 3457 576 0            
K 1 0 45            
K 0 0 42            
K -1 0 45            
K 2 0 45            
K 0 0 59            
K 0 -21 59            
A D 4 8            
J B 0 2050 6 4 6913 1152 0            
K -23 21 44            
K -23 35 44            
K -13 0 82            
K -6 0 84            
E *            
L 320 0 0 300 300 * 0 14 0            
J C 22 5 14 36 6913 0 0            
J K 0 57 0 0 6913 0 0            
J D 0 -11 -14 1 6913 0 0            
W 0 0 0 \03\03            
J F 0 100 98 2 1 0 0            
K 0 0 203            
K 0 21 201            
J N 7 100 14 4 1 0 1 12            
K 0 0 43            
K 0 0 60            
K 0 21 60            
A D 2 8            
J M 0 48 0 0 6913 0 1 12            
H 12 T 14 0 0 0 0 0 5 0            
J F 0 180 98 1 1729 576 0            
K 0 0 205            
J N 6 180 21 2 1729 0 1 13            
K 0 0 43            
A D 1 8            
J N 6 220 14 2 2593 288 1 13            
K 0 0 43            
A D 1 8            
H 13 B -42 -3 108 2 2 3            
J F 0 260 98 2 3457 288 0            
K 0 0 205            
K 0 21 203            
J N 7 260 7 4 3457 0 0            
K 0 0 43            
K 0 0 60            
K 0 21 60            
A D 2 8            
J F 0 340 98 2 5185 576 0            
K 0 0 204            
K 0 21 202            
J N 7 340 56 4 5185 0 0            
K 0 0 43            
K 0 0 59            
K 0 -21 59            
A D 2 8            
J B 34 421 1 82 6913 576 0            
J N 7 442 35 4 1 0 0            
K 0 0 43            
K 0 0 59            
K 0 -21 59            
A D 2 8            
J F 0 493 98 1 1729 576 0            
K 0 0 205            
J N 7 493 -14 7 1729 0 0            
K 0 0 45            
K 0 0 43            
K -1 0 45            
K 2 0 45            
K 0 0 60            
K 0 21 60            
A D 2 8            
J F 0 573 98 1 3457 576 0            
K 0 0 206            
J N 7 573 -7 4 3457 0 0            
K 0 0 43            
K 0 0 60            
K 0 21 60            
A D 2 8            
J F 0 677 98 1 5185 576 0            
K 0 0 205            
J N 7 677 42 4 5185 0 0            
K 0 0 43            
K 0 0 59            
K 0 -21 59            
A D 2 8            
J B 35 758 1 82 6913 576 0            
J F 0 779 98 1 1 0 0            
K 0 0 206            
J N 7 779 49 4 1 0 0            
K 0 0 43            
K 0 0 59            
K 0 -21 59            
A D 2 8            
J F 0 859 98 1 1729 576 0            
K 0 0 205            
J N 7 859 0 4 1729 0 0            
K 0 0 43            
K 0 0 60            
K 0 21 60            
A D 2 8            
J F 0 939 98 1 3457 576 0            
K 0 0 206            
J N 7 939 7 4 3457 0 0            
K 0 0 43            
K 0 0 60            
K 0 21 60            
A D 2 8            
J F 0 1043 98 1 5185 576 0            
K 0 0 205            
J N 7 1043 56 4 5185 0 0            
K 0 0 43            
K 0 0 59            
K 0 -21 59            
A D 2 8            
J B 36 1124 1 82 6913 576 0            
J F 0 1145 98 1 1 0 0            
K 0 0 206            
J N 7 1145 63 4 1 0 0            
K 0 0 43            
K 0 0 59            
K 0 -21 59            
A D 2 8            
J F 0 1225 98 1 1729 576 0            
K 0 0 205            
J N 8 1225 14 4 1729 0 0            
K 0 0 42            
K 0 0 60            
K 0 21 60            
A D 4 8            
J F 0 1305 98 2 3457 576 0            
K 0 0 203            
K 0 21 201            
J F 0 1385 98 1 5185 576 0            
K 0 0 205            
J N 6 1385 21 2 5185 0 1 14            
K 0 0 43            
A D 1 8            
J N 6 1425 14 2 6049 288 1 14            
K 0 0 43            
A D 1 8            
H 14 B -42 -3 108 2 2 3            
J B 37 1466 1 82 6913 288 0            
J F 0 1487 98 2 1 0 0            
K 0 0 205            
K 0 21 203            
J N 7 1487 7 4 1 0 0            
K 0 0 43            
K 0 0 60            
K 0 21 60            
A D 2 8            
J F 0 1567 98 2 1729 576 0            
K 0 0 204            
K 0 21 202            
J N 7 1567 56 4 1729 0 0            
K 0 0 43            
K 0 0 59            
K 0 -21 59            
A D 2 8            
J N 7 1645 35 4 3457 576 0            
K 0 0 43            
K 0 0 59            
K 0 -21 59            
A D 2 8            
J F 0 1695 98 1 5185 576 0            
K 0 0 205            
J N 7 1695 21 4 5185 0 0            
K 0 0 43            
K 0 0 60            
K 0 21 60            
A D 2 8            
J B 38 1775 1 82 6913 576 0            
J F 0 1796 98 2 1 0 0            
K 0 0 205            
K 0 21 204            
J N 7 1796 14 4 1 0 0            
K 0 0 43            
K 0 0 60            
K 0 21 60            
A D 2 8            
J F 0 1874 98 1 1729 576 0            
K 0 0 202            
J N 7 1874 7 4 1729 0 0            
K 0 0 43            
K 0 0 60            
K 0 21 60            
A D 2 8            
J N 8 1952 35 4 3457 576 0            
K 0 0 42            
K 0 0 59            
K 0 -21 59            
A D 4 8            
J B 0 2050 6 4 6913 1152 0            
K -23 21 44            
K -23 35 44            
K -13 0 82            
K -6 0 84            
E *            
L 530 0 0 300 300 * 0 14 0            
J C 4 5 42 2 6913 0 0            
K 0 0 33            
K 0 0 34            
J K 0 57 0 0 6913 0 0            
J D 0 -11 -14 1 6913 0 0            
W 0 0 0 \03\03            
J N 6 100 -7 2 1 0 1 79            
K 0 0 43            
A D 2 16            
J N 6 140 28 2 865 288 1 79            
K 0 0 43            
A D 2 16            
J N 6 180 21 2 1729 288 2 79 78            
K 0 0 43            
A D 2 16            
J M 0 86 0 0 6913 0 1 78            
H 78 S 0 0 -11 0 0 0 0 0 3    
J N 6 220 49 2 2593 288 1 79            
K 0 0 43            
A D 2 16            
H 79 B -74 6 108 4 2 1 1 3            
J N 6 260 56 2 3457 288 1 80            
K 0 0 43            
A D 2 16            
J N 6 300 21 2 4321 288 1 80            
K 0 0 43            
A D 2 16            
J N 6 340 63 2 5185 288 1 80            
K 0 0 43            
A D 2 16            
J N 6 380 28 2 6049 288 1 80            
K 0 0 43            
A D 2 16            
H 80 B 77 0 108 4 2 1 1 3            
J B 34 421 1 82 6913 288 0            
J N 7 442 70 7 1 0 0            
K 1 0 45            
K 0 0 43            
K -1 0 45            
K 2 0 45            
K 0 0 59            
K 0 -21 59            
A D 4 16            
J R 6 493 28 2 1729 576 0            
K 0 0 49            
A D 2 16            
J N 6 533 -14 6 2593 288 0            
K 0 0 45            
K 0 0 43            
K -1 0 45            
K 2 0 45            
K 0 0 54            
A D 2 16            
J N 5 573 -14 5 3457 288 2 81 82            
K 0 0 45            
K 0 0 43            
K -1 0 45            
K 2 0 45            
A D 1 16            
J N 5 599 -7 2 3889 144 1 82            
K 0 0 43            
A D 1 16            
J N 5 625 0 2 4321 144 1 82            
K 0 0 43            
A D 1 16            
J N 5 651 7 2 4753 144 1 82            
K 0 0 43            
A D 1 16            
H 82 B -59 5 108 4 22 11 11 33            
J N 6 677 14 2 5185 144 2 83 81            
K 0 0 43            
A D 2 16            
H 81 S 0 0 0 0 0 0 0 0 0            
J N 6 717 -7 2 6049 288 1 83            
K 0 0 43            
A D 2 16            
H 83 B -47 -4 108 2 2 3            
J B 35 758 1 82 6913 288 0            
J N 6 779 -7 2 1 0 1 84            
K 0 0 43            
A D 2 16            
J N 6 819 21 2 865 288 1 84            
K 0 0 43            
A D 2 16            
H 84 B -65 4 108 2 2 3            
J R 6 859 28 2 1729 288 0            
K 0 0 49            
A D 2 16            
J N 6 899 0 3 2593 288 0            
K 0 0 43            
K 0 0 54            
A D 2 16            
J N 5 939 0 2 3457 288 2 85 86            
K 0 0 43            
A D 1 16            
J N 5 965 7 2 3889 144 1 86            
K 0 0 43            
A D 1 16            
J N 5 991 14 2 4321 144 1 86            
K 0 0 43            
A D 1 16            
J N 5 1017 21 2 4753 144 1 86            
K 0 0 43            
A D 1 16            
H 86 B -59 5 108 4 22 11 11 33            
J N 6 1043 28 2 5185 144 2 87 85            
K 0 0 43            
A D 2 16            
H 85 S 0 0 0 0 0 0 0 0 0            
J N 6 1083 7 2 6049 288 1 87            
K 0 0 43            
A D 2 16            
H 87 B -47 -4 108 2 2 3            
J B 36 1124 1 82 6913 288 0            
J N 6 1145 7 2 1 0 1 88            
K 0 0 43            
A D 2 16            
J N 6 1185 35 2 865 288 1 88            
K 0 0 43            
A D 2 16            
H 88 B -65 4 108 2 2 3            
J R 6 1225 28 2 1729 288 0            
K 0 0 49            
A D 2 16            
J N 6 1265 -14 6 2593 288 1 89            
K 0 0 45            
K 0 0 43            
K -1 0 45            
K 2 0 45            
K 0 0 54            
A D 2 16            
J N 6 1305 -7 2 3457 288 1 90            
K 0 0 43            
A D 2 16            
J N 6 1345 28 2 4321 288 1 90            
K 0 0 43            
A D 2 16            
J N 6 1385 21 2 5185 288 2 90 89            
K 0 0 43            
A D 2 16            
H 89 S 0 0 0 0 0 0 0 0 0            
J N 6 1425 49 2 6049 288 1 90            
K 0 0 43            
A D 2 16            
H 90 B -74 6 108 4 2 1 1 3            
J B 37 1466 1 82 6913 288 0            
J N 6 1487 56 2 1 0 1 91            
K 0 0 43            
A D 2 16            
J N 6 1527 21 2 865 288 1 91            
K 0 0 43            
A D 2 16            
J N 6 1567 63 2 1729 288 1 91            
K 0 0 43            
A D 2 16            
J N 6 1606 28 2 2593 288 1 91            
K 0 0 43            
A D 2 16            
H 91 B 77 0 108 4 2 1 1 3            
J N 7 1645 70 7 3457 288 0            
K 1 0 45            
K 0 0 43            
K -1 0 45            
K 2 0 45            
K 0 0 59            
K 0 -21 59            
A D 4 16            
J R 6 1695 28 2 5185 576 0            
K 0 0 49            
A D 2 16            
J N 6 1734 7 3 6049 288 0            
K 0 0 43            
K 0 0 54            
A D 2 16            
J B 38 1775 1 82 6913 288 0            
J N 6 1796 35 2 1 0 1 92            
K 0 0 43            
A D 2 16            
J N 6 1835 21 2 865 288 1 92            
K 0 0 43            
A D 2 16            
J N 6 1874 91 6 1729 288 1 92            
K 1 -21 45            
K 1 -7 45            
K 0 0 43            
K 0 -7 45            
K 1 -7 45            
A D 2 16            
J N 6 1913 28 2 2593 288 1 92            
K 0 0 43            
A D 2 16            
H 92 B 56 0 108 4 2 1 1 3            
J N 8 1952 70 7 3457 288 0            
K 1 0 45            
K 0 0 42            
K -1 0 45            
K 2 0 45            
K 0 0 59            
K 0 -21 59            
A D 8 16            
J B 0 2050 6 4 6913 1152 0            
K -23 21 44            
K -23 35 44            
K -13 0 82            
K -6 0 84            
E *            
L 690 0 0 300 300 * 0 14 0            
J C 4 5 42 2 6913 0 0            
K 0 0 33            
K 0 0 34            
J K 0 57 0 0 6913 0 0            
J D 0 -11 -14 1 6913 0 0            
W 0 0 0 \03\03            
J R 7 100 28 2 1 0 0            
K 0 0 48            
A D 2 8            
J N 7 180 21 4 1729 576 0            
K 0 0 43            
K 0 0 60            
K 0 21 60            
A D 2 8            
J N 7 260 42 4 3457 576 0            
K 0 0 43            
K 0 0 59            
K 0 -21 59            
A D 2 8            
J N 7 340 49 4 5185 576 0            
K 0 0 43            
K 0 0 59            
K 0 -21 59            
A D 2 8            
J B 34 421 1 82 6913 576 0            
J N 7 442 56 4 1 0 0            
K 0 0 43            
K 0 0 59            
K 0 -21 59            
A D 2 8            
J N 7 493 70 7 1729 576 0            
K 1 0 45            
K 0 0 43            
K -1 0 45            
K 2 0 45            
K 0 0 59            
K 0 -21 59            
A D 2 8            
J R 7 573 28 2 3457 576 0            
K 0 0 48            
A D 2 8            
J N 7 677 -7 4 5185 576 0            
K 0 0 43            
K 0 0 60            
K 0 21 60            
A D 2 8            
J B 35 758 1 82 6913 576 0            
J N 7 779 -28 8 1 0 0            
K 0 14 45            
K 0 0 45            
K 0 0 43            
K -1 0 45            
K 2 0 45            
K 0 0 60            
K 0 28 60            
A D 2 8            
J N 7 859 0 4 1729 576 0            
K 0 0 43            
K 0 0 60            
K 0 21 60            
A D 2 8            
J R 7 939 28 2 3457 576 0            
K 0 0 48            
A D 2 8            
J N 7 1043 7 4 5185 576 0            
K 0 0 43            
K 0 0 60            
K 0 21 60            
A D 2 8            
J B 36 1124 1 82 6913 576 0            
J N 7 1145 -14 7 1 0 0            
K 0 0 45            
K 0 0 43            
K -1 0 45            
K 2 0 45            
K 0 0 60            
K 0 21 60            
A D 2 8            
J N 7 1225 14 4 1729 576 0            
K 0 0 43            
K 0 0 60            
K 0 21 60            
A D 2 8            
J R 7 1305 28 2 3457 576 0            
K 0 0 48            
A D 2 8            
J N 7 1385 21 4 5185 576 0            
K 0 0 43            
K 0 0 60            
K 0 21 60            
A D 2 8            
J B 37 1466 1 82 6913 576 0            
J N 7 1487 42 4 1 0 0            
K 0 0 43            
K 0 0 59            
K 0 -21 59            
A D 2 8            
J N 7 1567 49 4 1729 576 0            
K 0 0 43            
K 0 0 59            
K 0 -21 59            
A D 2 8            
J N 7 1645 56 4 3457 576 0            
K 0 0 43            
K 0 0 59            
K 0 -21 59            
A D 2 8            
J R 6 1695 28 2 5185 576 0            
K 0 0 49            
A D 1 8            
J N 6 1734 42 3 6049 288 0            
K 0 0 43            
K 0 0 53            
A D 1 8            
J B 38 1775 1 82 6913 288 0            
J N 6 1796 49 2 1 0 2 10 11            
K 0 0 43            
A D 1 8            
J N 6 1835 56 2 865 288 2 11 10            
K 0 0 43            
A D 1 8            
H 11 B 41 3 108 2 2 3            
H 10 S 12 0 0 0 0 0 0 0 0            
J N 7 1874 63 4 1729 288 0            
K 0 0 43            
K 0 0 59            
K 0 -21 59            
A D 2 8            
J N 8 1952 70 7 3457 576 0            
K 1 0 45            
K 0 0 42            
K -1 0 45            
K 2 0 45            
K 0 0 59            
K 0 -21 59            
A D 4 8            
J B 0 2050 6 4 6913 1152 0            
K -23 21 44            
K -23 35 44            
K -13 0 82            
K -6 0 84            
E *            
L 850 0 0 300 300 * 0 14 0            
J C 13 5 28 35 6913 0 0            
J K 0 57 0 0 6913 0 0            
J D 0 -11 -14 1 6913 0 0            
W 0 0 0 \03\03            
J N 6 100 35 2 1 0 2 10 11            
K 0 0 43            
A D 1 8            
J N 6 140 49 2 865 288 2 11 10            
K 0 0 43            
A D 1 8            
H 11 B 43 4 108 2 2 3            
H 10 S 12 0 0 0 0 0 0 0 0            
J N 7 180 28 4 1729 288 0            
K 0 0 43            
K 0 0 60            
K 0 21 60            
A D 2 8            
J R 7 260 28 2 3457 576 0            
K 0 0 48            
A D 2 8            
J N 7 340 0 4 5185 576 0            
K 0 0 43            
K 0 0 60            
K 0 21 60            
A D 2 8            
J B 34 421 1 82 6913 576 0            
J N 7 442 0 4 1 0 0            
K 0 0 43            
K 0 0 60            
K 0 21 60            
A D 2 8            
J N 7 493 14 4 1729 576 0            
K 0 0 43            
K 0 0 60            
K 0 21 60            
A D 2 8            
J N 7 573 21 4 3457 576 0            
K 0 0 43            
K 0 0 60            
K 0 21 60            
A D 2 8            
J N 7 677 0 4 5185 576 0            
K 0 0 43            
K 0 0 60            
K 0 21 60            
A D 2 8            
J B 35 758 1 82 6913 576 0            
J R 7 779 28 2 1 0 0            
K 0 0 48            
A D 2 8            
J N 7 859 28 4 1729 576 0            
K 0 0 43            
K 0 0 60            
K 0 21 60            
A D 2 8            
J N 7 939 35 4 3457 576 0            
K 0 0 43            
K 0 0 59            
K 0 -21 59            
A D 2 8            
J N 7 1043 14 4 5185 576 0            
K 0 0 43            
K 0 0 60            
K 0 21 60            
A D 2 8            
J B 36 1124 1 82 6913 576 0            
J R 7 1145 28 2 1 0 0            
K 0 0 48            
A D 2 8            
J N 7 1225 42 4 1729 576 0            
K 0 0 43            
K 0 0 59            
K 0 -21 59            
A D 2 8            
J N 6 1305 35 2 3457 576 2 12 13            
K 0 0 43            
A D 1 8            
J N 6 1345 49 2 4321 288 2 13 12            
K 0 0 43            
A D 1 8            
H 13 B 43 4 108 2 2 3            
H 12 S 12 0 0 0 0 0 0 0 0            
J N 7 1385 28 4 5185 288 0            
K 0 0 43            
K 0 0 60            
K 0 21 60            
A D 2 8            
J B 37 1466 1 82 6913 576 0            
J R 7 1487 28 2 1 0 0            
K 0 0 48            
A D 2 8            
J N 7 1567 0 4 1729 576 0            
K 0 0 43            
K 0 0 60            
K 0 21 60            
A D 2 8            
J N 7 1645 0 4 3457 576 0            
K 0 0 43            
K 0 0 60            
K 0 21 60            
A D 2 8            
J R 6 1695 28 2 5185 576 0            
K 0 0 49            
A D 1 8            
J N 6 1734 28 3 6049 288 0            
K 0 0 43            
K 0 0 54            
A D 1 8            
J B 38 1775 1 82 6913 288 0            
J N 7 1796 21 4 1 0 0            
K 0 0 43            
K 0 0 60            
K 0 21 60            
A D 2 8            
J N 7 1874 0 4 1729 576 0            
K 0 0 43            
K 0 0 60            
K 0 21 60            
A D 2 8            
J N 8 1952 14 4 3457 576 0            
K 0 0 42            
K 0 0 60            
K 0 21 60            
A D 4 8            
J B 0 2050 6 4 6913 1152 0            
K -23 21 44            
K -23 35 44            
K -13 0 82            
K -6 0 84            
E *            
L 1010 0 0 300 300 * 0 14 0            
J C 22 5 14 36 6913 0 0            
J K 0 57 0 0 6913 0 0            
J D 0 -11 -14 1 6913 0 0            
W 0 0 0 \03\03            
J F 0 100 98 2 1 0 0            
K 0 0 203            
K 0 21 201            
J N 7 100 14 4 1 0 1 12            
K 0 0 43            
K 0 0 60            
K 0 21 60            
A D 2 8            
J M 0 48 0 0 6913 0 1 12            
H 12 T 14 0 0 0 0 0 5 0            
J F 0 180 98 1 1729 576 0            
K 0 0 205            
J N 6 180 21 2 1729 0 1 13            
K 0 0 43            
A D 1 8            
J N 6 220 14 2 2593 288 1 13            
K 0 0 43            
A D 1 8            
H 13 B -42 -3 108 2 2 3            
J F 0 260 98 2 3457 288 0            
K 0 0 205            
K 0 21 203            
J N 7 260 7 4 3457 0 0            
K 0 0 43            
K 0 0 60            
K 0 21 60            
A D 2 8            
J F 0 340 98 2 5185 576 0            
K 0 0 204            
K 0 21 202            
J N 7 340 56 4 5185 0 0            
K 0 0 43            
K 0 0 59            
K 0 -21 59            
A D 2 8            
J B 34 421 1 82 6913 576 0            
J N 7 442 35 4 1 0 0            
K 0 0 43            
K 0 0 59            
K 0 -21 59            
A D 2 8            
J F 0 493 98 1 1729 576 0            
K 0 0 205            
J N 7 493 -14 7 1729 0 0            
K 0 0 45            
K 0 0 43            
K -1 0 45            
K 2 0 45            
K 0 0 60            
K 0 21 60            
A D 2 8            
J F 0 573 98 1 3457 576 0            
K 0 0 206            
J N 7 573 -7 4 3457 0 0            
K 0 0 43            
K 0 0 60            
K 0 21 60            
A D 2 8            
J F 0 677 98 1 5185 576 0            
K 0 0 205            
J N 7 677 42 4 5185 0 0            
K 0 0 43            
K 0 0 59            
K 0 -21 59            
A D 2 8            
J B 35 758 1 82 6913 576 0            
J F 0 779 98 1 1 0 0            
K 0 0 206            
J N 7 779 49 4 1 0 0            
K 0 0 43            
K 0 0 59            
K 0 -21 59            
A D 2 8            
J F 0 859 98 1 1729 576 0            
K 0 0 205            
J N 7 859 0 4 1729 0 0            
K 0 0 43            
K 0 0 60            
K 0 21 60            
A D 2 8            
J F 0 939 98 1 3457 576 0            
K 0 0 206            
J N 7 939 7 4 3457 0 0            
K 0 0 43            
K 0 0 60            
K 0 21 60            
A D 2 8            
J F 0 1043 98 1 5185 576 0            
K 0 0 205            
J N 7 1043 56 4 5185 0 0            
K 0 0 43            
K 0 0 59            
K 0 -21 59            
A D 2 8            
J B 36 1124 1 82 6913 576 0            
J F 0 1145 98 1 1 0 0            
K 0 0 206            
J N 7 1145 63 4 1 0 0            
K 0 0 43            
K 0 0 59            
K 0 -21 59            
A D 2 8            
J F 0 1225 98 1 1729 576 0            
K 0 0 205            
J N 8 1225 14 4 1729 0 0            
K 0 0 42            
K 0 0 60            
K 0 21 60            
A D 4 8            
J F 0 1305 98 2 3457 576 0            
K 0 0 203            
K 0 21 201            
J F 0 1385 98 1 5185 576 0            
K 0 0 205            
J N 6 1385 21 2 5185 0 1 14            
K 0 0 43            
A D 1 8            
J N 6 1425 14 2 6049 288 1 14            
K 0 0 43            
A D 1 8            
H 14 B -42 -3 108 2 2 3            
J B 37 1466 1 82 6913 288 0            
J F 0 1487 98 2 1 0 0            
K 0 0 205            
K 0 21 203            
J N 7 1487 7 4 1 0 0            
K 0 0 43            
K 0 0 60            
K 0 21 60            
A D 2 8            
J F 0 1567 98 2 1729 576 0            
K 0 0 204            
K 0 21 202            
J N 7 1567 56 4 1729 0 0            
K 0 0 43            
K 0 0 59            
K 0 -21 59            
A D 2 8            
J N 7 1645 35 4 3457 576 0            
K 0 0 43            
K 0 0 59            
K 0 -21 59            
A D 2 8            
J F 0 1695 98 1 5185 576 0            
K 0 0 205            
J N 7 1695 21 4 5185 0 0            
K 0 0 43            
K 0 0 60            
K 0 21 60            
A D 2 8            
J B 38 1775 1 82 6913 576 0            
J F 0 1796 98 2 1 0 0            
K 0 0 205            
K 0 21 204            
J N 7 1796 14 4 1 0 0            
K 0 0 43            
K 0 0 60            
K 0 21 60            
A D 2 8            
J F 0 1874 98 1 1729 576 0            
K 0 0 202            
J N 7 1874 7 4 1729 0 0            
K 0 0 43            
K 0 0 60            
K 0 21 60            
A D 2 8            
J N 8 1952 35 4 3457 576 0            
K 0 0 42            
K 0 0 59            
K 0 -21 59            
A D 4 8            
J B 0 2050 6 4 6913 1152 0            
K -23 21 44            
K -23 35 44            
K -13 0 82            
K -6 0 84            
E *            
B 1 421 0            
B 1 758 0            
B 1 1124 0            
B 1 1466 0            
B 1 1775 0            
B 6 2050 0            
