@ SOURCE: not identified 
L 0 0 14 !39Violoncello
J D 4 500 -120 1 6913 0 0
W 0 0 44 
J D 1 75 -37 1 6913 0 0
W 0 -56 44 :  Violoncello
J C 22 5 14 36 6913 0 0
J K 2 57 0 2 6913 0 0
K 0 14 63
K 15 35 63
J D 5 103 -42 1 6913 0 0
W 0 0 37 Largo
J T 304 112 0 2 6913 0 0
K -10 28 74
K -10 56 75
J N 7 151 -21 7 1 0 0
K 0 7 45
K 0 0 43
K 0 7 45
K 1 7 45
K 0 0 60
K 0 21 60
A D 2 8
J N 8 180 28 4 2305 576 0
K 0 0 42
K 0 0 60
K 0 21 60
A D 4 8
J B 2 222 1 82 6913 1152 0
J N 7 243 0 4 1 0 0
K 0 0 43
K 0 0 60
K 0 21 60
A D 2 8
J N 7 272 7 4 2305 576 0
K 0 0 43
K 0 0 60
K 0 21 60
A D 2 8
J F 0 301 98 1 4609 576 0
K 0 0 216
J N 7 301 14 4 4609 0 0
K 0 0 43
K 0 0 60
K 0 21 60
A D 2 8
J B 3 334 1 82 6913 576 0
J F 0 355 98 1 1 0 0
K 0 0 218
J N 8 355 21 4 1 0 0
K 0 0 42
K 0 0 60
K 0 21 60
A D 4 8
J N 7 393 21 4 4609 1152 0
K 0 0 43
K 0 0 60
K 0 21 60
A D 2 8
J B 4 426 1 82 6913 576 0
J N 7 447 -7 4 1 0 0
K 0 0 43
K 0 0 60
K 0 21 60
A D 2 8
J N 7 476 0 4 2305 576 0
K 0 0 43
K 0 0 60
K 0 21 60
A D 2 8
J F 0 505 98 1 4609 576 0
K 0 0 205
J N 7 505 7 4 4609 0 0
K 0 0 43
K 0 0 60
K 0 21 60
A D 2 8
J B 5 538 1 82 6913 576 0
J N 7 559 14 4 1 0 0
K 0 0 43
K 0 0 60
K 0 21 60
A D 2 8
J F 0 588 98 2 2305 576 0
K 0 0 207
K 0 21 205
J N 8 588 7 4 2305 0 0
K 0 0 42
K 0 0 60
K 0 21 60
A D 4 8
J F 0 617 98 2 4609 576 0
K 0 0 206
K 0 21 204
J B 6 650 1 82 6913 576 0
J N 8 671 0 4 1 0 0
K 0 0 42
K 0 0 60
K 0 21 60
A D 4 8
J N 7 709 28 4 4609 1152 0
K 0 0 43
K 0 0 60
K 0 21 60
A D 2 8
J B 7 742 1 82 6913 576 0
J F 0 763 98 2 1 0 0
K 0 0 206
K 0 21 204
J N 7 763 56 4 1 0 0
K 0 0 43
K 0 0 59
K 0 -21 59
A D 2 8
J F 0 792 98 1 2305 576 0
K 0 0 203
J N 8 792 49 4 2305 0 0
K 0 0 42
K 0 0 59
K 0 -21 59
A D 4 8
J F 0 821 98 1 4609 576 0
K 0 0 202
J B 8 854 1 82 6913 576 0
J N 8 875 28 5 1 0 0
K 0 0 42
K 24 -6 44
K 0 0 60
K 0 21 60
A D 6 8
J B 9 925 1 82 6913 1728 0
J N 7 946 -21 7 1 0 0
K 0 7 45
K 0 0 43
K 0 7 45
K 1 7 45
K 0 0 60
K 0 21 60
A D 2 8
J N 8 975 28 4 2305 576 0
K 0 0 42
K 0 0 60
K 0 21 60
A D 4 8
J B 10 1017 1 82 6913 1152 0
J N 7 1038 0 4 1 0 0
K 0 0 43
K 0 0 60
K 0 21 60
A D 2 8
J F 0 1067 98 2 2305 576 0
K 0 0 203
K 0 21 201
J N 7 1067 7 4 2305 0 0
K 0 0 43
K 0 0 60
K 0 21 60
A D 2 8
J F 0 1096 98 1 4609 576 0
K 0 0 216
J N 7 1096 14 4 4609 0 0
K 0 0 43
K 0 0 60
K 0 21 60
A D 2 8
J B 11 1129 1 82 6913 576 0
J F 0 1150 98 1 1 0 0
K 0 0 218
J N 8 1150 21 4 1 0 0
K 0 0 42
K 0 0 60
K 0 21 60
A D 4 8
J N 7 1188 21 4 4609 1152 0
K 0 0 43
K 0 0 60
K 0 21 60
A D 2 8
J B 12 1221 1 82 6913 576 0
J N 7 1242 -7 4 1 0 0
K 0 0 43
K 0 0 60
K 0 21 60
A D 2 8
J F 0 1271 98 2 2305 576 0
K 0 0 203
K 0 21 201
J N 7 1271 0 4 2305 0 0
K 0 0 43
K 0 0 60
K 0 21 60
A D 2 8
J F 0 1300 98 1 4609 576 0
K 0 0 205
J N 7 1300 7 4 4609 0 0
K 0 0 43
K 0 0 60
K 0 21 60
A D 2 8
J B 13 1333 1 82 6913 576 0
J N 7 1354 14 4 1 0 0
K 0 0 43
K 0 0 60
K 0 21 60
A D 2 8
J F 0 1383 98 2 2305 576 0
K 0 0 207
K 0 21 205
J N 8 1383 7 4 2305 0 0
K 0 0 42
K 0 0 60
K 0 21 60
A D 4 8
J F 0 1412 98 2 4609 576 0
K 0 0 206
K 0 21 204
J B 14 1445 1 82 6913 576 0
J N 8 1466 0 4 1 0 0
K 0 0 42
K 0 0 60
K 0 21 60
A D 4 8
J N 7 1504 28 4 4609 1152 0
K 0 0 43
K 0 0 60
K 0 21 60
A D 2 8
J B 15 1537 1 82 6913 576 0
J F 0 1558 98 2 1 0 0
K 0 0 206
K 0 21 204
J N 7 1558 56 4 1 0 0
K 0 0 43
K 0 0 59
K 0 -21 59
A D 2 8
J F 0 1587 98 1 2305 576 0
K 0 0 203
J N 8 1587 49 4 2305 0 0
K 0 0 42
K 0 0 59
K 0 -21 59
A D 4 8
J F 0 1616 98 1 4609 576 0
K 0 0 202
J B 16 1649 1 82 6913 576 0
J N 8 1670 28 5 1 0 0
K 0 0 42
K 24 -6 44
K 0 0 60
K 0 21 60
A D 6 8
J B 17 1720 1 82 6913 1728 0
J F 0 1743 98 1 1 0 0
K 0 0 205
J N 8 1743 28 5 1 0 0
K -18 0 63
K 0 0 42
K 0 0 60
K 0 21 60
A D 4 8
J F 0 1781 98 1 4609 1152 0
K 0 0 204
J N 7 1781 28 4 4609 0 0
K 0 0 43
K 0 0 60
K 0 21 60
A D 2 8
J B 18 1814 1 82 6913 576 0
J F 0 1835 98 1 1 0 0
K 0 0 203
J N 7 1835 21 4 1 0 0
K 0 0 43
K 0 0 60
K 0 21 60
A D 2 8
J F 0 1864 98 1 2305 576 0
K 0 0 213
J N 8 1864 70 7 2305 0 0
K 1 0 45
K 0 0 42
K -1 0 45
K 2 0 45
K 0 0 59
K 0 -21 59
A D 4 8
J B 19 1906 1 82 6913 1152 0
J F 0 1929 98 1 1 0 0
K 0 0 205
J N 8 1929 21 5 1 0 0
K -18 0 63
K 0 0 42
K 0 0 60
K 0 21 60
A D 4 8
J F 0 1967 98 1 4609 1152 0
K 0 0 204
J N 7 1967 21 4 4609 0 0
K 0 0 43
K 0 0 60
K 0 21 60
A D 2 8
J B 20 2000 1 82 6913 576 0
J F 0 2021 98 1 1 0 0
K 0 0 203
J N 7 2021 14 4 1 0 0
K 0 0 43
K 0 0 60
K 0 21 60
A D 2 8
J F 0 2050 98 1 2305 576 0
K 0 0 213
J N 8 2050 63 4 2305 0 0
K 0 0 42
K 0 0 59
K 0 -21 59
A D 4 8
J B 21 2092 1 82 6913 1152 0
J F 0 2113 98 1 1 0 0
K 0 0 205
J N 8 2113 28 4 1 0 0
K 0 0 42
K 0 0 60
K 0 21 60
A D 4 8
J N 7 2151 28 4 4609 1152 0
K 0 0 43
K 0 0 60
K 0 21 60
A D 2 8
J B 22 2184 1 82 6913 576 0
J F 0 2205 98 2 1 0 0
K 0 0 208
K 0 21 218
J N 8 2205 21 4 1 0 0
K 0 0 42
K 0 0 60
K 0 21 60
A D 4 8
J F 0 2243 98 1 4609 1152 0
K 0 0 207
J N 7 2243 21 4 4609 0 0
K 0 0 43
K 0 0 60
K 0 21 60
A D 2 8
J B 23 2276 1 82 6913 576 0
J F 0 2297 98 2 1 0 0
K 0 0 206
K 0 21 213
J N 7 2297 14 5 1 0 0
K 0 0 43
K 24 -6 44
K 0 0 60
K 0 21 60
A D 3 8
J N 6 2334 21 3 3457 864 0
K 0 0 43
K 0 0 54
A D 1 8
J F 0 2363 98 1 4609 288 0
K 0 0 205
J N 7 2363 28 4 4609 0 0
K 0 0 43
K 0 0 60
K 0 21 60
A D 2 8
J B 24 2396 1 82 6913 576 0
J F 0 2417 98 2 1 0 0
K 0 0 205
K 0 21 204
J N 7 2417 21 4 1 0 0
K 0 0 43
K 0 0 60
K 0 21 60
A D 2 8
J F 0 2446 98 2 2305 576 0
K 0 0 204
K 0 21 203
J N 7 2446 14 4 2305 0 0
K 0 0 43
K 0 0 60
K 0 21 60
A D 2 8
J F 0 2475 98 1 4609 576 0
K 0 21 213
J N 7 2475 63 4 4609 0 0
K 0 0 43
K 0 0 59
K 0 -21 59
A D 2 8
J B 25 2508 1 82 6913 576 0
J N 7 2529 -7 5 1 0 0
K 0 0 43
K 25 0 44
K 0 0 60
K 0 21 60
A D 3 8
J N 6 2567 0 2 3457 864 1 1
K 0 0 43
A D 1 8
J F 0 2607 98 1 4609 288 0
K 0 0 204
J N 6 2607 7 3 4609 0 1 1
K -18 0 63
K 0 0 43
A D 1 8
J N 6 2636 14 2 5761 288 1 1
K 0 0 43
A D 1 8
H 1 B 1 0 108 3 2 1 3
J B 26 2669 1 82 6913 288 0
J F 0 2694 98 2 1 0 0
K 0 0 205
K 0 21 204
J N 7 2694 21 5 1 0 0
K -18 0 63
K 0 0 43
K 0 0 60
K 0 21 60
A D 2 8
J R 6 2723 28 2 2305 576 0
K 0 0 49
A D 1 8
J F 0 2752 98 1 3457 288 0
K 0 0 213
J N 6 2752 35 3 3457 0 0
K 0 0 43
K 0 0 53
A D 1 8
J N 7 2789 14 4 4609 288 0
K 0 0 43
K 0 0 60
K 0 21 60
A D 2 8
J B 27 2822 1 82 6913 576 0
J F 0 2843 98 2 1 0 0
K 0 0 206
K 0 21 204
J N 7 2843 42 4 1 0 0
K 0 0 43
K 0 0 59
K 0 -21 59
A D 2 8
J F 0 2872 98 1 2305 576 0
K 0 21 203
J N 7 2872 35 4 2305 0 0
K 0 0 43
K 0 0 59
K 0 -21 59
A D 2 8
J F 0 2901 98 1 4609 576 0
K 0 21 213
J N 7 2901 84 8 4609 0 0
K 1 -14 45
K 1 0 45
K 0 0 43
K -1 0 45
K 2 0 45
K 0 0 59
K 0 -28 59
A D 2 8
J B 28 2934 1 82 6913 576 0
J N 8 2955 63 5 1 0 0
K 0 0 42
K 25 0 44
K 0 0 59
K 0 -21 59
A D 6 8
J B 29 3005 1 82 6913 1728 0
J N 7 3026 -21 7 1 0 0
K 0 7 45
K 0 0 43
K 0 7 45
K 1 7 45
K 0 0 60
K 0 21 60
A D 2 8
J N 8 3055 28 4 2305 576 0
K 0 0 42
K 0 0 60
K 0 21 60
A D 4 8
J B 30 3097 1 82 6913 1152 0
J N 7 3118 0 4 1 0 0
K 0 0 43
K 0 0 60
K 0 21 60
A D 2 8
J N 7 3147 7 4 2305 576 0
K 0 0 43
K 0 0 60
K 0 21 60
A D 2 8
J F 0 3176 98 1 4609 576 0
K 0 0 216
J N 7 3176 14 4 4609 0 0
K 0 0 43
K 0 0 60
K 0 21 60
A D 2 8
J B 31 3209 1 82 6913 576 0
J F 0 3230 98 1 1 0 0
K 0 0 218
J N 8 3230 21 4 1 0 0
K 0 0 42
K 0 0 60
K 0 21 60
A D 4 8
J N 7 3268 21 4 4609 1152 0
K 0 0 43
K 0 0 60
K 0 21 60
A D 2 8
J B 32 3301 1 82 6913 576 0
J N 7 3322 -7 4 1 0 0
K 0 0 43
K 0 0 60
K 0 21 60
A D 2 8
J N 7 3351 0 4 2305 576 0
K 0 0 43
K 0 0 60
K 0 21 60
A D 2 8
J F 0 3380 98 1 4609 576 0
K 0 0 205
J N 7 3380 7 4 4609 0 0
K 0 0 43
K 0 0 60
K 0 21 60
A D 2 8
J B 33 3413 1 82 6913 576 0
J N 7 3434 14 4 1 0 0
K 0 0 43
K 0 0 60
K 0 21 60
A D 2 8
J F 0 3463 98 2 2305 576 0
K 0 0 207
K 0 21 205
J N 8 3463 7 4 2305 0 0
K 0 0 42
K 0 0 60
K 0 21 60
A D 4 8
J F 0 3492 98 2 4609 576 0
K 0 0 206
K 0 21 204
J B 34 3525 1 82 6913 576 0
J N 8 3546 0 4 1 0 0
K 0 0 42
K 0 0 60
K 0 21 60
A D 4 8
J N 7 3584 28 4 4609 1152 0
K 0 0 43
K 0 0 60
K 0 21 60
A D 2 8
J B 35 3617 1 82 6913 576 0
J F 0 3638 98 2 1 0 0
K 0 0 206
K 0 21 204
J N 7 3638 56 4 1 0 0
K 0 0 43
K 0 0 59
K 0 -21 59
A D 2 8
J F 0 3667 98 1 2305 576 0
K 0 0 203
J N 8 3667 49 4 2305 0 0
K 0 0 42
K 0 0 59
K 0 -21 59
A D 4 8
J F 0 3696 98 1 4609 576 0
K 0 0 202
J B 36 3729 1 82 6913 576 0
J N 8 3750 28 5 1 0 0
K 0 0 42
K 24 -6 44
K 0 0 60
K 0 21 60
A D 6 8
J B 37 3800 1 82 6913 1728 0
J N 7 3821 -21 8 1 0 0
K 0 7 45
K 0 0 43
K 0 7 45
K 1 7 45
K 0 105 108
K 0 0 60
K 0 21 60
A D 2 8
J F 0 3850 98 2 2305 576 0
K 0 0 207
K 0 21 205
J N 8 3850 7 4 2305 0 0
K 0 0 42
K 0 0 60
K 0 21 60
A D 4 8
J F 0 3879 98 2 4609 576 0
K 0 0 206
K 0 21 204
J B 38 3912 1 82 6913 576 0
J N 8 3933 0 4 1 0 0
K 0 0 42
K 0 0 60
K 0 21 60
A D 4 8
J N 7 3971 28 4 4609 1152 0
K 0 0 43
K 0 0 60
K 0 21 60
A D 2 8
J B 39 4004 1 82 6913 576 0
J F 0 4025 98 2 1 0 0
K 0 0 206
K 0 21 204
J N 7 4025 56 4 1 0 0
K 0 0 43
K 0 0 59
K 0 -21 59
A D 2 8
J F 0 4054 98 1 2305 576 0
K 0 0 203
J N 8 4054 49 4 2305 0 0
K 0 0 42
K 0 0 59
K 0 -21 59
A D 4 8
J F 0 4083 98 1 4609 576 0
K 0 0 202
J B 0 4124 5 2 6913 576 0
K -8 0 82
K 0 0 82
J M 0 4124 0 0 10000 0 0
