@ SOURCE: not identified 
L 0 0 14 !39Basso
J D 4 500 -120 1 6913 0 0
W 0 0 44 
J D 1 75 -37 1 6913 0 0
W 0 -56 44 :  Basso
J C 22 5 14 36 6913 0 0
J K 2 57 0 2 6913 0 0
K 0 14 63
K 15 35 63
J D 5 103 -42 1 6913 0 0
W 0 0 37 Largo
J T 304 112 0 2 6913 0 0
K -10 28 74
K -10 56 75
J R 9 154 28 2 1 10000 0
K 0 0 46
A D 6 8
J B 2 259 1 82 6913 1728 0
J R 9 280 28 2 1 10000 0
K 0 0 46
A D 6 8
J B 3 385 1 82 6913 1728 0
J R 9 406 28 2 1 10000 0
K 0 0 46
A D 6 8
J B 4 511 1 82 6913 1728 0
J R 9 532 28 2 1 10000 0
K 0 0 46
A D 6 8
J B 5 637 1 82 6913 1728 0
J R 9 658 28 2 1 10000 0
K 0 0 46
A D 6 8
J B 6 763 1 82 6913 1728 0
J R 9 784 28 2 1 10000 0
K 0 0 46
A D 6 8
J B 7 889 1 82 6913 1728 0
J R 9 910 28 2 1 10000 0
K 0 0 46
A D 6 8
J B 8 1015 1 82 6913 1728 0
J R 9 1036 28 2 1 10000 0
K 0 0 46
A D 6 8
J B 9 1141 1 82 6913 1728 0
J N 7 1162 -21 7 1 0 0
K 0 7 45
K 0 0 43
K 0 7 45
K 1 7 45
K 0 0 60
K 0 21 60
A D 2 8
J N 8 1191 28 4 2305 576 0
K 0 0 42
K 0 0 60
K 0 21 60
A D 4 8
J B 10 1233 1 82 6913 1152 0
J N 7 1254 0 4 1 0 0
K 0 0 43
K 0 0 60
K 0 21 60
A D 2 8
J F 0 1283 98 2 2305 576 0
K 0 0 203
K 0 21 201
J N 7 1283 7 4 2305 0 0
K 0 0 43
K 0 0 60
K 0 21 60
A D 2 8
J F 0 1312 98 1 4609 576 0
K 0 0 216
J N 7 1312 14 4 4609 0 0
K 0 0 43
K 0 0 60
K 0 21 60
A D 2 8
J B 11 1345 1 82 6913 576 0
J F 0 1366 98 1 1 0 0
K 0 0 218
J N 8 1366 21 4 1 0 0
K 0 0 42
K 0 0 60
K 0 21 60
A D 4 8
J N 7 1404 21 4 4609 1152 0
K 0 0 43
K 0 0 60
K 0 21 60
A D 2 8
J B 12 1437 1 82 6913 576 0
J N 7 1458 -7 4 1 0 0
K 0 0 43
K 0 0 60
K 0 21 60
A D 2 8
J F 0 1487 98 2 2305 576 0
K 0 0 203
K 0 21 201
J N 7 1487 0 4 2305 0 0
K 0 0 43
K 0 0 60
K 0 21 60
A D 2 8
J F 0 1516 98 1 4609 576 0
K 0 0 205
J N 7 1516 7 4 4609 0 0
K 0 0 43
K 0 0 60
K 0 21 60
A D 2 8
J B 13 1549 1 82 6913 576 0
J N 7 1570 14 4 1 0 0
K 0 0 43
K 0 0 60
K 0 21 60
A D 2 8
J F 0 1599 98 2 2305 576 0
K 0 0 207
K 0 21 205
J N 8 1599 7 4 2305 0 0
K 0 0 42
K 0 0 60
K 0 21 60
A D 4 8
J F 0 1628 98 2 4609 576 0
K 0 0 206
K 0 21 204
J B 14 1661 1 82 6913 576 0
J N 8 1682 0 4 1 0 0
K 0 0 42
K 0 0 60
K 0 21 60
A D 4 8
J N 7 1720 28 4 4609 1152 0
K 0 0 43
K 0 0 60
K 0 21 60
A D 2 8
J B 15 1753 1 82 6913 576 0
J F 0 1774 98 2 1 0 0
K 0 0 206
K 0 21 204
J N 7 1774 56 4 1 0 0
K 0 0 43
K 0 0 59
K 0 -21 59
A D 2 8
J F 0 1803 98 1 2305 576 0
K 0 0 203
J N 8 1803 49 4 2305 0 0
K 0 0 42
K 0 0 59
K 0 -21 59
A D 4 8
J F 0 1832 98 1 4609 576 0
K 0 0 202
J B 16 1865 1 82 6913 576 0
J N 8 1886 28 5 1 0 0
K 0 0 42
K 24 -6 44
K 0 0 60
K 0 21 60
A D 6 8
J B 17 1936 1 82 6913 1728 0
J R 9 1957 28 2 1 10000 0
K 0 0 46
A D 6 8
J B 18 2062 1 82 6913 1728 0
J R 9 2083 28 2 1 10000 0
K 0 0 46
A D 6 8
J B 19 2188 1 82 6913 1728 0
J R 9 2209 28 2 1 10000 0
K 0 0 46
A D 6 8
J B 20 2314 1 82 6913 1728 0
J R 9 2335 28 2 1 10000 0
K 0 0 46
A D 6 8
J B 21 2440 1 82 6913 1728 0
J F 0 2461 98 1 1 0 0
K 0 0 205
J N 8 2461 28 4 1 0 0
K 0 0 42
K 0 0 60
K 0 21 60
A D 4 8
J N 7 2499 28 4 4609 1152 0
K 0 0 43
K 0 0 60
K 0 21 60
A D 2 8
J B 22 2532 1 82 6913 576 0
J F 0 2553 98 2 1 0 0
K 0 0 208
K 0 21 218
J N 8 2553 21 4 1 0 0
K 0 0 42
K 0 0 60
K 0 21 60
A D 4 8
J F 0 2591 98 1 4609 1152 0
K 0 0 207
J N 7 2591 21 4 4609 0 0
K 0 0 43
K 0 0 60
K 0 21 60
A D 2 8
J B 23 2624 1 82 6913 576 0
J F 0 2645 98 2 1 0 0
K 0 0 206
K 0 21 213
J N 7 2645 14 5 1 0 0
K 0 0 43
K 24 -6 44
K 0 0 60
K 0 21 60
A D 3 8
J N 6 2682 21 3 3457 864 0
K 0 0 43
K 0 0 54
A D 1 8
J F 0 2711 98 1 4609 288 0
K 0 0 205
J N 7 2711 28 4 4609 0 0
K 0 0 43
K 0 0 60
K 0 21 60
A D 2 8
J B 24 2744 1 82 6913 576 0
J F 0 2765 98 2 1 0 0
K 0 0 205
K 0 21 204
J N 7 2765 21 4 1 0 0
K 0 0 43
K 0 0 60
K 0 21 60
A D 2 8
J F 0 2794 98 2 2305 576 0
K 0 0 204
K 0 21 203
J N 7 2794 14 4 2305 0 0
K 0 0 43
K 0 0 60
K 0 21 60
A D 2 8
J F 0 2823 98 1 4609 576 0
K 0 21 213
J N 7 2823 63 4 4609 0 0
K 0 0 43
K 0 0 59
K 0 -21 59
A D 2 8
J B 25 2856 1 82 6913 576 0
J N 7 2877 -7 5 1 0 0
K 0 0 43
K 25 0 44
K 0 0 60
K 0 21 60
A D 3 8
J N 6 2915 0 2 3457 864 1 1
K 0 0 43
A D 1 8
J F 0 2955 98 1 4609 288 0
K 0 0 204
J N 6 2955 7 3 4609 0 1 1
K -18 0 63
K 0 0 43
A D 1 8
J N 6 2984 14 2 5761 288 1 1
K 0 0 43
A D 1 8
H 1 B 1 0 108 3 2 1 3
J B 26 3017 1 82 6913 288 0
J F 0 3042 98 2 1 0 0
K 0 0 205
K 0 21 204
J N 7 3042 21 5 1 0 0
K -18 0 63
K 0 0 43
K 0 0 60
K 0 21 60
A D 2 8
J R 6 3071 28 2 2305 576 0
K 0 0 49
A D 1 8
J F 0 3100 98 1 3457 288 0
K 0 0 213
J N 6 3100 35 3 3457 0 0
K 0 0 43
K 0 0 53
A D 1 8
J N 7 3137 14 4 4609 288 0
K 0 0 43
K 0 0 60
K 0 21 60
A D 2 8
J B 27 3170 1 82 6913 576 0
J F 0 3191 98 2 1 0 0
K 0 0 206
K 0 21 204
J N 7 3191 42 4 1 0 0
K 0 0 43
K 0 0 59
K 0 -21 59
A D 2 8
J F 0 3220 98 1 2305 576 0
K 0 21 203
J N 7 3220 35 4 2305 0 0
K 0 0 43
K 0 0 59
K 0 -21 59
A D 2 8
J F 0 3249 98 1 4609 576 0
K 0 21 213
J N 7 3249 84 8 4609 0 0
K 1 -14 45
K 1 0 45
K 0 0 43
K -1 0 45
K 2 0 45
K 0 0 59
K 0 -28 59
A D 2 8
J B 28 3282 1 82 6913 576 0
J N 8 3303 63 5 1 0 0
K 0 0 42
K 25 0 44
K 0 0 59
K 0 -21 59
A D 6 8
J B 29 3353 1 82 6913 1728 0
J R 9 3374 28 2 1 10000 0
K 0 0 46
A D 6 8
J B 30 3479 1 82 6913 1728 0
J R 9 3500 28 2 1 10000 0
K 0 0 46
A D 6 8
J B 31 3605 1 82 6913 1728 0
J R 9 3626 28 2 1 10000 0
K 0 0 46
A D 6 8
J B 32 3731 1 82 6913 1728 0
J R 9 3752 28 2 1 10000 0
K 0 0 46
A D 6 8
J B 33 3857 1 82 6913 1728 0
J R 9 3878 28 2 1 10000 0
K 0 0 46
A D 6 8
J B 34 3983 1 82 6913 1728 0
J R 9 4004 28 2 1 10000 0
K 0 0 46
A D 6 8
J B 35 4109 1 82 6913 1728 0
J R 9 4130 28 2 1 10000 0
K 0 0 46
A D 6 8
J B 36 4235 1 82 6913 1728 0
J R 9 4256 28 2 1 10000 0
K 0 0 46
A D 6 8
J B 37 4361 1 82 6913 1728 0
J R 9 4382 28 2 1 10000 0
K 0 0 46
A D 6 8
J B 38 4487 1 82 6913 1728 0
J R 9 4508 28 2 1 10000 0
K 0 0 46
A D 6 8
J B 39 4613 1 82 6913 1728 0
J R 9 4634 28 2 1 10000 0
K 0 0 46
A D 6 8
J B 0 4747 5 2 6913 1728 0
K -8 0 82
K 0 0 82
J M 0 4747 0 0 10000 0 0
