@ SOURCE: not identified 
L 0 0 14 !39Violino 2 concerto grosso
J D 4 500 -120 1 6913 0 0
W 0 0 44 II
J D 1 75 -37 1 6913 0 0
W 0 -56 44 II:  Violino 2 concerto grosso
J C 4 5 42 2 6913 0 0
K 0 0 33
K 0 0 34
J K -1 57 0 1 6913 0 0
K 0 28 65
J D 5 86 -42 1 6913 0 0
W 0 0 37 Allegro
J T 101 86 42 1 6913 0 0
K 0 0 37
J R 9 137 28 2 1 10000 0
K 0 0 46
A D 16 16
J B 2 242 1 82 6913 2304 0
J R 9 263 28 2 1 10000 0
K 0 0 46
A D 16 16
J B 3 368 1 82 6913 2304 0
J R 9 389 28 2 1 10000 0
K 0 0 46
A D 16 16
J B 4 494 1 82 6913 2304 0
J R 9 515 28 2 1 10000 0
K 0 0 46
A D 16 16
J B 5 620 1 82 6913 2304 0
J R 9 641 28 2 1 10000 0
K 0 0 46
A D 16 16
J B 6 746 1 82 6913 2304 0
J R 9 767 28 2 1 10000 0
K 0 0 46
A D 16 16
J B 7 872 1 82 6913 2304 0
J N 7 893 21 4 1 0 0
K 0 0 43
K 0 0 60
K 0 21 60
A D 4 16
J R 6 931 28 2 1729 576 0
K 0 0 49
A D 2 16
J N 6 960 21 3 2593 288 0
K 0 0 43
K 0 0 54
A D 2 16
J N 6 989 21 2 3457 288 1 1
K 0 0 43
A D 2 16
J N 6 1018 70 5 4321 288 1 1
K 1 0 45
K 0 0 43
K -1 0 45
K 2 0 45
A D 2 16
H 1 B 0 0 108 2 2 3
J R 6 1047 28 2 5185 288 0
K 0 0 49
A D 2 16
J N 6 1076 21 3 6049 288 0
K 0 0 43
K 0 0 54
A D 2 16
J B 8 1109 1 82 6913 288 0
J N 6 1130 21 2 1 0 1 2
K 0 0 43
A D 2 16
J N 6 1159 49 2 865 288 1 2
K 0 0 43
A D 2 16
H 2 B 0 0 108 2 2 3
J R 6 1188 28 2 1729 288 0
K 0 0 49
A D 2 16
J N 6 1217 21 3 2593 288 0
K 0 0 43
K 0 0 54
A D 2 16
J N 6 1246 21 2 3457 288 1 3
K 0 0 43
A D 2 16
J N 6 1275 70 5 4321 288 1 3
K 1 0 45
K 0 0 43
K -1 0 45
K 2 0 45
A D 2 16
H 3 B 0 0 108 2 2 3
J R 6 1304 28 2 5185 288 0
K 0 0 49
A D 2 16
J N 6 1333 21 3 6049 288 0
K 0 0 43
K 0 0 54
A D 2 16
J B 9 1366 1 82 6913 288 0
J N 6 1387 21 2 1 0 1 4
K 0 0 43
A D 2 16
J N 6 1416 49 2 865 288 1 4
K 0 0 43
A D 2 16
H 4 B 0 0 108 2 2 3
J R 7 1445 28 2 1729 288 0
K 0 0 48
A D 4 16
J N 7 1483 14 4 3457 576 0
K 0 0 43
K 0 0 60
K 0 21 60
A D 4 16
J R 6 1521 28 2 5185 576 0
K 0 0 49
A D 2 16
J N 6 1550 14 3 6049 288 0
K 0 0 43
K 0 0 54
A D 2 16
J B 10 1583 1 82 6913 288 0
J N 6 1604 14 2 1 0 1 5
K 0 0 43
A D 2 16
J N 6 1633 42 2 865 288 1 5
K 0 0 43
A D 2 16
H 5 B 1 0 108 2 2 3
J R 6 1662 28 2 1729 288 0
K 0 0 49
A D 2 16
J N 6 1691 14 3 2593 288 0
K 0 0 43
K 0 0 54
A D 2 16
J N 6 1720 14 2 3457 288 1 6
K 0 0 43
A D 2 16
J N 6 1749 63 2 4321 288 1 6
K 0 0 43
A D 2 16
H 6 B 0 0 108 2 2 3
J R 6 1778 28 2 5185 288 0
K 0 0 49
A D 2 16
J N 6 1807 14 3 6049 288 0
K 0 0 43
K 0 0 54
A D 2 16
J B 11 1840 1 82 6913 288 0
J N 6 1861 14 2 1 0 1 7
K 0 0 43
A D 2 16
J N 6 1890 42 2 865 288 1 7
K 0 0 43
A D 2 16
H 7 B 1 0 108 2 2 3
J R 7 1919 28 2 1729 288 0
K 0 0 48
A D 4 16
J N 7 1957 7 4 3457 576 0
K 0 0 43
K 0 0 60
K 0 21 60
A D 4 16
J R 6 1995 28 2 5185 576 0
K 0 0 49
A D 2 16
J N 6 2024 7 3 6049 288 0
K 0 0 43
K 0 0 54
A D 2 16
J B 12 2057 1 82 6913 288 0
J N 6 2078 7 2 1 0 1 8
K 0 0 43
A D 2 16
J N 6 2107 35 2 865 288 1 8
K 0 0 43
A D 2 16
H 8 B 1 0 108 2 2 3
J R 6 2136 28 2 1729 288 0
K 0 0 49
A D 2 16
J N 6 2165 7 3 2593 288 0
K 0 0 43
K 0 0 54
A D 2 16
J N 6 2194 7 2 3457 288 1 9
K 0 0 43
A D 2 16
J N 6 2223 56 2 4321 288 1 9
K 0 0 43
A D 2 16
H 9 B 0 0 108 2 2 3
J R 6 2252 28 2 5185 288 0
K 0 0 49
A D 2 16
J N 6 2281 7 3 6049 288 0
K 0 0 43
K 0 0 54
A D 2 16
J B 13 2314 1 82 6913 288 0
J N 6 2335 7 2 1 0 1 10
K 0 0 43
A D 2 16
J N 6 2364 35 2 865 288 1 10
K 0 0 43
A D 2 16
H 10 B 1 0 108 2 2 3
J R 7 2393 28 2 1729 288 0
K 0 0 48
A D 4 16
J N 7 2431 0 5 3457 576 0
K 0 0 43
K 0 79 108
K 0 0 60
K 0 21 60
A D 4 16
J R 6 2469 28 2 5185 576 0
K 0 0 49
A D 2 16
J N 6 2498 0 3 6049 288 0
K 0 0 43
K 0 0 54
A D 2 16
J B 14 2531 1 82 6913 288 0
J N 6 2552 0 2 1 0 1 11
K 0 0 43
A D 2 16
J N 6 2581 28 2 865 288 1 11
K 0 0 43
A D 2 16
H 11 B 1 0 108 2 2 3
J R 7 2610 28 2 1729 288 0
K 0 0 48
A D 4 16
J N 7 2648 -7 4 3457 576 0
K 0 0 43
K 0 0 60
K 0 21 60
A D 4 16
J R 6 2686 28 2 5185 576 0
K 0 0 49
A D 2 16
J N 6 2715 -7 3 6049 288 0
K 0 0 43
K 0 0 54
A D 2 16
J B 15 2748 1 82 6913 288 0
J N 6 2769 -7 2 1 0 1 12
K 0 0 43
A D 2 16
J N 6 2798 21 2 865 288 1 12
K 0 0 43
A D 2 16
H 12 B 1 0 108 2 2 3
J R 7 2827 28 2 1729 288 0
K 0 0 48
A D 4 16
J N 7 2865 -14 8 3457 576 0
K 0 0 45
K 0 0 43
K -1 0 45
K 2 0 45
K 0 99 110
K 0 0 60
K 0 21 60
A D 4 16
J R 6 2903 28 2 5185 576 0
K 0 0 49
A D 2 16
J N 6 2932 -14 6 6049 288 0
K 0 0 45
K 0 0 43
K -1 0 45
K 2 0 45
K 0 0 54
A D 2 16
J B 16 2965 1 82 6913 288 0
J N 6 2986 -14 5 1 0 1 13
K 0 0 45
K 0 0 43
K -1 0 45
K 2 0 45
A D 2 16
J N 6 3015 14 2 865 288 1 13
K 0 0 43
A D 2 16
H 13 B 1 0 108 2 2 3
J R 7 3044 28 2 1729 288 0
K 0 0 48
A D 4 16
J N 7 3082 -21 7 3457 576 0
K 0 7 45
K 0 0 43
K 0 7 45
K 1 7 45
K 0 0 60
K 0 21 60
A D 4 16
J R 6 3120 28 2 5185 576 0
K 0 0 49
A D 2 16
J N 6 3149 -21 7 6049 288 0
K 0 7 45
K 0 0 43
K 0 7 45
K 1 7 45
K 0 0 60
K 0 0 54
A D 2 16
J B 17 3182 1 82 6913 288 0
J N 7 3203 -21 7 1 0 0
K 0 7 45
K 0 0 43
K 0 7 45
K 1 7 45
K 0 0 60
K 0 21 60
A D 4 16
J N 6 3241 -14 5 1729 576 2 14 15
K 0 0 45
K 0 0 43
K -1 0 45
K 2 0 45
A D 2 16
J N 6 3270 -7 2 2593 288 2 15 14
K 0 0 43
A D 2 16
H 15 B 1 0 108 2 2 3
H 14 S 0 0 0 0 0 0 0 0 0
J N 7 3299 -14 7 3457 288 0
K 0 0 45
K 0 0 43
K -1 0 45
K 2 0 45
K 0 0 60
K 0 21 60
A D 4 16
J N 7 3337 -7 4 5185 576 0
K 0 0 43
K 0 0 60
K 0 21 60
A D 4 16
J B 18 3379 1 82 6913 576 0
J N 8 3400 0 4 1 0 0
K 0 0 42
K 0 0 60
K 0 21 60
A D 8 16
J N 7 3453 14 5 3457 1152 0
K 0 0 43
K 0 70 108
K 0 0 60
K 0 21 60
A D 4 16
J R 6 3491 28 2 5185 576 0
K 0 0 49
A D 2 16
J N 6 3520 14 3 6049 288 0
K 0 0 43
K 0 0 54
A D 2 16
J B 19 3553 1 82 6913 288 0
J N 6 3574 21 2 1 0 1 16
K 0 0 43
A D 2 16
J N 6 3603 84 6 865 288 1 16
K 1 -14 45
K 1 0 45
K 0 0 43
K -1 0 45
K 2 0 45
A D 2 16
H 16 B 0 0 108 2 2 3
J R 7 3632 28 2 1729 288 0
K 0 0 48
A D 4 16
J N 7 3670 14 4 3457 576 0
K 0 0 43
K 0 0 60
K 0 21 60
A D 4 16
J R 6 3708 28 2 5185 576 0
K 0 0 49
A D 2 16
J N 6 3737 14 3 6049 288 0
K 0 0 43
K 0 0 54
A D 2 16
J B 20 3770 1 82 6913 288 0
J N 6 3791 21 2 1 0 1 17
K 0 0 43
A D 2 16
J N 6 3820 84 6 865 288 1 17
K 1 -14 45
K 1 0 45
K 0 0 43
K -1 0 45
K 2 0 45
A D 2 16
H 17 B 0 0 108 2 2 3
J R 7 3849 28 2 1729 288 0
K 0 0 48
A D 4 16
J N 7 3887 14 5 3457 576 0
K 0 0 43
K 0 77 110
K 0 0 60
K 0 21 60
A D 4 16
J R 6 3925 28 2 5185 576 0
K 0 0 49
A D 2 16
J N 6 3954 -7 3 6049 288 0
K 0 0 43
K 0 0 54
A D 2 16
J B 21 3987 1 82 6913 288 0
J N 6 4008 7 2 1 0 1 18
K 0 0 43
A D 2 16
J N 6 4037 21 2 865 288 1 18
K 0 0 43
A D 2 16
H 18 B 1 0 108 2 2 3
J N 8 4066 0 4 1729 288 0
K 0 0 42
K 0 0 60
K 0 21 60
A D 8 16
J N 7 4119 7 4 5185 1152 0
K 0 0 43
K 0 0 60
K 0 21 60
A D 4 16
J B 22 4161 1 82 6913 576 0
J N 8 4182 0 4 1 0 0
K 0 0 42
K 0 0 60
K 0 21 60
A D 8 16
J N 6 4235 0 3 3457 1152 1 19
K 0 0 43
K 0 98 108
A D 2 16
J N 6 4264 49 2 4321 288 1 19
K 0 0 43
A D 2 16
H 19 B 1 0 108 2 2 3
J N 7 4293 28 4 5185 288 1 20
K 0 0 43
K 0 0 60
K 0 21 60
A D 4 16
J B 23 4335 1 82 6913 576 0
J N 7 4356 28 4 1 0 1 20
K 0 0 43
K 0 0 60
K 0 21 60
A D 4 16
H 20 T 28 0 0 0 0 0 5 0
J N 6 4394 35 2 1729 576 2 21 22
K 0 0 43
A D 2 16
J N 6 4423 42 2 2593 288 2 22 21
K 0 0 43
A D 2 16
H 22 B 0 0 108 2 2 3
H 21 S 12 0 0 0 0 0 0 0 0
J N 7 4452 35 4 3457 288 0
K 0 0 43
K 0 0 59
K 0 -21 59
A D 4 16
J N 7 4490 42 4 5185 576 0
K 0 0 43
K 0 0 59
K 0 -21 59
A D 4 16
J B 24 4532 1 82 6913 576 0
J N 8 4553 49 4 1 0 0
K 0 0 42
K 0 0 59
K 0 -21 59
A D 8 16
J N 7 4606 -14 8 3457 1152 0
K 0 0 45
K 0 0 43
K -1 0 45
K 2 0 45
K 0 99 110
K 0 0 60
K 0 21 60
A D 4 16
J R 6 4644 28 2 5185 576 0
K 0 0 49
A D 2 16
J N 6 4673 -14 6 6049 288 0
K 0 0 45
K 0 0 43
K -1 0 45
K 2 0 45
K 0 0 54
A D 2 16
J B 25 4706 1 82 6913 288 0
J N 6 4727 -14 5 1 0 1 23
K 0 0 45
K 0 0 43
K -1 0 45
K 2 0 45
A D 2 16
J N 6 4756 14 2 865 288 1 23
K 0 0 43
A D 2 16
H 23 B 1 0 108 2 2 3
J R 6 4785 28 2 1729 288 0
K 0 0 49
A D 2 16
J N 6 4814 -14 6 2593 288 0
K 0 0 45
K 0 0 43
K -1 0 45
K 2 0 45
K 0 0 54
A D 2 16
J N 6 4843 -14 5 3457 288 1 24
K 0 0 45
K 0 0 43
K -1 0 45
K 2 0 45
A D 2 16
J N 6 4872 35 2 4321 288 1 24
K 0 0 43
A D 2 16
H 24 B 1 0 108 2 2 3
J R 6 4901 28 2 5185 288 0
K 0 0 49
A D 2 16
J N 6 4930 -14 6 6049 288 0
K 0 0 45
K 0 0 43
K -1 0 45
K 2 0 45
K 0 0 54
A D 2 16
J B 26 4963 1 82 6913 288 0
J N 6 4984 -14 5 1 0 1 25
K 0 0 45
K 0 0 43
K -1 0 45
K 2 0 45
A D 2 16
J N 6 5013 14 2 865 288 1 25
K 0 0 43
A D 2 16
H 25 B 1 0 108 2 2 3
J R 7 5042 28 2 1729 288 0
K 0 0 48
A D 4 16
J N 7 5080 -7 4 3457 576 0
K 0 0 43
K 0 0 60
K 0 21 60
A D 4 16
J R 6 5118 28 2 5185 576 0
K 0 0 49
A D 2 16
J N 6 5147 -7 3 6049 288 0
K 0 0 43
K 0 0 54
A D 2 16
J B 27 5180 1 82 6913 288 0
J N 6 5201 -7 2 1 0 1 26
K 0 0 43
A D 2 16
J N 6 5230 21 2 865 288 1 26
K 0 0 43
A D 2 16
H 26 B 1 0 108 2 2 3
J R 6 5259 28 2 1729 288 0
K 0 0 49
A D 2 16
J N 6 5288 -7 3 2593 288 0
K 0 0 43
K 0 0 54
A D 2 16
J N 6 5317 -7 2 3457 288 1 27
K 0 0 43
A D 2 16
J N 6 5346 42 2 4321 288 1 27
K 0 0 43
A D 2 16
H 27 B 1 0 108 2 2 3
J R 6 5375 28 2 5185 288 0
K 0 0 49
A D 2 16
J N 6 5404 -7 3 6049 288 0
K 0 0 43
K 0 0 54
A D 2 16
J B 28 5437 1 82 6913 288 0
J N 6 5458 -7 2 1 0 1 28
K 0 0 43
A D 2 16
J N 6 5487 21 2 865 288 1 28
K 0 0 43
A D 2 16
H 28 B 1 0 108 2 2 3
J R 7 5516 28 2 1729 288 0
K 0 0 48
A D 4 16
J N 7 5554 0 5 3457 576 0
K 0 0 43
K 0 79 108
K 0 0 60
K 0 21 60
A D 4 16
J R 6 5592 28 2 5185 576 0
K 0 0 49
A D 2 16
J N 6 5621 0 3 6049 288 0
K 0 0 43
K 0 0 54
A D 2 16
J B 29 5654 1 82 6913 288 0
J N 6 5675 0 2 1 0 1 29
K 0 0 43
A D 2 16
J N 6 5704 28 2 865 288 1 29
K 0 0 43
A D 2 16
H 29 B 1 0 108 2 2 3
J R 7 5733 28 2 1729 288 0
K 0 0 48
A D 4 16
J N 7 5771 0 4 3457 576 0
K 0 0 43
K 0 0 60
K 0 21 60
A D 4 16
J R 6 5809 28 2 5185 576 0
K 0 0 49
A D 2 16
J N 6 5838 0 3 6049 288 0
K 0 0 43
K 0 0 54
A D 2 16
J B 30 5871 1 82 6913 288 0
J N 6 5892 0 2 1 0 1 30
K 0 0 43
A D 2 16
J N 6 5921 28 2 865 288 1 30
K 0 0 43
A D 2 16
H 30 B 1 0 108 2 2 3
J R 7 5950 28 2 1729 288 0
K 0 0 48
A D 4 16
J N 7 5988 -21 8 3457 576 0
K 0 7 45
K 0 0 43
K 0 7 45
K 1 7 45
K 0 105 110
K 0 0 60
K 0 21 60
A D 4 16
J R 6 6026 28 2 5185 576 0
K 0 0 49
A D 2 16
J N 6 6055 -7 3 6049 288 0
K 0 0 43
K 0 0 54
A D 2 16
J B 31 6088 1 82 6913 288 0
J N 7 6109 -7 4 1 0 0
K 0 0 43
K 0 0 60
K 0 21 60
A D 4 16
J N 6 6147 0 2 1729 576 2 31 32
K 0 0 43
A D 2 16
J N 6 6176 7 2 2593 288 2 32 31
K 0 0 43
A D 2 16
H 32 B 1 0 108 2 2 3
H 31 S 0 0 0 0 0 0 0 0 0
J N 7 6205 0 4 3457 288 0
K 0 0 43
K 0 0 60
K 0 21 60
A D 4 16
J N 7 6243 7 4 5185 576 0
K 0 0 43
K 0 0 60
K 0 21 60
A D 4 16
J B 32 6285 1 82 6913 576 0
J N 6 6306 63 2 1 0 1 33
K 0 0 43
A D 2 16
J N 6 6335 56 2 865 288 1 33
K 0 0 43
A D 2 16
J N 6 6364 49 2 1729 288 1 33
K 0 0 43
A D 2 16
J N 6 6393 63 2 2593 288 1 33
K 0 0 43
A D 2 16
H 33 B 0 0 108 4 2 1 1 3
J N 6 6437 70 6 3457 288 1 34
K 1 0 45
K -18 0 63
K 0 0 43
K -1 0 45
K 2 0 45
A D 2 16
J N 6 6477 77 6 4321 288 1 34
K 1 -7 45
K -14 0 64
K 0 0 43
K 0 -7 45
K 1 -7 45
A D 2 16
J N 6 6506 70 5 5185 288 1 34
K 1 0 45
K 0 0 43
K -1 0 45
K 2 0 45
A D 2 16
J N 6 6535 84 6 6049 288 1 34
K 1 -14 45
K 1 0 45
K 0 0 43
K -1 0 45
K 2 0 45
A D 2 16
H 34 B 0 0 108 4 2 1 1 3
J B 33 6568 1 82 6913 288 0
J N 6 6589 63 2 1 0 1 35
K 0 0 43
A D 2 16
J N 6 6618 56 2 865 288 1 35
K 0 0 43
A D 2 16
J N 6 6647 49 2 1729 288 1 35
K 0 0 43
A D 2 16
J N 6 6676 63 2 2593 288 1 35
K 0 0 43
A D 2 16
H 35 B 0 0 108 4 2 1 1 3
J N 6 6720 70 6 3457 288 1 36
K 1 0 45
K -18 0 63
K 0 0 43
K -1 0 45
K 2 0 45
A D 2 16
J N 6 6760 77 6 4321 288 1 36
K 1 -7 45
K -14 0 64
K 0 0 43
K 0 -7 45
K 1 -7 45
A D 2 16
J N 6 6789 70 5 5185 288 1 36
K 1 0 45
K 0 0 43
K -1 0 45
K 2 0 45
A D 2 16
J N 6 6818 84 6 6049 288 1 36
K 1 -14 45
K 1 0 45
K 0 0 43
K -1 0 45
K 2 0 45
A D 2 16
H 36 B 0 0 108 4 2 1 1 3
J B 34 6851 1 82 6913 288 0
J N 7 6872 63 6 1 0 0
K 0 0 43
K 25 0 44
K 0 36 110
K 0 0 59
K 0 -21 59
A D 6 16
J N 6 6918 -14 6 2593 864 0
K 0 0 45
K 0 0 43
K -1 0 45
K 2 0 45
K 0 0 54
A D 2 16
J N 6 6962 -7 3 3457 288 1 37
K -18 0 63
K 0 0 43
A D 2 16
J N 6 6991 7 2 4321 288 1 37
K 0 0 43
A D 2 16
H 37 B 1 0 108 2 2 3
J N 7 7020 -14 7 5185 288 1 38
K 0 0 45
K 0 0 43
K -1 0 45
K 2 0 45
K 0 0 60
K 0 21 60
A D 4 16
J B 35 7062 1 82 6913 576 0
J N 7 7083 -14 7 1 0 1 38
K 0 0 45
K 0 0 43
K -1 0 45
K 2 0 45
K 0 0 60
K 0 21 60
A D 4 16
H 38 T -14 0 0 0 0 0 5 0
J N 7 7127 -7 5 1729 576 0
K -18 0 63
K 0 0 43
K 0 0 60
K 0 21 60
A D 4 16
J N 6 7165 -14 5 3457 576 1 39
K 0 0 45
K 0 0 43
K -1 0 45
K 2 0 45
A D 2 16
J N 6 7194 35 2 4321 288 1 39
K 0 0 43
A D 2 16
H 39 B 1 0 108 2 2 3
J N 7 7223 14 5 5185 288 1 40
K 0 0 43
K 0 70 108
K 0 0 60
K 0 21 60
A D 4 16
J B 36 7265 1 82 6913 576 0
J N 7 7286 14 4 1 0 1 40
K 0 0 43
K 0 0 60
K 0 21 60
A D 4 16
H 40 T 14 0 0 0 0 0 5 0
J N 6 7324 21 2 1729 576 1 41
K 0 0 43
A D 2 16
J N 6 7364 28 3 2593 288 1 41
K -14 0 64
K 0 0 43
A D 2 16
H 41 B 1 0 108 2 2 3
J N 7 7393 21 4 3457 288 0
K 0 0 43
K 0 0 60
K 0 21 60
A D 4 16
J N 7 7431 28 4 5185 576 0
K 0 0 43
K 0 0 60
K 0 21 60
A D 4 16
J B 37 7473 1 82 6913 576 0
J N 8 7494 35 4 1 0 0
K 0 0 42
K 0 0 59
K 0 -21 59
A D 8 16
J R 8 7547 28 2 3457 1152 0
K 0 0 47
A D 8 16
J B 38 7604 1 82 6913 1152 0
J R 9 7625 28 2 1 10000 0
K 0 0 46
A D 16 16
J B 39 7730 1 82 6913 2304 0
J R 9 7751 28 2 1 10000 0
K 0 0 46
A D 16 16
J B 40 7856 1 82 6913 2304 0
J R 9 7877 28 2 1 10000 0
K 0 0 46
A D 16 16
J B 41 7982 1 82 6913 2304 0
J R 9 8003 28 2 1 10000 0
K 0 0 46
A D 16 16
J B 42 8108 1 82 6913 2304 0
J R 9 8129 28 2 1 10000 0
K 0 0 46
A D 16 16
J B 43 8234 1 82 6913 2304 0
J R 8 8255 28 2 1 0 0
K 0 0 47
A D 8 16
J N 7 8308 21 4 3457 1152 0
K 0 0 43
K 0 0 60
K 0 21 60
A D 4 16
J R 6 8346 28 2 5185 576 0
K 0 0 49
A D 2 16
J N 6 8375 21 3 6049 288 0
K 0 0 43
K 0 0 54
A D 2 16
J B 44 8408 1 82 6913 288 0
J N 6 8429 21 2 1 0 1 42
K 0 0 43
A D 2 16
J N 6 8458 70 5 865 288 1 42
K 1 0 45
K 0 0 43
K -1 0 45
K 2 0 45
A D 2 16
H 42 B 0 0 108 2 2 3
J R 6 8487 28 2 1729 288 0
K 0 0 49
A D 2 16
J N 6 8516 21 3 2593 288 0
K 0 0 43
K 0 0 54
A D 2 16
J N 6 8545 21 2 3457 288 1 43
K 0 0 43
A D 2 16
J N 6 8574 49 2 4321 288 1 43
K 0 0 43
A D 2 16
H 43 B 0 0 108 2 2 3
J R 6 8603 28 2 5185 288 0
K 0 0 49
A D 2 16
J N 6 8632 21 3 6049 288 0
K 0 0 43
K 0 0 54
A D 2 16
J B 45 8665 1 82 6913 288 0
J N 6 8686 21 2 1 0 1 44
K 0 0 43
A D 2 16
J N 6 8715 70 5 865 288 1 44
K 1 0 45
K 0 0 43
K -1 0 45
K 2 0 45
A D 2 16
H 44 B 0 0 108 2 2 3
J R 6 8744 28 2 1729 288 0
K 0 0 49
A D 2 16
J N 6 8773 21 3 2593 288 0
K 0 0 43
K 0 0 54
A D 2 16
J N 6 8802 21 2 3457 288 1 45
K 0 0 43
A D 2 16
J N 6 8831 49 2 4321 288 1 45
K 0 0 43
A D 2 16
H 45 B 0 0 108 2 2 3
J R 7 8860 28 2 5185 288 0
K 0 0 48
A D 4 16
J B 46 8902 1 82 6913 576 0
J N 7 8923 14 4 1 0 0
K 0 0 43
K 0 0 60
K 0 21 60
A D 4 16
J R 6 8961 28 2 1729 576 0
K 0 0 49
A D 2 16
J N 6 8990 14 3 2593 288 0
K 0 0 43
K 0 0 54
A D 2 16
J N 6 9019 14 2 3457 288 1 46
K 0 0 43
A D 2 16
J N 6 9048 42 2 4321 288 1 46
K 0 0 43
A D 2 16
H 46 B 1 0 108 2 2 3
J R 6 9077 28 2 5185 288 0
K 0 0 49
A D 2 16
J N 6 9106 14 3 6049 288 0
K 0 0 43
K 0 0 54
A D 2 16
J B 47 9139 1 82 6913 288 0
J N 6 9160 14 2 1 0 1 47
K 0 0 43
A D 2 16
J N 6 9189 63 2 865 288 1 47
K 0 0 43
A D 2 16
H 47 B 0 0 108 2 2 3
J R 6 9218 28 2 1729 288 0
K 0 0 49
A D 2 16
J N 6 9247 14 3 2593 288 0
K 0 0 43
K 0 0 54
A D 2 16
J N 6 9276 14 2 3457 288 1 48
K 0 0 43
A D 2 16
J N 6 9305 42 2 4321 288 1 48
K 0 0 43
A D 2 16
H 48 B 1 0 108 2 2 3
J R 7 9334 28 2 5185 288 0
K 0 0 48
A D 4 16
J B 48 9376 1 82 6913 576 0
J N 7 9397 7 4 1 0 0
K 0 0 43
K 0 0 60
K 0 21 60
A D 4 16
J R 6 9435 28 2 1729 576 0
K 0 0 49
A D 2 16
J N 6 9464 7 3 2593 288 0
K 0 0 43
K 0 0 54
A D 2 16
J N 6 9493 7 2 3457 288 1 49
K 0 0 43
A D 2 16
J N 6 9522 35 2 4321 288 1 49
K 0 0 43
A D 2 16
H 49 B 1 0 108 2 2 3
J R 6 9551 28 2 5185 288 0
K 0 0 49
A D 2 16
J N 6 9580 7 3 6049 288 0
K 0 0 43
K 0 0 54
A D 2 16
J B 49 9613 1 82 6913 288 0
J N 6 9634 7 2 1 0 1 50
K 0 0 43
A D 2 16
J N 6 9663 56 2 865 288 1 50
K 0 0 43
A D 2 16
H 50 B 0 0 108 2 2 3
J R 6 9692 28 2 1729 288 0
K 0 0 49
A D 2 16
J N 6 9721 7 3 2593 288 0
K 0 0 43
K 0 0 54
A D 2 16
J N 6 9750 7 2 3457 288 1 51
K 0 0 43
A D 2 16
J N 6 9779 35 2 4321 288 1 51
K 0 0 43
A D 2 16
H 51 B 1 0 108 2 2 3
J R 7 9808 28 2 5185 288 0
K 0 0 48
A D 4 16
J B 50 9850 1 82 6913 576 0
J N 7 9871 0 4 1 0 0
K 0 0 43
K 0 0 60
K 0 21 60
A D 4 16
J R 6 9909 28 2 1729 576 0
K 0 0 49
A D 2 16
J N 6 9938 0 3 2593 288 0
K 0 0 43
K 0 0 54
A D 2 16
J N 6 9967 0 2 3457 288 1 52
K 0 0 43
A D 2 16
J N 6 9996 28 2 4321 288 1 52
K 0 0 43
A D 2 16
H 52 B 1 0 108 2 2 3
J R 7 10025 28 2 5185 288 0
K 0 0 48
A D 4 16
J B 51 10067 1 82 6913 576 0
J N 7 10088 -7 4 1 0 0
K 0 0 43
K 0 0 60
K 0 21 60
A D 4 16
J R 6 10126 28 2 1729 576 0
K 0 0 49
A D 2 16
J N 6 10155 -7 3 2593 288 0
K 0 0 43
K 0 0 54
A D 2 16
J N 6 10184 -7 2 3457 288 1 53
K 0 0 43
A D 2 16
J N 6 10213 21 2 4321 288 1 53
K 0 0 43
A D 2 16
H 53 B 1 0 108 2 2 3
J R 7 10242 28 2 5185 288 0
K 0 0 48
A D 4 16
J B 52 10284 1 82 6913 576 0
J N 7 10305 -14 8 1 0 0
K 0 0 45
K 0 0 43
K -1 0 45
K 2 0 45
K 0 99 110
K 0 0 60
K 0 21 60
A D 4 16
J R 6 10343 28 2 1729 576 0
K 0 0 49
A D 2 16
J N 6 10372 -14 6 2593 288 0
K 0 0 45
K 0 0 43
K -1 0 45
K 2 0 45
K 0 0 54
A D 2 16
J N 6 10401 -14 5 3457 288 1 54
K 0 0 45
K 0 0 43
K -1 0 45
K 2 0 45
A D 2 16
J N 6 10430 14 2 4321 288 1 54
K 0 0 43
A D 2 16
H 54 B 1 0 108 2 2 3
J R 7 10459 28 2 5185 288 0
K 0 0 48
A D 4 16
J B 53 10501 1 82 6913 576 0
J N 7 10522 -21 7 1 0 0
K 0 7 45
K 0 0 43
K 0 7 45
K 1 7 45
K 0 0 60
K 0 21 60
A D 4 16
J R 6 10560 28 2 1729 576 0
K 0 0 49
A D 2 16
J N 6 10589 -21 7 2593 288 0
K 0 7 45
K 0 0 43
K 0 7 45
K 1 7 45
K 0 0 60
K 0 0 54
A D 2 16
J N 7 10618 -21 7 3457 288 0
K 0 7 45
K 0 0 43
K 0 7 45
K 1 7 45
K 0 0 60
K 0 21 60
A D 4 16
J N 6 10656 -14 5 5185 576 2 55 56
K 0 0 45
K 0 0 43
K -1 0 45
K 2 0 45
A D 2 16
J N 6 10685 -7 2 6049 288 2 56 55
K 0 0 43
A D 2 16
H 56 B 1 0 108 2 2 3
H 55 S 0 0 0 0 0 0 0 0 0
J B 54 10718 1 82 6913 288 0
J N 7 10739 -14 7 1 0 0
K 0 0 45
K 0 0 43
K -1 0 45
K 2 0 45
K 0 0 60
K 0 21 60
A D 4 16
J N 7 10777 -7 4 1729 576 0
K 0 0 43
K 0 0 60
K 0 21 60
A D 4 16
J N 8 10815 0 4 3457 576 0
K 0 0 42
K 0 0 60
K 0 21 60
A D 8 16
J B 55 10872 1 82 6913 1152 0
J N 7 10893 14 5 1 0 0
K 0 0 43
K 0 70 108
K 0 0 60
K 0 21 60
A D 4 16
J R 6 10931 28 2 1729 576 0
K 0 0 49
A D 2 16
J N 6 10960 14 3 2593 288 0
K 0 0 43
K 0 0 54
A D 2 16
J N 6 10989 21 2 3457 288 1 57
K 0 0 43
A D 2 16
J N 6 11018 84 6 4321 288 1 57
K 1 -14 45
K 1 0 45
K 0 0 43
K -1 0 45
K 2 0 45
A D 2 16
H 57 B 0 0 108 2 2 3
J R 7 11047 28 2 5185 288 0
K 0 0 48
A D 4 16
J B 56 11089 1 82 6913 576 0
J N 7 11110 14 4 1 0 0
K 0 0 43
K 0 0 60
K 0 21 60
A D 4 16
J R 6 11148 28 2 1729 576 0
K 0 0 49
A D 2 16
J N 6 11177 14 3 2593 288 0
K 0 0 43
K 0 0 54
A D 2 16
J N 6 11206 21 2 3457 288 1 58
K 0 0 43
A D 2 16
J N 6 11235 84 6 4321 288 1 58
K 1 -14 45
K 1 0 45
K 0 0 43
K -1 0 45
K 2 0 45
A D 2 16
H 58 B 0 0 108 2 2 3
J R 7 11264 28 2 5185 288 0
K 0 0 48
A D 4 16
J B 57 11306 1 82 6913 576 0
J N 7 11327 14 5 1 0 0
K 0 0 43
K 0 77 110
K 0 0 60
K 0 21 60
A D 4 16
J R 6 11365 28 2 1729 576 0
K 0 0 49
A D 2 16
J N 6 11394 -7 3 2593 288 0
K 0 0 43
K 0 0 54
A D 2 16
J N 6 11423 7 2 3457 288 1 59
K 0 0 43
A D 2 16
J N 6 11452 21 2 4321 288 1 59
K 0 0 43
A D 2 16
H 59 B 1 0 108 2 2 3
J N 7 11481 0 4 5185 288 1 60
K 0 0 43
K 0 0 60
K 0 21 60
A D 4 16
J B 58 11523 1 82 6913 576 0
J N 7 11544 0 4 1 0 1 60
K 0 0 43
K 0 0 60
K 0 21 60
A D 4 16
H 60 T 0 0 0 0 0 0 5 0
J N 7 11582 7 4 1729 576 0
K 0 0 43
K 0 0 60
K 0 21 60
A D 4 16
J N 8 11620 0 4 3457 576 0
K 0 0 42
K 0 0 60
K 0 21 60
A D 8 16
J B 59 11677 1 82 6913 1152 0
J N 6 11698 0 3 1 0 1 61
K 0 0 43
K 0 98 108
A D 2 16
J N 6 11727 49 2 865 288 1 61
K 0 0 43
A D 2 16
H 61 B 1 0 108 2 2 3
J N 8 11756 28 4 1729 288 0
K 0 0 42
K 0 0 60
K 0 21 60
A D 8 16
J N 6 11809 35 2 5185 1152 1 62
K 0 0 43
A D 2 16
J N 6 11838 42 2 6049 288 1 62
K 0 0 43
A D 2 16
H 62 B 0 0 108 2 2 3
J B 60 11871 1 82 6913 288 0
J N 7 11892 35 4 1 0 0
K 0 0 43
K 0 0 59
K 0 -21 59
A D 4 16
J N 7 11930 42 4 1729 576 0
K 0 0 43
K 0 0 59
K 0 -21 59
A D 4 16
J N 8 11968 49 4 3457 576 0
K 0 0 42
K 0 0 59
K 0 -21 59
A D 8 16
J B 0 12038 6 2 6913 1152 0
K -13 0 82
K -6 0 84
J M 0 12038 0 0 10000 0 0
