@ SOURCE: not identified 
L 0 0 14 !39Viola
J D 4 500 -120 1 6913 0 0
W 0 0 44 II
J D 1 75 -37 1 6913 0 0
W 0 -56 44 II:  Viola
J C 13 5 28 35 6913 0 0
J K -1 57 0 1 6913 0 0
K 0 35 65
J D 5 86 -42 1 6913 0 0
W 0 0 37 Allegro
J T 101 86 42 1 6913 0 0
K 0 0 37
J R 9 137 28 2 1 10000 0
K 0 0 46
A D 8 8
J B 2 242 1 82 6913 2304 0
J R 9 263 28 2 1 10000 0
K 0 0 46
A D 8 8
J B 3 368 1 82 6913 2304 0
J R 9 389 28 2 1 10000 0
K 0 0 46
A D 8 8
J B 4 494 1 82 6913 2304 0
J R 9 515 28 2 1 10000 0
K 0 0 46
A D 8 8
J B 5 620 1 82 6913 2304 0
J R 9 641 28 2 1 10000 0
K 0 0 46
A D 8 8
J B 6 746 1 82 6913 2304 0
J R 9 767 28 2 1 10000 0
K 0 0 46
A D 8 8
J B 7 872 1 82 6913 2304 0
J R 7 893 28 2 1 0 0
K 0 0 48
A D 2 8
J N 7 931 7 4 1729 576 0
K 0 0 43
K 0 0 60
K 0 21 60
A D 2 8
J R 7 969 28 2 3457 576 0
K 0 0 48
A D 2 8
J N 7 1007 28 4 5185 576 0
K 0 0 43
K 0 0 60
K 0 21 60
A D 2 8
J B 8 1049 1 82 6913 576 0
J R 7 1070 28 2 1 0 0
K 0 0 48
A D 2 8
J N 7 1108 7 4 1729 576 0
K 0 0 43
K 0 0 60
K 0 21 60
A D 2 8
J R 7 1146 28 2 3457 576 0
K 0 0 48
A D 2 8
J N 7 1184 28 4 5185 576 0
K 0 0 43
K 0 0 60
K 0 21 60
A D 2 8
J B 9 1226 1 82 6913 576 0
J R 7 1247 28 2 1 0 0
K 0 0 48
A D 2 8
J N 7 1285 7 4 1729 576 0
K 0 0 43
K 0 0 60
K 0 21 60
A D 2 8
J R 7 1323 28 2 3457 576 0
K 0 0 48
A D 2 8
J N 7 1361 21 4 5185 576 0
K 0 0 43
K 0 0 60
K 0 21 60
A D 2 8
J B 10 1403 1 82 6913 576 0
J R 7 1424 28 2 1 0 0
K 0 0 48
A D 2 8
J N 7 1462 0 4 1729 576 0
K 0 0 43
K 0 0 60
K 0 21 60
A D 2 8
J R 7 1500 28 2 3457 576 0
K 0 0 48
A D 2 8
J N 7 1538 21 4 5185 576 0
K 0 0 43
K 0 0 60
K 0 21 60
A D 2 8
J B 11 1580 1 82 6913 576 0
J R 7 1601 28 2 1 0 0
K 0 0 48
A D 2 8
J N 7 1639 0 4 1729 576 0
K 0 0 43
K 0 0 60
K 0 21 60
A D 2 8
J R 7 1677 28 2 3457 576 0
K 0 0 48
A D 2 8
J N 7 1715 14 4 5185 576 0
K 0 0 43
K 0 0 60
K 0 21 60
A D 2 8
J B 12 1757 1 82 6913 576 0
J R 7 1778 28 2 1 0 0
K 0 0 48
A D 2 8
J N 7 1816 -7 4 1729 576 0
K 0 0 43
K 0 0 60
K 0 21 60
A D 2 8
J R 7 1854 28 2 3457 576 0
K 0 0 48
A D 2 8
J N 7 1892 14 4 5185 576 0
K 0 0 43
K 0 0 60
K 0 21 60
A D 2 8
J B 13 1934 1 82 6913 576 0
J R 7 1955 28 2 1 0 0
K 0 0 48
A D 2 8
J N 7 1993 -7 4 1729 576 0
K 0 0 43
K 0 0 60
K 0 21 60
A D 2 8
J R 7 2031 28 2 3457 576 0
K 0 0 48
A D 2 8
J N 7 2069 7 5 5185 576 0
K 0 0 43
K 0 74 108
K 0 0 60
K 0 21 60
A D 2 8
J B 14 2111 1 82 6913 576 0
J R 7 2132 28 2 1 0 0
K 0 0 48
A D 2 8
J N 7 2170 35 4 1729 576 0
K 0 0 43
K 0 0 59
K 0 -21 59
A D 2 8
J R 7 2208 28 2 3457 576 0
K 0 0 48
A D 2 8
J N 7 2246 0 4 5185 576 0
K 0 0 43
K 0 0 60
K 0 21 60
A D 2 8
J B 15 2288 1 82 6913 576 0
J R 7 2309 28 2 1 0 0
K 0 0 48
A D 2 8
J N 7 2347 28 4 1729 576 0
K 0 0 43
K 0 0 60
K 0 21 60
A D 2 8
J R 7 2385 28 2 3457 576 0
K 0 0 48
A D 2 8
J N 7 2423 -7 5 5185 576 0
K 0 0 43
K 0 92 110
K 0 0 60
K 0 21 60
A D 2 8
J B 16 2465 1 82 6913 576 0
J R 7 2486 28 2 1 0 0
K 0 0 48
A D 2 8
J N 7 2524 21 4 1729 576 0
K 0 0 43
K 0 0 60
K 0 21 60
A D 2 8
J R 7 2562 28 2 3457 576 0
K 0 0 48
A D 2 8
J N 7 2600 -14 7 5185 576 0
K 0 0 45
K 0 0 43
K -1 0 45
K 2 0 45
K 0 0 60
K 0 21 60
A D 2 8
J B 17 2642 1 82 6913 576 0
J N 7 2663 0 4 1 0 0
K 0 0 43
K 0 0 60
K 0 21 60
A D 2 8
J N 6 2701 7 2 1729 576 2 1 2
K 0 0 43
A D 1 8
J N 6 2730 21 2 2593 288 2 2 1
K 0 0 43
A D 1 8
H 2 B 1 0 108 2 2 3
H 1 S 0 0 0 0 0 0 0 0 0
J N 7 2759 28 5 3457 288 0
K 0 0 43
K 24 -6 44
K 0 0 60
K 0 21 60
A D 3 8
J N 6 2805 28 3 6049 864 0
K 0 0 43
K 0 0 54
A D 1 8
J B 18 2838 1 82 6913 288 0
J N 8 2859 42 4 1 0 0
K 0 0 42
K 0 0 59
K 0 -21 59
A D 4 8
J R 7 2912 28 2 3457 1152 0
K 0 0 48
A D 2 8
J N 7 2950 -14 8 5185 576 0
K 0 0 45
K 0 0 43
K -1 0 45
K 2 0 45
K 0 93 108
K 0 0 60
K 0 21 60
A D 2 8
J B 19 2992 1 82 6913 576 0
J R 7 3013 28 2 1 0 0
K 0 0 48
A D 2 8
J N 7 3051 7 4 1729 576 0
K 0 0 43
K 0 0 60
K 0 21 60
A D 2 8
J R 7 3089 28 2 3457 576 0
K 0 0 48
A D 2 8
J N 7 3127 -14 7 5185 576 0
K 0 0 45
K 0 0 43
K -1 0 45
K 2 0 45
K 0 0 60
K 0 21 60
A D 2 8
J B 20 3169 1 82 6913 576 0
J R 7 3190 28 2 1 0 0
K 0 0 48
A D 2 8
J N 7 3228 7 4 1729 576 0
K 0 0 43
K 0 0 60
K 0 21 60
A D 2 8
J R 7 3266 28 2 3457 576 0
K 0 0 48
A D 2 8
J N 7 3304 -14 8 5185 576 0
K 0 0 45
K 0 0 43
K -1 0 45
K 2 0 45
K 0 99 110
K 0 0 60
K 0 21 60
A D 2 8
J B 21 3346 1 82 6913 576 0
J N 7 3367 0 4 1 0 0
K 0 0 43
K 0 0 60
K 0 21 60
A D 2 8
J N 6 3405 7 2 1729 576 2 3 4
K 0 0 43
A D 1 8
J N 6 3434 21 2 2593 288 2 4 3
K 0 0 43
A D 1 8
H 4 B 1 0 108 2 2 3
H 3 S 0 0 0 0 0 0 0 0 0
J N 7 3463 28 5 3457 288 0
K 0 0 43
K 24 -6 44
K 0 0 60
K 0 21 60
A D 3 8
J N 6 3509 28 3 6049 864 0
K 0 0 43
K 0 0 54
A D 1 8
J B 22 3542 1 82 6913 288 0
J N 8 3563 42 4 1 0 0
K 0 0 42
K 0 0 59
K 0 -21 59
A D 4 8
J N 7 3616 35 5 3457 1152 0
K 0 0 43
K 0 44 108
K 0 0 59
K 0 -21 59
A D 2 8
J R 6 3654 28 2 5185 576 0
K 0 0 49
A D 1 8
J N 6 3683 -14 6 6049 288 0
K 0 0 45
K 0 0 43
K -1 0 45
K 2 0 45
K 0 0 54
A D 1 8
J B 23 3716 1 82 6913 288 0
J N 7 3737 0 4 1 0 0
K 0 0 43
K 0 0 60
K 0 21 60
A D 2 8
J N 6 3775 7 2 1729 576 2 5 6
K 0 0 43
A D 1 8
J N 6 3804 21 2 2593 288 2 6 5
K 0 0 43
A D 1 8
H 6 B 1 0 108 2 2 3
H 5 S 0 0 0 0 0 0 0 0 0
J N 7 3833 28 5 3457 288 0
K 0 0 43
K 24 -6 44
K 0 0 60
K 0 21 60
A D 3 8
J N 6 3879 28 3 6049 864 0
K 0 0 43
K 0 0 54
A D 1 8
J B 24 3912 1 82 6913 288 0
J N 8 3933 42 4 1 0 0
K 0 0 42
K 0 0 59
K 0 -21 59
A D 4 8
J R 7 3986 28 2 3457 1152 0
K 0 0 48
A D 2 8
J N 7 4024 -7 5 5185 576 0
K 0 0 43
K 0 92 110
K 0 0 60
K 0 21 60
A D 2 8
J B 25 4066 1 82 6913 576 0
J R 7 4087 28 2 1 0 0
K 0 0 48
A D 2 8
J N 7 4125 21 4 1729 576 0
K 0 0 43
K 0 0 60
K 0 21 60
A D 2 8
J R 7 4163 28 2 3457 576 0
K 0 0 48
A D 2 8
J N 7 4201 -7 4 5185 576 0
K 0 0 43
K 0 0 60
K 0 21 60
A D 2 8
J B 26 4243 1 82 6913 576 0
J R 7 4264 28 2 1 0 0
K 0 0 48
A D 2 8
J N 7 4302 21 4 1729 576 0
K 0 0 43
K 0 0 60
K 0 21 60
A D 2 8
J R 7 4340 28 2 3457 576 0
K 0 0 48
A D 2 8
J N 7 4378 0 4 5185 576 0
K 0 0 43
K 0 0 60
K 0 21 60
A D 2 8
J B 27 4420 1 82 6913 576 0
J R 7 4441 28 2 1 0 0
K 0 0 48
A D 2 8
J N 7 4479 28 4 1729 576 0
K 0 0 43
K 0 0 60
K 0 21 60
A D 2 8
J R 7 4517 28 2 3457 576 0
K 0 0 48
A D 2 8
J N 7 4555 0 4 5185 576 0
K 0 0 43
K 0 0 60
K 0 21 60
A D 2 8
J B 28 4597 1 82 6913 576 0
J R 7 4618 28 2 1 0 0
K 0 0 48
A D 2 8
J N 7 4656 28 4 1729 576 0
K 0 0 43
K 0 0 60
K 0 21 60
A D 2 8
J R 7 4694 28 2 3457 576 0
K 0 0 48
A D 2 8
J N 7 4732 7 5 5185 576 0
K 0 0 43
K 0 74 108
K 0 0 60
K 0 21 60
A D 2 8
J B 29 4774 1 82 6913 576 0
J R 7 4795 28 2 1 0 0
K 0 0 48
A D 2 8
J N 7 4833 35 4 1729 576 0
K 0 0 43
K 0 0 59
K 0 -21 59
A D 2 8
J R 7 4871 28 2 3457 576 0
K 0 0 48
A D 2 8
J N 7 4909 7 4 5185 576 0
K 0 0 43
K 0 0 60
K 0 21 60
A D 2 8
J B 30 4951 1 82 6913 576 0
J R 7 4972 28 2 1 0 0
K 0 0 48
A D 2 8
J N 7 5010 35 4 1729 576 0
K 0 0 43
K 0 0 59
K 0 -21 59
A D 2 8
J R 7 5048 28 2 3457 576 0
K 0 0 48
A D 2 8
J N 7 5086 0 5 5185 576 0
K 0 0 43
K 0 85 110
K 0 0 60
K 0 21 60
A D 2 8
J B 31 5128 1 82 6913 576 0
J N 7 5149 14 4 1 0 0
K 0 0 43
K 0 0 60
K 0 21 60
A D 2 8
J N 6 5187 7 2 1729 576 2 7 8
K 0 0 43
A D 1 8
J N 6 5216 0 2 2593 288 2 8 7
K 0 0 43
A D 1 8
H 8 B 1 0 108 2 2 3
H 7 S 0 0 0 0 0 0 0 0 0
J N 7 5245 -7 5 3457 288 0
K 0 0 43
K 25 0 44
K 0 0 60
K 0 21 60
A D 3 8
J N 6 5291 -7 3 6049 864 0
K 0 0 43
K 0 0 54
A D 1 8
J B 32 5324 1 82 6913 288 0
J N 7 5345 -7 4 1 0 0
K 0 0 43
K 0 0 60
K 0 21 60
A D 2 8
J R 7 5383 28 2 1729 576 0
K 0 0 48
A D 2 8
J R 8 5421 28 2 3457 576 0
K 0 0 47
A D 4 8
J B 33 5478 1 82 6913 1152 0
J R 9 5499 28 2 1 10000 0
K 0 0 46
A D 8 8
J B 34 5604 1 82 6913 2304 0
J N 7 5625 -7 5 1 0 0
K 0 0 43
K 0 92 110
K 0 0 60
K 0 21 60
A D 2 8
J R 6 5663 28 2 1729 576 0
K 0 0 49
A D 1 8
J N 6 5692 21 3 2593 288 0
K 0 0 43
K 0 0 54
A D 1 8
J N 7 5732 35 5 3457 288 0
K -14 0 64
K 0 0 43
K 0 0 59
K 0 -21 59
A D 2 8
J R 6 5770 28 2 5185 576 0
K 0 0 49
A D 1 8
J N 6 5799 7 3 6049 288 0
K 0 0 43
K 0 0 54
A D 1 8
J B 35 5832 1 82 6913 288 0
J N 7 5853 14 4 1 0 0
K 0 0 43
K 0 0 60
K 0 21 60
A D 2 8
J N 7 5891 14 4 1729 576 0
K 0 0 43
K 0 0 60
K 0 21 60
A D 2 8
J N 7 5929 14 4 3457 576 0
K 0 0 43
K 0 0 60
K 0 21 60
A D 2 8
J R 6 5967 28 2 5185 576 0
K 0 0 49
A D 1 8
J N 6 5996 21 4 6049 288 0
K 0 0 43
K 0 68 108
K 0 0 54
A D 1 8
J B 36 6029 1 82 6913 288 0
J N 7 6052 35 5 1 0 0
K -14 0 64
K 0 0 43
K 0 0 59
K 0 -21 59
A D 2 8
J N 6 6090 28 2 1729 576 2 9 10
K 0 0 43
A D 1 8
J N 6 6119 21 2 2593 288 2 10 9
K 0 0 43
A D 1 8
H 10 B 1 0 108 2 2 3
H 9 S 0 0 0 0 0 0 0 0 0
J N 8 6148 14 4 3457 288 0
K 0 0 42
K 0 0 60
K 0 21 60
A D 4 8
J B 37 6205 1 82 6913 1152 0
J N 8 6226 14 4 1 0 0
K 0 0 42
K 0 0 60
K 0 21 60
A D 4 8
J R 8 6279 28 2 3457 1152 0
K 0 0 47
A D 4 8
J B 38 6336 1 82 6913 1152 0
J R 9 6357 28 2 1 10000 0
K 0 0 46
A D 8 8
J B 39 6462 1 82 6913 2304 0
J R 9 6483 28 2 1 10000 0
K 0 0 46
A D 8 8
J B 40 6588 1 82 6913 2304 0
J R 9 6609 28 2 1 10000 0
K 0 0 46
A D 8 8
J B 41 6714 1 82 6913 2304 0
J R 9 6735 28 2 1 10000 0
K 0 0 46
A D 8 8
J B 42 6840 1 82 6913 2304 0
J R 9 6861 28 2 1 10000 0
K 0 0 46
A D 8 8
J B 43 6966 1 82 6913 2304 0
J R 8 6987 28 2 1 0 0
K 0 0 47
A D 4 8
J R 7 7040 28 2 3457 1152 0
K 0 0 48
A D 2 8
J N 7 7078 7 4 5185 576 0
K 0 0 43
K 0 0 60
K 0 21 60
A D 2 8
J B 44 7120 1 82 6913 576 0
J R 7 7141 28 2 1 0 0
K 0 0 48
A D 2 8
J N 7 7179 28 4 1729 576 0
K 0 0 43
K 0 0 60
K 0 21 60
A D 2 8
J R 7 7217 28 2 3457 576 0
K 0 0 48
A D 2 8
J N 7 7255 7 4 5185 576 0
K 0 0 43
K 0 0 60
K 0 21 60
A D 2 8
J B 45 7297 1 82 6913 576 0
J R 7 7318 28 2 1 0 0
K 0 0 48
A D 2 8
J N 7 7356 28 4 1729 576 0
K 0 0 43
K 0 0 60
K 0 21 60
A D 2 8
J R 7 7394 28 2 3457 576 0
K 0 0 48
A D 2 8
J N 7 7432 7 4 5185 576 0
K 0 0 43
K 0 0 60
K 0 21 60
A D 2 8
J B 46 7474 1 82 6913 576 0
J R 7 7495 28 2 1 0 0
K 0 0 48
A D 2 8
J N 7 7533 21 4 1729 576 0
K 0 0 43
K 0 0 60
K 0 21 60
A D 2 8
J R 7 7571 28 2 3457 576 0
K 0 0 48
A D 2 8
J N 7 7609 0 4 5185 576 0
K 0 0 43
K 0 0 60
K 0 21 60
A D 2 8
J B 47 7651 1 82 6913 576 0
J R 7 7672 28 2 1 0 0
K 0 0 48
A D 2 8
J N 7 7710 21 4 1729 576 0
K 0 0 43
K 0 0 60
K 0 21 60
A D 2 8
J R 7 7748 28 2 3457 576 0
K 0 0 48
A D 2 8
J N 7 7786 0 4 5185 576 0
K 0 0 43
K 0 0 60
K 0 21 60
A D 2 8
J B 48 7828 1 82 6913 576 0
J R 7 7849 28 2 1 0 0
K 0 0 48
A D 2 8
J N 7 7887 14 4 1729 576 0
K 0 0 43
K 0 0 60
K 0 21 60
A D 2 8
J R 7 7925 28 2 3457 576 0
K 0 0 48
A D 2 8
J N 7 7963 -7 4 5185 576 0
K 0 0 43
K 0 0 60
K 0 21 60
A D 2 8
J B 49 8005 1 82 6913 576 0
J R 7 8026 28 2 1 0 0
K 0 0 48
A D 2 8
J N 7 8064 14 4 1729 576 0
K 0 0 43
K 0 0 60
K 0 21 60
A D 2 8
J R 7 8102 28 2 3457 576 0
K 0 0 48
A D 2 8
J N 7 8140 -7 4 5185 576 0
K 0 0 43
K 0 0 60
K 0 21 60
A D 2 8
J B 50 8182 1 82 6913 576 0
J R 7 8203 28 2 1 0 0
K 0 0 48
A D 2 8
J N 7 8241 7 4 1729 576 0
K 0 0 43
K 0 0 60
K 0 21 60
A D 2 8
J R 7 8279 28 2 3457 576 0
K 0 0 48
A D 2 8
J N 7 8317 35 4 5185 576 0
K 0 0 43
K 0 0 59
K 0 -21 59
A D 2 8
J B 51 8359 1 82 6913 576 0
J R 7 8380 28 2 1 0 0
K 0 0 48
A D 2 8
J N 7 8418 0 4 1729 576 0
K 0 0 43
K 0 0 60
K 0 21 60
A D 2 8
J R 7 8456 28 2 3457 576 0
K 0 0 48
A D 2 8
J N 7 8494 28 4 5185 576 0
K 0 0 43
K 0 0 60
K 0 21 60
A D 2 8
J B 52 8536 1 82 6913 576 0
J R 7 8557 28 2 1 0 0
K 0 0 48
A D 2 8
J N 7 8595 -7 5 1729 576 0
K 0 0 43
K 0 92 110
K 0 0 60
K 0 21 60
A D 2 8
J R 7 8633 28 2 3457 576 0
K 0 0 48
A D 2 8
J N 7 8671 21 4 5185 576 0
K 0 0 43
K 0 0 60
K 0 21 60
A D 2 8
J B 53 8713 1 82 6913 576 0
J R 7 8734 28 2 1 0 0
K 0 0 48
A D 2 8
J N 7 8772 -14 7 1729 576 0
K 0 0 45
K 0 0 43
K -1 0 45
K 2 0 45
K 0 0 60
K 0 21 60
A D 2 8
J N 7 8810 0 4 3457 576 0
K 0 0 43
K 0 0 60
K 0 21 60
A D 2 8
J N 6 8848 7 2 5185 576 2 11 12
K 0 0 43
A D 1 8
J N 6 8877 21 2 6049 288 2 12 11
K 0 0 43
A D 1 8
H 12 B 1 0 108 2 2 3
H 11 S 0 0 0 0 0 0 0 0 0
J B 54 8910 1 82 6913 288 0
J N 7 8931 28 5 1 0 0
K 0 0 43
K 24 -6 44
K 0 0 60
K 0 21 60
A D 3 8
J N 6 8977 28 3 2593 864 0
K 0 0 43
K 0 0 54
A D 1 8
J N 8 9006 42 4 3457 288 0
K 0 0 42
K 0 0 59
K 0 -21 59
A D 4 8
J B 55 9063 1 82 6913 1152 0
J R 7 9084 28 2 1 0 0
K 0 0 48
A D 2 8
J N 7 9122 -14 8 1729 576 0
K 0 0 45
K 0 0 43
K -1 0 45
K 2 0 45
K 0 93 108
K 0 0 60
K 0 21 60
A D 2 8
J R 7 9160 28 2 3457 576 0
K 0 0 48
A D 2 8
J N 7 9198 7 4 5185 576 0
K 0 0 43
K 0 0 60
K 0 21 60
A D 2 8
J B 56 9240 1 82 6913 576 0
J R 7 9261 28 2 1 0 0
K 0 0 48
A D 2 8
J N 7 9299 -14 7 1729 576 0
K 0 0 45
K 0 0 43
K -1 0 45
K 2 0 45
K 0 0 60
K 0 21 60
A D 2 8
J R 7 9337 28 2 3457 576 0
K 0 0 48
A D 2 8
J N 7 9375 7 4 5185 576 0
K 0 0 43
K 0 0 60
K 0 21 60
A D 2 8
J B 57 9417 1 82 6913 576 0
J R 7 9438 28 2 1 0 0
K 0 0 48
A D 2 8
J N 7 9476 -14 8 1729 576 0
K 0 0 45
K 0 0 43
K -1 0 45
K 2 0 45
K 0 99 110
K 0 0 60
K 0 21 60
A D 2 8
J N 7 9514 0 4 3457 576 0
K 0 0 43
K 0 0 60
K 0 21 60
A D 2 8
J N 6 9552 7 2 5185 576 1 13
K 0 0 43
A D 1 8
J N 6 9581 21 2 6049 288 1 13
K 0 0 43
A D 1 8
H 13 B 1 0 108 2 2 3
J B 58 9614 1 82 6913 288 0
J N 7 9635 28 5 1 0 0
K 0 0 43
K 24 -6 44
K 0 0 60
K 0 21 60
A D 3 8
J N 6 9681 28 3 2593 864 0
K 0 0 43
K 0 0 54
A D 1 8
J N 8 9710 42 4 3457 288 0
K 0 0 42
K 0 0 59
K 0 -21 59
A D 4 8
J B 59 9767 1 82 6913 1152 0
J N 7 9788 35 5 1 0 0
K 0 0 43
K 0 44 108
K 0 0 59
K 0 -21 59
A D 2 8
J R 6 9826 28 2 1729 576 0
K 0 0 49
A D 1 8
J N 6 9855 -14 6 2593 288 0
K 0 0 45
K 0 0 43
K -1 0 45
K 2 0 45
K 0 0 54
A D 1 8
J N 7 9884 0 4 3457 288 0
K 0 0 43
K 0 0 60
K 0 21 60
A D 2 8
J N 6 9922 7 2 5185 576 2 14 15
K 0 0 43
A D 1 8
J N 6 9951 21 2 6049 288 2 15 14
K 0 0 43
A D 1 8
H 15 B 1 0 108 2 2 3
H 14 S 0 0 0 0 0 0 0 0 0
J B 60 9984 1 82 6913 288 0
J N 7 10005 28 5 1 0 0
K 0 0 43
K 24 -6 44
K 0 0 60
K 0 21 60
A D 3 8
J N 6 10051 28 3 2593 864 0
K 0 0 43
K 0 0 54
A D 1 8
J N 8 10080 42 4 3457 288 0
K 0 0 42
K 0 0 59
K 0 -21 59
A D 4 8
J B 0 10150 6 2 6913 1152 0
K -13 0 82
K -6 0 84
J M 0 10150 0 0 10000 0 0
