S 0 200 140 2050 1066 7 "[...][....]"            
L 0 0 0 313 313 * 0 14 0            
J C 4 5 42 2 6913 0 0            
K 0 0 33            
K 0 0 34            
J K -1 57 0 1 6913 0 0            
K 0 28 65            
J D 0 -11 -14 1 6913 0 0            
W 0 0 37 \02\07            
J N 5 113 14 2 1 0 1 56            
K 0 0 43            
A D 1 16            
J N 5 143 0 2 433 144 1 56            
K 0 0 43            
A D 1 16            
J N 5 173 7 2 865 144 1 56            
K 0 0 43            
A D 1 16            
J N 5 203 0 2 1297 144 1 56            
K 0 0 43            
A D 1 16            
H 56 B -46 -1 108 4 22 11 11 33            
J N 5 233 21 2 1729 144 1 57            
K 0 0 43            
A D 1 16            
J N 5 263 0 2 2161 144 1 57            
K 0 0 43            
A D 1 16            
J N 5 293 7 2 2593 144 1 57            
K 0 0 43            
A D 1 16            
J N 5 323 0 2 3025 144 1 57            
K 0 0 43            
A D 1 16            
H 57 B -51 -4 108 4 22 11 11 33            
J N 5 353 14 2 3457 144 1 58            
K 0 0 43            
A D 1 16            
J N 5 383 -7 2 3889 144 1 58            
K 0 0 43            
A D 1 16            
J N 5 413 0 2 4321 144 1 58            
K 0 0 43            
A D 1 16            
J N 5 443 -7 2 4753 144 1 58            
K 0 0 43            
A D 1 16            
H 58 B -44 -4 108 4 22 11 11 33            
J N 5 473 14 2 5185 144 1 59            
K 0 0 43            
A D 1 16            
J N 5 503 -7 2 5617 144 1 59            
K 0 0 43            
A D 1 16            
J N 5 533 0 2 6049 144 1 59            
K 0 0 43            
A D 1 16            
J N 5 563 -7 2 6481 144 1 59            
K 0 0 43            
A D 1 16            
H 59 B -44 -4 108 4 22 11 11 33            
J B 28 596 1 82 6913 144 0            
J N 5 617 14 2 1 0 1 60            
K 0 0 43            
A D 1 16            
J N 5 647 -7 2 433 144 1 60            
K 0 0 43            
A D 1 16            
J N 5 677 0 2 865 144 1 60            
K 0 0 43            
A D 1 16            
J N 5 707 -7 2 1297 144 1 60            
K 0 0 43            
A D 1 16            
H 60 B -44 -4 108 4 22 11 11 33            
J N 5 737 14 2 1729 144 1 61            
K 0 0 43            
A D 1 16            
J N 5 767 -7 2 2161 144 1 61            
K 0 0 43            
A D 1 16            
J N 5 797 0 2 2593 144 1 61            
K 0 0 43            
A D 1 16            
J N 5 827 -7 2 3025 144 1 61            
K 0 0 43            
A D 1 16            
H 61 B -44 -4 108 4 22 11 11 33            
J N 5 857 7 2 3457 144 1 62            
K 0 0 43            
A D 1 16            
J N 5 887 -28 6 3889 144 1 62            
K 0 14 45            
K 0 0 45            
K 0 0 43            
K -1 0 45            
K 2 0 45            
A D 1 16            
J N 5 917 -21 5 4321 144 1 62            
K 0 7 45            
K 0 0 43            
K 0 7 45            
K 1 7 45            
A D 1 16            
J N 5 947 -28 6 4753 144 1 62            
K 0 14 45            
K 0 0 45            
K 0 0 43            
K -1 0 45            
K 2 0 45            
A D 1 16            
H 62 B -54 -6 108 4 22 11 11 33            
J N 5 976 -14 5 5185 144 1 63            
K 0 0 45            
K 0 0 43            
K -1 0 45            
K 2 0 45            
A D 1 16            
J N 5 1005 -28 6 5617 144 1 63            
K 0 14 45            
K 0 0 45            
K 0 0 43            
K -1 0 45            
K 2 0 45            
A D 1 16            
J N 5 1034 -21 5 6049 144 1 63            
K 0 7 45            
K 0 0 43            
K 0 7 45            
K 1 7 45            
A D 1 16            
J N 5 1063 -28 6 6481 144 1 63            
K 0 14 45            
K 0 0 45            
K 0 0 43            
K -1 0 45            
K 2 0 45            
A D 1 16            
H 63 B -47 -1 108 4 22 11 11 33            
J B 29 1095 1 82 6913 144 0            
J N 5 1116 -14 5 1 0 1 64            
K 0 0 45            
K 0 0 43            
K -1 0 45            
K 2 0 45            
A D 1 16            
J N 5 1145 -28 6 433 144 1 64            
K 0 14 45            
K 0 0 45            
K 0 0 43            
K -1 0 45            
K 2 0 45            
A D 1 16            
J N 5 1174 -21 5 865 144 1 64            
K 0 7 45            
K 0 0 43            
K 0 7 45            
K 1 7 45            
A D 1 16            
J N 5 1203 -28 6 1297 144 1 64            
K 0 14 45            
K 0 0 45            
K 0 0 43            
K -1 0 45            
K 2 0 45            
A D 1 16            
H 64 B -47 -1 108 4 22 11 11 33            
J N 5 1232 -14 5 1729 144 1 65            
K 0 0 45            
K 0 0 43            
K -1 0 45            
K 2 0 45            
A D 1 16            
J N 5 1261 -28 6 2161 144 1 65            
K 0 14 45            
K 0 0 45            
K 0 0 43            
K -1 0 45            
K 2 0 45            
A D 1 16            
J N 5 1290 -21 5 2593 144 1 65            
K 0 7 45            
K 0 0 43            
K 0 7 45            
K 1 7 45            
A D 1 16            
J N 5 1319 -28 6 3025 144 1 65            
K 0 14 45            
K 0 0 45            
K 0 0 43            
K -1 0 45            
K 2 0 45            
A D 1 16            
H 65 B -47 -1 108 4 22 11 11 33            
J N 5 1348 -14 5 3457 144 1 66            
K 0 0 45            
K 0 0 43            
K -1 0 45            
K 2 0 45            
A D 1 16            
J N 5 1377 -28 6 3889 144 1 66            
K 0 14 45            
K 0 0 45            
K 0 0 43            
K -1 0 45            
K 2 0 45            
A D 1 16            
J N 5 1406 -21 5 4321 144 1 66            
K 0 7 45            
K 0 0 43            
K 0 7 45            
K 1 7 45            
A D 1 16            
J N 5 1435 -28 6 4753 144 1 66            
K 0 14 45            
K 0 0 45            
K 0 0 43            
K -1 0 45            
K 2 0 45            
A D 1 16            
H 66 B -47 -1 108 4 22 11 11 33            
J N 5 1464 -14 5 5185 144 1 67            
K 0 0 45            
K 0 0 43            
K -1 0 45            
K 2 0 45            
A D 1 16            
J N 5 1493 -28 6 5617 144 1 67            
K 0 14 45            
K 0 0 45            
K 0 0 43            
K -1 0 45            
K 2 0 45            
A D 1 16            
J N 5 1522 -21 5 6049 144 1 67            
K 0 7 45            
K 0 0 43            
K 0 7 45            
K 1 7 45            
A D 1 16            
J N 5 1551 -28 6 6481 144 1 67            
K 0 14 45            
K 0 0 45            
K 0 0 43            
K -1 0 45            
K 2 0 45            
A D 1 16            
H 67 B -47 -1 108 4 22 11 11 33            
J B 30 1583 1 82 6913 144 0            
J N 6 1604 -35 6 1 0 1 68            
K 0 21 45            
K 0 7 45            
K 0 0 43            
K 0 7 45            
K 1 7 45            
A D 2 16            
J N 6 1662 -14 5 865 288 1 68            
K 0 0 45            
K 0 0 43            
K -1 0 45            
K 2 0 45            
A D 2 16            
H 68 B -63 2 108 2 2 3            
J N 7 1720 -7 4 1729 288 0            
K 0 0 43            
K 0 0 60            
K 0 21 60            
A D 4 16            
J N 7 1812 0 4 3457 576 0            
K 0 0 43            
K 0 0 60            
K 0 21 60            
A D 4 16            
J R 6 1931 28 2 5185 576 0            
K 0 0 49            
A D 2 16            
J N 6 1989 -28 8 6049 288 0            
K 0 14 45            
K 0 0 45            
K 0 0 43            
K -1 0 45            
K 2 0 45            
K 0 0 60            
K 0 7 54            
A D 2 16            
J B 31 2050 1 82 6913 288 0            
E *            
L 160 0 0 313 313 * 0 14 0            
J C 4 5 42 2 6913 0 0            
K 0 0 33            
K 0 0 34            
J K -1 57 0 1 6913 0 0            
K 0 28 65            
J D 0 -11 -14 1 6913 0 0            
W 0 0 0 \02\07            
J N 7 113 49 4 1 0 0            
K 0 0 43            
K 0 0 59            
K 0 -21 59            
A D 4 16            
J R 6 233 28 2 1729 576 0            
K 0 0 49            
A D 2 16            
J N 6 293 21 3 2593 288 0            
K 0 0 43            
K 0 0 54            
A D 2 16            
J N 7 353 49 4 3457 288 0            
K 0 0 43            
K 0 0 59            
K 0 -21 59            
A D 4 16            
J R 6 473 28 2 5185 576 0            
K 0 0 49            
A D 2 16            
J N 6 533 14 3 6049 288 0            
K 0 0 43            
K 0 0 54            
A D 2 16            
J B 28 596 1 82 6913 288 0            
J N 7 617 42 4 1 0 0            
K 0 0 43            
K 0 0 59            
K 0 -21 59            
A D 4 16            
J R 6 737 28 2 1729 576 0            
K 0 0 49            
A D 2 16            
J N 6 797 14 3 2593 288 0            
K 0 0 43            
K 0 0 54            
A D 2 16            
J N 5 857 42 2 3457 288 1 40            
K 0 0 43            
A D 1 16            
J N 5 887 -14 5 3889 144 1 40            
K 0 0 45            
K 0 0 43            
K -1 0 45            
K 2 0 45            
A D 1 16            
J N 5 917 -7 2 4321 144 1 40            
K 0 0 43            
A D 1 16            
J N 5 947 -14 5 4753 144 1 40            
K 0 0 45            
K 0 0 43            
K -1 0 45            
K 2 0 45            
A D 1 16            
H 40 B -43 -8 108 4 22 11 11 33            
J N 5 976 0 2 5185 144 1 41            
K 0 0 43            
A D 1 16            
J N 5 1005 -14 5 5617 144 1 41            
K 0 0 45            
K 0 0 43            
K -1 0 45            
K 2 0 45            
A D 1 16            
J N 5 1034 -7 2 6049 144 1 41            
K 0 0 43            
A D 1 16            
J N 5 1063 -14 5 6481 144 1 41            
K 0 0 45            
K 0 0 43            
K -1 0 45            
K 2 0 45            
A D 1 16            
H 41 B -47 -2 108 4 22 11 11 33            
J B 29 1095 1 82 6913 144 0            
J N 5 1116 0 2 1 0 1 42            
K 0 0 43            
A D 1 16            
J N 5 1145 -14 5 433 144 1 42            
K 0 0 45            
K 0 0 43            
K -1 0 45            
K 2 0 45            
A D 1 16            
J N 5 1174 -7 2 865 144 1 42            
K 0 0 43            
A D 1 16            
J N 5 1203 -14 5 1297 144 1 42            
K 0 0 45            
K 0 0 43            
K -1 0 45            
K 2 0 45            
A D 1 16            
H 42 B -47 -2 108 4 22 11 11 33            
J N 5 1232 0 2 1729 144 1 43            
K 0 0 43            
A D 1 16            
J N 5 1261 -14 5 2161 144 1 43            
K 0 0 45            
K 0 0 43            
K -1 0 45            
K 2 0 45            
A D 1 16            
J N 5 1290 -7 2 2593 144 1 43            
K 0 0 43            
A D 1 16            
J N 5 1319 -14 5 3025 144 1 43            
K 0 0 45            
K 0 0 43            
K -1 0 45            
K 2 0 45            
A D 1 16            
H 43 B -47 -2 108 4 22 11 11 33            
J N 5 1348 0 2 3457 144 1 44            
K 0 0 43            
A D 1 16            
J N 5 1377 -14 5 3889 144 1 44            
K 0 0 45            
K 0 0 43            
K -1 0 45            
K 2 0 45            
A D 1 16            
J N 5 1406 -7 2 4321 144 1 44            
K 0 0 43            
A D 1 16            
J N 5 1435 -14 5 4753 144 1 44            
K 0 0 45            
K 0 0 43            
K -1 0 45            
K 2 0 45            
A D 1 16            
H 44 B -47 -2 108 4 22 11 11 33            
J N 5 1464 0 2 5185 144 1 45            
K 0 0 43            
A D 1 16            
J N 5 1493 -14 5 5617 144 1 45            
K 0 0 45            
K 0 0 43            
K -1 0 45            
K 2 0 45            
A D 1 16            
J N 5 1522 -7 2 6049 144 1 45            
K 0 0 43            
A D 1 16            
J N 5 1551 -14 5 6481 144 1 45            
K 0 0 45            
K 0 0 43            
K -1 0 45            
K 2 0 45            
A D 1 16            
H 45 B -47 -2 108 4 22 11 11 33            
J B 30 1583 1 82 6913 144 0            
J N 5 1604 14 2 1 0 2 46 47            
K 0 0 43            
A D 1 16            
J N 5 1633 7 2 433 144 1 47            
K 0 0 43            
A D 1 16            
J N 6 1662 0 2 865 144 2 47 46            
K 0 0 43            
A D 2 16            
H 47 B -48 -3 108 3 22 31 3            
H 46 S 0 0 0 0 0 0 0 0 0            
J N 6 1720 0 3 1729 288 1 48            
K 0 0 43            
K 24 -6 44            
A D 3 16            
J N 5 1783 7 2 3025 432 1 48            
K 0 0 43            
A D 1 16            
H 48 B -44 2 108 2 2 53            
J N 6 1812 0 2 3457 144 1 49            
K 0 0 43            
A D 2 16            
J N 6 1873 -28 6 4321 288 1 49            
K 0 14 45            
K 0 0 45            
K 0 0 43            
K -1 0 45            
K 2 0 45            
A D 2 16            
H 49 B -48 -9 108 2 2 3            
J N 7 1931 0 4 5185 288 0            
K 0 0 43            
K 0 0 60            
K 0 21 60            
A D 4 16            
J B 31 2050 1 82 6913 576 0            
E *            
L 320 0 0 313 313 * 0 14 0            
J C 22 5 14 36 6913 0 0            
J K -1 57 0 1 6913 0 0            
K 0 42 65            
J D 0 -11 -14 1 6913 0 0            
W 0 0 0 \02\07            
J N 7 113 -7 4 1 0 0            
K 0 0 43            
K 0 0 60            
K 0 21 60            
A D 4 16            
J F 0 233 98 1 1729 576 0            
K 0 0 205            
J N 7 233 0 4 1729 0 0            
K 0 0 43            
K 0 0 60            
K 0 21 60            
A D 4 16            
J N 7 353 -7 4 3457 576 0            
K 0 0 43            
K 0 0 60            
K 0 21 60            
A D 4 16            
J F 0 473 98 1 5185 576 0            
K 0 0 205            
J N 7 473 -7 5 5185 0 0            
K -14 0 64            
K 0 0 43            
K 0 0 60            
K 0 21 60            
A D 4 16            
J B 28 596 1 82 6913 576 0            
J N 7 617 -14 7 1 0 0            
K 0 0 45            
K 0 0 43            
K -1 0 45            
K 2 0 45            
K 0 0 60            
K 0 21 60            
A D 4 16            
J F 0 737 98 1 1729 576 0            
K 0 0 205            
J N 7 737 -7 5 1729 0 0            
K -14 0 64            
K 0 0 43            
K 0 0 60            
K 0 21 60            
A D 4 16            
J N 7 857 -14 7 3457 576 0            
K 0 0 45            
K 0 0 43            
K -1 0 45            
K 2 0 45            
K 0 0 60            
K 0 21 60            
A D 4 16            
J R 7 976 28 2 5185 576 0            
K 0 0 48            
A D 4 16            
J B 29 1095 1 82 6913 576 0            
J R 8 1116 28 2 1 0 0            
K 0 0 47            
A D 8 16            
J R 7 1348 28 2 3457 1152 0            
K 0 0 48            
A D 4 16            
J R 6 1464 28 2 5185 576 0            
K 0 0 49            
A D 2 16            
J F 0 1522 98 1 6049 288 0            
K 0 0 205            
J N 6 1522 0 3 6049 0 0            
K 0 0 43            
K 0 0 54            
A D 2 16            
J B 30 1583 1 82 6913 288 0            
J N 6 1604 -7 2 1 0 1 52            
K 0 0 43            
A D 2 16            
J N 6 1662 14 2 865 288 1 52            
K 0 0 43            
A D 2 16            
J F 0 1720 98 1 1729 288 0            
K 0 0 203            
J N 6 1720 -14 5 1729 0 1 52            
K 0 0 45            
K 0 0 43            
K -1 0 45            
K 2 0 45            
A D 2 16            
J F 0 1762 98 1 2593 288 0            
K 0 0 202            
J N 6 1762 35 2 2593 0 1 52            
K 0 0 43            
A D 2 16            
H 52 B -69 3 108 4 2 1 1 3            
J R 5 1812 28 3 3457 288 0            
K 0 14 49            
K 4 0 50            
A D 1 16            
J N 5 1844 -35 6 3889 144 1 53            
K 0 21 45            
K 0 7 45            
K 0 0 43            
K 0 7 45            
K 1 7 45            
A D 1 16            
J N 5 1873 -28 6 4321 144 1 53            
K 0 14 45            
K 0 0 45            
K 0 0 43            
K -1 0 45            
K 2 0 45            
A D 1 16            
J N 5 1902 -35 6 4753 144 1 53            
K 0 21 45            
K 0 7 45            
K 0 0 43            
K 0 7 45            
K 1 7 45            
A D 1 16            
H 53 B -63 0 108 3 22 11 33            
J N 5 1931 0 2 5185 144 1 54            
K 0 0 43            
A D 1 16            
J N 7 1931 0 4 5185 0 0            
K 0 0 43            
K 0 0 59            
K 0 -14 59            
A D 4 16            
J N 5 1960 -35 6 5617 144 1 54            
K 0 21 45            
K 0 7 45            
K 0 0 43            
K 0 7 45            
K 1 7 45            
A D 1 16            
J N 5 1989 -28 6 6049 144 1 54            
K 0 14 45            
K 0 0 45            
K 0 0 43            
K -1 0 45            
K 2 0 45            
A D 1 16            
J N 5 2018 -35 6 6481 144 1 54            
K 0 21 45            
K 0 7 45            
K 0 0 43            
K 0 7 45            
K 1 7 45            
A D 1 16            
H 54 B -46 -6 108 4 22 11 11 33            
J B 31 2050 1 82 6913 144 0            
E *            
L 530 0 0 313 313 * 0 14 0            
J C 4 5 42 2 6913 0 0            
K 0 0 33            
K 0 0 34            
J K -1 57 0 1 6913 0 0            
K 0 28 65            
J D 0 -11 -14 1 6913 0 0            
W 0 0 0 \02\07            
J R 7 113 28 2 1 0 0            
K 0 0 48            
A D 4 16            
J N 7 233 0 4 1729 576 0            
K 0 0 43            
K 0 0 60            
K 0 21 60            
A D 4 16            
J N 7 353 14 4 3457 576 0            
K 0 0 43            
K 0 0 60            
K 0 21 60            
A D 4 16            
J R 7 473 28 2 5185 576 0            
K 0 0 48            
A D 4 16            
J B 28 596 1 82 6913 576 0            
J R 7 617 28 2 1 0 0            
K 0 0 48            
A D 4 16            
J N 7 737 -7 4 1729 576 0            
K 0 0 43            
K 0 0 60            
K 0 21 60            
A D 4 16            
J N 7 857 7 4 3457 576 0            
K 0 0 43            
K 0 0 60            
K 0 21 60            
A D 4 16            
J R 7 976 28 2 5185 576 0            
K 0 0 48            
A D 4 16            
J B 29 1095 1 82 6913 576 0            
J R 8 1116 28 2 1 0 0            
K 0 0 47            
A D 8 16            
J R 7 1348 28 2 3457 1152 0            
K 0 0 48            
A D 4 16            
J R 6 1464 28 2 5185 576 0            
K 0 0 49            
A D 2 16            
J N 6 1522 -28 8 6049 288 0            
K 0 14 45            
K 0 0 45            
K 0 0 43            
K -1 0 45            
K 2 0 45            
K 0 0 60            
K 0 7 54            
A D 2 16            
J B 30 1583 1 82 6913 288 0            
J N 6 1604 -35 6 1 0 1 34            
K 0 21 45            
K 0 7 45            
K 0 0 43            
K 0 7 45            
K 1 7 45            
A D 2 16            
J N 6 1662 -14 5 865 288 1 34            
K 0 0 45            
K 0 0 43            
K -1 0 45            
K 2 0 45            
A D 2 16            
H 34 B -63 2 108 2 2 3            
J N 7 1720 -7 4 1729 288 0            
K 0 0 43            
K 0 0 60            
K 0 21 60            
A D 4 16            
J N 7 1812 0 4 3457 576 0            
K 0 0 43            
K 0 0 60            
K 0 21 60            
A D 4 16            
J R 7 1931 28 2 5185 576 0            
K 0 0 48            
A D 4 16            
J B 31 2050 1 82 6913 576 0            
E *            
L 690 0 0 313 313 * 0 14 0            
J C 4 5 42 2 6913 0 0            
K 0 0 33            
K 0 0 34            
J K -1 57 0 1 6913 0 0            
K 0 28 65            
J D 0 -11 -14 1 6913 0 0            
W 0 0 0 \02\07            
J R 7 113 28 2 1 0 0            
K 0 0 48            
A D 4 16            
J N 7 233 21 4 1729 576 0            
K 0 0 43            
K 0 0 60            
K 0 21 60            
A D 4 16            
J N 7 353 49 4 3457 576 0            
K 0 0 43            
K 0 0 59            
K 0 -21 59            
A D 4 16            
J R 7 473 28 2 5185 576 0            
K 0 0 48            
A D 4 16            
J B 28 596 1 82 6913 576 0            
J R 7 617 28 2 1 0 0            
K 0 0 48            
A D 4 16            
J N 7 737 14 4 1729 576 0            
K 0 0 43            
K 0 0 60            
K 0 21 60            
A D 4 16            
J N 7 857 49 4 3457 576 0            
K 0 0 43            
K 0 0 59            
K 0 -21 59            
A D 4 16            
J R 7 976 28 2 5185 576 0            
K 0 0 48            
A D 4 16            
J B 29 1095 1 82 6913 576 0            
J R 8 1116 28 2 1 0 0            
K 0 0 47            
A D 8 16            
J R 7 1348 28 2 3457 1152 0            
K 0 0 48            
A D 4 16            
J R 6 1464 28 2 5185 576 0            
K 0 0 49            
A D 2 16            
J N 6 1522 -14 6 6049 288 0            
K 0 0 45            
K 0 0 43            
K -1 0 45            
K 2 0 45            
K 0 0 54            
A D 2 16            
J B 30 1583 1 82 6913 288 0            
J N 5 1604 14 2 1 0 2 36 37            
K 0 0 43            
A D 1 16            
J N 5 1633 7 2 433 144 1 37            
K 0 0 43            
A D 1 16            
J N 6 1662 0 2 865 144 2 37 36            
K 0 0 43            
A D 2 16            
H 37 B -48 -3 108 3 22 31 3            
H 36 S 0 0 0 0 0 0 0 0 0            
J N 6 1720 0 3 1729 288 1 38            
K 0 0 43            
K 24 -6 44            
A D 3 16            
J N 5 1783 7 2 3025 432 1 38            
K 0 0 43            
A D 1 16            
H 38 B -44 2 108 2 2 53            
J N 7 1812 0 4 3457 144 0            
K 0 0 43            
K 0 0 60            
K 0 21 60            
A D 4 16            
J R 7 1931 28 2 5185 576 0            
K 0 0 48            
A D 4 16            
J B 31 2050 1 82 6913 576 0            
E *            
L 850 0 0 313 313 * 0 14 0            
J C 13 5 28 35 6913 0 0            
J K -1 57 0 1 6913 0 0            
K 0 35 65            
J D 0 -11 -14 1 6913 0 0            
W 0 0 0 \02\07            
J R 7 113 28 2 1 0 0            
K 0 0 48            
A D 4 16            
J N 7 233 7 4 1729 576 0            
K 0 0 43            
K 0 0 60            
K 0 21 60            
A D 4 16            
J N 7 353 7 4 3457 576 0            
K 0 0 43            
K 0 0 60            
K 0 21 60            
A D 4 16            
J R 7 473 28 2 5185 576 0            
K 0 0 48            
A D 4 16            
J B 28 596 1 82 6913 576 0            
J R 7 617 28 2 1 0 0            
K 0 0 48            
A D 4 16            
J N 7 737 0 4 1729 576 0            
K 0 0 43            
K 0 0 60            
K 0 21 60            
A D 4 16            
J N 7 857 0 4 3457 576 0            
K 0 0 43            
K 0 0 60            
K 0 21 60            
A D 4 16            
J R 7 976 28 2 5185 576 0            
K 0 0 48            
A D 4 16            
J B 29 1095 1 82 6913 576 0            
J R 8 1116 28 2 1 0 0            
K 0 0 47            
A D 8 16            
J R 7 1348 28 2 3457 1152 0            
K 0 0 48            
A D 4 16            
J R 6 1464 28 2 5185 576 0            
K 0 0 49            
A D 2 16            
J N 6 1522 7 3 6049 288 0            
K 0 0 43            
K 0 0 54            
A D 2 16            
J B 30 1583 1 82 6913 288 0            
J N 6 1604 7 2 1 0 1 17            
K 0 0 43            
A D 2 16            
J N 5 1662 -7 2 865 288 1 17            
K 0 0 43            
A D 1 16            
J N 5 1691 -14 5 1297 144 1 17            
K 0 0 45            
K 0 0 43            
K -1 0 45            
K 2 0 45            
A D 1 16            
H 17 B -51 -4 108 3 2 21 33            
J N 6 1720 -21 6 1729 144 1 18            
K 0 7 45            
K 0 0 43            
K 0 7 45            
K 1 7 45            
K 25 0 44            
A D 3 16            
J N 5 1783 -21 5 3025 432 1 18            
K 0 7 45            
K 0 0 43            
K 0 7 45            
K 1 7 45            
A D 1 16            
H 18 B -50 0 108 2 2 53            
J N 7 1812 -7 4 3457 144 0            
K 0 0 43            
K 0 0 60            
K 0 21 60            
A D 4 16            
J R 7 1931 28 2 5185 576 0            
K 0 0 48            
A D 4 16            
J B 31 2050 1 82 6913 576 0            
E *            
L 1010 0 0 313 313 * 0 14 0            
J C 22 5 14 36 6913 0 0            
J K -1 57 0 1 6913 0 0            
K 0 42 65            
J D 0 -11 -14 1 6913 0 0            
W 0 0 0 \02\07            
J R 7 113 28 2 1 0 0            
K 0 0 48            
A D 4 16            
J F 0 233 98 1 1729 576 0            
K 0 0 205            
J N 7 233 49 4 1729 0 0            
K 0 0 43            
K 0 0 59            
K 0 -21 59            
A D 4 16            
J N 7 353 42 4 3457 576 0            
K 0 0 43            
K 0 0 59            
K 0 -21 59            
A D 4 16            
J R 7 473 28 2 5185 576 0            
K 0 0 48            
A D 4 16            
J B 28 596 1 82 6913 576 0            
J R 7 617 28 2 1 0 0            
K 0 0 48            
A D 4 16            
J F 0 737 98 1 1729 576 0            
K 0 0 205            
J N 7 737 42 5 1729 0 0            
K -14 0 64            
K 0 0 43            
K 0 0 59            
K 0 -21 59            
A D 4 16            
J N 7 857 35 4 3457 576 0            
K 0 0 43            
K 0 0 59            
K 0 -21 59            
A D 4 16            
J R 7 976 28 2 5185 576 0            
K 0 0 48            
A D 4 16            
J B 29 1095 1 82 6913 576 0            
J R 8 1116 28 2 1 0 0            
K 0 0 47            
A D 8 16            
J R 7 1348 28 2 3457 1152 0            
K 0 0 48            
A D 4 16            
J R 6 1464 28 2 5185 576 0            
K 0 0 49            
A D 2 16            
J F 0 1522 98 1 6049 288 0            
K 0 0 205            
J N 6 1522 0 3 6049 0 0            
K 0 0 43            
K 0 0 54            
A D 2 16            
J B 30 1583 1 82 6913 288 0            
J N 6 1604 -7 2 1 0 1 28            
K 0 0 43            
A D 2 16            
J N 6 1662 14 2 865 288 1 28            
K 0 0 43            
A D 2 16            
J F 0 1720 98 1 1729 288 0            
K 0 0 203            
J N 6 1720 -14 5 1729 0 1 28            
K 0 0 45            
K 0 0 43            
K -1 0 45            
K 2 0 45            
A D 2 16            
J F 0 1762 98 1 2593 288 0            
K 0 0 202            
J N 6 1762 35 2 2593 0 1 28            
K 0 0 43            
A D 2 16            
H 28 B -69 3 108 4 2 1 1 3            
J N 7 1812 14 4 3457 288 0            
K 0 0 43            
K 0 0 60            
K 0 21 60            
A D 4 16            
J R 7 1931 28 2 5185 576 0            
K 0 0 48            
A D 4 16            
J B 31 2050 1 82 6913 576 0            
E *            
B 1 596 0            
B 1 1095 0            
B 1 1583 0            
B 1 2050 0            
S 0 200 1510 2050 1066 7 "[...][....]"            
L 0 0 0 313 313 * 0 14 0            
J C 4 5 42 2 6913 0 0            
K 0 0 33            
K 0 0 34            
J K -1 57 0 1 6913 0 0            
K 0 28 65            
J D 0 -11 -14 1 6913 0 0            
W 0 0 37 \03\01            
J N 7 113 0 4 1 0 0            
K 0 0 43            
K 0 0 60            
K 0 21 60            
A D 4 16            
J R 6 213 28 2 1729 576 0            
K 0 0 49            
A D 2 16            
J N 6 263 -28 8 2593 288 0            
K 0 14 45            
K 0 0 45            
K 0 0 43            
K -1 0 45            
K 2 0 45            
K 0 0 60            
K 0 7 54            
A D 2 16            
J N 7 313 0 4 3457 288 0            
K 0 0 43            
K 0 0 60            
K 0 21 60            
A D 4 16            
J R 6 413 28 2 5185 576 0            
K 0 0 49            
A D 2 16            
J N 6 463 -28 8 6049 288 0            
K 0 14 45            
K 0 0 45            
K 0 0 43            
K -1 0 45            
K 2 0 45            
K 0 0 60            
K 0 7 54            
A D 2 16            
J B 32 519 1 82 6913 288 0            
J N 6 540 -7 2 1 0 1 69            
K 0 0 43            
A D 2 16            
J N 5 590 -14 5 865 288 2 70 69            
K 0 0 45            
K 0 0 43            
K -1 0 45            
K 2 0 45            
A D 1 16            
J N 5 615 -21 5 1297 144 2 69 70            
K 0 7 45            
K 0 0 43            
K 0 7 45            
K 1 7 45            
A D 1 16            
H 69 B -41 -2 108 3 2 21 33            
H 70 S 0 0 0 0 0 0 0 0 0            
J N 7 640 -7 4 1729 144 0            
K 0 0 43            
K 0 0 60            
K 0 21 60            
A D 4 16            
J N 7 740 0 4 3457 576 0            
K 0 0 43            
K 0 0 60            
K 0 21 60            
A D 4 16            
J R 6 840 28 2 5185 576 0            
K 0 0 49            
A D 2 16            
J N 6 890 -28 8 6049 288 0            
K 0 14 45            
K 0 0 45            
K 0 0 43            
K -1 0 45            
K 2 0 45            
K 0 0 60            
K 0 7 54            
A D 2 16            
J B 33 946 1 82 6913 288 0            
J N 7 967 0 4 1 0 0            
K 0 0 43            
K 0 0 60            
K 0 21 60            
A D 4 16            
J R 6 1067 28 2 1729 576 0            
K 0 0 49            
A D 2 16            
J N 6 1117 -28 8 2593 288 0            
K 0 14 45            
K 0 0 45            
K 0 0 43            
K -1 0 45            
K 2 0 45            
K 0 0 60            
K 0 7 54            
A D 2 16            
J N 7 1168 0 4 3457 288 0            
K 0 0 43            
K 0 0 60            
K 0 21 60            
A D 4 16            
J R 6 1272 28 2 5185 576 0            
K 0 0 49            
A D 2 16            
J N 6 1324 -28 8 6049 288 0            
K 0 14 45            
K 0 0 45            
K 0 0 43            
K -1 0 45            
K 2 0 45            
K 0 0 60            
K 0 7 54            
A D 2 16            
J B 34 1381 1 82 6913 288 0            
J N 6 1402 -7 2 1 0 1 71            
K 0 0 43            
A D 2 16            
J N 5 1454 -14 5 865 288 2 72 71            
K 0 0 45            
K 0 0 43            
K -1 0 45            
K 2 0 45            
A D 1 16            
J N 5 1480 -21 5 1297 144 2 71 72            
K 0 7 45            
K 0 0 43            
K 0 7 45            
K 1 7 45            
A D 1 16            
H 71 B -41 -2 108 3 2 21 33            
H 72 S 0 0 0 0 0 0 0 0 0            
J N 7 1506 -7 4 1729 144 0            
K 0 0 43            
K 0 0 60            
K 0 21 60            
A D 4 16            
J N 6 1610 0 2 3457 576 1 73            
K 0 0 43            
A D 2 16            
J N 6 1645 49 2 4321 288 1 73            
K 0 0 43            
A D 2 16            
H 73 B -80 4 108 2 2 3            
J N 7 1680 28 4 5185 288 1 74            
K 0 0 43            
K 0 0 59            
K 0 -14 59            
A D 4 16            
J B 35 1758 1 82 6913 576 0            
J N 6 1779 28 2 1 0 2 75 74            
K 0 0 43            
A D 2 16            
H 74 T 28 0 0 0 0 0 13 0            
J N 6 1818 35 2 865 288 1 75            
K 0 0 43            
A D 2 16            
H 75 B 47 3 108 2 2 3            
J N 7 1870 42 4 1729 288 0            
K 0 0 43            
K 0 0 59            
K 0 -21 59            
A D 4 16            
J N 8 1950 49 4 3457 576 0            
K 0 0 42            
K 0 0 59            
K 0 -21 59            
A D 8 16            
J B 0 2050 6 4 6913 1152 0            
K -23 21 44            
K -23 35 44            
K -13 0 82            
K -6 0 84            
E *            
L 160 0 0 313 313 * 0 14 0            
J C 4 5 42 2 6913 0 0            
K 0 0 33            
K 0 0 34            
J K -1 57 0 1 6913 0 0            
K 0 28 65            
J D 0 -11 -14 1 6913 0 0            
W 0 0 0 \03\01            
J R 6 113 28 2 1 0 0            
K 0 0 49            
A D 2 16            
J N 6 163 -28 8 865 288 0            
K 0 14 45            
K 0 0 45            
K 0 0 43            
K -1 0 45            
K 2 0 45            
K 0 0 60            
K 0 7 54            
A D 2 16            
J N 7 213 0 4 1729 288 0            
K 0 0 43            
K 0 0 60            
K 0 21 60            
A D 4 16            
J R 6 313 28 2 3457 576 0            
K 0 0 49            
A D 2 16            
J N 6 363 -28 6 4321 288 1 50            
K 0 14 45            
K 0 0 45            
K 0 0 43            
K -1 0 45            
K 2 0 45            
A D 2 16            
J N 6 413 0 2 5185 288 1 50            
K 0 0 43            
A D 2 16            
J N 6 463 -14 5 6049 288 1 50            
K 0 0 45            
K 0 0 43            
K -1 0 45            
K 2 0 45            
A D 2 16            
H 50 B -74 0 108 3 2 1 3            
J B 32 519 1 82 6913 288 0            
J N 5 540 14 2 1 0 2 51 52            
K 0 0 43            
A D 1 16            
J N 5 565 7 2 433 144 1 52            
K 0 0 43            
A D 1 16            
J N 6 590 0 2 865 144 2 52 51            
K 0 0 43            
A D 2 16            
H 52 B -48 -3 108 3 22 31 3            
H 51 S 0 0 0 0 0 0 0 0 0            
J N 6 640 0 3 1729 288 1 53            
K 0 0 43            
K 24 -6 44            
A D 3 16            
J N 5 715 7 2 3025 432 1 53            
K 0 0 43            
A D 1 16            
H 53 B -45 1 108 2 2 53            
J N 6 740 0 2 3457 144 1 54            
K 0 0 43            
A D 2 16            
J N 6 790 -28 6 4321 288 1 54            
K 0 14 45            
K 0 0 45            
K 0 0 43            
K -1 0 45            
K 2 0 45            
A D 2 16            
H 54 B -48 -11 108 2 2 3            
J N 7 840 0 4 5185 288 0            
K 0 0 43            
K 0 0 60            
K 0 21 60            
A D 4 16            
J B 33 946 1 82 6913 576 0            
J R 6 967 28 2 1 0 0            
K 0 0 49            
A D 2 16            
J N 6 1017 -28 8 865 288 0            
K 0 14 45            
K 0 0 45            
K 0 0 43            
K -1 0 45            
K 2 0 45            
K 0 0 60            
K 0 7 54            
A D 2 16            
J N 7 1067 0 4 1729 288 0            
K 0 0 43            
K 0 0 60            
K 0 21 60            
A D 4 16            
J R 6 1168 28 2 3457 576 0            
K 0 0 49            
A D 2 16            
J N 6 1220 -28 6 4321 288 1 55            
K 0 14 45            
K 0 0 45            
K 0 0 43            
K -1 0 45            
K 2 0 45            
A D 2 16            
J N 6 1272 0 2 5185 288 1 55            
K 0 0 43            
A D 2 16            
J N 6 1324 -14 5 6049 288 1 55            
K 0 0 45            
K 0 0 43            
K -1 0 45            
K 2 0 45            
A D 2 16            
H 55 B -74 0 108 3 2 1 3            
J B 34 1381 1 82 6913 288 0            
J N 5 1402 14 2 1 0 2 56 57            
K 0 0 43            
A D 1 16            
J N 5 1428 7 2 433 144 1 57            
K 0 0 43            
A D 1 16            
J N 6 1454 0 2 865 144 2 57 56            
K 0 0 43            
A D 2 16            
H 57 B -48 -3 108 3 22 31 3            
H 56 S 0 0 0 0 0 0 0 0 0            
J N 6 1506 0 3 1729 288 1 58            
K 0 0 43            
K 24 -6 44            
A D 3 16            
J N 5 1584 7 2 3025 432 1 58            
K 0 0 43            
A D 1 16            
H 58 B -45 1 108 2 2 53            
J N 7 1610 0 4 3457 144 0            
K 0 0 43            
K 0 0 60            
K 0 21 60            
A D 4 16            
J R 6 1680 28 2 5185 576 0            
K 0 0 49            
A D 2 16            
J N 6 1715 14 3 6049 288 0            
K 0 0 43            
K 0 0 54            
A D 2 16            
J B 35 1758 1 82 6913 288 0            
J N 6 1779 56 3 1 0 0            
K 0 0 43            
K 0 0 53            
A D 2 16            
J N 7 1818 49 4 865 288 0            
K 0 0 43            
K 0 0 59            
K 0 -21 59            
A D 4 16            
J N 6 1905 56 3 2593 576 0            
K 0 0 43            
K 0 0 53            
A D 2 16            
J N 8 1950 49 4 3457 288 0            
K 0 0 42            
K 0 0 59            
K 0 -21 59            
A D 8 16            
J B 0 2050 6 4 6913 1152 0            
K -23 21 44            
K -23 35 44            
K -13 0 82            
K -6 0 84            
E *            
L 320 0 0 313 313 * 0 14 0            
J C 22 5 14 36 6913 0 0            
J K -1 57 0 1 6913 0 0            
K 0 42 65            
J D 0 -11 -14 1 6913 0 0            
W 0 0 0 \03\01            
J N 5 113 -7 2 1 0 1 55            
K 0 0 43            
A D 1 16            
J N 7 113 -7 4 1 0 0            
K 0 0 43            
K 0 0 59            
K 0 -14 59            
A D 4 16            
J N 5 138 -35 6 433 144 1 55            
K 0 21 45            
K 0 7 45            
K 0 0 43            
K 0 7 45            
K 1 7 45            
A D 1 16            
J N 5 163 -28 6 865 144 1 55            
K 0 14 45            
K 0 0 45            
K 0 0 43            
K -1 0 45            
K 2 0 45            
A D 1 16            
J N 5 188 -35 6 1297 144 1 55            
K 0 21 45            
K 0 7 45            
K 0 0 43            
K 0 7 45            
K 1 7 45            
A D 1 16            
H 55 B -53 -7 108 4 22 11 11 33            
J N 5 213 -14 5 1729 144 1 56            
K 0 0 45            
K 0 0 43            
K -1 0 45            
K 2 0 45            
A D 1 16            
J N 7 213 -14 7 1729 0 0            
K 1 0 45            
K 0 0 43            
K -1 0 45            
K 2 0 45            
K 0 0 59            
K 0 -7 59            
A D 4 16            
J N 5 238 -35 6 2161 144 1 56            
K 0 21 45            
K 0 7 45            
K 0 0 43            
K 0 7 45            
K 1 7 45            
A D 1 16            
J N 5 263 -28 6 2593 144 1 56            
K 0 14 45            
K 0 0 45            
K 0 0 43            
K -1 0 45            
K 2 0 45            
A D 1 16            
J N 5 288 -35 6 3025 144 1 56            
K 0 21 45            
K 0 7 45            
K 0 0 43            
K 0 7 45            
K 1 7 45            
A D 1 16            
H 56 B -47 -2 108 4 22 11 11 33            
J N 5 313 -21 5 3457 144 1 57            
K 0 7 45            
K 0 0 43            
K 0 7 45            
K 1 7 45            
A D 1 16            
J N 7 313 -21 7 3457 0 0            
K 1 7 45            
K 0 0 43            
K 0 7 45            
K 1 7 45            
K 0 0 59            
K 0 -7 59            
A D 4 16            
J N 5 338 -35 6 3889 144 1 57            
K 0 21 45            
K 0 7 45            
K 0 0 43            
K 0 7 45            
K 1 7 45            
A D 1 16            
J N 5 363 -28 6 4321 144 1 57            
K 0 14 45            
K 0 0 45            
K 0 0 43            
K -1 0 45            
K 2 0 45            
A D 1 16            
J N 5 388 -35 6 4753 144 1 57            
K 0 21 45            
K 0 7 45            
K 0 0 43            
K 0 7 45            
K 1 7 45            
A D 1 16            
H 57 B -54 -2 108 4 22 11 11 33            
J N 5 413 0 2 5185 144 1 58            
K 0 0 43            
A D 1 16            
J N 7 413 0 4 5185 0 0            
K 0 0 43            
K 0 0 59            
K 0 -14 59            
A D 4 16            
J N 5 438 -35 6 5617 144 1 58            
K 0 21 45            
K 0 7 45            
K 0 0 43            
K 0 7 45            
K 1 7 45            
A D 1 16            
J N 5 463 -28 6 6049 144 1 58            
K 0 14 45            
K 0 0 45            
K 0 0 43            
K -1 0 45            
K 2 0 45            
A D 1 16            
J N 5 488 -35 6 6481 144 1 58            
K 0 21 45            
K 0 7 45            
K 0 0 43            
K 0 7 45            
K 1 7 45            
A D 1 16            
H 58 B -46 -7 108 4 22 11 11 33            
J B 32 519 1 82 6913 144 0            
J N 5 540 -7 2 1 0 1 59            
K 0 0 43            
A D 1 16            
J N 7 540 -7 4 1 0 0            
K 0 0 43            
K 0 0 59            
K 0 -14 59            
A D 4 16            
J N 5 565 -35 6 433 144 1 59            
K 0 21 45            
K 0 7 45            
K 0 0 43            
K 0 7 45            
K 1 7 45            
A D 1 16            
J N 5 590 -28 6 865 144 1 59            
K 0 14 45            
K 0 0 45            
K 0 0 43            
K -1 0 45            
K 2 0 45            
A D 1 16            
J N 5 615 -35 6 1297 144 1 59            
K 0 21 45            
K 0 7 45            
K 0 0 43            
K 0 7 45            
K 1 7 45            
A D 1 16            
H 59 B -53 -7 108 4 22 11 11 33            
J N 5 640 -14 5 1729 144 1 60            
K 0 0 45            
K 0 0 43            
K -1 0 45            
K 2 0 45            
A D 1 16            
J N 7 640 -14 7 1729 0 0            
K 1 0 45            
K 0 0 43            
K -1 0 45            
K 2 0 45            
K 0 0 59            
K 0 -7 59            
A D 4 16            
J N 5 665 -35 6 2161 144 1 60            
K 0 21 45            
K 0 7 45            
K 0 0 43            
K 0 7 45            
K 1 7 45            
A D 1 16            
J N 5 690 -28 6 2593 144 1 60            
K 0 14 45            
K 0 0 45            
K 0 0 43            
K -1 0 45            
K 2 0 45            
A D 1 16            
J N 5 715 -35 6 3025 144 1 60            
K 0 21 45            
K 0 7 45            
K 0 0 43            
K 0 7 45            
K 1 7 45            
A D 1 16            
H 60 B -47 -2 108 4 22 11 11 33            
J N 5 740 14 2 3457 144 1 61            
K 0 0 43            
A D 1 16            
J N 5 765 14 2 3889 144 1 61            
K 0 0 43            
A D 1 16            
J N 5 790 21 2 4321 144 1 61            
K 0 0 43            
A D 1 16            
J N 5 815 14 2 4753 144 1 61            
K 0 0 43            
A D 1 16            
H 61 B -57 0 108 4 22 11 11 33            
J N 5 840 49 2 5185 144 1 62            
K 0 0 43            
A D 1 16            
J N 7 840 49 4 5185 0 0            
K 0 0 43            
K 0 0 59            
K 0 -21 59            
A D 4 16            
J N 5 865 14 2 5617 144 1 62            
K 0 0 43            
A D 1 16            
J N 5 890 21 2 6049 144 1 62            
K 0 0 43            
A D 1 16            
J N 5 915 14 2 6481 144 1 62            
K 0 0 43            
A D 1 16            
H 62 B -45 -9 108 4 22 11 11 33            
J B 33 946 1 82 6913 144 0            
J N 5 967 42 2 1 0 1 63            
K 0 0 43            
A D 1 16            
J N 7 967 42 4 1 0 0            
K 0 0 43            
K 0 0 59            
K 0 -21 59            
A D 4 16            
J N 5 992 14 2 433 144 1 63            
K 0 0 43            
A D 1 16            
J N 5 1017 21 2 865 144 1 63            
K 0 0 43            
A D 1 16            
J N 5 1042 14 2 1297 144 1 63            
K 0 0 43            
A D 1 16            
H 63 B -46 -7 108 4 22 11 11 33            
J N 5 1067 35 2 1729 144 1 64            
K 0 0 43            
A D 1 16            
J N 7 1067 35 4 1729 0 0            
K 0 0 43            
K 0 0 59            
K 0 -21 59            
A D 4 16            
J N 5 1092 14 2 2161 144 1 64            
K 0 0 43            
A D 1 16            
J N 5 1117 21 2 2593 144 1 64            
K 0 0 43            
A D 1 16            
J N 5 1142 14 2 3025 144 1 64            
K 0 0 43            
A D 1 16            
H 64 B -51 -5 108 4 22 11 11 33            
J N 5 1168 28 2 3457 144 1 65            
K 0 0 43            
A D 1 16            
J N 7 1168 28 4 3457 0 0            
K 0 0 43            
K 0 0 59            
K 0 -14 59            
A D 4 16            
J N 5 1194 14 2 3889 144 1 65            
K 0 0 43            
A D 1 16            
J N 5 1220 21 2 4321 144 1 65            
K 0 0 43            
A D 1 16            
J N 5 1246 14 2 4753 144 1 65            
K 0 0 43            
A D 1 16            
H 65 B -47 -2 108 4 22 11 11 33            
J N 5 1272 49 2 5185 144 1 66            
K 0 0 43            
A D 1 16            
J N 7 1272 49 4 5185 0 0            
K 0 0 43            
K 0 0 59            
K 0 -21 59            
A D 4 16            
J N 5 1298 14 2 5617 144 1 66            
K 0 0 43            
A D 1 16            
J N 5 1324 21 2 6049 144 1 66            
K 0 0 43            
A D 1 16            
J N 5 1350 14 2 6481 144 1 66            
K 0 0 43            
A D 1 16            
H 66 B -45 -8 108 4 22 11 11 33            
J B 34 1381 1 82 6913 144 0            
J N 7 1402 42 4 1 0 0            
K 0 0 43            
K 0 0 59            
K 0 -21 59            
A D 4 16            
J N 5 1402 42 2 1 0 1 67            
K 0 0 43            
A D 1 16            
J N 5 1428 14 2 433 144 1 67            
K 0 0 43            
A D 1 16            
J N 5 1454 21 2 865 144 1 67            
K 0 0 43            
A D 1 16            
J N 5 1480 14 2 1297 144 1 67            
K 0 0 43            
A D 1 16            
H 67 B -47 -7 108 4 22 11 11 33            
J N 7 1506 35 4 1729 144 0            
K 0 0 43            
K 0 0 59            
K 0 -21 59            
A D 4 16            
J N 5 1506 35 2 1729 0 1 68            
K 0 0 43            
A D 1 16            
J N 5 1532 14 2 2161 144 1 68            
K 0 0 43            
A D 1 16            
J N 5 1558 21 2 2593 144 1 68            
K 0 0 43            
A D 1 16            
J N 5 1584 14 2 3025 144 1 68            
K 0 0 43            
A D 1 16            
H 68 B -51 -5 108 4 22 11 11 33            
J N 7 1610 63 4 3457 144 0            
K 0 0 43            
K 0 0 59            
K 0 -21 59            
A D 4 16            
J R 6 1680 28 2 5185 576 0            
K 0 0 49            
A D 2 16            
J N 6 1715 42 3 6049 288 0            
K 0 0 43            
K 0 0 53            
A D 2 16            
J B 35 1758 1 82 6913 288 0            
J F 0 1779 98 1 1 0 0            
K 0 0 206            
J N 6 1779 35 2 1 0 1 69            
K 0 0 43            
A D 2 16            
J N 6 1818 63 2 865 288 1 69            
K 0 0 43            
A D 2 16            
J F 0 1870 98 1 1729 288 0            
K 0 0 203            
J N 6 1870 35 2 1729 0 1 69            
K 0 0 43            
A D 2 16            
J F 0 1905 114 1 2593 288 0            
K 0 0 202            
J N 6 1905 84 6 2593 0 1 69            
K 1 -14 45            
K 1 0 45            
K 0 0 43            
K -1 0 45            
K 2 0 45            
A D 2 16            
H 69 B 52 3 108 4 2 1 1 3            
J N 8 1950 63 4 3457 288 0            
K 0 0 42            
K 0 0 59            
K 0 -21 59            
A D 8 16            
J B 0 2050 6 4 6913 1152 0            
K -23 21 44            
K -23 35 44            
K -13 0 82            
K -6 0 84            
E *            
L 530 0 0 313 313 * 0 14 0            
J C 4 5 42 2 6913 0 0            
K 0 0 33            
K 0 0 34            
J K -1 57 0 1 6913 0 0            
K 0 28 65            
J D 0 -11 -14 1 6913 0 0            
W 0 0 0 \03\01            
J R 8 113 28 2 1 0 0            
K 0 0 47            
A D 8 16            
J R 7 313 28 2 3457 1152 0            
K 0 0 48            
A D 4 16            
J R 6 413 28 2 5185 576 0            
K 0 0 49            
A D 2 16            
J N 6 463 -28 8 6049 288 0            
K 0 14 45            
K 0 0 45            
K 0 0 43            
K -1 0 45            
K 2 0 45            
K 0 0 60            
K 0 7 54            
A D 2 16            
J B 32 519 1 82 6913 288 0            
J N 6 540 -7 2 1 0 1 35            
K 0 0 43            
A D 2 16            
J N 5 590 -14 5 865 288 2 36 35            
K 0 0 45            
K 0 0 43            
K -1 0 45            
K 2 0 45            
A D 1 16            
J N 5 615 -21 5 1297 144 2 35 36            
K 0 7 45            
K 0 0 43            
K 0 7 45            
K 1 7 45            
A D 1 16            
H 35 B -41 -2 108 3 2 21 33            
H 36 S 0 0 0 0 0 0 0 0 0            
J N 7 640 -7 4 1729 144 0            
K 0 0 43            
K 0 0 60            
K 0 21 60            
A D 4 16            
J N 7 740 0 4 3457 576 0            
K 0 0 43            
K 0 0 60            
K 0 21 60            
A D 4 16            
J R 7 840 28 2 5185 576 0            
K 0 0 48            
A D 4 16            
J B 33 946 1 82 6913 576 0            
J R 8 967 28 2 1 0 0            
K 0 0 47            
A D 8 16            
J R 7 1168 28 2 3457 1152 0            
K 0 0 48            
A D 4 16            
J R 6 1272 28 2 5185 576 0            
K 0 0 49            
A D 2 16            
J N 6 1324 -28 8 6049 288 0            
K 0 14 45            
K 0 0 45            
K 0 0 43            
K -1 0 45            
K 2 0 45            
K 0 0 60            
K 0 7 54            
A D 2 16            
J B 34 1381 1 82 6913 288 0            
J N 6 1402 -7 2 1 0 1 37            
K 0 0 43            
A D 2 16            
J N 5 1454 -14 5 865 288 2 38 37            
K 0 0 45            
K 0 0 43            
K -1 0 45            
K 2 0 45            
A D 1 16            
J N 5 1480 -21 5 1297 144 2 37 38            
K 0 7 45            
K 0 0 43            
K 0 7 45            
K 1 7 45            
A D 1 16            
H 37 B -41 -2 108 3 2 21 33            
H 38 S 0 0 0 0 0 0 0 0 0            
J N 7 1506 -7 4 1729 144 0            
K 0 0 43            
K 0 0 60            
K 0 21 60            
A D 4 16            
J N 6 1610 0 2 3457 576 1 39            
K 0 0 43            
A D 2 16            
J N 6 1645 49 2 4321 288 1 39            
K 0 0 43            
A D 2 16            
H 39 B -80 4 108 2 2 3            
J N 7 1680 28 4 5185 288 1 40            
K 0 0 43            
K 0 0 59            
K 0 -14 59            
A D 4 16            
J B 35 1758 1 82 6913 576 0            
J N 6 1779 28 2 1 0 2 41 40            
K 0 0 43            
A D 2 16            
H 40 T 28 0 0 0 0 0 13 0            
J N 6 1818 35 2 865 288 1 41            
K 0 0 43            
A D 2 16            
H 41 B 47 3 108 2 2 3            
J N 7 1870 42 4 1729 288 0            
K 0 0 43            
K 0 0 59            
K 0 -21 59            
A D 4 16            
J N 8 1950 49 4 3457 576 0            
K 0 0 42            
K 0 0 59            
K 0 -21 59            
A D 8 16            
J B 0 2050 6 4 6913 1152 0            
K -23 21 44            
K -23 35 44            
K -13 0 82            
K -6 0 84            
E *            
L 690 0 0 313 313 * 0 14 0            
J C 4 5 42 2 6913 0 0            
K 0 0 33            
K 0 0 34            
J K -1 57 0 1 6913 0 0            
K 0 28 65            
J D 0 -11 -14 1 6913 0 0            
W 0 0 0 \03\01            
J R 8 113 28 2 1 0 0            
K 0 0 47            
A D 8 16            
J R 7 313 28 2 3457 1152 0            
K 0 0 48            
A D 4 16            
J R 6 413 28 2 5185 576 0            
K 0 0 49            
A D 2 16            
J N 6 463 -14 6 6049 288 0            
K 0 0 45            
K 0 0 43            
K -1 0 45            
K 2 0 45            
K 0 0 54            
A D 2 16            
J B 32 519 1 82 6913 288 0            
J N 5 540 14 2 1 0 2 39 40            
K 0 0 43            
A D 1 16            
J N 5 565 7 2 433 144 1 40            
K 0 0 43            
A D 1 16            
J N 6 590 0 2 865 144 2 40 39            
K 0 0 43            
A D 2 16            
H 40 B -48 -3 108 3 22 31 3            
H 39 S 0 0 0 0 0 0 0 0 0            
J N 6 640 0 3 1729 288 1 41            
K 0 0 43            
K 24 -6 44            
A D 3 16            
J N 5 715 7 2 3025 432 1 41            
K 0 0 43            
A D 1 16            
H 41 B -45 1 108 2 2 53            
J N 7 740 0 4 3457 144 0            
K 0 0 43            
K 0 0 60            
K 0 21 60            
A D 4 16            
J R 7 840 28 2 5185 576 0            
K 0 0 48            
A D 4 16            
J B 33 946 1 82 6913 576 0            
J R 8 967 28 2 1 0 0            
K 0 0 47            
A D 8 16            
J R 7 1168 28 2 3457 1152 0            
K 0 0 48            
A D 4 16            
J R 6 1272 28 2 5185 576 0            
K 0 0 49            
A D 2 16            
J N 6 1324 -14 6 6049 288 0            
K 0 0 45            
K 0 0 43            
K -1 0 45            
K 2 0 45            
K 0 0 54            
A D 2 16            
J B 34 1381 1 82 6913 288 0            
J N 5 1402 14 2 1 0 2 42 43            
K 0 0 43            
A D 1 16            
J N 5 1428 7 2 433 144 1 43            
K 0 0 43            
A D 1 16            
J N 6 1454 0 2 865 144 2 43 42            
K 0 0 43            
A D 2 16            
H 43 B -48 -3 108 3 22 31 3            
H 42 S 0 0 0 0 0 0 0 0 0            
J N 6 1506 0 3 1729 288 1 44            
K 0 0 43            
K 24 -6 44            
A D 3 16            
J N 5 1584 7 2 3025 432 1 44            
K 0 0 43            
A D 1 16            
H 44 B -45 1 108 2 2 53            
J N 7 1610 0 4 3457 144 0            
K 0 0 43            
K 0 0 60            
K 0 21 60            
A D 4 16            
J R 6 1680 28 2 5185 576 0            
K 0 0 49            
A D 2 16            
J N 6 1715 14 3 6049 288 0            
K 0 0 43            
K 0 0 54            
A D 2 16            
J B 35 1758 1 82 6913 288 0            
J N 6 1779 56 3 1 0 0            
K 0 0 43            
K 0 0 53            
A D 2 16            
J N 7 1818 49 4 865 288 0            
K 0 0 43            
K 0 0 59            
K 0 -21 59            
A D 4 16            
J N 6 1905 56 3 2593 576 0            
K 0 0 43            
K 0 0 53            
A D 2 16            
J N 8 1950 49 4 3457 288 0            
K 0 0 42            
K 0 0 59            
K 0 -21 59            
A D 8 16            
J B 0 2050 6 4 6913 1152 0            
K -23 21 44            
K -23 35 44            
K -13 0 82            
K -6 0 84            
E *            
L 850 0 0 313 313 * 0 14 0            
J C 13 5 28 35 6913 0 0            
J K -1 57 0 1 6913 0 0            
K 0 35 65            
J D 0 -11 -14 1 6913 0 0            
W 0 0 0 \03\01            
J R 8 113 28 2 1 0 0            
K 0 0 47            
A D 8 16            
J R 7 313 28 2 3457 1152 0            
K 0 0 48            
A D 4 16            
J R 6 413 28 2 5185 576 0            
K 0 0 49            
A D 2 16            
J N 6 463 7 3 6049 288 0            
K 0 0 43            
K 0 0 54            
A D 2 16            
J B 32 519 1 82 6913 288 0            
J N 7 540 7 4 1 0 0            
K 0 0 43            
K 0 0 60            
K 0 21 60            
A D 4 16            
J R 6 640 28 2 1729 576 0            
K 0 0 49            
A D 2 16            
J N 6 690 28 3 2593 288 0            
K 0 0 43            
K 0 0 54            
A D 2 16            
J N 7 740 42 4 3457 288 0            
K 0 0 43            
K 0 0 59            
K 0 -21 59            
A D 4 16            
J R 7 840 28 2 5185 576 0            
K 0 0 48            
A D 4 16            
J B 33 946 1 82 6913 576 0            
J R 8 967 28 2 1 0 0            
K 0 0 47            
A D 8 16            
J R 7 1168 28 2 3457 1152 0            
K 0 0 48            
A D 4 16            
J R 6 1272 28 2 5185 576 0            
K 0 0 49            
A D 2 16            
J N 6 1324 7 3 6049 288 0            
K 0 0 43            
K 0 0 54            
A D 2 16            
J B 34 1381 1 82 6913 288 0            
J N 7 1402 7 4 1 0 0            
K 0 0 43            
K 0 0 60            
K 0 21 60            
A D 4 16            
J R 6 1506 28 2 1729 576 0            
K 0 0 49            
A D 2 16            
J N 6 1558 28 3 2593 288 0            
K 0 0 43            
K 0 0 54            
A D 2 16            
J N 7 1610 42 4 3457 288 0            
K 0 0 43            
K 0 0 59            
K 0 -21 59            
A D 4 16            
J R 6 1680 28 2 5185 576 0            
K 0 0 49            
A D 2 16            
J N 6 1715 21 3 6049 288 0            
K 0 0 43            
K 0 0 54            
A D 2 16            
J B 35 1758 1 82 6913 288 0            
J N 6 1779 49 2 1 0 1 19            
K 0 0 43            
A D 2 16            
J N 5 1818 42 2 865 288 1 19            
K 0 0 43            
A D 1 16            
J N 5 1844 35 2 1297 144 1 19            
K 0 0 43            
A D 1 16            
H 19 B 50 -2 108 3 2 21 33            
J N 6 1870 28 3 1729 144 1 20            
K 0 0 43            
K 24 -6 44            
A D 3 16            
J N 5 1924 28 2 3025 432 1 20            
K 0 0 43            
A D 1 16            
H  20 B 45 0 108 2 2 53            
J N 8 1950 42 4 3457 144 0            
K 0 0 42            
K 0 0 59            
K 0 -21 59            
A D 8 16            
J B 0 2050 6 4 6913 1152 0            
K -23 21 44            
K -23 35 44            
K -13 0 82            
K -6 0 84            
E *            
L 1010 0 0 313 313 * 0 14 0            
J C 22 5 14 36 6913 0 0            
J K -1 57 0 1 6913 0 0            
K 0 42 65            
J D 0 -11 -14 1 6913 0 0            
W 0 0 0 \03\01            
J R 8 113 28 2 1 0 0            
K 0 0 47            
A D 8 16            
J R 7 313 28 2 3457 1152 0            
K 0 0 48            
A D 4 16            
J R 6 413 28 2 5185 576 0            
K 0 0 49            
A D 2 16            
J F 0 463 98 1 6049 288 0            
K 0 0 205            
J N 6 463 0 3 6049 0 0            
K 0 0 43            
K 0 0 54            
A D 2 16            
J B 32 519 1 82 6913 288 0            
J F 0 540 98 2 1 0 0            
K 0 0 205            
K 0 21 204            
J N 6 540 -7 2 1 0 1 29            
K 0 0 43            
A D 2 16            
J N 6 590 14 2 865 288 1 29            
K 0 0 43            
A D 2 16            
J F 0 640 98 1 1729 288 0            
K 0 0 203            
J N 6 640 -14 5 1729 0 1 29            
K 0 0 45            
K 0 0 43            
K -1 0 45            
K 2 0 45            
A D 2 16            
J F 0 690 98 1 2593 288 0            
K 0 0 202            
J N 6 690 35 2 2593 0 1 29            
K 0 0 43            
A D 2 16            
H 29 B -69 3 108 4 2 1 1 3            
J N 7 740 14 4 3457 288 0            
K 0 0 43            
K 0 0 60            
K 0 21 60            
A D 4 16            
J R 7 840 28 2 5185 576 0            
K 0 0 48            
A D 4 16            
J B 33 946 1 82 6913 576 0            
J R 8 967 28 2 1 0 0            
K 0 0 47            
A D 8 16            
J R 7 1168 28 2 3457 1152 0            
K 0 0 48            
A D 4 16            
J R 6 1272 28 2 5185 576 0            
K 0 0 49            
A D 2 16            
J F 0 1324 98 1 6049 288 0            
K 0 0 205            
J N 6 1324 0 3 6049 0 0            
K 0 0 43            
K 0 0 54            
A D 2 16            
J B 34 1381 1 82 6913 288 0            
J F 0 1402 98 2 1 0 0            
K 0 0 205            
K 0 21 204            
J N 6 1402 -7 2 1 0 1 30            
K 0 0 43            
A D 2 16            
J N 6 1454 14 2 865 288 1 30            
K 0 0 43            
A D 2 16            
J F 0 1506 98 1 1729 288 0            
K 0 0 203            
J N 6 1506 -14 5 1729 0 1 30            
K 0 0 45            
K 0 0 43            
K -1 0 45            
K 2 0 45            
A D 2 16            
J F 0 1558 98 1 2593 288 0            
K 0 0 202            
J N 6 1558 35 2 2593 0 1 30            
K 0 0 43            
A D 2 16            
H 30 B -69 3 108 4 2 1 1 3            
J N 7 1610 14 4 3457 288 0            
K 0 0 43            
K 0 0 60            
K 0 21 60            
A D 4 16            
J R 6 1680 28 2 5185 576 0            
K 0 0 49            
A D 2 16            
J N 6 1715 42 3 6049 288 0            
K 0 0 43            
K 0 0 53            
A D 2 16            
J B 35 1758 1 82 6913 288 0            
J F 0 1779 98 1 1 0 0            
K 0 0 206            
J N 6 1779 35 2 1 0 1 31            
K 0 0 43            
A D 2 16            
J N 6 1818 63 2 865 288 1 31            
K 0 0 43            
A D 2 16            
J F 0 1870 98 1 1729 288 0            
K 0 0 203            
J N 6 1870 35 2 1729 0 1 31            
K 0 0 43            
A D 2 16            
J F 0 1905 114 1 2593 288 0            
K 0 0 202            
J N 6 1905 84 6 2593 0 1 31            
K 1 -14 45            
K 1 0 45            
K 0 0 43            
K -1 0 45            
K 2 0 45            
A D 2 16            
H 31 B 52 3 108 4 2 1 1 3            
J N 8 1950 63 4 3457 288 0            
K 0 0 42            
K 0 0 59            
K 0 -21 59            
A D 8 16            
J B 0 2050 6 4 6913 1152 0            
K -23 21 44            
K -23 35 44            
K -13 0 82            
K -6 0 84            
E *            
B 1 519 0            
B 1 946 0            
B 1 1381 0            
B 1 1758 0            
B 6 2050 0            
