@ SOURCE: not identified 
L 0 0 14 !39Violino 1 concerto grosso
J D 4 500 -120 1 6913 0 0
W 0 0 44 V
J D 1 75 -37 1 6913 0 0
W 0 -56 44 V:  Violino 1 concerto grosso
J C 4 5 42 2 6913 0 0
K 0 0 33
K 0 0 34
J K -1 57 0 1 6913 0 0
K 0 28 65
J D 5 86 -42 1 6913 0 0
W 0 0 37 Allegro
J T 101 86 42 1 6913 0 0
K 0 0 37
J N 7 134 0 4 1 0 0
K 0 0 43
K 0 0 60
K 0 21 60
A D 4 16
J N 7 172 0 4 1729 576 0
K 0 0 43
K 0 0 60
K 0 21 60
A D 4 16
J N 7 210 0 4 3457 576 0
K 0 0 43
K 0 0 60
K 0 21 60
A D 4 16
J N 7 248 0 4 5185 576 0
K 0 0 43
K 0 0 60
K 0 21 60
A D 4 16
J B 2 290 1 82 6913 576 0
J R 9 311 28 2 1 10000 0
K 0 0 46
A D 16 16
J B 3 416 1 82 6913 2304 0
J N 7 437 -7 4 1 0 0
K 0 0 43
K 0 0 60
K 0 21 60
A D 4 16
J N 7 475 -7 4 1729 576 0
K 0 0 43
K 0 0 60
K 0 21 60
A D 4 16
J N 7 513 -7 4 3457 576 0
K 0 0 43
K 0 0 60
K 0 21 60
A D 4 16
J N 7 551 -7 4 5185 576 0
K 0 0 43
K 0 0 60
K 0 21 60
A D 4 16
J B 4 593 1 82 6913 576 0
J R 9 614 28 2 1 10000 0
K 0 0 46
A D 16 16
J B 5 719 1 82 6913 2304 0
J N 7 740 0 5 1 0 0
K 0 0 43
K 24 -6 44
K 0 0 60
K 0 21 60
A D 6 16
J N 6 786 0 3 2593 864 0
K 0 0 43
K 0 0 54
A D 2 16
J N 6 827 7 3 3457 288 2 1 2
K -15 0 65
K 0 0 43
A D 2 16
J N 6 856 0 2 4321 288 2 2 1
K 0 0 43
A D 2 16
H 1 S 0 0 0 0 0 0 0 0 0
J N 6 885 14 2 5185 288 2 3 2
K 0 0 43
A D 2 16
J N 6 914 21 2 6049 288 2 2 3
K 0 0 43
A D 2 16
H 2 B 1 0 108 4 2 1 1 3
H 3 S 0 0 0 0 0 0 0 0 0
J B 6 947 1 82 6913 288 0
J N 7 968 14 4 1 0 0
K 0 0 43
K 0 0 60
K 0 21 60
A D 4 16
J N 7 1006 21 4 1729 576 0
K 0 0 43
K 0 0 60
K 0 21 60
A D 4 16
J N 7 1044 14 4 3457 576 0
K 0 0 43
K 0 0 60
K 0 21 60
A D 4 16
J N 7 1082 77 7 5185 576 0
K 1 -7 45
K 0 0 43
K 0 -7 45
K 1 -7 45
K 0 0 59
K 0 -21 59
A D 4 16
J B 7 1124 1 82 6913 576 0
J R 9 1145 28 2 1 10000 0
K 0 0 46
A D 16 16
J B 8 1250 1 82 6913 2304 0
J R 9 1271 28 2 1 10000 0
K 0 0 46
A D 16 16
J B 9 1376 1 82 6913 2304 0
J N 7 1397 14 4 1 0 0
K 0 0 43
K 0 0 60
K 0 21 60
A D 4 16
J N 7 1435 21 4 1729 576 0
K 0 0 43
K 0 0 60
K 0 21 60
A D 4 16
J N 7 1473 14 4 3457 576 0
K 0 0 43
K 0 0 60
K 0 21 60
A D 4 16
J N 7 1511 21 4 5185 576 0
K 0 0 43
K 0 0 60
K 0 21 60
A D 4 16
J B 10 1553 1 82 6913 576 0
J R 9 1574 28 2 1 10000 0
K 0 0 46
A D 16 16
J B 11 1679 1 82 6913 2304 0
J N 7 1700 -14 7 1 0 0
K 0 0 45
K 0 0 43
K -1 0 45
K 2 0 45
K 0 0 60
K 0 21 60
A D 4 16
J N 7 1738 -7 4 1729 576 0
K 0 0 43
K 0 0 60
K 0 21 60
A D 4 16
J N 7 1776 -14 7 3457 576 0
K 0 0 45
K 0 0 43
K -1 0 45
K 2 0 45
K 0 0 60
K 0 21 60
A D 4 16
J N 7 1814 -7 4 5185 576 0
K 0 0 43
K 0 0 60
K 0 21 60
A D 4 16
J B 12 1856 1 82 6913 576 0
J R 9 1877 28 2 1 10000 0
K 0 0 46
A D 16 16
J B 13 1982 1 82 6913 2304 0
J N 7 2003 14 4 1 0 0
K 0 0 43
K 0 0 60
K 0 21 60
A D 4 16
J N 7 2041 21 4 1729 576 0
K 0 0 43
K 0 0 60
K 0 21 60
A D 4 16
J N 7 2079 28 4 3457 576 0
K 0 0 43
K 0 0 60
K 0 21 60
A D 4 16
J N 7 2117 35 4 5185 576 0
K 0 0 43
K 0 0 59
K 0 -21 59
A D 4 16
J B 14 2159 1 82 6913 576 0
J R 9 2180 28 2 1 10000 0
K 0 0 46
A D 16 16
J B 15 2285 1 82 6913 2304 0
J N 7 2306 14 5 1 0 0
K 0 0 43
K 24 -6 44
K 0 0 60
K 0 21 60
A D 6 16
J N 6 2352 14 3 2593 864 0
K 0 0 43
K 0 0 54
A D 2 16
J N 7 2381 21 4 3457 288 0
K 0 0 43
K 0 0 60
K 0 21 60
A D 4 16
J N 6 2419 28 2 5185 576 2 4 5
K 0 0 43
A D 2 16
J N 6 2448 35 2 6049 288 2 5 4
K 0 0 43
A D 2 16
H 5 B 0 0 108 2 2 3
H 4 S 12 0 0 0 0 0 0 0 0
J B 16 2481 1 82 6913 288 0
J N 7 2502 42 5 1 0 0
K 0 0 43
K 24 -6 44
K 0 0 59
K 0 -21 59
A D 6 16
J N 6 2548 21 3 2593 864 0
K 0 0 43
K 0 0 54
A D 2 16
J N 8 2577 35 4 3457 288 0
K 0 0 42
K 0 0 59
K 0 -21 59
A D 8 16
J B 17 2634 1 82 6913 1152 0
J R 9 2655 28 2 1 10000 0
K 0 0 46
A D 16 16
J B 18 2760 1 82 6913 2304 0
J R 9 2781 28 2 1 10000 0
K 0 0 46
A D 16 16
J B 19 2908 10 6 6913 2304 0
K -22 21 44
K -22 35 44
K -12 0 84
K 0 0 84
K 11 21 44
K 11 35 44
J N 7 2945 21 4 1 0 0
K 0 0 43
K 0 0 60
K 0 21 60
A D 4 16
J N 7 2983 21 4 1729 576 0
K 0 0 43
K 0 0 60
K 0 21 60
A D 4 16
J N 7 3021 21 4 3457 576 0
K 0 0 43
K 0 0 60
K 0 21 60
A D 4 16
J N 7 3059 21 4 5185 576 0
K 0 0 43
K 0 0 60
K 0 21 60
A D 4 16
J B 20 3101 1 82 6913 576 0
J R 9 3122 28 2 1 10000 0
K 0 0 46
A D 16 16
J B 21 3227 1 82 6913 2304 0
J N 7 3248 -35 9 1 0 0
K 0 21 45
K 0 7 45
K 0 0 43
K 0 7 45
K 1 7 45
K 0 0 60
K 0 28 60
K 0 35 60
A D 4 16
J N 6 3286 -28 6 1729 576 1 6
K 0 14 45
K 0 0 45
K 0 0 43
K -1 0 45
K 2 0 45
A D 2 16
J N 6 3315 -21 5 2593 288 1 6
K 0 7 45
K 0 0 43
K 0 7 45
K 1 7 45
A D 2 16
H 6 B 1 0 108 2 2 3
J N 7 3344 -14 7 3457 288 0
K 0 0 45
K 0 0 43
K -1 0 45
K 2 0 45
K 0 0 60
K 0 21 60
A D 4 16
J N 6 3382 -21 5 5185 576 1 7
K 0 7 45
K 0 0 43
K 0 7 45
K 1 7 45
A D 2 16
J N 6 3411 -28 6 6049 288 1 7
K 0 14 45
K 0 0 45
K 0 0 43
K -1 0 45
K 2 0 45
A D 2 16
H 7 B 1 0 108 2 2 3
J B 22 3444 1 82 6913 288 0
J N 8 3465 -14 7 1 0 0
K 0 0 45
K 0 0 42
K -1 0 45
K 2 0 45
K 0 0 60
K 0 21 60
A D 8 16
J N 8 3518 -7 4 3457 1152 0
K 0 0 42
K 0 0 60
K 0 21 60
A D 8 16
J B 23 3575 1 82 6913 1152 0
J R 9 3596 28 2 1 10000 0
K 0 0 46
A D 16 16
J B 24 3701 1 82 6913 2304 0
J R 9 3722 28 2 1 10000 0
K 0 0 46
A D 16 16
J B 25 3827 1 82 6913 2304 0
J N 7 3848 -21 7 1 0 0
K 0 7 45
K 0 0 43
K 0 7 45
K 1 7 45
K 0 0 60
K 0 21 60
A D 4 16
J N 7 3886 -14 7 1729 576 0
K 0 0 45
K 0 0 43
K -1 0 45
K 2 0 45
K 0 0 60
K 0 21 60
A D 4 16
J N 7 3924 -21 7 3457 576 0
K 0 7 45
K 0 0 43
K 0 7 45
K 1 7 45
K 0 0 60
K 0 21 60
A D 4 16
J N 7 3962 -14 7 5185 576 0
K 0 0 45
K 0 0 43
K -1 0 45
K 2 0 45
K 0 0 60
K 0 21 60
A D 4 16
J B 26 4004 1 82 6913 576 0
J R 9 4025 28 2 1 10000 0
K 0 0 46
A D 16 16
J B 27 4130 1 82 6913 2304 0
J N 7 4151 0 4 1 0 0
K 0 0 43
K 0 0 60
K 0 21 60
A D 4 16
J N 7 4189 0 4 1729 576 0
K 0 0 43
K 0 0 60
K 0 21 60
A D 4 16
J N 7 4227 0 4 3457 576 0
K 0 0 43
K 0 0 60
K 0 21 60
A D 4 16
J N 7 4265 0 4 5185 576 0
K 0 0 43
K 0 0 60
K 0 21 60
A D 4 16
J B 28 4307 1 82 6913 576 0
J R 9 4328 28 2 1 10000 0
K 0 0 46
A D 16 16
J B 29 4433 1 82 6913 2304 0
J N 7 4454 -7 4 1 0 0
K 0 0 43
K 0 0 60
K 0 21 60
A D 4 16
J N 7 4495 -14 8 1729 576 0
K 0 0 45
K -15 0 65
K 0 0 43
K -1 0 45
K 2 0 45
K 0 0 60
K 0 21 60
A D 4 16
J N 7 4533 28 5 3457 576 0
K -14 0 64
K 0 0 43
K 0 0 60
K 0 21 60
A D 4 16
J N 7 4571 21 4 5185 576 0
K 0 0 43
K 0 0 60
K 0 21 60
A D 4 16
J B 30 4613 1 82 6913 576 0
J N 7 4634 21 5 1 0 0
K 0 0 43
K 25 0 44
K 0 0 60
K 0 21 60
A D 6 16
J N 6 4686 28 4 2593 864 0
K -14 0 64
K 0 0 43
K 0 0 54
A D 2 16
J N 8 4715 21 4 3457 288 0
K 0 0 42
K 0 0 60
K 0 21 60
A D 8 16
J B 31 4772 1 82 6913 1152 0
J R 8 4793 28 2 1 0 0
K 0 0 47
A D 8 16
J N 7 4846 -7 4 3457 1152 0
K 0 0 43
K 0 0 60
K 0 21 60
A D 4 16
J N 7 4884 -7 4 5185 576 0
K 0 0 43
K 0 0 60
K 0 21 60
A D 4 16
J B 32 4926 1 82 6913 576 0
J R 8 4947 28 2 1 0 0
K 0 0 47
A D 8 16
J N 7 5000 -14 7 3457 1152 0
K 0 0 45
K 0 0 43
K -1 0 45
K 2 0 45
K 0 0 60
K 0 21 60
A D 4 16
J N 7 5038 -14 7 5185 576 0
K 0 0 45
K 0 0 43
K -1 0 45
K 2 0 45
K 0 0 60
K 0 21 60
A D 4 16
J B 33 5080 1 82 6913 576 0
J R 8 5101 28 2 1 0 0
K 0 0 47
A D 8 16
J N 7 5154 0 4 3457 1152 0
K 0 0 43
K 0 0 60
K 0 21 60
A D 4 16
J N 7 5192 0 4 5185 576 0
K 0 0 43
K 0 0 60
K 0 21 60
A D 4 16
J B 34 5234 1 82 6913 576 0
J R 8 5255 28 2 1 0 0
K 0 0 47
A D 8 16
J N 7 5308 7 5 3457 1152 0
K -15 0 65
K 0 0 43
K 0 0 60
K 0 21 60
A D 4 16
J N 7 5346 14 4 5185 576 0
K 0 0 43
K 0 0 60
K 0 21 60
A D 4 16
J B 35 5388 1 82 6913 576 0
J R 8 5409 28 2 1 0 0
K 0 0 47
A D 8 16
J N 7 5462 21 4 3457 1152 0
K 0 0 43
K 0 0 60
K 0 21 60
A D 4 16
J N 7 5500 28 4 5185 576 0
K 0 0 43
K 0 0 60
K 0 21 60
A D 4 16
J B 36 5542 1 82 6913 576 0
J R 8 5563 28 2 1 0 0
K 0 0 47
A D 8 16
J N 6 5616 -21 6 3457 1152 1 8
K 0 7 45
K 0 0 43
K 0 7 45
K 1 7 45
K 25 0 44
A D 3 16
J N 5 5655 7 3 4753 432 1 8
K -15 0 65
K 0 0 43
A D 1 16
H 8 B 1 0 108 2 2 53
J N 6 5684 14 2 5185 144 1 9
K 0 0 43
A D 2 16
J N 6 5713 21 2 6049 288 1 9
K 0 0 43
A D 2 16
H 9 B 1 0 108 2 2 3
J B 37 5746 1 82 6913 288 0
J N 7 5767 14 4 1 0 0
K 0 0 43
K 0 0 60
K 0 21 60
A D 4 16
J N 7 5805 21 4 1729 576 0
K 0 0 43
K 0 0 60
K 0 21 60
A D 4 16
J N 8 5843 28 4 3457 576 0
K 0 0 42
K 0 0 60
K 0 21 60
A D 8 16
J B 38 5900 1 82 6913 1152 0
J R 8 5921 28 2 1 0 0
K 0 0 47
A D 8 16
J N 7 5974 7 5 3457 1152 0
K -15 0 65
K 0 0 43
K 0 0 60
K 0 21 60
A D 4 16
J N 7 6012 14 4 5185 576 0
K 0 0 43
K 0 0 60
K 0 21 60
A D 4 16
J B 39 6054 1 82 6913 576 0
J R 8 6075 28 2 1 0 0
K 0 0 47
A D 8 16
J N 7 6128 21 4 3457 1152 0
K 0 0 43
K 0 0 60
K 0 21 60
A D 4 16
J N 7 6166 28 4 5185 576 0
K 0 0 43
K 0 0 60
K 0 21 60
A D 4 16
J B 40 6208 1 82 6913 576 0
J R 8 6229 28 2 1 0 0
K 0 0 47
A D 8 16
J N 6 6282 -21 7 3457 1152 1 10
K 0 7 45
K 0 0 43
K 0 7 45
K 1 7 45
K 25 0 44
K 0 106 110
A D 3 16
J N 5 6321 7 3 4753 432 1 10
K -15 0 65
K 0 0 43
A D 1 16
H 10 B 1 0 108 2 2 53
J N 6 6350 14 2 5185 144 1 11
K 0 0 43
A D 2 16
J N 6 6379 21 2 6049 288 1 11
K 0 0 43
A D 2 16
H 11 B 1 0 108 2 2 3
J B 41 6412 1 82 6913 288 0
J N 7 6433 14 4 1 0 0
K 0 0 43
K 0 0 60
K 0 21 60
A D 4 16
J N 7 6471 21 4 1729 576 0
K 0 0 43
K 0 0 60
K 0 21 60
A D 4 16
J N 8 6509 28 4 3457 576 0
K 0 0 42
K 0 0 60
K 0 21 60
A D 8 16
J B 42 6566 1 82 6913 1152 0
J R 8 6587 28 2 1 0 0
K 0 0 47
A D 8 16
J N 6 6640 -21 7 3457 1152 1 12
K 0 7 45
K 0 0 43
K 0 7 45
K 1 7 45
K 25 0 44
K 0 99 108
A D 3 16
J N 5 6679 7 3 4753 432 1 12
K -15 0 65
K 0 0 43
A D 1 16
H 12 B 1 0 108 2 2 53
J N 6 6708 14 2 5185 144 1 13
K 0 0 43
A D 2 16
J N 6 6737 21 2 6049 288 1 13
K 0 0 43
A D 2 16
H 13 B 1 0 108 2 2 3
J B 43 6770 1 82 6913 288 0
J N 7 6791 14 4 1 0 0
K 0 0 43
K 0 0 60
K 0 21 60
A D 4 16
J N 7 6829 21 4 1729 576 0
K 0 0 43
K 0 0 60
K 0 21 60
A D 4 16
J N 8 6867 28 4 3457 576 0
K 0 0 42
K 0 0 60
K 0 21 60
A D 8 16
J B 0 6947 6 4 6913 1152 0
K -23 21 44
K -23 35 44
K -13 0 82
K -6 0 84
J M 0 6947 0 0 10000 0 0
