@ SOURCE: not identified 
L 0 0 14 !39Violino 2
J D 4 500 -120 1 6913 0 0
W 0 0 44 
J D 1 75 -37 1 6913 0 0
W 0 -56 44 :  Violino 2
J C 4 5 42 2 6913 0 0
K 0 0 33
K 0 0 34
J K 2 57 0 2 6913 0 0
K 0 0 63
K 15 21 63
J D 5 103 -42 1 6913 0 0
W 0 0 37 Allegro
J T 0 103 42 1 6913 0 0
K 0 0 38
J R 9 151 28 2 1 10000 0
K 0 0 46
A D 8 4
J B 2 256 1 82 6913 4608 0
J N 9 277 14 2 1 0 0
K 0 0 41
A D 4 4
J N 8 323 7 5 3457 2304 0
K 0 0 42
K 25 0 44
K 0 0 60
K 0 21 60
A D 3 4
J N 7 364 0 4 6049 1728 0
K 0 0 43
K 0 0 60
K 0 21 60
A D 1 4
J B 3 394 1 82 6913 576 0
J N 7 415 -7 4 1 0 0
K 0 0 43
K 0 0 60
K 0 21 60
A D 1 4
J N 7 441 14 4 865 576 0
K 0 0 43
K 0 0 60
K 0 21 60
A D 1 4
J N 9 467 -7 2 1729 576 0
K 0 0 41
A D 4 4
J N 8 513 0 4 5185 2304 0
K 0 0 42
K 0 0 60
K 0 21 60
A D 2 4
J B 4 550 1 82 6913 1152 0
J N 8 571 7 4 1 0 0
K 0 0 42
K 0 0 60
K 0 21 60
A D 2 4
J N 9 604 -14 6 1729 1152 0
K 0 0 45
K 6 0 45
K 0 0 41
K -1 0 45
K 2 0 45
A D 4 4
J N 8 650 -7 4 5185 2304 1 1
K 0 0 42
K 0 0 60
K 0 21 60
A D 2 4
J B 5 687 1 82 6913 1152 0
J N 8 708 -7 4 1 0 1 1
K 0 0 42
K 0 0 60
K 0 21 60
A D 2 4
H 1 T -7 0 0 0 0 0 1 0
J N 8 741 0 4 1729 1152 0
K 0 0 42
K 0 0 60
K 0 21 60
A D 2 4
J N 8 774 -7 5 3457 1152 0
K 0 0 42
K 25 0 44
K 0 0 60
K 0 21 60
A D 3 4
J N 7 815 -14 7 6049 1728 0
K 0 0 45
K 0 0 43
K -1 0 45
K 2 0 45
K 0 0 60
K 0 21 60
A D 1 4
J B 6 845 1 82 6913 576 0
J N 8 866 14 4 1 0 0
K 0 0 42
K 0 0 60
K 0 21 60
A D 2 4
J N 8 899 14 4 1729 1152 0
K 0 0 42
K 0 0 60
K 0 21 60
A D 2 4
J N 8 932 7 4 3457 1152 0
K 0 0 42
K 0 0 60
K 0 21 60
A D 2 4
J N 8 965 0 4 5185 1152 0
K 0 0 42
K 0 0 60
K 0 21 60
A D 2 4
J B 7 1002 1 82 6913 1152 0
J N 9 1023 -7 2 1 0 0
K 0 0 41
A D 4 4
J N 8 1069 0 4 3457 2304 0
K 0 0 42
K 0 0 60
K 0 21 60
A D 2 4
J N 8 1102 49 4 5185 1152 0
K 0 0 42
K 0 0 59
K 0 -21 59
A D 2 4
J B 8 1139 1 82 6913 1152 0
J N 8 1166 42 5 1 0 0
K -18 0 63
K 0 0 42
K 0 0 59
K 0 -21 59
A D 2 4
J N 9 1199 35 2 1729 1152 0
K 0 0 41
A D 4 4
J N 8 1245 42 4 5185 2304 0
K 0 0 42
K 0 0 59
K 0 -21 59
A D 2 4
J B 9 1282 1 82 6913 1152 0
J N 8 1303 35 4 1 0 0
K 0 0 42
K 0 0 59
K 0 -21 59
A D 2 4
J N 8 1336 21 4 1729 1152 0
K 0 0 42
K 0 0 60
K 0 21 60
A D 2 4
J N 8 1369 14 5 3457 1152 0
K 0 0 42
K 24 -6 44
K 0 0 60
K 0 21 60
A D 3 4
J N 7 1410 7 4 6049 1728 0
K 0 0 43
K 0 0 60
K 0 21 60
A D 1 4
J B 10 1440 1 82 6913 576 0
J N 8 1461 35 4 1 0 0
K 0 0 42
K 0 0 59
K 0 -21 59
A D 2 4
J N 8 1494 -14 7 1729 1152 0
K 0 0 45
K 0 0 42
K -1 0 45
K 2 0 45
K 0 0 60
K 0 21 60
A D 2 4
J N 9 1527 -7 2 3457 1152 0
K 0 0 41
A D 4 4
J B 11 1577 1 82 6913 2304 0
J N 9 1598 0 2 1 0 0
K 0 0 41
A D 4 4
J N 9 1644 7 2 3457 2304 0
K 0 0 41
A D 4 4
J B 12 1694 1 82 6913 2304 0
J N 9 1715 14 2 1 0 0
K 0 0 41
A D 4 4
J N 8 1761 21 4 3457 2304 0
K 0 0 42
K 0 0 60
K 0 21 60
A D 2 4
J N 8 1794 0 4 5185 1152 1 2
K 0 0 42
K 0 0 60
K 0 21 60
A D 2 4
J B 13 1831 1 82 6913 1152 0
J N 7 1852 0 4 1 0 1 2
K 0 0 43
K 0 0 60
K 0 21 60
A D 1 4
H 2 T 0 0 0 0 0 0 5 0
J N 7 1878 7 4 865 576 0
K 0 0 43
K 0 0 60
K 0 21 60
A D 1 4
J N 7 1922 14 5 1729 576 0
K -18 0 63
K 0 0 43
K 0 0 60
K 0 21 60
A D 1 4
J N 7 1948 0 4 2593 576 0
K 0 0 43
K 0 0 60
K 0 21 60
A D 1 4
J N 8 1974 28 4 3457 576 0
K 0 0 42
K 0 0 60
K 0 21 60
A D 2 4
J N 8 2007 7 4 5185 1152 1 3
K 0 0 42
K 0 0 60
K 0 21 60
A D 2 4
J B 14 2044 1 82 6913 1152 0
J N 7 2065 7 4 1 0 1 3
K 0 0 43
K 0 0 60
K 0 21 60
A D 1 4
H 3 T 7 0 0 0 0 0 1 0
J N 7 2091 14 4 865 576 0
K 0 0 43
K 0 0 60
K 0 21 60
A D 1 4
J N 7 2117 21 4 1729 576 0
K 0 0 43
K 0 0 60
K 0 21 60
A D 1 4
J N 7 2143 7 4 2593 576 0
K 0 0 43
K 0 0 60
K 0 21 60
A D 1 4
J N 9 2169 35 2 3457 576 0
K 0 0 41
A D 4 4
J B 15 2219 1 82 6913 2304 0
J N 8 2240 28 5 1 0 0
K 0 0 42
K 24 -6 44
K 0 0 60
K 0 21 60
A D 3 4
J N 7 2281 21 4 2593 1728 0
K 0 0 43
K 0 0 60
K 0 21 60
A D 1 4
J N 7 2307 14 4 3457 576 0
K 0 0 43
K 0 0 60
K 0 21 60
A D 1 4
J N 7 2333 35 4 4321 576 0
K 0 0 43
K 0 0 59
K 0 -21 59
A D 1 4
J N 8 2359 14 4 5185 576 1 4
K 0 0 42
K 0 0 60
K 0 21 60
A D 2 4
J B 16 2396 1 82 6913 1152 0
J N 8 2417 14 4 1 0 1 4
K 0 0 42
K 0 0 60
K 0 21 60
A D 2 4
H 4 T 14 0 0 0 0 0 5 0
J N 8 2450 21 4 1729 1152 0
K 0 0 42
K 0 0 60
K 0 21 60
A D 2 4
J N 9 2483 28 2 3457 1152 0
K 0 0 41
A D 4 4
J B 17 2533 1 82 6913 2304 0
J N 9 2554 35 2 1 0 0
K 0 0 41
A D 4 4
J N 9 2600 -14 6 3457 2304 0
K 0 0 45
K 6 0 45
K 0 0 41
K -1 0 45
K 2 0 45
A D 4 4
J B 18 2650 1 82 6913 2304 0
J N 8 2671 -21 8 1 0 0
K 0 7 45
K 0 0 42
K 0 7 45
K 1 7 45
K 25 0 44
K 0 0 60
K 0 21 60
A D 3 4
J N 7 2712 -28 8 2593 1728 0
K 0 14 45
K 0 0 45
K 0 0 43
K -1 0 45
K 2 0 45
K 0 0 60
K 0 28 60
A D 1 4
J N 7 2738 -35 9 3457 576 0
K 0 21 45
K 0 7 45
K 0 0 43
K 0 7 45
K 1 7 45
K 0 0 60
K 0 28 60
K 0 35 60
A D 1 4
J N 7 2764 -14 7 4321 576 0
K 0 0 45
K 0 0 43
K -1 0 45
K 2 0 45
K 0 0 60
K 0 21 60
A D 1 4
J N 8 2790 -35 9 5185 576 1 5
K 0 21 45
K 0 7 45
K 0 0 42
K 0 7 45
K 1 7 45
K 0 0 60
K 0 28 60
K 0 35 60
A D 2 4
J B 19 2827 1 82 6913 1152 0
J N 8 2848 -35 9 1 0 1 5
K 0 21 45
K 0 7 45
K 0 0 42
K 0 7 45
K 1 7 45
K 0 0 60
K 0 28 60
K 0 35 60
A D 2 4
H 5 T -35 0 0 0 0 0 1 0
J N 9 2888 -28 9 1729 1152 0
K 0 14 45
K 6 14 45
K 0 0 45
K 6 0 45
K -14 0 64
K 0 0 41
K -1 0 45
K 2 0 45
A D 4 4
J N 8 2934 -21 7 5185 2304 0
K 0 7 45
K 0 0 42
K 0 7 45
K 1 7 45
K 0 0 60
K 0 21 60
A D 2 4
J B 20 2971 1 82 6913 1152 0
J N 8 2992 -14 7 1 0 0
K 0 0 45
K 0 0 42
K -1 0 45
K 2 0 45
K 0 0 60
K 0 21 60
A D 2 4
J N 9 3025 14 2 1729 1152 0
K 0 0 41
A D 4 4
J N 8 3071 21 4 5185 2304 0
K 0 0 42
K 0 0 60
K 0 21 60
A D 2 4
J B 21 3108 1 82 6913 1152 0
J N 8 3129 28 4 1 0 0
K 0 0 42
K 0 0 60
K 0 21 60
A D 2 4
J N 8 3162 -21 8 1729 1152 0
K 0 7 45
K 0 0 42
K 0 7 45
K 1 7 45
K 25 0 44
K 0 0 60
K 0 21 60
A D 3 4
J N 7 3203 7 4 4321 1728 0
K 0 0 43
K 0 0 60
K 0 21 60
A D 1 4
J N 7 3229 -14 7 5185 576 0
K 0 0 45
K 0 0 43
K -1 0 45
K 2 0 45
K 0 0 60
K 0 21 60
A D 1 4
J N 7 3255 -7 4 6049 576 0
K 0 0 43
K 0 0 60
K 0 21 60
A D 1 4
J B 22 3285 1 82 6913 576 0
J N 7 3306 0 4 1 0 0
K 0 0 43
K 0 0 60
K 0 21 60
A D 1 4
J N 7 3332 0 4 865 576 0
K 0 0 43
K 0 0 60
K 0 21 60
A D 1 4
J N 7 3358 -21 7 1729 576 0
K 0 7 45
K 0 0 43
K 0 7 45
K 1 7 45
K 0 0 60
K 0 21 60
A D 1 4
J N 7 3384 -14 7 2593 576 0
K 0 0 45
K 0 0 43
K -1 0 45
K 2 0 45
K 0 0 60
K 0 21 60
A D 1 4
J N 7 3428 -7 5 3457 576 0
K -18 0 63
K 0 0 43
K 0 0 60
K 0 21 60
A D 1 4
J N 7 3454 7 4 4321 576 0
K 0 0 43
K 0 0 60
K 0 21 60
A D 1 4
J N 8 3480 -14 7 5185 576 1 6
K 0 0 45
K 0 0 42
K -1 0 45
K 2 0 45
K 0 0 60
K 0 21 60
A D 2 4
J B 23 3517 1 82 6913 1152 0
J N 8 3538 -14 7 1 0 1 6
K 0 0 45
K 0 0 42
K -1 0 45
K 2 0 45
K 0 0 60
K 0 21 60
A D 2 4
H 6 T -14 0 0 0 0 0 5 0
J N 8 3582 -7 5 1729 1152 0
K -18 0 63
K 0 0 42
K 0 0 60
K 0 21 60
A D 2 4
J N 9 3615 -14 6 3457 1152 0
K 0 0 45
K 6 0 45
K 0 0 41
K -1 0 45
K 2 0 45
A D 4 4
J B 24 3665 1 82 6913 2304 0
J N 9 3686 49 2 1 0 0
K 0 0 41
A D 4 4
J N 9 3732 28 2 3457 2304 0
K 0 0 41
A D 4 4
J B 25 3782 1 82 6913 2304 0
J N 9 3809 42 3 1 0 0
K -18 0 63
K 0 0 41
A D 4 4
J N 9 3855 21 2 3457 2304 0
K 0 0 41
A D 4 4
J B 26 3905 1 82 6913 2304 0
J N 9 3926 35 2 1 0 0
K 0 0 41
A D 4 4
J N 9 3972 14 2 3457 2304 0
K 0 0 41
A D 4 4
J B 27 4022 1 82 6913 2304 0
J N 9 4043 28 2 1 0 0
K 0 0 41
A D 4 4
J N 8 4089 21 4 3457 2304 0
K 0 0 42
K 0 0 60
K 0 21 60
A D 2 4
J N 8 4122 14 4 5185 1152 1 7
K 0 0 42
K 0 0 60
K 0 21 60
A D 2 4
J B 28 4159 1 82 6913 1152 0
J N 8 4180 14 4 1 0 1 7
K 0 0 42
K 0 0 60
K 0 21 60
A D 2 4
H 7 T 14 0 0 0 0 0 5 0
J N 9 4213 21 2 1729 1152 0
K 0 0 41
A D 4 4
J N 8 4259 28 4 5185 2304 1 8
K 0 0 42
K 0 0 60
K 0 21 60
A D 2 4
J B 29 4296 1 82 6913 1152 0
J N 8 4317 28 4 1 0 1 8
K 0 0 42
K 0 0 60
K 0 21 60
A D 2 4
H 8 T 28 0 0 0 0 0 5 0
J N 9 4350 35 2 1729 1152 0
K 0 0 41
A D 4 4
J N 8 4396 42 4 5185 2304 1 9
K 0 0 42
K 0 0 59
K 0 -21 59
A D 2 4
J B 30 4433 1 82 6913 1152 0
J N 8 4454 42 4 1 0 1 9
K 0 0 42
K 0 0 59
K 0 -21 59
A D 2 4
H 9 T 42 0 0 0 0 0 13 0
J N 8 4487 49 4 1729 1152 0
K 0 0 42
K 0 0 59
K 0 -21 59
A D 2 4
J N 9 4520 56 2 3457 1152 0
K 0 0 41
A D 4 4
J B 31 4570 1 82 6913 2304 0
J N 8 4591 49 4 1 0 0
K 0 0 42
K 0 0 59
K 0 -21 59
A D 2 4
J N 9 4624 42 2 1729 1152 0
K 0 0 41
A D 4 4
J N 8 4670 49 4 5185 2304 0
K 0 0 42
K 0 0 59
K 0 -21 59
A D 2 4
J B 32 4707 1 82 6913 1152 0
J N 9 4728 56 2 1 0 0
K 0 0 41
A D 4 4
J N 9 4774 49 2 3457 2304 0
K 0 0 41
A D 4 4
J B 33 4824 1 82 6913 2304 0
J R 9 4845 28 2 1 10000 0
K 0 0 46
A D 8 4
J B 34 4950 1 82 6913 4608 0
J R 9 4971 28 2 1 0 0
K 0 0 46
A D 4 4
J N 9 5017 35 2 3457 2304 0
K 0 0 41
A D 4 4
J B 35 5067 1 82 6913 2304 0
J N 9 5088 28 2 1 0 0
K 0 0 41
A D 4 4
J N 8 5134 21 4 3457 2304 0
K 0 0 42
K 0 0 60
K 0 21 60
A D 2 4
J N 8 5167 14 4 5185 1152 0
K 0 0 42
K 0 0 60
K 0 21 60
A D 2 4
J B 36 5204 1 82 6913 1152 0
J N 8 5225 7 4 1 0 0
K 0 0 42
K 0 0 60
K 0 21 60
A D 2 4
J N 8 5258 35 4 1729 1152 0
K 0 0 42
K 0 0 59
K 0 -21 59
A D 2 4
J N 9 5291 14 2 3457 1152 0
K 0 0 41
A D 4 4
J B 37 5341 1 82 6913 2304 0
J N 9 5362 21 2 1 0 0
K 0 0 41
A D 4 4
J N 9 5408 49 2 3457 2304 0
K 0 0 41
A D 4 4
J B 38 5458 1 82 6913 2304 0
J N 9 5479 42 2 1 0 0
K 0 0 41
A D 4 4
J N 9 5525 35 2 3457 2304 0
K 0 0 41
A D 4 4
J B 39 5575 1 82 6913 2304 0
J N 9 5596 28 2 1 0 0
K 0 0 41
A D 4 4
J N 8 5642 35 4 3457 2304 0
K 0 0 42
K 0 0 59
K 0 -21 59
A D 2 4
J N 7 5675 -14 7 5185 1152 0
K 0 0 45
K 0 0 43
K -1 0 45
K 2 0 45
K 0 0 60
K 0 21 60
A D 1 4
J N 7 5701 -21 7 6049 576 0
K 0 7 45
K 0 0 43
K 0 7 45
K 1 7 45
K 0 0 60
K 0 21 60
A D 1 4
J B 40 5731 1 82 6913 576 0
J N 9 5752 7 2 1 0 0
K 0 0 41
A D 4 4
J N 9 5798 14 2 3457 2304 0
K 0 0 41
A D 4 4
J B 41 5848 1 82 6913 2304 0
J N 8 5875 56 5 1 0 0
K -18 0 63
K 0 0 42
K 0 0 59
K 0 -21 59
A D 2 4
J N 9 5908 49 2 1729 1152 0
K 0 0 41
A D 4 4
J N 8 5954 56 4 5185 2304 0
K 0 0 42
K 0 0 59
K 0 -21 59
A D 2 4
J B 42 5991 1 82 6913 1152 0
J N 7 6012 -14 7 1 0 0
K 0 0 45
K 0 0 43
K -1 0 45
K 2 0 45
K 0 0 60
K 0 21 60
A D 1 4
J N 7 6038 -7 4 865 576 0
K 0 0 43
K 0 0 60
K 0 21 60
A D 1 4
J N 7 6064 0 4 1729 576 0
K 0 0 43
K 0 0 60
K 0 21 60
A D 1 4
J N 7 6090 7 4 2593 576 0
K 0 0 43
K 0 0 60
K 0 21 60
A D 1 4
J N 7 6116 14 4 3457 576 0
K 0 0 43
K 0 0 60
K 0 21 60
A D 1 4
J N 7 6142 21 4 4321 576 0
K 0 0 43
K 0 0 60
K 0 21 60
A D 1 4
J N 7 6168 28 4 5185 576 0
K 0 0 43
K 0 0 60
K 0 21 60
A D 1 4
J N 7 6194 35 4 6049 576 0
K 0 0 43
K 0 0 59
K 0 -21 59
A D 1 4
J B 43 6224 1 82 6913 576 0
J N 8 6245 42 4 1 0 0
K 0 0 42
K 0 0 59
K 0 -21 59
A D 2 4
J N 9 6278 -7 2 1729 1152 0
K 0 0 41
A D 4 4
J N 8 6324 0 4 5185 2304 0
K 0 0 42
K 0 0 60
K 0 21 60
A D 2 4
J B 44 6361 1 82 6913 1152 0
J N 9 6382 7 2 1 0 0
K 0 0 41
A D 4 4
J N 9 6428 14 2 3457 2304 0
K 0 0 41
A D 4 4
J B 45 6478 1 82 6913 2304 0
J N 9 6499 21 2 1 0 0
K 0 0 41
A D 4 4
J N 9 6545 28 2 3457 2304 0
K 0 0 41
A D 4 4
J B 46 6595 1 82 6913 2304 0
J N 7 6616 7 4 1 0 0
K 0 0 43
K 0 0 60
K 0 21 60
A D 1 4
J N 7 6642 14 4 865 576 0
K 0 0 43
K 0 0 60
K 0 21 60
A D 1 4
J N 7 6668 21 4 1729 576 0
K 0 0 43
K 0 0 60
K 0 21 60
A D 1 4
J N 7 6694 28 4 2593 576 0
K 0 0 43
K 0 0 60
K 0 21 60
A D 1 4
J N 7 6720 21 4 3457 576 0
K 0 0 43
K 0 0 60
K 0 21 60
A D 1 4
J N 7 6746 28 4 4321 576 0
K 0 0 43
K 0 0 60
K 0 21 60
A D 1 4
J N 7 6772 35 4 5185 576 0
K 0 0 43
K 0 0 59
K 0 -21 59
A D 1 4
J N 7 6798 42 4 6049 576 0
K 0 0 43
K 0 0 59
K 0 -21 59
A D 1 4
J B 47 6828 1 82 6913 576 0
J N 8 6849 49 4 1 0 0
K 0 0 42
K 0 0 59
K 0 -21 59
A D 2 4
J N 8 6882 35 4 1729 1152 0
K 0 0 42
K 0 0 59
K 0 -21 59
A D 2 4
J N 9 6915 28 2 3457 1152 0
K 0 0 41
A D 4 4
J B 48 6965 1 82 6913 2304 0
J N 7 6986 21 4 1 0 0
K 0 0 43
K 0 0 60
K 0 21 60
A D 1 4
J N 7 7012 35 4 865 576 0
K 0 0 43
K 0 0 59
K 0 -21 59
A D 1 4
J N 8 7038 -14 8 1729 576 0
K 0 0 45
K 0 0 42
K -1 0 45
K 2 0 45
K 24 -6 44
K 0 0 60
K 0 21 60
A D 3 4
J N 7 7079 14 4 4321 1728 0
K 0 0 43
K 0 0 60
K 0 21 60
A D 1 4
J N 8 7105 -7 4 5185 576 1 10
K 0 0 42
K 0 0 60
K 0 21 60
A D 2 4
J B 49 7142 1 82 6913 1152 0
J N 8 7163 -7 4 1 0 1 10
K 0 0 42
K 0 0 60
K 0 21 60
A D 2 4
H 10 T -7 0 0 0 0 0 1 0
J N 8 7196 0 4 1729 1152 0
K 0 0 42
K 0 0 60
K 0 21 60
A D 2 4
J N 8 7240 -7 5 3457 1152 0
K -18 0 63
K 0 0 42
K 0 0 60
K 0 21 60
A D 2 4
J N 8 7273 -14 7 5185 1152 1 11
K 0 0 45
K 0 0 42
K -1 0 45
K 2 0 45
K 0 0 60
K 0 21 60
A D 2 4
J B 50 7310 1 82 6913 1152 0
J N 8 7331 -14 7 1 0 1 11
K 0 0 45
K 0 0 42
K -1 0 45
K 2 0 45
K 0 0 60
K 0 21 60
A D 2 4
H 11 T -14 0 0 0 0 0 5 0
J N 8 7375 -7 5 1729 1152 0
K -18 0 63
K 0 0 42
K 0 0 60
K 0 21 60
A D 2 4
J N 8 7408 -14 7 3457 1152 0
K 0 0 45
K 0 0 42
K -1 0 45
K 2 0 45
K 0 0 60
K 0 21 60
A D 2 4
J N 8 7441 35 4 5185 1152 0
K 0 0 42
K 0 0 59
K 0 -21 59
A D 2 4
J B 51 7478 1 82 6913 1152 0
J N 9 7499 28 2 1 0 0
K 0 0 41
A D 4 4
J N 8 7545 21 4 3457 2304 0
K 0 0 42
K 0 0 60
K 0 21 60
A D 2 4
J N 8 7578 35 4 5185 1152 0
K 0 0 42
K 0 0 59
K 0 -21 59
A D 2 4
J B 52 7615 1 82 6913 1152 0
J N 9 7636 42 2 1 0 0
K 0 0 41
A D 4 4
J N 8 7682 49 4 3457 2304 0
K 0 0 42
K 0 0 59
K 0 -21 59
A D 2 4
J N 8 7715 14 4 5185 1152 0
K 0 0 42
K 0 0 60
K 0 21 60
A D 2 4
J B 53 7752 1 82 6913 1152 0
J N 9 7773 21 2 1 0 0
K 0 0 41
A D 4 4
J N 9 7819 28 2 3457 2304 0
K 0 0 41
A D 4 4
J B 54 7869 1 82 6913 2304 0
J N 9 7890 35 2 1 0 1 12
K 0 0 41
A D 4 4
J N 8 7936 35 4 3457 2304 1 12
K 0 0 42
K 0 0 59
K 0 -21 59
A D 2 4
H 12 T 35 0 0 0 0 0 9 0
J N 8 7969 42 4 5185 1152 1 13
K 0 0 42
K 0 0 59
K 0 -21 59
A D 2 4
J B 55 8006 1 82 6913 1152 0
J D 5 8027 -42 1 1 0 0
W 0 0 37 Adagio
J N 8 8027 42 4 1 0 1 13
K 0 0 42
K 0 0 59
K 0 -21 59
A D 2 4
H 13 T 42 0 0 0 0 0 13 0
J N 8 8060 49 4 1729 1152 0
K 0 0 42
K 0 0 59
K 0 -21 59
A D 2 4
J N 9 8093 56 2 3457 1152 0
K 0 0 41
A D 4 4
J B 56 8143 1 82 6913 2304 0
J N 10 8164 49 2 1 0 0
K 0 0 40
A D 8 4
J B 0 8251 6 2 6913 4608 0
K -13 0 82
K -6 0 84
J M 0 8251 0 0 10000 0 0
