@ SOURCE: not identified 
L 0 0 14 !39Violino 1
J D 4 500 -120 1 6913 0 0
W 0 0 44 
J D 1 75 -37 1 6913 0 0
W 0 -56 44 :  Violino 1
J C 4 5 42 2 6913 0 0
K 0 0 33
K 0 0 34
J K 2 57 0 2 6913 0 0
K 0 0 63
K 15 21 63
J D 5 103 -42 1 6913 0 0
W 0 0 37 Adagio
J T 101 103 42 1 6913 0 0
K 0 0 37
J N 7 151 35 4 1 0 0
K 0 0 43
K 0 0 59
K 0 -21 59
A D 4 16
J R 7 179 28 2 1729 576 0
K 0 0 48
A D 4 16
J N 7 207 14 4 3457 576 0
K 0 0 43
K 0 0 60
K 0 21 60
A D 4 16
J R 7 235 28 2 5185 576 0
K 0 0 48
A D 4 16
J B 2 267 1 82 6913 576 0
J N 7 288 35 5 1 0 0
K 0 0 43
K 0 44 108
K 0 0 59
K 0 -21 59
A D 4 16
J R 7 316 28 2 1729 576 0
K 0 0 48
A D 4 16
J N 7 344 28 4 3457 576 0
K 0 0 43
K 0 0 60
K 0 21 60
A D 4 16
J R 7 372 28 2 5185 576 0
K 0 0 48
A D 4 16
J B 3 404 1 82 6913 576 0
J N 7 425 56 5 1 0 0
K 0 0 43
K 0 36 110
K 0 0 59
K 0 -21 59
A D 4 16
J N 7 453 49 4 1729 576 0
K 0 0 43
K 0 0 59
K 0 -21 59
A D 4 16
J N 7 481 56 4 3457 576 0
K 0 0 43
K 0 0 59
K 0 -21 59
A D 4 16
J N 7 509 49 4 5185 576 0
K 0 0 43
K 0 0 59
K 0 -21 59
A D 4 16
J B 4 541 1 82 6913 576 0
J N 9 562 56 3 1 0 0
K 0 0 41
K 2 -66 236
A D 16 16
J B 5 625 5 2 6913 2304 0
K -8 0 82
K 0 0 82
J D 5 646 -42 1 6913 0 0
W 0 0 37 Allegro
J T 101 646 42 1 6913 0 0
K 0 0 37
J N 5 694 0 2 1 0 1 1
K 0 0 43
A D 1 16
J N 5 722 -14 5 433 144 1 1
K 0 0 45
K 0 0 43
K -1 0 45
K 2 0 45
A D 1 16
J N 5 750 -7 2 865 144 1 1
K 0 0 43
A D 1 16
J N 5 778 -14 5 1297 144 1 1
K 0 0 45
K 0 0 43
K -1 0 45
K 2 0 45
A D 1 16
H 1 B 1 0 108 4 22 11 11 33
J N 5 806 0 2 1729 144 1 2
K 0 0 43
A D 1 16
J N 5 834 -14 5 2161 144 1 2
K 0 0 45
K 0 0 43
K -1 0 45
K 2 0 45
A D 1 16
J N 5 862 -7 2 2593 144 1 2
K 0 0 43
A D 1 16
J N 5 890 -14 5 3025 144 1 2
K 0 0 45
K 0 0 43
K -1 0 45
K 2 0 45
A D 1 16
H 2 B 1 0 108 4 22 11 11 33
J N 5 918 7 2 3457 144 1 3
K 0 0 43
A D 1 16
J N 5 946 -14 5 3889 144 1 3
K 0 0 45
K 0 0 43
K -1 0 45
K 2 0 45
A D 1 16
J N 5 974 -7 2 4321 144 1 3
K 0 0 43
A D 1 16
J N 5 1002 -14 5 4753 144 1 3
K 0 0 45
K 0 0 43
K -1 0 45
K 2 0 45
A D 1 16
H 3 B 1 0 108 4 22 11 11 33
J N 5 1030 7 2 5185 144 1 4
K 0 0 43
A D 1 16
J N 5 1058 -14 5 5617 144 1 4
K 0 0 45
K 0 0 43
K -1 0 45
K 2 0 45
A D 1 16
J N 5 1086 -7 2 6049 144 1 4
K 0 0 43
A D 1 16
J N 5 1114 -14 5 6481 144 1 4
K 0 0 45
K 0 0 43
K -1 0 45
K 2 0 45
A D 1 16
H 4 B 1 0 108 4 22 11 11 33
J B 6 1146 1 82 6913 144 0
J N 5 1167 0 2 1 0 1 5
K 0 0 43
A D 1 16
J N 5 1195 14 2 433 144 1 5
K 0 0 43
A D 1 16
J N 5 1223 21 2 865 144 1 5
K 0 0 43
A D 1 16
J N 5 1251 14 2 1297 144 1 5
K 0 0 43
A D 1 16
H 5 B 1 0 108 4 22 11 11 33
J N 5 1279 35 2 1729 144 1 6
K 0 0 43
A D 1 16
J N 5 1307 14 2 2161 144 1 6
K 0 0 43
A D 1 16
J N 5 1335 21 2 2593 144 1 6
K 0 0 43
A D 1 16
J N 5 1363 14 2 3025 144 1 6
K 0 0 43
A D 1 16
H 6 B 1 0 108 4 22 11 11 33
J N 5 1391 28 2 3457 144 1 7
K 0 0 43
A D 1 16
J N 5 1419 14 2 3889 144 1 7
K 0 0 43
A D 1 16
J N 5 1447 21 2 4321 144 1 7
K 0 0 43
A D 1 16
J N 5 1475 14 2 4753 144 1 7
K 0 0 43
A D 1 16
H 7 B 1 0 108 4 22 11 11 33
J N 5 1503 56 2 5185 144 1 8
K 0 0 43
A D 1 16
J N 5 1531 14 2 5617 144 1 8
K 0 0 43
A D 1 16
J N 5 1559 21 2 6049 144 1 8
K 0 0 43
A D 1 16
J N 5 1587 14 2 6481 144 1 8
K 0 0 43
A D 1 16
H 8 B 1 0 108 4 22 11 11 33
J B 7 1619 1 82 6913 144 0
J N 5 1640 63 2 1 0 1 9
K 0 0 43
A D 1 16
J N 5 1668 49 2 433 144 1 9
K 0 0 43
A D 1 16
J N 5 1696 56 2 865 144 1 9
K 0 0 43
A D 1 16
J N 5 1724 49 2 1297 144 1 9
K 0 0 43
A D 1 16
H 9 B 0 0 108 4 22 11 11 33
J N 5 1752 63 2 1729 144 1 10
K 0 0 43
A D 1 16
J N 5 1780 49 2 2161 144 1 10
K 0 0 43
A D 1 16
J N 5 1808 56 2 2593 144 1 10
K 0 0 43
A D 1 16
J N 5 1836 63 2 3025 144 1 10
K 0 0 43
A D 1 16
H 10 B 0 0 108 4 22 11 11 33
J N 6 1864 35 2 3457 144 1 11
K 0 0 43
A D 2 16
J N 6 1900 56 2 4321 288 1 11
K 0 0 43
A D 2 16
H 11 B 0 0 108 2 2 3
J N 7 1936 35 4 5185 288 1 12
K 0 0 43
K 0 0 59
K 0 -21 59
A D 4 16
J B 8 1991 1 82 6913 576 0
J N 7 2012 35 4 1 0 1 12
K 0 0 43
K 0 0 59
K 0 -21 59
A D 4 16
H 12 T 35 0 0 0 0 0 9 0
J N 7 2063 42 5 1729 576 0
K -18 0 63
K 0 0 43
K 0 0 59
K 0 -21 59
A D 4 16
J N 7 2114 35 4 3457 576 0
K 0 0 43
K 0 0 59
K 0 -21 59
A D 4 16
J R 6 2165 28 2 5185 576 0
K 0 0 49
A D 2 16
J N 6 2201 21 3 6049 288 0
K 0 0 43
K 0 0 54
A D 2 16
J B 9 2241 1 82 6913 288 0
J N 6 2262 14 2 1 0 1 13
K 0 0 43
A D 2 16
J N 6 2298 28 2 865 288 1 13
K 0 0 43
A D 2 16
J N 6 2334 7 2 1729 288 1 13
K 0 0 43
A D 2 16
J N 6 2370 56 2 2593 288 1 13
K 0 0 43
A D 2 16
H 13 B 1 0 108 4 2 1 1 3
J N 5 2406 35 2 3457 288 1 14
K 0 0 43
A D 1 16
J N 5 2434 -14 5 3889 144 1 14
K 0 0 45
K 0 0 43
K -1 0 45
K 2 0 45
A D 1 16
J N 5 2478 -7 3 4321 144 1 14
K -18 0 63
K 0 0 43
A D 1 16
J N 5 2506 -14 5 4753 144 1 14
K 0 0 45
K 0 0 43
K -1 0 45
K 2 0 45
A D 1 16
H 14 B 1 0 108 4 22 11 11 33
J N 5 2534 35 2 5185 144 1 15
K 0 0 43
A D 1 16
J N 5 2562 -14 5 5617 144 1 15
K 0 0 45
K 0 0 43
K -1 0 45
K 2 0 45
A D 1 16
J N 5 2590 -7 2 6049 144 1 15
K 0 0 43
A D 1 16
J N 5 2618 -14 5 6481 144 1 15
K 0 0 45
K 0 0 43
K -1 0 45
K 2 0 45
A D 1 16
H 15 B 1 0 108 4 22 11 11 33
J B 10 2650 1 82 6913 144 0
J N 5 2671 28 2 1 0 1 16
K 0 0 43
A D 1 16
J N 5 2699 -14 5 433 144 1 16
K 0 0 45
K 0 0 43
K -1 0 45
K 2 0 45
A D 1 16
J N 5 2743 -7 3 865 144 1 16
K -18 0 63
K 0 0 43
A D 1 16
J N 5 2771 -14 5 1297 144 1 16
K 0 0 45
K 0 0 43
K -1 0 45
K 2 0 45
A D 1 16
H 16 B 1 0 108 4 22 11 11 33
J N 5 2799 21 2 1729 144 1 17
K 0 0 43
A D 1 16
J N 5 2827 -14 5 2161 144 1 17
K 0 0 45
K 0 0 43
K -1 0 45
K 2 0 45
A D 1 16
J N 5 2855 -7 2 2593 144 1 17
K 0 0 43
A D 1 16
J N 5 2883 -14 5 3025 144 1 17
K 0 0 45
K 0 0 43
K -1 0 45
K 2 0 45
A D 1 16
H 17 B 1 0 108 4 22 11 11 33
J N 7 2911 14 4 3457 144 0
K 0 0 43
K 0 0 60
K 0 21 60
A D 4 16
J R 6 2962 28 2 5185 576 0
K 0 0 49
A D 2 16
J N 6 2998 35 3 6049 288 0
K 0 0 43
K 0 0 53
A D 2 16
J B 11 3042 1 82 6913 288 0
J N 6 3063 42 2 1 0 1 18
K 0 0 43
A D 2 16
J N 6 3099 49 2 865 288 1 18
K 0 0 43
A D 2 16
J N 6 3135 42 2 1729 288 1 18
K 0 0 43
A D 2 16
J N 6 3171 56 2 2593 288 1 18
K 0 0 43
A D 2 16
H 18 B 0 0 108 4 2 1 1 3
J N 5 3207 -35 6 3457 288 1 19
K 0 21 45
K 0 7 45
K 0 0 43
K 0 7 45
K 1 7 45
A D 1 16
J N 5 3235 -14 5 3889 144 1 19
K 0 0 45
K 0 0 43
K -1 0 45
K 2 0 45
A D 1 16
J N 5 3263 -21 5 4321 144 1 19
K 0 7 45
K 0 0 43
K 0 7 45
K 1 7 45
A D 1 16
J N 5 3291 -28 6 4753 144 1 19
K 0 14 45
K 0 0 45
K 0 0 43
K -1 0 45
K 2 0 45
A D 1 16
H 19 B 1 0 108 4 22 11 11 33
J N 5 3319 -35 6 5185 144 1 20
K 0 21 45
K 0 7 45
K 0 0 43
K 0 7 45
K 1 7 45
A D 1 16
J N 5 3347 -14 5 5617 144 1 20
K 0 0 45
K 0 0 43
K -1 0 45
K 2 0 45
A D 1 16
J N 5 3375 -21 5 6049 144 1 20
K 0 7 45
K 0 0 43
K 0 7 45
K 1 7 45
A D 1 16
J N 5 3403 -28 6 6481 144 1 20
K 0 14 45
K 0 0 45
K 0 0 43
K -1 0 45
K 2 0 45
A D 1 16
H 20 B 1 0 108 4 22 11 11 33
J B 12 3435 1 82 6913 144 0
J N 7 3456 -35 9 1 0 0
K 0 21 45
K 0 7 45
K 0 0 43
K 0 7 45
K 1 7 45
K 0 0 60
K 0 28 60
K 0 35 60
A D 4 16
J R 7 3507 28 2 1729 576 0
K 0 0 48
A D 4 16
J N 5 3558 -35 6 3457 576 2 21 22
K 0 21 45
K 0 7 45
K 0 0 43
K 0 7 45
K 1 7 45
A D 1 16
J N 5 3586 -14 5 3889 144 2 22 21
K 0 0 45
K 0 0 43
K -1 0 45
K 2 0 45
A D 1 16
H 21 S 0 0 0 0 0 0 0 0 0
J N 5 3614 -21 5 4321 144 2 23 22
K 0 7 45
K 0 0 43
K 0 7 45
K 1 7 45
A D 1 16
J N 5 3642 -28 6 4753 144 2 22 23
K 0 14 45
K 0 0 45
K 0 0 43
K -1 0 45
K 2 0 45
A D 1 16
H 22 B 1 0 108 4 22 11 11 33
H 23 S 0 0 0 0 0 0 0 0 0
J N 5 3670 -35 6 5185 144 2 24 25
K 0 21 45
K 0 7 45
K 0 0 43
K 0 7 45
K 1 7 45
A D 1 16
J N 5 3698 -28 6 5617 144 2 25 24
K 0 14 45
K 0 0 45
K 0 0 43
K -1 0 45
K 2 0 45
A D 1 16
H 24 S 0 0 0 0 0 0 0 0 0
J N 5 3726 -35 6 6049 144 2 26 25
K 0 21 45
K 0 7 45
K 0 0 43
K 0 7 45
K 1 7 45
A D 1 16
J N 5 3754 -28 6 6481 144 2 25 26
K 0 14 45
K 0 0 45
K 0 0 43
K -1 0 45
K 2 0 45
A D 1 16
H 25 B 1 0 108 4 22 11 11 33
H 26 S 0 0 0 0 0 0 0 0 0
J B 13 3786 1 82 6913 144 0
J N 7 3807 -35 9 1 0 0
K 0 21 45
K 0 7 45
K 0 0 43
K 0 7 45
K 1 7 45
K 0 0 60
K 0 28 60
K 0 35 60
A D 4 16
J R 7 3858 28 2 1729 576 0
K 0 0 48
A D 4 16
J N 5 3909 -14 5 3457 576 1 27
K 0 0 45
K 0 0 43
K -1 0 45
K 2 0 45
A D 1 16
J N 5 3937 -35 6 3889 144 1 27
K 0 21 45
K 0 7 45
K 0 0 43
K 0 7 45
K 1 7 45
A D 1 16
J N 5 3965 -28 6 4321 144 1 27
K 0 14 45
K 0 0 45
K 0 0 43
K -1 0 45
K 2 0 45
A D 1 16
J N 5 3993 -35 6 4753 144 1 27
K 0 21 45
K 0 7 45
K 0 0 43
K 0 7 45
K 1 7 45
A D 1 16
H 27 B 1 0 108 4 22 11 11 33
J N 5 4021 -14 5 5185 144 1 28
K 0 0 45
K 0 0 43
K -1 0 45
K 2 0 45
A D 1 16
J N 5 4049 -35 6 5617 144 1 28
K 0 21 45
K 0 7 45
K 0 0 43
K 0 7 45
K 1 7 45
A D 1 16
J N 5 4077 -28 6 6049 144 1 28
K 0 14 45
K 0 0 45
K 0 0 43
K -1 0 45
K 2 0 45
A D 1 16
J N 5 4105 -35 6 6481 144 1 28
K 0 21 45
K 0 7 45
K 0 0 43
K 0 7 45
K 1 7 45
A D 1 16
H 28 B 1 0 108 4 22 11 11 33
J B 14 4137 1 82 6913 144 0
J N 5 4158 -21 5 1 0 1 29
K 0 7 45
K 0 0 43
K 0 7 45
K 1 7 45
A D 1 16
J N 5 4186 -35 6 433 144 1 29
K 0 21 45
K 0 7 45
K 0 0 43
K 0 7 45
K 1 7 45
A D 1 16
J N 5 4214 -28 6 865 144 1 29
K 0 14 45
K 0 0 45
K 0 0 43
K -1 0 45
K 2 0 45
A D 1 16
J N 5 4242 -35 6 1297 144 1 29
K 0 21 45
K 0 7 45
K 0 0 43
K 0 7 45
K 1 7 45
A D 1 16
H 29 B 1 0 108 4 22 11 11 33
J N 5 4270 7 2 1729 144 1 30
K 0 0 43
A D 1 16
J N 5 4298 -35 6 2161 144 1 30
K 0 21 45
K 0 7 45
K 0 0 43
K 0 7 45
K 1 7 45
A D 1 16
J N 5 4326 -28 6 2593 144 1 30
K 0 14 45
K 0 0 45
K 0 0 43
K -1 0 45
K 2 0 45
A D 1 16
J N 5 4354 -35 6 3025 144 1 30
K 0 21 45
K 0 7 45
K 0 0 43
K 0 7 45
K 1 7 45
A D 1 16
H 30 B 1 0 108 4 22 11 11 33
J N 6 4382 14 2 3457 144 1 31
K 0 0 43
A D 2 16
J N 6 4418 -14 5 4321 288 1 31
K 0 0 45
K 0 0 43
K -1 0 45
K 2 0 45
A D 2 16
J N 6 4454 0 2 5185 288 1 31
K 0 0 43
A D 2 16
J N 6 4490 14 2 6049 288 1 31
K 0 0 43
A D 2 16
H 31 B 1 0 108 4 2 1 1 3
J B 15 4530 1 82 6913 288 0
J N 6 4551 -14 5 1 0 1 32
K 0 0 45
K 0 0 43
K -1 0 45
K 2 0 45
A D 2 16
J N 6 4587 7 2 865 288 1 32
K 0 0 43
A D 2 16
H 32 B 1 0 108 2 2 3
J N 8 4623 -14 7 1729 288 0
K 0 0 45
K 0 0 42
K -1 0 45
K 2 0 45
K 0 0 60
K 0 21 60
A D 8 16
J N 7 4699 -7 5 5185 1152 0
K -18 0 63
K 0 0 43
K 0 0 60
K 0 21 60
A D 4 16
J B 16 4754 1 82 6913 576 0
J N 5 4775 -14 5 1 0 1 33
K 0 0 45
K 0 0 43
K -1 0 45
K 2 0 45
A D 1 16
J N 5 4803 21 2 433 144 1 33
K 0 0 43
A D 1 16
J N 5 4831 28 2 865 144 1 33
K 0 0 43
A D 1 16
J N 5 4859 21 2 1297 144 1 33
K 0 0 43
A D 1 16
H 33 B 1 0 108 4 22 11 11 33
J N 5 4887 35 2 1729 144 1 34
K 0 0 43
A D 1 16
J N 5 4915 21 2 2161 144 1 34
K 0 0 43
A D 1 16
J N 5 4943 28 2 2593 144 1 34
K 0 0 43
A D 1 16
J N 5 4971 35 2 3025 144 1 34
K 0 0 43
A D 1 16
H 34 B 1 0 108 4 22 11 11 33
J N 5 4999 28 2 3457 144 1 35
K 0 0 43
A D 1 16
J N 5 5027 35 2 3889 144 1 35
K 0 0 43
A D 1 16
J N 5 5055 28 2 4321 144 1 35
K 0 0 43
A D 1 16
J N 5 5083 21 2 4753 144 1 35
K 0 0 43
A D 1 16
H 35 B 1 0 108 4 22 11 11 33
J N 5 5111 28 2 5185 144 1 36
K 0 0 43
A D 1 16
J N 5 5139 14 2 5617 144 1 36
K 0 0 43
A D 1 16
J N 5 5167 21 2 6049 144 1 36
K 0 0 43
A D 1 16
J N 5 5195 28 2 6481 144 1 36
K 0 0 43
A D 1 16
H 36 B 1 0 108 4 22 11 11 33
J B 17 5227 1 82 6913 144 0
J N 5 5248 35 2 1 0 1 37
K 0 0 43
A D 1 16
J N 5 5292 42 3 433 144 1 37
K -18 0 63
K 0 0 43
A D 1 16
J N 5 5320 35 2 865 144 1 37
K 0 0 43
A D 1 16
J N 5 5348 28 2 1297 144 1 37
K 0 0 43
A D 1 16
H 37 B 0 0 108 4 22 11 11 33
J N 5 5376 35 2 1729 144 1 38
K 0 0 43
A D 1 16
J N 5 5404 21 2 2161 144 1 38
K 0 0 43
A D 1 16
J N 5 5432 28 2 2593 144 1 38
K 0 0 43
A D 1 16
J N 5 5460 35 2 3025 144 1 38
K 0 0 43
A D 1 16
H 38 B 1 0 108 4 22 11 11 33
J N 5 5488 42 2 3457 144 1 39
K 0 0 43
A D 1 16
J N 5 5516 7 2 3889 144 1 39
K 0 0 43
A D 1 16
J N 5 5544 14 2 4321 144 1 39
K 0 0 43
A D 1 16
J N 5 5572 7 2 4753 144 1 39
K 0 0 43
A D 1 16
H 39 B 1 0 108 4 22 11 11 33
J N 5 5600 35 2 5185 144 1 40
K 0 0 43
A D 1 16
J N 5 5628 -14 5 5617 144 1 40
K 0 0 45
K 0 0 43
K -1 0 45
K 2 0 45
A D 1 16
J N 5 5672 -7 3 6049 144 1 40
K -18 0 63
K 0 0 43
A D 1 16
J N 5 5700 -14 5 6481 144 1 40
K 0 0 45
K 0 0 43
K -1 0 45
K 2 0 45
A D 1 16
H 40 B 1 0 108 4 22 11 11 33
J B 18 5732 1 82 6913 144 0
J N 5 5753 0 2 1 0 1 41
K 0 0 43
A D 1 16
J N 5 5781 -14 5 433 144 1 41
K 0 0 45
K 0 0 43
K -1 0 45
K 2 0 45
A D 1 16
J N 5 5825 -7 3 865 144 1 41
K -18 0 63
K 0 0 43
A D 1 16
J N 5 5853 -14 5 1297 144 1 41
K 0 0 45
K 0 0 43
K -1 0 45
K 2 0 45
A D 1 16
H 41 B 1 0 108 4 22 11 11 33
J N 5 5881 28 2 1729 144 1 42
K 0 0 43
A D 1 16
J N 5 5909 -14 5 2161 144 1 42
K 0 0 45
K 0 0 43
K -1 0 45
K 2 0 45
A D 1 16
J N 5 5937 -7 2 2593 144 1 42
K 0 0 43
A D 1 16
J N 5 5965 -14 5 3025 144 1 42
K 0 0 45
K 0 0 43
K -1 0 45
K 2 0 45
A D 1 16
H 42 B 1 0 108 4 22 11 11 33
J N 5 5993 35 2 3457 144 1 43
K 0 0 43
A D 1 16
J N 5 6021 7 2 3889 144 1 43
K 0 0 43
A D 1 16
J N 5 6049 0 2 4321 144 1 43
K 0 0 43
A D 1 16
J N 5 6077 -7 2 4753 144 1 43
K 0 0 43
A D 1 16
H 43 B 1 0 108 4 22 11 11 33
J N 5 6105 -14 5 5185 144 1 44
K 0 0 45
K 0 0 43
K -1 0 45
K 2 0 45
A D 1 16
J N 5 6133 7 2 5617 144 1 44
K 0 0 43
A D 1 16
J N 5 6161 0 2 6049 144 1 44
K 0 0 43
A D 1 16
J N 5 6189 -7 2 6481 144 1 44
K 0 0 43
A D 1 16
H 44 B 1 0 108 4 22 11 11 33
J B 19 6221 1 82 6913 144 0
J N 7 6242 -14 7 1 0 0
K 0 0 45
K 0 0 43
K -1 0 45
K 2 0 45
K 0 0 60
K 0 21 60
A D 4 16
J R 7 6293 28 2 1729 576 0
K 0 0 48
A D 4 16
J N 5 6344 -14 5 3457 576 2 45 46
K 0 0 45
K 0 0 43
K -1 0 45
K 2 0 45
A D 1 16
J N 5 6372 7 2 3889 144 2 46 45
K 0 0 43
A D 1 16
H 45 S 0 0 0 0 0 0 0 0 0
J N 5 6400 0 2 4321 144 2 47 46
K 0 0 43
A D 1 16
J N 5 6444 -7 3 4753 144 2 46 47
K -18 0 63
K 0 0 43
A D 1 16
H 46 B 1 0 108 4 22 11 11 33
H 47 S 0 0 0 0 0 0 0 0 0
J N 5 6472 -14 5 5185 144 2 48 49
K 0 0 45
K 0 0 43
K -1 0 45
K 2 0 45
A D 1 16
J N 5 6500 -7 2 5617 144 2 49 48
K 0 0 43
A D 1 16
H 48 S 0 0 0 0 0 0 0 0 0
J N 5 6528 -14 5 6049 144 2 50 49
K 0 0 45
K 0 0 43
K -1 0 45
K 2 0 45
A D 1 16
J N 5 6556 -7 2 6481 144 2 49 50
K 0 0 43
A D 1 16
H 49 B 1 0 108 4 22 11 11 33
H 50 S 0 0 0 0 0 0 0 0 0
J B 20 6588 1 82 6913 144 0
J N 7 6609 -14 7 1 0 0
K 0 0 45
K 0 0 43
K -1 0 45
K 2 0 45
K 0 0 60
K 0 21 60
A D 4 16
J R 7 6660 28 2 1729 576 0
K 0 0 48
A D 4 16
J N 5 6711 7 2 3457 576 1 51
K 0 0 43
A D 1 16
J N 5 6739 -14 5 3889 144 1 51
K 0 0 45
K 0 0 43
K -1 0 45
K 2 0 45
A D 1 16
J N 5 6783 -7 3 4321 144 1 51
K -18 0 63
K 0 0 43
A D 1 16
J N 5 6811 -14 5 4753 144 1 51
K 0 0 45
K 0 0 43
K -1 0 45
K 2 0 45
A D 1 16
H 51 B 1 0 108 4 22 11 11 33
J N 5 6839 7 2 5185 144 1 52
K 0 0 43
A D 1 16
J N 5 6867 -14 5 5617 144 1 52
K 0 0 45
K 0 0 43
K -1 0 45
K 2 0 45
A D 1 16
J N 5 6895 -7 2 6049 144 1 52
K 0 0 43
A D 1 16
J N 5 6923 -14 5 6481 144 1 52
K 0 0 45
K 0 0 43
K -1 0 45
K 2 0 45
A D 1 16
H 52 B 1 0 108 4 22 11 11 33
J B 21 6955 1 82 6913 144 0
J N 5 6976 0 2 1 0 1 53
K 0 0 43
A D 1 16
J N 5 7004 -14 5 433 144 1 53
K 0 0 45
K 0 0 43
K -1 0 45
K 2 0 45
A D 1 16
J N 5 7048 -7 3 865 144 1 53
K -18 0 63
K 0 0 43
A D 1 16
J N 5 7076 -14 5 1297 144 1 53
K 0 0 45
K 0 0 43
K -1 0 45
K 2 0 45
A D 1 16
H 53 B 1 0 108 4 22 11 11 33
J N 5 7104 28 2 1729 144 1 54
K 0 0 43
A D 1 16
J N 5 7132 -14 5 2161 144 1 54
K 0 0 45
K 0 0 43
K -1 0 45
K 2 0 45
A D 1 16
J N 5 7160 -7 2 2593 144 1 54
K 0 0 43
A D 1 16
J N 5 7188 -14 5 3025 144 1 54
K 0 0 45
K 0 0 43
K -1 0 45
K 2 0 45
A D 1 16
H 54 B 1 0 108 4 22 11 11 33
J N 5 7216 35 2 3457 144 1 55
K 0 0 43
A D 1 16
J N 5 7244 7 3 3889 144 1 55
K 0 0 43
K 0 89 108
A D 1 16
J N 5 7272 0 2 4321 144 1 55
K 0 0 43
A D 1 16
J N 5 7300 -7 2 4753 144 1 55
K 0 0 43
A D 1 16
H 55 B 1 0 108 4 22 11 11 33
J N 5 7328 -14 5 5185 144 1 56
K 0 0 45
K 0 0 43
K -1 0 45
K 2 0 45
A D 1 16
J N 5 7356 7 2 5617 144 1 56
K 0 0 43
A D 1 16
J N 5 7384 0 2 6049 144 1 56
K 0 0 43
A D 1 16
J N 5 7412 -7 2 6481 144 1 56
K 0 0 43
A D 1 16
H 56 B 1 0 108 4 22 11 11 33
J B 22 7444 1 82 6913 144 0
J N 7 7465 -14 7 1 0 0
K 0 0 45
K 0 0 43
K -1 0 45
K 2 0 45
K 0 0 60
K 0 21 60
A D 4 16
J R 7 7516 28 2 1729 576 0
K 0 0 48
A D 4 16
J N 5 7567 -14 5 3457 576 2 57 58
K 0 0 45
K 0 0 43
K -1 0 45
K 2 0 45
A D 1 16
J N 5 7595 7 2 3889 144 2 58 57
K 0 0 43
A D 1 16
H 57 S 0 0 0 0 0 0 0 0 0
J N 5 7623 0 2 4321 144 2 59 58
K 0 0 43
A D 1 16
J N 5 7667 -7 3 4753 144 2 58 59
K -18 0 63
K 0 0 43
A D 1 16
H 58 B 1 0 108 4 22 11 11 33
H 59 S 0 0 0 0 0 0 0 0 0
J N 5 7695 -14 5 5185 144 2 60 61
K 0 0 45
K 0 0 43
K -1 0 45
K 2 0 45
A D 1 16
J N 5 7723 -7 2 5617 144 2 61 60
K 0 0 43
A D 1 16
H 60 S 0 0 0 0 0 0 0 0 0
J N 5 7751 -14 5 6049 144 2 62 61
K 0 0 45
K 0 0 43
K -1 0 45
K 2 0 45
A D 1 16
J N 5 7779 -7 2 6481 144 2 61 62
K 0 0 43
A D 1 16
H 61 B 1 0 108 4 22 11 11 33
H 62 S 0 0 0 0 0 0 0 0 0
J B 23 7811 1 82 6913 144 0
J N 7 7832 -14 7 1 0 0
K 0 0 45
K 0 0 43
K -1 0 45
K 2 0 45
K 0 0 60
K 0 21 60
A D 4 16
J R 7 7883 28 2 1729 576 0
K 0 0 48
A D 4 16
J N 5 7934 7 3 3457 576 1 63
K 0 0 43
K 0 81 110
A D 1 16
J N 5 7962 -14 5 3889 144 1 63
K 0 0 45
K 0 0 43
K -1 0 45
K 2 0 45
A D 1 16
J N 5 8006 -7 3 4321 144 1 63
K -18 0 63
K 0 0 43
A D 1 16
J N 5 8034 -14 5 4753 144 1 63
K 0 0 45
K 0 0 43
K -1 0 45
K 2 0 45
A D 1 16
H 63 B 1 0 108 4 22 11 11 33
J N 5 8062 7 2 5185 144 1 64
K 0 0 43
A D 1 16
J N 5 8090 -14 5 5617 144 1 64
K 0 0 45
K 0 0 43
K -1 0 45
K 2 0 45
A D 1 16
J N 5 8118 -7 2 6049 144 1 64
K 0 0 43
A D 1 16
J N 5 8146 -14 5 6481 144 1 64
K 0 0 45
K 0 0 43
K -1 0 45
K 2 0 45
A D 1 16
H 64 B 1 0 108 4 22 11 11 33
J B 24 8178 1 82 6913 144 0
J N 5 8199 0 2 1 0 1 65
K 0 0 43
A D 1 16
J N 5 8227 -14 5 433 144 1 65
K 0 0 45
K 0 0 43
K -1 0 45
K 2 0 45
A D 1 16
J N 5 8271 -7 3 865 144 1 65
K -18 0 63
K 0 0 43
A D 1 16
J N 5 8299 -14 5 1297 144 1 65
K 0 0 45
K 0 0 43
K -1 0 45
K 2 0 45
A D 1 16
H 65 B 1 0 108 4 22 11 11 33
J N 5 8327 28 2 1729 144 1 66
K 0 0 43
A D 1 16
J N 5 8355 -14 5 2161 144 1 66
K 0 0 45
K 0 0 43
K -1 0 45
K 2 0 45
A D 1 16
J N 5 8383 -7 2 2593 144 1 66
K 0 0 43
A D 1 16
J N 5 8411 -14 5 3025 144 1 66
K 0 0 45
K 0 0 43
K -1 0 45
K 2 0 45
A D 1 16
H 66 B 1 0 108 4 22 11 11 33
J N 7 8439 35 4 3457 144 0
K 0 0 43
K 0 0 59
K 0 -21 59
A D 4 16
J R 6 8490 28 2 5185 576 0
K 0 0 49
A D 2 16
J N 6 8526 21 3 6049 288 0
K 0 0 43
K 0 0 54
A D 2 16
J B 25 8566 1 82 6913 288 0
J N 7 8587 28 4 1 0 0
K 0 0 43
K 0 0 60
K 0 21 60
A D 4 16
J R 6 8638 28 2 1729 576 0
K 0 0 49
A D 2 16
J N 6 8674 7 3 2593 288 0
K 0 0 43
K 0 0 54
A D 2 16
J N 8 8710 21 4 3457 288 0
K 0 0 42
K 0 0 60
K 0 21 60
A D 8 16
J B 26 8812 10 6 6913 1152 0
K -22 21 44
K -22 35 44
K -12 0 84
K 0 0 84
K 11 21 44
K 11 35 44
J N 5 8849 21 2 1 0 1 67
K 0 0 43
A D 1 16
J N 5 8877 7 2 433 144 1 67
K 0 0 43
A D 1 16
J N 5 8905 14 2 865 144 1 67
K 0 0 43
A D 1 16
J N 5 8933 7 2 1297 144 1 67
K 0 0 43
A D 1 16
H 67 B 1 0 108 4 22 11 11 33
J N 5 8961 21 2 1729 144 1 68
K 0 0 43
A D 1 16
J N 5 8989 7 2 2161 144 1 68
K 0 0 43
A D 1 16
J N 5 9017 14 2 2593 144 1 68
K 0 0 43
A D 1 16
J N 5 9045 7 2 3025 144 1 68
K 0 0 43
A D 1 16
H 68 B 1 0 108 4 22 11 11 33
J N 5 9073 28 2 3457 144 1 69
K 0 0 43
A D 1 16
J N 5 9101 7 2 3889 144 1 69
K 0 0 43
A D 1 16
J N 5 9129 14 2 4321 144 1 69
K 0 0 43
A D 1 16
J N 5 9157 7 2 4753 144 1 69
K 0 0 43
A D 1 16
H 69 B 1 0 108 4 22 11 11 33
J N 5 9185 28 2 5185 144 1 70
K 0 0 43
A D 1 16
J N 5 9213 7 2 5617 144 1 70
K 0 0 43
A D 1 16
J N 5 9241 14 2 6049 144 1 70
K 0 0 43
A D 1 16
J N 5 9269 7 2 6481 144 1 70
K 0 0 43
A D 1 16
H 70 B 1 0 108 4 22 11 11 33
J B 27 9301 1 82 6913 144 0
J N 7 9322 21 4 1 0 0
K 0 0 43
K 0 0 60
K 0 21 60
A D 4 16
J N 7 9373 84 8 1729 576 0
K 1 -14 45
K 1 0 45
K 0 0 43
K -1 0 45
K 2 0 45
K 0 0 59
K 0 -28 59
A D 4 16
J N 7 9424 56 4 3457 576 0
K 0 0 43
K 0 0 59
K 0 -21 59
A D 4 16
J R 7 9475 28 2 5185 576 0
K 0 0 48
A D 4 16
J B 28 9530 1 82 6913 576 0
J N 5 9551 21 2 1 0 1 71
K 0 0 43
A D 1 16
J N 5 9579 0 2 433 144 1 71
K 0 0 43
A D 1 16
J N 5 9607 7 2 865 144 1 71
K 0 0 43
A D 1 16
J N 5 9635 0 2 1297 144 1 71
K 0 0 43
A D 1 16
H 71 B 1 0 108 4 22 11 11 33
J N 5 9663 14 2 1729 144 1 72
K 0 0 43
A D 1 16
J N 5 9691 0 2 2161 144 1 72
K 0 0 43
A D 1 16
J N 5 9719 7 2 2593 144 1 72
K 0 0 43
A D 1 16
J N 5 9747 0 2 3025 144 1 72
K 0 0 43
A D 1 16
H 72 B 1 0 108 4 22 11 11 33
J N 5 9775 21 2 3457 144 1 73
K 0 0 43
A D 1 16
J N 5 9803 0 2 3889 144 1 73
K 0 0 43
A D 1 16
J N 5 9831 7 2 4321 144 1 73
K 0 0 43
A D 1 16
J N 5 9859 0 2 4753 144 1 73
K 0 0 43
A D 1 16
H 73 B 1 0 108 4 22 11 11 33
J N 5 9887 21 2 5185 144 1 74
K 0 0 43
A D 1 16
J N 5 9915 0 2 5617 144 1 74
K 0 0 43
A D 1 16
J N 5 9943 7 2 6049 144 1 74
K 0 0 43
A D 1 16
J N 5 9971 0 2 6481 144 1 74
K 0 0 43
A D 1 16
H 74 B 1 0 108 4 22 11 11 33
J B 29 10003 1 82 6913 144 0
J N 7 10024 14 4 1 0 0
K 0 0 43
K 0 0 60
K 0 21 60
A D 4 16
J N 7 10075 77 7 1729 576 0
K 1 -7 45
K 0 0 43
K 0 -7 45
K 1 -7 45
K 0 0 59
K 0 -21 59
A D 4 16
J N 7 10126 49 4 3457 576 0
K 0 0 43
K 0 0 59
K 0 -21 59
A D 4 16
J R 7 10177 28 2 5185 576 0
K 0 0 48
A D 4 16
J B 30 10232 1 82 6913 576 0
J N 5 10253 0 2 1 0 1 75
K 0 0 43
A D 1 16
J N 5 10281 14 2 433 144 1 75
K 0 0 43
A D 1 16
J N 5 10309 7 2 865 144 1 75
K 0 0 43
A D 1 16
J N 5 10337 0 2 1297 144 1 75
K 0 0 43
A D 1 16
H 75 B 1 0 108 4 22 11 11 33
J N 5 10365 -7 2 1729 144 1 76
K 0 0 43
A D 1 16
J N 5 10393 -14 5 2161 144 1 76
K 0 0 45
K 0 0 43
K -1 0 45
K 2 0 45
A D 1 16
J N 5 10421 -7 2 2593 144 1 76
K 0 0 43
A D 1 16
J N 5 10449 -14 5 3025 144 1 76
K 0 0 45
K 0 0 43
K -1 0 45
K 2 0 45
A D 1 16
H 76 B 1 0 108 4 22 11 11 33
J N 5 10477 -7 2 3457 144 1 77
K 0 0 43
A D 1 16
J N 5 10505 21 2 3889 144 1 77
K 0 0 43
A D 1 16
J N 5 10533 14 2 4321 144 1 77
K 0 0 43
A D 1 16
J N 5 10561 7 2 4753 144 1 77
K 0 0 43
A D 1 16
H 77 B 1 0 108 4 22 11 11 33
J N 5 10589 0 2 5185 144 1 78
K 0 0 43
A D 1 16
J N 5 10617 -7 2 5617 144 1 78
K 0 0 43
A D 1 16
J N 5 10645 0 2 6049 144 1 78
K 0 0 43
A D 1 16
J N 5 10673 -7 2 6481 144 1 78
K 0 0 43
A D 1 16
H 78 B 1 0 108 4 22 11 11 33
J B 31 10705 1 82 6913 144 0
J N 5 10726 0 2 1 0 1 79
K 0 0 43
A D 1 16
J N 5 10754 28 2 433 144 1 79
K 0 0 43
A D 1 16
J N 5 10782 21 2 865 144 1 79
K 0 0 43
A D 1 16
J N 5 10810 14 2 1297 144 1 79
K 0 0 43
A D 1 16
H 79 B 1 0 108 4 22 11 11 33
J N 5 10838 7 2 1729 144 1 80
K 0 0 43
A D 1 16
J N 5 10866 0 2 2161 144 1 80
K 0 0 43
A D 1 16
J N 5 10894 7 2 2593 144 1 80
K 0 0 43
A D 1 16
J N 5 10922 0 2 3025 144 1 80
K 0 0 43
A D 1 16
H 80 B 1 0 108 4 22 11 11 33
J N 5 10950 7 2 3457 144 1 81
K 0 0 43
A D 1 16
J N 5 10978 -7 2 3889 144 1 81
K 0 0 43
A D 1 16
J N 5 11006 0 2 4321 144 1 81
K 0 0 43
A D 1 16
J N 5 11034 7 2 4753 144 1 81
K 0 0 43
A D 1 16
H 81 B 1 0 108 4 22 11 11 33
J N 5 11062 14 2 5185 144 1 82
K 0 0 43
A D 1 16
J N 5 11090 0 2 5617 144 1 82
K 0 0 43
A D 1 16
J N 5 11118 7 2 6049 144 1 82
K 0 0 43
A D 1 16
J N 5 11146 14 2 6481 144 1 82
K 0 0 43
A D 1 16
H 82 B 1 0 108 4 22 11 11 33
J B 32 11178 1 82 6913 144 0
J N 5 11199 21 2 1 0 1 83
K 0 0 43
A D 1 16
J N 5 11227 0 2 433 144 1 83
K 0 0 43
A D 1 16
J N 5 11255 7 2 865 144 1 83
K 0 0 43
A D 1 16
J N 5 11283 14 2 1297 144 1 83
K 0 0 43
A D 1 16
H 83 B 1 0 108 4 22 11 11 33
J N 7 11311 21 4 1729 144 0
K 0 0 43
K 0 0 60
K 0 21 60
A D 4 16
J N 5 11362 28 2 3457 576 1 84
K 0 0 43
A D 1 16
J N 5 11390 -21 5 3889 144 1 84
K 0 7 45
K 0 0 43
K 0 7 45
K 1 7 45
A D 1 16
J N 5 11434 -14 6 4321 144 1 84
K 0 0 45
K -18 0 63
K 0 0 43
K -1 0 45
K 2 0 45
A D 1 16
J N 5 11462 -21 5 4753 144 1 84
K 0 7 45
K 0 0 43
K 0 7 45
K 1 7 45
A D 1 16
H 84 B 1 0 108 4 22 11 11 33
J N 5 11490 0 2 5185 144 1 85
K 0 0 43
A D 1 16
J N 5 11518 -21 5 5617 144 1 85
K 0 7 45
K 0 0 43
K 0 7 45
K 1 7 45
A D 1 16
J N 5 11546 -14 5 6049 144 1 85
K 0 0 45
K 0 0 43
K -1 0 45
K 2 0 45
A D 1 16
J N 5 11574 -21 5 6481 144 1 85
K 0 7 45
K 0 0 43
K 0 7 45
K 1 7 45
A D 1 16
H 85 B 1 0 108 4 22 11 11 33
J B 33 11606 1 82 6913 144 0
J N 5 11633 14 3 1 0 1 86
K -18 0 63
K 0 0 43
A D 1 16
J N 5 11661 -21 5 433 144 1 86
K 0 7 45
K 0 0 43
K 0 7 45
K 1 7 45
A D 1 16
J N 5 11689 -14 5 865 144 1 86
K 0 0 45
K 0 0 43
K -1 0 45
K 2 0 45
A D 1 16
J N 5 11717 -21 5 1297 144 1 86
K 0 7 45
K 0 0 43
K 0 7 45
K 1 7 45
A D 1 16
H 86 B 1 0 108 4 22 11 11 33
J N 5 11745 28 2 1729 144 1 87
K 0 0 43
A D 1 16
J N 5 11773 -21 5 2161 144 1 87
K 0 7 45
K 0 0 43
K 0 7 45
K 1 7 45
A D 1 16
J N 5 11801 -14 5 2593 144 1 87
K 0 0 45
K 0 0 43
K -1 0 45
K 2 0 45
A D 1 16
J N 5 11829 -21 5 3025 144 1 87
K 0 7 45
K 0 0 43
K 0 7 45
K 1 7 45
A D 1 16
H 87 B 1 0 108 4 22 11 11 33
J N 7 11857 -7 4 3457 144 0
K 0 0 43
K 0 0 60
K 0 21 60
A D 4 16
J R 7 11908 28 2 5185 576 0
K 0 0 48
A D 4 16
J B 34 11963 1 82 6913 576 0
J N 7 11984 0 4 1 0 0
K 0 0 43
K 0 0 60
K 0 21 60
A D 4 16
J R 7 12035 28 2 1729 576 0
K 0 0 48
A D 4 16
J R 5 12086 28 3 3457 576 0
K 0 14 49
K 4 0 50
A D 1 16
J N 5 12118 -21 6 3889 144 1 88
K 0 7 45
K 0 0 43
K 0 7 45
K 1 7 45
K 0 99 108
A D 1 16
J N 5 12146 -14 5 4321 144 1 88
K 0 0 45
K 0 0 43
K -1 0 45
K 2 0 45
A D 1 16
J N 5 12174 -21 5 4753 144 1 88
K 0 7 45
K 0 0 43
K 0 7 45
K 1 7 45
A D 1 16
H 88 B 1 0 108 3 22 11 33
J N 5 12202 28 2 5185 144 1 89
K 0 0 43
A D 1 16
J N 5 12230 -21 5 5617 144 1 89
K 0 7 45
K 0 0 43
K 0 7 45
K 1 7 45
A D 1 16
J N 5 12258 28 2 6049 144 1 89
K 0 0 43
A D 1 16
J N 5 12286 -21 5 6481 144 1 89
K 0 7 45
K 0 0 43
K 0 7 45
K 1 7 45
A D 1 16
H 89 B 1 0 108 4 22 11 11 33
J B 35 12318 1 82 6913 144 0
J N 5 12339 21 2 1 0 1 90
K 0 0 43
A D 1 16
J N 5 12367 -21 5 433 144 1 90
K 0 7 45
K 0 0 43
K 0 7 45
K 1 7 45
A D 1 16
J N 5 12395 21 2 865 144 1 90
K 0 0 43
A D 1 16
J N 5 12423 -21 5 1297 144 1 90
K 0 7 45
K 0 0 43
K 0 7 45
K 1 7 45
A D 1 16
H 90 B 1 0 108 4 22 11 11 33
J N 5 12451 14 3 1729 144 1 91
K -18 0 63
K 0 0 43
A D 1 16
J N 5 12479 -21 5 2161 144 1 91
K 0 7 45
K 0 0 43
K 0 7 45
K 1 7 45
A D 1 16
J N 5 12507 14 2 2593 144 1 91
K 0 0 43
A D 1 16
J N 5 12535 -21 5 3025 144 1 91
K 0 7 45
K 0 0 43
K 0 7 45
K 1 7 45
A D 1 16
H 91 B 1 0 108 4 22 11 11 33
J N 8 12563 7 4 3457 144 0
K 0 0 42
K 0 0 60
K 0 21 60
A D 8 16
J B 36 12643 1 82 6913 1152 0
J N 8 12664 7 4 1 0 0
K 0 0 42
K 0 0 60
K 0 21 60
A D 8 16
J N 7 12740 7 5 3457 1152 0
K 0 0 43
K 0 78 110
K 0 0 60
K 0 21 60
A D 4 16
J N 7 12791 7 4 5185 576 1 92
K 0 0 43
K 0 0 60
K 0 21 60
A D 4 16
J B 37 12846 1 82 6913 576 0
J N 7 12867 7 4 1 0 1 92
K 0 0 43
K 0 0 60
K 0 21 60
A D 4 16
H 92 T 7 0 0 0 0 0 1 0
J N 7 12918 14 5 1729 576 0
K -18 0 63
K 0 0 43
K 0 0 60
K 0 21 60
A D 4 16
J N 6 12969 7 2 3457 576 1 93
K 0 0 43
A D 2 16
J N 6 13005 28 2 4321 288 1 93
K 0 0 43
A D 2 16
H 93 B 1 0 108 2 2 3
J N 7 13041 7 4 5185 288 0
K 0 0 43
K 0 0 60
K 0 21 60
A D 4 16
J B 38 13096 1 82 6913 576 0
J R 6 13117 28 2 1 0 0
K 0 0 49
A D 2 16
J N 6 13153 28 3 865 288 0
K 0 0 43
K 0 0 54
A D 2 16
J N 7 13189 7 4 1729 288 0
K 0 0 43
K 0 0 60
K 0 21 60
A D 4 16
J R 5 13240 28 3 3457 576 0
K 0 14 49
K 4 0 50
A D 1 16
J N 5 13272 -14 5 3889 144 1 94
K 0 0 45
K 0 0 43
K -1 0 45
K 2 0 45
A D 1 16
J N 5 13316 -7 3 4321 144 1 94
K -18 0 63
K 0 0 43
A D 1 16
J N 5 13344 -14 5 4753 144 1 94
K 0 0 45
K 0 0 43
K -1 0 45
K 2 0 45
A D 1 16
H 94 B 1 0 108 3 22 11 33
J N 5 13372 7 2 5185 144 1 95
K 0 0 43
A D 1 16
J N 5 13400 -14 5 5617 144 1 95
K 0 0 45
K 0 0 43
K -1 0 45
K 2 0 45
A D 1 16
J N 5 13428 -7 2 6049 144 1 95
K 0 0 43
A D 1 16
J N 5 13456 -14 5 6481 144 1 95
K 0 0 45
K 0 0 43
K -1 0 45
K 2 0 45
A D 1 16
H 95 B 1 0 108 4 22 11 11 33
J B 39 13488 1 82 6913 144 0
J N 5 13509 21 2 1 0 1 96
K 0 0 43
A D 1 16
J N 5 13537 -14 5 433 144 1 96
K 0 0 45
K 0 0 43
K -1 0 45
K 2 0 45
A D 1 16
J N 5 13581 -7 3 865 144 1 96
K -18 0 63
K 0 0 43
A D 1 16
J N 5 13609 -14 5 1297 144 1 96
K 0 0 45
K 0 0 43
K -1 0 45
K 2 0 45
A D 1 16
H 96 B 1 0 108 4 22 11 11 33
J N 5 13637 35 2 1729 144 1 97
K 0 0 43
A D 1 16
J N 5 13665 -14 5 2161 144 1 97
K 0 0 45
K 0 0 43
K -1 0 45
K 2 0 45
A D 1 16
J N 5 13693 -7 2 2593 144 1 97
K 0 0 43
A D 1 16
J N 5 13721 -14 5 3025 144 1 97
K 0 0 45
K 0 0 43
K -1 0 45
K 2 0 45
A D 1 16
H 97 B 1 0 108 4 22 11 11 33
J N 6 13749 0 2 3457 144 1 98
K 0 0 43
A D 2 16
J N 6 13785 -14 5 4321 288 1 98
K 0 0 45
K 0 0 43
K -1 0 45
K 2 0 45
A D 2 16
H 98 B 1 0 108 2 2 3
J N 7 13821 -35 9 5185 288 0
K 0 21 45
K 0 7 45
K 0 0 43
K 0 7 45
K 1 7 45
K 0 0 60
K 0 28 60
K 0 35 60
A D 4 16
J B 40 13876 1 82 6913 576 0
J R 6 13897 28 2 1 0 0
K 0 0 49
A D 2 16
J N 6 13933 -14 6 865 288 0
K 0 0 45
K 0 0 43
K -1 0 45
K 2 0 45
K 0 0 54
A D 2 16
J N 7 13969 -35 9 1729 288 0
K 0 21 45
K 0 7 45
K 0 0 43
K 0 7 45
K 1 7 45
K 0 0 60
K 0 28 60
K 0 35 60
A D 4 16
J R 5 14020 28 3 3457 576 0
K 0 14 49
K 4 0 50
A D 1 16
J N 5 14052 -35 6 3889 144 1 99
K 0 21 45
K 0 7 45
K 0 0 43
K 0 7 45
K 1 7 45
A D 1 16
J N 5 14080 -28 6 4321 144 1 99
K 0 14 45
K 0 0 45
K 0 0 43
K -1 0 45
K 2 0 45
A D 1 16
J N 5 14108 -35 6 4753 144 1 99
K 0 21 45
K 0 7 45
K 0 0 43
K 0 7 45
K 1 7 45
A D 1 16
H 99 B 1 0 108 3 22 11 33
J N 5 14136 -21 5 5185 144 1 100
K 0 7 45
K 0 0 43
K 0 7 45
K 1 7 45
A D 1 16
J N 5 14164 -28 6 5617 144 1 100
K 0 14 45
K 0 0 45
K 0 0 43
K -1 0 45
K 2 0 45
A D 1 16
J N 5 14192 -14 5 6049 144 1 100
K 0 0 45
K 0 0 43
K -1 0 45
K 2 0 45
A D 1 16
J N 5 14220 -21 5 6481 144 1 100
K 0 7 45
K 0 0 43
K 0 7 45
K 1 7 45
A D 1 16
H 100 B 1 0 108 4 22 11 11 33
J B 41 14252 1 82 6913 144 0
J N 5 14273 -7 2 1 0 1 101
K 0 0 43
A D 1 16
J N 5 14301 -21 5 433 144 1 101
K 0 7 45
K 0 0 43
K 0 7 45
K 1 7 45
A D 1 16
J N 5 14329 -14 5 865 144 1 101
K 0 0 45
K 0 0 43
K -1 0 45
K 2 0 45
A D 1 16
J N 5 14357 -21 5 1297 144 1 101
K 0 7 45
K 0 0 43
K 0 7 45
K 1 7 45
A D 1 16
H 101 B 1 0 108 4 22 11 11 33
J N 5 14385 -7 2 1729 144 1 102
K 0 0 43
A D 1 16
J N 5 14413 -14 5 2161 144 1 102
K 0 0 45
K 0 0 43
K -1 0 45
K 2 0 45
A D 1 16
J N 5 14441 0 2 2593 144 1 102
K 0 0 43
A D 1 16
J N 5 14469 -7 2 3025 144 1 102
K 0 0 43
A D 1 16
H 102 B 1 0 108 4 22 11 11 33
J N 7 14497 7 4 3457 144 0
K 0 0 43
K 0 0 60
K 0 21 60
A D 4 16
J R 6 14548 28 2 5185 576 0
K 0 0 49
A D 2 16
J N 6 14584 -14 6 6049 288 0
K 0 0 45
K 0 0 43
K -1 0 45
K 2 0 45
K 0 0 54
A D 2 16
J B 42 14624 1 82 6913 288 0
J N 6 14645 -21 5 1 0 1 103
K 0 7 45
K 0 0 43
K 0 7 45
K 1 7 45
A D 2 16
J N 6 14681 42 2 865 288 1 103
K 0 0 43
A D 2 16
H 103 B 1 0 108 2 2 3
J R 6 14717 28 2 1729 288 0
K 0 0 49
A D 2 16
J N 6 14753 -21 7 2593 288 0
K 0 7 45
K 0 0 43
K 0 7 45
K 1 7 45
K 0 0 60
K 0 0 54
A D 2 16
J N 6 14789 -28 6 3457 288 1 104
K 0 14 45
K 0 0 45
K 0 0 43
K -1 0 45
K 2 0 45
A D 2 16
J N 6 14825 35 2 4321 288 1 104
K 0 0 43
A D 2 16
H 104 B 1 0 108 2 2 3
J R 6 14861 28 2 5185 288 0
K 0 0 49
A D 2 16
J N 6 14897 -28 8 6049 288 0
K 0 14 45
K 0 0 45
K 0 0 43
K -1 0 45
K 2 0 45
K 0 0 60
K 0 7 54
A D 2 16
J B 43 14937 1 82 6913 288 0
J N 6 14958 -35 6 1 0 1 105
K 0 21 45
K 0 7 45
K 0 0 43
K 0 7 45
K 1 7 45
A D 2 16
J N 6 14994 28 2 865 288 1 105
K 0 0 43
A D 2 16
H 105 B 1 0 108 2 2 3
J R 6 15030 28 2 1729 288 0
K 0 0 49
A D 2 16
J N 6 15066 28 3 2593 288 0
K 0 0 43
K 0 0 54
A D 2 16
J N 6 15102 21 2 3457 288 1 106
K 0 0 43
A D 2 16
J N 6 15138 35 2 4321 288 1 106
K 0 0 43
A D 2 16
H 106 B 1 0 108 2 2 3
J N 7 15174 14 4 5185 288 1 107
K 0 0 43
K 0 0 60
K 0 21 60
A D 4 16
J B 44 15229 1 82 6913 576 0
J N 7 15250 14 4 1 0 1 107
K 0 0 43
K 0 0 60
K 0 21 60
A D 4 16
H 107 T 14 0 0 0 0 0 5 0
J N 7 15301 21 4 1729 576 0
K 0 0 43
K 0 0 60
K 0 21 60
A D 4 16
J N 5 15352 -35 6 3457 576 1 108
K 0 21 45
K 0 7 45
K 0 0 43
K 0 7 45
K 1 7 45
A D 1 16
J N 5 15380 -14 5 3889 144 1 108
K 0 0 45
K 0 0 43
K -1 0 45
K 2 0 45
A D 1 16
J N 5 15408 -21 5 4321 144 1 108
K 0 7 45
K 0 0 43
K 0 7 45
K 1 7 45
A D 1 16
J N 5 15436 -28 6 4753 144 1 108
K 0 14 45
K 0 0 45
K 0 0 43
K -1 0 45
K 2 0 45
A D 1 16
H 108 B 1 0 108 4 22 11 11 33
J N 5 15464 -35 6 5185 144 1 109
K 0 21 45
K 0 7 45
K 0 0 43
K 0 7 45
K 1 7 45
A D 1 16
J N 5 15492 -14 5 5617 144 1 109
K 0 0 45
K 0 0 43
K -1 0 45
K 2 0 45
A D 1 16
J N 5 15520 -21 5 6049 144 1 109
K 0 7 45
K 0 0 43
K 0 7 45
K 1 7 45
A D 1 16
J N 5 15548 -28 6 6481 144 1 109
K 0 14 45
K 0 0 45
K 0 0 43
K -1 0 45
K 2 0 45
A D 1 16
H 109 B 1 0 108 4 22 11 11 33
J B 45 15580 1 82 6913 144 0
J N 7 15601 -35 9 1 0 0
K 0 21 45
K 0 7 45
K 0 0 43
K 0 7 45
K 1 7 45
K 0 0 60
K 0 28 60
K 0 35 60
A D 4 16
J R 7 15652 28 2 1729 576 0
K 0 0 48
A D 4 16
J N 5 15703 -35 6 3457 576 2 110 111
K 0 21 45
K 0 7 45
K 0 0 43
K 0 7 45
K 1 7 45
A D 1 16
J N 5 15731 -14 5 3889 144 2 111 110
K 0 0 45
K 0 0 43
K -1 0 45
K 2 0 45
A D 1 16
H 110 S 0 0 0 0 0 0 0 0 0
J N 5 15759 -21 5 4321 144 2 112 111
K 0 7 45
K 0 0 43
K 0 7 45
K 1 7 45
A D 1 16
J N 5 15787 -28 6 4753 144 2 111 112
K 0 14 45
K 0 0 45
K 0 0 43
K -1 0 45
K 2 0 45
A D 1 16
H 111 B 1 0 108 4 22 11 11 33
H 112 S 0 0 0 0 0 0 0 0 0
J N 5 15815 -35 6 5185 144 2 113 114
K 0 21 45
K 0 7 45
K 0 0 43
K 0 7 45
K 1 7 45
A D 1 16
J N 5 15843 -28 6 5617 144 2 114 113
K 0 14 45
K 0 0 45
K 0 0 43
K -1 0 45
K 2 0 45
A D 1 16
H 113 S 0 0 0 0 0 0 0 0 0
J N 5 15871 -35 6 6049 144 2 115 114
K 0 21 45
K 0 7 45
K 0 0 43
K 0 7 45
K 1 7 45
A D 1 16
J N 5 15899 -28 6 6481 144 2 114 115
K 0 14 45
K 0 0 45
K 0 0 43
K -1 0 45
K 2 0 45
A D 1 16
H 114 B 1 0 108 4 22 11 11 33
H 115 S 0 0 0 0 0 0 0 0 0
J B 46 15931 1 82 6913 144 0
J N 7 15952 -35 9 1 0 0
K 0 21 45
K 0 7 45
K 0 0 43
K 0 7 45
K 1 7 45
K 0 0 60
K 0 28 60
K 0 35 60
A D 4 16
J R 7 16003 28 2 1729 576 0
K 0 0 48
A D 4 16
J N 5 16054 -14 5 3457 576 1 116
K 0 0 45
K 0 0 43
K -1 0 45
K 2 0 45
A D 1 16
J N 5 16082 -35 6 3889 144 1 116
K 0 21 45
K 0 7 45
K 0 0 43
K 0 7 45
K 1 7 45
A D 1 16
J N 5 16110 -28 6 4321 144 1 116
K 0 14 45
K 0 0 45
K 0 0 43
K -1 0 45
K 2 0 45
A D 1 16
J N 5 16138 -35 6 4753 144 1 116
K 0 21 45
K 0 7 45
K 0 0 43
K 0 7 45
K 1 7 45
A D 1 16
H 116 B 1 0 108 4 22 11 11 33
J N 5 16166 -14 5 5185 144 1 117
K 0 0 45
K 0 0 43
K -1 0 45
K 2 0 45
A D 1 16
J N 5 16194 -35 6 5617 144 1 117
K 0 21 45
K 0 7 45
K 0 0 43
K 0 7 45
K 1 7 45
A D 1 16
J N 5 16222 -28 6 6049 144 1 117
K 0 14 45
K 0 0 45
K 0 0 43
K -1 0 45
K 2 0 45
A D 1 16
J N 5 16250 -35 6 6481 144 1 117
K 0 21 45
K 0 7 45
K 0 0 43
K 0 7 45
K 1 7 45
A D 1 16
H 117 B 1 0 108 4 22 11 11 33
J B 47 16282 1 82 6913 144 0
J N 5 16303 -21 5 1 0 1 118
K 0 7 45
K 0 0 43
K 0 7 45
K 1 7 45
A D 1 16
J N 5 16331 -35 6 433 144 1 118
K 0 21 45
K 0 7 45
K 0 0 43
K 0 7 45
K 1 7 45
A D 1 16
J N 5 16359 -28 6 865 144 1 118
K 0 14 45
K 0 0 45
K 0 0 43
K -1 0 45
K 2 0 45
A D 1 16
J N 5 16387 -35 6 1297 144 1 118
K 0 21 45
K 0 7 45
K 0 0 43
K 0 7 45
K 1 7 45
A D 1 16
H 118 B 1 0 108 4 22 11 11 33
J N 5 16415 7 2 1729 144 1 119
K 0 0 43
A D 1 16
J N 5 16443 -35 6 2161 144 1 119
K 0 21 45
K 0 7 45
K 0 0 43
K 0 7 45
K 1 7 45
A D 1 16
J N 5 16471 -28 6 2593 144 1 119
K 0 14 45
K 0 0 45
K 0 0 43
K -1 0 45
K 2 0 45
A D 1 16
J N 5 16499 -35 6 3025 144 1 119
K 0 21 45
K 0 7 45
K 0 0 43
K 0 7 45
K 1 7 45
A D 1 16
H 119 B 1 0 108 4 22 11 11 33
J N 7 16527 14 4 3457 144 0
K 0 0 43
K 0 0 60
K 0 21 60
A D 4 16
J R 7 16578 28 2 5185 576 0
K 0 0 48
A D 4 16
J B 48 16633 1 82 6913 576 0
J N 5 16654 14 3 1 0 1 120
K 0 0 43
K 0 88 108
A D 1 16
J N 5 16682 35 2 433 144 1 120
K 0 0 43
A D 1 16
J N 5 16710 28 2 865 144 1 120
K 0 0 43
A D 1 16
J N 5 16738 21 2 1297 144 1 120
K 0 0 43
A D 1 16
H 120 B 1 0 108 4 22 11 11 33
J N 5 16766 14 2 1729 144 1 121
K 0 0 43
A D 1 16
J N 5 16794 35 2 2161 144 1 121
K 0 0 43
A D 1 16
J N 5 16822 28 2 2593 144 1 121
K 0 0 43
A D 1 16
J N 5 16850 21 2 3025 144 1 121
K 0 0 43
A D 1 16
H 121 B 1 0 108 4 22 11 11 33
J N 7 16878 14 4 3457 144 0
K 0 0 43
K 0 0 60
K 0 21 60
A D 4 16
J R 7 16929 28 2 5185 576 0
K 0 0 48
A D 4 16
J B 49 16984 1 82 6913 576 0
J N 5 17005 14 2 1 0 2 122 123
K 0 0 43
A D 1 16
J N 5 17033 35 2 433 144 2 123 122
K 0 0 43
A D 1 16
H 122 S 0 0 0 0 0 0 0 0 0
J N 5 17061 28 2 865 144 2 124 123
K 0 0 43
A D 1 16
J N 5 17089 21 2 1297 144 2 123 124
K 0 0 43
A D 1 16
H 123 B 1 0 108 4 22 11 11 33
H 124 S 0 0 0 0 0 0 0 0 0
J N 5 17117 14 2 1729 144 2 125 126
K 0 0 43
A D 1 16
J N 5 17145 21 2 2161 144 2 126 125
K 0 0 43
A D 1 16
H 125 S 0 0 0 0 0 0 0 0 0
J N 5 17173 14 2 2593 144 2 127 126
K 0 0 43
A D 1 16
J N 5 17201 21 2 3025 144 2 126 127
K 0 0 43
A D 1 16
H 126 B 1 0 108 4 22 11 11 33
H 127 S 0 0 0 0 0 0 0 0 0
J N 7 17229 14 4 3457 144 0
K 0 0 43
K 0 0 60
K 0 21 60
A D 4 16
J R 6 17280 28 2 5185 576 0
K 0 0 49
A D 2 16
J N 6 17316 49 4 6049 288 0
K 0 0 43
K 0 39 110
K 0 0 53
A D 2 16
J B 50 17360 1 82 6913 288 0
J N 7 17381 56 4 1 0 0
K 0 0 43
K 0 0 59
K 0 -21 59
A D 4 16
J R 6 17432 28 2 1729 576 0
K 0 0 49
A D 2 16
J N 6 17468 35 3 2593 288 0
K 0 0 43
K 0 0 53
A D 2 16
J N 5 17508 49 2 3457 288 1 128
K 0 0 43
A D 1 16
J N 5 17536 14 2 3889 144 1 128
K 0 0 43
A D 1 16
J N 5 17564 21 2 4321 144 1 128
K 0 0 43
A D 1 16
J N 5 17592 14 2 4753 144 1 128
K 0 0 43
A D 1 16
H 128 B 1 0 108 4 22 11 11 33
J N 5 17620 35 2 5185 144 1 129
K 0 0 43
A D 1 16
J N 5 17648 14 2 5617 144 1 129
K 0 0 43
A D 1 16
J N 5 17676 21 2 6049 144 1 129
K 0 0 43
A D 1 16
J N 5 17704 14 2 6481 144 1 129
K 0 0 43
A D 1 16
H 129 B 1 0 108 4 22 11 11 33
J B 51 17736 1 82 6913 144 0
J N 5 17757 28 2 1 0 1 130
K 0 0 43
A D 1 16
J N 5 17785 14 2 433 144 1 130
K 0 0 43
A D 1 16
J N 5 17813 21 2 865 144 1 130
K 0 0 43
A D 1 16
J N 5 17841 14 2 1297 144 1 130
K 0 0 43
A D 1 16
H 130 B 1 0 108 4 22 11 11 33
J N 5 17869 56 2 1729 144 1 131
K 0 0 43
A D 1 16
J N 5 17897 14 2 2161 144 1 131
K 0 0 43
A D 1 16
J N 5 17925 21 2 2593 144 1 131
K 0 0 43
A D 1 16
J N 5 17953 14 2 3025 144 1 131
K 0 0 43
A D 1 16
H 131 B 1 0 108 4 22 11 11 33
J N 8 17981 63 4 3457 144 0
K 0 0 42
K 0 0 59
K 0 -21 59
A D 8 16
J B 0 18084 6 4 6913 1152 0
K -23 21 44
K -23 35 44
K -13 0 82
K -6 0 84
J M 0 18084 0 0 10000 0 0
