@ SOURCE: not identified 
L 0 0 14 !39Violino 2
J D 4 500 -120 1 6913 0 0
W 0 0 44 
J D 1 75 -37 1 6913 0 0
W 0 -56 44 :  Violino 2
J C 4 5 42 2 6913 0 0
K 0 0 33
K 0 0 34
J K 2 57 0 2 6913 0 0
K 0 0 63
K 15 21 63
J D 5 103 -42 1 6913 0 0
W 0 0 37 Adagio
J T 101 103 42 1 6913 0 0
K 0 0 37
J N 7 151 49 4 1 0 0
K 0 0 43
K 0 0 59
K 0 -21 59
A D 4 16
J R 7 179 28 2 1729 576 0
K 0 0 48
A D 4 16
J N 7 207 49 4 3457 576 0
K 0 0 43
K 0 0 59
K 0 -21 59
A D 4 16
J R 7 235 28 2 5185 576 0
K 0 0 48
A D 4 16
J B 2 267 1 82 6913 576 0
J N 7 288 63 5 1 0 0
K 0 0 43
K 0 29 108
K 0 0 59
K 0 -21 59
A D 4 16
J R 7 316 28 2 1729 576 0
K 0 0 48
A D 4 16
J N 7 344 63 4 3457 576 0
K 0 0 43
K 0 0 59
K 0 -21 59
A D 4 16
J R 7 372 28 2 5185 576 0
K 0 0 48
A D 4 16
J B 3 404 1 82 6913 576 0
J N 7 425 70 8 1 0 0
K 1 0 45
K 0 0 43
K -1 0 45
K 2 0 45
K 0 36 110
K 0 0 59
K 0 -21 59
A D 4 16
J N 7 453 63 4 1729 576 0
K 0 0 43
K 0 0 59
K 0 -21 59
A D 4 16
J N 7 481 70 7 3457 576 0
K 1 0 45
K 0 0 43
K -1 0 45
K 2 0 45
K 0 0 59
K 0 -21 59
A D 4 16
J N 7 509 63 4 5185 576 0
K 0 0 43
K 0 0 59
K 0 -21 59
A D 4 16
J B 4 541 1 82 6913 576 0
J N 9 562 70 7 1 0 0
K 1 0 45
K 7 0 45
K 0 0 41
K -1 0 45
K 2 0 45
K 2 -80 236
A D 16 16
J B 5 625 5 2 6913 2304 0
K -8 0 82
K 0 0 82
J D 5 646 -42 1 6913 0 0
W 0 0 37 Allegro
J T 101 646 42 1 6913 0 0
K 0 0 37
J R 9 695 28 2 1 10000 0
K 0 0 46
A D 16 16
J B 6 800 1 82 6913 2304 0
J N 7 821 63 4 1 0 0
K 0 0 43
K 0 0 59
K 0 -21 59
A D 4 16
J R 6 872 28 2 1729 576 0
K 0 0 49
A D 2 16
J N 6 908 49 3 2593 288 0
K 0 0 43
K 0 0 53
A D 2 16
J N 6 948 42 2 3457 288 1 1
K 0 0 43
A D 2 16
J N 6 984 56 2 4321 288 1 1
K 0 0 43
A D 2 16
J N 6 1020 35 2 5185 288 1 1
K 0 0 43
A D 2 16
J N 6 1056 84 6 6049 288 1 1
K 1 -14 45
K 1 0 45
K 0 0 43
K -1 0 45
K 2 0 45
A D 2 16
H 1 B 0 0 108 4 2 1 1 3
J B 7 1096 1 82 6913 288 0
J N 7 1117 63 4 1 0 0
K 0 0 43
K 0 0 59
K 0 -21 59
A D 4 16
J R 7 1168 28 2 1729 576 0
K 0 0 48
A D 4 16
J N 5 1219 21 2 3457 576 1 2
K 0 0 43
A D 1 16
J N 5 1247 7 2 3889 144 1 2
K 0 0 43
A D 1 16
J N 5 1275 14 2 4321 144 1 2
K 0 0 43
A D 1 16
J N 5 1303 7 2 4753 144 1 2
K 0 0 43
A D 1 16
H 2 B 1 0 108 4 22 11 11 33
J N 5 1331 21 2 5185 144 1 3
K 0 0 43
A D 1 16
J N 5 1359 7 2 5617 144 1 3
K 0 0 43
A D 1 16
J N 5 1387 14 2 6049 144 1 3
K 0 0 43
A D 1 16
J N 5 1415 7 2 6481 144 1 3
K 0 0 43
A D 1 16
H 3 B 1 0 108 4 22 11 11 33
J B 8 1447 1 82 6913 144 0
J N 5 1468 28 2 1 0 1 4
K 0 0 43
A D 1 16
J N 5 1496 7 2 433 144 1 4
K 0 0 43
A D 1 16
J N 5 1524 14 2 865 144 1 4
K 0 0 43
A D 1 16
J N 5 1552 7 2 1297 144 1 4
K 0 0 43
A D 1 16
H 4 B 1 0 108 4 22 11 11 33
J N 5 1580 28 2 1729 144 1 5
K 0 0 43
A D 1 16
J N 5 1608 7 2 2161 144 1 5
K 0 0 43
A D 1 16
J N 5 1636 14 2 2593 144 1 5
K 0 0 43
A D 1 16
J N 5 1664 7 2 3025 144 1 5
K 0 0 43
A D 1 16
H 5 B 1 0 108 4 22 11 11 33
J N 5 1692 21 2 3457 144 1 6
K 0 0 43
A D 1 16
J N 5 1720 -14 5 3889 144 1 6
K 0 0 45
K 0 0 43
K -1 0 45
K 2 0 45
A D 1 16
J N 5 1764 -7 3 4321 144 1 6
K -18 0 63
K 0 0 43
A D 1 16
J N 5 1792 -14 5 4753 144 1 6
K 0 0 45
K 0 0 43
K -1 0 45
K 2 0 45
A D 1 16
H 6 B 1 0 108 4 22 11 11 33
J N 5 1820 7 2 5185 144 1 7
K 0 0 43
A D 1 16
J N 5 1848 -14 5 5617 144 1 7
K 0 0 45
K 0 0 43
K -1 0 45
K 2 0 45
A D 1 16
J N 5 1876 -7 2 6049 144 1 7
K 0 0 43
A D 1 16
J N 5 1904 -14 5 6481 144 1 7
K 0 0 45
K 0 0 43
K -1 0 45
K 2 0 45
A D 1 16
H 7 B 1 0 108 4 22 11 11 33
J B 9 1936 1 82 6913 144 0
J N 5 1957 0 2 1 0 1 8
K 0 0 43
A D 1 16
J N 5 1985 -14 5 433 144 1 8
K 0 0 45
K 0 0 43
K -1 0 45
K 2 0 45
A D 1 16
J N 5 2029 -7 3 865 144 1 8
K -18 0 63
K 0 0 43
A D 1 16
J N 5 2057 -14 5 1297 144 1 8
K 0 0 45
K 0 0 43
K -1 0 45
K 2 0 45
A D 1 16
H 8 B 1 0 108 4 22 11 11 33
J N 5 2085 28 2 1729 144 1 9
K 0 0 43
A D 1 16
J N 5 2113 -14 5 2161 144 1 9
K 0 0 45
K 0 0 43
K -1 0 45
K 2 0 45
A D 1 16
J N 5 2141 -7 2 2593 144 1 9
K 0 0 43
A D 1 16
J N 5 2169 -14 5 3025 144 1 9
K 0 0 45
K 0 0 43
K -1 0 45
K 2 0 45
A D 1 16
H 9 B 1 0 108 4 22 11 11 33
J N 7 2197 35 4 3457 144 0
K 0 0 43
K 0 0 59
K 0 -21 59
A D 4 16
J R 6 2248 28 2 5185 576 0
K 0 0 49
A D 2 16
J N 6 2284 35 3 6049 288 0
K 0 0 43
K 0 0 53
A D 2 16
J B 10 2328 1 82 6913 288 0
J N 6 2349 42 2 1 0 1 10
K 0 0 43
A D 2 16
J N 6 2385 49 2 865 288 1 10
K 0 0 43
A D 2 16
J N 6 2421 42 2 1729 288 1 10
K 0 0 43
A D 2 16
J N 6 2457 56 2 2593 288 1 10
K 0 0 43
A D 2 16
H 10 B 0 0 108 4 2 1 1 3
J N 5 2493 49 2 3457 288 1 11
K 0 0 43
A D 1 16
J N 5 2521 -14 5 3889 144 1 11
K 0 0 45
K 0 0 43
K -1 0 45
K 2 0 45
A D 1 16
J N 5 2549 -7 2 4321 144 1 11
K 0 0 43
A D 1 16
J N 5 2577 -14 5 4753 144 1 11
K 0 0 45
K 0 0 43
K -1 0 45
K 2 0 45
A D 1 16
H 11 B 1 0 108 4 22 11 11 33
J N 5 2605 35 2 5185 144 1 12
K 0 0 43
A D 1 16
J N 5 2633 -14 5 5617 144 1 12
K 0 0 45
K 0 0 43
K -1 0 45
K 2 0 45
A D 1 16
J N 5 2661 -7 2 6049 144 1 12
K 0 0 43
A D 1 16
J N 5 2689 -14 5 6481 144 1 12
K 0 0 45
K 0 0 43
K -1 0 45
K 2 0 45
A D 1 16
H 12 B 1 0 108 4 22 11 11 33
J B 11 2721 1 82 6913 144 0
J N 5 2742 28 2 1 0 1 13
K 0 0 43
A D 1 16
J N 5 2770 -14 5 433 144 1 13
K 0 0 45
K 0 0 43
K -1 0 45
K 2 0 45
A D 1 16
J N 5 2798 -7 2 865 144 1 13
K 0 0 43
A D 1 16
J N 5 2826 -14 5 1297 144 1 13
K 0 0 45
K 0 0 43
K -1 0 45
K 2 0 45
A D 1 16
H 13 B 1 0 108 4 22 11 11 33
J N 5 2854 21 2 1729 144 1 14
K 0 0 43
A D 1 16
J N 5 2882 -14 5 2161 144 1 14
K 0 0 45
K 0 0 43
K -1 0 45
K 2 0 45
A D 1 16
J N 5 2910 -7 2 2593 144 1 14
K 0 0 43
A D 1 16
J N 5 2938 -14 5 3025 144 1 14
K 0 0 45
K 0 0 43
K -1 0 45
K 2 0 45
A D 1 16
H 14 B 1 0 108 4 22 11 11 33
J N 7 2966 14 4 3457 144 0
K 0 0 43
K 0 0 60
K 0 21 60
A D 4 16
J R 7 3017 28 2 5185 576 0
K 0 0 48
A D 4 16
J B 12 3072 1 82 6913 576 0
J N 5 3093 -35 6 1 0 1 15
K 0 21 45
K 0 7 45
K 0 0 43
K 0 7 45
K 1 7 45
A D 1 16
J N 5 3121 -14 5 433 144 1 15
K 0 0 45
K 0 0 43
K -1 0 45
K 2 0 45
A D 1 16
J N 5 3149 -21 5 865 144 1 15
K 0 7 45
K 0 0 43
K 0 7 45
K 1 7 45
A D 1 16
J N 5 3177 -28 6 1297 144 1 15
K 0 14 45
K 0 0 45
K 0 0 43
K -1 0 45
K 2 0 45
A D 1 16
H 15 B 1 0 108 4 22 11 11 33
J N 5 3205 -35 6 1729 144 1 16
K 0 21 45
K 0 7 45
K 0 0 43
K 0 7 45
K 1 7 45
A D 1 16
J N 5 3233 -14 5 2161 144 1 16
K 0 0 45
K 0 0 43
K -1 0 45
K 2 0 45
A D 1 16
J N 5 3261 -21 5 2593 144 1 16
K 0 7 45
K 0 0 43
K 0 7 45
K 1 7 45
A D 1 16
J N 5 3289 -28 6 3025 144 1 16
K 0 14 45
K 0 0 45
K 0 0 43
K -1 0 45
K 2 0 45
A D 1 16
H 16 B 1 0 108 4 22 11 11 33
J N 7 3317 -35 9 3457 144 0
K 0 21 45
K 0 7 45
K 0 0 43
K 0 7 45
K 1 7 45
K 0 0 60
K 0 28 60
K 0 35 60
A D 4 16
J R 7 3368 28 2 5185 576 0
K 0 0 48
A D 4 16
J B 13 3423 1 82 6913 576 0
J N 5 3444 -35 6 1 0 2 17 18
K 0 21 45
K 0 7 45
K 0 0 43
K 0 7 45
K 1 7 45
A D 1 16
J N 5 3472 -14 5 433 144 2 18 17
K 0 0 45
K 0 0 43
K -1 0 45
K 2 0 45
A D 1 16
H 17 S 0 0 0 0 0 0 0 0 0
J N 5 3500 -21 5 865 144 2 19 18
K 0 7 45
K 0 0 43
K 0 7 45
K 1 7 45
A D 1 16
J N 5 3528 -28 6 1297 144 2 18 19
K 0 14 45
K 0 0 45
K 0 0 43
K -1 0 45
K 2 0 45
A D 1 16
H 18 B 1 0 108 4 22 11 11 33
H 19 S 0 0 0 0 0 0 0 0 0
J N 5 3556 -35 6 1729 144 2 20 21
K 0 21 45
K 0 7 45
K 0 0 43
K 0 7 45
K 1 7 45
A D 1 16
J N 5 3584 -28 6 2161 144 2 21 20
K 0 14 45
K 0 0 45
K 0 0 43
K -1 0 45
K 2 0 45
A D 1 16
H 20 S 0 0 0 0 0 0 0 0 0
J N 5 3612 -35 6 2593 144 2 22 21
K 0 21 45
K 0 7 45
K 0 0 43
K 0 7 45
K 1 7 45
A D 1 16
J N 5 3640 -28 6 3025 144 2 21 22
K 0 14 45
K 0 0 45
K 0 0 43
K -1 0 45
K 2 0 45
A D 1 16
H 21 B 1 0 108 4 22 11 11 33
H 22 S 0 0 0 0 0 0 0 0 0
J N 7 3668 -35 9 3457 144 0
K 0 21 45
K 0 7 45
K 0 0 43
K 0 7 45
K 1 7 45
K 0 0 60
K 0 28 60
K 0 35 60
A D 4 16
J R 6 3719 28 2 5185 576 0
K 0 0 49
A D 2 16
J N 6 3755 0 3 6049 288 0
K 0 0 43
K 0 0 54
A D 2 16
J B 14 3795 1 82 6913 288 0
J N 7 3816 7 4 1 0 0
K 0 0 43
K 0 0 60
K 0 21 60
A D 4 16
J R 6 3867 28 2 1729 576 0
K 0 0 49
A D 2 16
J N 6 3903 -14 6 2593 288 0
K 0 0 45
K 0 0 43
K -1 0 45
K 2 0 45
K 0 0 54
A D 2 16
J N 5 3939 0 2 3457 288 1 23
K 0 0 43
A D 1 16
J N 5 3967 7 2 3889 144 1 23
K 0 0 43
A D 1 16
J N 5 3995 14 2 4321 144 1 23
K 0 0 43
A D 1 16
J N 5 4023 7 2 4753 144 1 23
K 0 0 43
A D 1 16
H 23 B 1 0 108 4 22 11 11 33
J N 5 4051 0 2 5185 144 1 24
K 0 0 43
A D 1 16
J N 5 4079 -14 5 5617 144 1 24
K 0 0 45
K 0 0 43
K -1 0 45
K 2 0 45
A D 1 16
J N 5 4107 -7 2 6049 144 1 24
K 0 0 43
A D 1 16
J N 5 4135 0 2 6481 144 1 24
K 0 0 43
A D 1 16
H 24 B 1 0 108 4 22 11 11 33
J B 15 4167 1 82 6913 144 0
J N 5 4188 7 2 1 0 1 25
K 0 0 43
A D 1 16
J N 5 4216 14 2 433 144 1 25
K 0 0 43
A D 1 16
J N 5 4244 7 2 865 144 1 25
K 0 0 43
A D 1 16
J N 5 4272 0 2 1297 144 1 25
K 0 0 43
A D 1 16
H 25 B 1 0 108 4 22 11 11 33
J N 5 4300 7 2 1729 144 1 26
K 0 0 43
A D 1 16
J N 5 4328 0 2 2161 144 1 26
K 0 0 43
A D 1 16
J N 5 4356 7 2 2593 144 1 26
K 0 0 43
A D 1 16
J N 5 4384 0 2 3025 144 1 26
K 0 0 43
A D 1 16
H 26 B 1 0 108 4 22 11 11 33
J N 5 4412 14 2 3457 144 1 27
K 0 0 43
A D 1 16
J N 5 4440 21 2 3889 144 1 27
K 0 0 43
A D 1 16
J N 5 4468 14 2 4321 144 1 27
K 0 0 43
A D 1 16
J N 5 4496 7 2 4753 144 1 27
K 0 0 43
A D 1 16
H 27 B 1 0 108 4 22 11 11 33
J N 5 4524 14 2 5185 144 1 28
K 0 0 43
A D 1 16
J N 5 4552 0 2 5617 144 1 28
K 0 0 43
A D 1 16
J N 5 4580 7 2 6049 144 1 28
K 0 0 43
A D 1 16
J N 5 4608 14 2 6481 144 1 28
K 0 0 43
A D 1 16
H 28 B 1 0 108 4 22 11 11 33
J B 16 4640 1 82 6913 144 0
J N 6 4661 21 2 1 0 1 29
K 0 0 43
A D 2 16
J N 6 4697 35 2 865 288 1 29
K 0 0 43
A D 2 16
H 29 B 1 0 108 2 2 3
J N 7 4733 0 4 1729 288 1 30
K 0 0 43
K 0 0 60
K 0 21 60
A D 4 16
J N 6 4784 0 2 3457 576 2 31 30
K 0 0 43
A D 2 16
H 30 T 0 0 0 0 0 0 5 0
J N 6 4820 28 2 4321 288 1 31
K 0 0 43
A D 2 16
H 31 B 1 0 108 2 2 3
J N 7 4856 7 4 5185 288 1 32
K 0 0 43
K 0 0 60
K 0 21 60
A D 4 16
J B 17 4911 1 82 6913 576 0
J N 6 4932 7 2 1 0 2 33 32
K 0 0 43
A D 2 16
H 32 T 7 0 0 0 0 0 1 0
J N 6 4968 35 2 865 288 1 33
K 0 0 43
A D 2 16
H 33 B 1 0 108 2 2 3
J N 8 5004 14 4 1729 288 0
K 0 0 42
K 0 0 60
K 0 21 60
A D 8 16
J N 7 5080 21 4 5185 1152 0
K 0 0 43
K 0 0 60
K 0 21 60
A D 4 16
J B 18 5135 1 82 6913 576 0
J N 7 5156 28 4 1 0 0
K 0 0 43
K 0 0 60
K 0 21 60
A D 4 16
J R 6 5207 28 2 1729 576 0
K 0 0 49
A D 2 16
J N 6 5243 7 3 2593 288 0
K 0 0 43
K 0 0 54
A D 2 16
J N 7 5279 21 4 3457 288 0
K 0 0 43
K 0 0 60
K 0 21 60
A D 4 16
J R 7 5330 28 2 5185 576 0
K 0 0 48
A D 4 16
J B 19 5385 1 82 6913 576 0
J N 5 5406 -14 5 1 0 1 34
K 0 0 45
K 0 0 43
K -1 0 45
K 2 0 45
A D 1 16
J N 5 5434 7 2 433 144 1 34
K 0 0 43
A D 1 16
J N 5 5462 0 2 865 144 1 34
K 0 0 43
A D 1 16
J N 5 5506 -7 3 1297 144 1 34
K -18 0 63
K 0 0 43
A D 1 16
H 34 B 1 0 108 4 22 11 11 33
J N 5 5534 -14 5 1729 144 1 35
K 0 0 45
K 0 0 43
K -1 0 45
K 2 0 45
A D 1 16
J N 5 5562 7 2 2161 144 1 35
K 0 0 43
A D 1 16
J N 5 5590 0 2 2593 144 1 35
K 0 0 43
A D 1 16
J N 5 5618 -7 2 3025 144 1 35
K 0 0 43
A D 1 16
H 35 B 1 0 108 4 22 11 11 33
J N 7 5646 -14 7 3457 144 0
K 0 0 45
K 0 0 43
K -1 0 45
K 2 0 45
K 0 0 60
K 0 21 60
A D 4 16
J R 7 5697 28 2 5185 576 0
K 0 0 48
A D 4 16
J B 20 5752 1 82 6913 576 0
J N 5 5773 -14 5 1 0 2 36 37
K 0 0 45
K 0 0 43
K -1 0 45
K 2 0 45
A D 1 16
J N 5 5801 7 2 433 144 2 37 36
K 0 0 43
A D 1 16
H 36 S 0 0 0 0 0 0 0 0 0
J N 5 5829 0 2 865 144 2 38 37
K 0 0 43
A D 1 16
J N 5 5873 -7 3 1297 144 2 37 38
K -18 0 63
K 0 0 43
A D 1 16
H 37 B 1 0 108 4 22 11 11 33
H 38 S 0 0 0 0 0 0 0 0 0
J N 5 5901 -14 5 1729 144 2 39 40
K 0 0 45
K 0 0 43
K -1 0 45
K 2 0 45
A D 1 16
J N 5 5929 -7 2 2161 144 2 40 39
K 0 0 43
A D 1 16
H 39 S 0 0 0 0 0 0 0 0 0
J N 5 5957 -14 5 2593 144 2 41 40
K 0 0 45
K 0 0 43
K -1 0 45
K 2 0 45
A D 1 16
J N 5 5985 -7 2 3025 144 2 40 41
K 0 0 43
A D 1 16
H 40 B 1 0 108 4 22 11 11 33
H 41 S 0 0 0 0 0 0 0 0 0
J N 7 6013 -14 7 3457 144 0
K 0 0 45
K 0 0 43
K -1 0 45
K 2 0 45
K 0 0 60
K 0 21 60
A D 4 16
J R 6 6064 28 2 5185 576 0
K 0 0 49
A D 2 16
J N 6 6100 21 3 6049 288 0
K 0 0 43
K 0 0 54
A D 2 16
J B 21 6140 1 82 6913 288 0
J N 7 6161 28 4 1 0 0
K 0 0 43
K 0 0 60
K 0 21 60
A D 4 16
J R 6 6212 28 2 1729 576 0
K 0 0 49
A D 2 16
J N 6 6248 7 3 2593 288 0
K 0 0 43
K 0 0 54
A D 2 16
J N 7 6284 21 4 3457 288 0
K 0 0 43
K 0 0 60
K 0 21 60
A D 4 16
J R 7 6335 28 2 5185 576 0
K 0 0 48
A D 4 16
J B 22 6390 1 82 6913 576 0
J N 5 6411 -14 6 1 0 1 42
K 0 0 45
K 0 0 43
K -1 0 45
K 2 0 45
K 0 93 108
A D 1 16
J N 5 6439 7 2 433 144 1 42
K 0 0 43
A D 1 16
J N 5 6467 0 2 865 144 1 42
K 0 0 43
A D 1 16
J N 5 6511 -7 3 1297 144 1 42
K -18 0 63
K 0 0 43
A D 1 16
H 42 B 1 0 108 4 22 11 11 33
J N 5 6539 -14 5 1729 144 1 43
K 0 0 45
K 0 0 43
K -1 0 45
K 2 0 45
A D 1 16
J N 5 6567 7 2 2161 144 1 43
K 0 0 43
A D 1 16
J N 5 6595 0 2 2593 144 1 43
K 0 0 43
A D 1 16
J N 5 6623 -7 2 3025 144 1 43
K 0 0 43
A D 1 16
H 43 B 1 0 108 4 22 11 11 33
J N 7 6651 -14 7 3457 144 0
K 0 0 45
K 0 0 43
K -1 0 45
K 2 0 45
K 0 0 60
K 0 21 60
A D 4 16
J R 7 6702 28 2 5185 576 0
K 0 0 48
A D 4 16
J B 23 6757 1 82 6913 576 0
J N 5 6778 -14 5 1 0 2 44 45
K 0 0 45
K 0 0 43
K -1 0 45
K 2 0 45
A D 1 16
J N 5 6806 7 2 433 144 2 45 44
K 0 0 43
A D 1 16
H 44 S 0 0 0 0 0 0 0 0 0
J N 5 6834 0 2 865 144 2 46 45
K 0 0 43
A D 1 16
J N 5 6878 -7 3 1297 144 2 45 46
K -18 0 63
K 0 0 43
A D 1 16
H 45 B 1 0 108 4 22 11 11 33
H 46 S 0 0 0 0 0 0 0 0 0
J N 5 6906 -14 5 1729 144 2 47 48
K 0 0 45
K 0 0 43
K -1 0 45
K 2 0 45
A D 1 16
J N 5 6934 -7 2 2161 144 2 48 47
K 0 0 43
A D 1 16
H 47 S 0 0 0 0 0 0 0 0 0
J N 5 6962 -14 5 2593 144 2 49 48
K 0 0 45
K 0 0 43
K -1 0 45
K 2 0 45
A D 1 16
J N 5 6990 -7 2 3025 144 2 48 49
K 0 0 43
A D 1 16
H 48 B 1 0 108 4 22 11 11 33
H 49 S 0 0 0 0 0 0 0 0 0
J N 7 7018 -14 7 3457 144 0
K 0 0 45
K 0 0 43
K -1 0 45
K 2 0 45
K 0 0 60
K 0 21 60
A D 4 16
J R 6 7069 28 2 5185 576 0
K 0 0 49
A D 2 16
J N 6 7105 21 4 6049 288 0
K 0 0 43
K 0 74 110
K 0 0 54
A D 2 16
J B 24 7145 1 82 6913 288 0
J N 7 7166 28 4 1 0 0
K 0 0 43
K 0 0 60
K 0 21 60
A D 4 16
J R 6 7217 28 2 1729 576 0
K 0 0 49
A D 2 16
J N 6 7253 7 3 2593 288 0
K 0 0 43
K 0 0 54
A D 2 16
J N 5 7289 21 2 3457 288 1 50
K 0 0 43
A D 1 16
J N 5 7317 -14 5 3889 144 1 50
K 0 0 45
K 0 0 43
K -1 0 45
K 2 0 45
A D 1 16
J N 5 7361 -7 3 4321 144 1 50
K -18 0 63
K 0 0 43
A D 1 16
J N 5 7389 -14 5 4753 144 1 50
K 0 0 45
K 0 0 43
K -1 0 45
K 2 0 45
A D 1 16
H 50 B 1 0 108 4 22 11 11 33
J N 5 7417 7 2 5185 144 1 51
K 0 0 43
A D 1 16
J N 5 7445 -14 5 5617 144 1 51
K 0 0 45
K 0 0 43
K -1 0 45
K 2 0 45
A D 1 16
J N 5 7473 -7 2 6049 144 1 51
K 0 0 43
A D 1 16
J N 5 7501 -14 5 6481 144 1 51
K 0 0 45
K 0 0 43
K -1 0 45
K 2 0 45
A D 1 16
H 51 B 1 0 108 4 22 11 11 33
J B 25 7533 1 82 6913 144 0
J N 5 7554 0 2 1 0 1 52
K 0 0 43
A D 1 16
J N 5 7582 -14 5 433 144 1 52
K 0 0 45
K 0 0 43
K -1 0 45
K 2 0 45
A D 1 16
J N 5 7626 -7 3 865 144 1 52
K -18 0 63
K 0 0 43
A D 1 16
J N 5 7654 -14 5 1297 144 1 52
K 0 0 45
K 0 0 43
K -1 0 45
K 2 0 45
A D 1 16
H 52 B 1 0 108 4 22 11 11 33
J N 5 7682 28 2 1729 144 1 53
K 0 0 43
A D 1 16
J N 5 7710 -14 5 2161 144 1 53
K 0 0 45
K 0 0 43
K -1 0 45
K 2 0 45
A D 1 16
J N 5 7738 -7 2 2593 144 1 53
K 0 0 43
A D 1 16
J N 5 7766 -14 5 3025 144 1 53
K 0 0 45
K 0 0 43
K -1 0 45
K 2 0 45
A D 1 16
H 53 B 1 0 108 4 22 11 11 33
J N 8 7794 35 4 3457 144 0
K 0 0 42
K 0 0 59
K 0 -21 59
A D 8 16
J B 26 7896 10 6 6913 1152 0
K -22 21 44
K -22 35 44
K -12 0 84
K 0 0 84
K 11 21 44
K 11 35 44
J R 9 7933 28 2 1 10000 0
K 0 0 46
A D 16 16
J B 27 8038 1 82 6913 2304 0
J N 5 8059 21 2 1 0 1 54
K 0 0 43
A D 1 16
J N 5 8087 7 2 433 144 1 54
K 0 0 43
A D 1 16
J N 5 8115 14 2 865 144 1 54
K 0 0 43
A D 1 16
J N 5 8143 7 2 1297 144 1 54
K 0 0 43
A D 1 16
H 54 B 1 0 108 4 22 11 11 33
J N 5 8171 21 2 1729 144 1 55
K 0 0 43
A D 1 16
J N 5 8199 7 2 2161 144 1 55
K 0 0 43
A D 1 16
J N 5 8227 14 2 2593 144 1 55
K 0 0 43
A D 1 16
J N 5 8255 7 2 3025 144 1 55
K 0 0 43
A D 1 16
H 55 B 1 0 108 4 22 11 11 33
J N 5 8283 28 2 3457 144 1 56
K 0 0 43
A D 1 16
J N 5 8311 7 2 3889 144 1 56
K 0 0 43
A D 1 16
J N 5 8339 14 2 4321 144 1 56
K 0 0 43
A D 1 16
J N 5 8367 7 2 4753 144 1 56
K 0 0 43
A D 1 16
H 56 B 1 0 108 4 22 11 11 33
J N 5 8395 28 2 5185 144 1 57
K 0 0 43
A D 1 16
J N 5 8423 7 2 5617 144 1 57
K 0 0 43
A D 1 16
J N 5 8451 14 2 6049 144 1 57
K 0 0 43
A D 1 16
J N 5 8479 7 2 6481 144 1 57
K 0 0 43
A D 1 16
H 57 B 1 0 108 4 22 11 11 33
J B 28 8511 1 82 6913 144 0
J N 7 8532 21 4 1 0 0
K 0 0 43
K 0 0 60
K 0 21 60
A D 4 16
J N 7 8583 49 4 1729 576 0
K 0 0 43
K 0 0 59
K 0 -21 59
A D 4 16
J N 7 8634 21 4 3457 576 0
K 0 0 43
K 0 0 60
K 0 21 60
A D 4 16
J R 7 8685 28 2 5185 576 0
K 0 0 48
A D 4 16
J B 29 8740 1 82 6913 576 0
J N 5 8761 14 2 1 0 1 58
K 0 0 43
A D 1 16
J N 5 8789 0 2 433 144 1 58
K 0 0 43
A D 1 16
J N 5 8817 7 2 865 144 1 58
K 0 0 43
A D 1 16
J N 5 8845 0 2 1297 144 1 58
K 0 0 43
A D 1 16
H 58 B 1 0 108 4 22 11 11 33
J N 5 8873 14 2 1729 144 1 59
K 0 0 43
A D 1 16
J N 5 8901 0 2 2161 144 1 59
K 0 0 43
A D 1 16
J N 5 8929 7 2 2593 144 1 59
K 0 0 43
A D 1 16
J N 5 8957 0 2 3025 144 1 59
K 0 0 43
A D 1 16
H 59 B 1 0 108 4 22 11 11 33
J N 5 8985 21 2 3457 144 1 60
K 0 0 43
A D 1 16
J N 5 9013 0 2 3889 144 1 60
K 0 0 43
A D 1 16
J N 5 9041 7 2 4321 144 1 60
K 0 0 43
A D 1 16
J N 5 9069 0 2 4753 144 1 60
K 0 0 43
A D 1 16
H 60 B 1 0 108 4 22 11 11 33
J N 5 9097 21 2 5185 144 1 61
K 0 0 43
A D 1 16
J N 5 9125 0 2 5617 144 1 61
K 0 0 43
A D 1 16
J N 5 9153 7 2 6049 144 1 61
K 0 0 43
A D 1 16
J N 5 9181 0 2 6481 144 1 61
K 0 0 43
A D 1 16
H 61 B 1 0 108 4 22 11 11 33
J B 30 9213 1 82 6913 144 0
J N 7 9234 14 4 1 0 0
K 0 0 43
K 0 0 60
K 0 21 60
A D 4 16
J R 6 9285 28 2 1729 576 0
K 0 0 49
A D 2 16
J N 6 9321 28 3 2593 288 0
K 0 0 43
K 0 0 54
A D 2 16
J N 7 9357 21 4 3457 288 0
K 0 0 43
K 0 0 60
K 0 21 60
A D 4 16
J R 6 9408 28 2 5185 576 0
K 0 0 49
A D 2 16
J N 6 9444 49 3 6049 288 0
K 0 0 43
K 0 0 53
A D 2 16
J B 31 9488 1 82 6913 288 0
J N 7 9509 28 4 1 0 0
K 0 0 43
K 0 0 60
K 0 21 60
A D 4 16
J R 6 9560 28 2 1729 576 0
K 0 0 49
A D 2 16
J N 6 9596 21 3 2593 288 0
K 0 0 43
K 0 0 54
A D 2 16
J N 6 9639 35 3 3457 288 1 62
K -18 0 63
K 0 0 43
A D 2 16
J N 6 9675 49 2 4321 288 1 62
K 0 0 43
A D 2 16
H 62 B 0 0 108 2 2 3
J N 7 9711 28 4 5185 288 1 63
K 0 0 43
K 0 0 60
K 0 21 60
A D 4 16
J B 32 9766 1 82 6913 576 0
J N 7 9787 28 4 1 0 1 63
K 0 0 43
K 0 0 60
K 0 21 60
A D 4 16
H 63 T 28 0 0 0 0 0 5 0
J N 7 9838 35 5 1729 576 0
K -18 0 63
K 0 0 43
K 0 0 59
K 0 -21 59
A D 4 16
J N 7 9889 28 4 3457 576 0
K 0 0 43
K 0 0 60
K 0 21 60
A D 4 16
J R 7 9940 28 2 5185 576 0
K 0 0 48
A D 4 16
J B 33 9995 1 82 6913 576 0
J R 8 10016 28 2 1 0 0
K 0 0 47
A D 8 16
J R 5 10092 28 3 3457 1152 0
K 0 14 49
K 4 0 50
A D 1 16
J N 5 10124 -21 5 3889 144 1 64
K 0 7 45
K 0 0 43
K 0 7 45
K 1 7 45
A D 1 16
J N 5 10152 -14 5 4321 144 1 64
K 0 0 45
K 0 0 43
K -1 0 45
K 2 0 45
A D 1 16
J N 5 10180 -21 5 4753 144 1 64
K 0 7 45
K 0 0 43
K 0 7 45
K 1 7 45
A D 1 16
H 64 B 1 0 108 3 22 11 33
J N 5 10208 0 2 5185 144 1 65
K 0 0 43
A D 1 16
J N 5 10236 -21 5 5617 144 1 65
K 0 7 45
K 0 0 43
K 0 7 45
K 1 7 45
A D 1 16
J N 5 10264 -14 5 6049 144 1 65
K 0 0 45
K 0 0 43
K -1 0 45
K 2 0 45
A D 1 16
J N 5 10292 -21 5 6481 144 1 65
K 0 7 45
K 0 0 43
K 0 7 45
K 1 7 45
A D 1 16
H 65 B 1 0 108 4 22 11 11 33
J B 34 10324 1 82 6913 144 0
J N 5 10351 14 3 1 0 1 66
K -18 0 63
K 0 0 43
A D 1 16
J N 5 10379 -21 5 433 144 1 66
K 0 7 45
K 0 0 43
K 0 7 45
K 1 7 45
A D 1 16
J N 5 10407 -14 5 865 144 1 66
K 0 0 45
K 0 0 43
K -1 0 45
K 2 0 45
A D 1 16
J N 5 10435 -21 5 1297 144 1 66
K 0 7 45
K 0 0 43
K 0 7 45
K 1 7 45
A D 1 16
H 66 B 1 0 108 4 22 11 11 33
J N 5 10463 28 2 1729 144 1 67
K 0 0 43
A D 1 16
J N 5 10491 -21 5 2161 144 1 67
K 0 7 45
K 0 0 43
K 0 7 45
K 1 7 45
A D 1 16
J N 5 10519 -14 5 2593 144 1 67
K 0 0 45
K 0 0 43
K -1 0 45
K 2 0 45
A D 1 16
J N 5 10547 -21 5 3025 144 1 67
K 0 7 45
K 0 0 43
K 0 7 45
K 1 7 45
A D 1 16
H 67 B 1 0 108 4 22 11 11 33
J N 7 10575 -7 4 3457 144 0
K 0 0 43
K 0 0 60
K 0 21 60
A D 4 16
J R 7 10626 28 2 5185 576 0
K 0 0 48
A D 4 16
J B 35 10681 1 82 6913 576 0
J N 7 10702 0 5 1 0 0
K 0 0 43
K 0 79 108
K 0 0 60
K 0 21 60
A D 4 16
J R 7 10753 28 2 1729 576 0
K 0 0 48
A D 4 16
J R 5 10804 28 3 3457 576 0
K 0 14 49
K 4 0 50
A D 1 16
J N 5 10836 -21 5 3889 144 1 68
K 0 7 45
K 0 0 43
K 0 7 45
K 1 7 45
A D 1 16
J N 5 10864 -14 5 4321 144 1 68
K 0 0 45
K 0 0 43
K -1 0 45
K 2 0 45
A D 1 16
J N 5 10892 -21 5 4753 144 1 68
K 0 7 45
K 0 0 43
K 0 7 45
K 1 7 45
A D 1 16
H 68 B 1 0 108 3 22 11 33
J N 5 10920 28 2 5185 144 1 69
K 0 0 43
A D 1 16
J N 5 10948 -21 5 5617 144 1 69
K 0 7 45
K 0 0 43
K 0 7 45
K 1 7 45
A D 1 16
J N 5 10976 28 2 6049 144 1 69
K 0 0 43
A D 1 16
J N 5 11004 -21 5 6481 144 1 69
K 0 7 45
K 0 0 43
K 0 7 45
K 1 7 45
A D 1 16
H 69 B 1 0 108 4 22 11 11 33
J B 36 11036 1 82 6913 144 0
J N 5 11057 21 2 1 0 1 70
K 0 0 43
A D 1 16
J N 5 11085 -21 5 433 144 1 70
K 0 7 45
K 0 0 43
K 0 7 45
K 1 7 45
A D 1 16
J N 5 11113 21 2 865 144 1 70
K 0 0 43
A D 1 16
J N 5 11141 -21 5 1297 144 1 70
K 0 7 45
K 0 0 43
K 0 7 45
K 1 7 45
A D 1 16
H 70 B 1 0 108 4 22 11 11 33
J N 5 11169 14 3 1729 144 1 71
K -18 0 63
K 0 0 43
A D 1 16
J N 5 11197 -21 5 2161 144 1 71
K 0 7 45
K 0 0 43
K 0 7 45
K 1 7 45
A D 1 16
J N 5 11225 14 2 2593 144 1 71
K 0 0 43
A D 1 16
J N 5 11253 -21 5 3025 144 1 71
K 0 7 45
K 0 0 43
K 0 7 45
K 1 7 45
A D 1 16
H 71 B 1 0 108 4 22 11 11 33
J N 6 11281 7 3 3457 144 1 72
K 0 0 43
K 0 81 110
A D 2 16
J N 6 11317 -14 5 4321 288 1 72
K 0 0 45
K 0 0 43
K -1 0 45
K 2 0 45
A D 2 16
J N 6 11353 -7 2 5185 288 1 72
K 0 0 43
A D 2 16
J N 6 11389 0 2 6049 288 1 72
K 0 0 43
A D 2 16
H 72 B 1 0 108 4 2 1 1 3
J B 37 11429 1 82 6913 288 0
J N 7 11450 -7 4 1 0 0
K 0 0 43
K 0 0 60
K 0 21 60
A D 4 16
J N 7 11501 0 4 1729 576 0
K 0 0 43
K 0 0 60
K 0 21 60
A D 4 16
J R 5 11552 28 3 3457 576 0
K 0 14 49
K 4 0 50
A D 1 16
J N 5 11584 7 2 3889 144 1 73
K 0 0 43
A D 1 16
J N 5 11612 14 2 4321 144 1 73
K 0 0 43
A D 1 16
J N 5 11640 7 2 4753 144 1 73
K 0 0 43
A D 1 16
H 73 B 1 0 108 3 22 11 33
J N 5 11668 28 2 5185 144 1 74
K 0 0 43
A D 1 16
J N 5 11696 7 2 5617 144 1 74
K 0 0 43
A D 1 16
J N 5 11724 14 2 6049 144 1 74
K 0 0 43
A D 1 16
J N 5 11752 7 2 6481 144 1 74
K 0 0 43
A D 1 16
H 74 B 1 0 108 4 22 11 11 33
J B 38 11784 1 82 6913 144 0
J N 5 11811 42 3 1 0 1 75
K -18 0 63
K 0 0 43
A D 1 16
J N 5 11839 7 2 433 144 1 75
K 0 0 43
A D 1 16
J N 5 11867 14 2 865 144 1 75
K 0 0 43
A D 1 16
J N 5 11895 7 2 1297 144 1 75
K 0 0 43
A D 1 16
H 75 B 1 0 108 4 22 11 11 33
J N 5 11923 56 2 1729 144 1 76
K 0 0 43
A D 1 16
J N 5 11951 7 2 2161 144 1 76
K 0 0 43
A D 1 16
J N 5 11979 14 2 2593 144 1 76
K 0 0 43
A D 1 16
J N 5 12007 7 2 3025 144 1 76
K 0 0 43
A D 1 16
H 76 B 1 0 108 4 22 11 11 33
J N 6 12035 21 2 3457 144 1 77
K 0 0 43
A D 2 16
J N 6 12071 7 2 4321 288 1 77
K 0 0 43
A D 2 16
H 77 B 1 0 108 2 2 3
J N 7 12107 -14 7 5185 288 0
K 0 0 45
K 0 0 43
K -1 0 45
K 2 0 45
K 0 0 60
K 0 21 60
A D 4 16
J B 39 12162 1 82 6913 576 0
J R 6 12183 28 2 1 0 0
K 0 0 49
A D 2 16
J N 6 12219 7 3 865 288 0
K 0 0 43
K 0 0 54
A D 2 16
J N 7 12255 -14 7 1729 288 0
K 0 0 45
K 0 0 43
K -1 0 45
K 2 0 45
K 0 0 60
K 0 21 60
A D 4 16
J R 5 12306 28 3 3457 576 0
K 0 14 49
K 4 0 50
A D 1 16
J N 5 12338 14 2 3889 144 1 78
K 0 0 43
A D 1 16
J N 5 12366 21 2 4321 144 1 78
K 0 0 43
A D 1 16
J N 5 12394 14 2 4753 144 1 78
K 0 0 43
A D 1 16
H 78 B 1 0 108 3 22 11 33
J N 5 12422 35 2 5185 144 1 79
K 0 0 43
A D 1 16
J N 5 12450 14 2 5617 144 1 79
K 0 0 43
A D 1 16
J N 5 12478 21 2 6049 144 1 79
K 0 0 43
A D 1 16
J N 5 12506 14 2 6481 144 1 79
K 0 0 43
A D 1 16
H 79 B 1 0 108 4 22 11 11 33
J B 40 12538 1 82 6913 144 0
J N 5 12559 49 2 1 0 1 80
K 0 0 43
A D 1 16
J N 5 12587 14 2 433 144 1 80
K 0 0 43
A D 1 16
J N 5 12615 21 2 865 144 1 80
K 0 0 43
A D 1 16
J N 5 12643 14 2 1297 144 1 80
K 0 0 43
A D 1 16
H 80 B 1 0 108 4 22 11 11 33
J N 5 12671 63 2 1729 144 1 81
K 0 0 43
A D 1 16
J N 5 12699 14 2 2161 144 1 81
K 0 0 43
A D 1 16
J N 5 12727 21 2 2593 144 1 81
K 0 0 43
A D 1 16
J N 5 12755 14 2 3025 144 1 81
K 0 0 43
A D 1 16
H 81 B 1 0 108 4 22 11 11 33
J N 5 12783 28 2 3457 144 1 82
K 0 0 43
A D 1 16
J N 5 12811 -21 5 3889 144 1 82
K 0 7 45
K 0 0 43
K 0 7 45
K 1 7 45
A D 1 16
J N 5 12839 -14 5 4321 144 1 82
K 0 0 45
K 0 0 43
K -1 0 45
K 2 0 45
A D 1 16
J N 5 12867 -21 5 4753 144 1 82
K 0 7 45
K 0 0 43
K 0 7 45
K 1 7 45
A D 1 16
H 82 B 1 0 108 4 22 11 11 33
J N 5 12895 -7 2 5185 144 1 83
K 0 0 43
A D 1 16
J N 5 12923 -14 5 5617 144 1 83
K 0 0 45
K 0 0 43
K -1 0 45
K 2 0 45
A D 1 16
J N 5 12951 0 2 6049 144 1 83
K 0 0 43
A D 1 16
J N 5 12979 -7 2 6481 144 1 83
K 0 0 43
A D 1 16
H 83 B 1 0 108 4 22 11 11 33
J B 41 13011 1 82 6913 144 0
J N 5 13032 7 2 1 0 1 84
K 0 0 43
A D 1 16
J N 5 13060 -7 2 433 144 1 84
K 0 0 43
A D 1 16
J N 5 13088 0 2 865 144 1 84
K 0 0 43
A D 1 16
J N 5 13116 -7 2 1297 144 1 84
K 0 0 43
A D 1 16
H 84 B 1 0 108 4 22 11 11 33
J N 5 13144 7 2 1729 144 1 85
K 0 0 43
A D 1 16
J N 5 13172 0 2 2161 144 1 85
K 0 0 43
A D 1 16
J N 5 13200 14 2 2593 144 1 85
K 0 0 43
A D 1 16
J N 5 13228 7 2 3025 144 1 85
K 0 0 43
A D 1 16
H 85 B 1 0 108 4 22 11 11 33
J N 6 13256 21 2 3457 144 1 86
K 0 0 43
A D 2 16
J N 6 13292 35 2 4321 288 1 86
K 0 0 43
A D 2 16
J N 6 13328 14 2 5185 288 1 86
K 0 0 43
A D 2 16
J N 6 13364 63 2 6049 288 1 86
K 0 0 43
A D 2 16
H 86 B 0 0 108 4 2 1 1 3
J B 42 13404 1 82 6913 288 0
J R 6 13425 28 2 1 0 0
K 0 0 49
A D 2 16
J N 6 13461 28 2 865 288 1 87
K 0 0 43
A D 2 16
J N 6 13497 7 2 1729 288 1 87
K 0 0 43
A D 2 16
J N 6 13533 56 2 2593 288 1 87
K 0 0 43
A D 2 16
H 87 B 1 0 108 3 2 1 3
J R 6 13569 28 2 3457 288 0
K 0 0 49
A D 2 16
J N 6 13605 21 2 4321 288 1 88
K 0 0 43
A D 2 16
J N 6 13641 0 2 5185 288 1 88
K 0 0 43
A D 2 16
J N 6 13677 49 2 6049 288 1 88
K 0 0 43
A D 2 16
H 88 B 1 0 108 3 2 1 3
J B 43 13717 1 82 6913 288 0
J R 6 13738 28 2 1 0 0
K 0 0 49
A D 2 16
J N 6 13774 14 3 865 288 0
K 0 0 43
K 0 0 54
A D 2 16
J N 8 13810 -7 4 1729 288 0
K 0 0 42
K 0 0 60
K 0 21 60
A D 8 16
J N 7 13886 0 4 5185 1152 0
K 0 0 43
K 0 0 60
K 0 21 60
A D 4 16
J B 44 13941 1 82 6913 576 0
J N 7 13962 7 4 1 0 0
K 0 0 43
K 0 0 60
K 0 21 60
A D 4 16
J R 6 14013 28 2 1729 576 0
K 0 0 49
A D 2 16
J N 6 14049 -14 6 2593 288 0
K 0 0 45
K 0 0 43
K -1 0 45
K 2 0 45
K 0 0 54
A D 2 16
J N 7 14085 0 4 3457 288 0
K 0 0 43
K 0 0 60
K 0 21 60
A D 4 16
J R 7 14136 28 2 5185 576 0
K 0 0 48
A D 4 16
J B 45 14191 1 82 6913 576 0
J N 5 14212 -35 6 1 0 1 89
K 0 21 45
K 0 7 45
K 0 0 43
K 0 7 45
K 1 7 45
A D 1 16
J N 5 14240 -14 5 433 144 1 89
K 0 0 45
K 0 0 43
K -1 0 45
K 2 0 45
A D 1 16
J N 5 14268 -21 5 865 144 1 89
K 0 7 45
K 0 0 43
K 0 7 45
K 1 7 45
A D 1 16
J N 5 14296 -28 6 1297 144 1 89
K 0 14 45
K 0 0 45
K 0 0 43
K -1 0 45
K 2 0 45
A D 1 16
H 89 B 1 0 108 4 22 11 11 33
J N 5 14324 -35 6 1729 144 1 90
K 0 21 45
K 0 7 45
K 0 0 43
K 0 7 45
K 1 7 45
A D 1 16
J N 5 14352 -14 5 2161 144 1 90
K 0 0 45
K 0 0 43
K -1 0 45
K 2 0 45
A D 1 16
J N 5 14380 -21 5 2593 144 1 90
K 0 7 45
K 0 0 43
K 0 7 45
K 1 7 45
A D 1 16
J N 5 14408 -28 6 3025 144 1 90
K 0 14 45
K 0 0 45
K 0 0 43
K -1 0 45
K 2 0 45
A D 1 16
H 90 B 1 0 108 4 22 11 11 33
J N 7 14436 -35 9 3457 144 0
K 0 21 45
K 0 7 45
K 0 0 43
K 0 7 45
K 1 7 45
K 0 0 60
K 0 28 60
K 0 35 60
A D 4 16
J R 7 14487 28 2 5185 576 0
K 0 0 48
A D 4 16
J B 46 14542 1 82 6913 576 0
J N 5 14563 -35 6 1 0 2 91 92
K 0 21 45
K 0 7 45
K 0 0 43
K 0 7 45
K 1 7 45
A D 1 16
J N 5 14591 -14 5 433 144 2 92 91
K 0 0 45
K 0 0 43
K -1 0 45
K 2 0 45
A D 1 16
H 91 S 0 0 0 0 0 0 0 0 0
J N 5 14619 -21 5 865 144 2 93 92
K 0 7 45
K 0 0 43
K 0 7 45
K 1 7 45
A D 1 16
J N 5 14647 -28 6 1297 144 2 92 93
K 0 14 45
K 0 0 45
K 0 0 43
K -1 0 45
K 2 0 45
A D 1 16
H 92 B 1 0 108 4 22 11 11 33
H 93 S 0 0 0 0 0 0 0 0 0
J N 5 14675 -35 6 1729 144 2 94 95
K 0 21 45
K 0 7 45
K 0 0 43
K 0 7 45
K 1 7 45
A D 1 16
J N 5 14703 -28 6 2161 144 2 95 94
K 0 14 45
K 0 0 45
K 0 0 43
K -1 0 45
K 2 0 45
A D 1 16
H 94 S 0 0 0 0 0 0 0 0 0
J N 5 14731 -35 6 2593 144 2 96 95
K 0 21 45
K 0 7 45
K 0 0 43
K 0 7 45
K 1 7 45
A D 1 16
J N 5 14759 -28 6 3025 144 2 95 96
K 0 14 45
K 0 0 45
K 0 0 43
K -1 0 45
K 2 0 45
A D 1 16
H 95 B 1 0 108 4 22 11 11 33
H 96 S 0 0 0 0 0 0 0 0 0
J N 7 14787 -35 9 3457 144 0
K 0 21 45
K 0 7 45
K 0 0 43
K 0 7 45
K 1 7 45
K 0 0 60
K 0 28 60
K 0 35 60
A D 4 16
J R 6 14838 28 2 5185 576 0
K 0 0 49
A D 2 16
J N 6 14874 0 3 6049 288 0
K 0 0 43
K 0 0 54
A D 2 16
J B 47 14914 1 82 6913 288 0
J N 7 14935 7 4 1 0 0
K 0 0 43
K 0 0 60
K 0 21 60
A D 4 16
J R 6 14986 28 2 1729 576 0
K 0 0 49
A D 2 16
J N 6 15022 -14 6 2593 288 0
K 0 0 45
K 0 0 43
K -1 0 45
K 2 0 45
K 0 0 54
A D 2 16
J N 5 15058 0 2 3457 288 1 97
K 0 0 43
A D 1 16
J N 5 15086 35 3 3889 144 1 97
K 0 0 43
K 0 70 108
A D 1 16
J N 5 15114 28 2 4321 144 1 97
K 0 0 43
A D 1 16
J N 5 15142 21 2 4753 144 1 97
K 0 0 43
A D 1 16
H 97 B 1 0 108 4 22 11 11 33
J N 5 15170 14 2 5185 144 1 98
K 0 0 43
A D 1 16
J N 5 15198 35 2 5617 144 1 98
K 0 0 43
A D 1 16
J N 5 15226 28 2 6049 144 1 98
K 0 0 43
A D 1 16
J N 5 15254 21 2 6481 144 1 98
K 0 0 43
A D 1 16
H 98 B 1 0 108 4 22 11 11 33
J B 48 15286 1 82 6913 144 0
J N 7 15307 14 4 1 0 0
K 0 0 43
K 0 0 60
K 0 21 60
A D 4 16
J R 7 15358 28 2 1729 576 0
K 0 0 48
A D 4 16
J N 5 15409 14 2 3457 576 2 99 100
K 0 0 43
A D 1 16
J N 5 15437 35 2 3889 144 2 100 99
K 0 0 43
A D 1 16
H 99 S 0 0 0 0 0 0 0 0 0
J N 5 15465 28 2 4321 144 2 101 100
K 0 0 43
A D 1 16
J N 5 15493 21 2 4753 144 2 100 101
K 0 0 43
A D 1 16
H 100 B 1 0 108 4 22 11 11 33
H 101 S 0 0 0 0 0 0 0 0 0
J N 5 15521 14 2 5185 144 2 102 103
K 0 0 43
A D 1 16
J N 5 15549 21 2 5617 144 2 103 102
K 0 0 43
A D 1 16
H 102 S 0 0 0 0 0 0 0 0 0
J N 5 15577 14 2 6049 144 2 104 103
K 0 0 43
A D 1 16
J N 5 15605 21 2 6481 144 2 103 104
K 0 0 43
A D 1 16
H 103 B 1 0 108 4 22 11 11 33
H 104 S 0 0 0 0 0 0 0 0 0
J B 49 15637 1 82 6913 144 0
J N 7 15658 14 4 1 0 0
K 0 0 43
K 0 0 60
K 0 21 60
A D 4 16
J R 7 15709 28 2 1729 576 0
K 0 0 48
A D 4 16
J N 5 15760 35 3 3457 576 1 105
K 0 0 43
K 0 71 110
A D 1 16
J N 5 15788 14 2 3889 144 1 105
K 0 0 43
A D 1 16
J N 5 15816 21 2 4321 144 1 105
K 0 0 43
A D 1 16
J N 5 15844 14 2 4753 144 1 105
K 0 0 43
A D 1 16
H 105 B 1 0 108 4 22 11 11 33
J N 5 15872 35 2 5185 144 1 106
K 0 0 43
A D 1 16
J N 5 15900 14 2 5617 144 1 106
K 0 0 43
A D 1 16
J N 5 15928 21 2 6049 144 1 106
K 0 0 43
A D 1 16
J N 5 15956 14 2 6481 144 1 106
K 0 0 43
A D 1 16
H 106 B 1 0 108 4 22 11 11 33
J B 50 15988 1 82 6913 144 0
J N 5 16009 28 2 1 0 1 107
K 0 0 43
A D 1 16
J N 5 16037 14 2 433 144 1 107
K 0 0 43
A D 1 16
J N 5 16065 21 2 865 144 1 107
K 0 0 43
A D 1 16
J N 5 16093 14 2 1297 144 1 107
K 0 0 43
A D 1 16
H 107 B 1 0 108 4 22 11 11 33
J N 5 16121 56 2 1729 144 1 108
K 0 0 43
A D 1 16
J N 5 16149 14 2 2161 144 1 108
K 0 0 43
A D 1 16
J N 5 16177 21 2 2593 144 1 108
K 0 0 43
A D 1 16
J N 5 16205 14 2 3025 144 1 108
K 0 0 43
A D 1 16
H 108 B 1 0 108 4 22 11 11 33
J N 7 16233 63 4 3457 144 0
K 0 0 43
K 0 0 59
K 0 -21 59
A D 4 16
J R 6 16284 28 2 5185 576 0
K 0 0 49
A D 2 16
J N 6 16320 49 3 6049 288 0
K 0 0 43
K 0 0 53
A D 2 16
J B 51 16364 1 82 6913 288 0
J N 7 16385 56 4 1 0 0
K 0 0 43
K 0 0 59
K 0 -21 59
A D 4 16
J R 6 16436 28 2 1729 576 0
K 0 0 49
A D 2 16
J N 6 16472 35 3 2593 288 0
K 0 0 43
K 0 0 53
A D 2 16
J N 8 16512 49 4 3457 288 0
K 0 0 42
K 0 0 59
K 0 -21 59
A D 8 16
J B 0 16615 6 4 6913 1152 0
K -23 21 44
K -23 35 44
K -13 0 82
K -6 0 84
J M 0 16615 0 0 10000 0 0
