@ SOURCE: not identified 
L 0 0 14 !39Violino 1
J D 4 500 -120 1 6913 0 0
W 0 0 44 
J D 1 75 -37 1 6913 0 0
W 0 -56 44 :  Violino 1
J C 4 5 42 2 6913 0 0
K 0 0 33
K 0 0 34
J K 2 57 0 2 6913 0 0
K 0 0 63
K 15 21 63
J D 5 103 -42 1 6913 0 0
W 0 0 37 Adagio
J T 101 103 42 1 6913 0 0
K 0 0 37
J N 7 151 35 4 1 0 0
K 0 0 43
K 0 0 59
K 0 -21 59
A D 4 16
J R 7 179 28 2 1729 576 0
K 0 0 48
A D 4 16
J N 7 207 14 4 3457 576 0
K 0 0 43
K 0 0 60
K 0 21 60
A D 4 16
J R 7 235 28 2 5185 576 0
K 0 0 48
A D 4 16
J B 2 267 1 82 6913 576 0
J N 7 288 35 5 1 0 0
K 0 0 43
K 0 44 108
K 0 0 59
K 0 -21 59
A D 4 16
J R 7 316 28 2 1729 576 0
K 0 0 48
A D 4 16
J N 7 344 28 4 3457 576 0
K 0 0 43
K 0 0 60
K 0 21 60
A D 4 16
J R 7 372 28 2 5185 576 0
K 0 0 48
A D 4 16
J B 3 404 1 82 6913 576 0
J N 7 425 56 5 1 0 0
K 0 0 43
K 0 36 110
K 0 0 59
K 0 -21 59
A D 4 16
J N 7 453 49 4 1729 576 0
K 0 0 43
K 0 0 59
K 0 -21 59
A D 4 16
J N 7 481 56 4 3457 576 0
K 0 0 43
K 0 0 59
K 0 -21 59
A D 4 16
J N 7 509 49 4 5185 576 0
K 0 0 43
K 0 0 59
K 0 -21 59
A D 4 16
J B 4 541 1 82 6913 576 0
J N 9 562 56 3 1 0 0
K 0 0 41
K 2 -66 236
A D 16 16
J B 5 625 5 2 6913 2304 0
K -8 0 82
K 0 0 82
J D 5 646 -42 1 6913 0 0
W 0 0 37 Allegro
J T 101 646 42 1 6913 0 0
K 0 0 37
J R 9 695 28 2 1 10000 0
K 0 0 46
A D 16 16
J B 6 800 1 82 6913 2304 0
J N 5 821 35 2 1 0 1 1
K 0 0 43
A D 1 16
J N 5 849 14 2 433 144 1 1
K 0 0 43
A D 1 16
J N 5 877 21 2 865 144 1 1
K 0 0 43
A D 1 16
J N 5 905 14 2 1297 144 1 1
K 0 0 43
A D 1 16
H 1 B 1 0 108 4 22 11 11 33
J N 5 933 35 2 1729 144 1 2
K 0 0 43
A D 1 16
J N 5 961 14 2 2161 144 1 2
K 0 0 43
A D 1 16
J N 5 989 21 2 2593 144 1 2
K 0 0 43
A D 1 16
J N 5 1017 14 2 3025 144 1 2
K 0 0 43
A D 1 16
H 2 B 1 0 108 4 22 11 11 33
J N 5 1045 28 2 3457 144 1 3
K 0 0 43
A D 1 16
J N 5 1073 14 2 3889 144 1 3
K 0 0 43
A D 1 16
J N 5 1101 21 2 4321 144 1 3
K 0 0 43
A D 1 16
J N 5 1129 14 2 4753 144 1 3
K 0 0 43
A D 1 16
H 3 B 1 0 108 4 22 11 11 33
J N 5 1157 56 2 5185 144 1 4
K 0 0 43
A D 1 16
J N 5 1185 14 2 5617 144 1 4
K 0 0 43
A D 1 16
J N 5 1213 21 2 6049 144 1 4
K 0 0 43
A D 1 16
J N 5 1241 14 2 6481 144 1 4
K 0 0 43
A D 1 16
H 4 B 1 0 108 4 22 11 11 33
J B 7 1273 1 82 6913 144 0
J N 7 1294 63 4 1 0 0
K 0 0 43
K 0 0 59
K 0 -21 59
A D 4 16
J R 7 1330 28 2 1729 576 0
K 0 0 48
A D 4 16
J R 8 1366 28 2 3457 576 0
K 0 0 47
A D 8 16
J B 8 1421 1 82 6913 1152 0
J R 8 1442 28 2 1 0 0
K 0 0 47
A D 8 16
J N 7 1493 35 4 3457 1152 0
K 0 0 43
K 0 0 59
K 0 -21 59
A D 4 16
J R 6 1529 28 2 5185 576 0
K 0 0 49
A D 2 16
J N 6 1557 21 3 6049 288 0
K 0 0 43
K 0 0 54
A D 2 16
J B 9 1589 1 82 6913 288 0
J N 6 1610 14 2 1 0 1 5
K 0 0 43
A D 2 16
J N 6 1638 28 2 865 288 1 5
K 0 0 43
A D 2 16
J N 6 1666 7 2 1729 288 1 5
K 0 0 43
A D 2 16
J N 6 1694 56 2 2593 288 1 5
K 0 0 43
A D 2 16
H 5 B 1 0 108 4 2 1 1 3
J N 7 1722 35 4 3457 288 0
K 0 0 43
K 0 0 59
K 0 -21 59
A D 4 16
J R 7 1758 28 2 5185 576 0
K 0 0 48
A D 4 16
J B 10 1798 1 82 6913 576 0
J R 9 1819 28 2 1 10000 0
K 0 0 46
A D 16 16
J B 11 1924 1 82 6913 2304 0
J R 8 1945 28 2 1 0 0
K 0 0 47
A D 8 16
J N 6 1996 0 2 3457 1152 1 6
K 0 0 43
A D 2 16
J N 6 2024 -14 5 4321 288 1 6
K 0 0 45
K 0 0 43
K -1 0 45
K 2 0 45
A D 2 16
J N 6 2052 7 2 5185 288 1 6
K 0 0 43
A D 2 16
J N 6 2080 -14 5 6049 288 1 6
K 0 0 45
K 0 0 43
K -1 0 45
K 2 0 45
A D 2 16
H 6 B 1 0 108 4 2 1 1 3
J B 12 2112 1 82 6913 288 0
J N 7 2133 14 4 1 0 0
K 0 0 43
K 0 0 60
K 0 21 60
A D 4 16
J R 7 2169 28 2 1729 576 0
K 0 0 48
A D 4 16
J N 6 2205 14 2 3457 576 1 7
K 0 0 43
A D 2 16
J N 6 2233 0 2 4321 288 1 7
K 0 0 43
A D 2 16
J N 6 2261 21 2 5185 288 1 7
K 0 0 43
A D 2 16
J N 6 2289 0 2 6049 288 1 7
K 0 0 43
A D 2 16
H 7 B 1 0 108 4 2 1 1 3
J B 13 2321 1 82 6913 288 0
J N 7 2342 28 4 1 0 0
K 0 0 43
K 0 0 60
K 0 21 60
A D 4 16
J R 7 2378 28 2 1729 576 0
K 0 0 48
A D 4 16
J N 6 2414 -14 5 3457 576 1 8
K 0 0 45
K 0 0 43
K -1 0 45
K 2 0 45
A D 2 16
J N 6 2442 35 2 4321 288 1 8
K 0 0 43
A D 2 16
H 8 B 1 0 108 2 2 3
J N 7 2470 14 4 5185 288 1 9
K 0 0 43
K 0 0 60
K 0 21 60
A D 4 16
J B 14 2510 1 82 6913 576 0
J N 7 2531 14 4 1 0 1 9
K 0 0 43
K 0 0 60
K 0 21 60
A D 4 16
H 9 T 14 0 0 0 0 0 5 0
J N 7 2567 21 4 1729 576 0
K 0 0 43
K 0 0 60
K 0 21 60
A D 4 16
J N 6 2603 14 2 3457 576 1 10
K 0 0 43
A D 2 16
J N 6 2631 -14 5 4321 288 1 10
K 0 0 45
K 0 0 43
K -1 0 45
K 2 0 45
A D 2 16
J N 6 2659 0 2 5185 288 1 10
K 0 0 43
A D 2 16
J N 6 2687 14 2 6049 288 1 10
K 0 0 43
A D 2 16
H 10 B 1 0 108 4 2 1 1 3
J B 15 2719 1 82 6913 288 0
J N 6 2740 -14 5 1 0 1 11
K 0 0 45
K 0 0 43
K -1 0 45
K 2 0 45
A D 2 16
J N 6 2768 7 2 865 288 1 11
K 0 0 43
A D 2 16
H 11 B 1 0 108 2 2 3
J N 8 2796 -14 7 1729 288 0
K 0 0 45
K 0 0 42
K -1 0 45
K 2 0 45
K 0 0 60
K 0 21 60
A D 8 16
J N 7 2847 -7 5 5185 1152 0
K -18 0 63
K 0 0 43
K 0 0 60
K 0 21 60
A D 4 16
J B 16 2887 1 82 6913 576 0
J N 7 2908 -14 7 1 0 0
K 0 0 45
K 0 0 43
K -1 0 45
K 2 0 45
K 0 0 60
K 0 21 60
A D 4 16
J R 6 2944 28 2 1729 576 0
K 0 0 49
A D 2 16
J N 6 2972 0 3 2593 288 0
K 0 0 43
K 0 0 54
A D 2 16
J N 7 3000 28 4 3457 288 0
K 0 0 43
K 0 0 60
K 0 21 60
A D 4 16
J R 6 3036 28 2 5185 576 0
K 0 0 49
A D 2 16
J N 6 3064 7 3 6049 288 0
K 0 0 43
K 0 0 54
A D 2 16
J B 17 3096 1 82 6913 288 0
J N 7 3117 35 4 1 0 0
K 0 0 43
K 0 0 59
K 0 -21 59
A D 4 16
J R 6 3153 28 2 1729 576 0
K 0 0 49
A D 2 16
J N 6 3181 14 3 2593 288 0
K 0 0 43
K 0 0 54
A D 2 16
J N 6 3217 42 3 3457 288 1 12
K -18 0 63
K 0 0 43
A D 2 16
J N 6 3245 56 2 4321 288 1 12
K 0 0 43
A D 2 16
H 12 B 0 0 108 2 2 3
J N 7 3273 35 4 5185 288 1 13
K 0 0 43
K 0 0 59
K 0 -21 59
A D 4 16
J B 18 3313 1 82 6913 576 0
J N 7 3334 35 4 1 0 1 13
K 0 0 43
K 0 0 59
K 0 -21 59
A D 4 16
H 13 T 35 0 0 0 0 0 9 0
J N 7 3378 42 5 1729 576 0
K -18 0 63
K 0 0 43
K 0 0 59
K 0 -21 59
A D 4 16
J N 6 3414 21 2 3457 576 1 14
K 0 0 43
A D 2 16
J N 6 3442 7 2 4321 288 1 14
K 0 0 43
A D 2 16
J N 6 3470 28 2 5185 288 1 14
K 0 0 43
A D 2 16
J N 6 3498 7 2 6049 288 1 14
K 0 0 43
A D 2 16
H 14 B 1 0 108 4 2 1 1 3
J B 19 3530 1 82 6913 288 0
J N 7 3551 35 4 1 0 0
K 0 0 43
K 0 0 59
K 0 -21 59
A D 4 16
J R 7 3587 28 2 1729 576 0
K 0 0 48
A D 4 16
J N 6 3623 35 2 3457 576 1 15
K 0 0 43
A D 2 16
J N 6 3651 21 2 4321 288 1 15
K 0 0 43
A D 2 16
J N 6 3690 42 3 5185 288 1 15
K -18 0 63
K 0 0 43
A D 2 16
J N 6 3718 21 2 6049 288 1 15
K 0 0 43
A D 2 16
H 15 B 1 0 108 4 2 1 1 3
J B 20 3750 1 82 6913 288 0
J N 7 3771 49 4 1 0 0
K 0 0 43
K 0 0 59
K 0 -21 59
A D 4 16
J R 7 3807 28 2 1729 576 0
K 0 0 48
A D 4 16
J N 6 3843 7 2 3457 576 1 16
K 0 0 43
A D 2 16
J N 6 3871 56 2 4321 288 1 16
K 0 0 43
A D 2 16
H 16 B 0 0 108 2 2 3
J N 7 3899 35 4 5185 288 1 17
K 0 0 43
K 0 0 59
K 0 -21 59
A D 4 16
J B 21 3939 1 82 6913 576 0
J N 7 3960 35 4 1 0 1 17
K 0 0 43
K 0 0 59
K 0 -21 59
A D 4 16
H 17 T 35 0 0 0 0 0 9 0
J N 7 4004 42 5 1729 576 0
K -18 0 63
K 0 0 43
K 0 0 59
K 0 -21 59
A D 4 16
J N 6 4040 21 3 3457 576 2 18 19
K 0 0 43
K 0 70 108
A D 2 16
J N 6 4068 7 2 4321 288 2 19 18
K 0 0 43
A D 2 16
H 18 S 0 0 0 0 0 0 0 0 0
J N 6 4096 28 2 5185 288 2 20 19
K 0 0 43
A D 2 16
J N 6 4124 7 2 6049 288 2 19 20
K 0 0 43
A D 2 16
H 19 B 1 0 108 4 2 1 1 3
H 20 S 0 0 0 0 0 0 0 0 0
J B 22 4156 1 82 6913 288 0
J N 7 4177 35 4 1 0 0
K 0 0 43
K 0 0 59
K 0 -21 59
A D 4 16
J R 7 4213 28 2 1729 576 0
K 0 0 48
A D 4 16
J N 6 4249 35 2 3457 576 2 21 22
K 0 0 43
A D 2 16
J N 6 4277 21 2 4321 288 2 22 21
K 0 0 43
A D 2 16
H 21 S 12 0 0 0 0 0 0 0 0
J N 6 4316 42 3 5185 288 2 23 22
K -18 0 63
K 0 0 43
A D 2 16
J N 6 4344 21 2 6049 288 2 22 23
K 0 0 43
A D 2 16
H 22 B 0 0 108 4 2 1 1 3
H 23 S 12 0 0 0 0 0 0 0 0
J B 23 4376 1 82 6913 288 0
J N 7 4397 49 4 1 0 0
K 0 0 43
K 0 0 59
K 0 -21 59
A D 4 16
J R 7 4433 28 2 1729 576 0
K 0 0 48
A D 4 16
J N 6 4469 7 3 3457 576 1 24
K 0 0 43
K 0 78 110
A D 2 16
J N 6 4497 56 2 4321 288 1 24
K 0 0 43
A D 2 16
H 24 B 0 0 108 2 2 3
J N 7 4525 35 4 5185 288 1 25
K 0 0 43
K 0 0 59
K 0 -21 59
A D 4 16
J B 24 4565 1 82 6913 576 0
J N 7 4586 35 4 1 0 1 25
K 0 0 43
K 0 0 59
K 0 -21 59
A D 4 16
H 25 T 35 0 0 0 0 0 9 0
J N 7 4630 42 5 1729 576 0
K -18 0 63
K 0 0 43
K 0 0 59
K 0 -21 59
A D 4 16
J N 7 4666 35 4 3457 576 0
K 0 0 43
K 0 0 59
K 0 -21 59
A D 4 16
J R 6 4702 28 2 5185 576 0
K 0 0 49
A D 2 16
J N 6 4730 21 3 6049 288 0
K 0 0 43
K 0 0 54
A D 2 16
J B 25 4762 1 82 6913 288 0
J N 7 4783 28 4 1 0 0
K 0 0 43
K 0 0 60
K 0 21 60
A D 4 16
J R 6 4819 28 2 1729 576 0
K 0 0 49
A D 2 16
J N 6 4847 7 3 2593 288 0
K 0 0 43
K 0 0 54
A D 2 16
J N 8 4875 21 4 3457 288 0
K 0 0 42
K 0 0 60
K 0 21 60
A D 8 16
J B 26 4952 10 6 6913 1152 0
K -22 21 44
K -22 35 44
K -12 0 84
K 0 0 84
K 11 21 44
K 11 35 44
J N 7 4989 7 4 1 0 0
K 0 0 43
K 0 0 60
K 0 21 60
A D 4 16
J R 7 5025 28 2 1729 576 0
K 0 0 48
A D 4 16
J N 7 5061 7 4 3457 576 0
K 0 0 43
K 0 0 60
K 0 21 60
A D 4 16
J R 7 5097 28 2 5185 576 0
K 0 0 48
A D 4 16
J B 27 5137 1 82 6913 576 0
J N 7 5158 7 4 1 0 0
K 0 0 43
K 0 0 60
K 0 21 60
A D 4 16
J R 7 5194 28 2 1729 576 0
K 0 0 48
A D 4 16
J N 7 5230 7 4 3457 576 0
K 0 0 43
K 0 0 60
K 0 21 60
A D 4 16
J R 7 5266 28 2 5185 576 0
K 0 0 48
A D 4 16
J B 28 5306 1 82 6913 576 0
J N 7 5327 0 4 1 0 0
K 0 0 43
K 0 0 60
K 0 21 60
A D 4 16
J R 7 5363 28 2 1729 576 0
K 0 0 48
A D 4 16
J N 7 5399 0 4 3457 576 0
K 0 0 43
K 0 0 60
K 0 21 60
A D 4 16
J R 7 5435 28 2 5185 576 0
K 0 0 48
A D 4 16
J B 29 5475 1 82 6913 576 0
J N 7 5496 0 4 1 0 0
K 0 0 43
K 0 0 60
K 0 21 60
A D 4 16
J R 7 5532 28 2 1729 576 0
K 0 0 48
A D 4 16
J N 7 5568 0 4 3457 576 0
K 0 0 43
K 0 0 60
K 0 21 60
A D 4 16
J R 7 5604 28 2 5185 576 0
K 0 0 48
A D 4 16
J B 30 5644 1 82 6913 576 0
J N 6 5665 0 2 1 0 1 26
K 0 0 43
A D 2 16
J N 6 5693 14 2 865 288 1 26
K 0 0 43
A D 2 16
H 26 B 1 0 108 2 2 3
J N 7 5721 -7 4 1729 288 0
K 0 0 43
K 0 0 60
K 0 21 60
A D 4 16
J R 6 5757 28 2 3457 576 0
K 0 0 49
A D 2 16
J N 6 5785 21 3 4321 288 0
K 0 0 43
K 0 0 54
A D 2 16
J N 7 5813 0 4 5185 288 0
K 0 0 43
K 0 0 60
K 0 21 60
A D 4 16
J B 31 5853 1 82 6913 576 0
J R 6 5874 28 2 1 0 0
K 0 0 49
A D 2 16
J N 6 5902 28 3 865 288 0
K 0 0 43
K 0 0 54
A D 2 16
J N 8 5930 7 4 1729 288 0
K 0 0 42
K 0 0 60
K 0 21 60
A D 8 16
J N 7 5981 14 4 5185 1152 0
K 0 0 43
K 0 0 60
K 0 21 60
A D 4 16
J B 32 6021 1 82 6913 576 0
J N 8 6042 21 4 1 0 0
K 0 0 42
K 0 0 60
K 0 21 60
A D 8 16
J N 7 6093 28 4 3457 1152 0
K 0 0 43
K 0 0 60
K 0 21 60
A D 4 16
J R 7 6129 28 2 5185 576 0
K 0 0 48
A D 4 16
J B 33 6169 1 82 6913 576 0
J N 6 6190 28 2 1 0 1 27
K 0 0 43
A D 2 16
J N 6 6218 21 2 865 288 1 27
K 0 0 43
A D 2 16
J N 6 6262 14 3 1729 288 1 27
K -18 0 63
K 0 0 43
A D 2 16
J N 6 6290 28 2 2593 288 1 27
K 0 0 43
A D 2 16
H 27 B 1 0 108 4 2 1 1 3
J N 7 6318 7 4 3457 288 0
K 0 0 43
K 0 0 60
K 0 21 60
A D 4 16
J R 7 6354 28 2 5185 576 0
K 0 0 48
A D 4 16
J B 34 6394 1 82 6913 576 0
J N 6 6415 77 5 1 0 1 28
K 1 -7 45
K 0 0 43
K 0 -7 45
K 1 -7 45
A D 2 16
J N 6 6443 70 5 865 288 1 28
K 1 0 45
K 0 0 43
K -1 0 45
K 2 0 45
A D 2 16
J N 6 6487 63 3 1729 288 1 28
K -18 0 63
K 0 0 43
A D 2 16
J N 6 6515 77 5 2593 288 1 28
K 1 -7 45
K 0 0 43
K 0 -7 45
K 1 -7 45
A D 2 16
H 28 B 0 0 108 4 2 1 1 3
J N 7 6543 56 4 3457 288 0
K 0 0 43
K 0 0 59
K 0 -21 59
A D 4 16
J N 7 6579 42 5 5185 576 0
K 0 0 43
K 0 37 108
K 0 0 59
K 0 -21 59
A D 4 16
J B 35 6619 1 82 6913 576 0
J N 7 6640 35 4 1 0 0
K 0 0 43
K 0 0 59
K 0 -21 59
A D 4 16
J N 7 6676 28 4 1729 576 0
K 0 0 43
K 0 0 60
K 0 21 60
A D 4 16
J N 7 6716 21 5 3457 576 0
K -14 0 64
K 0 0 43
K 0 0 60
K 0 21 60
A D 4 16
J N 7 6752 42 4 5185 576 0
K 0 0 43
K 0 0 59
K 0 -21 59
A D 4 16
J B 36 6792 1 82 6913 576 0
J N 7 6813 35 4 1 0 0
K 0 0 43
K 0 0 59
K 0 -21 59
A D 4 16
J N 7 6849 28 4 1729 576 0
K 0 0 43
K 0 0 60
K 0 21 60
A D 4 16
J N 6 6889 21 4 3457 576 1 29
K -14 0 64
K 0 0 43
K 0 71 110
A D 2 16
J N 6 6933 14 3 4321 288 1 29
K -18 0 63
K 0 0 43
A D 2 16
H 29 B 1 0 108 2 2 3
J N 7 6961 7 4 5185 288 1 30
K 0 0 43
K 0 0 60
K 0 21 60
A D 4 16
J B 37 7001 1 82 6913 576 0
J N 7 7022 7 4 1 0 1 30
K 0 0 43
K 0 0 60
K 0 21 60
A D 4 16
H 30 T 7 0 0 0 0 0 1 0
J N 7 7066 14 5 1729 576 0
K -18 0 63
K 0 0 43
K 0 0 60
K 0 21 60
A D 4 16
J N 6 7102 7 2 3457 576 1 31
K 0 0 43
A D 2 16
J N 6 7130 28 2 4321 288 1 31
K 0 0 43
A D 2 16
H 31 B 1 0 108 2 2 3
J N 7 7158 7 4 5185 288 0
K 0 0 43
K 0 0 60
K 0 21 60
A D 4 16
J B 38 7198 1 82 6913 576 0
J R 6 7219 28 2 1 0 0
K 0 0 49
A D 2 16
J N 6 7247 28 3 865 288 0
K 0 0 43
K 0 0 54
A D 2 16
J N 7 7275 7 4 1729 288 0
K 0 0 43
K 0 0 60
K 0 21 60
A D 4 16
J R 6 7311 28 2 3457 576 0
K 0 0 49
A D 2 16
J N 6 7339 7 3 4321 288 0
K 0 0 43
K 0 0 54
A D 2 16
J N 7 7367 -14 7 5185 288 0
K 0 0 45
K 0 0 43
K -1 0 45
K 2 0 45
K 0 0 60
K 0 21 60
A D 4 16
J B 39 7407 1 82 6913 576 0
J R 6 7428 28 2 1 0 0
K 0 0 49
A D 2 16
J N 6 7456 7 3 865 288 0
K 0 0 43
K 0 0 54
A D 2 16
J N 7 7484 -14 7 1729 288 0
K 0 0 45
K 0 0 43
K -1 0 45
K 2 0 45
K 0 0 60
K 0 21 60
A D 4 16
J R 6 7520 28 2 3457 576 0
K 0 0 49
A D 2 16
J N 6 7548 -14 6 4321 288 0
K 0 0 45
K 0 0 43
K -1 0 45
K 2 0 45
K 0 0 54
A D 2 16
J N 7 7576 -35 9 5185 288 0
K 0 21 45
K 0 7 45
K 0 0 43
K 0 7 45
K 1 7 45
K 0 0 60
K 0 28 60
K 0 35 60
A D 4 16
J B 40 7616 1 82 6913 576 0
J R 6 7637 28 2 1 0 0
K 0 0 49
A D 2 16
J N 6 7665 -14 6 865 288 0
K 0 0 45
K 0 0 43
K -1 0 45
K 2 0 45
K 0 0 54
A D 2 16
J N 7 7693 -35 9 1729 288 0
K 0 21 45
K 0 7 45
K 0 0 43
K 0 7 45
K 1 7 45
K 0 0 60
K 0 28 60
K 0 35 60
A D 4 16
J R 6 7729 28 2 3457 576 0
K 0 0 49
A D 2 16
J N 6 7757 14 3 4321 288 0
K 0 0 43
K 0 0 54
A D 2 16
J N 6 7785 -7 2 5185 288 1 32
K 0 0 43
A D 2 16
J N 6 7813 -14 5 6049 288 1 32
K 0 0 45
K 0 0 43
K -1 0 45
K 2 0 45
A D 2 16
H 32 B 1 0 108 2 2 3
J B 41 7845 1 82 6913 288 0
J N 6 7866 -21 5 1 0 2 33 34
K 0 7 45
K 0 0 43
K 0 7 45
K 1 7 45
A D 2 16
J N 6 7894 -14 5 865 288 2 34 33
K 0 0 45
K 0 0 43
K -1 0 45
K 2 0 45
A D 2 16
H 33 S 0 0 0 0 0 0 0 0 0
J N 6 7922 -7 2 1729 288 2 35 34
K 0 0 43
A D 2 16
J N 6 7950 0 2 2593 288 2 34 35
K 0 0 43
A D 2 16
H 34 B 1 0 108 4 2 1 1 3
H 35 S 0 0 0 0 0 0 0 0 0
J N 7 7978 7 4 3457 288 0
K 0 0 43
K 0 0 60
K 0 21 60
A D 4 16
J R 6 8014 28 2 5185 576 0
K 0 0 49
A D 2 16
J N 6 8042 49 4 6049 288 0
K 0 0 43
K 0 32 108
K 0 0 53
A D 2 16
J B 42 8084 1 82 6913 288 0
J N 6 8105 42 2 1 0 1 36
K 0 0 43
A D 2 16
J N 6 8133 49 2 865 288 1 36
K 0 0 43
A D 2 16
J N 6 8161 42 2 1729 288 1 36
K 0 0 43
A D 2 16
J N 6 8189 56 2 2593 288 1 36
K 0 0 43
A D 2 16
H 36 B 0 0 108 4 2 1 1 3
J N 6 8217 35 2 3457 288 1 37
K 0 0 43
A D 2 16
J N 6 8245 42 2 4321 288 1 37
K 0 0 43
A D 2 16
J N 6 8273 35 2 5185 288 1 37
K 0 0 43
A D 2 16
J N 6 8301 49 2 6049 288 1 37
K 0 0 43
A D 2 16
H 37 B 0 0 108 4 2 1 1 3
J B 43 8333 1 82 6913 288 0
J N 6 8354 28 2 1 0 1 38
K 0 0 43
A D 2 16
J N 6 8382 35 2 865 288 1 38
K 0 0 43
A D 2 16
J N 6 8410 28 2 1729 288 1 38
K 0 0 43
A D 2 16
J N 6 8438 42 2 2593 288 1 38
K 0 0 43
A D 2 16
H 38 B 0 0 108 4 2 1 1 3
J N 6 8466 21 3 3457 288 1 39
K 0 0 43
K 0 65 110
A D 2 16
J N 6 8494 35 2 4321 288 1 39
K 0 0 43
A D 2 16
H 39 B 0 0 108 2 2 3
J N 7 8522 14 4 5185 288 1 40
K 0 0 43
K 0 0 60
K 0 21 60
A D 4 16
J B 44 8562 1 82 6913 576 0
J N 7 8583 14 4 1 0 1 40
K 0 0 43
K 0 0 60
K 0 21 60
A D 4 16
H 40 T 14 0 0 0 0 0 5 0
J N 7 8619 21 4 1729 576 0
K 0 0 43
K 0 0 60
K 0 21 60
A D 4 16
J N 6 8655 0 2 3457 576 1 41
K 0 0 43
A D 2 16
J N 6 8683 -14 5 4321 288 1 41
K 0 0 45
K 0 0 43
K -1 0 45
K 2 0 45
A D 2 16
J N 6 8711 7 2 5185 288 1 41
K 0 0 43
A D 2 16
J N 6 8739 -14 5 6049 288 1 41
K 0 0 45
K 0 0 43
K -1 0 45
K 2 0 45
A D 2 16
H 41 B 1 0 108 4 2 1 1 3
J B 45 8771 1 82 6913 288 0
J N 7 8792 14 4 1 0 0
K 0 0 43
K 0 0 60
K 0 21 60
A D 4 16
J R 7 8828 28 2 1729 576 0
K 0 0 48
A D 4 16
J N 6 8864 14 2 3457 576 1 42
K 0 0 43
A D 2 16
J N 6 8892 0 2 4321 288 1 42
K 0 0 43
A D 2 16
J N 6 8920 21 2 5185 288 1 42
K 0 0 43
A D 2 16
J N 6 8948 0 2 6049 288 1 42
K 0 0 43
A D 2 16
H 42 B 1 0 108 4 2 1 1 3
J B 46 8980 1 82 6913 288 0
J N 7 9001 28 4 1 0 0
K 0 0 43
K 0 0 60
K 0 21 60
A D 4 16
J R 7 9037 28 2 1729 576 0
K 0 0 48
A D 4 16
J N 6 9073 -14 5 3457 576 1 43
K 0 0 45
K 0 0 43
K -1 0 45
K 2 0 45
A D 2 16
J N 6 9101 35 2 4321 288 1 43
K 0 0 43
A D 2 16
H 43 B 1 0 108 2 2 3
J N 7 9129 14 4 5185 288 1 44
K 0 0 43
K 0 0 60
K 0 21 60
A D 4 16
J B 47 9169 1 82 6913 576 0
J N 7 9190 14 4 1 0 1 44
K 0 0 43
K 0 0 60
K 0 21 60
A D 4 16
H 44 T 14 0 0 0 0 0 5 0
J N 7 9226 21 4 1729 576 0
K 0 0 43
K 0 0 60
K 0 21 60
A D 4 16
J N 6 9262 49 3 3457 576 2 45 46
K 0 0 43
K 0 39 108
A D 2 16
J N 6 9290 35 2 4321 288 2 46 45
K 0 0 43
A D 2 16
H 45 S 12 0 0 0 0 0 0 0 0
J N 6 9318 56 2 5185 288 2 47 46
K 0 0 43
A D 2 16
J N 6 9346 35 2 6049 288 2 46 47
K 0 0 43
A D 2 16
H 46 B 0 0 108 4 2 1 1 3
H 47 S 12 0 0 0 0 0 0 0 0
J B 48 9378 1 82 6913 288 0
J N 7 9399 63 4 1 0 0
K 0 0 43
K 0 0 59
K 0 -21 59
A D 4 16
J R 7 9435 28 2 1729 576 0
K 0 0 48
A D 4 16
J N 6 9471 63 2 3457 576 2 48 49
K 0 0 43
A D 2 16
J N 6 9499 49 2 4321 288 2 49 48
K 0 0 43
A D 2 16
H 48 S 12 0 0 0 0 0 0 0 0
J N 6 9527 70 5 5185 288 2 50 49
K 1 0 45
K 0 0 43
K -1 0 45
K 2 0 45
A D 2 16
J N 6 9555 49 2 6049 288 2 49 50
K 0 0 43
A D 2 16
H 49 B 0 0 108 4 2 1 1 3
H 50 S 12 0 0 0 0 0 0 0 0
J B 49 9587 1 82 6913 288 0
J N 7 9608 77 7 1 0 0
K 1 -7 45
K 0 0 43
K 0 -7 45
K 1 -7 45
K 0 0 59
K 0 -21 59
A D 4 16
J R 7 9644 28 2 1729 576 0
K 0 0 48
A D 4 16
J N 6 9680 35 3 3457 576 1 51
K 0 0 43
K 0 51 110
A D 2 16
J N 6 9708 84 6 4321 288 1 51
K 1 -14 45
K 1 0 45
K 0 0 43
K -1 0 45
K 2 0 45
A D 2 16
H 51 B 0 0 108 2 2 3
J N 7 9736 63 4 5185 288 1 52
K 0 0 43
K 0 0 59
K 0 -21 59
A D 4 16
J B 50 9776 1 82 6913 576 0
J N 7 9797 63 4 1 0 1 52
K 0 0 43
K 0 0 59
K 0 -21 59
A D 4 16
H 52 T 63 0 0 0 0 0 9 0
J N 7 9833 70 7 1729 576 0
K 1 0 45
K 0 0 43
K -1 0 45
K 2 0 45
K 0 0 59
K 0 -21 59
A D 4 16
J N 7 9869 63 4 3457 576 0
K 0 0 43
K 0 0 59
K 0 -21 59
A D 4 16
J R 6 9905 28 2 5185 576 0
K 0 0 49
A D 2 16
J N 6 9933 49 3 6049 288 0
K 0 0 43
K 0 0 53
A D 2 16
J B 51 9975 1 82 6913 288 0
J N 7 9996 56 4 1 0 0
K 0 0 43
K 0 0 59
K 0 -21 59
A D 4 16
J R 6 10032 28 2 1729 576 0
K 0 0 49
A D 2 16
J N 6 10060 35 3 2593 288 0
K 0 0 43
K 0 0 53
A D 2 16
J N 8 10092 49 4 3457 288 0
K 0 0 42
K 0 0 59
K 0 -21 59
A D 8 16
J B 0 10170 6 4 6913 1152 0
K -23 21 44
K -23 35 44
K -13 0 82
K -6 0 84
J M 0 10170 0 0 10000 0 0
