@ SOURCE: not identified 
L 0 0 14 !39Violino 1
J D 4 500 -120 1 6913 0 0
W 0 0 44 
J D 1 75 -37 1 6913 0 0
W 0 -56 44 :  Violino 1
J C 4 5 42 2 6913 0 0
K 0 0 33
K 0 0 34
J K 2 57 0 2 6913 0 0
K 0 0 63
K 15 21 63
J D 5 103 -42 1 6913 0 0
W 0 0 37 Largo
J T 101 103 42 1 6913 0 0
K 0 0 37
J N 7 151 63 4 1 0 0
K 0 0 43
K 0 0 59
K 0 -21 59
A D 4 16
J R 5 204 28 3 1729 576 0
K 0 14 49
K 4 0 50
A D 1 16
J N 5 237 49 2 2161 144 1 1
K 0 0 43
A D 1 16
J N 5 266 56 2 2593 144 1 1
K 0 0 43
A D 1 16
J N 5 295 63 2 3025 144 1 1
K 0 0 43
A D 1 16
H 1 B 0 0 108 3 22 11 33
J N 7 324 35 4 3457 144 0
K 0 0 43
K 0 0 59
K 0 -21 59
A D 4 16
J R 5 377 28 3 5185 576 0
K 0 14 49
K 4 0 50
A D 1 16
J N 5 410 35 2 5617 144 1 2
K 0 0 43
A D 1 16
J N 5 439 28 2 6049 144 1 2
K 0 0 43
A D 1 16
J N 5 468 21 2 6481 144 1 2
K 0 0 43
A D 1 16
H 2 B 1 0 108 3 22 11 33
J B 2 501 1 82 6913 144 0
J N 7 522 14 4 1 0 0
K 0 0 43
K 0 0 60
K 0 21 60
A D 4 16
J R 5 575 28 3 1729 576 0
K 0 14 49
K 4 0 50
A D 1 16
J N 5 608 14 2 2161 144 1 3
K 0 0 43
A D 1 16
J N 5 637 7 2 2593 144 1 3
K 0 0 43
A D 1 16
J N 5 666 28 2 3025 144 1 3
K 0 0 43
A D 1 16
H 3 B 1 0 108 3 22 11 33
J N 6 695 21 2 3457 144 1 4
K 0 0 43
A D 2 16
J N 6 733 84 6 4321 288 1 4
K 1 -14 45
K 1 0 45
K 0 0 43
K -1 0 45
K 2 0 45
A D 2 16
H 4 B 0 0 108 2 2 3
J R 6 771 28 2 5185 288 0
K 0 0 49
A D 2 16
J N 6 809 35 3 6049 288 0
K 0 0 43
K 0 0 53
A D 2 16
J B 3 855 1 82 6913 288 0
J N 6 876 14 2 1 0 1 5
K 0 0 43
A D 2 16
J N 6 914 63 2 865 288 1 5
K 0 0 43
A D 2 16
H 5 B 0 0 108 2 2 3
J R 5 952 28 3 1729 288 0
K 0 14 49
K 4 0 50
A D 1 16
J N 5 985 35 2 2161 144 1 6
K 0 0 43
A D 1 16
J N 5 1014 28 2 2593 144 1 6
K 0 0 43
A D 1 16
J N 5 1054 21 3 3025 144 1 6
K -14 0 64
K 0 0 43
A D 1 16
H 6 B 1 0 108 3 22 11 33
J N 6 1083 28 2 3457 144 1 7
K 0 0 43
A D 2 16
J N 6 1121 91 6 4321 288 1 7
K 1 -21 45
K 1 -7 45
K 0 0 43
K 0 -7 45
K 1 -7 45
A D 2 16
H 7 B 0 0 108 2 2 3
J R 6 1159 28 2 5185 288 0
K 0 0 49
A D 2 16
J N 6 1197 28 4 6049 288 0
K 0 0 43
K 0 71 108
K 0 0 54
A D 2 16
J B 4 1239 1 82 6913 288 0
J N 6 1260 7 2 1 0 1 8
K 0 0 43
A D 2 16
J N 6 1298 56 2 865 288 1 8
K 0 0 43
A D 2 16
H 8 B 0 0 108 2 2 3
J R 5 1336 28 3 1729 288 0
K 0 14 49
K 4 0 50
A D 1 16
J N 5 1369 28 2 2161 144 1 9
K 0 0 43
A D 1 16
J N 5 1398 21 2 2593 144 1 9
K 0 0 43
A D 1 16
J N 5 1427 14 2 3025 144 1 9
K 0 0 43
A D 1 16
H 9 B 1 0 108 3 22 11 33
J N 6 1456 21 2 3457 144 1 10
K 0 0 43
A D 2 16
J N 6 1494 84 6 4321 288 1 10
K 1 -14 45
K 1 0 45
K 0 0 43
K -1 0 45
K 2 0 45
A D 2 16
H 10 B 0 0 108 2 2 3
J R 6 1532 28 2 5185 288 0
K 0 0 49
A D 2 16
J N 6 1570 21 4 6049 288 0
K 0 0 43
K 0 75 110
K 0 0 54
A D 2 16
J B 5 1612 1 82 6913 288 0
J N 6 1633 0 2 1 0 1 11
K 0 0 43
A D 2 16
J N 6 1671 49 2 865 288 1 11
K 0 0 43
A D 2 16
H 11 B 1 0 108 2 2 3
J R 5 1709 28 3 1729 288 0
K 0 14 49
K 4 0 50
A D 1 16
J N 5 1742 7 2 2161 144 1 12
K 0 0 43
A D 1 16
J N 5 1771 0 2 2593 144 1 12
K 0 0 43
A D 1 16
J N 5 1800 21 2 3025 144 1 12
K 0 0 43
A D 1 16
H 12 B 1 0 108 3 22 11 33
J N 6 1829 14 2 3457 144 1 13
K 0 0 43
A D 2 16
J N 6 1867 0 2 4321 288 1 13
K 0 0 43
A D 2 16
J N 6 1905 7 3 5185 288 1 13
K 0 0 43
K 25 0 44
A D 3 16
J N 5 1951 14 2 6481 432 1 13
K 0 0 43
A D 1 16
H 13 B 1 0 108 4 2 1 1 53
J B 6 1984 1 82 6913 144 0
J N 7 2005 14 4 1 0 0
K 0 0 43
K 0 0 60
K 0 21 60
A D 4 16
J N 7 2058 21 4 1729 576 0
K 0 0 43
K 0 0 60
K 0 21 60
A D 4 16
J N 7 2111 28 4 3457 576 0
K 0 0 43
K 0 0 60
K 0 21 60
A D 4 16
J R 6 2164 28 2 5185 576 0
K 0 0 49
A D 2 16
J N 6 2202 28 3 6049 288 0
K 0 0 43
K 0 0 54
A D 2 16
J B 7 2244 1 82 6913 288 0
J N 6 2265 7 2 1 0 1 14
K 0 0 43
A D 2 16
J N 6 2303 56 2 865 288 1 14
K 0 0 43
A D 2 16
H 14 B 0 0 108 2 2 3
J R 5 2341 28 3 1729 288 0
K 0 14 49
K 4 0 50
A D 1 16
J N 5 2374 28 2 2161 144 1 15
K 0 0 43
A D 1 16
J N 5 2403 21 2 2593 144 1 15
K 0 0 43
A D 1 16
J N 5 2432 14 2 3025 144 1 15
K 0 0 43
A D 1 16
H 15 B 1 0 108 3 22 11 33
J N 6 2461 21 2 3457 144 1 16
K 0 0 43
A D 2 16
J N 6 2499 84 6 4321 288 1 16
K 1 -14 45
K 1 0 45
K 0 0 43
K -1 0 45
K 2 0 45
A D 2 16
H 16 B 0 0 108 2 2 3
J R 6 2537 28 2 5185 288 0
K 0 0 49
A D 2 16
J N 6 2575 35 4 6049 288 0
K 0 0 43
K 0 44 108
K 0 0 53
A D 2 16
J B 8 2621 1 82 6913 288 0
J N 6 2642 14 2 1 0 1 17
K 0 0 43
A D 2 16
J N 6 2680 63 2 865 288 1 17
K 0 0 43
A D 2 16
H 17 B 0 0 108 2 2 3
J R 5 2718 28 3 1729 288 0
K 0 14 49
K 4 0 50
A D 1 16
J N 5 2751 35 2 2161 144 1 18
K 0 0 43
A D 1 16
J N 5 2780 28 2 2593 144 1 18
K 0 0 43
A D 1 16
J N 5 2820 21 3 3025 144 1 18
K -14 0 64
K 0 0 43
A D 1 16
H 18 B 1 0 108 3 22 11 33
J N 6 2849 28 2 3457 144 1 19
K 0 0 43
A D 2 16
J N 6 2887 91 6 4321 288 1 19
K 1 -21 45
K 1 -7 45
K 0 0 43
K 0 -7 45
K 1 -7 45
A D 2 16
H 19 B 0 0 108 2 2 3
J R 6 2925 28 2 5185 288 0
K 0 0 49
A D 2 16
J N 6 2963 28 4 6049 288 0
K 0 0 43
K 0 75 110
K 0 0 54
A D 2 16
J B 9 3005 1 82 6913 288 0
J N 6 3026 35 2 1 0 1 20
K 0 0 43
A D 2 16
J N 6 3064 84 6 865 288 1 20
K 1 -14 45
K 1 0 45
K 0 0 43
K -1 0 45
K 2 0 45
A D 2 16
H 20 B 0 0 108 2 2 3
J R 5 3102 28 3 1729 288 0
K 0 14 49
K 4 0 50
A D 1 16
J N 5 3135 56 2 2161 144 1 21
K 0 0 43
A D 1 16
J N 5 3164 49 2 2593 144 1 21
K 0 0 43
A D 1 16
J N 5 3193 42 2 3025 144 1 21
K 0 0 43
A D 1 16
H 21 B 0 0 108 3 22 11 33
J N 6 3222 49 2 3457 144 1 22
K 0 0 43
A D 2 16
J N 6 3260 63 2 4321 288 1 22
K 0 0 43
A D 2 16
H 22 B 0 0 108 2 2 3
J R 6 3298 28 2 5185 288 0
K 0 0 49
A D 2 16
J N 6 3336 49 3 6049 288 0
K 0 0 43
K 0 0 53
A D 2 16
J B 10 3382 1 82 6913 288 0
J N 7 3403 56 4 1 0 0
K 0 0 43
K 0 0 59
K 0 -21 59
A D 4 16
J N 7 3456 63 4 1729 576 0
K 0 0 43
K 0 0 59
K 0 -21 59
A D 4 16
J N 7 3509 70 7 3457 576 0
K 1 0 45
K 0 0 43
K -1 0 45
K 2 0 45
K 0 0 59
K 0 -21 59
A D 4 16
J N 7 3562 63 4 5185 576 0
K 0 0 43
K 0 0 59
K 0 -21 59
A D 4 16
J B 11 3619 1 82 6913 576 0
J N 7 3640 70 7 1 0 0
K 1 0 45
K 0 0 43
K -1 0 45
K 2 0 45
K 0 0 59
K 0 -21 59
A D 4 16
J N 7 3693 63 4 1729 576 0
K 0 0 43
K 0 0 59
K 0 -21 59
A D 4 16
J N 7 3746 70 7 3457 576 0
K 1 0 45
K 0 0 43
K -1 0 45
K 2 0 45
K 0 0 59
K 0 -21 59
A D 4 16
J R 7 3799 28 3 5185 576 0
K 0 0 48
K -2 -35 101
A D 4 16
J B 12 3856 1 82 6913 576 0
J D 5 3877 -42 1 1 0 0
W 0 0 37 Allegro
J D 0 3877 0 1 1 0 0
W 0 -21 31 Soli
J N 7 3877 35 4 1 0 0
K 0 0 43
K 0 0 59
K 0 -21 59
A D 4 16
J R 6 3930 28 2 1729 576 0
K 0 0 49
A D 2 16
J N 6 3968 35 3 2593 288 0
K 0 0 43
K 0 0 53
A D 2 16
J N 6 4010 14 2 3457 288 1 23
K 0 0 43
A D 2 16
J N 6 4048 63 2 4321 288 1 23
K 0 0 43
A D 2 16
H 23 B 0 0 108 2 2 3
J R 6 4086 28 2 5185 288 0
K 0 0 49
A D 2 16
J N 6 4124 14 3 6049 288 0
K 0 0 43
K 0 0 54
A D 2 16
J B 13 4166 1 82 6913 288 0
J N 6 4187 28 2 1 0 1 24
K 0 0 43
A D 2 16
J N 6 4225 91 6 865 288 1 24
K 1 -21 45
K 1 -7 45
K 0 0 43
K 0 -7 45
K 1 -7 45
A D 2 16
H 24 B 0 0 108 2 2 3
J R 6 4263 28 2 1729 288 0
K 0 0 49
A D 2 16
J N 6 4301 28 3 2593 288 0
K 0 0 43
K 0 0 54
A D 2 16
J N 6 4339 7 2 3457 288 1 25
K 0 0 43
A D 2 16
J N 6 4377 56 2 4321 288 1 25
K 0 0 43
A D 2 16
H 25 B 0 0 108 2 2 3
J R 6 4415 28 2 5185 288 0
K 0 0 49
A D 2 16
J N 6 4453 7 3 6049 288 0
K 0 0 43
K 0 0 54
A D 2 16
J B 14 4495 1 82 6913 288 0
J N 6 4516 21 2 1 0 1 26
K 0 0 43
A D 2 16
J N 6 4554 84 6 865 288 1 26
K 1 -14 45
K 1 0 45
K 0 0 43
K -1 0 45
K 2 0 45
A D 2 16
H 26 B 0 0 108 2 2 3
J R 6 4592 28 2 1729 288 0
K 0 0 49
A D 2 16
J N 6 4630 21 3 2593 288 0
K 0 0 43
K 0 0 54
A D 2 16
J N 6 4668 0 2 3457 288 1 27
K 0 0 43
A D 2 16
J N 6 4706 49 2 4321 288 1 27
K 0 0 43
A D 2 16
H 27 B 1 0 108 2 2 3
J R 6 4744 28 2 5185 288 0
K 0 0 49
A D 2 16
J N 6 4782 0 3 6049 288 0
K 0 0 43
K 0 0 54
A D 2 16
J B 15 4824 1 82 6913 288 0
J N 6 4845 14 2 1 0 1 28
K 0 0 43
A D 2 16
J N 6 4883 77 5 865 288 1 28
K 1 -7 45
K 0 0 43
K 0 -7 45
K 1 -7 45
A D 2 16
H 28 B 0 0 108 2 2 3
J R 6 4921 28 2 1729 288 0
K 0 0 49
A D 2 16
J N 6 4959 14 3 2593 288 0
K 0 0 43
K 0 0 54
A D 2 16
J N 7 4997 7 4 3457 288 0
K 0 0 43
K 0 0 60
K 0 21 60
A D 4 16
J R 6 5050 28 2 5185 576 0
K 0 0 49
A D 2 16
J N 6 5088 7 3 6049 288 0
K 0 0 43
K 0 0 54
A D 2 16
J B 16 5130 1 82 6913 288 0
J D 0 5151 0 1 1 0 0
W 0 -21 31 Tutti
J N 7 5151 0 4 1 0 0
K 0 0 43
K 0 0 60
K 0 21 60
A D 4 16
J R 6 5204 28 2 1729 576 0
K 0 0 49
A D 2 16
J N 6 5242 0 3 2593 288 0
K 0 0 43
K 0 0 54
A D 2 16
J N 7 5280 -7 4 3457 288 0
K 0 0 43
K 0 0 60
K 0 21 60
A D 4 16
J R 6 5333 28 2 5185 576 0
K 0 0 49
A D 2 16
J N 6 5371 -7 3 6049 288 0
K 0 0 43
K 0 0 54
A D 2 16
J B 17 5413 1 82 6913 288 0
J N 7 5434 -14 7 1 0 0
K 0 0 45
K 0 0 43
K -1 0 45
K 2 0 45
K 0 0 60
K 0 21 60
A D 4 16
J R 6 5487 28 2 1729 576 0
K 0 0 49
A D 2 16
J N 6 5525 -14 6 2593 288 0
K 0 0 45
K 0 0 43
K -1 0 45
K 2 0 45
K 0 0 54
A D 2 16
J N 7 5563 -21 7 3457 288 0
K 0 7 45
K 0 0 43
K 0 7 45
K 1 7 45
K 0 0 60
K 0 21 60
A D 4 16
J R 6 5616 28 2 5185 576 0
K 0 0 49
A D 2 16
J N 6 5654 -21 7 6049 288 0
K 0 7 45
K 0 0 43
K 0 7 45
K 1 7 45
K 0 0 60
K 0 0 54
A D 2 16
J B 18 5696 1 82 6913 288 0
J N 7 5717 7 4 1 0 0
K 0 0 43
K 0 0 60
K 0 21 60
A D 4 16
J N 7 5770 0 4 1729 576 0
K 0 0 43
K 0 0 60
K 0 21 60
A D 4 16
J N 7 5823 7 4 3457 576 0
K 0 0 43
K 0 0 60
K 0 21 60
A D 4 16
J N 7 5876 0 4 5185 576 0
K 0 0 43
K 0 0 60
K 0 21 60
A D 4 16
J B 19 5933 1 82 6913 576 0
J N 7 5954 7 4 1 0 0
K 0 0 43
K 0 0 60
K 0 21 60
A D 4 16
J R 7 6007 28 2 1729 576 0
K 0 0 48
A D 4 16
J R 7 6060 28 3 3457 576 0
K 0 0 48
K -2 -35 101
A D 4 16
J R 6 6113 28 2 5185 576 0
K 0 0 49
A D 2 16
J D 5 6151 -42 1 6049 288 0
W 0 0 37 Adagio
J N 6 6151 0 3 6049 0 0
K 0 0 43
K 0 0 54
A D 2 16
J B 20 6193 1 82 6913 288 0
J N 7 6214 14 4 1 0 0
K 0 0 43
K 0 0 60
K 0 21 60
A D 4 16
J R 6 6267 28 2 1729 576 0
K 0 0 49
A D 2 16
J N 6 6305 14 3 2593 288 0
K 0 0 43
K 0 0 54
A D 2 16
J N 7 6343 56 5 3457 288 0
K -18 0 63
K 0 0 43
K 0 0 59
K 0 -21 59
A D 4 16
J N 7 6396 49 4 5185 576 1 29
K 0 0 43
K 0 0 59
K 0 -21 59
A D 4 16
J B 21 6453 1 82 6913 576 0
J N 7 6474 49 4 1 0 1 29
K 0 0 43
K 0 0 59
K 0 -21 59
A D 4 16
H 29 T 49 0 0 0 0 0 9 0
J N 7 6527 56 5 1729 576 0
K -18 0 63
K 0 0 43
K 0 0 59
K 0 -21 59
A D 4 16
J D 5 6580 -42 1 3457 576 0
W 0 0 37 Allegro
J N 7 6580 0 4 3457 0 0
K 0 0 43
K 0 0 60
K 0 21 60
A D 4 16
J R 6 6633 28 2 5185 576 0
K 0 0 49
A D 2 16
J D 0 6652 0 1 6049 288 0
W 0 -21 31 Soli
J N 6 6671 0 3 6049 0 0
K 0 0 43
K 0 0 54
A D 2 16
J B 22 6713 1 82 6913 288 0
J N 6 6734 -21 5 1 0 1 30
K 0 7 45
K 0 0 43
K 0 7 45
K 1 7 45
A D 2 16
J N 6 6772 28 2 865 288 1 30
K 0 0 43
A D 2 16
H 30 B 1 0 108 2 2 3
J R 6 6810 28 2 1729 288 0
K 0 0 49
A D 2 16
J N 6 6848 -21 7 2593 288 0
K 0 7 45
K 0 0 43
K 0 7 45
K 1 7 45
K 0 0 60
K 0 0 54
A D 2 16
J N 6 6891 -7 3 3457 288 1 31
K -18 0 63
K 0 0 43
A D 2 16
J N 6 6929 56 2 4321 288 1 31
K 0 0 43
A D 2 16
H 31 B 1 0 108 2 2 3
J R 6 6967 28 2 5185 288 0
K 0 0 49
A D 2 16
J N 6 7005 7 3 6049 288 0
K 0 0 43
K 0 0 54
A D 2 16
J B 23 7047 1 82 6913 288 0
J N 6 7068 -14 5 1 0 1 32
K 0 0 45
K 0 0 43
K -1 0 45
K 2 0 45
A D 2 16
J N 6 7106 35 2 865 288 1 32
K 0 0 43
A D 2 16
H 32 B 1 0 108 2 2 3
J R 6 7144 28 2 1729 288 0
K 0 0 49
A D 2 16
J N 6 7182 -14 6 2593 288 0
K 0 0 45
K 0 0 43
K -1 0 45
K 2 0 45
K 0 0 54
A D 2 16
J N 6 7220 0 2 3457 288 1 33
K 0 0 43
A D 2 16
J N 6 7258 63 2 4321 288 1 33
K 0 0 43
A D 2 16
H 33 B 0 0 108 2 2 3
J R 6 7296 28 2 5185 288 0
K 0 0 49
A D 2 16
J N 6 7334 0 3 6049 288 0
K 0 0 43
K 0 0 54
A D 2 16
J B 24 7376 1 82 6913 288 0
J N 6 7397 7 2 1 0 1 34
K 0 0 43
A D 2 16
J N 6 7435 56 2 865 288 1 34
K 0 0 43
A D 2 16
H 34 B 0 0 108 2 2 3
J R 6 7473 28 2 1729 288 0
K 0 0 49
A D 2 16
J N 6 7511 7 3 2593 288 0
K 0 0 43
K 0 0 54
A D 2 16
J D 0 7549 0 1 3457 288 0
W 0 -21 31 Tutti
J N 6 7549 21 2 3457 0 1 35
K 0 0 43
A D 2 16
J N 6 7587 35 2 4321 288 1 35
K 0 0 43
A D 2 16
H 35 B 1 0 108 2 2 3
J N 7 7625 0 4 5185 288 0
K 0 0 43
K 0 0 60
K 0 21 60
A D 4 16
J B 25 7682 1 82 6913 576 0
J R 6 7703 28 2 1 0 0
K 0 0 49
A D 2 16
J N 6 7741 28 3 865 288 0
K 0 0 43
K 0 0 54
A D 2 16
J N 7 7779 7 4 1729 288 0
K 0 0 43
K 0 0 60
K 0 21 60
A D 4 16
J R 6 7832 28 2 3457 576 0
K 0 0 49
A D 2 16
J N 6 7870 35 3 4321 288 0
K 0 0 43
K 0 0 53
A D 2 16
J N 7 7912 14 4 5185 288 0
K 0 0 43
K 0 0 60
K 0 21 60
A D 4 16
J B 26 7969 1 82 6913 576 0
J R 6 7990 28 2 1 0 0
K 0 0 49
A D 2 16
J N 6 8030 42 4 865 288 0
K -18 0 63
K 0 0 43
K 0 0 53
A D 2 16
J N 7 8072 21 4 1729 288 0
K 0 0 43
K 0 0 60
K 0 21 60
A D 4 16
J R 6 8125 28 2 3457 576 0
K 0 0 49
A D 2 16
J N 6 8163 49 2 4321 288 1 36
K 0 0 43
A D 2 16
J N 6 8201 28 2 5185 288 1 36
K 0 0 43
A D 2 16
J N 6 8239 14 2 6049 288 1 36
K 0 0 43
A D 2 16
H 36 B 0 0 108 3 2 1 3
J B 27 8281 1 82 6913 288 0
J N 7 8308 42 5 1 0 0
K -18 0 63
K 0 0 43
K 0 0 59
K 0 -21 59
A D 4 16
J R 7 8361 28 3 1729 576 0
K 0 0 48
K -2 -35 101
A D 4 16
J R 7 8414 28 2 3457 576 0
K 0 0 48
A D 4 16
J R 6 8467 28 2 5185 576 0
K 0 0 49
A D 2 16
J D 5 8505 -42 1 6049 288 0
W 0 0 37 Adagio
J N 6 8505 21 3 6049 0 0
K 0 0 43
K 0 0 54
A D 2 16
J B 28 8547 1 82 6913 288 0
J N 6 8568 49 2 1 0 1 37
K 0 0 43
A D 2 16
J N 6 8612 42 3 865 288 1 37
K -18 0 63
K 0 0 43
A D 2 16
H 37 B 0 0 108 2 2 3
J N 8 8650 35 4 1729 288 0
K 0 0 42
K 0 0 59
K 0 -21 59
A D 8 16
J N 7 8729 42 4 5185 1152 0
K 0 0 43
K 0 0 59
K 0 -21 59
A D 4 16
J B 29 8786 1 82 6913 576 0
J D 5 8807 -42 1 1 0 0
W 0 0 37 Allegro
J N 7 8807 35 4 1 0 0
K 0 0 43
K 0 0 59
K 0 -21 59
A D 4 16
J D 0 8860 0 1 1729 576 0
W 0 -21 31 Soli
J R 6 8860 28 2 1729 0 0
K 0 0 49
A D 2 16
J N 6 8898 35 3 2593 288 0
K 0 0 43
K 0 0 53
A D 2 16
J N 6 8940 14 2 3457 288 1 38
K 0 0 43
A D 2 16
J N 6 8978 63 2 4321 288 1 38
K 0 0 43
A D 2 16
H 38 B 0 0 108 2 2 3
J R 6 9016 28 2 5185 288 0
K 0 0 49
A D 2 16
J N 6 9054 14 3 6049 288 0
K 0 0 43
K 0 0 54
A D 2 16
J B 30 9096 1 82 6913 288 0
J N 6 9117 28 2 1 0 1 39
K 0 0 43
A D 2 16
J N 6 9155 91 6 865 288 1 39
K 1 -21 45
K 1 -7 45
K 0 0 43
K 0 -7 45
K 1 -7 45
A D 2 16
H 39 B 0 0 108 2 2 3
J R 6 9193 28 2 1729 288 0
K 0 0 49
A D 2 16
J N 6 9231 28 3 2593 288 0
K 0 0 43
K 0 0 54
A D 2 16
J N 6 9269 7 2 3457 288 1 40
K 0 0 43
A D 2 16
J N 6 9307 56 2 4321 288 1 40
K 0 0 43
A D 2 16
H 40 B 0 0 108 2 2 3
J R 6 9345 28 2 5185 288 0
K 0 0 49
A D 2 16
J N 6 9383 7 3 6049 288 0
K 0 0 43
K 0 0 54
A D 2 16
J B 31 9425 1 82 6913 288 0
J N 6 9446 21 2 1 0 1 41
K 0 0 43
A D 2 16
J N 6 9484 84 6 865 288 1 41
K 1 -14 45
K 1 0 45
K 0 0 43
K -1 0 45
K 2 0 45
A D 2 16
H 41 B 0 0 108 2 2 3
J R 6 9522 28 2 1729 288 0
K 0 0 49
A D 2 16
J N 6 9560 21 3 2593 288 0
K 0 0 43
K 0 0 54
A D 2 16
J N 6 9598 0 2 3457 288 1 42
K 0 0 43
A D 2 16
J N 6 9636 49 2 4321 288 1 42
K 0 0 43
A D 2 16
H 42 B 1 0 108 2 2 3
J R 6 9674 28 2 5185 288 0
K 0 0 49
A D 2 16
J N 6 9712 0 3 6049 288 0
K 0 0 43
K 0 0 54
A D 2 16
J B 32 9754 1 82 6913 288 0
J N 6 9775 14 2 1 0 1 43
K 0 0 43
A D 2 16
J N 6 9813 77 5 865 288 1 43
K 1 -7 45
K 0 0 43
K 0 -7 45
K 1 -7 45
A D 2 16
H 43 B 0 0 108 2 2 3
J R 6 9851 28 2 1729 288 0
K 0 0 49
A D 2 16
J N 6 9889 14 3 2593 288 0
K 0 0 43
K 0 0 54
A D 2 16
J N 7 9927 7 4 3457 288 0
K 0 0 43
K 0 0 60
K 0 21 60
A D 4 16
J R 6 9980 28 2 5185 576 0
K 0 0 49
A D 2 16
J N 6 10018 7 3 6049 288 0
K 0 0 43
K 0 0 54
A D 2 16
J B 33 10060 1 82 6913 288 0
J D 0 10081 0 1 1 0 0
W 0 -21 31 Tutti
J N 7 10081 0 4 1 0 0
K 0 0 43
K 0 0 60
K 0 21 60
A D 4 16
J R 6 10134 28 2 1729 576 0
K 0 0 49
A D 2 16
J N 6 10172 0 3 2593 288 0
K 0 0 43
K 0 0 54
A D 2 16
J N 7 10210 -7 4 3457 288 0
K 0 0 43
K 0 0 60
K 0 21 60
A D 4 16
J R 6 10263 28 2 5185 576 0
K 0 0 49
A D 2 16
J N 6 10301 -7 3 6049 288 0
K 0 0 43
K 0 0 54
A D 2 16
J B 34 10343 1 82 6913 288 0
J N 7 10364 -14 7 1 0 0
K 0 0 45
K 0 0 43
K -1 0 45
K 2 0 45
K 0 0 60
K 0 21 60
A D 4 16
J R 6 10417 28 2 1729 576 0
K 0 0 49
A D 2 16
J N 6 10455 -14 6 2593 288 0
K 0 0 45
K 0 0 43
K -1 0 45
K 2 0 45
K 0 0 54
A D 2 16
J N 7 10493 -21 7 3457 288 0
K 0 7 45
K 0 0 43
K 0 7 45
K 1 7 45
K 0 0 60
K 0 21 60
A D 4 16
J R 6 10546 28 2 5185 576 0
K 0 0 49
A D 2 16
J N 6 10584 -21 7 6049 288 0
K 0 7 45
K 0 0 43
K 0 7 45
K 1 7 45
K 0 0 60
K 0 0 54
A D 2 16
J B 35 10626 1 82 6913 288 0
J N 7 10647 7 4 1 0 0
K 0 0 43
K 0 0 60
K 0 21 60
A D 4 16
J N 7 10700 0 4 1729 576 0
K 0 0 43
K 0 0 60
K 0 21 60
A D 4 16
J N 7 10753 7 4 3457 576 0
K 0 0 43
K 0 0 60
K 0 21 60
A D 4 16
J N 7 10806 0 4 5185 576 0
K 0 0 43
K 0 0 60
K 0 21 60
A D 4 16
J B 36 10863 1 82 6913 576 0
J N 7 10884 7 4 1 0 0
K 0 0 43
K 0 0 60
K 0 21 60
A D 4 16
J R 7 10937 28 2 1729 576 0
K 0 0 48
A D 4 16
J R 7 10990 28 3 3457 576 0
K 0 0 48
K -2 -35 101
A D 4 16
J D 5 11043 -42 1 5185 576 0
W 0 0 37 Adagio
J N 7 11043 0 5 5185 0 0
K -14 0 64
K 0 0 43
K 0 0 60
K 0 21 60
A D 4 16
J B 37 11100 1 82 6913 576 0
J N 8 11121 7 4 1 0 0
K 0 0 42
K 0 0 60
K 0 21 60
A D 8 16
J N 7 11200 14 4 3457 1152 0
K 0 0 43
K 0 0 60
K 0 21 60
A D 4 16
J N 7 11253 28 4 5185 576 0
K 0 0 43
K 0 0 60
K 0 21 60
A D 4 16
J B 38 11310 1 82 6913 576 0
J N 7 11331 35 4 1 0 0
K 0 0 43
K 0 0 59
K 0 -21 59
A D 4 16
J N 6 11384 35 2 1729 576 1 44
K 0 0 43
A D 2 16
J N 6 11422 28 2 2593 288 1 44
K 0 0 43
A D 2 16
H 44 B 0 0 108 2 2 3
J N 7 11460 49 4 3457 288 0
K 0 0 43
K 0 0 59
K 0 -21 59
A D 4 16
J N 6 11513 56 3 5185 576 1 45
K 0 0 43
K 24 -6 44
A D 3 16
J N 5 11559 35 2 6481 432 1 45
K 0 0 43
A D 1 16
H 45 B 0 0 108 2 2 53
J B 39 11592 1 82 6913 144 0
J N 9 11613 49 2 1 0 0
K 0 0 41
A D 16 16
J B 0 11757 6 2 6913 2304 0
K -13 0 82
K -6 0 84
J M 0 11757 0 0 10000 0 0
