@ SOURCE: not identified 
L 0 0 14 !39Violino 2
J D 4 500 -120 1 6913 0 0
W 0 0 44 
J D 1 75 -37 1 6913 0 0
W 0 -56 44 :  Violino 2
J C 4 5 42 2 6913 0 0
K 0 0 33
K 0 0 34
J K 2 57 0 2 6913 0 0
K 0 0 63
K 15 21 63
J D 5 103 -42 1 6913 0 0
W 0 0 37 Largo
J T 101 103 42 1 6913 0 0
K 0 0 37
J N 7 151 49 4 1 0 0
K 0 0 43
K 0 0 59
K 0 -21 59
A D 4 16
J R 5 189 28 3 1729 576 0
K 0 14 49
K 4 0 50
A D 1 16
J N 5 222 35 2 2161 144 1 1
K 0 0 43
A D 1 16
J N 5 251 42 2 2593 144 1 1
K 0 0 43
A D 1 16
J N 5 280 49 2 3025 144 1 1
K 0 0 43
A D 1 16
H 1 B 0 0 108 3 22 11 33
J N 7 309 56 4 3457 144 0
K 0 0 43
K 0 0 59
K 0 -21 59
A D 4 16
J R 6 347 28 2 5185 576 0
K 0 0 49
A D 2 16
J N 6 376 56 3 6049 288 0
K 0 0 43
K 0 0 53
A D 2 16
J B 2 420 1 82 6913 288 0
J N 6 441 49 2 1 0 1 2
K 0 0 43
A D 2 16
J N 6 470 49 2 865 288 1 2
K 0 0 43
A D 2 16
H 2 B 0 0 108 2 2 3
J N 7 499 28 4 1729 288 1 3
K 0 0 43
K 0 0 60
K 0 21 60
A D 4 16
J N 6 537 28 2 3457 576 2 4 3
K 0 0 43
A D 2 16
H 3 T 28 0 0 0 0 0 5 0
J N 6 566 56 2 4321 288 1 4
K 0 0 43
A D 2 16
H 4 B 0 0 108 2 2 3
J N 7 595 84 8 5185 288 0
K 1 -14 45
K 1 0 45
K 0 0 43
K -1 0 45
K 2 0 45
K 0 0 59
K 0 -28 59
A D 4 16
J B 3 637 1 82 6913 576 0
J R 6 658 28 2 1 0 0
K 0 0 49
A D 2 16
J N 6 687 35 3 865 288 0
K 0 0 43
K 0 0 53
A D 2 16
J N 7 720 63 4 1729 288 0
K 0 0 43
K 0 0 59
K 0 -21 59
A D 4 16
J R 6 758 28 2 3457 576 0
K 0 0 49
A D 2 16
J N 6 787 63 3 4321 288 0
K 0 0 43
K 0 0 53
A D 2 16
J N 7 820 91 9 5185 288 0
K 1 -21 45
K 1 -7 45
K 0 0 43
K 0 -7 45
K 1 -7 45
K 0 0 59
K 0 -28 59
K 0 -35 59
A D 4 16
J B 4 862 1 82 6913 576 0
J R 6 883 28 2 1 0 0
K 0 0 49
A D 2 16
J N 6 912 28 4 865 288 0
K 0 0 43
K 0 71 108
K 0 0 54
A D 2 16
J N 7 941 56 4 1729 288 0
K 0 0 43
K 0 0 59
K 0 -21 59
A D 4 16
J R 6 979 28 2 3457 576 0
K 0 0 49
A D 2 16
J N 6 1008 56 3 4321 288 0
K 0 0 43
K 0 0 53
A D 2 16
J N 7 1041 84 8 5185 288 0
K 1 -14 45
K 1 0 45
K 0 0 43
K -1 0 45
K 2 0 45
K 0 0 59
K 0 -28 59
A D 4 16
J B 5 1083 1 82 6913 576 0
J R 6 1104 28 2 1 0 0
K 0 0 49
A D 2 16
J N 6 1133 21 4 865 288 0
K 0 0 43
K 0 78 110
K 0 0 54
A D 2 16
J N 7 1162 49 4 1729 288 0
K 0 0 43
K 0 0 59
K 0 -21 59
A D 4 16
J R 6 1200 28 2 3457 576 0
K 0 0 49
A D 2 16
J N 6 1229 14 2 4321 288 1 5
K 0 0 43
A D 2 16
J N 6 1258 21 3 5185 288 1 5
K 0 0 43
K 25 0 44
A D 3 16
J N 5 1296 28 2 6481 432 1 5
K 0 0 43
A D 1 16
H 5 B 1 0 108 3 2 1 53
J B 6 1329 1 82 6913 144 0
J N 7 1350 28 4 1 0 0
K 0 0 43
K 0 0 60
K 0 21 60
A D 4 16
J N 7 1394 35 5 1729 576 0
K -18 0 63
K 0 0 43
K 0 0 59
K 0 -21 59
A D 4 16
J N 6 1432 28 2 3457 576 1 6
K 0 0 43
A D 2 16
J N 6 1461 49 2 4321 288 1 6
K 0 0 43
A D 2 16
H 6 B 0 0 108 2 2 3
J N 7 1490 77 7 5185 288 0
K 1 -7 45
K 0 0 43
K 0 -7 45
K 1 -7 45
K 0 0 59
K 0 -21 59
A D 4 16
J B 7 1532 1 82 6913 576 0
J R 6 1553 28 2 1 0 0
K 0 0 49
A D 2 16
J N 6 1582 28 3 865 288 0
K 0 0 43
K 0 0 54
A D 2 16
J N 7 1611 56 4 1729 288 0
K 0 0 43
K 0 0 59
K 0 -21 59
A D 4 16
J R 6 1649 28 2 3457 576 0
K 0 0 49
A D 2 16
J N 6 1678 56 3 4321 288 0
K 0 0 43
K 0 0 53
A D 2 16
J N 7 1711 84 8 5185 288 0
K 1 -14 45
K 1 0 45
K 0 0 43
K -1 0 45
K 2 0 45
K 0 0 59
K 0 -28 59
A D 4 16
J B 8 1753 1 82 6913 576 0
J R 6 1774 28 2 1 0 0
K 0 0 49
A D 2 16
J N 6 1803 35 4 865 288 0
K 0 0 43
K 0 44 108
K 0 0 53
A D 2 16
J N 7 1836 63 4 1729 288 0
K 0 0 43
K 0 0 59
K 0 -21 59
A D 4 16
J R 6 1874 28 2 3457 576 0
K 0 0 49
A D 2 16
J N 6 1903 63 3 4321 288 0
K 0 0 43
K 0 0 53
A D 2 16
J N 7 1936 91 9 5185 288 0
K 1 -21 45
K 1 -7 45
K 0 0 43
K 0 -7 45
K 1 -7 45
K 0 0 59
K 0 -28 59
K 0 -35 59
A D 4 16
J B 9 1978 1 82 6913 576 0
J R 6 1999 28 2 1 0 0
K 0 0 49
A D 2 16
J N 6 2028 56 4 865 288 0
K 0 0 43
K 0 36 110
K 0 0 53
A D 2 16
J N 7 2061 84 8 1729 288 0
K 1 -14 45
K 1 0 45
K 0 0 43
K -1 0 45
K 2 0 45
K 0 0 59
K 0 -28 59
A D 4 16
J R 6 2099 28 2 3457 576 0
K 0 0 49
A D 2 16
J N 6 2128 35 2 4321 288 1 7
K 0 0 43
A D 2 16
J N 6 2157 63 2 5185 288 1 7
K 0 0 43
A D 2 16
J N 6 2186 35 2 6049 288 1 7
K 0 0 43
A D 2 16
H 7 B 0 0 108 3 2 1 3
J B 10 2219 1 82 6913 288 0
J N 7 2240 28 4 1 0 0
K 0 0 43
K 0 0 60
K 0 21 60
A D 4 16
J N 7 2278 28 4 1729 576 0
K 0 0 43
K 0 0 60
K 0 21 60
A D 4 16
J N 7 2316 56 4 3457 576 0
K 0 0 43
K 0 0 59
K 0 -21 59
A D 4 16
J N 7 2354 49 4 5185 576 0
K 0 0 43
K 0 0 59
K 0 -21 59
A D 4 16
J B 11 2396 1 82 6913 576 0
J N 7 2417 56 4 1 0 0
K 0 0 43
K 0 0 59
K 0 -21 59
A D 4 16
J N 7 2455 49 4 1729 576 0
K 0 0 43
K 0 0 59
K 0 -21 59
A D 4 16
J N 7 2493 56 4 3457 576 0
K 0 0 43
K 0 0 59
K 0 -21 59
A D 4 16
J R 7 2531 28 3 5185 576 0
K 0 0 48
K -2 -35 101
A D 4 16
J B 12 2573 1 82 6913 576 0
J D 5 2594 -42 1 1 0 0
W 0 0 37 Allegro
J R 7 2594 28 2 1 0 0
K 0 0 48
A D 4 16
J N 7 2632 35 4 1729 576 0
K 0 0 43
K 0 0 59
K 0 -21 59
A D 4 16
J R 6 2670 28 2 3457 576 0
K 0 0 49
A D 2 16
J N 6 2699 35 2 4321 288 1 8
K 0 0 43
A D 2 16
J N 6 2728 14 2 5185 288 1 8
K 0 0 43
A D 2 16
J N 6 2757 63 2 6049 288 1 8
K 0 0 43
A D 2 16
H 8 B 0 0 108 3 2 1 3
J B 13 2790 1 82 6913 288 0
J R 6 2811 28 2 1 0 0
K 0 0 49
A D 2 16
J N 6 2840 14 2 865 288 1 9
K 0 0 43
A D 2 16
J N 6 2869 28 2 1729 288 1 9
K 0 0 43
A D 2 16
J N 6 2898 91 6 2593 288 1 9
K 1 -21 45
K 1 -7 45
K 0 0 43
K 0 -7 45
K 1 -7 45
A D 2 16
H 9 B 0 0 108 3 2 1 3
J R 6 2927 28 2 3457 288 0
K 0 0 49
A D 2 16
J N 6 2956 28 2 4321 288 1 10
K 0 0 43
A D 2 16
J N 6 2985 7 2 5185 288 1 10
K 0 0 43
A D 2 16
J N 6 3014 56 2 6049 288 1 10
K 0 0 43
A D 2 16
H 10 B 0 0 108 3 2 1 3
J B 14 3047 1 82 6913 288 0
J R 6 3068 28 2 1 0 0
K 0 0 49
A D 2 16
J N 6 3097 7 2 865 288 1 11
K 0 0 43
A D 2 16
J N 6 3126 21 2 1729 288 1 11
K 0 0 43
A D 2 16
J N 6 3155 84 6 2593 288 1 11
K 1 -14 45
K 1 0 45
K 0 0 43
K -1 0 45
K 2 0 45
A D 2 16
H 11 B 0 0 108 3 2 1 3
J R 6 3184 28 2 3457 288 0
K 0 0 49
A D 2 16
J N 6 3213 21 2 4321 288 1 12
K 0 0 43
A D 2 16
J N 6 3242 0 2 5185 288 1 12
K 0 0 43
A D 2 16
J N 6 3271 49 2 6049 288 1 12
K 0 0 43
A D 2 16
H 12 B 1 0 108 3 2 1 3
J B 15 3304 1 82 6913 288 0
J R 6 3325 28 2 1 0 0
K 0 0 49
A D 2 16
J N 6 3354 0 2 865 288 1 13
K 0 0 43
A D 2 16
J N 6 3383 14 2 1729 288 1 13
K 0 0 43
A D 2 16
J N 6 3412 77 5 2593 288 1 13
K 0 -7 45
K 0 0 43
K 0 -7 45
K 1 -7 45
A D 2 16
H 13 B 1 0 108 3 2 1 3
J R 6 3441 28 2 3457 288 0
K 0 0 49
A D 2 16
J N 6 3470 7 3 4321 288 0
K 0 0 43
K 0 0 54
A D 2 16
J N 7 3499 35 4 5185 288 0
K 0 0 43
K 0 0 59
K 0 -21 59
A D 4 16
J B 16 3541 1 82 6913 576 0
J R 6 3562 28 2 1 0 0
K 0 0 49
A D 2 16
J N 6 3591 -14 6 865 288 0
K 0 0 45
K 0 0 43
K -1 0 45
K 2 0 45
K 0 0 54
A D 2 16
J N 7 3620 0 4 1729 288 0
K 0 0 43
K 0 0 60
K 0 21 60
A D 4 16
J R 6 3658 28 2 3457 576 0
K 0 0 49
A D 2 16
J N 6 3687 28 3 4321 288 0
K 0 0 43
K 0 0 54
A D 2 16
J N 7 3716 7 4 5185 288 0
K 0 0 43
K 0 0 60
K 0 21 60
A D 4 16
J B 17 3758 1 82 6913 576 0
J R 6 3779 28 2 1 0 0
K 0 0 49
A D 2 16
J N 6 3808 35 3 865 288 0
K 0 0 43
K 0 0 53
A D 2 16
J N 7 3845 14 4 1729 288 0
K 0 0 43
K 0 0 60
K 0 21 60
A D 4 16
J R 6 3883 28 2 3457 576 0
K 0 0 49
A D 2 16
J N 6 3912 28 2 4321 288 1 14
K 0 0 43
A D 2 16
J N 6 3941 7 2 5185 288 1 14
K 0 0 43
A D 2 16
J N 6 3970 14 2 6049 288 1 14
K 0 0 43
A D 2 16
H 14 B 1 0 108 3 2 1 3
J B 18 4003 1 82 6913 288 0
J N 7 4024 21 4 1 0 0
K 0 0 43
K 0 0 60
K 0 21 60
A D 4 16
J N 7 4062 14 4 1729 576 0
K 0 0 43
K 0 0 60
K 0 21 60
A D 4 16
J N 7 4100 21 4 3457 576 0
K 0 0 43
K 0 0 60
K 0 21 60
A D 4 16
J N 7 4138 14 4 5185 576 0
K 0 0 43
K 0 0 60
K 0 21 60
A D 4 16
J B 19 4180 1 82 6913 576 0
J N 7 4201 21 4 1 0 0
K 0 0 43
K 0 0 60
K 0 21 60
A D 4 16
J R 7 4239 28 2 1729 576 0
K 0 0 48
A D 4 16
J R 7 4277 28 3 3457 576 0
K 0 0 48
K -2 -35 101
A D 4 16
J R 6 4315 28 2 5185 576 0
K 0 0 49
A D 2 16
J D 5 4344 -42 1 6049 288 0
W 0 0 37 Adagio
J N 6 4344 21 3 6049 0 0
K 0 0 43
K 0 0 54
A D 2 16
J B 20 4377 1 82 6913 288 0
J N 6 4398 21 2 1 0 1 15
K 0 0 43
A D 2 16
J N 6 4427 49 2 865 288 1 15
K 0 0 43
A D 2 16
H 15 B 0 0 108 2 2 3
J N 8 4456 28 4 1729 288 0
K 0 0 42
K 0 0 60
K 0 21 60
A D 8 16
J N 6 4509 35 2 5185 1152 1 16
K 0 0 43
A D 2 16
J N 6 4553 42 3 6049 288 1 16
K -18 0 63
K 0 0 43
A D 2 16
H 16 B 0 0 108 2 2 3
J B 21 4586 1 82 6913 288 0
J N 7 4607 35 4 1 0 0
K 0 0 43
K 0 0 59
K 0 -21 59
A D 4 16
J N 7 4651 42 5 1729 576 0
K -18 0 63
K 0 0 43
K 0 0 59
K 0 -21 59
A D 4 16
J D 5 4689 -42 1 3457 576 0
W 0 0 37 Allegro
J N 7 4689 49 4 3457 0 0
K 0 0 43
K 0 0 59
K 0 -21 59
A D 4 16
J N 7 4727 0 4 5185 576 0
K 0 0 43
K 0 0 60
K 0 21 60
A D 4 16
J B 22 4769 1 82 6913 576 0
J R 6 4790 28 2 1 0 0
K 0 0 49
A D 2 16
J N 6 4819 28 2 865 288 1 17
K 0 0 43
A D 2 16
J N 6 4848 -21 5 1729 288 1 17
K 0 7 45
K 0 0 43
K 0 7 45
K 1 7 45
A D 2 16
J N 6 4877 28 2 2593 288 1 17
K 0 0 43
A D 2 16
H 17 B 1 0 108 3 2 1 3
J R 6 4906 28 2 3457 288 0
K 0 0 49
A D 2 16
J N 6 4935 -21 5 4321 288 1 18
K 0 7 45
K 0 0 43
K 0 7 45
K 1 7 45
A D 2 16
J N 6 4978 -7 3 5185 288 1 18
K -18 0 63
K 0 0 43
A D 2 16
J N 6 5007 56 2 6049 288 1 18
K 0 0 43
A D 2 16
H 18 B 1 0 108 3 2 1 3
J B 23 5040 1 82 6913 288 0
J R 6 5061 28 2 1 0 0
K 0 0 49
A D 2 16
J N 6 5090 7 2 865 288 1 19
K 0 0 43
A D 2 16
J N 6 5119 -14 5 1729 288 1 19
K 0 0 45
K 0 0 43
K -1 0 45
K 2 0 45
A D 2 16
J N 6 5148 35 2 2593 288 1 19
K 0 0 43
A D 2 16
H 19 B 1 0 108 3 2 1 3
J R 6 5177 28 2 3457 288 0
K 0 0 49
A D 2 16
J N 6 5206 -14 5 4321 288 1 20
K 0 0 45
K 0 0 43
K -1 0 45
K 2 0 45
A D 2 16
J N 6 5235 0 2 5185 288 1 20
K 0 0 43
A D 2 16
J N 6 5264 63 2 6049 288 1 20
K 0 0 43
A D 2 16
H 20 B 1 0 108 3 2 1 3
J B 24 5297 1 82 6913 288 0
J R 6 5318 28 2 1 0 0
K 0 0 49
A D 2 16
J N 6 5347 28 2 865 288 1 21
K 0 0 43
A D 2 16
J N 6 5376 7 2 1729 288 1 21
K 0 0 43
A D 2 16
J N 6 5405 56 2 2593 288 1 21
K 0 0 43
A D 2 16
H 21 B 1 0 108 3 2 1 3
J R 6 5434 28 2 3457 288 0
K 0 0 49
A D 2 16
J N 6 5463 7 2 4321 288 1 22
K 0 0 43
A D 2 16
J N 6 5492 21 2 5185 288 1 22
K 0 0 43
A D 2 16
J N 6 5521 35 2 6049 288 1 22
K 0 0 43
A D 2 16
H 22 B 1 0 108 3 2 1 3
J B 25 5554 1 82 6913 288 0
J N 7 5575 28 4 1 0 0
K 0 0 43
K 0 0 60
K 0 21 60
A D 4 16
J R 6 5613 28 2 1729 576 0
K 0 0 49
A D 2 16
J N 6 5642 7 3 2593 288 0
K 0 0 43
K 0 0 54
A D 2 16
J N 7 5671 35 4 3457 288 0
K 0 0 43
K 0 0 59
K 0 -21 59
A D 4 16
J R 6 5709 28 2 5185 576 0
K 0 0 49
A D 2 16
J N 6 5738 14 3 6049 288 0
K 0 0 43
K 0 0 54
A D 2 16
J B 26 5771 1 82 6913 288 0
J N 7 5798 42 5 1 0 0
K -18 0 63
K 0 0 43
K 0 0 59
K 0 -21 59
A D 4 16
J R 6 5836 28 2 1729 576 0
K 0 0 49
A D 2 16
J N 6 5865 21 3 2593 288 0
K 0 0 43
K 0 0 54
A D 2 16
J N 7 5894 49 4 3457 288 0
K 0 0 43
K 0 0 59
K 0 -21 59
A D 4 16
J R 6 5932 28 2 5185 576 0
K 0 0 49
A D 2 16
J N 6 5961 0 3 6049 288 0
K 0 0 43
K 0 0 54
A D 2 16
J B 27 5994 1 82 6913 288 0
J N 7 6015 28 4 1 0 0
K 0 0 43
K 0 0 60
K 0 21 60
A D 4 16
J R 7 6053 28 3 1729 576 0
K 0 0 48
K -2 -35 101
A D 4 16
J R 7 6091 28 2 3457 576 0
K 0 0 48
A D 4 16
J R 6 6129 28 2 5185 576 0
K 0 0 49
A D 2 16
J D 5 6158 -42 1 6049 288 0
W 0 0 37 Adagio
J N 6 6158 7 3 6049 0 0
K 0 0 43
K 0 0 54
A D 2 16
J B 28 6191 1 82 6913 288 0
J N 6 6212 35 2 1 0 1 23
K 0 0 43
A D 2 16
J N 6 6241 28 2 865 288 1 23
K 0 0 43
A D 2 16
H 23 B 0 0 108 2 2 3
J N 7 6281 21 5 1729 288 0
K -14 0 64
K 0 0 43
K 0 0 60
K 0 21 60
A D 4 16
J N 8 6319 28 4 3457 576 0
K 0 0 42
K 0 0 60
K 0 21 60
A D 8 16
J B 29 6376 1 82 6913 1152 0
J D 5 6397 -42 1 1 0 0
W 0 0 37 Allegro
J N 7 6403 21 5 1 0 0
K -18 0 63
K 0 0 43
K 0 0 60
K 0 21 60
A D 4 16
J N 7 6441 35 4 1729 576 0
K 0 0 43
K 0 0 59
K 0 -21 59
A D 4 16
J R 6 6479 28 2 3457 576 0
K 0 0 49
A D 2 16
J N 6 6508 35 2 4321 288 1 24
K 0 0 43
A D 2 16
J N 6 6537 14 2 5185 288 1 24
K 0 0 43
A D 2 16
J N 6 6566 63 2 6049 288 1 24
K 0 0 43
A D 2 16
H 24 B 0 0 108 3 2 1 3
J B 30 6599 1 82 6913 288 0
J R 6 6620 28 2 1 0 0
K 0 0 49
A D 2 16
J N 6 6649 14 2 865 288 1 25
K 0 0 43
A D 2 16
J N 6 6678 28 2 1729 288 1 25
K 0 0 43
A D 2 16
J N 6 6707 91 6 2593 288 1 25
K 1 -21 45
K 1 -7 45
K 0 0 43
K 0 -7 45
K 1 -7 45
A D 2 16
H 25 B 0 0 108 3 2 1 3
J R 6 6736 28 2 3457 288 0
K 0 0 49
A D 2 16
J N 6 6765 28 2 4321 288 1 26
K 0 0 43
A D 2 16
J N 6 6794 7 2 5185 288 1 26
K 0 0 43
A D 2 16
J N 6 6823 56 2 6049 288 1 26
K 0 0 43
A D 2 16
H 26 B 1 0 108 3 2 1 3
J B 31 6856 1 82 6913 288 0
J R 6 6877 28 2 1 0 0
K 0 0 49
A D 2 16
J N 6 6906 7 2 865 288 1 27
K 0 0 43
A D 2 16
J N 6 6935 21 2 1729 288 1 27
K 0 0 43
A D 2 16
J N 6 6964 84 6 2593 288 1 27
K 1 -14 45
K 1 0 45
K 0 0 43
K -1 0 45
K 2 0 45
A D 2 16
H 27 B 0 0 108 3 2 1 3
J R 6 6993 28 2 3457 288 0
K 0 0 49
A D 2 16
J N 6 7022 21 2 4321 288 1 28
K 0 0 43
A D 2 16
J N 6 7051 0 2 5185 288 1 28
K 0 0 43
A D 2 16
J N 6 7080 49 2 6049 288 1 28
K 0 0 43
A D 2 16
H 28 B 1 0 108 3 2 1 3
J B 32 7113 1 82 6913 288 0
J R 6 7134 28 2 1 0 0
K 0 0 49
A D 2 16
J N 6 7163 0 2 865 288 1 29
K 0 0 43
A D 2 16
J N 6 7192 14 2 1729 288 1 29
K 0 0 43
A D 2 16
J N 6 7221 77 5 2593 288 1 29
K 0 -7 45
K 0 0 43
K 0 -7 45
K 1 -7 45
A D 2 16
H 29 B 1 0 108 3 2 1 3
J R 6 7250 28 2 3457 288 0
K 0 0 49
A D 2 16
J N 6 7279 7 3 4321 288 0
K 0 0 43
K 0 0 54
A D 2 16
J N 7 7308 35 4 5185 288 0
K 0 0 43
K 0 0 59
K 0 -21 59
A D 4 16
J B 33 7350 1 82 6913 576 0
J R 6 7371 28 2 1 0 0
K 0 0 49
A D 2 16
J N 6 7400 -14 6 865 288 0
K 0 0 45
K 0 0 43
K -1 0 45
K 2 0 45
K 0 0 54
A D 2 16
J N 7 7429 0 4 1729 288 0
K 0 0 43
K 0 0 60
K 0 21 60
A D 4 16
J R 6 7467 28 2 3457 576 0
K 0 0 49
A D 2 16
J N 6 7496 28 3 4321 288 0
K 0 0 43
K 0 0 54
A D 2 16
J N 7 7525 7 4 5185 288 0
K 0 0 43
K 0 0 60
K 0 21 60
A D 4 16
J B 34 7567 1 82 6913 576 0
J R 6 7588 28 2 1 0 0
K 0 0 49
A D 2 16
J N 6 7617 35 3 865 288 0
K 0 0 43
K 0 0 53
A D 2 16
J N 7 7654 14 4 1729 288 0
K 0 0 43
K 0 0 60
K 0 21 60
A D 4 16
J R 6 7692 28 2 3457 576 0
K 0 0 49
A D 2 16
J N 6 7721 28 2 4321 288 1 30
K 0 0 43
A D 2 16
J N 6 7750 7 2 5185 288 1 30
K 0 0 43
A D 2 16
J N 6 7779 14 2 6049 288 1 30
K 0 0 43
A D 2 16
H 30 B 1 0 108 3 2 1 3
J B 35 7812 1 82 6913 288 0
J N 7 7833 21 4 1 0 0
K 0 0 43
K 0 0 60
K 0 21 60
A D 4 16
J N 7 7871 14 4 1729 576 0
K 0 0 43
K 0 0 60
K 0 21 60
A D 4 16
J N 7 7909 21 4 3457 576 0
K 0 0 43
K 0 0 60
K 0 21 60
A D 4 16
J N 7 7947 14 4 5185 576 0
K 0 0 43
K 0 0 60
K 0 21 60
A D 4 16
J B 36 7989 1 82 6913 576 0
J N 7 8010 21 4 1 0 0
K 0 0 43
K 0 0 60
K 0 21 60
A D 4 16
J R 7 8048 28 2 1729 576 0
K 0 0 48
A D 4 16
J R 7 8086 28 3 3457 576 0
K 0 0 48
K -2 -35 101
A D 4 16
J D 5 8124 -42 1 5185 576 0
W 0 0 37 Adagio
J N 7 8124 14 4 5185 0 1 31
K 0 0 43
K 0 0 60
K 0 21 60
A D 4 16
J B 37 8166 1 82 6913 576 0
J N 7 8187 14 4 1 0 1 31
K 0 0 43
K 0 0 60
K 0 21 60
A D 4 16
H 31 T 14 0 0 0 0 0 5 0
J N 7 8225 21 4 1729 576 0
K 0 0 43
K 0 0 60
K 0 21 60
A D 4 16
J N 7 8263 14 4 3457 576 0
K 0 0 43
K 0 0 60
K 0 21 60
A D 4 16
J N 7 8301 63 4 5185 576 0
K 0 0 43
K 0 0 59
K 0 -21 59
A D 4 16
J B 38 8343 1 82 6913 576 0
J N 7 8364 70 7 1 0 0
K 1 0 45
K 0 0 43
K -1 0 45
K 2 0 45
K 0 0 59
K 0 -21 59
A D 4 16
J N 8 8402 63 4 1729 576 0
K 0 0 42
K 0 0 59
K 0 -21 59
A D 8 16
J N 7 8455 70 7 5185 1152 0
K 1 0 45
K 0 0 43
K -1 0 45
K 2 0 45
K 0 0 59
K 0 -21 59
A D 4 16
J B 39 8497 1 82 6913 576 0
J N 9 8518 63 2 1 0 0
K 0 0 41
A D 16 16
J B 0 8614 6 2 6913 2304 0
K -13 0 82
K -6 0 84
J M 0 8614 0 0 10000 0 0
