@ SOURCE: not identified 
L 0 0 14 !39Violino 2 concertino
J D 4 500 -120 1 6913 0 0
W 0 0 44 I
J D 1 75 -37 1 6913 0 0
W 0 -56 44 I:  Violino 2 concertino
J C 4 5 42 2 6913 0 0
K 0 0 33
K 0 0 34
J K -1 57 0 1 6913 0 0
K 0 28 65
J D 5 86 -42 1 6913 0 0
W 0 0 37 Vivace
J T 304 95 0 2 6913 0 0
K -10 28 74
K -10 56 75
J N 7 134 63 4 1 0 0
K 0 0 43
K 0 0 59
K 0 -21 59
A D 2 8
J R 7 172 28 2 2305 576 0
K 0 0 48
A D 2 8
J R 7 210 28 2 4609 576 0
K 0 0 48
A D 2 8
J B 2 252 1 82 6913 576 0
J N 7 279 49 5 1 0 0
K -18 0 63
K 0 0 43
K 0 0 59
K 0 -21 59
A D 2 8
J R 7 317 28 2 2305 576 0
K 0 0 48
A D 2 8
J R 7 355 28 2 4609 576 0
K 0 0 48
A D 2 8
J B 3 397 1 82 6913 576 0
J N 7 418 42 4 1 0 0
K 0 0 43
K 0 0 59
K 0 -21 59
A D 2 8
J N 7 458 49 5 2305 576 0
K -14 0 64
K 0 0 43
K 0 0 59
K 0 -21 59
A D 2 8
J R 6 496 28 2 4609 576 0
K 0 0 49
A D 1 8
J N 6 525 49 3 5761 288 0
K 0 0 43
K 0 0 53
A D 1 8
J B 4 569 1 82 6913 288 0
J N 8 593 56 5 1 0 0
K -15 0 65
K 0 0 42
K 0 0 59
K 0 -21 59
A D 4 8
J N 7 646 7 5 4609 1152 0
K -15 0 65
K 0 0 43
K 0 0 60
K 0 21 60
A D 2 8
J B 5 688 1 82 6913 576 0
J N 8 709 14 4 1 0 0
K 0 0 42
K 0 0 60
K 0 21 60
A D 4 8
J N 8 762 63 4 2305 1152 0
K 0 0 42
K 0 0 59
K 0 -21 59
A D 4 8
J N 8 815 42 4 4609 1152 0
K 0 0 42
K 0 0 59
K 0 -21 59
A D 4 8
J B 7 872 1 82 6913 1152 0
J N 8 899 49 6 1 0 0
K -18 0 63
K 0 0 42
K 25 0 44
K 0 0 59
K 0 -21 59
A D 6 8
J B 8 979 5 2 6913 1728 0
K -8 0 82
K 0 0 82
J C 4 984 42 2 6913 0 0
K 0 0 33
K 0 0 34
J K -1 1036 0 0 6913 0 0
J D 5 1036 -42 1 6913 0 0
W 0 0 37 Grave
J T 101 1036 42 1 6913 0 0
K 0 0 37
J R 9 1087 28 2 1 10000 0
K 0 0 46
A D 8 4
J I 0 1188 0 1 1729 1152 0
W 0 -21 31 Arcate sostenute e come sta
J B 9 1192 1 82 6913 3456 0
J R 9 1213 28 2 1 0 0
K 0 0 46
A D 4 4
J R 8 1266 28 2 3457 2304 0
K 0 0 47
A D 2 4
J N 8 1304 42 4 5185 1152 1 1
K 0 0 42
K 0 0 59
K 0 -21 59
A D 2 4
J B 10 1346 1 82 6913 1152 0
J N 8 1367 42 4 1 0 1 1
K 0 0 42
K 0 0 59
K 0 -21 59
A D 2 4
H 1 T 42 0 0 0 0 0 13 0
J N 8 1411 49 5 1729 1152 0
K -18 0 63
K 0 0 42
K 0 0 59
K 0 -21 59
A D 2 4
J N 8 1449 42 4 3457 1152 0
K 0 0 42
K 0 0 59
K 0 -21 59
A D 2 4
J N 8 1487 -7 4 5185 1152 1 2
K 0 0 42
K 0 0 60
K 0 21 60
A D 2 4
J B 11 1529 1 82 6913 1152 0
J N 8 1550 -7 4 1 0 1 2
K 0 0 42
K 0 0 60
K 0 21 60
A D 2 4
H 2 T -7 0 0 0 0 0 1 0
J N 8 1594 0 5 1729 1152 0
K -18 0 63
K 0 0 42
K 0 0 60
K 0 21 60
A D 2 4
J N 9 1632 -21 6 3457 1152 0
K 0 7 45
K 6 7 45
K 0 0 41
K 0 7 45
K 1 7 45
A D 4 4
J B 12 1689 1 82 6913 2304 0
J N 8 1710 -14 8 1 0 0
K 0 0 45
K 0 0 42
K -1 0 45
K 2 0 45
K 24 -6 44
K 0 0 60
K 0 21 60
A D 3 4
J N 7 1756 -21 7 2593 1728 0
K 0 7 45
K 0 0 43
K 0 7 45
K 1 7 45
K 0 0 60
K 0 21 60
A D 1 4
J N 8 1785 7 4 3457 576 0
K 0 0 42
K 0 0 60
K 0 21 60
A D 2 4
J N 8 1826 7 5 5185 1152 0
K -15 0 65
K 0 0 42
K 0 0 60
K 0 21 60
A D 2 4
J B 13 1868 1 82 6913 1152 0
J N 8 1889 14 4 1 0 0
K 0 0 42
K 0 0 60
K 0 21 60
A D 2 4
J N 9 1927 14 2 1729 1152 0
K 0 0 41
A D 4 4
J N 8 1980 21 4 5185 2304 1 3
K 0 0 42
K 0 0 60
K 0 21 60
A D 2 4
J B 14 2022 1 82 6913 1152 0
J N 8 2043 21 4 1 0 1 3
K 0 0 42
K 0 0 60
K 0 21 60
A D 2 4
H 3 T 21 0 0 0 0 0 1 0
J N 7 2081 28 4 1729 1152 0
K 0 0 43
K 0 0 60
K 0 21 60
A D 1 4
J N 7 2110 35 4 2593 576 0
K 0 0 43
K 0 0 59
K 0 -21 59
A D 1 4
J N 8 2139 42 4 3457 576 0
K 0 0 42
K 0 0 59
K 0 -21 59
A D 2 4
J N 8 2180 7 5 5185 1152 1 4
K -15 0 65
K 0 0 42
K 0 0 60
K 0 21 60
A D 2 4
J B 15 2222 1 82 6913 1152 0
J N 8 2246 7 5 1 0 1 4
k -15 0 65
K 0 0 42
K 0 0 60
K 0 21 60
A D 2 4
H 4 T 7 0 0 0 0 0 1 0
J N 8 2284 14 4 1729 1152 0
K 0 0 42
K 0 0 60
K 0 21 60
A D 2 4
J N 9 2322 21 2 3457 1152 0
K 0 0 41
A D 4 4
J B 16 2379 1 82 6913 2304 0
J N 8 2400 28 4 1 0 0
K 0 0 42
K 0 0 60
K 0 21 60
A D 2 4
J N 9 2438 28 2 1729 1152 0
K 0 0 41
A D 4 4
J N 8 2491 35 5 5185 2304 0
K -15 0 65
K 0 0 42
K 0 0 59
K 0 -21 59
A D 2 4
J B 17 2533 1 82 6913 1152 0
J N 9 2554 42 2 1 0 0
K 0 0 41
A D 4 4
J N 8 2607 49 5 3457 2304 0
K -18 0 63
K 0 0 42
K 0 0 59
K 0 -21 59
A D 2 4
J N 8 2645 42 4 5185 1152 1 5
K 0 0 42
K 0 0 59
K 0 -21 59
A D 2 4
J B 18 2687 1 82 6913 1152 0
J N 8 2708 42 4 1 0 1 5
K 0 0 42
K 0 0 59
K 0 -21 59
A D 2 4
H 5 T 42 0 0 0 0 0 13 0
J N 8 2748 49 5 1729 1152 0
K -14 0 64
K 0 0 42
K 0 0 59
K 0 -21 59
A D 2 4
J N 8 2792 49 5 3457 1152 0
K -18 0 63
K 0 0 42
K 0 0 59
K 0 -21 59
A D 2 4
J N 8 2830 42 4 5185 1152 0
K 0 0 42
K 0 0 59
K 0 -21 59
A D 2 4
J B 19 2872 1 82 6913 1152 0
J N 9 2893 42 3 1 0 0
K 0 0 41
K 31 -6 44
A D 6 4
J N 8 2961 49 5 5185 3456 0
K -18 0 63
K 0 0 42
K 0 0 59
K 0 -21 59
A D 2 4
J B 20 3003 1 82 6913 1152 0
J N 10 3024 42 2 1 0 0
K 0 0 40
A D 8 4
J B 0 3120 6 2 6913 4608 0
K -13 0 82
K -6 0 84
J M 0 3120 0 0 10000 0 0
