@ SOURCE: not identified 
L 0 0 14 !39Violino 1 concerto grosso
J D 4 500 -120 1 6913 0 0
W 0 0 44 I
J D 1 75 -37 1 6913 0 0
W 0 -56 44 I:  Violino 1 concerto grosso
J C 4 5 42 2 6913 0 0
K 0 0 33
K 0 0 34
J K -1 57 0 1 6913 0 0
K 0 28 65
J D 5 86 -42 1 6913 0 0
W 0 0 37 Vivace
J T 304 95 0 2 6913 0 0
K -10 28 74
K -10 56 75
J N 7 134 28 4 1 0 0
K 0 0 43
K 0 0 60
K 0 21 60
A D 2 8
J R 7 172 28 2 2305 576 0
K 0 0 48
A D 2 8
J R 7 210 28 2 4609 576 0
K 0 0 48
A D 2 8
J B 2 252 1 82 6913 576 0
J N 7 273 21 4 1 0 0
K 0 0 43
K 0 0 60
K 0 21 60
A D 2 8
J R 7 311 28 2 2305 576 0
K 0 0 48
A D 2 8
J R 7 349 28 2 4609 576 0
K 0 0 48
A D 2 8
J B 3 391 1 82 6913 576 0
J N 7 412 14 4 1 0 0
K 0 0 43
K 0 0 60
K 0 21 60
A D 2 8
J N 7 450 14 4 2305 576 0
K 0 0 43
K 0 0 60
K 0 21 60
A D 2 8
J R 6 488 28 2 4609 576 0
K 0 0 49
A D 1 8
J N 6 517 14 3 5761 288 0
K 0 0 43
K 0 0 54
A D 1 8
J B 4 550 1 82 6913 288 0
J N 7 571 14 4 1 0 0
K 0 0 43
K 0 0 60
K 0 21 60
A D 2 8
J N 7 609 42 4 2305 576 0
K 0 0 43
K 0 0 59
K 0 -21 59
A D 2 8
J N 7 647 21 4 4609 576 0
K 0 0 43
K 0 0 60
K 0 21 60
A D 2 8
J B 5 689 1 82 6913 576 0
J N 8 710 21 4 1 0 0
K 0 0 42
K 0 0 60
K 0 21 60
A D 4 8
J N 8 763 28 4 2305 1152 0
K 0 0 42
K 0 0 60
K 0 21 60
A D 4 8
J N 8 816 21 4 4609 1152 0
K 0 0 42
K 0 0 60
K 0 21 60
A D 4 8
J B 7 873 1 82 6913 1152 0
J N 8 894 14 5 1 0 0
K 0 0 42
K 24 -6 44
K 0 0 60
K 0 21 60
A D 6 8
J B 8 974 5 2 6913 1728 0
K -8 0 82
K 0 0 82
J C 4 979 42 2 6913 0 0
K 0 0 33
K 0 0 34
J K -1 1031 0 0 6913 0 0
J D 5 1031 -42 1 6913 0 0
W 0 0 37 Grave
J T 101 1031 42 1 6913 0 0
K 0 0 37
J R 9 1082 28 2 1 10000 0
K 0 0 46
A D 8 4
J I 0 1183 0 1 1729 1152 0
W 0 -21 31 Arcate sostenute e come sta
J B 9 1187 1 82 6913 3456 0
J R 9 1208 28 2 1 10000 0
K 0 0 46
A D 8 4
J B 10 1313 1 82 6913 4608 0
J R 8 1334 28 2 1 0 0
K 0 0 47
A D 2 4
J N 9 1372 14 2 1729 1152 0
K 0 0 41
A D 4 4
J N 8 1425 21 5 5185 2304 0
K -18 0 63
K 0 0 42
K 0 0 60
K 0 21 60
A D 2 4
J B 11 1467 1 82 6913 1152 0
J N 8 1488 14 4 1 0 0
K 0 0 42
K 0 0 60
K 0 21 60
A D 2 4
J N 9 1526 -14 6 1729 1152 0
K 0 0 45
K 6 0 45
K 0 0 41
K -1 0 45
K 2 0 45
A D 4 4
J N 8 1579 -7 4 5185 2304 0
K 0 0 42
K 0 0 60
K 0 21 60
A D 2 4
J B 12 1621 1 82 6913 1152 0
J N 8 1648 21 5 1 0 0
K -18 0 63
K 0 0 42
K 0 0 60
K 0 21 60
A D 2 4
J N 9 1686 14 2 1729 1152 0
K 0 0 41
A D 4 4
J N 8 1739 21 5 5185 2304 1 1
K -14 0 64
K 0 0 42
K 0 0 60
K 0 21 60
A D 2 4
J B 13 1781 1 82 6913 1152 0
J N 8 1802 21 4 1 0 1 1
K 0 0 42
K 0 0 60
K 0 21 60
A D 2 4
H 1 T 21 0 0 0 0 0 1 0
J N 9 1840 28 2 1729 1152 0
K 0 0 41
A D 4 4
J N 7 1893 35 4 5185 2304 0
K 0 0 43
K 0 0 59
K 0 -21 59
A D 1 4
J N 7 1922 42 4 6049 576 0
K 0 0 43
K 0 0 59
K 0 -21 59
A D 1 4
J B 14 1955 1 82 6913 576 0
J N 8 1982 49 5 1 0 0
K -18 0 63
K 0 0 42
K 0 0 59
K 0 -21 59
A D 2 4
J N 9 2020 14 2 1729 1152 0
K 0 0 41
A D 4 4
J N 7 2073 21 4 5185 2304 0
K 0 0 43
K 0 0 60
K 0 21 60
A D 1 4
J N 7 2102 28 4 6049 576 0
K 0 0 43
K 0 0 60
K 0 21 60
A D 1 4
J B 15 2135 1 82 6913 576 0
J N 8 2156 35 4 1 0 0
K 0 0 42
K 0 0 59
K 0 -21 59
A D 2 4
J N 9 2194 28 2 1729 1152 0
K 0 0 41
A D 4 4
J N 8 2247 35 4 5185 2304 1 2
K 0 0 42
K 0 0 59
K 0 -21 59
A D 2 4
J B 16 2289 1 82 6913 1152 0
J N 8 2310 35 4 1 0 1 2
K 0 0 42
K 0 0 59
K 0 -21 59
A D 2 4
H 2 T 35 0 0 0 0 0 9 0
J N 7 2348 42 4 1729 1152 0
K 0 0 43
K 0 0 59
K 0 -21 59
A D 1 4
J N 7 2377 49 4 2593 576 0
K 0 0 43
K 0 0 59
K 0 -21 59
A D 1 4
J N 8 2417 56 5 3457 576 0
K -14 0 64
K 0 0 42
K 0 0 59
K 0 -21 59
A D 2 4
J N 8 2455 49 4 5185 1152 1 3
K 0 0 42
K 0 0 59
K 0 -21 59
A D 2 4
J B 17 2497 1 82 6913 1152 0
J N 8 2518 49 4 1 0 1 3
K 0 0 42
K 0 0 59
K 0 -21 59
A D 2 4
H 3 T 49 0 0 0 0 0 9 0
J N 8 2559 56 5 1729 1152 0
K -15 0 65
K 0 0 42
K 0 0 59
K 0 -21 59
A D 2 4
J N 8 2597 63 4 3457 1152 0
K 0 0 42
K 0 0 59
K 0 -21 59
A D 2 4
J N 8 2635 14 4 5185 1152 0
K 0 0 42
K 0 0 60
K 0 21 60
A D 2 4
J B 18 2677 1 82 6913 1152 0
J N 8 2698 21 4 1 0 0
K 0 0 42
K 0 0 60
K 0 21 60
A D 2 4
J N 9 2736 21 2 1729 1152 0
K 0 0 41
A D 4 4
J N 8 2789 28 4 5185 2304 0
K 0 0 42
K 0 0 60
K 0 21 60
A D 2 4
J B 19 2831 1 82 6913 1152 0
J N 10 2852 35 2 1 0 0
K 0 0 40
A D 8 4
J B 20 2935 1 82 6913 4608 0
J N 10 2956 42 2 1 0 0
K 0 0 40
A D 8 4
J B 0 3052 6 2 6913 4608 0
K -13 0 82
K -6 0 84
J M 0 3052 0 0 10000 0 0
