@ SOURCE: not identified 
L 0 0 14 !39Viola
J D 4 500 -120 1 6913 0 0
W 0 0 44 I
J D 1 75 -37 1 6913 0 0
W 0 -56 44 I:  Viola
J C 13 5 28 35 6913 0 0
J K -1 57 0 1 6913 0 0
K 0 35 65
J D 5 86 -42 1 6913 0 0
W 0 0 37 Vivace
J T 304 95 0 2 6913 0 0
K -10 28 74
K -10 56 75
J N 7 134 21 4 1 0 0
K 0 0 43
K 0 0 60
K 0 21 60
A D 2 8
J R 7 172 28 2 2305 576 0
K 0 0 48
A D 2 8
J R 7 210 28 2 4609 576 0
K 0 0 48
A D 2 8
J B 2 252 1 82 6913 576 0
J N 7 273 28 4 1 0 0
K 0 0 43
K 0 0 60
K 0 21 60
A D 2 8
J R 7 311 28 2 2305 576 0
K 0 0 48
A D 2 8
J R 7 349 28 2 4609 576 0
K 0 0 48
A D 2 8
J B 3 391 1 82 6913 576 0
J N 7 412 35 4 1 0 0
K 0 0 43
K 0 0 59
K 0 -21 59
A D 2 8
J N 7 450 49 4 2305 576 0
K 0 0 43
K 0 0 59
K 0 -21 59
A D 2 8
J R 6 488 28 2 4609 576 0
K 0 0 49
A D 1 8
J N 6 517 49 3 5761 288 0
K 0 0 43
K 0 0 53
A D 1 8
J B 4 561 1 82 6913 288 0
J N 8 582 49 4 1 0 0
K 0 0 42
K 0 0 59
K 0 -21 59
A D 4 8
J N 7 635 0 4 4609 1152 0
K 0 0 43
K 0 0 60
K 0 21 60
A D 2 8
J B 5 677 1 82 6913 576 0
J N 8 698 -7 4 1 0 0
K 0 0 42
K 0 0 60
K 0 21 60
A D 4 8
J N 8 751 0 4 2305 1152 0
K 0 0 42
K 0 0 60
K 0 21 60
A D 4 8
J N 8 804 49 4 4609 1152 0
K 0 0 42
K 0 0 59
K 0 -21 59
A D 4 8
J B 7 861 1 82 6913 1152 0
J N 8 882 42 5 1 0 0
K 0 0 42
K 24 -6 44
K 0 0 59
K 0 -21 59
A D 6 8
J B 8 962 5 2 6913 1728 0
K -8 0 82
K 0 0 82
J C 13 967 28 35 6913 0 0
J K -1 1019 0 0 6913 0 0
J D 5 1019 -42 1 6913 0 0
W 0 0 37 Grave
J T 101 1019 42 1 6913 0 0
K 0 0 37
J R 9 1070 28 2 1 10000 0
K 0 0 46
A D 8 4
J I 0 1171 0 1 1729 1152 0
W 0 -21 31 Arcate sostenute e come sta
J B 9 1175 1 82 6913 3456 0
J R 8 1196 28 2 1 0 0
K 0 0 47
A D 2 4
J N 9 1234 21 2 1729 1152 0
K 0 0 41
A D 4 4
J N 8 1287 28 4 5185 2304 0
K 0 0 42
K 0 0 60
K 0 21 60
A D 2 4
J B 10 1329 1 82 6913 1152 0
J N 8 1350 35 4 1 0 0
K 0 0 42
K 0 0 59
K 0 -21 59
A D 2 4
J N 8 1388 42 4 1729 1152 0
K 0 0 42
K 0 0 59
K 0 -21 59
A D 2 4
J N 8 1426 49 5 3457 1152 0
K 0 0 42
K 25 0 44
K 0 0 59
K 0 -21 59
A D 3 4
J N 7 1472 0 4 6049 1728 0
K 0 0 43
K 0 0 60
K 0 21 60
A D 1 4
J B 11 1505 1 82 6913 576 0
J N 8 1526 -7 4 1 0 0
K 0 0 42
K 0 0 60
K 0 21 60
A D 2 4
J N 8 1564 21 4 1729 1152 0
K 0 0 42
K 0 0 60
K 0 21 60
A D 2 4
J N 8 1602 21 4 3457 1152 0
K 0 0 42
K 0 0 60
K 0 21 60
A D 2 4
J N 8 1640 21 4 5185 1152 0
K 0 0 42
K 0 0 60
K 0 21 60
A D 2 4
J B 12 1682 1 82 6913 1152 0
J N 8 1703 14 4 1 0 0
K 0 0 42
K 0 0 60
K 0 21 60
A D 2 4
J N 8 1741 21 4 1729 1152 0
K 0 0 42
K 0 0 60
K 0 21 60
A D 2 4
J N 8 1779 42 4 3457 1152 0
K 0 0 42
K 0 0 59
K 0 -21 59
A D 2 4
J N 8 1817 -7 4 5185 1152 1 1
K 0 0 42
K 0 0 60
K 0 21 60
A D 2 4
J B 13 1859 1 82 6913 1152 0
J N 8 1880 -7 4 1 0 1 1
K 0 0 42
K 0 0 60
K 0 21 60
A D 2 4
H 1 T -7 0 0 0 0 0 1 0
J N 7 1918 0 4 1729 1152 0
K 0 0 43
K 0 0 60
K 0 21 60
A D 1 4
J N 7 1947 7 4 2593 576 0
K 0 0 43
K 0 0 60
K 0 21 60
A D 1 4
J N 8 1988 14 5 3457 576 0
K -15 0 65
K 0 0 42
K 0 0 60
K 0 21 60
A D 2 4
J N 8 2026 -35 10 5185 1152 0
K 0 21 45
K 0 7 45
K -15 0 65
K 0 0 42
K 0 7 45
K 1 7 45
K 0 0 60
K 0 28 60
K 0 35 60
A D 2 4
J B 14 2068 1 82 6913 1152 0
J N 8 2089 -7 4 1 0 0
K 0 0 42
K 0 0 60
K 0 21 60
A D 2 4
J N 8 2132 7 5 1729 1152 0
K -18 0 63
K 0 0 42
K 0 0 60
K 0 21 60
A D 2 4
J N 8 2170 -14 7 3457 1152 0
K 0 0 45
K 0 0 42
K -1 0 45
K 2 0 45
K 0 0 60
K 0 21 60
A D 2 4
J N 8 2208 0 4 5185 1152 0
K 0 0 42
K 0 0 60
K 0 21 60
A D 2 4
J B 15 2250 1 82 6913 1152 0
J N 8 2271 -21 7 1 0 0
K 0 7 45
K 0 0 42
K 0 7 45
K 1 7 45
K 0 0 60
K 0 21 60
A D 2 4
J N 8 2309 7 4 1729 1152 0
K 0 0 42
K 0 0 60
K 0 21 60
A D 2 4
J N 8 2347 7 4 3457 1152 0
K 0 0 42
K 0 0 60
K 0 21 60
A D 2 4
J N 8 2385 21 4 5185 1152 0
K 0 0 42
K 0 0 60
K 0 21 60
A D 2 4
J B 16 2427 1 82 6913 1152 0
J N 8 2448 21 4 1 0 0
K 0 0 42
K 0 0 60
K 0 21 60
A D 2 4
J N 8 2486 0 4 1729 1152 0
K 0 0 42
K 0 0 60
K 0 21 60
A D 2 4
J N 8 2524 0 4 3457 1152 0
K 0 0 42
K 0 0 60
K 0 21 60
A D 2 4
J N 8 2562 -21 7 5185 1152 0
K 0 7 45
K 0 0 42
K 0 7 45
K 1 7 45
K 0 0 60
K 0 21 60
A D 2 4
J B 17 2604 1 82 6913 1152 0
J N 8 2625 -28 8 1 0 0
K 0 14 45
K 0 0 45
K 0 0 42
K -1 0 45
K 2 0 45
K 0 0 60
K 0 28 60
A D 2 4
J N 8 2663 0 4 1729 1152 0
K 0 0 42
K 0 0 60
K 0 21 60
A D 2 4
J N 8 2701 -7 4 3457 1152 0
K 0 0 42
K 0 0 60
K 0 21 60
A D 2 4
J N 7 2739 -14 7 5185 1152 0
K 0 0 45
K 0 0 43
K -1 0 45
K 2 0 45
K 0 0 60
K 0 21 60
A D 1 4
J N 7 2768 35 4 6049 576 0
K 0 0 43
K 0 0 59
K 0 -21 59
A D 1 4
J B 18 2801 1 82 6913 576 0
J N 8 2822 28 4 1 0 0
K 0 0 42
K 0 0 60
K 0 21 60
A D 2 4
J N 8 2860 -21 7 1729 1152 0
K 0 7 45
K 0 0 42
K 0 7 45
K 1 7 45
K 0 0 60
K 0 21 60
A D 2 4
J N 8 2900 -7 5 3457 1152 0
K -14 0 64
K 0 0 42
K 0 0 60
K 0 21 60
A D 2 4
J N 8 2938 21 4 5185 1152 0
K 0 0 42
K 0 0 60
K 0 21 60
A D 2 4
J B 19 2980 1 82 6913 1152 0
J N 9 3003 14 3 1 0 0
K -14 0 64
K 0 0 41
A D 4 4
J N 9 3056 21 2 3457 2304 0
K 0 0 41
A D 4 4
J B 20 3113 1 82 6913 2304 0
J N 10 3136 35 3 1 0 0
K -14 0 64
K 0 0 40
A D 8 4
J B 0 3232 6 2 6913 4608 0
K -13 0 82
K -6 0 84
J M 0 3232 0 0 10000 0 0
