@ SOURCE: not identified 
L 0 0 14 !39Viola
J D 4 500 -120 1 6913 0 0
W 0 0 44 IV
J D 1 75 -37 1 6913 0 0
W 0 -56 44 IV:  Viola
J C 13 5 28 35 6913 0 0
J K 2 57 0 2 6913 0 0
K 0 7 63
K 15 28 63
J D 5 103 -42 1 6913 0 0
W 0 0 37 Andante largo
J T 101 103 42 1 6913 0 0
K 0 0 37
J R 8 154 28 2 1 0 0
K 0 0 47
A D 8 16
J R 7 207 28 2 3457 1152 0
K 0 0 48
A D 4 16
J R 6 245 28 2 5185 576 0
K 0 0 49
A D 2 16
J N 6 274 7 3 6049 288 0
K 0 0 43
K 0 0 54
A D 2 16
J B 2 307 1 82 6913 288 0
J N 7 328 7 4 1 0 0
K 0 0 43
K 0 0 60
K 0 21 60
A D 4 16
J R 7 366 28 2 1729 576 0
K 0 0 48
A D 4 16
J R 7 404 28 2 3457 576 0
K 0 0 48
A D 4 16
J R 6 442 28 2 5185 576 0
K 0 0 49
A D 2 16
J N 6 471 14 3 6049 288 0
K 0 0 43
K 0 0 54
A D 2 16
J B 3 504 1 82 6913 288 0
J N 7 525 14 4 1 0 0
K 0 0 43
K 0 0 60
K 0 21 60
A D 4 16
J R 7 563 28 2 1729 576 0
K 0 0 48
A D 4 16
J R 7 601 28 2 3457 576 0
K 0 0 48
A D 4 16
J R 6 639 28 2 5185 576 0
K 0 0 49
A D 2 16
J N 6 668 28 3 6049 288 0
K 0 0 43
K 0 0 54
A D 2 16
J B 4 701 1 82 6913 288 0
J N 6 722 28 2 1 0 1 1
K 0 0 43
A D 2 16
J N 6 751 7 2 865 288 1 1
K 0 0 43
A D 2 16
J N 6 780 7 2 1729 288 1 1
K 0 0 43
A D 2 16
J N 6 809 -14 5 2593 288 1 1
K 0 0 45
K 0 0 43
K -1 0 45
K 2 0 45
A D 2 16
H 1 B 1 0 108 4 2 1 1 3
J N 6 852 0 3 3457 288 1 2
K -18 0 63
K 0 0 43
A D 2 16
J N 6 881 -7 2 4321 288 1 2
K 0 0 43
A D 2 16
J N 6 910 21 2 5185 288 1 2
K 0 0 43
A D 2 16
J N 6 939 28 2 6049 288 1 2
K 0 0 43
A D 2 16
H 2 B 1 0 108 4 2 1 1 3
J B 5 972 1 82 6913 288 0
J N 7 993 28 4 1 0 0
K 0 0 43
K 0 0 60
K 0 21 60
A D 4 16
J R 7 1031 28 2 1729 576 0
K 0 0 48
A D 4 16
J R 7 1069 28 2 3457 576 0
K 0 0 48
A D 4 16
J R 6 1107 28 2 5185 576 0
K 0 0 49
A D 2 16
J N 6 1136 28 3 6049 288 0
K 0 0 43
K 0 0 54
A D 2 16
J B 6 1169 1 82 6913 288 0
J N 7 1190 28 4 1 0 0
K 0 0 43
K 0 0 60
K 0 21 60
A D 4 16
J R 7 1228 28 2 1729 576 0
K 0 0 48
A D 4 16
J R 7 1266 28 2 3457 576 0
K 0 0 48
A D 4 16
J R 6 1304 28 2 5185 576 0
K 0 0 49
A D 2 16
J N 6 1333 14 3 6049 288 0
K 0 0 43
K 0 0 54
A D 2 16
J B 7 1366 1 82 6913 288 0
J N 7 1387 14 4 1 0 0
K 0 0 43
K 0 0 60
K 0 21 60
A D 4 16
J R 7 1425 28 2 1729 576 0
K 0 0 48
A D 4 16
J R 7 1463 28 2 3457 576 0
K 0 0 48
A D 4 16
J R 6 1501 28 2 5185 576 0
K 0 0 49
A D 2 16
J N 6 1530 7 3 6049 288 0
K 0 0 43
K 0 0 54
A D 2 16
J B 8 1563 1 82 6913 288 0
J N 7 1584 7 4 1 0 0
K 0 0 43
K 0 0 60
K 0 21 60
A D 4 16
J R 7 1622 28 2 1729 576 0
K 0 0 48
A D 4 16
J R 7 1660 28 2 3457 576 0
K 0 0 48
A D 4 16
J R 6 1698 28 2 5185 576 0
K 0 0 49
A D 2 16
J N 6 1727 -7 3 6049 288 0
K 0 0 43
K 0 0 54
A D 2 16
J B 9 1760 1 82 6913 288 0
J N 7 1781 -7 4 1 0 0
K 0 0 43
K 0 0 60
K 0 21 60
A D 4 16
J R 6 1819 28 2 1729 576 0
K 0 0 49
A D 2 16
J N 6 1848 -7 3 2593 288 0
K 0 0 43
K 0 0 54
A D 2 16
J N 7 1877 -14 7 3457 288 0
K 0 0 45
K 0 0 43
K -1 0 45
K 2 0 45
K 0 0 60
K 0 21 60
A D 4 16
J R 6 1915 28 2 5185 576 0
K 0 0 49
A D 2 16
J N 6 1944 7 3 6049 288 0
K 0 0 43
K 0 0 54
A D 2 16
J B 10 1977 1 82 6913 288 0
J N 7 1998 0 4 1 0 0
K 0 0 43
K 0 0 60
K 0 21 60
A D 4 16
J R 6 2036 28 2 1729 576 0
K 0 0 49
A D 2 16
J N 6 2065 21 3 2593 288 0
K 0 0 43
K 0 0 54
A D 2 16
J N 7 2094 14 4 3457 288 0
K 0 0 43
K 0 0 60
K 0 21 60
A D 4 16
J R 6 2132 28 2 5185 576 0
K 0 0 49
A D 2 16
J N 6 2161 42 3 6049 288 0
K 0 0 43
K 0 0 53
A D 2 16
J B 11 2205 1 82 6913 288 0
J N 7 2226 42 4 1 0 0
K 0 0 43
K 0 0 59
K 0 -21 59
A D 4 16
J R 6 2264 28 2 1729 576 0
K 0 0 49
A D 2 16
J N 6 2293 14 3 2593 288 0
K 0 0 43
K 0 0 54
A D 2 16
J N 7 2322 21 4 3457 288 0
K 0 0 43
K 0 0 60
K 0 21 60
A D 4 16
J R 6 2360 28 2 5185 576 0
K 0 0 49
A D 2 16
J N 6 2389 14 4 6049 288 0
K 0 0 43
K 0 70 108
K 0 0 54
A D 2 16
J B 12 2422 1 82 6913 288 0
J N 7 2443 21 4 1 0 0
K 0 0 43
K 0 0 60
K 0 21 60
A D 4 16
J R 6 2481 28 2 1729 576 0
K 0 0 49
A D 2 16
J N 6 2510 0 4 2593 288 0
K 0 0 43
K 0 85 110
K 0 0 54
A D 2 16
J N 6 2539 14 2 3457 288 1 3
K 0 0 43
A D 2 16
J N 5 2568 7 2 4321 288 1 3
K 0 0 43
A D 1 16
J N 5 2597 0 2 4753 144 1 3
K 0 0 43
A D 1 16
H 3 B 1 0 108 3 2 21 33
J N 6 2626 -7 3 5185 144 1 4
K 0 0 43
K 25 0 44
A D 3 16
J N 5 2664 -7 2 6481 432 1 4
K 0 0 43
A D 1 16
H 4 B 1 0 108 2 2 53
J B 13 2697 1 82 6913 144 0
J N 7 2718 7 4 1 0 0
K 0 0 43
K 0 0 60
K 0 21 60
A D 4 16
J R 7 2756 28 2 1729 576 0
K 0 0 48
A D 4 16
J R 7 2794 28 2 3457 576 0
K 0 0 48
A D 4 16
J R 6 2832 28 2 5185 576 0
K 0 0 49
A D 2 16
J N 6 2861 7 3 6049 288 0
K 0 0 43
K 0 0 54
A D 2 16
J B 14 2894 1 82 6913 288 0
J N 7 2915 7 4 1 0 0
K 0 0 43
K 0 0 60
K 0 21 60
A D 4 16
J R 7 2953 28 2 1729 576 0
K 0 0 48
A D 4 16
J R 7 2991 28 2 3457 576 0
K 0 0 48
A D 4 16
J R 6 3029 28 2 5185 576 0
K 0 0 49
A D 2 16
J N 6 3058 -21 7 6049 288 0
K 0 7 45
K 0 0 43
K 0 7 45
K 1 7 45
K 0 0 60
K 0 0 54
A D 2 16
J B 15 3091 1 82 6913 288 0
J N 7 3112 -21 7 1 0 0
K 0 7 45
K 0 0 43
K 0 7 45
K 1 7 45
K 0 0 60
K 0 21 60
A D 4 16
J R 7 3150 28 2 1729 576 0
K 0 0 48
A D 4 16
J R 6 3188 28 2 3457 576 0
K 0 0 49
A D 2 16
J N 6 3217 14 3 4321 288 0
K 0 0 43
K 0 0 54
A D 2 16
J N 7 3246 -14 7 5185 288 0
K 0 0 45
K 0 0 43
K -1 0 45
K 2 0 45
K 0 0 60
K 0 21 60
A D 4 16
J B 16 3288 1 82 6913 576 0
J R 6 3309 28 2 1 0 0
K 0 0 49
A D 2 16
J N 6 3338 0 2 865 288 1 5
K 0 0 43
A D 2 16
J N 6 3367 14 2 1729 288 1 5
K 0 0 43
A D 2 16
J N 6 3396 -7 2 2593 288 1 5
K 0 0 43
A D 2 16
H 5 B 1 0 108 3 2 1 3
J N 6 3425 7 2 3457 288 1 6
K 0 0 43
A D 2 16
J N 5 3454 0 2 4321 288 1 6
K 0 0 43
A D 1 16
J N 5 3483 -7 2 4753 144 1 6
K 0 0 43
A D 1 16
H 6 B 1 0 108 3 2 21 33
J N 6 3512 -14 6 5185 144 1 7
K 0 0 45
K 0 0 43
K -1 0 45
K 2 0 45
K 24 -6 44
A D 3 16
J N 5 3549 -14 5 6481 432 1 7
K 0 0 45
K 0 0 43
K -1 0 45
K 2 0 45
A D 1 16
H 7 B 1 0 108 2 2 53
J B 17 3582 1 82 6913 144 0
J N 7 3603 -14 7 1 0 0
K 0 0 45
K 0 0 43
K -1 0 45
K 2 0 45
K 0 0 60
K 0 21 60
A D 4 16
J R 7 3641 28 2 1729 576 0
K 0 0 48
A D 4 16
J R 6 3679 28 2 3457 576 0
K 0 0 49
A D 2 16
J N 6 3708 14 3 4321 288 0
K 0 0 43
K 0 0 54
A D 2 16
J N 7 3737 -14 7 5185 288 0
K 0 0 45
K 0 0 43
K -1 0 45
K 2 0 45
K 0 0 60
K 0 21 60
A D 4 16
J B 18 3779 1 82 6913 576 0
J R 6 3800 28 2 1 0 0
K 0 0 49
A D 2 16
J N 6 3829 35 2 865 288 1 8
K 0 0 43
A D 2 16
J N 6 3858 35 2 1729 288 1 8
K 0 0 43
A D 2 16
J N 6 3887 35 2 2593 288 1 8
K 0 0 43
A D 2 16
H 8 B 0 0 108 3 2 1 3
J N 7 3916 7 4 3457 288 0
K 0 0 43
K 0 0 60
K 0 21 60
A D 4 16
J R 6 3954 28 2 5185 576 0
K 0 0 49
A D 2 16
J N 6 3983 28 3 6049 288 0
K 0 0 43
K 0 0 54
A D 2 16
J B 19 4016 1 82 6913 288 0
J N 7 4037 35 4 1 0 0
K 0 0 43
K 0 0 59
K 0 -21 59
A D 4 16
J R 6 4075 28 2 1729 576 0
K 0 0 49
A D 2 16
J N 6 4104 28 4 2593 288 0
K 0 0 43
K 0 67 108
K 0 0 54
A D 2 16
J N 7 4133 35 4 3457 288 0
K 0 0 43
K 0 0 59
K 0 -21 59
A D 4 16
J R 6 4171 28 2 5185 576 0
K 0 0 49
A D 2 16
J N 6 4200 14 3 6049 288 0
K 0 0 43
K 0 0 54
A D 2 16
J B 20 4233 1 82 6913 288 0
J N 6 4254 28 2 1 0 1 9
K 0 0 43
A D 2 16
J N 5 4283 21 2 865 288 1 9
K 0 0 43
A D 1 16
J N 5 4312 14 2 1297 144 1 9
K 0 0 43
A D 1 16
H 9 B 1 0 108 3 2 21 33
J N 6 4341 7 3 1729 144 1 10
K 0 0 43
K 25 0 44
A D 3 16
J N 5 4379 7 2 3025 432 1 10
K 0 0 43
A D 1 16
H 10 B 1 0 108 2 2 53
J N 6 4408 7 2 3457 144 1 11
K 0 0 43
A D 2 16
J N 6 4437 14 2 4321 288 1 11
K 0 0 43
A D 2 16
H 11 B 1 0 108 2 2 3
J N 7 4466 -14 7 5185 288 0
K 0 0 45
K 0 0 43
K -1 0 45
K 2 0 45
K 0 0 60
K 0 21 60
A D 4 16
J B 21 4508 1 82 6913 576 0
J R 6 4529 28 2 1 0 0
K 0 0 49
A D 2 16
J N 6 4558 14 4 865 288 0
K 0 0 43
K 0 70 108
K 0 0 54
A D 2 16
J N 7 4587 -14 7 1729 288 0
K 0 0 45
K 0 0 43
K -1 0 45
K 2 0 45
K 0 0 60
K 0 21 60
A D 4 16
J R 6 4625 28 2 3457 576 0
K 0 0 49
A D 2 16
J N 6 4654 14 3 4321 288 0
K 0 0 43
K 0 0 54
A D 2 16
J N 7 4683 -14 7 5185 288 0
K 0 0 45
K 0 0 43
K -1 0 45
K 2 0 45
K 0 0 60
K 0 21 60
A D 4 16
J B 22 4725 1 82 6913 576 0
J R 6 4746 28 2 1 0 0
K 0 0 49
A D 2 16
J N 6 4775 -14 7 865 288 0
K 0 0 45
K 0 0 43
K -1 0 45
K 2 0 45
K 0 99 110
K 0 0 54
A D 2 16
J N 7 4804 7 4 1729 288 0
K 0 0 43
K 0 0 60
K 0 21 60
A D 4 16
J N 8 4842 35 4 3457 576 0
K 0 0 42
K 0 0 59
K 0 -21 59
A D 8 16
J B 23 4899 1 82 6913 1152 0
J N 9 4920 28 2 1 0 0
K 0 0 41
A D 16 16
J B 0 5016 6 2 6913 2304 0
K -13 0 82
K -6 0 84
J M 0 5016 0 0 10000 0 0
