@ SOURCE: not identified 
L 0 0 14 !39Basso concerto grosso
J D 4 500 -120 1 6913 0 0
W 0 0 44 IV
J D 1 75 -37 1 6913 0 0
W 0 -56 44 IV:  Basso concerto grosso
J C 22 5 14 36 6913 0 0
J K 2 57 0 2 6913 0 0
K 0 14 63
K 15 35 63
J D 5 103 -42 1 6913 0 0
W 0 0 37 Andante largo
J T 101 103 42 1 6913 0 0
K 0 0 37
J R 8 154 28 2 1 0 0
K 0 0 47
A D 4 8
J R 7 207 28 2 3457 1152 0
K 0 0 48
A D 2 8
J R 6 245 28 2 5185 576 0
K 0 0 49
A D 1 8
J F 0 274 98 1 6049 288 0
K 0 0 213
J N 6 274 14 3 6049 0 0
K 0 0 43
K 0 0 54
A D 1 8
J B 2 307 1 82 6913 288 0
J N 7 328 42 4 1 0 0
K 0 0 43
K 0 0 59
K 0 -21 59
A D 2 8
J R 7 366 28 2 1729 576 0
K 0 0 48
A D 2 8
J R 7 404 28 2 3457 576 0
K 0 0 48
A D 2 8
J R 6 442 28 2 5185 576 0
K 0 0 49
A D 1 8
J F 0 471 98 1 6049 288 0
K 0 0 213
J N 6 471 21 3 6049 0 0
K 0 0 43
K 0 0 54
A D 1 8
J B 3 504 1 82 6913 288 0
J N 7 525 49 4 1 0 0
K 0 0 43
K 0 0 59
K 0 -21 59
A D 2 8
J R 7 563 28 2 1729 576 0
K 0 0 48
A D 2 8
J R 7 601 28 2 3457 576 0
K 0 0 48
A D 2 8
J R 6 639 28 2 5185 576 0
K 0 0 49
A D 1 8
J F 0 668 98 1 6049 288 0
K 0 0 213
J N 6 668 35 3 6049 0 0
K 0 0 43
K 0 0 53
A D 1 8
J B 4 712 1 82 6913 288 0
J N 6 733 14 2 1 0 1 1
K 0 0 43
A D 1 8
J F 0 762 98 1 865 288 0
K 0 0 205
J N 6 762 49 2 865 0 1 1
K 0 0 43
A D 1 8
J F 0 791 98 1 1729 288 0
K 0 0 208
J N 6 791 42 2 1729 0 1 1
K 0 0 43
A D 1 8
J F 0 820 98 1 2593 288 0
K 0 0 207
J N 6 820 -7 2 2593 0 1 1
K 0 0 43
A D 1 8
H 1 B 1 0 108 4 2 1 1 3
J F 0 849 98 2 3457 288 0
K 0 0 206
K 0 21 213
J N 6 849 -14 5 3457 0 1 2
K 0 0 45
K 0 0 43
K -1 0 45
K 2 0 45
A D 1 8
J N 6 878 14 2 4321 288 1 2
K 0 0 43
A D 1 8
J F 0 907 98 2 5185 288 0
K 0 0 205
K 0 21 204
J N 6 907 42 2 5185 0 1 2
K 0 0 43
A D 1 8
J F 0 936 98 1 6049 288 0
K 0 0 213
J N 6 936 35 2 6049 0 1 2
K 0 0 43
A D 1 8
H 2 B 1 0 108 4 2 1 1 3
J B 5 969 1 82 6913 288 0
J N 7 990 63 4 1 0 0
K 0 0 43
K 0 0 59
K 0 -21 59
A D 2 8
J R 7 1028 28 2 1729 576 0
K 0 0 48
A D 2 8
J R 7 1066 28 2 3457 576 0
K 0 0 48
A D 2 8
J R 6 1104 28 2 5185 576 0
K 0 0 49
A D 1 8
J F 0 1133 98 1 6049 288 0
K 0 0 213
J N 6 1133 35 3 6049 0 0
K 0 0 43
K 0 0 53
A D 1 8
J B 6 1177 1 82 6913 288 0
J N 7 1198 63 4 1 0 0
K 0 0 43
K 0 0 59
K 0 -21 59
A D 2 8
J R 7 1236 28 2 1729 576 0
K 0 0 48
A D 2 8
J R 7 1274 28 2 3457 576 0
K 0 0 48
A D 2 8
J R 6 1312 28 2 5185 576 0
K 0 0 49
A D 1 8
J F 0 1341 98 1 6049 288 0
K 0 0 213
J N 6 1341 21 3 6049 0 0
K 0 0 43
K 0 0 54
A D 1 8
J B 7 1374 1 82 6913 288 0
J N 7 1395 49 4 1 0 0
K 0 0 43
K 0 0 59
K 0 -21 59
A D 2 8
J R 7 1433 28 2 1729 576 0
K 0 0 48
A D 2 8
J R 7 1471 28 2 3457 576 0
K 0 0 48
A D 2 8
J R 6 1509 28 2 5185 576 0
K 0 0 49
A D 1 8
J F 0 1538 98 1 6049 288 0
K 0 0 213
J N 6 1538 14 3 6049 0 0
K 0 0 43
K 0 0 54
A D 1 8
J B 8 1571 1 82 6913 288 0
J N 7 1592 42 4 1 0 0
K 0 0 43
K 0 0 59
K 0 -21 59
A D 2 8
J R 7 1630 28 2 1729 576 0
K 0 0 48
A D 2 8
J R 7 1668 28 2 3457 576 0
K 0 0 48
A D 2 8
J R 6 1706 28 2 5185 576 0
K 0 0 49
A D 1 8
J N 6 1735 0 3 6049 288 0
K 0 0 43
K 0 0 54
A D 1 8
J B 9 1768 1 82 6913 288 0
J N 7 1789 28 4 1 0 0
K 0 0 43
K 0 0 60
K 0 21 60
A D 2 8
J R 6 1827 28 2 1729 576 0
K 0 0 49
A D 1 8
J F 0 1856 98 1 2593 288 0
K 0 0 205
J N 6 1856 35 3 2593 0 0
K 0 0 43
K 0 0 53
A D 1 8
J F 0 1889 98 1 3457 288 0
K 0 0 205
J N 7 1889 42 4 3457 0 0
K 0 0 43
K 0 0 59
K 0 -21 59
A D 2 8
J R 6 1927 28 2 5185 576 0
K 0 0 49
A D 1 8
J F 0 1956 98 1 6049 288 0
K 0 0 205
J N 6 1956 49 3 6049 0 0
K 0 0 43
K 0 0 53
A D 1 8
J B 10 2000 1 82 6913 288 0
J F 0 2021 98 1 1 0 0
K 0 0 205
J N 7 2021 56 4 1 0 0
K 0 0 43
K 0 0 59
K 0 -21 59
A D 2 8
J R 6 2059 28 2 1729 576 0
K 0 0 49
A D 1 8
J F 0 2088 98 1 2593 288 0
K 0 0 205
J N 6 2088 63 3 2593 0 0
K 0 0 43
K 0 0 53
A D 1 8
J F 0 2121 98 1 3457 288 0
K 0 0 205
J N 7 2121 70 7 3457 0 0
K 1 0 45
K 0 0 43
K -1 0 45
K 2 0 45
K 0 0 59
K 0 -21 59
A D 2 8
J R 6 2159 28 2 5185 576 0
K 0 0 49
A D 1 8
J N 6 2188 77 7 6049 288 0
K 1 -7 45
K 0 0 43
K 0 -7 45
K 1 -7 45
K 0 0 59
K 0 0 53
A D 1 8
J B 11 2232 1 82 6913 288 0
J N 7 2253 49 4 1 0 0
K 0 0 43
K 0 0 59
K 0 -21 59
A D 2 8
J R 6 2291 28 2 1729 576 0
K 0 0 49
A D 1 8
J N 6 2320 0 3 2593 288 0
K 0 0 43
K 0 0 54
A D 1 8
J N 7 2349 -7 4 3457 288 0
K 0 0 43
K 0 0 60
K 0 21 60
A D 2 8
J R 6 2387 28 2 5185 576 0
K 0 0 49
A D 1 8
J F 0 2416 98 1 6049 288 0
K 0 0 205
J N 6 2416 0 4 6049 0 0
K 0 0 43
K 0 79 108
K 0 0 54
A D 1 8
J B 12 2449 1 82 6913 288 0
J N 7 2470 -7 4 1 0 0
K 0 0 43
K 0 0 60
K 0 21 60
A D 2 8
J R 6 2508 28 2 1729 576 0
K 0 0 49
A D 1 8
J N 6 2537 7 4 2593 288 0
K 0 0 43
K 0 78 110
K 0 0 54
A D 1 8
J F 0 2566 98 1 3457 288 0
K 0 0 206
J N 6 2566 0 2 3457 0 1 3
K 0 0 43
A D 1 8
J N 6 2595 28 2 4321 288 1 3
K 0 0 43
A D 1 8
J F 0 2624 98 1 5185 288 0
K 0 0 203
J N 6 2624 0 2 5185 0 1 3
K 0 0 43
A D 1 8
J F 0 2653 98 1 6049 288 0
K 0 0 202
J N 6 2653 49 2 6049 0 1 3
K 0 0 43
A D 1 8
H 3 B 1 0 108 4 2 1 1 3
J B 13 2686 1 82 6913 288 0
J N 7 2707 28 4 1 0 0
K 0 0 43
K 0 0 60
K 0 21 60
A D 2 8
J R 7 2745 28 2 1729 576 0
K 0 0 48
A D 2 8
J R 7 2783 28 2 3457 576 0
K 0 0 48
A D 2 8
J R 6 2821 28 2 5185 576 0
K 0 0 49
A D 1 8
J F 0 2850 98 1 6049 288 0
K 0 0 213
J N 6 2850 14 3 6049 0 0
K 0 0 43
K 0 0 54
A D 1 8
J B 14 2883 1 82 6913 288 0
J N 7 2904 42 4 1 0 0
K 0 0 43
K 0 0 59
K 0 -21 59
A D 2 8
J R 7 2942 28 2 1729 576 0
K 0 0 48
A D 2 8
J R 7 2980 28 2 3457 576 0
K 0 0 48
A D 2 8
J R 6 3018 28 2 5185 576 0
K 0 0 49
A D 1 8
J F 0 3047 98 1 6049 288 0
K 0 0 213
J N 6 3047 -14 6 6049 0 0
K 0 0 45
K 0 0 43
K -1 0 45
K 2 0 45
K 0 0 54
A D 1 8
J B 15 3080 1 82 6913 288 0
J N 7 3101 14 4 1 0 0
K 0 0 43
K 0 0 60
K 0 21 60
A D 2 8
J R 7 3139 28 2 1729 576 0
K 0 0 48
A D 2 8
J R 6 3177 28 2 3457 576 0
K 0 0 49
A D 1 8
J N 6 3206 21 2 4321 288 1 4
K 0 0 43
A D 1 8
J F 0 3246 98 1 5185 288 0
K 0 0 205
J N 6 3246 28 3 5185 0 1 4
K -18 0 63
K 0 0 43
A D 1 8
J N 6 3275 42 2 6049 288 1 4
K 0 0 43
A D 1 8
H 4 B 0 0 108 3 2 1 3
J B 16 3308 1 82 6913 288 0
J N 6 3329 21 2 1 0 1 5
K 0 0 43
A D 1 8
J N 6 3358 7 2 865 288 1 5
K 0 0 43
A D 1 8
J F 0 3387 98 2 1729 288 0
K 0 0 208
K 0 21 218
J N 6 3387 0 2 1729 0 1 5
K 0 0 43
A D 1 8
J F 0 3416 98 1 2593 288 0
K 0 0 207
J N 6 3416 49 2 2593 0 1 5
K 0 0 43
A D 1 8
H 5 B 1 0 108 4 2 1 1 3
J F 0 3445 98 2 3457 288 0
K 0 0 206
K 0 21 213
J N 6 3445 42 2 3457 0 1 6
K 0 0 43
A D 1 8
J N 6 3474 21 2 4321 288 1 6
K 0 0 43
A D 1 8
J F 0 3503 98 1 5185 288 0
K 0 0 203
J N 6 3503 -7 2 5185 0 1 6
K 0 0 43
A D 1 8
J F 0 3532 98 1 6049 288 0
K 0 0 213
J N 6 3532 42 2 6049 0 1 6
K 0 0 43
A D 1 8
H 6 B 1 0 108 4 2 1 1 3
J B 17 3565 1 82 6913 288 0
J N 7 3586 21 4 1 0 0
K 0 0 43
K 0 0 60
K 0 21 60
A D 2 8
J R 7 3624 28 2 1729 576 0
K 0 0 48
A D 2 8
J R 6 3662 28 2 3457 576 0
K 0 0 49
A D 1 8
J N 6 3691 21 2 4321 288 1 7
K 0 0 43
A D 1 8
J F 0 3731 98 1 5185 288 0
K 0 0 205
J N 6 3731 28 3 5185 0 1 7
K -18 0 63
K 0 0 43
A D 1 8
J N 6 3760 42 2 6049 288 1 7
K 0 0 43
A D 1 8
H 7 B 0 0 108 3 2 1 3
J B 18 3793 1 82 6913 288 0
J N 6 3814 21 2 1 0 1 8
K 0 0 43
A D 1 8
J N 6 3843 -7 2 865 288 1 8
K 0 0 43
A D 1 8
J F 0 3872 98 1 1729 288 0
K 0 0 205
J N 6 3872 28 2 1729 0 1 8
K 0 0 43
A D 1 8
J N 6 3901 21 2 2593 288 1 8
K 0 0 43
A D 1 8
H 8 B 1 0 108 4 2 1 1 3
J F 0 3930 98 1 3457 288 0
K 0 0 213
J N 7 3930 14 4 3457 0 0
K 0 0 43
K 0 0 60
K 0 21 60
A D 2 8
J R 6 3968 28 2 5185 576 0
K 0 0 49
A D 1 8
J N 6 3997 14 3 6049 288 0
K 0 0 43
K 0 0 54
A D 1 8
J B 19 4030 1 82 6913 288 0
J N 7 4051 7 4 1 0 0
K 0 0 43
K 0 0 60
K 0 21 60
A D 2 8
J R 6 4089 28 2 1729 576 0
K 0 0 49
A D 1 8
J N 6 4118 14 4 2593 288 0
K 0 0 43
K 0 70 108
K 0 0 54
A D 1 8
J N 7 4147 7 4 3457 288 0
K 0 0 43
K 0 0 60
K 0 21 60
A D 2 8
J R 6 4185 28 2 5185 576 0
K 0 0 49
A D 1 8
J N 6 4214 21 4 6049 288 0
K 0 0 43
K 0 74 110
K 0 0 54
A D 1 8
J B 20 4247 1 82 6913 288 0
J F 0 4268 98 2 1 0 0
K 0 0 206
K 0 21 213
J N 6 4268 14 2 1 0 1 9
K 0 0 43
A D 1 8
J N 6 4297 42 2 865 288 1 9
K 0 0 43
A D 1 8
J F 0 4326 98 1 1729 288 0
K 0 0 203
J N 6 4326 14 2 1729 0 1 9
K 0 0 43
A D 1 8
J F 0 4355 98 1 2593 288 0
K 0 0 213
J N 6 4355 63 2 2593 0 1 9
K 0 0 43
A D 1 8
H 9 B 0 0 108 4 2 1 1 3
J N 6 4384 42 2 3457 288 1 10
K 0 0 43
A D 1 8
J N 6 4413 21 2 4321 288 1 10
K 0 0 43
A D 1 8
J F 0 4453 98 1 5185 288 0
K 0 0 205
J N 6 4453 28 3 5185 0 1 10
K -18 0 63
K 0 0 43
A D 1 8
J N 6 4482 42 2 6049 288 1 10
K 0 0 43
A D 1 8
H 10 B 0 0 108 4 2 1 1 3
J B 21 4515 1 82 6913 288 0
J R 6 4536 28 2 1 0 0
K 0 0 49
A D 1 8
J N 6 4565 21 3 865 288 1 11
K 0 0 43
K 0 58 108
A D 1 8
J F 0 4605 98 1 1729 288 0
K 0 0 205
J N 6 4605 28 3 1729 0 1 11
K -18 0 63
K 0 0 43
A D 1 8
J N 6 4634 42 2 2593 288 1 11
K 0 0 43
A D 1 8
H 11 B 0 0 108 3 2 1 3
J R 6 4663 28 2 3457 288 0
K 0 0 49
A D 1 8
J N 6 4692 21 2 4321 288 1 12
K 0 0 43
A D 1 8
J F 0 4721 98 1 5185 288 0
K 0 0 205
J N 6 4721 28 2 5185 0 1 12
K 0 0 43
A D 1 8
J N 6 4750 42 3 6049 288 1 12
K 0 0 43
K 0 44 110
A D 1 8
H 12 B 0 0 108 3 2 1 3
J B 22 4783 1 82 6913 288 0
J N 6 4804 21 2 1 0 1 13
K 0 0 43
A D 1 8
J N 6 4833 70 5 865 288 1 13
K 1 0 45
K 0 0 43
K -1 0 45
K 2 0 45
A D 1 8
H 13 B 0 0 108 2 2 3
J F 0 4862 98 1 1729 288 0
K 0 0 213
J N 7 4862 63 4 1729 0 0
K 0 0 43
K 0 0 59
K 0 -21 59
A D 2 8
J F 0 4900 98 1 3457 576 0
K 0 0 206
J N 8 4900 56 4 3457 0 0
K 0 0 42
K 0 0 59
K 0 -21 59
A D 4 8
J F 0 4938 98 1 5185 576 0
K 0 0 205
J B 23 4980 1 82 6913 576 0
J F 0 5001 98 1 1 0 0
K 0 0 213
J N 9 5001 63 2 1 0 0
K 0 0 41
A D 8 8
J B 0 5097 6 2 6913 2304 0
K -13 0 82
K -6 0 84
J M 0 5097 0 0 10000 0 0
