@ SOURCE: not identified 
L 0 0 14 !39Violino 1
J D 4 500 -120 1 6913 0 0
W 0 0 44 
J D 1 75 -37 1 6913 0 0
W 0 -56 44 :  Violino 1
J C 4 5 42 2 6913 0 0
K 0 0 33
K 0 0 34
J K -2 57 0 2 6913 0 0
K 0 28 65
K 13 7 65
J D 5 99 -42 1 6913 0 0
W 0 0 37 Grave
J T 101 99 42 1 6913 0 0
K 0 0 37
J N 8 147 49 5 1 0 0
K 0 0 42
K 25 0 44
K 0 0 59
K 0 -21 59
A D 6 8
J N 7 215 56 5 5185 1728 0
K -14 0 64
K 0 0 43
K 0 0 59
K 0 -21 59
A D 2 8
J B 2 257 1 82 6913 576 0
J N 8 281 35 5 1 0 0
K -15 0 65
K 0 0 42
K 0 0 59
K 0 -21 59
A D 4 8
J N 8 334 42 4 3457 1152 0
K 0 0 42
K 0 0 59
K 0 -21 59
A D 4 8
J B 3 391 1 82 6913 1152 0
J N 7 412 49 4 1 0 0
K 0 0 43
K 0 0 59
K 0 -21 59
A D 2 8
J N 8 450 0 4 1729 576 0
K 0 0 42
K 0 0 60
K 0 21 60
A D 4 8
J N 7 503 7 5 5185 1152 0
K -14 0 64
K 0 0 43
K 0 0 60
K 0 21 60
A D 2 8
J B 4 545 1 82 6913 576 0
J N 8 569 -14 8 1 0 0
K 0 0 45
K -15 0 65
K 0 0 42
K -1 0 45
K 2 0 45
K 0 0 60
K 0 21 60
A D 4 8
J N 7 622 -7 5 3457 1152 0
K 0 0 43
K 25 0 44
K 0 0 60
K 0 21 60
A D 3 8
J N 6 668 -14 6 6049 864 0
K 0 0 45
K 0 0 43
K -1 0 45
K 2 0 45
K 0 0 54
A D 1 8
J B 5 701 1 82 6913 288 0
J N 7 722 7 4 1 0 0
K 0 0 43
K 0 0 60
K 0 21 60
A D 2 8
J N 7 760 14 4 1729 576 0
K 0 0 43
K 0 0 60
K 0 21 60
A D 2 8
J N 7 798 21 4 3457 576 0
K 0 0 43
K 0 0 60
K 0 21 60
A D 2 8
J N 7 836 49 4 5185 576 1 1
K 0 0 43
K 0 0 59
K 0 -21 59
A D 2 8
J B 6 878 1 82 6913 576 0
J N 7 899 49 4 1 0 1 1
K 0 0 43
K 0 0 59
K 0 -21 59
A D 2 8
H 1 T 49 0 0 0 0 0 9 0
J N 7 939 56 5 1729 576 0
K -14 0 64
K 0 0 43
K 0 0 59
K 0 -21 59
A D 2 8
J N 8 980 14 5 3457 576 0
K -15 0 65
K 0 0 42
K 0 0 60
K 0 21 60
A D 4 8
J B 7 1037 1 82 6913 1152 0
J N 8 1058 21 4 1 0 0
K 0 0 42
K 0 0 60
K 0 21 60
A D 4 8
J N 8 1111 28 4 3457 1152 0
K 0 0 42
K 0 0 60
K 0 21 60
A D 4 8
J B 8 1168 1 82 6913 1152 0
J N 8 1192 35 5 1 0 0
K -15 0 65
K 0 0 42
K 0 0 59
K 0 -21 59
A D 4 8
J N 7 1245 77 8 3457 1152 0
K 1 -7 45
K -14 0 64
K 0 0 43
K 0 -7 45
K 1 -7 45
K 0 0 59
K 0 -21 59
A D 2 8
J N 7 1283 70 7 5185 576 1 2
K 1 0 45
K 0 0 43
K -1 0 45
K 2 0 45
K 0 0 59
K 0 -21 59
A D 2 8
J B 9 1325 1 82 6913 576 0
J N 7 1346 70 7 1 0 1 2
K 1 0 45
K 0 0 43
K -1 0 45
K 2 0 45
K 0 0 59
K 0 -21 59
A D 2 8
H 2 T 70 0 0 0 0 0 13 0
J N 7 1386 77 8 1729 576 0
K 1 -7 45
K -14 0 64
K 0 0 43
K 0 -7 45
K 1 -7 45
K 0 0 59
K 0 -21 59
A D 2 8
J N 7 1424 70 7 3457 576 0
K 1 0 45
K 0 0 43
K -1 0 45
K 2 0 45
K 0 0 59
K 0 -21 59
A D 2 8
J N 7 1462 21 4 5185 576 1 3
K 0 0 43
K 0 0 60
K 0 21 60
A D 2 8
J B 10 1504 1 82 6913 576 0
J N 7 1525 21 4 1 0 1 3
K 0 0 43
K 0 0 60
K 0 21 60
A D 2 8
H 3 T 21 0 0 0 0 0 1 0
J N 8 1563 28 4 1729 576 0
K 0 0 42
K 0 0 60
K 0 21 60
A D 4 8
J N 7 1616 35 5 5185 1152 0
K -15 0 65
K 0 0 43
K 0 0 59
K 0 -21 59
A D 2 8
J B 11 1658 1 82 6913 576 0
J N 7 1679 42 5 1 0 0
K 0 0 43
K 24 -6 44
K 0 0 59
K 0 -21 59
A D 3 8
J N 6 1725 21 3 2593 864 0
K 0 0 43
K 0 0 54
A D 1 8
J N 6 1765 35 3 3457 288 1 4
K -14 0 64
K 0 0 43
A D 1 8
J N 6 1794 49 2 4321 288 1 4
K 0 0 43
A D 1 8
H 4 B 0 0 108 2 2 3
J N 7 1823 0 4 5185 288 1 5
K 0 0 43
K 0 0 60
K 0 21 60
A D 2 8
J B 12 1865 1 82 6913 576 0
J N 7 1886 0 4 1 0 1 5
K 0 0 43
K 0 0 60
K 0 21 60
A D 2 8
H 5 T 0 0 0 0 0 0 5 0
J N 7 1924 7 4 1729 576 0
K 0 0 43
K 0 0 60
K 0 21 60
A D 2 8
J N 8 1965 14 5 3457 576 1 6
K -15 0 65
K 0 0 42
K 0 0 60
K 0 21 60
A D 4 8
J B 13 2022 1 82 6913 1152 0
J N 7 2046 14 5 1 0 1 6
k -15 0 65
K 0 0 43
K 0 0 60
K 0 21 60
A D 2 8
H 6 T 14 0 0 0 0 0 5 0
J N 6 2084 21 2 1729 576 1 7
K 0 0 43
A D 1 8
J N 6 2113 28 2 2593 288 1 7
K 0 0 43
A D 1 8
H 7 B 1 0 108 2 2 3
J N 7 2154 35 5 3457 288 0
K -15 0 65
K 0 0 43
K 0 0 59
K 0 -21 59
A D 2 8
J N 7 2192 21 4 5185 576 1 8
K 0 0 43
K 0 0 60
K 0 21 60
A D 2 8
J B 14 2234 1 82 6913 576 0
J N 7 2255 21 4 1 0 1 8
K 0 0 43
K 0 0 60
K 0 21 60
A D 2 8
H 8 T 21 0 0 0 0 0 1 0
J N 7 2293 28 4 1729 576 0
K 0 0 43
K 0 0 60
K 0 21 60
A D 2 8
J N 7 2331 56 5 3457 576 0
K -14 0 64
K 0 0 43
K 0 0 59
K 0 -21 59
A D 2 8
J N 7 2372 35 5 5185 576 1 9
K -15 0 65
K 0 0 43
K 0 0 59
K 0 -21 59
A D 2 8
J B 15 2414 1 82 6913 576 0
J N 7 2438 35 5 1 0 1 9
k -15 0 65
K 0 0 43
K 0 0 59
K 0 -21 59
A D 2 8
H 9 T 35 0 0 0 0 0 9 0
J N 7 2476 42 4 1729 576 0
K 0 0 43
K 0 0 59
K 0 -21 59
A D 2 8
J N 8 2514 49 4 3457 576 0
K 0 0 42
K 0 0 59
K 0 -21 59
A D 4 8
J B 16 2571 1 82 6913 1152 0
J N 7 2592 21 4 1 0 0
K 0 0 43
K 0 0 60
K 0 21 60
A D 2 8
J R 7 2630 28 2 1729 576 0
K 0 0 48
A D 2 8
J N 7 2668 28 4 3457 576 0
K 0 0 43
K 0 0 60
K 0 21 60
A D 2 8
J R 7 2706 28 2 5185 576 0
K 0 0 48
A D 2 8
J B 17 2748 1 82 6913 576 0
J N 9 2769 21 2 1 0 0
K 0 0 41
A D 8 8
J B 0 2860 5 2 6913 2304 0
K -8 0 82
K 0 0 82
J M 0 2860 0 0 10000 0 0
