S 0 200 140 2050 1066 7 "[...][....]"                        
L 0 0 0 330 330 * 0 14 0                        
J C 4 5 42 2 6913 0 0                        
K 0 0 33                        
K 0 0 34                        
J K 2 57 0 2 6913 0 0                        
K 0 0 63                        
K 15 21 63                        
J D 0 -11 -14 1 6913 0 0                        
W 0 0 37 \02\06                        
J N 7 136 7 5 1 0 0                        
K -18 0 63                        
K 0 0 43                        
K 0 0 60                        
K 0 21 60                        
A D 6 24                        
J N 8 184 0 4 1729 576 0                        
K 0 0 42                        
K 0 0 60                        
K 0 21 60                        
A D 12 24                        
J N 7 292 7 4 5185 1152 0                        
K 0 0 43                        
K 0 0 60                        
K 0 21 60                        
A D 6 24                        
J B 27 340 1 82 6913 576 0                        
J R 7 361 28 2 1 0 0                        
K 0 0 48                        
A D 6 24                        
J N 7 409 14 5 1729 576 0                        
K 0 0 43                        
K 0 70 108                        
K 0 0 60                        
K 0 21 60                        
A D 6 24                        
J N 7 457 21 4 3457 576 0                        
K 0 0 43                        
K 0 0 60                        
K 0 21 60                        
A D 6 24                        
J N 7 505 28 4 5185 576 1 54                        
K 0 0 43                        
K 0 0 60                        
K 0 21 60                        
A D 6 24                        
J B 28 553 1 82 6913 576 0                        
J N 7 580 28 4 1 0 1 54                        
K 0 0 43                        
K 0 0 60                        
K 0 21 60                        
A D 6 24                        
H 54 T 28 0 0 0 0 0 5 0                        
J N 7 628 35 4 1729 576 0                        
K 0 0 43                        
K 0 0 59                        
K 0 -21 59                        
A D 6 24                        
J N 8 688 42 5 3457 576 0                        
K -18 0 63                        
K 0 0 42                        
K 0 0 59                        
K 0 -21 59                        
A D 12 24                        
J B 29 784 1 82 6913 1152 0                        
J N 8 805 49 4 1 0 0                        
K 0 0 42                        
K 0 0 59                        
K 0 -21 59                        
A D 12 24                        
J D 0 871 0 1 3457 1152 0                        
W 0 -35 33 !31|Soli                        
J N 7 871 -14 7 3457 0 0                        
K 0 0 45                        
K 0 0 43                        
K -1 0 45                        
K 2 0 45                        
K 0 0 60                        
K 0 21 60                        
A D 6 24                        
J R 6 918 28 2 5185 576 1 55                        
K 0 0 49                        
A D 2 24                        
J N 6 945 0 2 5761 192 1 56                        
K 0 0 43                        
A D 2 24                        
J N 6 972 -7 2 6337 192 2 56 55                        
K 0 0 43                        
A D 2 24                        
H 55 X 1 3 3 -35 3 -14 0                
H 56 B -46 -4 108 2 2 3                        
J B 30 1003 1 82 6913 192 0                        
J N 6 1024 -14 5 1 0 2 57 58                        
K 0 0 45                        
K 0 0 43                        
K -1 0 45                        
K 2 0 45                        
A D 2 24                        
J N 6 1051 -21 5 577 192 1 58                        
K 0 7 45                        
K 0 0 43                        
K 0 7 45                        
K 1 7 45                        
A D 2 24                        
J N 6 1078 -14 5 1153 192 2 58 57                        
K 0 0 45                        
K 0 0 43                        
K -1 0 45                        
K 2 0 45                        
A D 2 24                        
H 57 X 9 3 3 0 3 0 58                
H 58 B -46 0 108 3 2 1 3                        
J N 6 1105 -14 5 1729 192 1 59                        
K 0 0 45                        
K 0 0 43                        
K -1 0 45                        
K 2 0 45                        
A D 2 24                        
J N 6 1132 -21 5 2305 192 1 59                        
K 0 7 45                        
K 0 0 43                        
K 0 7 45                        
K 1 7 45                        
A D 2 24                        
J N 6 1159 -14 5 2881 192 1 59                        
K 0 0 45                        
K 0 0 43                        
K -1 0 45                        
K 2 0 45                        
A D 2 24                        
H 59 B -46 0 108 3 2 1 3                        
J N 6 1186 -14 5 3457 192 1 60                        
K 0 0 45                        
K 0 0 43                        
K -1 0 45                        
K 2 0 45                        
A D 2 24                        
J N 6 1213 0 2 4033 192 1 60                        
K 0 0 43                        
A D 2 24                        
J N 6 1240 -7 2 4609 192 1 60                        
K 0 0 43                        
A D 2 24                        
H 60 B -60 0 108 3 2 1 3                        
J N 6 1267 -14 5 5185 192 1 61                        
K 0 0 45                        
K 0 0 43                        
K -1 0 45                        
K 2 0 45                        
A D 2 24                        
J N 6 1294 0 2 5761 192 1 61                        
K 0 0 43                        
A D 2 24                        
J N 6 1321 -14 5 6337 192 1 61                        
K 0 0 45                        
K 0 0 43                        
K -1 0 45                        
K 2 0 45                        
A D 2 24                        
H 61 B -60 0 108 3 2 1 3                        
J B 31 1352 1 82 6913 192 0                        
J N 6 1373 -21 5 1 0 1 62                        
K 0 7 45                        
K 0 0 43                        
K 0 7 45                        
K 1 7 45                        
A D 2 24                        
J N 6 1400 -7 2 577 192 1 62                        
K 0 0 43                        
A D 2 24                        
J N 6 1427 -14 5 1153 192 1 62                        
K 0 0 45                        
K 0 0 43                        
K -1 0 45                        
K 2 0 45                        
A D 2 24                        
H 62 B -63 0 108 3 2 1 3                        
J N 6 1454 -21 5 1729 192 1 63                        
K 0 7 45                        
K 0 0 43                        
K 0 7 45                        
K 1 7 45                        
A D 2 24                        
J N 6 1481 -7 2 2305 192 1 63                        
K 0 0 43                        
A D 2 24                        
J N 6 1508 -21 5 2881 192 1 63                        
K 0 7 45                        
K 0 0 43                        
K 0 7 45                        
K 1 7 45                        
A D 2 24                        
H 63 B -63 0 108 3 2 1 3                        
J N 6 1535 -14 5 3457 192 1 64                        
K 0 0 45                        
K 0 0 43                        
K -1 0 45                        
K 2 0 45                        
A D 2 24                        
J N 6 1562 0 2 4033 192 1 64                        
K 0 0 43                        
A D 2 24                        
J N 6 1589 -7 2 4609 192 1 64                        
K 0 0 43                        
A D 2 24                        
H 64 B -60 0 108 3 2 1 3                        
J N 6 1616 -14 5 5185 192 1 65                        
K 0 0 45                        
K 0 0 43                        
K -1 0 45                        
K 2 0 45                        
A D 2 24                        
J N 6 1643 0 2 5761 192 1 65                        
K 0 0 43                        
A D 2 24                        
J N 6 1670 -14 5 6337 192 1 65                        
K 0 0 45                        
K 0 0 43                        
K -1 0 45                        
K 2 0 45                        
A D 2 24                        
H 65 B -60 0 108 3 2 1 3                        
J B 32 1701 1 82 6913 192 0                        
J N 6 1722 -7 2 1 0 1 66                        
K 0 0 43                        
A D 2 24                        
J N 6 1749 7 2 577 192 1 66                        
K 0 0 43                        
A D 2 24                        
J N 6 1776 0 2 1153 192 1 66                        
K 0 0 43                        
A D 2 24                        
H 66 B -63 0 108 3 2 1 3                        
J N 6 1803 -7 2 1729 192 1 67                        
K 0 0 43                        
A D 2 24                        
J N 6 1830 7 2 2305 192 1 67                        
K 0 0 43                        
A D 2 24                        
J N 6 1857 -7 2 2881 192 1 67                        
K 0 0 43                        
A D 2 24                        
H 67 B -63 0 108 3 2 1 3                        
J N 6 1884 0 2 3457 192 1 68                        
K 0 0 43                        
A D 2 24                        
J N 6 1911 14 2 4033 192 1 68                        
K 0 0 43                        
A D 2 24                        
J N 6 1938 0 2 4609 192 1 68                        
K 0 0 43                        
A D 2 24                        
H 68 B -60 0 108 3 2 1 3                        
J N 6 1965 7 2 5185 192 1 69                        
K 0 0 43                        
A D 2 24                        
J N 6 1992 21 2 5761 192 1 69                        
K 0 0 43                        
A D 2 24                        
J N 6 2019 7 2 6337 192 1 69                        
K 0 0 43                        
A D 2 24                        
H 69 B -56 0 108 3 2 1 3                        
J B 33 2050 1 82 6913 192 0                        
E *                        
L 160 0 0 330 330 * 0 14 0                        
J C 4 5 42 2 6913 0 0                        
K 0 0 33                        
K 0 0 34                        
J K 2 57 0 2 6913 0 0                        
K 0 0 63                        
K 15 21 63                        
J D 0 -11 -14 1 6913 0 0                        
W 0 0 0 \02\06                        
J N 7 136 28 4 1 0 1 37                        
K 0 0 43                        
K 0 0 60                        
K 0 21 60                        
A D 6 24                        
J M 0 84 0 0 6913 0 1 37                        
H 37 T 28 0 0 0 0 0 5 0                        
J N 7 184 35 4 1729 576 0                        
K 0 0 43                        
K 0 0 59                        
K 0 -21 59                        
A D 6 24                        
J N 7 244 42 5 3457 576 0                        
K -18 0 63                        
K 0 0 43                        
K 0 0 59                        
K 0 -21 59                        
A D 6 24                        
J N 7 292 21 4 5185 576 0                        
K 0 0 43                        
K 0 0 60                        
K 0 21 60                        
A D 6 24                        
J B 27 340 1 82 6913 576 0                        
J R 7 361 28 2 1 0 0                        
K 0 0 48                        
A D 6 24                        
J N 7 409 35 5 1729 576 0                        
K 0 0 43                        
K 0 44 108                        
K 0 0 59                        
K 0 -21 59                        
A D 6 24                        
J N 7 457 42 5 3457 576 0                        
K -18 0 63                        
K 0 0 43                        
K 0 0 59                        
K 0 -21 59                        
A D 6 24                        
J N 7 505 49 4 5185 576 0                        
K 0 0 43                        
K 0 0 59                        
K 0 -21 59                        
A D 6 24                        
J B 28 553 1 82 6913 576 0                        
J N 7 580 56 5 1 0 0                        
K -18 0 63                        
K 0 0 43                        
K 0 0 59                        
K 0 -21 59                        
A D 6 24                        
J N 8 628 49 4 1729 576 0                        
K 0 0 42                        
K 0 0 59                        
K 0 -21 59                        
A D 12 24                        
J N 7 736 56 4 5185 1152 0                        
K 0 0 43                        
K 0 0 59                        
K 0 -21 59                        
A D 6 24                        
J B 29 784 1 82 6913 576 0                        
J N 8 805 49 4 1 0 0                        
K 0 0 42                        
K 0 0 59                        
K 0 -21 59                        
A D 12 24                        
J N 7 871 0 4 3457 1152 0                        
K 0 0 43                        
K 0 0 60                        
K 0 21 60                        
A D 6 24                        
J R 6 918 28 2 5185 576 1 38                        
K 0 0 49                        
A D 2 24                        
J N 6 945 14 2 5761 192 1 39                        
K 0 0 43                        
A D 2 24                        
J N 6 972 7 2 6337 192 2 39 38                        
K 0 0 43                        
A D 2 24                        
H 38 X 1 3 3 -35 3 -14 0                
H 39 B -46 -4 108 2 2 3                        
J B 30 1003 1 82 6913 192 0                        
J N 6 1024 0 2 1 0 2 40 41                        
K 0 0 43                        
A D 2 24                        
J N 6 1051 -7 2 577 192 1 41                        
K 0 0 43                        
A D 2 24                        
J N 6 1078 0 2 1153 192 2 41 40                        
K 0 0 43                        
A D 2 24                        
H 40 X 9 3 3 0 3 0 41                
H 41 B -46 0 108 3 2 1 3                        
J N 6 1105 0 2 1729 192 1 42                        
K 0 0 43                        
A D 2 24                        
J N 6 1132 -7 2 2305 192 1 42                        
K 0 0 43                        
A D 2 24                        
J N 6 1159 0 2 2881 192 1 42                        
K 0 0 43                        
A D 2 24                        
H 42 B -46 0 108 3 2 1 3                        
J N 6 1186 0 2 3457 192 1 43                        
K 0 0 43                        
A D 2 24                        
J N 6 1213 14 2 4033 192 1 43                        
K 0 0 43                        
A D 2 24                        
J N 6 1240 7 2 4609 192 1 43                        
K 0 0 43                        
A D 2 24                        
H 43 B -60 0 108 3 2 1 3                        
J N 6 1267 0 2 5185 192 1 44                        
K 0 0 43                        
A D 2 24                        
J N 6 1294 14 2 5761 192 1 44                        
K 0 0 43                        
A D 2 24                        
J N 6 1321 0 2 6337 192 1 44                        
K 0 0 43                        
A D 2 24                        
H 44 B -60 0 108 3 2 1 3                        
J B 31 1352 1 82 6913 192 0                        
J N 6 1373 -7 2 1 0 1 45                        
K 0 0 43                        
A D 2 24                        
J N 6 1400 7 2 577 192 1 45                        
K 0 0 43                        
A D 2 24                        
J N 6 1427 0 2 1153 192 1 45                        
K 0 0 43                        
A D 2 24                        
H 45 B -63 0 108 3 2 1 3                        
J N 6 1454 -7 2 1729 192 1 46                        
K 0 0 43                        
A D 2 24                        
J N 6 1481 7 2 2305 192 1 46                        
K 0 0 43                        
A D 2 24                        
J N 6 1508 -7 2 2881 192 1 46                        
K 0 0 43                        
A D 2 24                        
H 46 B -63 0 108 3 2 1 3                        
J N 6 1535 0 2 3457 192 1 47                        
K 0 0 43                        
A D 2 24                        
J N 6 1562 14 2 4033 192 1 47                        
K 0 0 43                        
A D 2 24                        
J N 6 1589 7 2 4609 192 1 47                        
K 0 0 43                        
A D 2 24                        
H 47 B -60 0 108 3 2 1 3                        
J N 6 1616 0 2 5185 192 1 48                        
K 0 0 43                        
A D 2 24                        
J N 6 1643 14 2 5761 192 1 48                        
K 0 0 43                        
A D 2 24                        
J N 6 1670 0 2 6337 192 1 48                        
K 0 0 43                        
A D 2 24                        
H 48 B -60 0 108 3 2 1 3                        
J B 32 1701 1 82 6913 192 0                        
J N 6 1722 7 2 1 0 1 49                        
K 0 0 43                        
A D 2 24                        
J N 6 1749 21 2 577 192 1 49                        
K 0 0 43                        
A D 2 24                        
J N 6 1776 14 2 1153 192 1 49                        
K 0 0 43                        
A D 2 24                        
H 49 B -56 0 108 3 2 1 3                        
J N 6 1803 7 2 1729 192 1 50                        
K 0 0 43                        
A D 2 24                        
J N 6 1830 21 2 2305 192 1 50                        
K 0 0 43                        
A D 2 24                        
J N 6 1857 7 2 2881 192 1 50                        
K 0 0 43                        
A D 2 24                        
H 50 B -56 0 108 3 2 1 3                        
J N 6 1884 14 2 3457 192 1 51                        
K 0 0 43                        
A D 2 24                        
J N 6 1911 35 2 4033 192 1 51                        
K 0 0 43                        
A D 2 24                        
J N 6 1938 14 2 4609 192 1 51                        
K 0 0 43                        
A D 2 24                        
H 51 B -63 0 108 3 2 1 3                        
J N 6 1965 21 2 5185 192 1 52                        
K 0 0 43                        
A D 2 24                        
J N 6 1992 35 2 5761 192 1 52                        
K 0 0 43                        
A D 2 24                        
J N 6 2019 21 2 6337 192 1 52                        
K 0 0 43                        
A D 2 24                        
H 52 B -56 0 108 3 2 1 3                        
J B 33 2050 1 82 6913 192 0                        
E *                        
L 320 0 0 330 330 * 0 14 0                        
J C 22 5 14 36 6913 0 0                        
J K 2 57 0 2 6913 0 0                        
K 0 14 63                        
K 15 35 63                        
J D 0 -11 -14 1 6913 0 0                        
W 0 0 0 \02\06                        
J F 0 136 98 2 1 0 0                        
K 0 0 206                        
K 0 21 213                        
J N 7 136 35 4 1 0 0                        
K 0 0 43                        
K 0 0 59                        
K 0 -21 59                        
A D 2 8                        
J N 7 184 14 4 1729 576 0                        
K 0 0 43                        
K 0 0 60                        
K 0 21 60                        
A D 2 8                        
J F 0 244 98 1 3457 576 0                        
K 0 0 203                        
J N 7 244 -14 7 3457 0 0                        
K 0 0 45                        
K 0 0 43                        
K -1 0 45                        
K 2 0 45                        
K 0 0 60                        
K 0 21 60                        
A D 2 8                        
J F 0 292 98 1 5185 576 0                        
K 0 0 213                        
J N 7 292 35 4 5185 0 0                        
K 0 0 43                        
K 0 0 59                        
K 0 -21 59                        
A D 2 8                        
J B 27 340 1 82 6913 576 0                        
J R 7 361 28 2 1 0 0                        
K 0 0 48                        
A D 2 8                        
J F 0 409 114 1 1729 576 0                        
K 0 0 205                        
J N 7 409 14 5 1729 0 0                        
K 0 0 43                        
K 0 70 108                        
K 0 0 60                        
K 0 21 60                        
A D 2 8                        
J F 0 457 98 2 3457 576 0                        
K 0 0 205                        
K 0 21 213                        
J N 7 457 21 4 3457 0 0                        
K 0 0 43                        
K 0 0 60                        
K 0 21 60                        
A D 2 8                        
J F 0 505 98 1 5185 576 0                        
K 0 0 205                        
J N 7 505 28 4 5185 0 0                        
K 0 0 43                        
K 0 0 60                        
K 0 21 60                        
A D 2 8                        
J B 28 553 1 82 6913 576 0                        
J F 0 580 98 2 1 0 0                        
K 0 0 206                        
K 0 21 213                        
J N 7 580 35 4 1 0 0                        
K 0 0 43                        
K 0 0 59                        
K 0 -21 59                        
A D 2 8                        
J N 7 628 63 4 1729 576 0                        
K 0 0 43                        
K 0 0 59                        
K 0 -21 59                        
A D 2 8                        
J F 0 688 98 1 3457 576 0                        
K 0 0 203                        
J N 8 688 35 4 3457 0 0                        
K 0 0 42                        
K 0 0 59                        
K 0 -21 59                        
A D 4 8                        
J F 0 736 98 1 5185 576 0                        
K 0 0 213                        
J B 29 784 1 82 6913 576 0                        
J N 8 805 63 4 1 0 0                        
K 0 0 42                        
K 0 0 59                        
K 0 -21 59                        
A D 4 8                        
J R 8 871 28 2 3457 1152 0                        
K 0 0 47                        
A D 4 8                        
J B 30 1003 1 82 6913 1152 0                        
J R 9 1163 28 2 1 10000 0                        
K 0 0 46                        
A D 8 8                        
J B 31 1352 1 82 6913 2304 0                        
J R 9 1512 28 2 1 10000 0                        
K 0 0 46                        
A D 8 8                        
J B 32 1701 1 82 6913 2304 0                        
J R 9 1861 28 2 1 10000 0                        
K 0 0 46                        
A D 8 8                        
J B 33 2050 1 82 6913 2304 0                        
E *                        
L 530 0 0 330 330 * 0 14 0                        
J C 4 5 42 2 6913 0 0                        
K 0 0 33                        
K 0 0 34                        
J K 2 57 0 2 6913 0 0                        
K 0 0 63                        
K 15 21 63                        
J D 0 -11 -14 1 6913 0 0                        
W 0 0 0 \02\06                        
J N 7 136 7 5 1 0 0                        
K -18 0 63                        
K 0 0 43                        
K 0 0 60                        
K 0 21 60                        
A D 2 8                        
J N 8 184 0 4 1729 576 0                        
K 0 0 42                        
K 0 0 60                        
K 0 21 60                        
A D 4 8                        
J N 7 292 7 4 5185 1152 0                        
K 0 0 43                        
K 0 0 60                        
K 0 21 60                        
A D 2 8                        
J B 27 340 1 82 6913 576 0                        
J R 7 361 28 2 1 0 0                        
K 0 0 48                        
A D 2 8                        
J N 7 409 14 5 1729 576 0                        
K 0 0 43                        
K 0 70 108                        
K 0 0 60                        
K 0 21 60                        
A D 2 8                        
J N 7 457 21 4 3457 576 0                        
K 0 0 43                        
K 0 0 60                        
K 0 21 60                        
A D 2 8                        
J N 7 505 28 4 5185 576 1 2                        
K 0 0 43                        
K 0 0 60                        
K 0 21 60                        
A D 2 8                        
J B 28 553 1 82 6913 576 0                        
J N 7 580 28 4 1 0 1 2                        
K 0 0 43                        
K 0 0 60                        
K 0 21 60                        
A D 2 8                        
H 2 T 28 0 0 0 0 0 5 0                        
J N 7 628 35 4 1729 576 0                        
K 0 0 43                        
K 0 0 59                        
K 0 -21 59                        
A D 2 8                        
J N 8 688 42 5 3457 576 0                        
K -18 0 63                        
K 0 0 42                        
K 0 0 59                        
K 0 -21 59                        
A D 4 8                        
J B 29 784 1 82 6913 1152 0                        
J N 8 805 49 4 1 0 0                        
K 0 0 42                        
K 0 0 59                        
K 0 -21 59                        
A D 4 8                        
J R 8 871 28 2 3457 1152 0                        
K 0 0 47                        
A D 4 8                        
J B 30 1003 1 82 6913 1152 0                        
J R 9 1163 28 2 1 10000 0                        
K 0 0 46                        
A D 8 8                        
J B 31 1352 1 82 6913 2304 0                        
J R 9 1512 28 2 1 10000 0                        
K 0 0 46                        
A D 8 8                        
J B 32 1701 1 82 6913 2304 0                        
J R 9 1861 28 2 1 10000 0                        
K 0 0 46                        
A D 8 8                        
J B 33 2050 1 82 6913 2304 0                        
E *                        
L 690 0 0 330 330 * 0 14 0                        
J C 4 5 42 2 6913 0 0                        
K 0 0 33                        
K 0 0 34                        
J K 2 57 0 2 6913 0 0                        
K 0 0 63                        
K 15 21 63                        
J D 0 -11 -14 1 6913 0 0                        
W 0 0 0 \02\06                        
J N 7 136 28 4 1 0 1 3                        
K 0 0 43                        
K 0 0 60                        
K 0 21 60                        
A D 2 8                        
J M 0 84 0 0 6913 0 1 3                        
H 3 T 28 0 0 0 0 0 5 0                        
J N 7 184 35 4 1729 576 0                        
K 0 0 43                        
K 0 0 59                        
K 0 -21 59                        
A D 2 8                        
J N 7 244 42 5 3457 576 0                        
K -18 0 63                        
K 0 0 43                        
K 0 0 59                        
K 0 -21 59                        
A D 2 8                        
J N 7 292 21 4 5185 576 0                        
K 0 0 43                        
K 0 0 60                        
K 0 21 60                        
A D 2 8                        
J B 27 340 1 82 6913 576 0                        
J R 7 361 28 2 1 0 0                        
K 0 0 48                        
A D 2 8                        
J N 7 409 35 5 1729 576 0                        
K 0 0 43                        
K 0 44 108                        
K 0 0 59                        
K 0 -21 59                        
A D 2 8                        
J N 7 457 42 5 3457 576 0                        
K -18 0 63                        
K 0 0 43                        
K 0 0 59                        
K 0 -21 59                        
A D 2 8                        
J N 7 505 49 4 5185 576 0                        
K 0 0 43                        
K 0 0 59                        
K 0 -21 59                        
A D 2 8                        
J B 28 553 1 82 6913 576 0                        
J N 7 580 56 5 1 0 0                        
K -18 0 63                        
K 0 0 43                        
K 0 0 59                        
K 0 -21 59                        
A D 2 8                        
J N 8 628 49 4 1729 576 0                        
K 0 0 42                        
K 0 0 59                        
K 0 -21 59                        
A D 4 8                        
J N 7 736 56 4 5185 1152 0                        
K 0 0 43                        
K 0 0 59                        
K 0 -21 59                        
A D 2 8                        
J B 29 784 1 82 6913 576 0                        
J N 8 805 49 4 1 0 0                        
K 0 0 42                        
K 0 0 59                        
K 0 -21 59                        
A D 4 8                        
J R 8 871 28 2 3457 1152 0                        
K 0 0 47                        
A D 4 8                        
J B 30 1003 1 82 6913 1152 0                        
J R 9 1163 28 2 1 10000 0                        
K 0 0 46                        
A D 8 8                        
J B 31 1352 1 82 6913 2304 0                        
J R 9 1512 28 2 1 10000 0                        
K 0 0 46                        
A D 8 8                        
J B 32 1701 1 82 6913 2304 0                        
J R 9 1861 28 2 1 10000 0                        
K 0 0 46                        
A D 8 8                        
J B 33 2050 1 82 6913 2304 0                        
E *                        
L 850 0 0 330 330 * 0 14 0                        
J C 13 5 28 35 6913 0 0                        
J K 2 57 0 2 6913 0 0                        
K 0 7 63                        
K 15 28 63                        
J D 0 -11 -14 1 6913 0 0                        
W 0 0 0 \02\06                        
J N 7 136 0 5 1 0 0                        
K -18 0 63                        
K 0 0 43                        
K 0 0 60                        
K 0 21 60                        
A D 2 8                        
J N 6 184 -7 2 1729 576 1 3                        
K 0 0 43                        
A D 1 8                        
J N 6 214 -14 5 2593 288 1 3                        
K 0 0 45                        
K 0 0 43                        
K -1 0 45                        
K 2 0 45                        
A D 1 8                        
H 3 B -42 -4 108 2 2 3                        
J N 8 244 -21 7 3457 288 0                        
K 0 7 45                        
K 0 0 42                        
K 0 7 45                        
K 1 7 45                        
K 0 0 60                        
K 0 21 60                        
A D 4 8                        
J B 27 340 1 82 6913 1152 0                        
J R 7 361 28 2 1 0 0                        
K 0 0 48                        
A D 2 8                        
J N 7 409 7 5 1729 576 0                        
K 0 0 43                        
K 0 74 108                        
K 0 0 60                        
K 0 21 60                        
A D 2 8                        
J N 7 457 -21 7 3457 576 0                        
K 0 7 45                        
K 0 0 43                        
K 0 7 45                        
K 1 7 45                        
K 0 0 60                        
K 0 21 60                        
A D 2 8                        
J N 7 505 7 4 5185 576 0                        
K 0 0 43                        
K 0 0 60                        
K 0 21 60                        
A D 2 8                        
J B 28 553 1 82 6913 576 0                        
J N 7 580 0 5 1 0 0                        
K -18 0 63                        
K 0 0 43                        
K 0 0 60                        
K 0 21 60                        
A D 2 8                        
J N 6 628 -7 2 1729 576 1 4                        
K 0 0 43                        
A D 1 8                        
J N 6 658 -14 5 2593 288 1 4                        
K 0 0 45                        
K 0 0 43                        
K -1 0 45                        
K 2 0 45                        
A D 1 8                        
H 4 B -42 -4 108 2 2 3                        
J N 7 688 -21 7 3457 288 0                        
K 0 7 45                        
K 0 0 43                        
K 0 7 45                        
K 1 7 45                        
K 0 0 60                        
K 0 21 60                        
A D 2 8                        
J N 7 736 28 4 5185 576 0                        
K 0 0 43                        
K 0 0 60                        
K 0 21 60                        
A D 2 8                        
J B 29 784 1 82 6913 576 0                        
J N 8 805 28 4 1 0 0                        
K 0 0 42                        
K 0 0 60                        
K 0 21 60                        
A D 4 8                        
J R 8 871 28 2 3457 1152 0                        
K 0 0 47                        
A D 4 8                        
J B 30 1003 1 82 6913 1152 0                        
J R 9 1163 28 2 1 10000 0                        
K 0 0 46                        
A D 8 8                        
J B 31 1352 1 82 6913 2304 0                        
J R 9 1512 28 2 1 10000 0                        
K 0 0 46                        
A D 8 8                        
J B 32 1701 1 82 6913 2304 0                        
J R 9 1861 28 2 1 10000 0                        
K 0 0 46                        
A D 8 8                        
J B 33 2050 1 82 6913 2304 0                        
E *                        
L 1010 0 0 330 330 * 0 14 0                        
J C 22 5 14 36 6913 0 0                        
J K 2 57 0 2 6913 0 0                        
K 0 14 63                        
K 15 35 63                        
J D 0 -11 -14 1 6913 0 0                        
W 0 0 0 \02\06                        
J F 0 136 98 2 1 0 0                        
K 0 0 206                        
K 0 21 213                        
J N 7 136 35 4 1 0 0                        
K 0 0 43                        
K 0 0 59                        
K 0 -21 59                        
A D 2 8                        
J N 7 184 14 4 1729 576 0                        
K 0 0 43                        
K 0 0 60                        
K 0 21 60                        
A D 2 8                        
J F 0 244 98 1 3457 576 0                        
K 0 0 203                        
J N 7 244 -14 7 3457 0 0                        
K 0 0 45                        
K 0 0 43                        
K -1 0 45                        
K 2 0 45                        
K 0 0 60                        
K 0 21 60                        
A D 2 8                        
J F 0 292 98 1 5185 576 0                        
K 0 0 213                        
J N 7 292 35 4 5185 0 0                        
K 0 0 43                        
K 0 0 59                        
K 0 -21 59                        
A D 2 8                        
J B 27 340 1 82 6913 576 0                        
J R 7 361 28 2 1 0 0                        
K 0 0 48                        
A D 2 8                        
J F 0 409 114 1 1729 576 0                        
K 0 0 205                        
J N 7 409 14 5 1729 0 0                        
K 0 0 43                        
K 0 70 108                        
K 0 0 60                        
K 0 21 60                        
A D 2 8                        
J F 0 457 98 2 3457 576 0                        
K 0 0 205                        
K 0 21 213                        
J N 7 457 21 4 3457 0 0                        
K 0 0 43                        
K 0 0 60                        
K 0 21 60                        
A D 2 8                        
J F 0 505 98 1 5185 576 0                        
K 0 0 205                        
J N 7 505 28 4 5185 0 0                        
K 0 0 43                        
K 0 0 60                        
K 0 21 60                        
A D 2 8                        
J B 28 553 1 82 6913 576 0                        
J F 0 580 98 2 1 0 0                        
K 0 0 206                        
K 0 21 213                        
J N 7 580 35 4 1 0 0                        
K 0 0 43                        
K 0 0 59                        
K 0 -21 59                        
A D 2 8                        
J N 7 628 63 4 1729 576 0                        
K 0 0 43                        
K 0 0 59                        
K 0 -21 59                        
A D 2 8                        
J F 0 688 98 1 3457 576 0                        
K 0 0 203                        
J N 8 688 35 4 3457 0 0                        
K 0 0 42                        
K 0 0 59                        
K 0 -21 59                        
A D 4 8                        
J F 0 736 98 1 5185 576 0                        
K 0 0 213                        
J B 29 784 1 82 6913 576 0                        
J N 8 805 63 4 1 0 0                        
K 0 0 42                        
K 0 0 59                        
K 0 -21 59                        
A D 4 8                        
J R 8 871 28 2 3457 1152 0                        
K 0 0 47                        
A D 4 8                        
J B 30 1003 1 82 6913 1152 0                        
J R 9 1163 28 2 1 10000 0                        
K 0 0 46                        
A D 8 8                        
J B 31 1352 1 82 6913 2304 0                        
J R 9 1512 28 2 1 10000 0                        
K 0 0 46                        
A D 8 8                        
J B 32 1701 1 82 6913 2304 0                        
J R 9 1861 28 2 1 10000 0                        
K 0 0 46                        
A D 8 8                        
J B 33 2050 1 82 6913 2304 0                        
E *                        
B 1 340 0                        
B 1 553 0                        
B 1 784 0                        
B 1 1003 0                        
B 1 1352 0                        
B 1 1701 0                        
B 1 2050 0                        
S 0 200 1510 2050 1066 7 "[...][....]"                        
L 0 0 0 330 330 * 0 14 0                        
J C 4 5 42 2 6913 0 0                        
K 0 0 33                        
K 0 0 34                        
J K 2 57 0 2 6913 0 0                        
K 0 0 63                        
K 15 21 63                        
J D 0 -11 -14 1 6913 0 0                        
W 0 0 37 \03\03                        
J N 6 130 0 2 1 0 1 70                        
K 0 0 43                        
A D 2 24                        
J N 6 157 14 2 577 192 1 70                        
K 0 0 43                        
A D 2 24                        
J N 6 184 0 2 1153 192 1 70                        
K 0 0 43                        
A D 2 24                        
H 70 B -60 0 108 3 2 1 3                        
J N 6 211 7 2 1729 192 1 71                        
K 0 0 43                        
A D 2 24                        
J N 6 238 21 2 2305 192 1 71                        
K 0 0 43                        
A D 2 24                        
J N 6 265 7 2 2881 192 1 71                        
K 0 0 43                        
A D 2 24                        
H 71 B -56 0 108 3 2 1 3                        
J N 6 292 0 2 3457 192 1 72                        
K 0 0 43                        
A D 2 24                        
J N 6 319 14 2 4033 192 1 72                        
K 0 0 43                        
A D 2 24                        
J N 6 346 0 2 4609 192 1 72                        
K 0 0 43                        
A D 2 24                        
H 72 B -60 0 108 3 2 1 3                        
J N 6 373 7 2 5185 192 1 73                        
K 0 0 43                        
A D 2 24                        
J N 6 400 21 2 5761 192 1 73                        
K 0 0 43                        
A D 2 24                        
J N 6 427 7 2 6337 192 1 73                        
K 0 0 43                        
A D 2 24                        
H 73 B -56 0 108 3 2 1 3                        
J B 34 458 1 82 6913 192 0                        
J N 6 479 0 2 1 0 1 74                        
K 0 0 43                        
A D 2 24                        
J N 6 506 14 2 577 192 1 74                        
K 0 0 43                        
A D 2 24                        
J N 6 533 0 2 1153 192 1 74                        
K 0 0 43                        
A D 2 24                        
H 74 B -60 0 108 3 2 1 3                        
J N 6 577 -7 3 1729 192 1 75                        
K -18 0 63                        
K 0 0 43                        
A D 2 24                        
J N 6 604 28 2 2305 192 1 75                        
K 0 0 43                        
A D 2 24                        
J N 6 631 -7 2 2881 192 1 75                        
K 0 0 43                        
A D 2 24                        
H 75 B -77 0 108 3 2 1 3                        
J D 0 658 0 1 3457 192 0                        
W 42 -42 33 !31|Tutti                        
J N 7 658 -14 7 3457 0 0                        
K 0 0 45                        
K 0 0 43                        
K -1 0 45                        
K 2 0 45                        
K 0 0 60                        
K 0 21 60                        
A D 6 24                        
J N 7 705 -14 7 5185 576 1 76                        
K 0 0 45                        
K 0 0 43                        
K -1 0 45                        
K 2 0 45                        
K 0 0 60                        
K 0 21 60                        
A D 6 24                        
J B 35 752 1 82 6913 576 0                        
J N 7 773 -14 7 1 0 1 76                        
K 0 0 45                        
K 0 0 43                        
K -1 0 45                        
K 2 0 45                        
K 0 0 60                        
K 0 21 60                        
A D 6 24                        
H 76 T -14 0 0 0 0 0 5 0                        
J N 8 820 -7 4 1729 576 0                        
K 0 0 42                        
K 0 0 60                        
K 0 21 60                        
A D 12 24                        
J N 7 914 0 4 5185 1152 1 77                        
K 0 0 43                        
K 0 0 60                        
K 0 21 60                        
A D 6 24                        
J B 36 961 1 82 6913 576 0                        
J N 7 982 0 4 1 0 1 77                        
K 0 0 43                        
K 0 0 60                        
K 0 21 60                        
A D 6 24                        
H 77 T 0 0 0 0 0 0 5 0                        
J N 7 1029 7 4 1729 576 0                        
K 0 0 43                        
K 0 0 60                        
K 0 21 60                        
A D 6 24                        
J N 7 1076 35 4 3457 576 0                        
K 0 0 43                        
K 0 0 59                        
K 0 -21 59                        
A D 6 24                        
J N 7 1123 14 4 5185 576 1 78                        
K 0 0 43                        
K 0 0 60                        
K 0 21 60                        
A D 6 24                        
J B 37 1195 1 82 6913 576 0                        
J N 7 1216 14 4 1 0 1 78                        
K 0 0 43                        
K 0 0 60                        
K 0 21 60                        
A D 6 24                        
H 78 T 14 0 0 0 0 0 5 0                        
J N 7 1263 21 4 1729 576 0                        
K 0 0 43                        
K 0 0 60                        
K 0 21 60                        
A D 6 24                        
J N 7 1335 14 4 3457 576 0                        
K 0 0 43                        
K 0 0 60                        
K 0 21 60                        
A D 6 24                        
J N 7 1382 0 4 5185 576 0                        
K 0 0 43                        
K 0 0 60                        
K 0 21 60                        
A D 6 24                        
J B 38 1429 1 82 6913 576 0                        
J N 7 1450 7 4 1 0 0                        
K 0 0 43                        
K 0 0 60                        
K 0 21 60                        
A D 6 24                        
J N 7 1497 -14 7 1729 576 0                        
K 0 0 45                        
K 0 0 43                        
K -1 0 45                        
K 2 0 45                        
K 0 0 60                        
K 0 21 60                        
A D 6 24                        
J R 7 1544 28 2 3457 576 0                        
K 0 0 48                        
A D 6 24                        
J N 7 1591 -7 4 5185 576 0                        
K 0 0 43                        
K 0 0 60                        
K 0 21 60                        
A D 6 24                        
J B 39 1638 1 82 6913 576 0                        
J N 7 1659 0 4 1 0 0                        
K 0 0 43                        
K 0 0 60                        
K 0 21 60                        
A D 6 24                        
J N 7 1706 -21 7 1729 576 0                        
K 0 7 45                        
K 0 0 43                        
K 0 7 45                        
K 1 7 45                        
K 0 0 60                        
K 0 21 60                        
A D 6 24                        
J R 7 1753 28 2 3457 576 0                        
K 0 0 48                        
A D 6 24                        
J N 7 1799 -14 7 5185 576 0                        
K 0 0 45                        
K 0 0 43                        
K -1 0 45                        
K 2 0 45                        
K 0 0 60                        
K 0 21 60                        
A D 6 24                        
J B 40 1845 1 82 6913 576 0                        
J N 8 1866 -7 4 1 0 0                        
K 0 0 42                        
K 0 0 60                        
K 0 21 60                        
A D 12 24                        
J N 8 1958 0 4 3457 1152 0                        
K 0 0 42                        
K 0 0 60                        
K 0 21 60                        
A D 12 24                        
J B 41 2050 1 82 6913 1152 0                        
E *                        
L 160 0 0 330 330 * 0 14 0                        
J C 4 5 42 2 6913 0 0                        
K 0 0 33                        
K 0 0 34                        
J K 2 57 0 2 6913 0 0                        
K 0 0 63                        
K 15 21 63                        
J D 0 -11 -14 1 6913 0 0                        
W 0 0 0 \03\03                        
J N 6 130 14 2 1 0 1 53                        
K 0 0 43                        
A D 2 24                        
J N 6 157 35 2 577 192 1 53                        
K 0 0 43                        
A D 2 24                        
J N 6 184 14 2 1153 192 1 53                        
K 0 0 43                        
A D 2 24                        
H 53 B -63 0 108 3 2 1 3                        
J N 6 211 21 2 1729 192 1 54                        
K 0 0 43                        
A D 2 24                        
J N 6 238 35 2 2305 192 1 54                        
K 0 0 43                        
A D 2 24                        
J N 6 265 21 2 2881 192 1 54                        
K 0 0 43                        
A D 2 24                        
H 54 B -56 0 108 3 2 1 3                        
J N 6 292 14 2 3457 192 1 55                        
K 0 0 43                        
A D 2 24                        
J N 6 319 35 2 4033 192 1 55                        
K 0 0 43                        
A D 2 24                        
J N 6 346 14 2 4609 192 1 55                        
K 0 0 43                        
A D 2 24                        
H 55 B -63 0 108 3 2 1 3                        
J N 6 373 21 2 5185 192 1 56                        
K 0 0 43                        
A D 2 24                        
J N 6 400 35 2 5761 192 1 56                        
K 0 0 43                        
A D 2 24                        
J N 6 427 21 2 6337 192 1 56                        
K 0 0 43                        
A D 2 24                        
H 56 B -56 0 108 3 2 1 3                        
J B 34 458 1 82 6913 192 0                        
J N 7 479 14 4 1 0 0                        
K 0 0 43                        
K 0 0 60                        
K 0 21 60                        
A D 6 24                        
J N 7 577 28 4 1729 576 0                        
K 0 0 43                        
K 0 0 60                        
K 0 21 60                        
A D 6 24                        
J N 7 658 35 4 3457 576 0                        
K 0 0 43                        
K 0 0 59                        
K 0 -21 59                        
A D 6 24                        
J R 7 705 28 2 5185 576 0                        
K 0 0 48                        
A D 6 24                        
J B 35 752 1 82 6913 576 0                        
J N 8 773 14 4 1 0 0                        
K 0 0 42                        
K 0 0 60                        
K 0 21 60                        
A D 12 24                        
J N 8 867 21 4 3457 1152 0                        
K 0 0 42                        
K 0 0 60                        
K 0 21 60                        
A D 12 24                        
J B 36 961 1 82 6913 1152 0                        
J N 8 982 28 4 1 0 0                        
K 0 0 42                        
K 0 0 60                        
K 0 21 60                        
A D 12 24                        
J N 7 1076 21 4 3457 1152 0                        
K 0 0 43                        
K 0 0 60                        
K 0 21 60                        
A D 6 24                        
J N 6 1123 35 2 5185 576 1 57                        
K 0 0 43                        
A D 3 24                        
J N 6 1159 28 2 6049 288 1 57                        
K 0 0 43                        
A D 3 24                        
H 57 B 50 -3 108 2 2 3                        
J B 37 1195 1 82 6913 288 0                        
J N 7 1216 56 5 1 0 0                        
K 0 0 43                        
K 24 -6 44                        
K 0 0 59                        
K 0 -21 59                        
A D 9 24                        
J N 6 1299 35 3 2593 864 0                        
K 0 0 43                        
K 0 0 53                        
A D 3 24                        
J N 7 1335 49 4 3457 288 0                        
K 0 0 43                        
K 0 0 59                        
K 0 -21 59                        
A D 6 24                        
J N 7 1382 14 4 5185 576 0                        
K 0 0 43                        
K 0 0 60                        
K 0 21 60                        
A D 6 24                        
J B 38 1429 1 82 6913 576 0                        
J N 7 1450 14 4 1 0 1 58                        
K 0 0 43                        
K 0 0 60                        
K 0 21 60                        
A D 6 24                        
J N 7 1497 21 4 1729 576 1 58                        
K 0 0 43                        
K 0 0 60                        
K 0 21 60                        
A D 6 24                        
H 58 S 0 0 0 0 0 0 0 0 0                        
J R 7 1544 28 2 3457 576 0                        
K 0 0 48                        
A D 6 24                        
J N 7 1591 7 4 5185 576 0                        
K 0 0 43                        
K 0 0 60                        
K 0 21 60                        
A D 6 24                        
J B 39 1638 1 82 6913 576 0                        
J N 7 1659 7 4 1 0 1 59                        
K 0 0 43                        
K 0 0 60                        
K 0 21 60                        
A D 6 24                        
J N 7 1706 14 4 1729 576 1 59                        
K 0 0 43                        
K 0 0 60                        
K 0 21 60                        
A D 6 24                        
H 59 S 0 0 0 0 0 0 0 0 0                        
J R 7 1753 28 2 3457 576 0                        
K 0 0 48                        
A D 6 24                        
J N 7 1799 0 4 5185 576 1 60                        
K 0 0 43                        
K 0 0 60                        
K 0 21 60                        
A D 6 24                        
J B 40 1845 1 82 6913 576 0                        
J N 7 1866 0 4 1 0 1 60                        
K 0 0 43                        
K 0 0 60                        
K 0 21 60                        
A D 6 24                        
H 60 T 0 0 0 0 0 0 5 0                        
J N 8 1912 7 4 1729 576 0                        
K 0 0 42                        
K 0 0 60                        
K 0 21 60                        
A D 12 24                        
J N 7 2004 14 4 5185 1152 1 61                        
K 0 0 43                        
K 0 0 60                        
K 0 21 60                        
A D 6 24                        
J B 41 2050 1 82 6913 576 0                        
J M 0 2050 0 0 6913 0 1 61                        
H 61 T 14 0 0 0 0 0 5 0                        
E *                        
L 320 0 0 330 330 * 0 14 0                        
J C 22 5 14 36 6913 0 0                        
J K 2 57 0 2 6913 0 0                        
K 0 14 63                        
K 15 35 63                        
J D 0 -11 -14 1 6913 0 0                        
W 0 0 0 \03\03                        
J R 9 269 28 2 1 10000 0                        
K 0 0 46                        
A D 8 8                        
J B 34 458 1 82 6913 2304 0                        
J R 8 479 28 2 1 0 0                        
K 0 0 47                        
A D 4 8                        
J R 7 658 28 2 3457 1152 0                        
K 0 0 48                        
A D 2 8                        
J N 7 705 14 4 5185 576 0                        
K 0 0 43                        
K 0 0 60                        
K 0 21 60                        
A D 2 8                        
J B 35 752 1 82 6913 576 0                        
J F 0 773 98 1 1 0 0                        
K 0 0 206                        
J N 7 773 -7 4 1 0 0                        
K 0 0 43                        
K 0 0 60                        
K 0 21 60                        
A D 2 8                        
J F 0 820 98 1 1729 576 0                        
K 0 0 206                        
J N 7 820 21 4 1729 0 0                        
K 0 0 43                        
K 0 0 60                        
K 0 21 60                        
A D 2 8                        
J F 0 867 98 1 3457 576 0                        
K 0 0 206                        
J N 7 867 0 4 3457 0 0                        
K 0 0 43                        
K 0 0 60                        
K 0 21 60                        
A D 2 8                        
J F 0 914 98 1 5185 576 0                        
K 0 0 206                        
J N 7 914 28 4 5185 0 0                        
K 0 0 43                        
K 0 0 60                        
K 0 21 60                        
A D 2 8                        
J B 36 961 1 82 6913 576 0                        
J F 0 982 98 1 1 0 0                        
K 0 0 206                        
J N 7 982 56 4 1 0 0                        
K 0 0 43                        
K 0 0 59                        
K 0 -21 59                        
A D 2 8                        
J F 0 1029 98 1 1729 576 0                        
K 0 0 205                        
J N 8 1029 7 4 1729 0 0                        
K 0 0 42                        
K 0 0 60                        
K 0 21 60                        
A D 4 8                        
J F 0 1076 98 2 3457 576 0                        
K 0 0 203                        
K 0 21 201                        
J F 0 1123 98 1 5185 576 0                        
K 0 0 205                        
J N 6 1123 14 2 5185 0 1 3                        
K 0 0 43                        
A D 1 8                        
J N 6 1159 7 2 6049 288 1 3                        
K 0 0 43                        
A D 1 8                        
H 3 B -46 -3 108 2 2 3                        
J B 37 1195 1 82 6913 288 0                        
J F 0 1216 98 1 1 0 0                        
K 0 0 203                        
J N 7 1216 0 4 1 0 0                        
K 0 0 43                        
K 0 0 60                        
K 0 21 60                        
A D 2 8                        
J F 0 1263 98 1 1729 576 0                        
K 0 0 202                        
J N 7 1263 49 4 1729 0 0                        
K 0 0 43                        
K 0 0 59                        
K 0 -21 59                        
A D 2 8                        
J R 7 1335 28 2 3457 576 0                        
K 0 0 48                        
A D 2 8                        
J N 7 1382 28 4 5185 576 0                        
K 0 0 43                        
K 0 0 60                        
K 0 21 60                        
A D 2 8                        
J B 38 1429 1 82 6913 576 0                        
J F 0 1450 98 1 1 0 0                        
K 0 0 203                        
J N 7 1450 0 4 1 0 0                        
K 0 0 43                        
K 0 0 60                        
K 0 21 60                        
A D 2 8                        
J F 0 1497 98 1 1729 576 0                        
K 0 0 202                        
J N 7 1497 49 4 1729 0 0                        
K 0 0 43                        
K 0 0 59                        
K 0 -21 59                        
A D 2 8                        
J F 0 1544 98 1 3457 576 0                        
K 0 0 203                        
J N 7 1544 70 7 3457 0 0                        
K 1 0 45                        
K 0 0 43                        
K -1 0 45                        
K 2 0 45                        
K 0 0 59                        
K 0 -21 59                        
A D 2 8                        
J F 0 1591 98 1 5185 576 0                        
K 0 0 202                        
J N 7 1591 21 4 5185 0 0                        
K 0 0 43                        
K 0 0 60                        
K 0 21 60                        
A D 2 8                        
J B 39 1638 1 82 6913 576 0                        
J F 0 1659 98 1 1 0 0                        
K 0 0 203                        
J N 7 1659 -7 4 1 0 0                        
K 0 0 43                        
K 0 0 60                        
K 0 21 60                        
A D 2 8                        
J F 0 1706 98 1 1729 576 0                        
K 0 0 202                        
J N 7 1706 42 4 1729 0 0                        
K 0 0 43                        
K 0 0 59                        
K 0 -21 59                        
A D 2 8                        
J F 0 1753 98 1 3457 576 0                        
K 0 0 203                        
J N 7 1753 63 4 3457 0 0                        
K 0 0 43                        
K 0 0 59                        
K 0 -21 59                        
A D 2 8                        
J F 0 1799 98 1 5185 576 0                        
K 0 0 202                        
J N 7 1799 14 4 5185 0 0                        
K 0 0 43                        
K 0 0 60                        
K 0 21 60                        
A D 2 8                        
J B 40 1845 1 82 6913 576 0                        
J F 0 1866 98 2 1 0 0                        
K 0 0 205                        
K 0 21 204                        
J N 7 1866 -7 4 1 0 0                        
K 0 0 43                        
K 0 0 60                        
K 0 21 60                        
A D 2 8                        
J F 0 1912 98 2 1729 576 0                        
K 0 0 205                        
K 0 21 204                        
J N 7 1912 -14 7 1729 0 0                        
K 0 0 45                        
K 0 0 43                        
K -1 0 45                        
K 2 0 45                        
K 0 0 60                        
K 0 21 60                        
A D 2 8                        
J F 0 1958 98 1 3457 576 0                        
K 0 0 208                        
J N 7 1958 -21 7 3457 0 0                        
K 0 7 45                        
K 0 0 43                        
K 0 7 45                        
K 1 7 45                        
K 0 0 60                        
K 0 21 60                        
A D 2 8                        
J F 0 2004 98 1 5185 576 0                        
K 0 0 207                        
J N 7 2004 28 4 5185 0 0                        
K 0 0 43                        
K 0 0 60                        
K 0 21 60                        
A D 2 8                        
J B 41 2050 1 82 6913 576 0                        
E *                        
L 530 0 0 330 330 * 0 14 0                        
J C 4 5 42 2 6913 0 0                        
K 0 0 33                        
K 0 0 34                        
J K 2 57 0 2 6913 0 0                        
K 0 0 63                        
K 15 21 63                        
J D 0 -11 -14 1 6913 0 0                        
W 0 0 0 \03\03                        
J R 9 269 28 2 1 10000 0                        
K 0 0 46                        
A D 8 8                        
J B 34 458 1 82 6913 2304 0                        
J R 8 479 28 2 1 0 0                        
K 0 0 47                        
A D 4 8                        
J R 7 658 28 2 3457 1152 0                        
K 0 0 48                        
A D 2 8                        
J N 7 705 -14 7 5185 576 1 3                        
K 0 0 45                        
K 0 0 43                        
K -1 0 45                        
K 2 0 45                        
K 0 0 60                        
K 0 21 60                        
A D 2 8                        
J B 35 752 1 82 6913 576 0                        
J N 7 773 -14 7 1 0 1 3                        
K 0 0 45                        
K 0 0 43                        
K -1 0 45                        
K 2 0 45                        
K 0 0 60                        
K 0 21 60                        
A D 2 8                        
H 3 T -14 0 0 0 0 0 5 0                        
J N 8 820 -7 4 1729 576 0                        
K 0 0 42                        
K 0 0 60                        
K 0 21 60                        
A D 4 8                        
J N 7 914 0 4 5185 1152 1 4                        
K 0 0 43                        
K 0 0 60                        
K 0 21 60                        
A D 2 8                        
J B 36 961 1 82 6913 576 0                        
J N 7 982 0 4 1 0 1 4                        
K 0 0 43                        
K 0 0 60                        
K 0 21 60                        
A D 2 8                        
H 4 T 0 0 0 0 0 0 5 0                        
J N 7 1029 7 4 1729 576 0                        
K 0 0 43                        
K 0 0 60                        
K 0 21 60                        
A D 2 8                        
J N 7 1076 35 4 3457 576 0                        
K 0 0 43                        
K 0 0 59                        
K 0 -21 59                        
A D 2 8                        
J N 7 1123 14 4 5185 576 1 5                        
K 0 0 43                        
K 0 0 60                        
K 0 21 60                        
A D 2 8                        
J B 37 1195 1 82 6913 576 0                        
J N 7 1216 14 4 1 0 1 5                        
K 0 0 43                        
K 0 0 60                        
K 0 21 60                        
A D 2 8                        
H 5 T 14 0 0 0 0 0 5 0                        
J N 7 1263 21 4 1729 576 0                        
K 0 0 43                        
K 0 0 60                        
K 0 21 60                        
A D 2 8                        
J N 7 1335 14 4 3457 576 0                        
K 0 0 43                        
K 0 0 60                        
K 0 21 60                        
A D 2 8                        
J R 7 1382 28 2 5185 576 0                        
K 0 0 48                        
A D 2 8                        
J B 38 1429 1 82 6913 576 0                        
J R 7 1450 28 2 1 0 0                        
K 0 0 48                        
A D 2 8                        
J N 7 1497 -14 7 1729 576 0                        
K 0 0 45                        
K 0 0 43                        
K -1 0 45                        
K 2 0 45                        
K 0 0 60                        
K 0 21 60                        
A D 2 8                        
J N 7 1544 -14 7 3457 576 1 6                        
K 0 0 45                        
K 0 0 43                        
K -1 0 45                        
K 2 0 45                        
K 0 0 60                        
K 0 21 60                        
A D 2 8                        
J N 7 1591 -7 4 5185 576 1 6                        
K 0 0 43                        
K 0 0 60                        
K 0 21 60                        
A D 2 8                        
H 6 S 0 0 0 0 0 0 0 0 0                        
J B 39 1638 1 82 6913 576 0                        
J R 7 1659 28 2 1 0 0                        
K 0 0 48                        
A D 2 8                        
J N 7 1706 -21 7 1729 576 0                        
K 0 7 45                        
K 0 0 43                        
K 0 7 45                        
K 1 7 45                        
K 0 0 60                        
K 0 21 60                        
A D 2 8                        
J N 7 1753 -21 7 3457 576 1 7                        
K 0 7 45                        
K 0 0 43                        
K 0 7 45                        
K 1 7 45                        
K 0 0 60                        
K 0 21 60                        
A D 2 8                        
J N 7 1799 -14 7 5185 576 1 7                        
K 0 0 45                        
K 0 0 43                        
K -1 0 45                        
K 2 0 45                        
K 0 0 60                        
K 0 21 60                        
A D 2 8                        
H 7 S 0 0 0 0 0 0 0 0 0                        
J B 40 1845 1 82 6913 576 0                        
J R 7 1866 28 2 1 0 0                        
K 0 0 48                        
A D 2 8                        
J N 7 1912 -7 4 1729 576 0                        
K 0 0 43                        
K 0 0 60                        
K 0 21 60                        
A D 2 8                        
J N 8 1958 0 4 3457 576 0                        
K 0 0 42                        
K 0 0 60                        
K 0 21 60                        
A D 4 8                        
J B 41 2050 1 82 6913 1152 0                        
E *                        
L 690 0 0 330 330 * 0 14 0                        
J C 4 5 42 2 6913 0 0                        
K 0 0 33                        
K 0 0 34                        
J K 2 57 0 2 6913 0 0                        
K 0 0 63                        
K 15 21 63                        
J D 0 -11 -14 1 6913 0 0                        
W 0 0 0 \03\03                        
J R 9 269 28 2 1 10000 0                        
K 0 0 46                        
A D 8 8                        
J B 34 458 1 82 6913 2304 0                        
J R 9 591 28 2 1 10000 0                        
K 0 0 46                        
A D 8 8                        
J B 35 752 1 82 6913 2304 0                        
J N 8 773 14 4 1 0 0                        
K 0 0 42                        
K 0 0 60                        
K 0 21 60                        
A D 4 8                        
J N 8 867 21 4 3457 1152 0                        
K 0 0 42                        
K 0 0 60                        
K 0 21 60                        
A D 4 8                        
J B 36 961 1 82 6913 1152 0                        
J N 8 982 28 4 1 0 0                        
K 0 0 42                        
K 0 0 60                        
K 0 21 60                        
A D 4 8                        
J N 7 1076 21 4 3457 1152 0                        
K 0 0 43                        
K 0 0 60                        
K 0 21 60                        
A D 2 8                        
J N 6 1123 35 2 5185 576 1 4                        
K 0 0 43                        
A D 1 8                        
J N 6 1159 28 2 6049 288 1 4                        
K 0 0 43                        
A D 1 8                        
H 4 B 50 -3 108 2 2 3                        
J B 37 1195 1 82 6913 288 0                        
J N 7 1216 56 5 1 0 0                        
K 0 0 43                        
K 24 -6 44                        
K 0 0 59                        
K 0 -21 59                        
A D 3 8                        
J N 6 1299 35 3 2593 864 0                        
K 0 0 43                        
K 0 0 53                        
A D 1 8                        
J N 7 1335 49 4 3457 288 0                        
K 0 0 43                        
K 0 0 59                        
K 0 -21 59                        
A D 2 8                        
J R 7 1382 28 2 5185 576 0                        
K 0 0 48                        
A D 2 8                        
J B 38 1429 1 82 6913 576 0                        
J R 7 1450 28 2 1 0 0                        
K 0 0 48                        
A D 2 8                        
J N 7 1497 21 4 1729 576 0                        
K 0 0 43                        
K 0 0 60                        
K 0 21 60                        
A D 2 8                        
J N 7 1544 28 4 3457 576 0                        
K 0 0 43                        
K 0 0 60                        
K 0 21 60                        
A D 2 8                        
J N 7 1591 7 4 5185 576 0                        
K 0 0 43                        
K 0 0 60                        
K 0 21 60                        
A D 2 8                        
J B 39 1638 1 82 6913 576 0                        
J R 7 1659 28 2 1 0 0                        
K 0 0 48                        
A D 2 8                        
J N 7 1706 14 4 1729 576 0                        
K 0 0 43                        
K 0 0 60                        
K 0 21 60                        
A D 2 8                        
J N 7 1753 21 4 3457 576 0                        
K 0 0 43                        
K 0 0 60                        
K 0 21 60                        
A D 2 8                        
J N 7 1799 0 4 5185 576 0                        
K 0 0 43                        
K 0 0 60                        
K 0 21 60                        
A D 2 8                        
J B 40 1845 1 82 6913 576 0                        
J R 7 1866 28 2 1 0 0                        
K 0 0 48                        
A D 2 8                        
J N 8 1912 7 4 1729 576 0                        
K 0 0 42                        
K 0 0 60                        
K 0 21 60                        
A D 4 8                        
J N 7 2004 14 4 5185 1152 1 5                        
K 0 0 43                        
K 0 0 60                        
K 0 21 60                        
A D 2 8                        
J B 41 2050 1 82 6913 576 0                        
J M 0 2050 0 0 6913 0 1 5                        
H 5 T 14 0 0 0 0 0 5 0                        
E *                        
L 850 0 0 330 330 * 0 14 0                        
J C 13 5 28 35 6913 0 0                        
J K 2 57 0 2 6913 0 0                        
K 0 7 63                        
K 15 28 63                        
J D 0 -11 -14 1 6913 0 0                        
W 0 0 0 \03\03                        
J R 9 269 28 2 1 10000 0                        
K 0 0 46                        
A D 8 8                        
J B 34 458 1 82 6913 2304 0                        
J R 8 479 28 2 1 0 0                        
K 0 0 47                        
A D 4 8                        
J R 7 658 28 2 3457 1152 0                        
K 0 0 48                        
A D 2 8                        
J N 7 705 7 4 5185 576 1 5                        
K 0 0 43                        
K 0 0 60                        
K 0 21 60                        
A D 2 8                        
J B 35 752 1 82 6913 576 0                        
J N 7 773 7 4 1 0 1 5                        
K 0 0 43                        
K 0 0 60                        
K 0 21 60                        
A D 2 8                        
H 5 T 7 0 0 0 0 0 1 0                        
J N 8 820 14 4 1729 576 0                        
K 0 0 42                        
K 0 0 60                        
K 0 21 60                        
A D 4 8                        
J N 7 914 21 4 5185 1152 1 6                        
K 0 0 43                        
K 0 0 60                        
K 0 21 60                        
A D 2 8                        
J B 36 961 1 82 6913 576 0                        
J N 7 982 21 4 1 0 1 6                        
K 0 0 43                        
K 0 0 60                        
K 0 21 60                        
A D 2 8                        
H 6 T 21 0 0 0 0 0 1 0                        
J N 7 1029 0 4 1729 576 0                        
K 0 0 43                        
K 0 0 60                        
K 0 21 60                        
A D 2 8                        
J N 7 1076 14 4 3457 576 0                        
K 0 0 43                        
K 0 0 60                        
K 0 21 60                        
A D 2 8                        
J N 7 1123 21 4 5185 576 0                        
K 0 0 43                        
K 0 0 60                        
K 0 21 60                        
A D 2 8                        
J B 37 1195 1 82 6913 576 0                        
J N 7 1216 -7 5 1 0 0                        
K 0 0 43                        
K 25 0 44                        
K 0 0 60                        
K 0 21 60                        
A D 3 8                        
J N 6 1299 -7 3 2593 864 0                        
K 0 0 43                        
K 0 0 54                        
A D 1 8                        
J N 7 1335 -7 4 3457 288 0                        
K 0 0 43                        
K 0 0 60                        
K 0 21 60                        
A D 2 8                        
J R 7 1382 28 2 5185 576 0                        
K 0 0 48                        
A D 2 8                        
J B 38 1429 1 82 6913 576 0                        
J R 7 1450 28 2 1 0 0                        
K 0 0 48                        
A D 2 8                        
J N 7 1497 14 4 1729 576 0                        
K 0 0 43                        
K 0 0 60                        
K 0 21 60                        
A D 2 8                        
J N 7 1544 14 4 3457 576 0                        
K 0 0 43                        
K 0 0 60                        
K 0 21 60                        
A D 2 8                        
J N 7 1591 35 4 5185 576 0                        
K 0 0 43                        
K 0 0 59                        
K 0 -21 59                        
A D 2 8                        
J B 39 1638 1 82 6913 576 0                        
J R 7 1659 28 2 1 0 0                        
K 0 0 48                        
A D 2 8                        
J N 7 1706 7 4 1729 576 0                        
K 0 0 43                        
K 0 0 60                        
K 0 21 60                        
A D 2 8                        
J N 7 1753 7 4 3457 576 0                        
K 0 0 43                        
K 0 0 60                        
K 0 21 60                        
A D 2 8                        
J N 7 1799 28 4 5185 576 0                        
K 0 0 43                        
K 0 0 60                        
K 0 21 60                        
A D 2 8                        
J B 40 1845 1 82 6913 576 0                        
J R 7 1866 28 2 1 0 0                        
K 0 0 48                        
A D 2 8                        
J N 7 1912 -7 4 1729 576 0                        
K 0 0 43                        
K 0 0 60                        
K 0 21 60                        
A D 2 8                        
J N 7 1958 -7 4 3457 576 0                        
K 0 0 43                        
K 0 0 60                        
K 0 21 60                        
A D 2 8                        
J N 7 2004 7 4 5185 576 0                        
K 0 0 43                        
K 0 0 60                        
K 0 21 60                        
A D 2 8                        
J B 41 2050 1 82 6913 576 0                        
E *                        
L 1010 0 0 330 330 * 0 14 0                        
J C 22 5 14 36 6913 0 0                        
J K 2 57 0 2 6913 0 0                        
K 0 14 63                        
K 15 35 63                        
J D 0 -11 -14 1 6913 0 0                        
W 0 0 0 \03\03                        
J R 9 269 28 2 1 10000 0                        
K 0 0 46                        
A D 8 8                        
J B 34 458 1 82 6913 2304 0                        
J R 8 479 28 2 1 0 0                        
K 0 0 47                        
A D 4 8                        
J R 7 658 28 2 3457 1152 0                        
K 0 0 48                        
A D 2 8                        
J N 7 705 14 7 5185 576 0                        
K 0 0 43                        
K -11 72 195                        
K 0 77 253                        
K 22 72 196                        
K 0 0 60                        
K 0 21 60                        
A D 2 8                        
J B 35 752 1 82 6913 576 0                        
J F 0 773 98 1 1 0 0                        
K 0 0 206                        
J N 7 773 -7 4 1 0 0                        
K 0 0 43                        
K 0 0 60                        
K 0 21 60                        
A D 2 8                        
J F 0 820 98 1 1729 576 0                        
K 0 0 206                        
J N 7 820 21 4 1729 0 0                        
K 0 0 43                        
K 0 0 60                        
K 0 21 60                        
A D 2 8                        
J F 0 867 98 1 3457 576 0                        
K 0 0 206                        
J N 7 867 0 4 3457 0 0                        
K 0 0 43                        
K 0 0 60                        
K 0 21 60                        
A D 2 8                        
J F 0 914 98 1 5185 576 0                        
K 0 0 206                        
J N 7 914 28 4 5185 0 0                        
K 0 0 43                        
K 0 0 60                        
K 0 21 60                        
A D 2 8                        
J B 36 961 1 82 6913 576 0                        
J F 0 982 98 1 1 0 0                        
K 0 0 206                        
J N 7 982 56 4 1 0 0                        
K 0 0 43                        
K 0 0 59                        
K 0 -21 59                        
A D 2 8                        
J F 0 1029 98 1 1729 576 0                        
K 0 0 205                        
J N 8 1029 7 4 1729 0 0                        
K 0 0 42                        
K 0 0 60                        
K 0 21 60                        
A D 4 8                        
J F 0 1076 98 2 3457 576 0                        
K 0 0 203                        
K 0 21 201                        
J F 0 1123 98 1 5185 576 0                        
K 0 0 205                        
J N 6 1123 14 2 5185 0 1 3                        
K 0 0 43                        
A D 1 8                        
J N 6 1159 7 2 6049 288 1 3                        
K 0 0 43                        
A D 1 8                        
H 3 B -46 -3 108 2 2 3                        
J B 37 1195 1 82 6913 288 0                        
J F 0 1216 98 1 1 0 0                        
K 0 0 203                        
J N 7 1216 0 4 1 0 0                        
K 0 0 43                        
K 0 0 60                        
K 0 21 60                        
A D 2 8                        
J F 0 1263 98 1 1729 576 0                        
K 0 0 202                        
J N 7 1263 49 4 1729 0 0                        
K 0 0 43                        
K 0 0 59                        
K 0 -21 59                        
A D 2 8                        
J N 7 1335 28 4 3457 576 0                        
K 0 0 43                        
K 0 0 60                        
K 0 21 60                        
A D 2 8                        
J R 7 1382 28 2 5185 576 0                        
K 0 0 48                        
A D 2 8                        
J B 38 1429 1 82 6913 576 0                        
J R 7 1450 28 2 1 0 0                        
K 0 0 48                        
A D 2 8                        
J N 7 1497 49 4 1729 576 0                        
K 0 0 43                        
K 0 0 59                        
K 0 -21 59                        
A D 2 8                        
J F 0 1544 98 1 3457 576 0                        
K 0 0 203                        
J N 7 1544 21 4 3457 0 0                        
K 0 0 43                        
K 0 0 60                        
K 0 21 60                        
A D 2 8                        
J F 0 1591 98 1 5185 576 0                        
K 0 0 202                        
J N 7 1591 70 7 5185 0 0                        
K 1 0 45                        
K 0 0 43                        
K -1 0 45                        
K 2 0 45                        
K 0 0 59                        
K 0 -21 59                        
A D 2 8                        
J B 39 1638 1 82 6913 576 0                        
J R 7 1659 28 2 1 0 0                        
K 0 0 48                        
A D 2 8                        
J N 7 1706 42 4 1729 576 0                        
K 0 0 43                        
K 0 0 59                        
K 0 -21 59                        
A D 2 8                        
J F 0 1753 98 1 3457 576 0                        
K 0 0 203                        
J N 7 1753 14 4 3457 0 0                        
K 0 0 43                        
K 0 0 60                        
K 0 21 60                        
A D 2 8                        
J F 0 1799 98 1 5185 576 0                        
K 0 0 202                        
J N 7 1799 63 4 5185 0 0                        
K 0 0 43                        
K 0 0 59                        
K 0 -21 59                        
A D 2 8                        
J B 40 1845 1 82 6913 576 0                        
J R 7 1866 28 2 1 0 0                        
K 0 0 48                        
A D 2 8                        
J F 0 1912 98 2 1729 576 0                        
K 0 0 205                        
K 0 21 204                        
J N 7 1912 -14 7 1729 0 0                        
K 0 0 45                        
K 0 0 43                        
K -1 0 45                        
K 2 0 45                        
K 0 0 60                        
K 0 21 60                        
A D 2 8                        
J F 0 1958 98 1 3457 576 0                        
K 0 0 208                        
J N 7 1958 -21 7 3457 0 0                        
K 0 7 45                        
K 0 0 43                        
K 0 7 45                        
K 1 7 45                        
K 0 0 60                        
K 0 21 60                        
A D 2 8                        
J F 0 2004 98 1 5185 576 0                        
K 0 0 207                        
J N 7 2004 28 4 5185 0 0                        
K 0 0 43                        
K 0 0 60                        
K 0 21 60                        
A D 2 8                        
J B 41 2050 1 82 6913 576 0                        
E *                        
B 1 458 0                        
B 1 752 0                        
B 1 961 0                        
B 1 1195 0                        
B 1 1429 0                        
B 1 1638 0                        
B 1 1845 0                        
B 1 2050 0                        
