@ SOURCE: not identified 
L 0 0 14 !39Violino 2
J D 4 500 -120 1 6913 0 0
W 0 0 44 
J D 1 75 -37 1 6913 0 0
W 0 -56 44 :  Violino 2
J C 4 5 42 2 6913 0 0
K 0 0 33
K 0 0 34
J K -2 57 0 2 6913 0 0
K 0 28 65
K 13 7 65
J D 5 99 -42 1 6913 0 0
W 0 0 37 Allegro
J T 304 108 0 2 6913 0 0
K -10 28 74
K -10 56 75
J R 9 150 28 2 1 10000 0
K 0 0 46
A D 6 8
J B 2 255 1 82 6913 1728 0
J R 9 276 28 2 1 10000 0
K 0 0 46
A D 6 8
J B 3 381 1 82 6913 1728 0
J R 9 402 28 2 1 10000 0
K 0 0 46
A D 6 8
J B 4 507 1 82 6913 1728 0
J R 9 528 28 2 1 10000 0
K 0 0 46
A D 6 8
J B 5 633 1 82 6913 1728 0
J R 7 654 28 2 1 0 0
K 0 0 48
A D 2 8
J N 7 692 21 4 2305 576 0
K 0 0 43
K 0 0 60
K 0 21 60
A D 2 8
J N 7 730 21 4 4609 576 0
K 0 0 43
K 0 0 60
K 0 21 60
A D 2 8
J B 6 772 1 82 6913 576 0
J N 7 793 7 4 1 0 0
K 0 0 43
K 0 0 60
K 0 21 60
A D 2 8
J N 6 831 7 2 2305 576 1 1
K 0 0 43
A D 1 8
J N 6 860 14 2 3457 288 1 1
K 0 0 43
A D 1 8
J N 6 889 7 2 4609 288 1 1
K 0 0 43
A D 1 8
J N 6 918 21 2 5761 288 1 1
K 0 0 43
A D 1 8
H 1 B 1 0 108 4 2 1 1 3
J B 7 951 1 82 6913 288 0
J N 7 972 14 4 1 0 0
K 0 0 43
K 0 0 60
K 0 21 60
A D 2 8
J N 6 1010 14 2 2305 576 1 2
K 0 0 43
A D 1 8
J N 6 1039 21 2 3457 288 1 2
K 0 0 43
A D 1 8
J N 6 1068 14 2 4609 288 1 2
K 0 0 43
A D 1 8
J N 6 1097 28 2 5761 288 1 2
K 0 0 43
A D 1 8
H 2 B 1 0 108 4 2 1 1 3
J B 8 1130 1 82 6913 288 0
J N 7 1151 21 4 1 0 0
K 0 0 43
K 0 0 60
K 0 21 60
A D 2 8
J N 7 1189 14 4 2305 576 0
K 0 0 43
K 0 0 60
K 0 21 60
A D 2 8
J N 7 1227 63 4 4609 576 0
K 0 0 43
K 0 0 59
K 0 -21 59
A D 2 8
J B 9 1269 1 82 6913 576 0
J N 7 1290 42 4 1 0 0
K 0 0 43
K 0 0 59
K 0 -21 59
A D 2 8
J N 7 1328 -7 4 2305 576 0
K 0 0 43
K 0 0 60
K 0 21 60
A D 2 8
J N 7 1366 -7 4 4609 576 0
K 0 0 43
K 0 0 60
K 0 21 60
A D 2 8
J B 10 1408 1 82 6913 576 0
J N 7 1429 -7 4 1 0 0
K 0 0 43
K 0 0 60
K 0 21 60
A D 2 8
J N 7 1467 21 4 2305 576 0
K 0 0 43
K 0 0 60
K 0 21 60
A D 2 8
J N 7 1505 0 4 4609 576 0
K 0 0 43
K 0 0 60
K 0 21 60
A D 2 8
J B 11 1547 1 82 6913 576 0
J N 7 1568 0 4 1 0 0
K 0 0 43
K 0 0 60
K 0 21 60
A D 2 8
J N 7 1606 28 4 2305 576 0
K 0 0 43
K 0 0 60
K 0 21 60
A D 2 8
J N 7 1644 7 4 4609 576 1 3
K 0 0 43
K 0 0 60
K 0 21 60
A D 2 8
J B 12 1686 1 82 6913 576 0
J N 7 1707 7 4 1 0 1 3
K 0 0 43
K 0 0 60
K 0 21 60
A D 2 8
H 3 T 7 0 0 0 0 0 1 0
J N 8 1745 14 4 2305 576 0
K 0 0 42
K 0 0 60
K 0 21 60
A D 4 8
J B 13 1802 1 82 6913 1152 0
J N 7 1823 7 4 1 0 0
K 0 0 43
K 0 0 60
K 0 21 60
A D 2 8
J N 7 1861 28 5 2305 576 0
K -14 0 64
K 0 0 43
K 0 0 60
K 0 21 60
A D 2 8
J N 7 1899 28 4 4609 576 0
K 0 0 43
K 0 0 60
K 0 21 60
A D 2 8
J B 14 1941 1 82 6913 576 0
J N 7 1962 21 4 1 0 0
K 0 0 43
K 0 0 60
K 0 21 60
A D 2 8
J N 6 2000 21 2 2305 576 1 4
K 0 0 43
A D 1 8
J N 6 2040 28 3 3457 288 1 4
K -14 0 64
K 0 0 43
A D 1 8
J N 6 2069 21 2 4609 288 1 4
K 0 0 43
A D 1 8
J N 6 2098 14 2 5761 288 1 4
K 0 0 43
A D 1 8
H 4 B 1 0 108 4 2 1 1 3
J B 15 2131 1 82 6913 288 0
J N 7 2154 28 5 1 0 0
K -14 0 64
K 0 0 43
K 0 0 60
K 0 21 60
A D 2 8
J N 8 2192 21 4 2305 576 1 5
K 0 0 42
K 0 0 60
K 0 21 60
A D 4 8
J B 16 2249 1 82 6913 1152 0
J N 7 2270 21 4 1 0 1 5
K 0 0 43
K 0 0 60
K 0 21 60
A D 2 8
H 5 T 21 0 0 0 0 0 1 0
J N 8 2310 28 5 2305 576 0
K -14 0 64
K 0 0 42
K 0 0 60
K 0 21 60
A D 4 8
J B 17 2367 1 82 6913 1152 0
J N 7 2388 21 4 1 0 0
K 0 0 43
K 0 0 60
K 0 21 60
A D 2 8
J N 6 2426 7 2 2305 576 1 6
K 0 0 43
A D 1 8
J N 6 2455 14 2 3457 288 1 6
K 0 0 43
A D 1 8
J N 6 2484 7 2 4609 288 1 6
K 0 0 43
A D 1 8
J N 6 2513 21 2 5761 288 1 6
K 0 0 43
A D 1 8
H 6 B 1 0 108 4 2 1 1 3
J B 18 2546 1 82 6913 288 0
J N 7 2567 14 4 1 0 0
K 0 0 43
K 0 0 60
K 0 21 60
A D 2 8
J N 7 2605 14 4 2305 576 0
K 0 0 43
K 0 0 60
K 0 21 60
A D 2 8
J N 7 2643 28 4 4609 576 0
K 0 0 43
K 0 0 60
K 0 21 60
A D 2 8
J B 19 2685 1 82 6913 576 0
J N 7 2706 21 4 1 0 0
K 0 0 43
K 0 0 60
K 0 21 60
A D 2 8
J N 6 2744 21 2 2305 576 1 7
K 0 0 43
A D 1 8
J N 6 2773 28 2 3457 288 1 7
K 0 0 43
A D 1 8
J N 6 2802 21 2 4609 288 1 7
K 0 0 43
A D 1 8
J N 6 2843 35 3 5761 288 1 7
K -15 0 65
K 0 0 43
A D 1 8
H 7 B 1 0 108 4 2 1 1 3
J B 20 2876 1 82 6913 288 0
J N 7 2897 28 4 1 0 0
K 0 0 43
K 0 0 60
K 0 21 60
A D 2 8
J N 7 2935 28 4 2305 576 0
K 0 0 43
K 0 0 60
K 0 21 60
A D 2 8
J N 7 2973 42 4 4609 576 0
K 0 0 43
K 0 0 59
K 0 -21 59
A D 2 8
J B 21 3015 1 82 6913 576 0
J N 7 3039 35 5 1 0 0
K -15 0 65
K 0 0 43
K 0 0 59
K 0 -21 59
A D 2 8
J N 7 3077 49 4 2305 576 0
K 0 0 43
K 0 0 59
K 0 -21 59
A D 2 8
J N 7 3115 28 4 4609 576 0
K 0 0 43
K 0 0 60
K 0 21 60
A D 2 8
J B 22 3157 1 82 6913 576 0
J N 8 3178 42 4 1 0 0
K 0 0 42
K 0 0 59
K 0 -21 59
A D 4 8
J N 7 3231 28 4 4609 1152 0
K 0 0 43
K 0 0 60
K 0 21 60
A D 2 8
J B 23 3273 1 82 6913 576 0
J N 6 3294 21 2 1 0 1 8
K 0 0 43
A D 1 8
J N 6 3323 28 2 1153 288 1 8
K 0 0 43
A D 1 8
J N 6 3352 21 2 2305 288 1 8
K 0 0 43
A D 1 8
J N 6 3381 14 2 3457 288 1 8
K 0 0 43
A D 1 8
J N 6 3410 7 2 4609 288 1 8
K 0 0 43
A D 1 8
J N 6 3439 21 2 5761 288 1 8
K 0 0 43
A D 1 8
H 8 B 1 0 108 6 2 1 1 1 1 3
J B 24 3472 1 82 6913 288 0
J N 7 3493 14 4 1 0 0
K 0 0 43
K 0 0 60
K 0 21 60
A D 2 8
J N 8 3531 7 4 2305 576 1 9
K 0 0 42
K 0 0 60
K 0 21 60
A D 4 8
J B 25 3588 1 82 6913 1152 0
J N 7 3609 7 4 1 0 1 9
K 0 0 43
K 0 0 60
K 0 21 60
A D 2 8
H 9 T 7 0 0 0 0 0 1 0
J N 8 3647 14 4 2305 576 0
K 0 0 42
K 0 0 60
K 0 21 60
A D 4 8
J B 26 3704 1 82 6913 1152 0
J N 8 3725 7 4 1 0 0
K 0 0 42
K 0 0 60
K 0 21 60
A D 4 8
J R 7 3778 28 2 4609 1152 0
K 0 0 48
A D 2 8
J B 27 3820 1 82 6913 576 0
J R 7 3841 28 2 1 0 0
K 0 0 48
A D 2 8
J N 7 3879 0 4 2305 576 0
K 0 0 43
K 0 0 60
K 0 21 60
A D 2 8
J N 7 3917 -7 4 4609 576 0
K 0 0 43
K 0 0 60
K 0 21 60
A D 2 8
J B 28 3959 1 82 6913 576 0
J N 8 3980 21 4 1 0 0
K 0 0 42
K 0 0 60
K 0 21 60
A D 4 8
J R 7 4033 28 2 4609 1152 0
K 0 0 48
A D 2 8
J B 29 4075 1 82 6913 576 0
J R 7 4096 28 2 1 0 0
K 0 0 48
A D 2 8
J N 7 4134 -7 4 2305 576 0
K 0 0 43
K 0 0 60
K 0 21 60
A D 2 8
J N 7 4175 -14 8 4609 576 0
K 0 0 45
K -15 0 65
K 0 0 43
K -1 0 45
K 2 0 45
K 0 0 60
K 0 21 60
A D 2 8
J B 30 4217 1 82 6913 576 0
J N 8 4238 14 5 1 0 0
K 0 0 42
K 24 -6 44
K 0 0 60
K 0 21 60
A D 6 8
J B 31 4310 1 82 6913 1728 0
J N 8 4334 -14 9 1 0 0
K 0 0 45
K -15 0 65
K 0 0 42
K -1 0 45
K 2 0 45
K 24 -6 44
K 0 0 60
K 0 21 60
A D 6 8
J B 32 4406 1 82 6913 1728 0
J N 8 4427 -7 5 1 0 0
K 0 0 42
K 25 0 44
K 0 0 60
K 0 21 60
A D 6 8
J B 33 4499 1 82 6913 1728 0
J N 8 4520 0 5 1 0 0
K 0 0 42
K 24 -6 44
K 0 0 60
K 0 21 60
A D 6 8
J B 34 4592 1 82 6913 1728 0
J N 8 4613 7 5 1 0 0
K 0 0 42
K 25 0 44
K 0 0 60
K 0 21 60
A D 6 8
J B 35 4685 1 82 6913 1728 0
J N 8 4706 14 4 1 0 0
K 0 0 42
K 0 0 60
K 0 21 60
A D 4 8
J N 7 4759 14 4 4609 1152 0
K 0 0 43
K 0 0 60
K 0 21 60
A D 2 8
J B 36 4801 1 82 6913 576 0
J N 8 4822 21 4 1 0 0
K 0 0 42
K 0 0 60
K 0 21 60
A D 4 8
J N 7 4875 28 4 4609 1152 1 10
K 0 0 43
K 0 0 60
K 0 21 60
A D 2 8
J B 37 4917 1 82 6913 576 0
J N 7 4938 28 4 1 0 1 10
K 0 0 43
K 0 0 60
K 0 21 60
A D 2 8
H 10 T 28 0 0 0 0 0 5 0
J N 8 4976 35 4 2305 576 0
K 0 0 42
K 0 0 59
K 0 -21 59
A D 4 8
J B 38 5033 1 82 6913 1152 0
J N 8 5054 42 4 1 0 0
K 0 0 42
K 0 0 59
K 0 -21 59
A D 4 8
J R 7 5107 28 2 4609 1152 0
K 0 0 48
A D 2 8
J B 39 5149 1 82 6913 576 0
J R 7 5170 28 2 1 0 0
K 0 0 48
A D 2 8
J N 7 5208 28 4 2305 576 0
K 0 0 43
K 0 0 60
K 0 21 60
A D 2 8
J N 7 5246 28 4 4609 576 0
K 0 0 43
K 0 0 60
K 0 21 60
A D 2 8
J B 40 5288 1 82 6913 576 0
J N 7 5309 21 4 1 0 0
K 0 0 43
K 0 0 60
K 0 21 60
A D 2 8
J N 8 5347 70 7 2305 576 0
K 1 0 45
K 0 0 42
K -1 0 45
K 2 0 45
K 0 0 59
K 0 -21 59
A D 4 8
J B 41 5404 1 82 6913 1152 0
J R 7 5425 28 2 1 0 0
K 0 0 48
A D 2 8
J N 7 5463 21 4 2305 576 0
K 0 0 43
K 0 0 60
K 0 21 60
A D 2 8
J N 7 5501 21 4 4609 576 0
K 0 0 43
K 0 0 60
K 0 21 60
A D 2 8
J B 42 5543 1 82 6913 576 0
J N 7 5564 14 4 1 0 0
K 0 0 43
K 0 0 60
K 0 21 60
A D 2 8
J N 8 5602 63 4 2305 576 0
K 0 0 42
K 0 0 59
K 0 -21 59
A D 4 8
J B 43 5659 1 82 6913 1152 0
J R 7 5680 28 2 1 0 0
K 0 0 48
A D 2 8
J N 7 5718 14 4 2305 576 0
K 0 0 43
K 0 0 60
K 0 21 60
A D 2 8
J N 7 5756 14 4 4609 576 0
K 0 0 43
K 0 0 60
K 0 21 60
A D 2 8
J B 44 5798 1 82 6913 576 0
J N 7 5819 7 4 1 0 0
K 0 0 43
K 0 0 60
K 0 21 60
A D 2 8
J N 8 5857 56 4 2305 576 0
K 0 0 42
K 0 0 59
K 0 -21 59
A D 4 8
J B 45 5914 1 82 6913 1152 0
J R 7 5935 28 2 1 0 0
K 0 0 48
A D 2 8
J N 7 5973 7 4 2305 576 0
K 0 0 43
K 0 0 60
K 0 21 60
A D 2 8
J N 7 6011 0 4 4609 576 0
K 0 0 43
K 0 0 60
K 0 21 60
A D 2 8
J B 46 6053 1 82 6913 576 0
J N 8 6074 28 4 1 0 0
K 0 0 42
K 0 0 60
K 0 21 60
A D 4 8
J N 7 6127 28 4 4609 1152 0
K 0 0 43
K 0 0 60
K 0 21 60
A D 2 8
J B 47 6169 1 82 6913 576 0
J N 7 6190 21 4 1 0 0
K 0 0 43
K 0 0 60
K 0 21 60
A D 2 8
J N 7 6228 21 4 2305 576 0
K 0 0 43
K 0 0 60
K 0 21 60
A D 2 8
J N 7 6266 14 4 4609 576 0
K 0 0 43
K 0 0 60
K 0 21 60
A D 2 8
J B 48 6308 1 82 6913 576 0
J N 8 6329 42 4 1 0 0
K 0 0 42
K 0 0 59
K 0 -21 59
A D 4 8
J N 7 6382 42 4 4609 1152 0
K 0 0 43
K 0 0 59
K 0 -21 59
A D 2 8
J B 49 6424 1 82 6913 576 0
J N 7 6448 35 5 1 0 0
K -15 0 65
K 0 0 43
K 0 0 59
K 0 -21 59
A D 2 8
J N 7 6486 35 4 2305 576 0
K 0 0 43
K 0 0 59
K 0 -21 59
A D 2 8
J N 6 6524 42 2 4609 576 1 11
K 0 0 43
A D 1 8
J N 6 6553 49 2 5761 288 1 11
K 0 0 43
A D 1 8
H 11 B 0 0 108 2 2 3
J B 50 6586 1 82 6913 288 0
J N 8 6607 42 4 1 0 0
K 0 0 42
K 0 0 59
K 0 -21 59
A D 4 8
J N 7 6660 42 4 4609 1152 0
K 0 0 43
K 0 0 59
K 0 -21 59
A D 2 8
J B 51 6702 1 82 6913 576 0
J N 8 6723 49 4 1 0 0
K 0 0 42
K 0 0 59
K 0 -21 59
A D 4 8
J N 7 6776 49 4 4609 1152 0
K 0 0 43
K 0 0 59
K 0 -21 59
A D 2 8
J B 52 6818 1 82 6913 576 0
J N 8 6839 56 4 1 0 0
K 0 0 42
K 0 0 59
K 0 -21 59
A D 4 8
J N 7 6892 56 4 4609 1152 0
K 0 0 43
K 0 0 59
K 0 -21 59
A D 2 8
J B 53 6934 1 82 6913 576 0
J N 8 6955 63 4 1 0 0
K 0 0 42
K 0 0 59
K 0 -21 59
A D 4 8
J N 7 7008 28 4 4609 1152 0
K 0 0 43
K 0 0 60
K 0 21 60
A D 2 8
J B 54 7050 1 82 6913 576 0
J N 8 7074 35 5 1 0 0
K -15 0 65
K 0 0 42
K 0 0 59
K 0 -21 59
A D 4 8
J N 7 7127 42 4 4609 1152 1 12
K 0 0 43
K 0 0 59
K 0 -21 59
A D 2 8
J B 55 7169 1 82 6913 576 0
J N 7 7190 42 4 1 0 1 12
K 0 0 43
K 0 0 59
K 0 -21 59
A D 2 8
H 12 T 42 0 0 0 0 0 13 0
J N 8 7228 49 4 2305 576 0
K 0 0 42
K 0 0 59
K 0 -21 59
A D 4 8
J B 56 7285 1 82 6913 1152 0
J N 8 7306 56 4 1 0 0
K 0 0 42
K 0 0 59
K 0 -21 59
A D 4 8
J R 7 7359 28 2 4609 1152 0
K 0 0 48
A D 2 8
J B 57 7401 1 82 6913 576 0
J N 8 7422 14 5 1 0 1 13
K 0 0 42
K 24 -6 44
K 0 0 60
K 0 21 60
A D 6 8
J B 58 7494 1 82 6913 1728 0
J N 7 7515 14 4 1 0 1 13
K 0 0 43
K 0 0 60
K 0 21 60
A D 2 8
H 13 T 14 0 0 0 0 0 5 0
J N 7 7553 42 4 2305 576 0
K 0 0 43
K 0 0 59
K 0 -21 59
A D 2 8
J N 7 7591 21 4 4609 576 1 14
K 0 0 43
K 0 0 60
K 0 21 60
A D 2 8
J B 59 7633 1 82 6913 576 0
J N 7 7654 21 4 1 0 1 14
K 0 0 43
K 0 0 60
K 0 21 60
A D 2 8
H 14 T 21 0 0 0 0 0 1 0
J N 7 7692 28 4 2305 576 0
K 0 0 43
K 0 0 60
K 0 21 60
A D 2 8
J N 7 7730 42 4 4609 576 0
K 0 0 43
K 0 0 59
K 0 -21 59
A D 2 8
J B 60 7772 1 82 6913 576 0
J N 7 7793 35 4 1 0 0
K 0 0 43
K 0 0 59
K 0 -21 59
A D 2 8
J N 8 7831 -14 7 2305 576 1 15
K 0 0 45
K 0 0 42
K -1 0 45
K 2 0 45
K 0 0 60
K 0 21 60
A D 4 8
J B 61 7888 1 82 6913 1152 0
J N 7 7909 -14 7 1 0 1 15
K 0 0 45
K 0 0 43
K -1 0 45
K 2 0 45
K 0 0 60
K 0 21 60
A D 2 8
H 15 T -14 0 0 0 0 0 5 0
J N 7 7947 14 4 2305 576 0
K 0 0 43
K 0 0 60
K 0 21 60
A D 2 8
J N 7 7985 -7 4 4609 576 0
K 0 0 43
K 0 0 60
K 0 21 60
A D 2 8
J B 62 8027 1 82 6913 576 0
J N 7 8048 21 4 1 0 0
K 0 0 43
K 0 0 60
K 0 21 60
A D 2 8
J N 7 8086 35 4 2305 576 0
K 0 0 43
K 0 0 59
K 0 -21 59
A D 2 8
J N 7 8124 14 4 4609 576 0
K 0 0 43
K 0 0 60
K 0 21 60
A D 2 8
J B 63 8166 1 82 6913 576 0
J N 8 8187 42 4 1 0 0
K 0 0 42
K 0 0 59
K 0 -21 59
A D 4 8
J N 7 8240 7 4 4609 1152 0
K 0 0 43
K 0 0 60
K 0 21 60
A D 2 8
J B 64 8282 1 82 6913 576 0
J N 8 8309 49 5 1 0 0
K -18 0 63
K 0 0 42
K 0 0 59
K 0 -21 59
A D 4 8
J N 8 8362 42 4 2305 1152 0
K 0 0 42
K 0 0 59
K 0 -21 59
A D 4 8
J N 8 8415 49 4 4609 1152 0
K 0 0 42
K 0 0 59
K 0 -21 59
A D 4 8
J B 66 8472 1 82 6913 1152 0
J N 8 8493 42 4 1 0 0
K 0 0 42
K 0 0 59
K 0 -21 59
A D 4 8
J R 7 8546 28 2 4609 1152 0
K 0 0 48
A D 2 8
J B 67 8588 1 82 6913 576 0
J R 9 8609 28 2 1 10000 0
K 0 0 46
A D 6 8
J B 68 8714 1 82 6913 1728 0
J R 7 8735 28 2 1 0 0
K 0 0 48
A D 2 8
J N 7 8773 -7 4 2305 576 0
K 0 0 43
K 0 0 60
K 0 21 60
A D 2 8
J N 7 8811 -7 4 4609 576 0
K 0 0 43
K 0 0 60
K 0 21 60
A D 2 8
J B 69 8853 1 82 6913 576 0
J N 7 8877 -14 8 1 0 0
K 0 0 45
K -15 0 65
K 0 0 43
K -1 0 45
K 2 0 45
K 0 0 60
K 0 21 60
A D 2 8
J N 6 8915 -14 5 2305 576 1 16
K 0 0 45
K 0 0 43
K -1 0 45
K 2 0 45
A D 1 8
J N 6 8944 -7 2 3457 288 1 16
K 0 0 43
A D 1 8
J N 6 8973 -14 5 4609 288 1 16
K 0 0 45
K 0 0 43
K -1 0 45
K 2 0 45
A D 1 8
J N 6 9002 0 2 5761 288 1 16
K 0 0 43
A D 1 8
H 16 B 1 0 108 4 2 1 1 3
J B 70 9035 1 82 6913 288 0
J N 7 9056 -7 4 1 0 0
K 0 0 43
K 0 0 60
K 0 21 60
A D 2 8
J N 6 9094 7 2 2305 576 1 17
K 0 0 43
A D 1 8
J N 6 9123 0 2 3457 288 1 17
K 0 0 43
A D 1 8
J N 6 9152 7 2 4609 288 1 17
K 0 0 43
A D 1 8
J N 6 9181 0 2 5761 288 1 17
K 0 0 43
A D 1 8
H 17 B 1 0 108 4 2 1 1 3
J B 71 9214 1 82 6913 288 0
J N 6 9235 14 2 1 0 1 18
K 0 0 43
A D 1 8
J N 6 9264 7 2 1153 288 1 18
K 0 0 43
A D 1 8
J N 6 9293 14 2 2305 288 1 18
K 0 0 43
A D 1 8
J N 6 9322 7 2 3457 288 1 18
K 0 0 43
A D 1 8
J N 6 9351 14 2 4609 288 1 18
K 0 0 43
A D 1 8
J N 6 9380 7 2 5761 288 1 18
K 0 0 43
A D 1 8
H 18 B 1 0 108 6 2 1 1 1 1 3
J B 72 9413 1 82 6913 288 0
J N 6 9434 21 2 1 0 1 19
K 0 0 43
A D 1 8
J N 6 9474 28 3 1153 288 1 19
K -14 0 64
K 0 0 43
A D 1 8
J N 6 9503 21 2 2305 288 1 19
K 0 0 43
A D 1 8
J N 6 9532 14 2 3457 288 1 19
K 0 0 43
A D 1 8
J N 6 9561 21 2 4609 288 1 19
K 0 0 43
A D 1 8
J N 6 9590 14 2 5761 288 1 19
K 0 0 43
A D 1 8
H 19 B 1 0 108 6 2 1 1 1 1 3
J B 73 9623 1 82 6913 288 0
J N 7 9646 28 5 1 0 0
K -14 0 64
K 0 0 43
K 0 0 60
K 0 21 60
A D 2 8
J N 7 9684 -7 4 2305 576 0
K 0 0 43
K 0 0 60
K 0 21 60
A D 2 8
J N 7 9722 -7 4 4609 576 0
K 0 0 43
K 0 0 60
K 0 21 60
A D 2 8
J B 74 9764 1 82 6913 576 0
J N 7 9785 -7 4 1 0 0
K 0 0 43
K 0 0 60
K 0 21 60
A D 2 8
J N 7 9823 21 4 2305 576 0
K 0 0 43
K 0 0 60
K 0 21 60
A D 2 8
J N 7 9861 0 4 4609 576 0
K 0 0 43
K 0 0 60
K 0 21 60
A D 2 8
J B 75 9903 1 82 6913 576 0
J N 7 9924 0 4 1 0 0
K 0 0 43
K 0 0 60
K 0 21 60
A D 2 8
J N 7 9962 28 4 2305 576 0
K 0 0 43
K 0 0 60
K 0 21 60
A D 2 8
J N 7 10000 7 4 4609 576 1 20
K 0 0 43
K 0 0 60
K 0 21 60
A D 2 8
J B 76 10042 1 82 6913 576 0
J N 7 10063 7 4 1 0 1 20
K 0 0 43
K 0 0 60
K 0 21 60
A D 2 8
H 20 T 7 0 0 0 0 0 1 0
J N 8 10101 14 4 2305 576 0
K 0 0 42
K 0 0 60
K 0 21 60
A D 4 8
J B 77 10158 1 82 6913 1152 0
J N 7 10179 7 4 1 0 0
K 0 0 43
K 0 0 60
K 0 21 60
A D 2 8
J N 7 10217 7 4 2305 576 0
K 0 0 43
K 0 0 60
K 0 21 60
A D 2 8
J N 7 10255 7 4 4609 576 0
K 0 0 43
K 0 0 60
K 0 21 60
A D 2 8
J B 78 10297 1 82 6913 576 0
J N 7 10318 7 4 1 0 1 21
K 0 0 43
K 0 0 60
K 0 21 60
A D 2 8
J N 7 10356 14 4 2305 576 1 21
K 0 0 43
K 0 0 60
K 0 21 60
A D 2 8
H 21 S 0 0 0 0 0 0 0 0 0
J R 7 10394 28 2 4609 576 0
K 0 0 48
A D 2 8
J B 79 10436 1 82 6913 576 0
J R 7 10457 28 2 1 0 0
K 0 0 48
A D 2 8
J N 7 10495 0 4 2305 576 0
K 0 0 43
K 0 0 60
K 0 21 60
A D 2 8
J N 7 10533 0 4 4609 576 0
K 0 0 43
K 0 0 60
K 0 21 60
A D 2 8
J B 80 10575 1 82 6913 576 0
J N 7 10596 0 4 1 0 1 22
K 0 0 43
K 0 0 60
K 0 21 60
A D 2 8
J N 7 10634 7 4 2305 576 1 22
K 0 0 43
K 0 0 60
K 0 21 60
A D 2 8
H 22 S 0 0 0 0 0 0 0 0 0
J R 7 10672 28 2 4609 576 0
K 0 0 48
A D 2 8
J B 81 10714 1 82 6913 576 0
J R 7 10735 28 2 1 0 0
K 0 0 48
A D 2 8
J N 7 10773 -21 8 2305 576 0
K 0 7 45
K -14 0 64
K 0 0 43
K 0 7 45
K 1 7 45
K 0 0 60
K 0 21 60
A D 2 8
J N 7 10811 -21 7 4609 576 0
K 0 7 45
K 0 0 43
K 0 7 45
K 1 7 45
K 0 0 60
K 0 21 60
A D 2 8
J B 82 10853 1 82 6913 576 0
J N 7 10874 -28 8 1 0 0
K 0 14 45
K 0 0 45
K 0 0 43
K -1 0 45
K 2 0 45
K 0 0 60
K 0 28 60
A D 2 8
J N 7 10912 7 4 2305 576 0
K 0 0 43
K 0 0 60
K 0 21 60
A D 2 8
J N 7 10950 0 4 4609 576 0
K 0 0 43
K 0 0 60
K 0 21 60
A D 2 8
J B 83 10992 1 82 6913 576 0
J N 8 11013 28 4 1 0 0
K 0 0 42
K 0 0 60
K 0 21 60
A D 4 8
J R 7 11066 28 2 4609 1152 0
K 0 0 48
A D 2 8
J B 84 11108 1 82 6913 576 0
J R 7 11129 28 2 1 0 0
K 0 0 48
A D 2 8
J N 7 11167 0 4 2305 576 0
K 0 0 43
K 0 0 60
K 0 21 60
A D 2 8
J N 7 11205 -7 4 4609 576 0
K 0 0 43
K 0 0 60
K 0 21 60
A D 2 8
J B 85 11247 1 82 6913 576 0
J N 8 11268 21 4 1 0 0
K 0 0 42
K 0 0 60
K 0 21 60
A D 4 8
J R 7 11321 28 2 4609 1152 0
K 0 0 48
A D 2 8
J B 86 11363 1 82 6913 576 0
J R 7 11384 28 2 1 0 0
K 0 0 48
A D 2 8
J N 7 11422 0 4 2305 576 0
K 0 0 43
K 0 0 60
K 0 21 60
A D 2 8
J N 7 11460 -21 7 4609 576 0
K 0 7 45
K 0 0 43
K 0 7 45
K 1 7 45
K 0 0 60
K 0 21 60
A D 2 8
J B 87 11502 1 82 6913 576 0
J N 7 11523 -7 5 1 0 0
K 0 0 43
K 25 0 44
K 0 0 60
K 0 21 60
A D 3 8
J N 6 11569 -7 3 3457 864 0
K 0 0 43
K 0 0 54
A D 1 8
J N 7 11610 -14 8 4609 288 0
K 0 0 45
K -15 0 65
K 0 0 43
K -1 0 45
K 2 0 45
K 0 0 60
K 0 21 60
A D 2 8
J B 88 11652 1 82 6913 576 0
J N 7 11673 0 4 1 0 0
K 0 0 43
K 0 0 60
K 0 21 60
A D 2 8
J N 8 11713 7 5 2305 576 0
K -14 0 64
K 0 0 42
K 0 0 60
K 0 21 60
A D 4 8
J B 89 11770 1 82 6913 1152 0
J N 8 11791 0 4 1 0 0
K 0 0 42
K 0 0 60
K 0 21 60
A D 4 8
J R 7 11844 28 2 4609 1152 0
K 0 0 48
A D 2 8
J B 90 11886 1 82 6913 576 0
J R 7 11907 28 2 1 0 0
K 0 0 48
A D 2 8
J N 7 11945 21 4 2305 576 0
K 0 0 43
K 0 0 60
K 0 21 60
A D 2 8
J N 7 11983 70 7 4609 576 0
K 1 0 45
K 0 0 43
K -1 0 45
K 2 0 45
K 0 0 59
K 0 -21 59
A D 2 8
J B 91 12025 1 82 6913 576 0
J N 7 12046 49 4 1 0 0
K 0 0 43
K 0 0 59
K 0 -21 59
A D 2 8
J N 7 12084 77 7 2305 576 0
K 1 -7 45
K 0 0 43
K 0 -7 45
K 1 -7 45
K 0 0 59
K 0 -21 59
A D 2 8
J R 7 12122 28 2 4609 576 0
K 0 0 48
A D 2 8
J B 92 12164 1 82 6913 576 0
J N 8 12185 -7 5 1 0 1 23
K 0 0 42
K 25 0 44
K 0 0 60
K 0 21 60
A D 6 8
J B 93 12257 1 82 6913 1728 0
J N 7 12278 -7 4 1 0 1 23
K 0 0 43
K 0 0 60
K 0 21 60
A D 2 8
H 23 T -7 0 0 0 0 0 1 0
J N 7 12316 21 4 2305 576 0
K 0 0 43
K 0 0 60
K 0 21 60
A D 2 8
J N 7 12354 0 4 4609 576 0
K 0 0 43
K 0 0 60
K 0 21 60
A D 2 8
J B 94 12396 1 82 6913 576 0
J N 7 12417 -21 7 1 0 0
K 0 7 45
K 0 0 43
K 0 7 45
K 1 7 45
K 0 0 60
K 0 21 60
A D 2 8
J N 6 12455 -7 2 2305 576 1 24
K 0 0 43
A D 1 8
J N 6 12496 -14 6 3457 288 1 24
K 0 0 45
K -15 0 65
K 0 0 43
K -1 0 45
K 2 0 45
A D 1 8
J N 6 12525 -21 5 4609 288 1 24
K 0 7 45
K 0 0 43
K 0 7 45
K 1 7 45
A D 1 8
J N 6 12554 -7 2 5761 288 1 24
K 0 0 43
A D 1 8
H 24 B 1 0 108 4 2 1 1 3
J B 95 12587 1 82 6913 288 0
J N 7 12608 -28 8 1 0 0
K 0 14 45
K 0 0 45
K 0 0 43
K -1 0 45
K 2 0 45
K 0 0 60
K 0 28 60
A D 2 8
J N 8 12646 21 4 2305 576 1 25
K 0 0 42
K 0 0 60
K 0 21 60
A D 4 8
J B 96 12703 1 82 6913 1152 0
J N 7 12724 21 4 1 0 1 25
K 0 0 43
K 0 0 60
K 0 21 60
A D 2 8
H 25 T 21 0 0 0 0 0 1 0
J N 6 12766 28 3 2305 576 1 26
K -14 0 64
K 0 0 43
A D 1 8
J N 6 12795 21 2 3457 288 1 26
K 0 0 43
A D 1 8
J N 6 12824 14 2 4609 288 1 26
K 0 0 43
A D 1 8
J N 6 12853 28 2 5761 288 1 26
K 0 0 43
A D 1 8
H 26 B 1 0 108 4 2 1 1 3
J B 97 12886 1 82 6913 288 0
J N 8 12907 7 5 1 0 0
K 0 0 42
K 25 0 44
K 0 0 60
K 0 21 60
A D 6 8
J B 98 12979 1 82 6913 1728 0
J N 8 13000 14 5 1 0 0
K 0 0 42
K 24 -6 44
K 0 0 60
K 0 21 60
A D 6 8
J B 99 13072 1 82 6913 1728 0
J N 7 13093 21 5 1 0 0
K 0 0 43
K 25 0 44
K 0 0 60
K 0 21 60
A D 3 8
J N 6 13139 7 2 3457 864 1 27
K 0 0 43
A D 1 8
J N 6 13168 14 2 4609 288 1 27
K 0 0 43
A D 1 8
J N 6 13197 21 2 5761 288 1 27
K 0 0 43
A D 1 8
H 27 B 1 0 108 3 2 1 3
J B 100 13230 1 82 6913 288 0
J N 8 13253 28 5 1 0 0
K -14 0 64
K 0 0 42
K 0 0 60
K 0 21 60
A D 4 8
J R 7 13306 28 2 4609 1152 0
K 0 0 48
A D 2 8
J B 101 13348 1 82 6913 576 0
J N 7 13369 21 4 1 0 0
K 0 0 43
K 0 0 60
K 0 21 60
A D 2 8
J N 7 13410 28 5 2305 576 0
K -15 0 65
K 0 0 43
K 0 0 60
K 0 21 60
A D 2 8
J N 7 13451 35 5 4609 576 0
K -15 0 65
K 0 0 43
K 0 0 59
K 0 -21 59
A D 2 8
J B 102 13493 1 82 6913 576 0
J N 6 13514 42 2 1 0 1 28
K 0 0 43
A D 1 8
J N 6 13543 -7 2 1153 288 1 28
K 0 0 43
A D 1 8
J N 6 13572 0 2 2305 288 1 28
K 0 0 43
A D 1 8
J N 6 13601 -7 2 3457 288 1 28
K 0 0 43
A D 1 8
J N 6 13630 14 2 4609 288 1 28
K 0 0 43
A D 1 8
J N 6 13659 -7 2 5761 288 1 28
K 0 0 43
A D 1 8
H 28 B 1 0 108 6 2 1 1 1 1 3
J B 103 13692 1 82 6913 288 0
J N 6 13713 7 2 1 0 1 29
K 0 0 43
A D 1 8
J N 6 13742 -7 2 1153 288 1 29
K 0 0 43
A D 1 8
J N 6 13771 14 2 2305 288 1 29
K 0 0 43
A D 1 8
J N 6 13800 -7 2 3457 288 1 29
K 0 0 43
A D 1 8
J N 6 13829 21 2 4609 288 1 29
K 0 0 43
A D 1 8
J N 6 13858 -7 2 5761 288 1 29
K 0 0 43
A D 1 8
H 29 B 1 0 108 6 2 1 1 1 1 3
J B 104 13891 1 82 6913 288 0
J N 7 13914 28 5 1 0 0
K -14 0 64
K 0 0 43
K 0 0 60
K 0 21 60
A D 2 8
J N 7 13952 42 4 2305 576 0
K 0 0 43
K 0 0 59
K 0 -21 59
A D 2 8
J N 7 13990 28 4 4609 576 0
K 0 0 43
K 0 0 60
K 0 21 60
A D 2 8
J B 105 14032 1 82 6913 576 0
J N 7 14053 21 4 1 0 0
K 0 0 43
K 0 0 60
K 0 21 60
A D 2 8
J N 7 14091 42 4 2305 576 0
K 0 0 43
K 0 0 59
K 0 -21 59
A D 2 8
J N 7 14129 21 4 4609 576 0
K 0 0 43
K 0 0 60
K 0 21 60
A D 2 8
J B 106 14171 1 82 6913 576 0
J N 8 14192 14 4 1 0 0
K 0 0 42
K 0 0 60
K 0 21 60
A D 4 8
J R 7 14245 28 2 4609 1152 0
K 0 0 48
A D 2 8
J B 107 14287 1 82 6913 576 0
J N 8 14308 7 4 1 0 0
K 0 0 42
K 0 0 60
K 0 21 60
A D 4 8
J R 7 14361 28 2 4609 1152 0
K 0 0 48
A D 2 8
J B 108 14403 1 82 6913 576 0
J N 8 14426 28 5 1 0 0
K -14 0 64
K 0 0 42
K 0 0 60
K 0 21 60
A D 4 8
J R 7 14479 28 2 4609 1152 0
K 0 0 48
A D 2 8
J B 109 14521 1 82 6913 576 0
J R 7 14542 28 3 1 0 0
K 0 0 48
K -2 -35 101
A D 2 8
J R 7 14580 28 2 2305 576 0
K 0 0 48
A D 2 8
J D 5 14618 -42 1 4609 576 0
W 0 0 37 Adagio
J N 7 14618 42 4 4609 0 0
K 0 0 43
K 0 0 59
K 0 -21 59
A D 2 8
J B 110 14660 1 82 6913 576 0
J N 7 14681 42 4 1 0 0
K 0 0 43
K 0 0 59
K 0 -21 59
A D 2 8
J N 7 14719 70 7 2305 576 0
K 1 0 45
K 0 0 43
K -1 0 45
K 2 0 45
K 0 0 59
K 0 -21 59
A D 2 8
J N 7 14757 49 4 4609 576 0
K 0 0 43
K 0 0 59
K 0 -21 59
A D 2 8
J B 111 14799 1 82 6913 576 0
J N 8 14820 49 4 1 0 0
K 0 0 42
K 0 0 59
K 0 -21 59
A D 4 8
J N 8 14873 56 4 2305 1152 0
K 0 0 42
K 0 0 59
K 0 -21 59
A D 4 8
J N 8 14926 63 4 4609 1152 0
K 0 0 42
K 0 0 59
K 0 -21 59
A D 4 8
J B 113 14983 1 82 6913 1152 0
J N 8 15004 70 8 1 0 0
K 1 0 45
K 0 0 42
K -1 0 45
K 2 0 45
K 24 -6 44
K 0 0 59
K 0 -21 59
A D 6 8
J B 0 15089 6 2 6913 1728 0
K -13 0 82
K -6 0 84
J M 0 15089 0 0 10000 0 0
