@ SOURCE: not identified 
L 0 0 14 !39Viola
J D 4 500 -120 1 6913 0 0
W 0 0 44 
J D 1 75 -37 1 6913 0 0
W 0 -56 44 :  Viola
J C 13 5 28 35 6913 0 0
J K -2 57 0 2 6913 0 0
K 0 35 65
K 13 14 65
J D 5 99 -42 1 6913 0 0
W 0 0 37 Allegro
J T 304 108 0 2 6913 0 0
K -10 28 74
K -10 56 75
J R 9 150 28 2 1 10000 0
K 0 0 46
A D 6 8
J B 2 255 1 82 6913 1728 0
J R 9 276 28 2 1 10000 0
K 0 0 46
A D 6 8
J B 3 381 1 82 6913 1728 0
J R 9 402 28 2 1 10000 0
K 0 0 46
A D 6 8
J B 4 507 1 82 6913 1728 0
J R 9 528 28 2 1 10000 0
K 0 0 46
A D 6 8
J B 5 633 1 82 6913 1728 0
J R 9 654 28 2 1 10000 0
K 0 0 46
A D 6 8
J B 6 759 1 82 6913 1728 0
J R 9 780 28 2 1 10000 0
K 0 0 46
A D 6 8
J B 7 885 1 82 6913 1728 0
J R 9 906 28 2 1 10000 0
K 0 0 46
A D 6 8
J B 8 1011 1 82 6913 1728 0
J R 9 1032 28 2 1 10000 0
K 0 0 46
A D 6 8
J B 9 1137 1 82 6913 1728 0
J R 7 1158 28 2 1 0 0
K 0 0 48
A D 2 8
J N 7 1187 0 4 2305 576 0
K 0 0 43
K 0 0 60
K 0 21 60
A D 2 8
J N 7 1216 0 4 4609 576 0
K 0 0 43
K 0 0 60
K 0 21 60
A D 2 8
J B 10 1249 1 82 6913 576 0
J N 7 1274 -7 5 1 0 0
K -15 0 65
K 0 0 43
K 0 0 60
K 0 21 60
A D 2 8
J N 6 1303 -7 2 2305 576 1 1
K 0 0 43
A D 1 8
J N 6 1332 0 2 3457 288 1 1
K 0 0 43
A D 1 8
J N 6 1361 -7 2 4609 288 1 1
K 0 0 43
A D 1 8
J N 6 1390 7 2 5761 288 1 1
K 0 0 43
A D 1 8
H 1 B 1 0 108 4 2 1 1 3
J B 11 1423 1 82 6913 288 0
J N 7 1444 0 4 1 0 0
K 0 0 43
K 0 0 60
K 0 21 60
A D 2 8
J N 6 1473 0 2 2305 576 1 2
K 0 0 43
A D 1 8
J N 6 1502 7 2 3457 288 1 2
K 0 0 43
A D 1 8
J N 6 1531 0 2 4609 288 1 2
K 0 0 43
A D 1 8
J N 6 1560 14 2 5761 288 1 2
K 0 0 43
A D 1 8
H 2 B 1 0 108 4 2 1 1 3
J B 12 1593 1 82 6913 288 0
J N 7 1614 7 4 1 0 0
K 0 0 43
K 0 0 60
K 0 21 60
A D 2 8
J N 7 1643 -14 7 2305 576 0
K 0 0 45
K 0 0 43
K -1 0 45
K 2 0 45
K 0 0 60
K 0 21 60
A D 2 8
J N 7 1672 35 4 4609 576 0
K 0 0 43
K 0 0 59
K 0 -21 59
A D 2 8
J B 13 1705 1 82 6913 576 0
J R 7 1726 28 2 1 0 0
K 0 0 48
A D 2 8
J N 7 1755 21 4 2305 576 0
K 0 0 43
K 0 0 60
K 0 21 60
A D 2 8
J N 7 1784 0 4 4609 576 0
K 0 0 43
K 0 0 60
K 0 21 60
A D 2 8
J B 14 1817 1 82 6913 576 0
J N 7 1838 28 4 1 0 0
K 0 0 43
K 0 0 60
K 0 21 60
A D 2 8
J N 7 1867 7 4 2305 576 0
K 0 0 43
K 0 0 60
K 0 21 60
A D 2 8
J N 7 1908 -7 5 4609 576 0
K -15 0 65
K 0 0 43
K 0 0 60
K 0 21 60
A D 2 8
J B 15 1941 1 82 6913 576 0
J N 7 1962 21 4 1 0 0
K 0 0 43
K 0 0 60
K 0 21 60
A D 2 8
J N 7 1991 0 4 2305 576 0
K 0 0 43
K 0 0 60
K 0 21 60
A D 2 8
J N 7 2020 14 4 4609 576 0
K 0 0 43
K 0 0 60
K 0 21 60
A D 2 8
J B 16 2053 1 82 6913 576 0
J N 7 2078 -7 5 1 0 0
K -15 0 65
K 0 0 43
K 0 0 60
K 0 21 60
A D 2 8
J N 7 2107 21 4 2305 576 0
K 0 0 43
K 0 0 60
K 0 21 60
A D 2 8
J N 7 2136 0 4 4609 576 0
K 0 0 43
K 0 0 60
K 0 21 60
A D 2 8
J B 17 2169 1 82 6913 576 0
J N 8 2190 14 4 1 0 0
K 0 0 42
K 0 0 60
K 0 21 60
A D 4 8
J R 7 2228 28 2 4609 1152 0
K 0 0 48
A D 2 8
J B 18 2261 1 82 6913 576 0
J R 7 2282 28 2 1 0 0
K 0 0 48
A D 2 8
J N 7 2311 0 4 2305 576 0
K 0 0 43
K 0 0 60
K 0 21 60
A D 2 8
J N 7 2340 0 4 4609 576 0
K 0 0 43
K 0 0 60
K 0 21 60
A D 2 8
J B 19 2373 1 82 6913 576 0
J N 7 2394 28 4 1 0 0
K 0 0 43
K 0 0 60
K 0 21 60
A D 2 8
J N 7 2423 7 4 2305 576 0
K 0 0 43
K 0 0 60
K 0 21 60
A D 2 8
J N 7 2452 7 4 4609 576 0
K 0 0 43
K 0 0 60
K 0 21 60
A D 2 8
J B 20 2485 1 82 6913 576 0
J N 7 2506 35 4 1 0 0
K 0 0 43
K 0 0 59
K 0 -21 59
A D 2 8
J N 7 2535 14 4 2305 576 0
K 0 0 43
K 0 0 60
K 0 21 60
A D 2 8
J N 7 2564 14 4 4609 576 0
K 0 0 43
K 0 0 60
K 0 21 60
A D 2 8
J B 21 2597 1 82 6913 576 0
J N 7 2618 28 4 1 0 0
K 0 0 43
K 0 0 60
K 0 21 60
A D 2 8
J N 8 2647 35 4 2305 576 0
K 0 0 42
K 0 0 59
K 0 -21 59
A D 4 8
J B 22 2689 1 82 6913 1152 0
J N 8 2710 35 4 1 0 0
K 0 0 42
K 0 0 59
K 0 -21 59
A D 4 8
J N 7 2748 14 4 4609 1152 0
K 0 0 43
K 0 0 60
K 0 21 60
A D 2 8
J B 23 2781 1 82 6913 576 0
J N 8 2802 14 4 1 0 0
K 0 0 42
K 0 0 60
K 0 21 60
A D 4 8
J N 7 2840 28 4 4609 1152 0
K 0 0 43
K 0 0 60
K 0 21 60
A D 2 8
J B 24 2873 1 82 6913 576 0
J N 7 2894 7 4 1 0 1 3
K 0 0 43
K 0 0 60
K 0 21 60
A D 2 8
J N 7 2923 14 4 2305 576 1 3
K 0 0 43
K 0 0 60
K 0 21 60
A D 2 8
H 3 S 0 0 0 0 0 0 0 0 0
J N 7 2952 -21 7 4609 576 0
K 0 7 45
K 0 0 43
K 0 7 45
K 1 7 45
K 0 0 60
K 0 21 60
A D 2 8
J B 25 2985 1 82 6913 576 0
J N 7 3006 -14 7 1 0 0
K 0 0 45
K 0 0 43
K -1 0 45
K 2 0 45
K 0 0 60
K 0 21 60
A D 2 8
J N 8 3035 -14 7 2305 576 0
K 0 0 45
K 0 0 42
K -1 0 45
K 2 0 45
K 0 0 60
K 0 21 60
A D 4 8
J B 26 3077 1 82 6913 1152 0
J N 7 3098 0 4 1 0 0
K 0 0 43
K 0 0 60
K 0 21 60
A D 2 8
J N 7 3127 14 4 2305 576 0
K 0 0 43
K 0 0 60
K 0 21 60
A D 2 8
J N 7 3156 0 4 4609 576 0
K 0 0 43
K 0 0 60
K 0 21 60
A D 2 8
J B 27 3189 1 82 6913 576 0
J N 7 3210 7 4 1 0 0
K 0 0 43
K 0 0 60
K 0 21 60
A D 2 8
J N 8 3239 35 4 2305 576 0
K 0 0 42
K 0 0 59
K 0 -21 59
A D 4 8
J B 28 3281 1 82 6913 1152 0
J R 7 3302 28 2 1 0 0
K 0 0 48
A D 2 8
J N 7 3331 7 4 2305 576 0
K 0 0 43
K 0 0 60
K 0 21 60
A D 2 8
J N 7 3372 -7 5 4609 576 0
K -15 0 65
K 0 0 43
K 0 0 60
K 0 21 60
A D 2 8
J B 29 3405 1 82 6913 576 0
J N 7 3426 0 4 1 0 0
K 0 0 43
K 0 0 60
K 0 21 60
A D 2 8
J N 8 3455 28 4 2305 576 0
K 0 0 42
K 0 0 60
K 0 21 60
A D 4 8
J B 30 3497 1 82 6913 1152 0
J R 7 3518 28 2 1 0 0
K 0 0 48
A D 2 8
J N 7 3551 -14 8 2305 576 0
K 0 0 45
K -14 0 64
K 0 0 43
K -1 0 45
K 2 0 45
K 0 0 60
K 0 21 60
A D 2 8
J N 7 3580 -14 7 4609 576 0
K 0 0 45
K 0 0 43
K -1 0 45
K 2 0 45
K 0 0 60
K 0 21 60
A D 2 8
J B 31 3613 1 82 6913 576 0
J N 7 3634 -21 7 1 0 0
K 0 7 45
K 0 0 43
K 0 7 45
K 1 7 45
K 0 0 60
K 0 21 60
A D 2 8
J N 6 3663 -28 6 2305 576 1 4
K 0 14 45
K 0 0 45
K 0 0 43
K -1 0 45
K 2 0 45
A D 1 8
J N 6 3692 -35 6 3457 288 1 4
K 0 21 45
K 0 7 45
K 0 0 43
K 0 7 45
K 1 7 45
A D 1 8
J N 6 3721 -21 5 4609 288 1 4
K 0 7 45
K 0 0 43
K 0 7 45
K 1 7 45
A D 1 8
J N 6 3750 -28 6 5761 288 1 4
K 0 14 45
K 0 0 45
K 0 0 43
K -1 0 45
K 2 0 45
A D 1 8
H 4 B 1 0 108 4 2 1 1 3
J B 32 3783 1 82 6913 288 0
J N 7 3804 -35 9 1 0 0
K 0 21 45
K 0 7 45
K 0 0 43
K 0 7 45
K 1 7 45
K 0 0 60
K 0 28 60
K 0 35 60
A D 2 8
J N 7 3833 0 4 2305 576 0
K 0 0 43
K 0 0 60
K 0 21 60
A D 2 8
J N 7 3862 0 4 4609 576 0
K 0 0 43
K 0 0 60
K 0 21 60
A D 2 8
J B 33 3895 1 82 6913 576 0
J N 7 3916 -7 4 1 0 0
K 0 0 43
K 0 0 60
K 0 21 60
A D 2 8
J N 6 3956 -14 6 2305 576 1 5
K 0 0 45
K -14 0 64
K 0 0 43
K -1 0 45
K 2 0 45
A D 1 8
J N 6 3985 -21 5 3457 288 1 5
K 0 7 45
K 0 0 43
K 0 7 45
K 1 7 45
A D 1 8
J N 6 4014 -7 2 4609 288 1 5
K 0 0 43
A D 1 8
J N 6 4043 -14 5 5761 288 1 5
K 0 0 45
K 0 0 43
K -1 0 45
K 2 0 45
A D 1 8
H 5 B 1 0 108 4 2 1 1 3
J B 34 4076 1 82 6913 288 0
J N 7 4097 -21 7 1 0 0
K 0 7 45
K 0 0 43
K 0 7 45
K 1 7 45
K 0 0 60
K 0 21 60
A D 2 8
J N 7 4126 0 4 2305 576 0
K 0 0 43
K 0 0 60
K 0 21 60
A D 2 8
J N 7 4155 0 4 4609 576 0
K 0 0 43
K 0 0 60
K 0 21 60
A D 2 8
J B 35 4188 1 82 6913 576 0
J N 7 4209 -7 4 1 0 0
K 0 0 43
K 0 0 60
K 0 21 60
A D 2 8
J N 7 4238 -14 7 2305 576 0
K 0 0 45
K 0 0 43
K -1 0 45
K 2 0 45
K 0 0 60
K 0 21 60
A D 2 8
J N 7 4267 0 4 4609 576 0
K 0 0 43
K 0 0 60
K 0 21 60
A D 2 8
J B 36 4300 1 82 6913 576 0
J N 7 4321 14 4 1 0 0
K 0 0 43
K 0 0 60
K 0 21 60
A D 2 8
J N 7 4350 21 4 2305 576 0
K 0 0 43
K 0 0 60
K 0 21 60
A D 2 8
J N 7 4379 0 4 4609 576 1 6
K 0 0 43
K 0 0 60
K 0 21 60
A D 2 8
J B 37 4412 1 82 6913 576 0
J N 7 4433 0 4 1 0 1 6
K 0 0 43
K 0 0 60
K 0 21 60
A D 2 8
H 6 T 0 0 0 0 0 0 5 0
J N 8 4462 21 4 2305 576 0
K 0 0 42
K 0 0 60
K 0 21 60
A D 4 8
J B 38 4504 1 82 6913 1152 0
J N 8 4525 21 4 1 0 0
K 0 0 42
K 0 0 60
K 0 21 60
A D 4 8
J R 7 4563 28 2 4609 1152 0
K 0 0 48
A D 2 8
J B 39 4596 1 82 6913 576 0
J R 7 4617 28 2 1 0 0
K 0 0 48
A D 2 8
J N 7 4646 14 4 2305 576 0
K 0 0 43
K 0 0 60
K 0 21 60
A D 2 8
J N 7 4675 14 4 4609 576 0
K 0 0 43
K 0 0 60
K 0 21 60
A D 2 8
J B 40 4708 1 82 6913 576 0
J N 7 4729 14 4 1 0 0
K 0 0 43
K 0 0 60
K 0 21 60
A D 2 8
J N 8 4758 14 4 2305 576 0
K 0 0 42
K 0 0 60
K 0 21 60
A D 4 8
J B 41 4800 1 82 6913 1152 0
J R 7 4821 28 2 1 0 0
K 0 0 48
A D 2 8
J N 7 4850 7 4 2305 576 0
K 0 0 43
K 0 0 60
K 0 21 60
A D 2 8
J N 7 4879 7 4 4609 576 0
K 0 0 43
K 0 0 60
K 0 21 60
A D 2 8
J B 42 4912 1 82 6913 576 0
J N 7 4933 7 4 1 0 0
K 0 0 43
K 0 0 60
K 0 21 60
A D 2 8
J N 8 4962 7 4 2305 576 0
K 0 0 42
K 0 0 60
K 0 21 60
A D 4 8
J B 43 5004 1 82 6913 1152 0
J R 7 5025 28 2 1 0 0
K 0 0 48
A D 2 8
J N 7 5054 0 4 2305 576 0
K 0 0 43
K 0 0 60
K 0 21 60
A D 2 8
J N 7 5083 0 4 4609 576 0
K 0 0 43
K 0 0 60
K 0 21 60
A D 2 8
J B 44 5116 1 82 6913 576 0
J N 7 5137 0 4 1 0 0
K 0 0 43
K 0 0 60
K 0 21 60
A D 2 8
J N 8 5166 0 4 2305 576 0
K 0 0 42
K 0 0 60
K 0 21 60
A D 4 8
J B 45 5208 1 82 6913 1152 0
J R 7 5229 28 2 1 0 0
K 0 0 48
A D 2 8
J N 7 5258 14 4 2305 576 0
K 0 0 43
K 0 0 60
K 0 21 60
A D 2 8
J N 7 5287 35 4 4609 576 0
K 0 0 43
K 0 0 59
K 0 -21 59
A D 2 8
J B 46 5320 1 82 6913 576 0
J N 8 5341 14 4 1 0 0
K 0 0 42
K 0 0 60
K 0 21 60
A D 4 8
J R 7 5379 28 2 4609 1152 0
K 0 0 48
A D 2 8
J B 47 5412 1 82 6913 576 0
J R 7 5433 28 2 1 0 0
K 0 0 48
A D 2 8
J N 7 5462 -21 7 2305 576 0
K 0 7 45
K 0 0 43
K 0 7 45
K 1 7 45
K 0 0 60
K 0 21 60
A D 2 8
J N 7 5491 0 4 4609 576 0
K 0 0 43
K 0 0 60
K 0 21 60
A D 2 8
J B 48 5524 1 82 6913 576 0
J N 8 5545 -21 7 1 0 0
K 0 7 45
K 0 0 42
K 0 7 45
K 1 7 45
K 0 0 60
K 0 21 60
A D 4 8
J R 7 5583 28 2 4609 1152 0
K 0 0 48
A D 2 8
J B 49 5616 1 82 6913 576 0
J R 7 5637 28 2 1 0 0
K 0 0 48
A D 2 8
J N 7 5666 7 4 2305 576 0
K 0 0 43
K 0 0 60
K 0 21 60
A D 2 8
J N 7 5695 21 4 4609 576 0
K 0 0 43
K 0 0 60
K 0 21 60
A D 2 8
J B 50 5728 1 82 6913 576 0
J N 7 5749 0 4 1 0 0
K 0 0 43
K 0 0 60
K 0 21 60
A D 2 8
J N 7 5778 14 4 2305 576 0
K 0 0 43
K 0 0 60
K 0 21 60
A D 2 8
J N 7 5807 28 4 4609 576 0
K 0 0 43
K 0 0 60
K 0 21 60
A D 2 8
J B 51 5840 1 82 6913 576 0
J N 7 5861 7 4 1 0 0
K 0 0 43
K 0 0 60
K 0 21 60
A D 2 8
J N 7 5890 21 4 2305 576 0
K 0 0 43
K 0 0 60
K 0 21 60
A D 2 8
J N 7 5919 35 4 4609 576 0
K 0 0 43
K 0 0 59
K 0 -21 59
A D 2 8
J B 52 5952 1 82 6913 576 0
J N 7 5973 14 4 1 0 0
K 0 0 43
K 0 0 60
K 0 21 60
A D 2 8
J N 7 6002 28 4 2305 576 0
K 0 0 43
K 0 0 60
K 0 21 60
A D 2 8
J N 7 6043 42 5 4609 576 0
K -15 0 65
K 0 0 43
K 0 0 59
K 0 -21 59
A D 2 8
J B 53 6076 1 82 6913 576 0
J N 8 6097 7 4 1 0 0
K 0 0 42
K 0 0 60
K 0 21 60
A D 4 8
J N 7 6135 0 4 4609 1152 0
K 0 0 43
K 0 0 60
K 0 21 60
A D 2 8
J B 54 6168 1 82 6913 576 0
J N 7 6189 14 4 1 0 0
K 0 0 43
K 0 0 60
K 0 21 60
A D 2 8
J N 7 6218 7 4 2305 576 0
K 0 0 43
K 0 0 60
K 0 21 60
A D 2 8
J N 7 6247 0 4 4609 576 0
K 0 0 43
K 0 0 60
K 0 21 60
A D 2 8
J B 55 6280 1 82 6913 576 0
J N 7 6301 -21 7 1 0 0
K 0 7 45
K 0 0 43
K 0 7 45
K 1 7 45
K 0 0 60
K 0 21 60
A D 2 8
J N 7 6330 -14 7 2305 576 0
K 0 0 45
K 0 0 43
K -1 0 45
K 2 0 45
K 0 0 60
K 0 21 60
A D 2 8
J N 7 6359 35 4 4609 576 0
K 0 0 43
K 0 0 59
K 0 -21 59
A D 2 8
J B 56 6392 1 82 6913 576 0
J N 7 6413 49 4 1 0 0
K 0 0 43
K 0 0 59
K 0 -21 59
A D 2 8
J N 7 6442 0 4 2305 576 0
K 0 0 43
K 0 0 60
K 0 21 60
A D 2 8
J N 7 6471 0 4 4609 576 0
K 0 0 43
K 0 0 60
K 0 21 60
A D 2 8
J B 57 6504 1 82 6913 576 0
J N 7 6529 -7 5 1 0 0
K -15 0 65
K 0 0 43
K 0 0 60
K 0 21 60
A D 2 8
J N 8 6558 0 4 2305 576 0
K 0 0 42
K 0 0 60
K 0 21 60
A D 4 8
J B 58 6600 1 82 6913 1152 0
J N 8 6621 0 5 1 0 0
K 0 0 42
K 24 -6 44
K 0 0 60
K 0 21 60
A D 6 8
J B 59 6671 1 82 6913 1728 0
J R 7 6692 28 2 1 0 0
K 0 0 48
A D 2 8
J N 7 6721 21 4 2305 576 0
K 0 0 43
K 0 0 60
K 0 21 60
A D 2 8
J N 7 6750 21 4 4609 576 0
K 0 0 43
K 0 0 60
K 0 21 60
A D 2 8
J B 60 6783 1 82 6913 576 0
J N 7 6804 14 4 1 0 0
K 0 0 43
K 0 0 60
K 0 21 60
A D 2 8
J N 8 6833 21 4 2305 576 0
K 0 0 42
K 0 0 60
K 0 21 60
A D 4 8
J B 61 6875 1 82 6913 1152 0
J N 7 6896 21 4 1 0 0
K 0 0 43
K 0 0 60
K 0 21 60
A D 2 8
J N 7 6925 -14 7 2305 576 0
K 0 0 45
K 0 0 43
K -1 0 45
K 2 0 45
K 0 0 60
K 0 21 60
A D 2 8
J N 7 6954 -14 7 4609 576 0
K 0 0 45
K 0 0 43
K -1 0 45
K 2 0 45
K 0 0 60
K 0 21 60
A D 2 8
J B 62 6987 1 82 6913 576 0
J N 7 7008 -21 7 1 0 0
K 0 7 45
K 0 0 43
K 0 7 45
K 1 7 45
K 0 0 60
K 0 21 60
A D 2 8
J N 7 7037 -28 8 2305 576 0
K 0 14 45
K 0 0 45
K 0 0 43
K -1 0 45
K 2 0 45
K 0 0 60
K 0 28 60
A D 2 8
J N 7 7066 21 4 4609 576 0
K 0 0 43
K 0 0 60
K 0 21 60
A D 2 8
J B 63 7099 1 82 6913 576 0
J R 7 7120 28 2 1 0 0
K 0 0 48
A D 2 8
J N 7 7149 -21 7 2305 576 0
K 0 7 45
K 0 0 43
K 0 7 45
K 1 7 45
K 0 0 60
K 0 21 60
A D 2 8
J N 7 7178 -35 9 4609 576 0
K 0 21 45
K 0 7 45
K 0 0 43
K 0 7 45
K 1 7 45
K 0 0 60
K 0 28 60
K 0 35 60
A D 2 8
J B 64 7211 1 82 6913 576 0
J N 8 7232 -7 4 1 0 0
K 0 0 42
K 0 0 60
K 0 21 60
A D 4 8
J N 7 7270 14 4 2305 1152 0
K 0 0 43
K 0 0 60
K 0 21 60
A D 2 8
J N 7 7299 0 4 3457 576 0
K 0 0 43
K 0 0 60
K 0 21 60
A D 2 8
J N 8 7328 21 4 4609 576 0
K 0 0 42
K 0 0 60
K 0 21 60
A D 4 8
J B 66 7370 1 82 6913 1152 0
J N 8 7391 21 4 1 0 0
K 0 0 42
K 0 0 60
K 0 21 60
A D 4 8
J R 7 7429 28 2 4609 1152 0
K 0 0 48
A D 2 8
J B 67 7462 1 82 6913 576 0
J R 9 7483 28 2 1 10000 0
K 0 0 46
A D 6 8
J B 68 7588 1 82 6913 1728 0
J R 9 7609 28 2 1 10000 0
K 0 0 46
A D 6 8
J B 69 7714 1 82 6913 1728 0
J R 9 7735 28 2 1 10000 0
K 0 0 46
A D 6 8
J B 70 7840 1 82 6913 1728 0
J R 9 7861 28 2 1 10000 0
K 0 0 46
A D 6 8
J B 71 7966 1 82 6913 1728 0
J R 9 7987 28 2 1 10000 0
K 0 0 46
A D 6 8
J B 72 8092 1 82 6913 1728 0
J R 9 8113 28 2 1 10000 0
K 0 0 46
A D 6 8
J B 73 8218 1 82 6913 1728 0
J R 7 8239 28 2 1 0 0
K 0 0 48
A D 2 8
J N 7 8268 21 4 2305 576 0
K 0 0 43
K 0 0 60
K 0 21 60
A D 2 8
J N 7 8297 0 4 4609 576 0
K 0 0 43
K 0 0 60
K 0 21 60
A D 2 8
J B 74 8330 1 82 6913 576 0
J N 7 8351 28 4 1 0 0
K 0 0 43
K 0 0 60
K 0 21 60
A D 2 8
J N 7 8380 7 4 2305 576 0
K 0 0 43
K 0 0 60
K 0 21 60
A D 2 8
J N 7 8421 -7 5 4609 576 0
K -15 0 65
K 0 0 43
K 0 0 60
K 0 21 60
A D 2 8
J B 75 8454 1 82 6913 576 0
J N 7 8475 35 4 1 0 0
K 0 0 43
K 0 0 59
K 0 -21 59
A D 2 8
J N 7 8504 14 4 2305 576 0
K 0 0 43
K 0 0 60
K 0 21 60
A D 2 8
J N 7 8533 0 4 4609 576 0
K 0 0 43
K 0 0 60
K 0 21 60
A D 2 8
J B 76 8566 1 82 6913 576 0
J N 7 8587 -21 7 1 0 0
K 0 7 45
K 0 0 43
K 0 7 45
K 1 7 45
K 0 0 60
K 0 21 60
A D 2 8
J N 8 8616 -14 7 2305 576 0
K 0 0 45
K 0 0 42
K -1 0 45
K 2 0 45
K 0 0 60
K 0 21 60
A D 4 8
J B 77 8658 1 82 6913 1152 0
J N 8 8679 -14 7 1 0 0
K 0 0 45
K 0 0 42
K -1 0 45
K 2 0 45
K 0 0 60
K 0 21 60
A D 4 8
J R 7 8717 28 2 4609 1152 0
K 0 0 48
A D 2 8
J B 78 8750 1 82 6913 576 0
J R 7 8771 28 2 1 0 0
K 0 0 48
A D 2 8
J N 7 8800 7 4 2305 576 0
K 0 0 43
K 0 0 60
K 0 21 60
A D 2 8
J N 7 8829 7 4 4609 576 0
K 0 0 43
K 0 0 60
K 0 21 60
A D 2 8
J B 79 8862 1 82 6913 576 0
J N 8 8883 7 4 1 0 0
K 0 0 42
K 0 0 60
K 0 21 60
A D 4 8
J R 7 8921 28 2 4609 1152 0
K 0 0 48
A D 2 8
J B 80 8954 1 82 6913 576 0
J R 7 8975 28 2 1 0 0
K 0 0 48
A D 2 8
J N 7 9004 0 4 2305 576 0
K 0 0 43
K 0 0 60
K 0 21 60
A D 2 8
J N 7 9033 0 4 4609 576 0
K 0 0 43
K 0 0 60
K 0 21 60
A D 2 8
J B 81 9066 1 82 6913 576 0
J N 8 9087 0 4 1 0 0
K 0 0 42
K 0 0 60
K 0 21 60
A D 4 8
J R 7 9125 28 2 4609 1152 0
K 0 0 48
A D 2 8
J B 82 9158 1 82 6913 576 0
J R 7 9179 28 2 1 0 0
K 0 0 48
A D 2 8
J N 7 9208 14 4 2305 576 0
K 0 0 43
K 0 0 60
K 0 21 60
A D 2 8
J N 7 9237 35 4 4609 576 0
K 0 0 43
K 0 0 59
K 0 -21 59
A D 2 8
J B 83 9270 1 82 6913 576 0
J N 8 9291 14 4 1 0 0
K 0 0 42
K 0 0 60
K 0 21 60
A D 4 8
J R 7 9329 28 2 4609 1152 0
K 0 0 48
A D 2 8
J B 84 9362 1 82 6913 576 0
J R 7 9383 28 2 1 0 0
K 0 0 48
A D 2 8
J N 7 9412 7 4 2305 576 0
K 0 0 43
K 0 0 60
K 0 21 60
A D 2 8
J N 7 9441 28 4 4609 576 0
K 0 0 43
K 0 0 60
K 0 21 60
A D 2 8
J B 85 9474 1 82 6913 576 0
J N 8 9495 7 4 1 0 0
K 0 0 42
K 0 0 60
K 0 21 60
A D 4 8
J R 7 9533 28 2 4609 1152 0
K 0 0 48
A D 2 8
J B 86 9566 1 82 6913 576 0
J R 7 9587 28 2 1 0 0
K 0 0 48
A D 2 8
J N 7 9616 -14 7 2305 576 0
K 0 0 45
K 0 0 43
K -1 0 45
K 2 0 45
K 0 0 60
K 0 21 60
A D 2 8
J N 7 9657 -28 9 4609 576 0
K 0 14 45
K 0 0 45
K -15 0 65
K 0 0 43
K -1 0 45
K 2 0 45
K 0 0 60
K 0 28 60
A D 2 8
J B 87 9690 1 82 6913 576 0
J N 8 9711 -21 7 1 0 0
K 0 7 45
K 0 0 42
K 0 7 45
K 1 7 45
K 0 0 60
K 0 21 60
A D 4 8
J N 7 9749 28 4 4609 1152 0
K 0 0 43
K 0 0 60
K 0 21 60
A D 2 8
J B 88 9782 1 82 6913 576 0
J N 7 9807 21 5 1 0 0
K -15 0 65
K 0 0 43
K 0 0 60
K 0 21 60
A D 2 8
J N 8 9836 28 4 2305 576 0
K 0 0 42
K 0 0 60
K 0 21 60
A D 4 8
J B 89 9878 1 82 6913 1152 0
J N 8 9899 28 4 1 0 0
K 0 0 42
K 0 0 60
K 0 21 60
A D 4 8
J R 7 9937 28 2 4609 1152 0
K 0 0 48
A D 2 8
J B 90 9970 1 82 6913 576 0
J R 7 9991 28 2 1 0 0
K 0 0 48
A D 2 8
J N 7 10020 0 4 2305 576 0
K 0 0 43
K 0 0 60
K 0 21 60
A D 2 8
J N 7 10049 -21 7 4609 576 0
K 0 7 45
K 0 0 43
K 0 7 45
K 1 7 45
K 0 0 60
K 0 21 60
A D 2 8
J B 91 10082 1 82 6913 576 0
J N 7 10103 -7 4 1 0 0
K 0 0 43
K 0 0 60
K 0 21 60
A D 2 8
J N 7 10132 -14 7 2305 576 0
K 0 0 45
K 0 0 43
K -1 0 45
K 2 0 45
K 0 0 60
K 0 21 60
A D 2 8
J N 7 10161 7 4 4609 576 0
K 0 0 43
K 0 0 60
K 0 21 60
A D 2 8
J B 92 10194 1 82 6913 576 0
J N 7 10215 -21 7 1 0 0
K 0 7 45
K 0 0 43
K 0 7 45
K 1 7 45
K 0 0 60
K 0 21 60
A D 2 8
J N 6 10244 28 2 2305 576 1 7
K 0 0 43
A D 1 8
J N 6 10273 21 2 3457 288 1 7
K 0 0 43
A D 1 8
J N 6 10313 14 3 4609 288 1 7
K -14 0 64
K 0 0 43
A D 1 8
J N 6 10342 28 2 5761 288 1 7
K 0 0 43
A D 1 8
H 7 B 1 0 108 4 2 1 1 3
J B 93 10375 1 82 6913 288 0
J N 6 10396 7 2 1 0 1 8
K 0 0 43
A D 1 8
J N 6 10436 14 3 1153 288 1 8
K -14 0 64
K 0 0 43
A D 1 8
J N 6 10465 7 2 2305 288 1 8
K 0 0 43
A D 1 8
J N 6 10494 0 2 3457 288 1 8
K 0 0 43
A D 1 8
J N 6 10535 -7 3 4609 288 1 8
K -15 0 65
K 0 0 43
A D 1 8
J N 6 10564 7 2 5761 288 1 8
K 0 0 43
A D 1 8
H 8 B 1 0 108 6 2 1 1 1 1 3
J B 94 10597 1 82 6913 288 0
J N 7 10618 0 4 1 0 0
K 0 0 43
K 0 0 60
K 0 21 60
A D 2 8
J N 8 10647 28 4 2305 576 0
K 0 0 42
K 0 0 60
K 0 21 60
A D 4 8
J B 95 10689 1 82 6913 1152 0
J R 7 10710 28 2 1 0 0
K 0 0 48
A D 2 8
J N 7 10739 7 4 2305 576 0
K 0 0 43
K 0 0 60
K 0 21 60
A D 2 8
J N 7 10768 7 4 4609 576 0
K 0 0 43
K 0 0 60
K 0 21 60
A D 2 8
J B 96 10801 1 82 6913 576 0
J N 7 10822 0 4 1 0 0
K 0 0 43
K 0 0 60
K 0 21 60
A D 2 8
J N 6 10851 0 2 2305 576 1 9
K 0 0 43
A D 1 8
J N 6 10880 -7 2 3457 288 1 9
K 0 0 43
A D 1 8
J N 6 10920 -14 6 4609 288 1 9
K 0 0 45
K -14 0 64
K 0 0 43
K -1 0 45
K 2 0 45
A D 1 8
J N 6 10949 0 2 5761 288 1 9
K 0 0 43
A D 1 8
H 9 B 1 0 108 4 2 1 1 3
J B 97 10982 1 82 6913 288 0
J N 7 11003 -21 7 1 0 0
K 0 7 45
K 0 0 43
K 0 7 45
K 1 7 45
K 0 0 60
K 0 21 60
A D 2 8
J N 6 11032 14 2 2305 576 1 10
K 0 0 43
A D 1 8
J N 6 11061 7 2 3457 288 1 10
K 0 0 43
A D 1 8
J N 6 11090 0 2 4609 288 1 10
K 0 0 43
A D 1 8
J N 6 11119 14 2 5761 288 1 10
K 0 0 43
A D 1 8
H 10 B 1 0 108 4 2 1 1 3
J B 98 11152 1 82 6913 288 0
J N 7 11173 7 4 1 0 0
K 0 0 43
K 0 0 60
K 0 21 60
A D 2 8
J N 7 11202 0 4 2305 576 0
K 0 0 43
K 0 0 60
K 0 21 60
A D 2 8
J N 7 11231 0 4 4609 576 0
K 0 0 43
K 0 0 60
K 0 21 60
A D 2 8
J B 99 11264 1 82 6913 576 0
J N 7 11285 0 4 1 0 0
K 0 0 43
K 0 0 60
K 0 21 60
A D 2 8
J N 8 11326 -7 5 2305 576 0
K -15 0 65
K 0 0 42
K 0 0 60
K 0 21 60
A D 4 8
J B 100 11368 1 82 6913 1152 0
J N 8 11389 21 4 1 0 0
K 0 0 42
K 0 0 60
K 0 21 60
A D 4 8
J R 7 11427 28 2 4609 1152 0
K 0 0 48
A D 2 8
J B 101 11460 1 82 6913 576 0
J N 8 11481 0 4 1 0 0
K 0 0 42
K 0 0 60
K 0 21 60
A D 4 8
J R 7 11519 28 2 4609 1152 0
K 0 0 48
A D 2 8
J B 102 11552 1 82 6913 576 0
J N 8 11573 21 4 1 0 0
K 0 0 42
K 0 0 60
K 0 21 60
A D 4 8
J R 7 11611 28 2 4609 1152 0
K 0 0 48
A D 2 8
J B 103 11644 1 82 6913 576 0
J N 8 11665 0 4 1 0 0
K 0 0 42
K 0 0 60
K 0 21 60
A D 4 8
J R 7 11703 28 2 4609 1152 0
K 0 0 48
A D 2 8
J B 104 11736 1 82 6913 576 0
J N 8 11757 21 4 1 0 0
K 0 0 42
K 0 0 60
K 0 21 60
A D 4 8
J N 7 11795 21 4 4609 1152 0
K 0 0 43
K 0 0 60
K 0 21 60
A D 2 8
J B 105 11828 1 82 6913 576 0
J N 7 11849 0 4 1 0 0
K 0 0 43
K 0 0 60
K 0 21 60
A D 2 8
J N 7 11878 7 4 2305 576 0
K 0 0 43
K 0 0 60
K 0 21 60
A D 2 8
J N 7 11907 14 4 4609 576 0
K 0 0 43
K 0 0 60
K 0 21 60
A D 2 8
J B 106 11940 1 82 6913 576 0
J N 7 11961 21 4 1 0 0
K 0 0 43
K 0 0 60
K 0 21 60
A D 2 8
J N 7 11990 49 4 2305 576 0
K 0 0 43
K 0 0 59
K 0 -21 59
A D 2 8
J N 7 12019 0 4 4609 576 0
K 0 0 43
K 0 0 60
K 0 21 60
A D 2 8
J B 107 12052 1 82 6913 576 0
J N 6 12073 14 2 1 0 1 11
K 0 0 43
A D 1 8
J N 6 12102 21 2 1153 288 1 11
K 0 0 43
A D 1 8
J N 6 12131 14 2 2305 288 1 11
K 0 0 43
A D 1 8
J N 6 12160 7 2 3457 288 1 11
K 0 0 43
A D 1 8
J N 6 12189 0 2 4609 288 1 11
K 0 0 43
A D 1 8
J N 6 12230 -7 3 5761 288 1 11
K -15 0 65
K 0 0 43
A D 1 8
H 11 B 1 0 108 6 2 1 1 1 1 3
J B 108 12263 1 82 6913 288 0
J N 8 12284 21 4 1 0 0
K 0 0 42
K 0 0 60
K 0 21 60
A D 4 8
J R 7 12322 28 2 4609 1152 0
K 0 0 48
A D 2 8
J B 109 12355 1 82 6913 576 0
J R 7 12376 28 3 1 0 0
K 0 0 48
K -2 -35 101
A D 2 8
J R 7 12405 28 2 2305 576 0
K 0 0 48
A D 2 8
J D 5 12434 -42 1 4609 576 0
W 0 0 37 Adagio
J N 7 12434 0 4 4609 0 0
K 0 0 43
K 0 0 60
K 0 21 60
A D 2 8
J B 110 12467 1 82 6913 576 0
J N 8 12488 28 4 1 0 0
K 0 0 42
K 0 0 60
K 0 21 60
A D 4 8
J N 7 12530 -7 5 4609 1152 0
K -15 0 65
K 0 0 43
K 0 0 60
K 0 21 60
A D 2 8
J B 111 12563 1 82 6913 576 0
J N 8 12584 21 4 1 0 0
K 0 0 42
K 0 0 60
K 0 21 60
A D 4 8
J N 8 12622 -7 5 2305 1152 0
K -14 0 64
K 0 0 42
K 0 0 60
K 0 21 60
A D 4 8
J N 8 12660 0 4 4609 1152 0
K 0 0 42
K 0 0 60
K 0 21 60
A D 4 8
J B 113 12702 1 82 6913 1152 0
J N 8 12723 0 5 1 0 0
K 0 0 42
K 24 -6 44
K 0 0 60
K 0 21 60
A D 6 8
J B 0 12786 6 2 6913 1728 0
K -13 0 82
K -6 0 84
J M 0 12786 0 0 10000 0 0
