S 0 200 140 2050 1066 7 "[...][....]"        
L 0 0 0 333 333 * 0 14 0        
J C 4 5 42 2 6913 0 0        
K 0 0 33        
K 0 0 34        
J K -1 57 0 1 6913 0 0        
K 0 28 65        
J D 0 -11 -14 1 6913 0 0        
W 0 0 37 \01\06        
J N 7 149 35 4 1 0 0        
K 0 0 43        
K 0 0 59        
K 0 -21 59        
A D 2 8        
J N 7 305 21 4 1729 576 0        
K 0 0 43        
K 0 0 60        
K 0 21 60        
A D 2 8        
J N 7 461 42 4 3457 576 0        
K 0 0 43        
K 0 0 59        
K 0 -21 59        
A D 2 8        
J R 6 614 28 2 5185 576 0        
K 0 0 49        
A D 1 8        
J N 6 690 21 3 6049 288 0        
K 0 0 43        
K 0 0 54        
A D 1 8        
J B 17 768 1 82 6913 288 0        
J N 7 789 35 4 1 0 0        
K 0 0 43        
K 0 0 59        
K 0 -21 59        
A D 2 8        
J R 6 941 28 2 1729 576 0        
K 0 0 49        
A D 1 8        
J N 6 1017 35 3 2593 288 0        
K 0 0 43        
K 0 0 53        
A D 1 8        
J N 7 1105 14 4 3457 288 0        
K 0 0 43        
K 0 0 60        
K 0 21 60        
A D 2 8        
J R 6 1257 28 2 5185 576 0        
K 0 0 49        
A D 1 8        
J N 6 1333 14 3 6049 288 0        
K 0 0 43        
K 0 0 54        
A D 1 8        
J B 18 1411 1 82 6913 288 0        
J N 7 1432 28 4 1 0 0        
K 0 0 43        
K 0 0 60        
K 0 21 60        
A D 2 8        
J R 6 1584 28 2 1729 576 0        
K 0 0 49        
A D 1 8        
J N 6 1660 28 3 2593 288 0        
K 0 0 43        
K 0 0 54        
A D 1 8        
J N 7 1744 14 4 3457 288 0        
K 0 0 43        
K 0 0 60        
K 0 21 60        
A D 2 8        
J R 6 1896 28 2 5185 576 0        
K 0 0 49        
A D 1 8        
J N 6 1972 14 3 6049 288 0        
K 0 0 43        
K 0 0 54        
A D 1 8        
J B 19 2050 1 82 6913 288 0        
E *        
L 160 0 0 333 333 * 0 14 0        
J C 4 5 42 2 6913 0 0        
K 0 0 33        
K 0 0 34        
J K -1 57 0 1 6913 0 0        
K 0 28 65        
J D 0 -11 -14 1 6913 0 0        
W 0 0 0 \01\06        
J N 7 149 49 4 1 0 0        
K 0 0 43        
K 0 0 59        
K 0 -21 59        
A D 4 16        
J N 7 305 35 4 1729 576 0        
K 0 0 43        
K 0 0 59        
K 0 -21 59        
A D 4 16        
J N 7 461 21 4 3457 576 0        
K 0 0 43        
K 0 0 60        
K 0 21 60        
A D 4 16        
J N 7 614 70 7 5185 576 0        
K 1 0 45        
K 0 0 43        
K -1 0 45        
K 2 0 45        
K 0 0 59        
K 0 -21 59        
A D 4 16        
J B 17 768 1 82 6913 576 0        
J R 6 789 28 2 1 0 0        
K 0 0 49        
A D 2 16        
J N 6 865 21 3 865 288 0        
K 0 0 43        
K 0 0 54        
A D 2 16        
J N 7 941 35 4 1729 288 0        
K 0 0 43        
K 0 0 59        
K 0 -21 59        
A D 4 16        
J R 6 1105 28 2 3457 576 0        
K 0 0 49        
A D 2 16        
J N 6 1181 35 3 4321 288 0        
K 0 0 43        
K 0 0 53        
A D 2 16        
J N 7 1257 14 4 5185 288 0        
K 0 0 43        
K 0 0 60        
K 0 21 60        
A D 4 16        
J B 18 1411 1 82 6913 576 0        
J R 6 1432 28 2 1 0 0        
K 0 0 49        
A D 2 16        
J N 6 1508 14 3 865 288 0        
K 0 0 43        
K 0 0 54        
A D 2 16        
J N 7 1584 28 4 1729 288 0        
K 0 0 43        
K 0 0 60        
K 0 21 60        
A D 4 16        
J R 6 1744 28 2 3457 576 0        
K 0 0 49        
A D 2 16        
J N 6 1820 35 3 4321 288 0        
K 0 0 43        
K 0 0 53        
A D 2 16        
J N 7 1896 14 4 5185 288 0        
K 0 0 43        
K 0 0 60        
K 0 21 60        
A D 4 16        
J B 19 2050 1 82 6913 576 0        
E *        
L 320 0 0 333 333 * 0 14 0        
J C 22 5 14 36 6913 0 0        
J K -1 57 0 1 6913 0 0        
K 0 42 65        
J D 0 -11 -14 1 6913 0 0        
W 0 0 0 \01\06        
J N 5 149 14 2 1 0 1 55        
K 0 0 43        
A D 1 16        
J N 5 188 0 2 433 144 1 55        
K 0 0 43        
A D 1 16        
J N 5 227 -14 5 865 144 1 55        
K 0 0 45        
K 0 0 43        
K -1 0 45        
K 2 0 45        
A D 1 16        
J N 5 266 0 2 1297 144 1 55        
K 0 0 43        
A D 1 16        
H 55 B -46 -1 108 4 22 11 11 33        
J N 5 305 14 2 1729 144 1 56        
K 0 0 43        
A D 1 16        
J N 5 344 0 2 2161 144 1 56        
K 0 0 43        
A D 1 16        
J N 5 383 -14 5 2593 144 1 56        
K 0 0 45        
K 0 0 43        
K -1 0 45        
K 2 0 45        
A D 1 16        
J N 5 422 0 2 3025 144 1 56        
K 0 0 43        
A D 1 16        
H 56 B -46 -1 108 4 22 11 11 33        
J N 5 461 21 2 3457 144 1 57        
K 0 0 43        
A D 1 16        
J N 5 500 7 2 3889 144 1 57        
K 0 0 43        
A D 1 16        
J N 5 538 -14 5 4321 144 1 57        
K 0 0 45        
K 0 0 43        
K -1 0 45        
K 2 0 45        
A D 1 16        
J N 5 576 7 2 4753 144 1 57        
K 0 0 43        
A D 1 16        
H 57 B -53 -1 108 4 22 11 11 33        
J N 5 614 21 2 5185 144 1 58        
K 0 0 43        
A D 1 16        
J N 5 652 7 2 5617 144 1 58        
K 0 0 43        
A D 1 16        
J N 5 690 -14 5 6049 144 1 58        
K 0 0 45        
K 0 0 43        
K -1 0 45        
K 2 0 45        
A D 1 16        
J N 5 728 7 2 6481 144 1 58        
K 0 0 43        
A D 1 16        
H 58 B -53 -1 108 4 22 11 11 33        
J B 17 768 1 82 6913 144 0        
J N 5 789 14 2 1 0 1 59        
K 0 0 43        
A D 1 16        
J N 5 827 0 2 433 144 1 59        
K 0 0 43        
A D 1 16        
J N 5 865 -14 5 865 144 1 59        
K 0 0 45        
K 0 0 43        
K -1 0 45        
K 2 0 45        
A D 1 16        
J N 5 903 0 2 1297 144 1 59        
K 0 0 43        
A D 1 16        
H 59 B -46 -1 108 4 22 11 11 33        
J N 5 941 14 2 1729 144 1 60        
K 0 0 43        
A D 1 16        
J N 5 979 0 2 2161 144 1 60        
K 0 0 43        
A D 1 16        
J N 5 1017 -14 5 2593 144 1 60        
K 0 0 45        
K 0 0 43        
K -1 0 45        
K 2 0 45        
A D 1 16        
J N 5 1055 0 2 3025 144 1 60        
K 0 0 43        
A D 1 16        
H 60 B -46 -1 108 4 22 11 11 33        
J N 5 1105 14 3 3457 144 1 61        
K -18 0 63        
K 0 0 43        
A D 1 16        
J N 5 1143 0 2 3889 144 1 61        
K 0 0 43        
A D 1 16        
J N 5 1181 -21 5 4321 144 1 61        
K 0 7 45        
K 0 0 43        
K 0 7 45        
K 1 7 45        
A D 1 16        
J N 5 1219 0 2 4753 144 1 61        
K 0 0 43        
A D 1 16        
H 61 B -46 -1 108 4 22 11 11 33        
J N 5 1257 14 2 5185 144 1 62        
K 0 0 43        
A D 1 16        
J N 5 1295 0 2 5617 144 1 62        
K 0 0 43        
A D 1 16        
J N 5 1333 -21 5 6049 144 1 62        
K 0 7 45        
K 0 0 43        
K 0 7 45        
K 1 7 45        
A D 1 16        
J N 5 1371 0 2 6481 144 1 62        
K 0 0 43        
A D 1 16        
H 62 B -46 -1 108 4 22 11 11 33        
J B 18 1411 1 82 6913 144 0        
J N 5 1432 7 2 1 0 1 63        
K 0 0 43        
A D 1 16        
J N 5 1470 -7 2 433 144 1 63        
K 0 0 43        
A D 1 16        
J N 5 1508 -21 5 865 144 1 63        
K 0 7 45        
K 0 0 43        
K 0 7 45        
K 1 7 45        
A D 1 16        
J N 5 1546 -7 2 1297 144 1 63        
K 0 0 43        
A D 1 16        
H 63 B -53 -1 108 4 22 11 11 33        
J N 5 1584 7 2 1729 144 1 64        
K 0 0 43        
A D 1 16        
J N 5 1622 -7 2 2161 144 1 64        
K 0 0 43        
A D 1 16        
J N 5 1660 -21 5 2593 144 1 64        
K 0 7 45        
K 0 0 43        
K 0 7 45        
K 1 7 45        
A D 1 16        
J N 5 1698 -7 2 3025 144 1 64        
K 0 0 43        
A D 1 16        
H 64 B -53 -1 108 4 22 11 11 33        
J N 5 1744 14 3 3457 144 1 65        
K -18 0 63        
K 0 0 43        
A D 1 16        
J N 5 1782 0 2 3889 144 1 65        
K 0 0 43        
A D 1 16        
J N 5 1820 -21 5 4321 144 1 65        
K 0 7 45        
K 0 0 43        
K 0 7 45        
K 1 7 45        
A D 1 16        
J N 5 1858 0 2 4753 144 1 65        
K 0 0 43        
A D 1 16        
H 65 B -46 -1 108 4 22 11 11 33        
J N 5 1896 14 2 5185 144 1 66        
K 0 0 43        
A D 1 16        
J N 5 1934 0 2 5617 144 1 66        
K 0 0 43        
A D 1 16        
J N 5 1972 -21 5 6049 144 1 66        
K 0 7 45        
K 0 0 43        
K 0 7 45        
K 1 7 45        
A D 1 16        
J N 5 2010 0 2 6481 144 1 66        
K 0 0 43        
A D 1 16        
H 66 B -46 -1 108 4 22 11 11 33        
J B 19 2050 1 82 6913 144 0        
E *        
L 530 0 0 333 333 * 0 14 0        
J C 4 5 42 2 6913 0 0        
K 0 0 33        
K 0 0 34        
J K -1 57 0 1 6913 0 0        
K 0 28 65        
J D 0 -11 -14 1 6913 0 0        
W 0 0 0 \01\06        
J N 7 149 35 4 1 0 0        
K 0 0 43        
K 0 0 59        
K 0 -21 59        
A D 2 8        
J R 7 305 28 2 1729 576 0        
K 0 0 48        
A D 2 8        
J N 7 461 21 4 3457 576 0        
K 0 0 43        
K 0 0 60        
K 0 21 60        
A D 2 8        
J R 7 614 28 2 5185 576 0        
K 0 0 48        
A D 2 8        
J B 17 768 1 82 6913 576 0        
J N 7 789 35 4 1 0 0        
K 0 0 43        
K 0 0 59        
K 0 -21 59        
A D 2 8        
J R 7 941 28 2 1729 576 0        
K 0 0 48        
A D 2 8        
J N 7 1105 14 4 3457 576 0        
K 0 0 43        
K 0 0 60        
K 0 21 60        
A D 2 8        
J R 7 1257 28 2 5185 576 0        
K 0 0 48        
A D 2 8        
J B 18 1411 1 82 6913 576 0        
J N 7 1432 28 4 1 0 0        
K 0 0 43        
K 0 0 60        
K 0 21 60        
A D 2 8        
J R 7 1584 28 2 1729 576 0        
K 0 0 48        
A D 2 8        
J N 7 1744 14 4 3457 576 0        
K 0 0 43        
K 0 0 60        
K 0 21 60        
A D 2 8        
J R 7 1896 28 2 5185 576 0        
K 0 0 48        
A D 2 8        
J B 19 2050 1 82 6913 576 0        
E *        
L 690 0 0 333 333 * 0 14 0        
J C 4 5 42 2 6913 0 0        
K 0 0 33        
K 0 0 34        
J K -1 57 0 1 6913 0 0        
K 0 28 65        
J D 0 -11 -14 1 6913 0 0        
W 0 0 0 \01\06        
J N 7 149 21 4 1 0 0        
K 0 0 43        
K 0 0 60        
K 0 21 60        
A D 4 16        
J R 7 305 28 2 1729 576 0        
K 0 0 48        
A D 4 16        
J N 7 461 42 4 3457 576 0        
K 0 0 43        
K 0 0 59        
K 0 -21 59        
A D 4 16        
J R 7 614 28 2 5185 576 0        
K 0 0 48        
A D 4 16        
J B 17 768 1 82 6913 576 0        
J N 7 789 21 4 1 0 0        
K 0 0 43        
K 0 0 60        
K 0 21 60        
A D 4 16        
J R 7 941 28 2 1729 576 0        
K 0 0 48        
A D 4 16        
J N 7 1105 35 4 3457 576 0        
K 0 0 43        
K 0 0 59        
K 0 -21 59        
A D 4 16        
J R 7 1257 28 2 5185 576 0        
K 0 0 48        
A D 4 16        
J B 18 1411 1 82 6913 576 0        
J N 7 1432 63 4 1 0 0        
K 0 0 43        
K 0 0 59        
K 0 -21 59        
A D 4 16        
J R 7 1584 28 2 1729 576 0        
K 0 0 48        
A D 4 16        
J N 7 1744 35 4 3457 576 0        
K 0 0 43        
K 0 0 59        
K 0 -21 59        
A D 4 16        
J R 7 1896 28 2 5185 576 0        
K 0 0 48        
A D 4 16        
J B 19 2050 1 82 6913 576 0        
E *        
L 850 0 0 333 333 * 0 14 0        
J C 13 5 28 35 6913 0 0        
J K -1 57 0 1 6913 0 0        
K 0 35 65        
J D 0 -11 -14 1 6913 0 0        
W 0 0 0 \01\06        
J N 7 149 28 4 1 0 0        
K 0 0 43        
K 0 0 60        
K 0 21 60        
A D 2 8        
J R 7 305 28 2 1729 576 0        
K 0 0 48        
A D 2 8        
J N 7 461 28 4 3457 576 0        
K 0 0 43        
K 0 0 60        
K 0 21 60        
A D 2 8        
J R 7 614 28 2 5185 576 0        
K 0 0 48        
A D 2 8        
J B 17 768 1 82 6913 576 0        
J N 7 789 28 4 1 0 0        
K 0 0 43        
K 0 0 60        
K 0 21 60        
A D 2 8        
J R 7 941 28 2 1729 576 0        
K 0 0 48        
A D 2 8        
J N 7 1105 21 4 3457 576 0        
K 0 0 43        
K 0 0 60        
K 0 21 60        
A D 2 8        
J R 7 1257 28 2 5185 576 0        
K 0 0 48        
A D 2 8        
J B 18 1411 1 82 6913 576 0        
J N 7 1432 21 4 1 0 0        
K 0 0 43        
K 0 0 60        
K 0 21 60        
A D 2 8        
J R 7 1584 28 2 1729 576 0        
K 0 0 48        
A D 2 8        
J N 7 1744 21 4 3457 576 0        
K 0 0 43        
K 0 0 60        
K 0 21 60        
A D 2 8        
J R 7 1896 28 2 5185 576 0        
K 0 0 48        
A D 2 8        
J B 19 2050 1 82 6913 576 0        
E *        
L 1010 0 0 333 333 * 0 14 0        
J C 22 5 14 36 6913 0 0        
J K -1 57 0 1 6913 0 0        
K 0 42 65        
J D 0 -11 -14 1 6913 0 0        
W 0 0 0 \01\06        
J N 7 149 14 4 1 0 0        
K 0 0 43        
K 0 0 60        
K 0 21 60        
A D 2 8        
J R 7 305 28 2 1729 576 0        
K 0 0 48        
A D 2 8        
J F 0 461 98 1 3457 576 0        
K 0 0 205        
J N 7 461 21 4 3457 0 0        
K 0 0 43        
K 0 0 60        
K 0 21 60        
A D 2 8        
J R 7 614 28 2 5185 576 0        
K 0 0 48        
A D 2 8        
J B 17 768 1 82 6913 576 0        
J N 7 789 14 4 1 0 0        
K 0 0 43        
K 0 0 60        
K 0 21 60        
A D 2 8        
J R 7 941 28 2 1729 576 0        
K 0 0 48        
A D 2 8        
J F 0 1105 98 1 3457 576 0        
K 0 0 205        
J N 7 1105 14 5 3457 0 0        
K -18 0 63        
K 0 0 43        
K 0 0 60        
K 0 21 60        
A D 2 8        
J R 7 1257 28 2 5185 576 0        
K 0 0 48        
A D 2 8        
J B 18 1411 1 82 6913 576 0        
J N 7 1432 7 4 1 0 0        
K 0 0 43        
K 0 0 60        
K 0 21 60        
A D 2 8        
J R 7 1584 28 2 1729 576 0        
K 0 0 48        
A D 2 8        
J F 0 1744 98 1 3457 576 0        
K 0 0 205        
J N 7 1744 14 5 3457 0 0        
K -18 0 63        
K 0 0 43        
K 0 0 60        
K 0 21 60        
A D 2 8        
J R 7 1896 28 2 5185 576 0        
K 0 0 48        
A D 2 8        
J B 19 2050 1 82 6913 576 0        
E *        
B 25 87 0        
B 1 768 0        
B 1 1411 0        
B 1 2050 0        
S 0 200 1510 2050 1066 7 "[...][....]"        
L 0 0 0 313 313 * 0 14 0        
J C 4 5 42 2 6913 0 0        
K 0 0 33        
K 0 0 34        
J K -1 57 0 1 6913 0 0        
K 0 28 65        
J D 0 -11 -14 1 6913 0 0        
W 0 0 37 \01\09        
J N 7 113 28 4 1 0 0        
K 0 0 43        
K 0 0 60        
K 0 21 60        
A D 2 8        
J R 6 241 28 2 1729 576 0        
K 0 0 49        
A D 1 8        
J N 6 305 14 3 2593 288 0        
K 0 0 43        
K 0 0 54        
A D 1 8        
J N 7 371 -7 4 3457 288 0        
K 0 0 43        
K 0 0 60        
K 0 21 60        
A D 2 8        
J R 6 499 28 2 5185 576 0        
K 0 0 49        
A D 1 8        
J N 6 563 0 3 6049 288 0        
K 0 0 43        
K 0 0 54        
A D 1 8        
J B 20 629 1 82 6913 288 0        
J N 6 654 7 3 1 0 1 5        
K -15 0 65        
K 0 0 43        
A D 1 8        
J N 6 699 -7 2 865 288 1 5        
K 0 0 43        
A D 1 8        
J N 6 744 0 2 1729 288 1 5        
K 0 0 43        
A D 1 8        
J N 6 789 7 2 2593 288 1 5        
K 0 0 43        
A D 1 8        
H 5 B -49 0 108 4 2 1 1 3        
J N 7 834 7 4 3457 288 0        
K 0 0 43        
K 0 0 60        
K 0 21 60        
A D 2 8        
J N 7 899 14 4 5185 576 0        
K 0 0 43        
K 0 0 60        
K 0 21 60        
A D 2 8        
J B 21 964 1 82 6913 576 0        
J N 7 985 21 4 1 0 0        
K 0 0 43        
K 0 0 60        
K 0 21 60        
A D 2 8        
J R 6 1122 28 2 1729 576 0        
K 0 0 49        
A D 1 8        
J N 6 1186 -7 3 2593 288 0        
K 0 0 43        
K 0 0 54        
A D 1 8        
J N 7 1250 7 5 3457 288 0        
K -15 0 65        
K 0 0 43        
K 0 0 60        
K 0 21 60        
A D 2 8        
J R 6 1378 28 2 5185 576 0        
K 0 0 49        
A D 1 8        
J N 6 1442 -7 3 6049 288 0        
K 0 0 43        
K 0 0 54        
A D 1 8        
J B 22 1508 1 82 6913 288 0        
J N 7 1532 7 5 1 0 0        
K -15 0 65        
K 0 0 43        
K 0 0 60        
K 0 21 60        
A D 2 8        
J R 6 1672 28 2 1729 576 0        
K 0 0 49        
A D 1 8        
J N 6 1736 -14 6 2593 288 0        
K 0 0 45        
K 0 0 43        
K -1 0 45        
K 2 0 45        
K 0 0 54        
A D 1 8        
J N 7 1800 0 4 3457 288 0        
K 0 0 43        
K 0 0 60        
K 0 21 60        
A D 2 8        
J R 6 1924 28 2 5185 576 0        
K 0 0 49        
A D 1 8        
J N 6 1986 -14 6 6049 288 0        
K 0 0 45        
K 0 0 43        
K -1 0 45        
K 2 0 45        
K 0 0 54        
A D 1 8        
J B 23 2050 1 82 6913 288 0        
E *        
L 160 0 0 313 313 * 0 14 0        
J C 4 5 42 2 6913 0 0        
K 0 0 33        
K 0 0 34        
J K -1 57 0 1 6913 0 0        
K 0 28 65        
J D 0 -11 -14 1 6913 0 0        
W 0 0 0 \01\09        
J R 6 113 28 2 1 0 0        
K 0 0 49        
A D 2 16        
J N 6 177 14 3 865 288 0        
K 0 0 43        
K 0 0 54        
A D 2 16        
J N 7 241 28 4 1729 288 0        
K 0 0 43        
K 0 0 60        
K 0 21 60        
A D 4 16        
J R 6 371 28 2 3457 576 0        
K 0 0 49        
A D 2 16        
J N 6 435 14 3 4321 288 0        
K 0 0 43        
K 0 0 54        
A D 2 16        
J N 7 499 -7 4 5185 288 0        
K 0 0 43        
K 0 0 60        
K 0 21 60        
A D 4 16        
J B 20 629 1 82 6913 576 0        
J R 6 654 28 2 1 0 0        
K 0 0 49        
A D 2 16        
J N 6 699 7 3 865 288 1 12        
K -15 0 65        
K 0 0 43        
A D 2 16        
J N 6 744 14 2 1729 288 1 12        
K 0 0 43        
A D 2 16        
J N 6 789 21 2 2593 288 1 12        
K 0 0 43        
A D 2 16        
H 12 B -52 1 108 3 2 1 3        
J N 7 834 21 4 3457 288 0        
K 0 0 43        
K 0 0 60        
K 0 21 60        
A D 4 16        
J N 7 899 28 5 5185 576 0        
K -14 0 64        
K 0 0 43        
K 0 0 60        
K 0 21 60        
A D 4 16        
J B 21 964 1 82 6913 576 0        
J N 6 985 21 2 1 0 1 13        
K 0 0 43        
A D 2 16        
J N 6 1049 -7 2 865 288 1 13        
K 0 0 43        
A D 2 16        
H 13 B -40 -8 108 2 2 3        
J N 7 1122 14 4 1729 288 0        
K 0 0 43        
K 0 0 60        
K 0 21 60        
A D 4 16        
J R 6 1250 28 2 3457 576 0        
K 0 0 49        
A D 2 16        
J N 6 1314 -7 3 4321 288 0        
K 0 0 43        
K 0 0 54        
A D 2 16        
J N 7 1378 14 4 5185 288 0        
K 0 0 43        
K 0 0 60        
K 0 21 60        
A D 4 16        
J B 22 1508 1 82 6913 576 0        
J R 6 1532 28 2 1 0 0        
K 0 0 49        
A D 2 16        
J N 6 1596 -14 6 865 288 0        
K 0 0 45        
K 0 0 43        
K -1 0 45        
K 2 0 45        
K 0 0 54        
A D 2 16        
J N 7 1672 7 4 1729 288 0        
K 0 0 43        
K 0 0 60        
K 0 21 60        
A D 4 16        
J R 6 1800 28 2 3457 576 0        
K 0 0 49        
A D 2 16        
J N 6 1862 -14 6 4321 288 0        
K 0 0 45        
K 0 0 43        
K -1 0 45        
K 2 0 45        
K 0 0 54        
A D 2 16        
J N 7 1924 7 4 5185 288 0        
K 0 0 43        
K 0 0 60        
K 0 21 60        
A D 4 16        
J B 23 2050 1 82 6913 576 0        
E *        
L 320 0 0 313 313 * 0 14 0        
J C 22 5 14 36 6913 0 0        
J K -1 57 0 1 6913 0 0        
K 0 42 65        
J D 0 -11 -14 1 6913 0 0        
W 0 0 0 \01\09        
J N 5 113 7 2 1 0 1 67        
K 0 0 43        
A D 1 16        
J N 5 145 -7 2 433 144 1 67        
K 0 0 43        
A D 1 16        
J N 5 177 -21 5 865 144 1 67        
K 0 7 45        
K 0 0 43        
K 0 7 45        
K 1 7 45        
A D 1 16        
J N 5 209 -7 2 1297 144 1 67        
K 0 0 43        
A D 1 16        
H 67 B -53 -1 108 4 22 11 11 33        
J N 5 241 7 2 1729 144 1 68        
K 0 0 43        
A D 1 16        
J N 5 273 -7 2 2161 144 1 68        
K 0 0 43        
A D 1 16        
J N 5 305 -21 5 2593 144 1 68        
K 0 7 45        
K 0 0 43        
K 0 7 45        
K 1 7 45        
A D 1 16        
J N 5 337 -7 2 3025 144 1 68        
K 0 0 43        
A D 1 16        
H 68 B -53 -1 108 4 22 11 11 33        
J N 5 371 42 3 3457 144 1 69        
K -14 0 64        
K 0 0 43        
A D 1 16        
J N 5 403 28 2 3889 144 1 69        
K 0 0 43        
A D 1 16        
J N 5 435 7 2 4321 144 1 69        
K 0 0 43        
A D 1 16        
J N 5 467 28 2 4753 144 1 69        
K 0 0 43        
A D 1 16        
H 69 B -45 -2 108 4 22 11 11 33        
J N 5 499 42 2 5185 144 1 70        
K 0 0 43        
A D 1 16        
J N 5 531 28 2 5617 144 1 70        
K 0 0 43        
A D 1 16        
J N 5 563 7 2 6049 144 1 70        
K 0 0 43        
A D 1 16        
J N 5 595 28 2 6481 144 1 70        
K 0 0 43        
A D 1 16        
H 70 B -45 -2 108 4 22 11 11 33        
J B 20 629 1 82 6913 144 0        
J F 0 654 98 1 1 0 0        
K 0 0 219        
J N 6 654 35 2 1 0 1 71        
K 0 0 43        
A D 2 16        
J N 6 699 -14 5 865 288 1 71        
K 0 0 45        
K 0 0 43        
K -1 0 45        
K 2 0 45        
A D 2 16        
J F 0 744 98 1 1729 288 0        
K 0 0 219        
J N 6 744 14 2 1729 0 1 71        
K 0 0 43        
A D 2 16        
J N 6 789 0 3 2593 288 1 71        
K -15 0 65        
K 0 0 43        
A D 2 16        
H 71 B -41 -4 108 4 2 1 1 3        
J F 0 834 98 3 3457 288 0        
K 0 0 205        
K 15 0 219        
K 0 21 203        
J N 7 834 7 4 3457 0 0        
K 0 0 43        
K 0 0 60        
K 0 21 60        
A D 4 16        
J F 0 899 98 2 5185 576 0        
K 0 0 204        
K 0 21 218        
J N 7 899 56 4 5185 0 0        
K 0 0 43        
K 0 0 59        
K 0 -21 59        
A D 4 16        
J B 21 964 1 82 6913 576 0        
J F 0 985 98 1 1 0 0        
K 0 0 219        
J N 5 985 -14 5 1 0 1 72        
K 0 0 45        
K 0 0 43        
K -1 0 45        
K 2 0 45        
A D 1 16        
J N 5 1017 7 2 433 144 1 72        
K 0 0 43        
A D 1 16        
J N 5 1049 -14 5 865 144 1 72        
K 0 0 45        
K 0 0 43        
K -1 0 45        
K 2 0 45        
A D 1 16        
J N 5 1081 7 2 1297 144 1 72        
K 0 0 43        
A D 1 16        
H 72 B -71 1 108 4 22 11 11 33        
J N 5 1122 -7 3 1729 144 1 73        
K -14 0 64        
K 0 0 43        
A D 1 16        
J N 5 1154 7 2 2161 144 1 73        
K 0 0 43        
A D 1 16        
J N 5 1186 -7 2 2593 144 1 73        
K 0 0 43        
A D 1 16        
J N 5 1218 7 2 3025 144 1 73        
K 0 0 43        
A D 1 16        
H 73 B -64 1 108 4 22 11 11 33        
J N 5 1250 -14 5 3457 144 1 74        
K 0 0 45        
K 0 0 43        
K -1 0 45        
K 2 0 45        
A D 1 16        
J N 5 1282 7 2 3889 144 1 74        
K 0 0 43        
A D 1 16        
J N 5 1314 -14 5 4321 144 1 74        
K 0 0 45        
K 0 0 43        
K -1 0 45        
K 2 0 45        
A D 1 16        
J N 5 1346 7 2 4753 144 1 74        
K 0 0 43        
A D 1 16        
H 74 B -71 1 108 4 22 11 11 33        
J N 5 1378 -7 2 5185 144 1 75        
K 0 0 43        
A D 1 16        
J N 5 1410 7 2 5617 144 1 75        
K 0 0 43        
A D 1 16        
J N 5 1442 -7 2 6049 144 1 75        
K 0 0 43        
A D 1 16        
J N 5 1474 7 2 6481 144 1 75        
K 0 0 43        
A D 1 16        
H 75 B -64 1 108 4 22 11 11 33        
J B 22 1508 1 82 6913 144 0        
J N 5 1532 -14 5 1 0 1 76        
K 0 0 45        
K 0 0 43        
K -1 0 45        
K 2 0 45        
A D 1 16        
J N 5 1564 7 2 433 144 1 76        
K 0 0 43        
A D 1 16        
J N 5 1596 -14 5 865 144 1 76        
K 0 0 45        
K 0 0 43        
K -1 0 45        
K 2 0 45        
A D 1 16        
J N 5 1628 7 2 1297 144 1 76        
K 0 0 43        
A D 1 16        
H 76 B -71 1 108 4 22 11 11 33        
J N 5 1672 -14 6 1729 144 1 77        
K 0 0 45        
K -18 0 63        
K 0 0 43        
K -1 0 45        
K 2 0 45        
A D 1 16        
J N 5 1704 0 2 2161 144 1 77        
K 0 0 43        
A D 1 16        
J N 5 1736 -14 5 2593 144 1 77        
K 0 0 45        
K 0 0 43        
K -1 0 45        
K 2 0 45        
A D 1 16        
J N 5 1768 0 2 3025 144 1 77        
K 0 0 43        
A D 1 16        
H 77 B -57 1 108 4 22 11 11 33        
J N 5 1800 -21 5 3457 144 1 78        
K 0 7 45        
K 0 0 43        
K 0 7 45        
K 1 7 45        
A D 1 16        
J N 5 1831 0 2 3889 144 1 78        
K 0 0 43        
A D 1 16        
J N 5 1862 -21 5 4321 144 1 78        
K 0 7 45        
K 0 0 43        
K 0 7 45        
K 1 7 45        
A D 1 16        
J N 5 1893 0 2 4753 144 1 78        
K 0 0 43        
A D 1 16        
H 78 B -64 1 108 4 22 11 11 33        
J N 5 1924 -14 5 5185 144 1 79        
K 0 0 45        
K 0 0 43        
K -1 0 45        
K 2 0 45        
A D 1 16        
J N 5 1955 0 2 5617 144 1 79        
K 0 0 43        
A D 1 16        
J N 5 1986 -14 5 6049 144 1 79        
K 0 0 45        
K 0 0 43        
K -1 0 45        
K 2 0 45        
A D 1 16        
J N 5 2017 0 2 6481 144 1 79        
K 0 0 43        
A D 1 16        
H 79 B -57 1 108 4 22 11 11 33        
J B 23 2050 1 82 6913 144 0        
E *        
L 530 0 0 313 313 * 0 14 0        
J C 4 5 42 2 6913 0 0        
K 0 0 33        
K 0 0 34        
J K -1 57 0 1 6913 0 0        
K 0 28 65        
J D 0 -11 -14 1 6913 0 0        
W 0 0 0 \01\09        
J N 7 113 28 4 1 0 0        
K 0 0 43        
K 0 0 60        
K 0 21 60        
A D 2 8        
J R 7 241 28 2 1729 576 0        
K 0 0 48        
A D 2 8        
J N 7 371 -7 4 3457 576 0        
K 0 0 43        
K 0 0 60        
K 0 21 60        
A D 2 8        
J R 6 499 28 2 5185 576 0        
K 0 0 49        
A D 1 8        
J N 6 563 0 3 6049 288 0        
K 0 0 43        
K 0 0 54        
A D 1 8        
J B 20 629 1 82 6913 288 0        
J N 6 654 7 3 1 0 1 5        
K -15 0 65        
K 0 0 43        
A D 1 8        
J N 6 699 -7 2 865 288 1 5        
K 0 0 43        
A D 1 8        
J N 6 744 0 2 1729 288 1 5        
K 0 0 43        
A D 1 8        
J N 6 789 7 2 2593 288 1 5        
K 0 0 43        
A D 1 8        
H 5 B -49 0 108 4 2 1 1 3        
J N 7 834 7 4 3457 288 0        
K 0 0 43        
K 0 0 60        
K 0 21 60        
A D 2 8        
J N 7 899 14 4 5185 576 0        
K 0 0 43        
K 0 0 60        
K 0 21 60        
A D 2 8        
J B 21 964 1 82 6913 576 0        
J N 7 985 21 4 1 0 0        
K 0 0 43        
K 0 0 60        
K 0 21 60        
A D 2 8        
J R 7 1122 28 2 1729 576 0        
K 0 0 48        
A D 2 8        
J R 7 1250 28 2 3457 576 0        
K 0 0 48        
A D 2 8        
J N 7 1378 -7 4 5185 576 0        
K 0 0 43        
K 0 0 60        
K 0 21 60        
A D 2 8        
J B 22 1508 1 82 6913 576 0        
J N 7 1532 7 5 1 0 0        
K -15 0 65        
K 0 0 43        
K 0 0 60        
K 0 21 60        
A D 2 8        
J R 7 1672 28 2 1729 576 0        
K 0 0 48        
A D 2 8        
J R 7 1800 28 2 3457 576 0        
K 0 0 48        
A D 2 8        
J N 7 1924 -14 7 5185 576 0        
K 0 0 45        
K 0 0 43        
K -1 0 45        
K 2 0 45        
K 0 0 60        
K 0 21 60        
A D 2 8        
J B 23 2050 1 82 6913 576 0        
E *        
L 690 0 0 313 313 * 0 14 0        
J C 4 5 42 2 6913 0 0        
K 0 0 33        
K 0 0 34        
J K -1 57 0 1 6913 0 0        
K 0 28 65        
J D 0 -11 -14 1 6913 0 0        
W 0 0 0 \01\09        
J N 7 113 63 4 1 0 0        
K 0 0 43        
K 0 0 59        
K 0 -21 59        
A D 4 16        
J R 7 241 28 2 1729 576 0        
K 0 0 48        
A D 4 16        
J N 7 371 14 4 3457 576 0        
K 0 0 43        
K 0 0 60        
K 0 21 60        
A D 4 16        
J R 6 499 28 2 5185 576 0        
K 0 0 49        
A D 2 16        
J N 6 563 14 3 6049 288 0        
K 0 0 43        
K 0 0 54        
A D 2 16        
J B 20 629 1 82 6913 288 0        
J N 6 654 42 2 1 0 1 3        
K 0 0 43        
A D 2 16        
J N 6 699 7 3 865 288 1 3        
K -15 0 65        
K 0 0 43        
A D 2 16        
J N 6 744 14 2 1729 288 1 3        
K 0 0 43        
A D 2 16        
J N 6 789 21 2 2593 288 1 3        
K 0 0 43        
A D 2 16        
H 3 B -42 -3 108 4 2 1 1 3        
J N 7 834 21 4 3457 288 0        
K 0 0 43        
K 0 0 60        
K 0 21 60        
A D 4 16        
J N 7 899 28 5 5185 576 0        
K -14 0 64        
K 0 0 43        
K 0 0 60        
K 0 21 60        
A D 4 16        
J B 21 964 1 82 6913 576 0        
J N 7 985 21 4 1 0 0        
K 0 0 43        
K 0 0 60        
K 0 21 60        
A D 4 16        
J R 7 1122 28 2 1729 576 0        
K 0 0 48        
A D 4 16        
J R 7 1250 28 2 3457 576 0        
K 0 0 48        
A D 4 16        
J N 7 1378 14 4 5185 576 0        
K 0 0 43        
K 0 0 60        
K 0 21 60        
A D 4 16        
J B 22 1508 1 82 6913 576 0        
J N 7 1532 42 4 1 0 0        
K 0 0 43        
K 0 0 59        
K 0 -21 59        
A D 4 16        
J R 7 1672 28 2 1729 576 0        
K 0 0 48        
A D 4 16        
J R 7 1800 28 2 3457 576 0        
K 0 0 48        
A D 4 16        
J N 7 1924 7 4 5185 576 0        
K 0 0 43        
K 0 0 60        
K 0 21 60        
A D 4 16        
J B 23 2050 1 82 6913 576 0        
E *        
L 850 0 0 313 313 * 0 14 0        
J C 13 5 28 35 6913 0 0        
J K -1 57 0 1 6913 0 0        
K 0 35 65        
J D 0 -11 -14 1 6913 0 0        
W 0 0 0 \01\09        
J N 7 113 21 4 1 0 0        
K 0 0 43        
K 0 0 60        
K 0 21 60        
A D 2 8        
J R 7 241 28 2 1729 576 0        
K 0 0 48        
A D 2 8        
J N 7 371 0 4 3457 576 0        
K 0 0 43        
K 0 0 60        
K 0 21 60        
A D 2 8        
J R 6 499 28 2 5185 576 0        
K 0 0 49        
A D 1 8        
J N 6 563 0 3 6049 288 0        
K 0 0 43        
K 0 0 54        
A D 1 8        
J B 20 629 1 82 6913 288 0        
J N 7 654 0 4 1 0 0        
K 0 0 43        
K 0 0 60        
K 0 21 60        
A D 2 8        
J R 6 744 28 2 1729 576 0        
K 0 0 49        
A D 1 8        
J N 6 789 28 3 2593 288 0        
K 0 0 43        
K 0 0 54        
A D 1 8        
J N 7 834 0 4 3457 288 0        
K 0 0 43        
K 0 0 60        
K 0 21 60        
A D 2 8        
J N 7 899 0 4 5185 576 0        
K 0 0 43        
K 0 0 60        
K 0 21 60        
A D 2 8        
J B 21 964 1 82 6913 576 0        
J N 7 985 0 4 1 0 0        
K 0 0 43        
K 0 0 60        
K 0 21 60        
A D 2 8        
J R 7 1122 28 2 1729 576 0        
K 0 0 48        
A D 2 8        
J R 7 1250 28 2 3457 576 0        
K 0 0 48        
A D 2 8        
J N 7 1378 0 4 5185 576 0        
K 0 0 43        
K 0 0 60        
K 0 21 60        
A D 2 8        
J B 22 1508 1 82 6913 576 0        
J N 7 1532 0 4 1 0 0        
K 0 0 43        
K 0 0 60        
K 0 21 60        
A D 2 8        
J R 7 1672 28 2 1729 576 0        
K 0 0 48        
A D 2 8        
J R 7 1800 28 2 3457 576 0        
K 0 0 48        
A D 2 8        
J N 7 1924 -7 4 5185 576 0        
K 0 0 43        
K 0 0 60        
K 0 21 60        
A D 2 8        
J B 23 2050 1 82 6913 576 0        
E *        
L 1010 0 0 313 313 * 0 14 0        
J C 22 5 14 36 6913 0 0        
J K -1 57 0 1 6913 0 0        
K 0 42 65        
J D 0 -11 -14 1 6913 0 0        
W 0 0 0 \01\09        
J N 7 113 7 4 1 0 0        
K 0 0 43        
K 0 0 60        
K 0 21 60        
A D 2 8        
J R 7 241 28 2 1729 576 0        
K 0 0 48        
A D 2 8        
J F 0 371 98 1 3457 576 0        
K 0 0 205        
J N 7 371 42 5 3457 0 0        
K -14 0 64        
K 0 0 43        
K 0 0 59        
K 0 -21 59        
A D 2 8        
J R 6 499 28 2 5185 576 0        
K 0 0 49        
A D 1 8        
J N 6 563 42 3 6049 288 0        
K 0 0 43        
K 0 0 53        
A D 1 8        
J B 20 629 1 82 6913 288 0        
J F 0 654 98 1 1 0 0        
K 0 0 219        
J N 7 654 35 4 1 0 0        
K 0 0 43        
K 0 0 59        
K 0 -21 59        
A D 2 8        
J F 0 744 98 1 1729 576 0        
K 0 0 219        
J N 7 744 14 4 1729 0 0        
K 0 0 43        
K 0 0 60        
K 0 21 60        
A D 2 8        
J F 0 834 98 3 3457 576 0        
K 0 0 205        
K 15 0 219        
K 0 21 203        
J N 7 834 7 4 3457 0 0        
K 0 0 43        
K 0 0 60        
K 0 21 60        
A D 2 8        
J F 0 899 98 2 5185 576 0        
K 0 0 204        
K 0 21 218        
J N 7 899 56 4 5185 0 0        
K 0 0 43        
K 0 0 59        
K 0 -21 59        
A D 2 8        
J B 21 964 1 82 6913 576 0        
J F 0 985 98 1 1 0 0        
K 0 0 219        
J N 7 985 35 4 1 0 0        
K 0 0 43        
K 0 0 59        
K 0 -21 59        
A D 2 8        
J R 7 1122 28 2 1729 576 0        
K 0 0 48        
A D 2 8        
J R 7 1250 28 2 3457 576 0        
K 0 0 48        
A D 2 8        
J F 0 1378 98 1 5185 576 0        
K 0 0 205        
J N 7 1378 -7 5 5185 0 0        
K -14 0 64        
K 0 0 43        
K 0 0 60        
K 0 21 60        
A D 2 8        
J B 22 1508 1 82 6913 576 0        
J N 7 1532 -14 7 1 0 0        
K 0 0 45        
K 0 0 43        
K -1 0 45        
K 2 0 45        
K 0 0 60        
K 0 21 60        
A D 2 8        
J R 7 1672 28 2 1729 576 0        
K 0 0 48        
A D 2 8        
J R 7 1800 28 2 3457 576 0        
K 0 0 48        
A D 2 8        
J F 0 1924 98 1 5185 576 0        
K 0 0 205        
J N 7 1924 -14 8 5185 0 0        
K 0 0 45        
K -18 0 63        
K 0 0 43        
K -1 0 45        
K 2 0 45        
K 0 0 60        
K 0 21 60        
A D 2 8        
J B 23 2050 1 82 6913 576 0        
E *        
B 1 629 0        
B 1 964 0        
B 1 1508 0        
B 1 2050 0        
