@ SOURCE: not identified 
L 0 0 14 !39Violino 1 concertino
J D 4 500 -120 1 6913 0 0
W 0 0 44 V.
J D 1 75 -37 1 6913 0 0
W 0 -56 44 V.:  Violino 1 concertino
J C 4 5 42 2 6913 0 0
K 0 0 33
K 0 0 34
J K -1 57 0 1 6913 0 0
K 0 28 65
J D 5 86 -42 1 6913 0 0
W 0 0 37 Allegro
J T 0 86 42 1 6913 0 0
K 0 0 38
J N 7 134 -7 4 1 0 0
K 0 0 43
K 0 0 60
K 0 21 60
A D 2 8
J N 7 178 0 5 3457 576 0
K -18 0 63
K 0 0 43
K 0 0 60
K 0 21 60
A D 2 8
J B 1 220 1 82 6913 576 0
J N 7 241 -7 4 1 0 0
K 0 0 43
K 0 0 60
K 0 21 60
A D 2 8
J N 7 279 14 4 1729 576 0
K 0 0 43
K 0 0 60
K 0 21 60
A D 2 8
J N 7 317 -21 7 3457 576 0
K 0 7 45
K 0 0 43
K 0 7 45
K 1 7 45
K 0 0 60
K 0 21 60
A D 2 8
J N 7 355 -14 7 5185 576 0
K 0 0 45
K 0 0 43
K -1 0 45
K 2 0 45
K 0 0 60
K 0 21 60
A D 2 8
J B 2 397 1 82 6913 576 0
J N 8 418 -21 7 1 0 0
K 0 7 45
K 0 0 42
K 0 7 45
K 1 7 45
K 0 0 60
K 0 21 60
A D 4 8
J N 7 471 14 4 3457 1152 0
K 0 0 43
K 0 0 60
K 0 21 60
A D 2 8
J N 7 509 14 4 5185 576 0
K 0 0 43
K 0 0 60
K 0 21 60
A D 2 8
J B 3 551 1 82 6913 576 0
J N 7 572 14 4 1 0 0
K 0 0 43
K 0 0 60
K 0 21 60
A D 2 8
J N 7 610 49 5 1729 576 0
K -18 0 63
K 0 0 43
K 0 0 59
K 0 -21 59
A D 2 8
J N 8 648 42 4 3457 576 0
K 0 0 42
K 0 0 59
K 0 -21 59
A D 4 8
J B 4 705 1 82 6913 1152 0
J N 8 732 49 5 1 0 0
K -18 0 63
K 0 0 42
K 0 0 59
K 0 -21 59
A D 4 8
J N 7 785 -7 4 3457 1152 0
K 0 0 43
K 0 0 60
K 0 21 60
A D 2 8
J N 7 829 0 5 5185 576 0
K -18 0 63
K 0 0 43
K 0 0 60
K 0 21 60
A D 2 8
J B 5 871 1 82 6913 576 0
J N 7 892 -7 4 1 0 0
K 0 0 43
K 0 0 60
K 0 21 60
A D 2 8
J N 7 930 14 4 1729 576 0
K 0 0 43
K 0 0 60
K 0 21 60
A D 2 8
J N 7 968 -21 7 3457 576 0
K 0 7 45
K 0 0 43
K 0 7 45
K 1 7 45
K 0 0 60
K 0 21 60
A D 2 8
J N 7 1006 -14 7 5185 576 0
K 0 0 45
K 0 0 43
K -1 0 45
K 2 0 45
K 0 0 60
K 0 21 60
A D 2 8
J B 6 1048 1 82 6913 576 0
J N 8 1069 -21 7 1 0 0
K 0 7 45
K 0 0 42
K 0 7 45
K 1 7 45
K 0 0 60
K 0 21 60
A D 4 8
J N 7 1122 14 4 3457 1152 0
K 0 0 43
K 0 0 60
K 0 21 60
A D 2 8
J N 7 1160 14 4 5185 576 0
K 0 0 43
K 0 0 60
K 0 21 60
A D 2 8
J B 7 1202 1 82 6913 576 0
J N 7 1223 14 4 1 0 0
K 0 0 43
K 0 0 60
K 0 21 60
A D 2 8
J N 7 1261 49 5 1729 576 0
K -18 0 63
K 0 0 43
K 0 0 59
K 0 -21 59
A D 2 8
J N 8 1299 42 4 3457 576 0
K 0 0 42
K 0 0 59
K 0 -21 59
A D 4 8
J B 8 1356 1 82 6913 1152 0
J N 8 1383 49 5 1 0 0
K -18 0 63
K 0 0 42
K 0 0 59
K 0 -21 59
A D 4 8
J N 6 1436 14 2 3457 1152 1 1
K 0 0 43
A D 1 8
J N 6 1476 0 3 4321 288 1 1
K -14 0 64
K 0 0 43
A D 1 8
J N 6 1505 21 2 5185 288 1 1
K 0 0 43
A D 1 8
J N 6 1534 0 2 6049 288 1 1
K 0 0 43
A D 1 8
H 1 B 1 0 108 4 2 1 1 3
J B 9 1567 1 82 6913 288 0
J N 6 1588 14 2 1 0 1 2
K 0 0 43
A D 1 8
J N 6 1617 0 2 865 288 1 2
K 0 0 43
A D 1 8
J N 6 1646 21 2 1729 288 1 2
K 0 0 43
A D 1 8
J N 6 1675 0 2 2593 288 1 2
K 0 0 43
A D 1 8
H 2 B 1 0 108 4 2 1 1 3
J N 6 1704 14 2 3457 288 1 3
K 0 0 43
A D 1 8
J N 6 1733 0 2 4321 288 1 3
K 0 0 43
A D 1 8
J N 6 1762 21 2 5185 288 1 3
K 0 0 43
A D 1 8
J N 6 1791 0 2 6049 288 1 3
K 0 0 43
A D 1 8
H 3 B 1 0 108 4 2 1 1 3
J B 10 1824 1 82 6913 288 0
J N 8 1845 14 4 1 0 0
K 0 0 42
K 0 0 60
K 0 21 60
A D 4 8
J N 7 1898 -7 5 3457 1152 0
K 0 0 43
K 25 0 44
K 0 0 60
K 0 21 60
A D 3 8
J N 6 1944 0 3 6049 864 0
K 0 0 43
K 0 0 54
A D 1 8
J B 11 1977 1 82 6913 288 0
J N 6 2002 7 3 1 0 1 4
K -15 0 65
K 0 0 43
A D 1 8
J N 6 2031 -7 2 865 288 1 4
K 0 0 43
A D 1 8
J N 6 2060 0 2 1729 288 1 4
K 0 0 43
A D 1 8
J N 6 2089 7 2 2593 288 1 4
K 0 0 43
A D 1 8
H 4 B 1 0 108 4 2 1 1 3
J N 8 2118 14 4 3457 288 0
K 0 0 42
K 0 0 60
K 0 21 60
A D 4 8
J B 12 2175 1 82 6913 1152 0
J N 8 2196 21 4 1 0 0
K 0 0 42
K 0 0 60
K 0 21 60
A D 4 8
J N 6 2253 7 3 3457 1152 1 5
K -15 0 65
K 0 0 43
A D 1 8
J N 6 2282 -7 2 4321 288 1 5
K 0 0 43
A D 1 8
J N 6 2311 14 2 5185 288 1 5
K 0 0 43
A D 1 8
J N 6 2340 -7 2 6049 288 1 5
K 0 0 43
A D 1 8
H 5 B 1 0 108 4 2 1 1 3
J B 13 2373 1 82 6913 288 0
J N 6 2398 7 3 1 0 1 6
K -15 0 65
K 0 0 43
A D 1 8
J N 6 2427 -7 2 865 288 1 6
K 0 0 43
A D 1 8
J N 6 2456 14 2 1729 288 1 6
K 0 0 43
A D 1 8
J N 6 2485 -7 2 2593 288 1 6
K 0 0 43
A D 1 8
H 6 B 1 0 108 4 2 1 1 3
J N 6 2514 7 2 3457 288 1 7
K 0 0 43
A D 1 8
J N 6 2543 -7 2 4321 288 1 7
K 0 0 43
A D 1 8
J N 6 2572 14 2 5185 288 1 7
K 0 0 43
A D 1 8
J N 6 2601 -7 2 6049 288 1 7
K 0 0 43
A D 1 8
H 7 B 1 0 108 4 2 1 1 3
J B 14 2634 1 82 6913 288 0
J N 7 2658 7 5 1 0 0
K -15 0 65
K 0 0 43
K 0 0 60
K 0 21 60
A D 2 8
J N 7 2696 14 4 1729 576 0
K 0 0 43
K 0 0 60
K 0 21 60
A D 2 8
J N 6 2734 0 2 3457 576 1 8
K 0 0 43
A D 1 8
J N 6 2763 -14 5 4321 288 1 8
K 0 0 45
K 0 0 43
K -1 0 45
K 2 0 45
A D 1 8
J N 6 2799 7 3 5185 288 1 8
K -14 0 64
K 0 0 43
A D 1 8
J N 6 2828 -14 5 6049 288 1 8
K 0 0 45
K 0 0 43
K -1 0 45
K 2 0 45
A D 1 8
H 8 B 1 0 108 4 2 1 1 3
J B 15 2861 1 82 6913 288 0
J N 6 2882 0 2 1 0 1 9
K 0 0 43
A D 1 8
J N 6 2911 -14 5 865 288 1 9
K 0 0 45
K 0 0 43
K -1 0 45
K 2 0 45
A D 1 8
J N 6 2940 7 2 1729 288 1 9
K 0 0 43
A D 1 8
J N 6 2969 -14 5 2593 288 1 9
K 0 0 45
K 0 0 43
K -1 0 45
K 2 0 45
A D 1 8
H 9 B 1 0 108 4 2 1 1 3
J N 6 2998 0 2 3457 288 1 10
K 0 0 43
A D 1 8
J N 6 3027 -14 5 4321 288 1 10
K 0 0 45
K 0 0 43
K -1 0 45
K 2 0 45
A D 1 8
J N 6 3056 7 2 5185 288 1 10
K 0 0 43
A D 1 8
J N 6 3085 -14 5 6049 288 1 10
K 0 0 45
K 0 0 43
K -1 0 45
K 2 0 45
A D 1 8
H 10 B 1 0 108 4 2 1 1 3
J B 16 3118 1 82 6913 288 0
J N 7 3139 0 4 1 0 0
K 0 0 43
K 0 0 60
K 0 21 60
A D 2 8
J N 7 3177 7 4 1729 576 0
K 0 0 43
K 0 0 60
K 0 21 60
A D 2 8
J N 7 3215 -21 7 3457 576 0
K 0 7 45
K 0 0 43
K 0 7 45
K 1 7 45
K 0 0 60
K 0 21 60
A D 2 8
J N 7 3253 -14 7 5185 576 0
K 0 0 45
K 0 0 43
K -1 0 45
K 2 0 45
K 0 0 60
K 0 21 60
A D 2 8
J B 17 3295 1 82 6913 576 0
J N 7 3316 -21 7 1 0 0
K 0 7 45
K 0 0 43
K 0 7 45
K 1 7 45
K 0 0 60
K 0 21 60
A D 2 8
J N 7 3354 -14 7 1729 576 0
K 0 0 45
K 0 0 43
K -1 0 45
K 2 0 45
K 0 0 60
K 0 21 60
A D 2 8
J N 7 3392 -7 4 3457 576 0
K 0 0 43
K 0 0 60
K 0 21 60
A D 2 8
J N 7 3430 0 4 5185 576 0
K 0 0 43
K 0 0 60
K 0 21 60
A D 2 8
J B 18 3472 1 82 6913 576 0
J N 7 3493 -7 4 1 0 0
K 0 0 43
K 0 0 60
K 0 21 60
A D 2 8
J N 7 3531 0 4 1729 576 0
K 0 0 43
K 0 0 60
K 0 21 60
A D 2 8
J N 7 3569 7 4 3457 576 0
K 0 0 43
K 0 0 60
K 0 21 60
A D 2 8
J N 7 3607 14 4 5185 576 0
K 0 0 43
K 0 0 60
K 0 21 60
A D 2 8
J B 19 3649 1 82 6913 576 0
J N 7 3676 21 5 1 0 0
K -18 0 63
K 0 0 43
K 0 0 60
K 0 21 60
A D 2 8
J N 8 3714 14 4 1729 576 0
K 0 0 42
K 0 0 60
K 0 21 60
A D 4 8
J N 7 3767 21 4 5185 1152 0
K 0 0 43
K 0 0 60
K 0 21 60
A D 2 8
J B 20 3809 1 82 6913 576 0
J N 8 3830 14 4 1 0 0
K 0 0 42
K 0 0 60
K 0 21 60
A D 4 8
J N 7 3883 -21 8 3457 1152 0
K 0 7 45
K 0 0 43
K 0 7 45
K 1 7 45
K 0 99 108
K 0 0 60
K 0 21 60
A D 2 8
J N 7 3921 -14 7 5185 576 0
K 0 0 45
K 0 0 43
K -1 0 45
K 2 0 45
K 0 0 60
K 0 21 60
A D 2 8
J B 21 3963 1 82 6913 576 0
J N 7 3984 -21 7 1 0 0
K 0 7 45
K 0 0 43
K 0 7 45
K 1 7 45
K 0 0 60
K 0 21 60
A D 2 8
J N 7 4022 -14 7 1729 576 0
K 0 0 45
K 0 0 43
K -1 0 45
K 2 0 45
K 0 0 60
K 0 21 60
A D 2 8
J N 7 4060 -7 4 3457 576 0
K 0 0 43
K 0 0 60
K 0 21 60
A D 2 8
J N 7 4098 0 4 5185 576 0
K 0 0 43
K 0 0 60
K 0 21 60
A D 2 8
J B 22 4140 1 82 6913 576 0
J N 7 4161 -7 4 1 0 0
K 0 0 43
K 0 0 60
K 0 21 60
A D 2 8
J N 7 4199 0 4 1729 576 0
K 0 0 43
K 0 0 60
K 0 21 60
A D 2 8
J N 7 4237 7 4 3457 576 0
K 0 0 43
K 0 0 60
K 0 21 60
A D 2 8
J N 7 4275 14 4 5185 576 0
K 0 0 43
K 0 0 60
K 0 21 60
A D 2 8
J B 23 4317 1 82 6913 576 0
J N 7 4344 21 5 1 0 0
K -18 0 63
K 0 0 43
K 0 0 60
K 0 21 60
A D 2 8
J N 8 4382 14 4 1729 576 0
K 0 0 42
K 0 0 60
K 0 21 60
A D 4 8
J N 7 4435 21 4 5185 1152 0
K 0 0 43
K 0 0 60
K 0 21 60
A D 2 8
J B 24 4477 1 82 6913 576 0
J N 8 4498 14 4 1 0 0
K 0 0 42
K 0 0 60
K 0 21 60
A D 4 8
J B 0 4577 10 6 6913 1152 0
K -22 21 44
K -22 35 44
K -12 0 84
K 0 0 84
K 11 21 44
K 11 35 44
J N 7 4614 -14 7 1 0 1 11
K 0 0 45
K 0 0 43
K -1 0 45
K 2 0 45
K 0 0 60
K 0 21 60
A D 2 8
J N 7 4652 -21 7 3457 576 1 11
K 0 7 45
K 0 0 43
K 0 7 45
K 1 7 45
K 0 0 60
K 0 21 60
A D 2 8
H 11 S 0 0 0 0 0 0 0 0 0
J B 25 4694 1 82 6913 576 0
J N 7 4715 -14 7 1 0 1 12
K 0 0 45
K 0 0 43
K -1 0 45
K 2 0 45
K 0 0 60
K 0 21 60
A D 2 8
J N 7 4753 -21 7 1729 576 1 12
K 0 7 45
K 0 0 43
K 0 7 45
K 1 7 45
K 0 0 60
K 0 21 60
A D 2 8
H 12 S 0 0 0 0 0 0 0 0 0
J N 7 4791 -14 7 3457 576 1 13
K 0 0 45
K 0 0 43
K -1 0 45
K 2 0 45
K 0 0 60
K 0 21 60
A D 2 8
J N 7 4829 -21 7 5185 576 1 13
K 0 7 45
K 0 0 43
K 0 7 45
K 1 7 45
K 0 0 60
K 0 21 60
A D 2 8
H 13 S 0 0 0 0 0 0 0 0 0
J B 26 4871 1 82 6913 576 0
J N 7 4892 -14 7 1 0 0
K 0 0 45
K 0 0 43
K -1 0 45
K 2 0 45
K 0 0 60
K 0 21 60
A D 2 8
J N 7 4930 14 4 1729 576 0
K 0 0 43
K 0 0 60
K 0 21 60
A D 2 8
J N 7 4968 0 4 3457 576 1 14
K 0 0 43
K 0 0 60
K 0 21 60
A D 2 8
J N 7 5006 -7 4 5185 576 1 14
K 0 0 43
K 0 0 60
K 0 21 60
A D 2 8
H 14 S 0 0 0 0 0 0 0 0 0
J B 27 5048 1 82 6913 576 0
J N 7 5069 0 4 1 0 1 15
K 0 0 43
K 0 0 60
K 0 21 60
A D 2 8
J N 7 5107 -7 4 1729 576 1 15
K 0 0 43
K 0 0 60
K 0 21 60
A D 2 8
H 15 S 0 0 0 0 0 0 0 0 0
J N 7 5145 0 4 3457 576 1 16
K 0 0 43
K 0 0 60
K 0 21 60
A D 2 8
J N 7 5183 -7 4 5185 576 1 16
K 0 0 43
K 0 0 60
K 0 21 60
A D 2 8
H 16 S 0 0 0 0 0 0 0 0 0
J B 28 5225 1 82 6913 576 0
J N 7 5246 0 4 1 0 0
K 0 0 43
K 0 0 60
K 0 21 60
A D 2 8
J N 7 5284 28 4 1729 576 0
K 0 0 43
K 0 0 60
K 0 21 60
A D 2 8
J N 7 5322 0 4 3457 576 0
K 0 0 43
K 0 0 60
K 0 21 60
A D 2 8
J N 7 5360 0 4 5185 576 0
K 0 0 43
K 0 0 60
K 0 21 60
A D 2 8
J B 29 5402 1 82 6913 576 0
J N 7 5423 -7 4 1 0 1 17
K 0 0 43
K 0 0 60
K 0 21 60
A D 2 8
J N 7 5461 0 4 1729 576 1 17
K 0 0 43
K 0 0 60
K 0 21 60
A D 2 8
H 17 S 0 0 0 0 0 0 0 0 0
J N 7 5502 7 5 3457 576 1 18
K -15 0 65
K 0 0 43
K 0 0 60
K 0 21 60
A D 2 8
J N 7 5540 14 4 5185 576 1 18
K 0 0 43
K 0 0 60
K 0 21 60
A D 2 8
H 18 S 0 0 0 0 0 0 0 0 0
J B 30 5582 1 82 6913 576 0
J N 7 5603 21 4 1 0 0
K 0 0 43
K 0 0 60
K 0 21 60
A D 2 8
J N 7 5641 49 4 1729 576 0
K 0 0 43
K 0 0 59
K 0 -21 59
A D 2 8
J N 7 5679 0 4 3457 576 0
K 0 0 43
K 0 0 60
K 0 21 60
A D 2 8
J N 7 5717 28 4 5185 576 0
K 0 0 43
K 0 0 60
K 0 21 60
A D 2 8
J B 31 5759 1 82 6913 576 0
J N 7 5780 21 4 1 0 1 19
K 0 0 43
K 0 0 60
K 0 21 60
A D 2 8
J N 7 5818 28 4 1729 576 1 19
K 0 0 43
K 0 0 60
K 0 21 60
A D 2 8
H 19 S 0 0 0 0 0 0 0 0 0
J N 7 5856 0 4 3457 576 0
K 0 0 43
K 0 0 60
K 0 21 60
A D 2 8
J N 7 5894 28 4 5185 576 0
K 0 0 43
K 0 0 60
K 0 21 60
A D 2 8
J B 32 5936 1 82 6913 576 0
J N 7 5957 21 4 1 0 1 20
K 0 0 43
K 0 0 60
K 0 21 60
A D 2 8
J N 7 5995 28 4 1729 576 1 20
K 0 0 43
K 0 0 60
K 0 21 60
A D 2 8
H 20 S 0 0 0 0 0 0 0 0 0
J N 7 6033 21 4 3457 576 1 21
K 0 0 43
K 0 0 60
K 0 21 60
A D 2 8
J N 7 6071 14 4 5185 576 1 21
K 0 0 43
K 0 0 60
K 0 21 60
A D 2 8
H 21 S 0 0 0 0 0 0 0 0 0
J B 33 6113 1 82 6913 576 0
J N 7 6137 7 5 1 0 1 22
K -15 0 65
K 0 0 43
K 0 0 60
K 0 21 60
A D 2 8
J N 7 6175 14 4 1729 576 1 22
K 0 0 43
K 0 0 60
K 0 21 60
A D 2 8
H 22 S 0 0 0 0 0 0 0 0 0
J N 7 6213 21 4 3457 576 1 23
K 0 0 43
K 0 0 60
K 0 21 60
A D 2 8
J N 7 6251 14 4 5185 576 1 23
K 0 0 43
K 0 0 60
K 0 21 60
A D 2 8
H 23 S 0 0 0 0 0 0 0 0 0
J B 34 6293 1 82 6913 576 0
J N 7 6317 7 5 1 0 1 24
K -15 0 65
K 0 0 43
K 0 0 60
K 0 21 60
A D 2 8
J N 7 6355 14 4 1729 576 1 24
K 0 0 43
K 0 0 60
K 0 21 60
A D 2 8
H 24 S 0 0 0 0 0 0 0 0 0
J N 7 6393 0 4 3457 576 0
K 0 0 43
K 0 0 60
K 0 21 60
A D 2 8
J N 6 6431 7 2 5185 576 1 25
K 0 0 43
A D 1 8
J N 6 6460 14 2 6049 288 1 25
K 0 0 43
A D 1 8
H 25 B 1 0 108 2 2 3
J B 35 6493 1 82 6913 288 0
J N 7 6514 21 4 1 0 0
K 0 0 43
K 0 0 60
K 0 21 60
A D 2 8
J N 7 6552 14 4 1729 576 0
K 0 0 43
K 0 0 60
K 0 21 60
A D 2 8
J N 8 6590 21 4 3457 576 0
K 0 0 42
K 0 0 60
K 0 21 60
A D 4 8
J B 36 6647 1 82 6913 1152 0
J N 6 6668 28 2 1 0 2 26 27
K 0 0 43
A D 1 8
J N 6 6697 21 2 865 288 1 27
K 0 0 43
A D 1 8
J N 6 6726 28 2 1729 288 1 27
K 0 0 43
A D 1 8
J N 6 6755 21 2 2593 288 1 27
K 0 0 43
A D 1 8
H 27 B 1 0 108 4 2 1 1 3
J N 6 6796 14 3 3457 288 1 28
K -15 0 65
K 0 0 43
A D 1 8
J N 6 6825 21 2 4321 288 1 28
K 0 0 43
A D 1 8
J N 6 6854 14 2 5185 288 1 28
K 0 0 43
A D 1 8
J N 6 6883 21 2 6049 288 2 28 26
K 0 0 43
A D 1 8
H 28 B 1 0 108 4 2 1 1 3
H 26 S 0 0 0 0 0 0 0 0 0
J B 37 6916 1 82 6913 288 0
J N 6 6937 28 2 1 0 2 29 30
K 0 0 43
A D 1 8
J N 6 6966 21 2 865 288 1 30
K 0 0 43
A D 1 8
J N 6 6995 28 2 1729 288 1 30
K 0 0 43
A D 1 8
J N 6 7024 21 2 2593 288 1 30
K 0 0 43
A D 1 8
H 30 B 1 0 108 4 2 1 1 3
J N 6 7065 14 3 3457 288 1 31
K -15 0 65
K 0 0 43
A D 1 8
J N 6 7094 21 2 4321 288 1 31
K 0 0 43
A D 1 8
J N 6 7123 14 2 5185 288 1 31
K 0 0 43
A D 1 8
J N 6 7152 21 2 6049 288 2 31 29
K 0 0 43
A D 1 8
H 31 B 1 0 108 4 2 1 1 3
H 29 S 0 0 0 0 0 0 0 0 0
J B 38 7185 1 82 6913 288 0
J N 6 7206 28 2 1 0 2 32 33
K 0 0 43
A D 1 8
J N 6 7235 21 2 865 288 1 33
K 0 0 43
A D 1 8
J N 6 7264 28 2 1729 288 1 33
K 0 0 43
A D 1 8
J N 6 7293 21 2 2593 288 1 33
K 0 0 43
A D 1 8
H 33 B 1 0 108 4 2 1 1 3
J N 6 7334 14 3 3457 288 1 34
K -15 0 65
K 0 0 43
A D 1 8
J N 6 7363 21 2 4321 288 1 34
K 0 0 43
A D 1 8
J N 6 7392 28 2 5185 288 1 34
K 0 0 43
A D 1 8
J N 6 7421 21 2 6049 288 2 34 32
K 0 0 43
A D 1 8
H 34 B 1 0 108 4 2 1 1 3
H 32 S 0 0 0 0 0 0 0 0 0
J B 39 7454 1 82 6913 288 0
J N 7 7475 35 4 1 0 0
K 0 0 43
K 0 0 59
K 0 -21 59
A D 2 8
J N 8 7513 28 4 1729 576 0
K 0 0 42
K 0 0 60
K 0 21 60
A D 4 8
J N 7 7566 35 4 5185 1152 0
K 0 0 43
K 0 0 59
K 0 -21 59
A D 2 8
J B 40 7608 1 82 6913 576 0
J N 6 7629 28 2 1 0 2 35 36
K 0 0 43
A D 1 8
J N 6 7658 21 2 865 288 1 36
K 0 0 43
A D 1 8
J N 6 7687 28 2 1729 288 1 36
K 0 0 43
A D 1 8
J N 6 7716 21 2 2593 288 1 36
K 0 0 43
A D 1 8
H 36 B 1 0 108 4 2 1 1 3
J N 6 7757 14 3 3457 288 1 37
K -15 0 65
K 0 0 43
A D 1 8
J N 6 7786 21 2 4321 288 1 37
K 0 0 43
A D 1 8
J N 6 7815 14 2 5185 288 1 37
K 0 0 43
A D 1 8
J N 6 7844 21 2 6049 288 2 37 35
K 0 0 43
A D 1 8
H 37 B 1 0 108 4 2 1 1 3
H 35 S 0 0 0 0 0 0 0 0 0
J B 41 7877 1 82 6913 288 0
J N 6 7902 28 3 1 0 2 38 39
K -14 0 64
K 0 0 43
A D 1 8
J N 6 7931 21 2 865 288 1 39
K 0 0 43
A D 1 8
J N 6 7960 28 2 1729 288 1 39
K 0 0 43
A D 1 8
J N 6 7989 21 2 2593 288 1 39
K 0 0 43
A D 1 8
H 39 B 1 0 108 4 2 1 1 3
J N 6 8018 14 2 3457 288 1 40
K 0 0 43
A D 1 8
J N 6 8047 21 2 4321 288 1 40
K 0 0 43
A D 1 8
J N 6 8076 14 2 5185 288 1 40
K 0 0 43
A D 1 8
J N 6 8105 21 2 6049 288 2 40 38
K 0 0 43
A D 1 8
H 40 B 1 0 108 4 2 1 1 3
H 38 S 0 0 0 0 0 0 0 0 0
J B 42 8138 1 82 6913 288 0
J N 7 8161 28 5 1 0 0
K -14 0 64
K 0 0 43
K 0 0 60
K 0 21 60
A D 2 8
J N 8 8199 21 4 1729 576 0
K 0 0 42
K 0 0 60
K 0 21 60
A D 4 8
J N 7 8252 28 4 5185 1152 0
K 0 0 43
K 0 0 60
K 0 21 60
A D 2 8
J B 43 8294 1 82 6913 576 0
J N 6 8315 21 2 1 0 2 41 42
K 0 0 43
A D 1 8
J N 6 8344 14 2 865 288 1 42
K 0 0 43
A D 1 8
J N 6 8373 21 2 1729 288 1 42
K 0 0 43
A D 1 8
J N 6 8402 14 2 2593 288 1 42
K 0 0 43
A D 1 8
H 42 B 1 0 108 4 2 1 1 3
J N 6 8443 7 3 3457 288 1 43
K -15 0 65
K 0 0 43
A D 1 8
J N 6 8472 14 2 4321 288 1 43
K 0 0 43
A D 1 8
J N 6 8501 7 2 5185 288 1 43
K 0 0 43
A D 1 8
J N 6 8530 14 2 6049 288 2 43 41
K 0 0 43
A D 1 8
H 43 B 1 0 108 4 2 1 1 3
H 41 S 0 0 0 0 0 0 0 0 0
J B 44 8563 1 82 6913 288 0
J N 6 8590 21 3 1 0 2 44 45
K -18 0 63
K 0 0 43
A D 1 8
J N 6 8619 14 2 865 288 1 45
K 0 0 43
A D 1 8
J N 6 8648 21 2 1729 288 1 45
K 0 0 43
A D 1 8
J N 6 8677 14 2 2593 288 1 45
K 0 0 43
A D 1 8
H 45 B 1 0 108 4 2 1 1 3
J N 6 8706 7 2 3457 288 1 46
K 0 0 43
A D 1 8
J N 6 8735 14 2 4321 288 1 46
K 0 0 43
A D 1 8
J N 6 8764 7 2 5185 288 1 46
K 0 0 43
A D 1 8
J N 6 8793 14 2 6049 288 2 46 44
K 0 0 43
A D 1 8
H 46 B 1 0 108 4 2 1 1 3
H 44 S 0 0 0 0 0 0 0 0 0
J B 45 8826 1 82 6913 288 0
J N 7 8853 21 5 1 0 0
K -18 0 63
K 0 0 43
K 0 0 60
K 0 21 60
A D 2 8
J N 8 8891 14 4 1729 576 0
K 0 0 42
K 0 0 60
K 0 21 60
A D 4 8
J N 7 8944 21 4 5185 1152 0
K 0 0 43
K 0 0 60
K 0 21 60
A D 2 8
J B 46 8986 1 82 6913 576 0
J N 8 9007 14 4 1 0 0
K 0 0 42
K 0 0 60
K 0 21 60
A D 4 8
J N 7 9060 -7 4 3457 1152 0
K 0 0 43
K 0 0 60
K 0 21 60
A D 2 8
J N 7 9104 0 5 5185 576 0
K -18 0 63
K 0 0 43
K 0 0 60
K 0 21 60
A D 2 8
J B 47 9146 1 82 6913 576 0
J N 7 9167 -7 4 1 0 0
K 0 0 43
K 0 0 60
K 0 21 60
A D 2 8
J N 7 9205 14 4 1729 576 0
K 0 0 43
K 0 0 60
K 0 21 60
A D 2 8
J N 7 9243 -21 7 3457 576 0
K 0 7 45
K 0 0 43
K 0 7 45
K 1 7 45
K 0 0 60
K 0 21 60
A D 2 8
J N 7 9281 -14 7 5185 576 0
K 0 0 45
K 0 0 43
K -1 0 45
K 2 0 45
K 0 0 60
K 0 21 60
A D 2 8
J B 48 9323 1 82 6913 576 0
J N 8 9344 -21 7 1 0 0
K 0 7 45
K 0 0 42
K 0 7 45
K 1 7 45
K 0 0 60
K 0 21 60
A D 4 8
J N 7 9397 14 4 3457 1152 0
K 0 0 43
K 0 0 60
K 0 21 60
A D 2 8
J N 7 9435 14 4 5185 576 0
K 0 0 43
K 0 0 60
K 0 21 60
A D 2 8
J B 49 9477 1 82 6913 576 0
J N 7 9498 14 4 1 0 0
K 0 0 43
K 0 0 60
K 0 21 60
A D 2 8
J N 7 9536 49 5 1729 576 0
K -18 0 63
K 0 0 43
K 0 0 59
K 0 -21 59
A D 2 8
J N 8 9574 42 4 3457 576 0
K 0 0 42
K 0 0 59
K 0 -21 59
A D 4 8
J B 50 9631 1 82 6913 1152 0
J N 8 9658 49 5 1 0 0
K -18 0 63
K 0 0 42
K 0 0 59
K 0 -21 59
A D 4 8
J N 7 9711 0 5 3457 1152 0
K -18 0 63
K 0 0 43
K 0 0 60
K 0 21 60
A D 2 8
J N 7 9749 0 4 5185 576 0
K 0 0 43
K 0 0 60
K 0 21 60
A D 2 8
J B 51 9791 1 82 6913 576 0
J N 7 9812 -7 4 1 0 0
K 0 0 43
K 0 0 60
K 0 21 60
A D 2 8
J N 7 9850 -7 4 1729 576 0
K 0 0 43
K 0 0 60
K 0 21 60
A D 2 8
J N 7 9888 -14 7 3457 576 0
K 0 0 45
K 0 0 43
K -1 0 45
K 2 0 45
K 0 0 60
K 0 21 60
A D 2 8
J N 7 9926 -14 7 5185 576 0
K 0 0 45
K 0 0 43
K -1 0 45
K 2 0 45
K 0 0 60
K 0 21 60
A D 2 8
J B 52 9968 1 82 6913 576 0
J N 7 9989 -14 7 1 0 0
K 0 0 45
K 0 0 43
K -1 0 45
K 2 0 45
K 0 0 60
K 0 21 60
A D 2 8
J N 7 10027 14 4 1729 576 0
K 0 0 43
K 0 0 60
K 0 21 60
A D 2 8
J N 7 10065 -7 4 3457 576 1 47
K 0 0 43
K 0 0 60
K 0 21 60
A D 2 8
J N 7 10103 0 4 5185 576 1 47
K 0 0 43
K 0 0 60
K 0 21 60
A D 2 8
H 47 S 0 0 0 0 0 0 0 0 0
J B 53 10145 1 82 6913 576 0
J N 7 10169 7 5 1 0 1 48
K -15 0 65
K 0 0 43
K 0 0 60
K 0 21 60
A D 2 8
J N 7 10207 14 4 1729 576 1 48
K 0 0 43
K 0 0 60
K 0 21 60
A D 2 8
H 48 S 0 0 0 0 0 0 0 0 0
J N 7 10245 21 4 3457 576 1 49
K 0 0 43
K 0 0 60
K 0 21 60
A D 2 8
J N 7 10283 28 4 5185 576 1 49
K 0 0 43
K 0 0 60
K 0 21 60
A D 2 8
H 49 S 0 0 0 0 0 0 0 0 0
J B 54 10325 1 82 6913 576 0
J N 7 10346 35 4 1 0 0
K 0 0 43
K 0 0 59
K 0 -21 59
A D 2 8
J N 7 10384 14 4 1729 576 0
K 0 0 43
K 0 0 60
K 0 21 60
A D 2 8
J N 8 10422 -7 4 3457 576 1 50
K 0 0 42
K 0 0 60
K 0 21 60
A D 4 8
J B 55 10479 1 82 6913 1152 0
J N 7 10500 -7 4 1 0 1 50
K 0 0 43
K 0 0 60
K 0 21 60
A D 2 8
H 50 T -7 0 0 0 0 0 1 0
J N 7 10538 14 4 1729 576 0
K 0 0 43
K 0 0 60
K 0 21 60
A D 2 8
J N 8 10576 -7 4 3457 576 1 51
K 0 0 42
K 0 0 60
K 0 21 60
A D 4 8
J B 56 10633 1 82 6913 1152 0
J N 7 10654 -7 4 1 0 1 51
K 0 0 43
K 0 0 60
K 0 21 60
A D 2 8
H 51 T -7 0 0 0 0 0 1 0
J N 7 10692 14 4 1729 576 0
K 0 0 43
K 0 0 60
K 0 21 60
A D 2 8
J N 8 10730 -7 4 3457 576 1 52
K 0 0 42
K 0 0 60
K 0 21 60
A D 4 8
J B 57 10787 1 82 6913 1152 0
J N 7 10808 -7 4 1 0 1 52
K 0 0 43
K 0 0 60
K 0 21 60
A D 2 8
H 52 T -7 0 0 0 0 0 1 0
J N 7 10846 14 4 1729 576 0
K 0 0 43
K 0 0 60
K 0 21 60
A D 2 8
J N 8 10884 -7 4 3457 576 1 53
K 0 0 42
K 0 0 60
K 0 21 60
A D 4 8
J B 58 10941 1 82 6913 1152 0
J N 7 10962 -7 4 1 0 1 53
K 0 0 43
K 0 0 60
K 0 21 60
A D 2 8
H 53 T -7 0 0 0 0 0 1 0
J N 7 11000 14 4 1729 576 0
K 0 0 43
K 0 0 60
K 0 21 60
A D 2 8
J N 7 11038 -7 4 3457 576 0
K 0 0 43
K 0 0 60
K 0 21 60
A D 2 8
J N 7 11076 14 4 5185 576 0
K 0 0 43
K 0 0 60
K 0 21 60
A D 2 8
J B 59 11118 1 82 6913 576 0
J N 7 11145 0 5 1 0 0
K -18 0 63
K 0 0 43
K 0 0 60
K 0 21 60
A D 2 8
J N 8 11183 -7 4 1729 576 0
K 0 0 42
K 0 0 60
K 0 21 60
A D 4 8
J N 7 11236 0 4 5185 1152 0
K 0 0 43
K 0 0 60
K 0 21 60
A D 2 8
J B 60 11278 1 82 6913 576 0
J N 8 11299 -7 4 1 0 0
K 0 0 42
K 0 0 60
K 0 21 60
A D 4 8
J N 8 11352 42 4 3457 1152 0
K 0 0 42
K 0 0 59
K 0 -21 59
A D 4 8
J B 61 11409 1 82 6913 1152 0
J R 8 11430 28 2 1 0 0
K 0 0 47
A D 4 8
J N 8 11483 42 4 3457 1152 0
K 0 0 42
K 0 0 59
K 0 -21 59
A D 4 8
J B 62 11540 1 82 6913 1152 0
J R 8 11561 28 2 1 0 0
K 0 0 47
A D 4 8
J N 8 11614 42 5 3457 1152 0
K 0 0 42
K 0 37 108
K 0 0 59
K 0 -21 59
A D 4 8
J B 63 11671 1 82 6913 1152 0
J R 8 11692 28 2 1 0 0
K 0 0 47
A D 4 8
J N 8 11745 42 4 3457 1152 0
K 0 0 42
K 0 0 59
K 0 -21 59
A D 4 8
J B 64 11802 1 82 6913 1152 0
J R 8 11823 28 2 1 0 0
K 0 0 47
A D 4 8
J N 7 11876 42 5 3457 1152 0
K 0 0 43
K 0 44 110
K 0 0 59
K 0 -21 59
A D 2 8
J N 7 11917 7 5 5185 576 0
K -15 0 65
K 0 0 43
K 0 0 60
K 0 21 60
A D 2 8
J B 65 11959 1 82 6913 576 0
J N 7 11986 49 5 1 0 0
K -18 0 63
K 0 0 43
K 0 0 59
K 0 -21 59
A D 2 8
J N 8 12024 42 4 1729 576 0
K 0 0 42
K 0 0 59
K 0 -21 59
A D 4 8
J N 7 12077 49 4 5185 1152 0
K 0 0 43
K 0 0 59
K 0 -21 59
A D 2 8
J B 66 12119 1 82 6913 576 0
J N 8 12140 42 4 1 0 0
K 0 0 42
K 0 0 59
K 0 -21 59
A D 4 8
J R 7 12193 28 2 3457 1152 0
K 0 0 48
A D 2 8
J N 7 12231 7 6 5185 576 0
K -15 0 65
K 0 0 43
K 0 74 108
K 0 0 60
K 0 21 60
A D 2 8
J B 67 12273 1 82 6913 576 0
J N 7 12300 49 5 1 0 0
K -18 0 63
K 0 0 43
K 0 0 59
K 0 -21 59
A D 2 8
J N 8 12338 42 4 1729 576 0
K 0 0 42
K 0 0 59
K 0 -21 59
A D 4 8
J N 7 12391 49 4 5185 1152 0
K 0 0 43
K 0 0 59
K 0 -21 59
A D 2 8
J B 68 12433 1 82 6913 576 0
J N 8 12454 42 5 1 0 0
K 0 0 42
K 24 -6 44
K 0 0 59
K 0 -21 59
A D 6 8
J B 69 12534 10000005 2 6913 1728 0
K -8 0 82
K 0 0 82
J C 4 12539 42 2 6913 0 0
K 0 0 33
K 0 0 34
J K 0 12591 0 1 6913 0 0
K 0 28 64
J D 5 12620 -42 1 6913 0 0
W 0 0 37 Largo
J T 1208 12641 0 3 6913 0 0
K 0 28 73
K -21 28 72
K -10 56 79
J N 7 12680 28 4 1 0 1 54
K 0 0 43
K 0 0 60
K 0 21 60
A D 2 8
J N 6 12718 21 3 1153 576 1 54
K 0 0 43
K 0 0 54
A D 1 8
H 54 S 0 0 0 0 0 0 0 0 0
J N 7 12747 14 4 1729 288 1 55
K 0 0 43
K 0 0 60
K 0 21 60
A D 2 8
J N 6 12785 28 3 2881 576 1 55
K 0 0 43
K 0 0 54
A D 1 8
H 55 S 0 0 0 0 0 0 0 0 0
J N 7 12814 7 4 3457 288 1 56
K 0 0 43
K 0 0 60
K 0 21 60
A D 2 8
J N 6 12852 14 3 4609 576 1 56
K 0 0 43
K 0 0 54
A D 1 8
H 56 S 0 0 0 0 0 0 0 0 0
J N 6 12881 7 2 5185 288 2 57 58
K 0 0 43
A D 1 8
J N 6 12910 14 2 5761 288 1 58
K 0 0 43
A D 1 8
J N 6 12939 21 2 6337 288 2 58 57
K 0 0 43
A D 1 8
H 58 B 1 0 108 3 2 1 3
H 57 S 0 0 0 0 0 0 0 0 0
J B 2 12972 1 82 6913 288 0
J N 7 12993 14 4 1 0 1 59
K 0 0 43
K 0 0 60
K 0 21 60
A D 2 8
J N 6 13031 21 3 1153 576 1 59
K 0 0 43
K 0 0 54
A D 1 8
H 59 S 0 0 0 0 0 0 0 0 0
J N 7 13060 14 4 1729 288 1 60
K 0 0 43
K 0 0 60
K 0 21 60
A D 2 8
J N 6 13098 28 3 2881 576 1 60
K 0 0 43
K 0 0 54
A D 1 8
H 60 S 0 0 0 0 0 0 0 0 0
J N 6 13127 21 2 3457 288 2 61 62
K 0 0 43
A D 1 8
J N 6 13156 14 2 4033 288 1 62
K 0 0 43
A D 1 8
J N 6 13185 28 2 4609 288 2 62 61
K 0 0 43
A D 1 8
H 62 B 1 0 108 3 2 1 3
H 61 S 0 0 -7 0 -7 0 0 0 0
J N 7 13214 35 4 5185 288 0
K 0 0 43
K 0 0 59
K 0 -21 59
A D 2 8
J N 6 13252 14 3 6337 576 0
K 0 0 43
K 0 0 54
A D 1 8
J B 3 13285 1 82 6913 288 0
J N 7 13306 28 4 1 0 1 63
K 0 0 43
K 0 0 60
K 0 21 60
A D 2 8
J N 6 13344 21 3 1153 576 1 63
K 0 0 43
K 0 0 54
A D 1 8
H 63 S 0 0 0 0 0 0 0 0 0
J N 7 13373 14 4 1729 288 1 64
K 0 0 43
K 0 0 60
K 0 21 60
A D 2 8
J N 6 13411 28 3 2881 576 1 64
K 0 0 43
K 0 0 54
A D 1 8
H 64 S 0 0 0 0 0 0 0 0 0
J N 7 13450 49 5 3457 288 1 65
K -18 0 63
K 0 0 43
K 0 0 59
K 0 -21 59
A D 2 8
J N 6 13488 42 3 4609 576 1 65
K 0 0 43
K 0 0 53
A D 1 8
H 65 S 12 0 0 0 0 0 0 0 0
J N 7 13525 35 4 5185 288 1 66
K 0 0 43
K 0 0 59
K 0 -21 59
A D 2 8
J N 6 13563 49 3 6337 576 1 66
K 0 0 43
K 0 0 53
A D 1 8
H 66 S 12 0 0 0 0 0 0 0 0
J B 4 13607 1 82 6913 288 0
J N 7 13628 28 4 1 0 1 67
K 0 0 43
K 0 0 60
K 0 21 60
A D 2 8
J N 6 13666 35 3 1153 576 1 67
K 0 0 43
K 0 0 53
A D 1 8
H 67 S 0 0 0 0 0 0 0 0 0
J N 6 13703 28 2 1729 288 2 68 69
K 0 0 43
A D 1 8
J N 6 13732 35 2 2305 288 1 69
K 0 0 43
A D 1 8
J N 6 13761 42 2 2881 288 2 69 68
K 0 0 43
A D 1 8
H 69 B 0 0 108 3 2 1 3
H 68 S 12 0 0 0 0 0 0 0 0
J N 7 13790 35 4 3457 288 1 70
K 0 0 43
K 0 0 59
K 0 -21 59
A D 2 8
J N 6 13828 42 3 4609 576 1 70
K 0 0 43
K 0 0 53
A D 1 8
H 70 S 12 0 0 0 0 0 0 0 0
J N 7 13865 35 4 5185 288 1 71
K 0 0 43
K 0 0 59
K 0 -21 59
A D 2 8
J N 6 13908 49 4 6337 576 1 71
K -18 0 63
K 0 0 43
K 0 0 53
A D 1 8
H 71 S 12 0 0 0 0 0 0 0 0
J B 5 13952 1 82 6913 288 0
J N 6 13973 42 2 1 0 2 72 73
K 0 0 43
A D 1 8
J N 6 14002 35 2 577 288 1 73
K 0 0 43
A D 1 8
J N 6 14045 49 3 1153 288 2 73 72
K -18 0 63
K 0 0 43
A D 1 8
H 73 B 0 0 108 3 2 1 3
H 72 S 12 0 0 0 0 0 0 0 0
J N 7 14074 56 4 1729 288 0
K 0 0 43
K 0 0 59
K 0 -21 59
A D 2 8
J N 6 14112 35 3 2881 576 0
K 0 0 43
K 0 0 53
A D 1 8
J N 7 14145 49 4 3457 288 1 74
K 0 0 43
K 0 0 59
K 0 -21 59
A D 2 8
J N 6 14183 42 3 4609 576 1 74
K 0 0 43
K 0 0 53
A D 1 8
H 74 S 12 0 0 0 0 0 0 0 0
J N 7 14220 35 4 5185 288 1 75
K 0 0 43
K 0 0 59
K 0 -21 59
A D 2 8
J N 6 14258 49 3 6337 576 1 75
K 0 0 43
K 0 0 53
A D 1 8
H 75 S 12 0 0 0 0 0 0 0 0
J B 6 14302 1 82 6913 288 0
J N 8 14323 -7 5 1 0 0
K 0 0 42
K 25 0 44
K 0 0 60
K 0 21 60
A D 6 8
J N 8 14391 -7 5 3457 1728 0
K 0 0 42
K 25 0 44
K 0 0 60
K 0 21 60
A D 6 8
J B 7 14463 1 82 6913 1728 0
J N 8 14484 -7 5 1 0 0
K 0 0 42
K 25 0 44
K 0 0 60
K 0 21 60
A D 6 8
J N 7 14552 -7 5 3457 1728 0
K 0 0 43
K 25 0 44
K 0 0 60
K 0 21 60
A D 3 8
J N 7 14608 0 6 5185 864 0
K -18 0 63
K 0 0 43
K 24 -6 44
K 0 0 60
K 0 21 60
A D 3 8
J B 8 14658 1 82 6913 864 0
J N 7 14679 -7 5 1 0 0
K 0 0 43
K 25 0 44
K 0 0 60
K 0 21 60
A D 3 8
J D 0 14725 0 1 1729 864 0
W 0 -28 31 Soli
J R 6 14725 28 2 1729 0 0
K 0 0 49
A D 1 8
J R 6 14754 28 2 2305 288 0
K 0 0 49
A D 1 8
J N 6 14783 -21 7 2881 288 0
K 0 7 45
K 0 0 43
K 0 7 45
K 1 7 45
K 0 0 60
K 0 0 54
A D 1 8
J N 6 14812 -28 6 3457 288 2 76 77
K 0 14 45
K 0 0 45
K 0 0 43
K -1 0 45
K 2 0 45
A D 1 8
J N 6 14841 -21 5 4033 288 1 77
K 0 7 45
K 0 0 43
K 0 7 45
K 1 7 45
A D 1 8
J N 6 14870 -14 5 4609 288 2 77 76
K 0 0 45
K 0 0 43
K -1 0 45
K 2 0 45
A D 1 8
H 77 B 1 0 108 3 2 1 3
H 76 S 0 0 0 0 0 0 0 0 0
J N 7 14899 -35 9 5185 288 0
K 0 21 45
K 0 7 45
K 0 0 43
K 0 7 45
K 1 7 45
K 0 0 60
K 0 28 60
K 0 35 60
A D 2 8
J N 6 14937 14 3 6337 576 0
K 0 0 43
K 0 0 54
A D 1 8
J B 9 14970 1 82 6913 288 0
J N 7 14991 -7 4 1 0 0
K 0 0 43
K 0 0 60
K 0 21 60
A D 2 8
J N 6 15029 42 3 1153 576 0
K 0 0 43
K 0 0 53
A D 1 8
J R 6 15069 28 2 1729 288 0
K 0 0 49
A D 1 8
J R 6 15098 28 2 2305 288 0
K 0 0 49
A D 1 8
J N 6 15127 -28 8 2881 288 0
K 0 14 45
K 0 0 45
K 0 0 43
K -1 0 45
K 2 0 45
K 0 0 60
K 0 7 54
A D 1 8
J N 6 15156 -14 5 3457 288 2 78 79
K 0 0 45
K 0 0 43
K -1 0 45
K 2 0 45
A D 1 8
J N 6 15185 -7 2 4033 288 1 79
K 0 0 43
A D 1 8
J N 6 15229 0 3 4609 288 2 79 78
K -18 0 63
K 0 0 43
A D 1 8
H 79 B 1 0 108 3 2 1 3
H 78 S 0 0 0 0 0 0 0 0 0
J N 7 15258 -21 7 5185 288 0
K 0 7 45
K 0 0 43
K 0 7 45
K 1 7 45
K 0 0 60
K 0 21 60
A D 2 8
J N 6 15296 28 3 6337 576 0
K 0 0 43
K 0 0 54
A D 1 8
J B 10 15329 1 82 6913 288 0
J N 7 15350 7 4 1 0 0
K 0 0 43
K 0 0 60
K 0 21 60
A D 2 8
J N 6 15388 56 3 1153 576 0
K 0 0 43
K 0 0 53
A D 1 8
J R 6 15428 28 2 1729 288 0
K 0 0 49
A D 1 8
J R 6 15457 28 2 2305 288 0
K 0 0 49
A D 1 8
J N 6 15486 -14 6 2881 288 0
K 0 0 45
K 0 0 43
K -1 0 45
K 2 0 45
K 0 0 54
A D 1 8
J N 6 15529 0 3 3457 288 2 80 81
K -18 0 63
K 0 0 43
A D 1 8
J N 6 15558 7 2 4033 288 1 81
K 0 0 43
A D 1 8
J N 6 15587 14 2 4609 288 2 81 80
K 0 0 43
A D 1 8
H 81 B 1 0 108 3 2 1 3
H 80 S 0 0 0 0 0 0 0 0 0
J N 7 15616 -7 4 5185 288 0
K 0 0 43
K 0 0 60
K 0 21 60
A D 2 8
J N 6 15654 -7 3 6337 576 0
K 0 0 43
K 0 0 54
A D 1 8
J B 11 15687 1 82 6913 288 0
J N 7 15708 -7 5 1 0 0
K 0 0 43
K 25 0 44
K 0 0 60
K 0 21 60
A D 3 8
J R 6 15754 28 2 1729 864 0
K 0 0 49
A D 1 8
J R 6 15783 28 2 2305 288 0
K 0 0 49
A D 1 8
J D 0 15812 0 1 2881 288 0
W 0 -28 31 [Tutti]
J N 6 15818 0 4 2881 0 0
K -18 0 63
K 0 0 43
K 0 0 54
A D 1 8
J N 6 15847 28 2 3457 288 2 82 83
K 0 0 43
A D 1 8
J N 6 15891 21 3 4033 288 1 83
K -18 0 63
K 0 0 43
A D 1 8
J N 6 15920 14 2 4609 288 2 83 82
K 0 0 43
A D 1 8
H 83 B 1 0 108 3 2 1 3
H 82 S 0 0 0 0 0 0 0 0 0
J N 6 15949 35 2 5185 288 2 84 85
K 0 0 43
A D 1 8
J N 6 15978 14 2 5761 288 1 85
K 0 0 43
A D 1 8
J N 6 16007 21 2 6337 288 2 85 84
K 0 0 43
A D 1 8
H 85 B 1 0 108 3 2 1 3
H 84 S 0 0 -7 0 -7 0 0 0 0
J B 12 16040 1 82 6913 288 0
J N 7 16061 14 5 1 0 0
K 0 0 43
K 24 -6 44
K 0 0 60
K 0 21 60
A D 3 8
J R 6 16107 28 2 1729 864 0
K 0 0 49
A D 1 8
J R 6 16136 28 2 2305 288 0
K 0 0 49
A D 1 8
J N 6 16165 35 3 2881 288 0
K 0 0 43
K 0 0 53
A D 1 8
J N 7 16202 28 4 3457 288 1 86
K 0 0 43
K 0 0 60
K 0 21 60
A D 2 8
J N 6 16240 35 3 4609 576 1 86
K 0 0 43
K 0 0 53
A D 1 8
H 86 S 0 0 0 0 0 0 0 0 0
J N 6 16277 28 2 5185 288 2 87 88
K 0 0 43
A D 1 8
J N 6 16306 35 2 5761 288 1 88
K 0 0 43
A D 1 8
J N 6 16335 42 2 6337 288 2 88 87
K 0 0 43
A D 1 8
H 88 B 0 0 108 3 2 1 3
H 87 S 12 0 0 0 0 0 0 0 0
J B 13 16368 1 82 6913 288 0
J N 7 16389 35 4 1 0 0
K 0 0 43
K 0 0 59
K 0 -21 59
A D 2 8
J N 6 16432 49 4 1153 576 0
K -18 0 63
K 0 0 43
K 0 0 53
A D 1 8
J R 6 16472 28 2 1729 288 0
K 0 0 49
A D 1 8
J R 6 16501 28 2 2305 288 0
K 0 0 49
A D 1 8
J N 6 16530 14 3 2881 288 0
K 0 0 43
K 0 0 54
A D 1 8
J N 7 16559 7 4 3457 288 1 89
K 0 0 43
K 0 0 60
K 0 21 60
A D 2 8
J N 6 16597 14 3 4609 576 1 89
K 0 0 43
K 0 0 54
A D 1 8
H 89 S 0 0 0 0 0 0 0 0 0
J N 6 16626 7 2 5185 288 2 90 91
K 0 0 43
A D 1 8
J N 6 16655 14 2 5761 288 1 91
K 0 0 43
A D 1 8
J N 6 16684 21 2 6337 288 2 91 90
K 0 0 43
A D 1 8
H 91 B 1 0 108 3 2 1 3
H 90 S 0 0 0 0 0 0 0 0 0
J B 14 16717 1 82 6913 288 0
J N 7 16738 14 4 1 0 0
K 0 0 43
K 0 0 60
K 0 21 60
A D 2 8
J N 6 16776 28 3 1153 576 0
K 0 0 43
K 0 0 54
A D 1 8
J R 6 16805 28 2 1729 288 0
K 0 0 49
A D 1 8
J R 6 16834 28 2 2305 288 0
K 0 0 49
A D 1 8
J N 6 16863 14 3 2881 288 0
K 0 0 43
K 0 0 54
A D 1 8
J N 7 16892 -7 4 3457 288 1 92
K 0 0 43
K 0 0 60
K 0 21 60
A D 2 8
J N 6 16930 21 3 4609 576 1 92
K 0 0 43
K 0 0 54
A D 1 8
H 92 S 0 0 0 0 0 0 0 0 0
J N 7 16973 0 5 5185 288 1 93
K -18 0 63
K 0 0 43
K 0 0 60
K 0 21 60
A D 2 8
J N 6 17011 28 3 6337 576 1 93
K 0 0 43
K 0 0 54
A D 1 8
H 93 S 0 0 0 0 0 0 0 0 0
J B 15 17044 1 82 6913 288 0
J N 7 17065 7 4 1 0 1 94
K 0 0 43
K 0 0 60
K 0 21 60
A D 2 8
J N 6 17103 35 3 1153 576 1 94
K 0 0 43
K 0 0 53
A D 1 8
H 94 S 0 0 0 0 0 0 0 0 0
J N 7 17140 14 4 1729 288 1 95
K 0 0 43
K 0 0 60
K 0 21 60
A D 2 8
J N 6 17178 42 3 2881 576 1 95
K 0 0 43
K 0 0 53
A D 1 8
H 95 S 0 0 0 0 0 0 0 0 0
J N 7 17215 21 5 3457 288 0
K 0 0 43
K 25 0 44
K 0 0 60
K 0 21 60
A D 3 8
J N 7 17261 28 5 5185 864 0
K 0 0 43
K 24 -6 44
K 0 0 60
K 0 21 60
A D 3 8
J B 16 17311 1 82 6913 864 0
J N 7 17332 35 5 1 0 0
K 0 0 43
K 25 0 44
K 0 0 59
K 0 -21 59
A D 3 8
J R 6 17378 28 2 1729 864 0
K 0 0 49
A D 1 8
J R 6 17407 28 2 2305 288 0
K 0 0 49
A D 1 8
J N 6 17436 -35 8 2881 288 0
K 0 21 45
K 0 7 45
K 0 0 43
K 0 7 45
K 1 7 45
K 0 0 60
K 0 14 54
A D 1 8
J N 8 17465 -28 9 3457 288 0
K 0 14 45
K 0 0 45
K 0 0 42
K -1 0 45
K 2 0 45
K 24 -6 44
K 0 0 60
K 0 28 60
A D 6 8
J B 17 17537 1 82 6913 1728 0
J N 7 17558 -21 8 1 0 0
K 0 7 45
K 0 0 43
K 0 7 45
K 1 7 45
K 25 0 44
K 0 0 60
K 0 21 60
A D 3 8
J N 7 17611 -21 9 1729 864 0
K 0 7 45
K -15 0 65
K 0 0 43
K 0 7 45
K 1 7 45
K 25 0 44
K 0 0 60
K 0 21 60
A D 3 8
J N 8 17657 -14 8 3457 864 0
K 0 0 45
K 0 0 42
K -1 0 45
K 2 0 45
K 24 -6 44
K 0 0 60
K 0 21 60
A D 6 8
J B 18 17729 1 82 6913 1728 0
J N 8 17750 -14 8 1 0 0
K 0 0 45
K 0 0 42
K -1 0 45
K 2 0 45
K 24 -6 44
K 0 0 60
K 0 21 60
A D 6 8
J N 8 17818 -14 8 3457 1728 0
K 0 0 45
K 0 0 42
K -1 0 45
K 2 0 45
K 24 -6 44
K 0 0 60
K 0 21 60
A D 6 8
J B 19 17890 1 82 6913 1728 0
J N 7 17911 -14 8 1 0 0
K 0 0 45
K 0 0 43
K -1 0 45
K 2 0 45
K 24 -6 44
K 0 0 60
K 0 21 60
A D 3 8
J R 6 17957 28 2 1729 864 0
K 0 0 49
A D 1 8
J R 6 17986 28 2 2305 288 0
K 0 0 49
A D 1 8
J N 6 18015 14 3 2881 288 0
K 0 0 43
K 0 0 54
A D 1 8
J N 6 18044 21 2 3457 288 2 96 97
K 0 0 43
A D 1 8
J N 6 18073 14 2 4033 288 1 97
K 0 0 43
A D 1 8
J N 6 18102 28 2 4609 288 2 97 96
K 0 0 43
A D 1 8
H 97 B 1 0 108 3 2 1 3
H 96 S 0 0 -7 0 -7 0 0 0 0
J N 7 18131 35 5 5185 288 0
K 0 0 43
K 25 0 44
K 0 0 59
K 0 -21 59
A D 3 8
J B 20 18181 1 82 6913 864 0
J N 7 18202 42 4 1 0 0
K 0 0 43
K 0 0 59
K 0 -21 59
A D 2 8
J N 6 18240 14 3 1153 576 0
K 0 0 43
K 0 0 54
A D 1 8
J N 7 18269 -7 5 1729 288 0
K 0 0 43
K 25 0 44
K 0 0 60
K 0 21 60
A D 3 8
J R 6 18315 28 2 3457 864 0
K 0 0 49
A D 1 8
J R 6 18344 28 2 4033 288 0
K 0 0 49
A D 1 8
J N 6 18373 7 3 4609 288 0
K 0 0 43
K 0 0 54
A D 1 8
J N 7 18402 -14 8 5185 288 0
K 0 0 45
K 0 0 43
K -1 0 45
K 2 0 45
K 24 -6 44
K 0 0 60
K 0 21 60
A D 3 8
J B 21 18452 1 82 6913 864 0
J R 6 18473 28 2 1 0 0
K 0 0 49
A D 1 8
J R 6 18502 28 2 577 288 0
K 0 0 49
A D 1 8
J N 6 18541 0 4 1153 288 0
K -18 0 63
K 0 0 43
K 0 0 54
A D 1 8
J N 7 18570 -21 8 1729 288 0
K 0 7 45
K 0 0 43
K 0 7 45
K 1 7 45
K 25 0 44
K 0 0 60
K 0 21 60
A D 3 8
J R 6 18616 28 2 3457 864 0
K 0 0 49
A D 1 8
J R 6 18645 28 2 4033 288 0
K 0 0 49
A D 1 8
J N 6 18674 -7 3 4609 288 0
K 0 0 43
K 0 0 54
A D 1 8
J N 7 18703 -28 9 5185 288 0
K 0 14 45
K 0 0 45
K 0 0 43
K -1 0 45
K 2 0 45
K 24 -6 44
K 0 0 60
K 0 28 60
A D 3 8
J B 22 18753 1 82 6913 864 0
J R 6 18774 28 2 1 0 0
K 0 0 49
A D 1 8
J R 6 18803 28 2 577 288 0
K 0 0 49
A D 1 8
J N 6 18832 -21 7 1153 288 0
K 0 7 45
K 0 0 43
K 0 7 45
K 1 7 45
K 0 0 60
K 0 0 54
A D 1 8
J N 7 18861 -14 7 1729 288 1 98
K 0 0 45
K 0 0 43
K -1 0 45
K 2 0 45
K 0 0 60
K 0 21 60
A D 2 8
J N 6 18899 -35 8 2881 576 1 98
K 0 21 45
K 0 7 45
K 0 0 43
K 0 7 45
K 1 7 45
K 0 0 60
K 0 14 54
A D 1 8
H 98 S 0 0 0 0 0 0 0 0 0
J R 6 18928 28 2 3457 288 0
K 0 0 49
A D 1 8
J R 6 18957 28 2 4033 288 0
K 0 0 49
A D 1 8
J N 6 18986 -7 3 4609 288 0
K 0 0 43
K 0 0 54
A D 1 8
J N 7 19030 0 5 5185 288 1 99
K -18 0 63
K 0 0 43
K 0 0 60
K 0 21 60
A D 2 8
J N 6 19068 -21 7 6337 576 1 99
K 0 7 45
K 0 0 43
K 0 7 45
K 1 7 45
K 0 0 60
K 0 0 54
A D 1 8
H 99 S 0 0 0 0 0 0 0 0 0
J B 23 19101 1 82 6913 288 0
J R 6 19122 28 2 1 0 0
K 0 0 49
A D 1 8
J R 6 19151 28 2 577 288 0
K 0 0 49
A D 1 8
J N 6 19180 7 3 1153 288 0
K 0 0 43
K 0 0 54
A D 1 8
J N 7 19209 14 4 1729 288 1 100
K 0 0 43
K 0 0 60
K 0 21 60
A D 2 8
J N 6 19247 -7 3 2881 576 1 100
K 0 0 43
K 0 0 54
A D 1 8
H 100 S 0 0 0 0 0 0 0 0 0
J N 7 19276 21 5 3457 288 0
K 0 0 43
K 25 0 44
K 0 0 60
K 0 21 60
A D 3 8
J R 6 19322 28 2 5185 864 0
K 0 0 49
A D 1 8
J R 6 19351 28 2 5761 288 0
K 0 0 49
A D 1 8
J N 6 19380 28 3 6337 288 0
K 0 0 43
K 0 0 54
A D 1 8
J B 24 19413 1 82 6913 288 0
J N 6 19434 56 2 1 0 2 101 102
K 0 0 43
A D 1 8
J N 6 19478 49 3 577 288 1 102
K -18 0 63
K 0 0 43
A D 1 8
J N 6 19507 42 2 1153 288 2 102 101
K 0 0 43
A D 1 8
H 102 B 0 0 108 3 2 1 3
H 101 S 12 0 0 0 0 0 0 0 0
J N 7 19536 63 4 1729 288 0
K 0 0 43
K 0 0 59
K 0 -21 59
A D 2 8
J N 6 19574 49 3 2881 576 0
K 0 0 43
K 0 0 53
A D 1 8
J N 7 19611 42 5 3457 288 0
K 0 0 43
K 24 -6 44
K 0 0 59
K 0 -21 59
A D 3 8
J N 7 19657 7 5 5185 864 0
K 0 0 43
K 25 0 44
K 0 0 60
K 0 21 60
A D 3 8
J B 25 19707 1 82 6913 864 0
J R 7 19728 28 3 1 0 0
K 0 0 48
K -2 -35 101
A D 2 8
J R 6 19766 28 2 1153 576 0
K 0 0 49
A D 1 8
J N 7 19795 14 6 1729 288 0
K 0 0 43
K 24 -6 44
K 0 70 108
K 0 0 60
K 0 21 60
A D 3 8
J R 8 19841 28 3 3457 864 0
K 0 0 47
K 2 -35 101
A D 6 8
J B 26 19898 1 82 6913 1728 0
J N 7 19919 21 5 1 0 0
K 0 0 43
K 0 75 110
K 0 0 60
K 0 21 60
A D 2 8
J N 6 19957 28 3 1153 576 0
K 0 0 43
K 0 0 54
A D 1 8
J N 7 19986 35 5 1729 288 0
K 0 0 43
K 25 0 44
K 0 0 59
K 0 -21 59
A D 3 8
J N 7 20032 42 5 3457 864 0
K 0 0 43
K 24 -6 44
K 0 0 59
K 0 -21 59
A D 3 8
J R 6 20078 28 2 5185 864 0
K 0 0 49
A D 1 8
J R 6 20107 28 2 5761 288 0
K 0 0 49
A D 1 8
J N 6 20136 28 3 6337 288 0
K 0 0 43
K 0 0 54
A D 1 8
J B 27 20169 1 82 6913 288 0
J N 7 20190 28 5 1 0 0
K 0 0 43
K 24 -6 44
K 0 0 60
K 0 21 60
A D 3 8
J N 7 20236 28 5 1729 864 0
K 0 0 43
K 24 -6 44
K 0 0 60
K 0 21 60
A D 3 8
J N 7 20282 28 5 3457 864 0
K 0 0 43
K 24 -6 44
K 0 0 60
K 0 21 60
A D 3 8
J R 6 20328 28 2 5185 864 0
K 0 0 49
A D 1 8
J R 6 20357 28 2 5761 288 0
K 0 0 49
A D 1 8
J N 6 20386 21 4 6337 288 0
K 0 0 43
K 0 68 108
K 0 0 54
A D 1 8
J B 28 20419 1 82 6913 288 0
J N 7 20440 28 5 1 0 0
K 0 0 43
K 24 -6 44
K 0 0 60
K 0 21 60
A D 3 8
J N 7 20486 21 5 1729 864 0
K 0 0 43
K 25 0 44
K 0 0 60
K 0 21 60
A D 3 8
J N 7 20532 28 5 3457 864 0
K 0 0 43
K 24 -6 44
K 0 0 60
K 0 21 60
A D 3 8
J R 6 20578 28 2 5185 864 0
K 0 0 49
A D 1 8
J R 6 20607 28 2 5761 288 0
K 0 0 49
A D 1 8
J N 6 20636 14 4 6337 288 0
K 0 0 43
K 0 74 110
K 0 0 54
A D 1 8
J B 29 20669 1 82 6913 288 0
J N 7 20696 21 6 1 0 0
K -18 0 63
K 0 0 43
K 25 0 44
K 0 0 60
K 0 21 60
A D 3 8
J N 7 20742 14 5 1729 864 0
K 0 0 43
K 24 -6 44
K 0 0 60
K 0 21 60
A D 3 8
J N 7 20788 21 5 3457 864 0
K 0 0 43
K 25 0 44
K 0 0 60
K 0 21 60
A D 3 8
J R 6 20834 28 2 5185 864 0
K 0 0 49
A D 1 8
J R 6 20863 28 2 5761 288 0
K 0 0 49
A D 1 8
J D 0 20892 0 1 6337 288 0
W 0 -21 31 Soli
J N 6 20898 0 4 6337 0 0
K -18 0 63
K 0 0 43
K 0 0 54
A D 1 8
J B 30 20931 1 82 6913 288 0
J N 7 20958 0 5 1 0 1 103
K -18 0 63
K 0 0 43
K 0 0 60
K 0 21 60
A D 2 8
J N 6 20996 7 3 1153 576 1 103
K 0 0 43
K 0 0 54
A D 1 8
H 103 S 0 0 0 0 0 0 0 0 0
J N 7 21025 7 4 1729 288 0
K 0 0 43
K 0 0 60
K 0 21 60
A D 2 8
J N 6 21063 7 3 2881 576 0
K 0 0 43
K 0 0 54
A D 1 8
J N 7 21092 7 4 3457 288 1 104
K 0 0 43
K 0 0 60
K 0 21 60
A D 2 8
J N 6 21130 14 3 4609 576 1 104
K 0 0 43
K 0 0 54
A D 1 8
H 104 S 0 0 0 0 0 0 0 0 0
J R 6 21159 28 2 5185 288 0
K 0 0 49
A D 1 8
J R 6 21188 28 2 5761 288 0
K 0 0 49
A D 1 8
J N 6 21217 14 3 6337 288 0
K 0 0 43
K 0 0 54
A D 1 8
J B 31 21250 1 82 6913 288 0
J N 7 21271 14 4 1 0 1 105
K 0 0 43
K 0 0 60
K 0 21 60
A D 2 8
J N 6 21313 21 4 1153 576 1 105
K -14 0 64
K 0 0 43
K 0 0 54
A D 1 8
H 105 S 0 0 0 0 0 0 0 0 0
J N 7 21342 21 4 1729 288 0
K 0 0 43
K 0 0 60
K 0 21 60
A D 2 8
J D 0 21380 0 1 2881 576 0
W 0 -21 31 Tutti
J N 6 21380 28 3 2881 0 0
K 0 0 43
K 0 0 54
A D 1 8
J N 7 21424 35 5 3457 288 0
K -18 0 63
K 0 0 43
K 0 0 59
K 0 -21 59
A D 2 8
J N 6 21467 49 4 4609 576 0
K -18 0 63
K 0 0 43
K 0 0 53
A D 1 8
J N 7 21504 28 5 5185 288 1 106
K 0 0 43
K 24 -6 44
K 0 0 60
K 0 21 60
A D 3 8
J B 32 21554 1 82 6913 864 0
J N 7 21575 28 5 1 0 1 106
K 0 0 43
K 24 -6 44
K 0 0 60
K 0 21 60
A D 3 8
H 106 T 28 0 0 0 0 0 5 0
J N 7 21630 35 6 1729 864 0
K -18 0 63
K 0 0 43
K 25 0 44
K 0 0 59
K 0 -21 59
A D 3 8
J N 7 21676 28 4 3457 864 0
K 0 0 43
K 0 0 60
K 0 21 60
A D 2 8
J N 6 21718 0 4 4609 576 0
K -18 0 63
K 0 0 43
K 0 0 54
A D 1 8
J N 7 21747 -21 8 5185 288 1 107
K 0 7 45
K 0 0 43
K 0 7 45
K 1 7 45
K 25 0 44
K 0 0 60
K 0 21 60
A D 3 8
J B 33 21797 1 82 6913 864 0
J N 7 21818 -21 7 1 0 1 107
K 0 7 45
K 0 0 43
K 0 7 45
K 1 7 45
K 0 0 60
K 0 21 60
A D 2 8
H 107 T -21 0 0 0 0 0 1 0
J N 6 21860 0 4 1153 576 0
K -18 0 63
K 0 0 43
K 0 0 54
A D 1 8
J N 7 21889 -21 8 1729 288 1 108
K 0 7 45
K 0 0 43
K 0 7 45
K 1 7 45
K 25 0 44
K 0 0 60
K 0 21 60
A D 3 8
J N 7 21935 -21 7 3457 864 1 108
K 0 7 45
K 0 0 43
K 0 7 45
K 1 7 45
K 0 0 60
K 0 21 60
A D 2 8
H 108 T -21 0 0 0 0 0 1 0
J N 6 21973 0 3 4609 576 0
K 0 0 43
K 0 0 54
A D 1 8
J N 7 22002 -21 8 5185 288 1 109
K 0 7 45
K 0 0 43
K 0 7 45
K 1 7 45
K 25 0 44
K 0 0 60
K 0 21 60
A D 3 8
J B 34 22052 1 82 6913 864 0
J N 7 22073 -21 7 1 0 1 109
K 0 7 45
K 0 0 43
K 0 7 45
K 1 7 45
K 0 0 60
K 0 21 60
A D 2 8
H 109 T -21 0 0 0 0 0 1 0
J N 6 22111 28 3 1153 576 0
K 0 0 43
K 0 0 54
A D 1 8
J N 7 22140 7 5 1729 288 1 110
K 0 0 43
K 25 0 44
K 0 0 60
K 0 21 60
A D 3 8
J N 7 22186 7 4 3457 864 1 110
K 0 0 43
K 0 0 60
K 0 21 60
A D 2 8
H 110 T 7 0 0 0 0 0 1 0
J N 6 22230 0 4 4609 576 0
K -18 0 63
K 0 0 43
K 0 0 54
A D 1 8
J N 7 22259 14 4 5185 288 0
K 0 0 43
K 0 0 60
K 0 21 60
A D 2 8
J N 6 22303 21 4 6337 576 0
K -18 0 63
K 0 0 43
K 0 0 54
A D 1 8
J B 35 22336 1 82 6913 288 0
J N 7 22357 14 5 1 0 0
K 0 0 43
K 24 -6 44
K 0 0 60
K 0 21 60
A D 3 8
J N 7 22412 21 6 1729 864 0
K -18 0 63
K 0 0 43
K 25 0 44
K 0 0 60
K 0 21 60
A D 3 8
J N 8 22458 28 5 3457 864 0
K 0 0 42
K 24 -6 44
K 0 0 60
K 0 21 60
A D 6 8
J B 36 22530 1 82 6913 1728 0
J N 7 22551 28 4 1 0 1 111
K 0 0 43
K 0 0 60
K 0 21 60
A D 2 8
J N 6 22589 21 3 1153 576 1 111
K 0 0 43
K 0 0 54
A D 1 8
H 111 S 0 0 0 0 0 0 0 0 0
J N 7 22618 14 4 1729 288 1 112
K 0 0 43
K 0 0 60
K 0 21 60
A D 2 8
J N 6 22656 28 3 2881 576 1 112
K 0 0 43
K 0 0 54
A D 1 8
H 112 S 0 0 0 0 0 0 0 0 0
J N 7 22685 7 4 3457 288 1 113
K 0 0 43
K 0 0 60
K 0 21 60
A D 2 8
J N 6 22723 14 3 4609 576 1 113
K 0 0 43
K 0 0 54
A D 1 8
H 113 S 0 0 0 0 0 0 0 0 0
J N 6 22752 7 2 5185 288 2 114 115
K 0 0 43
A D 1 8
J N 6 22781 14 2 5761 288 1 115
K 0 0 43
A D 1 8
J N 6 22810 21 2 6337 288 2 115 114
K 0 0 43
A D 1 8
H 115 B 1 0 108 3 2 1 3
H 114 S 0 0 0 0 0 0 0 0 0
J B 37 22843 1 82 6913 288 0
J N 7 22864 14 4 1 0 1 116
K 0 0 43
K 0 0 60
K 0 21 60
A D 2 8
J N 6 22902 21 3 1153 576 1 116
K 0 0 43
K 0 0 54
A D 1 8
H 116 S 0 0 0 0 0 0 0 0 0
J N 7 22931 14 4 1729 288 1 117
K 0 0 43
K 0 0 60
K 0 21 60
A D 2 8
J N 6 22969 28 3 2881 576 1 117
K 0 0 43
K 0 0 54
A D 1 8
H 117 S 0 0 0 0 0 0 0 0 0
J N 6 22998 21 2 3457 288 2 118 119
K 0 0 43
A D 1 8
J N 6 23027 14 2 4033 288 1 119
K 0 0 43
A D 1 8
J N 6 23056 28 2 4609 288 2 119 118
K 0 0 43
A D 1 8
H 119 B 1 0 108 3 2 1 3
H 118 S 0 0 -7 0 -7 0 0 0 0
J N 7 23085 35 4 5185 288 0
K 0 0 43
K 0 0 59
K 0 -21 59
A D 2 8
J N 6 23123 14 3 6337 576 0
K 0 0 43
K 0 0 54
A D 1 8
J B 38 23156 1 82 6913 288 0
J N 7 23177 28 4 1 0 1 120
K 0 0 43
K 0 0 60
K 0 21 60
A D 2 8
J N 6 23215 21 3 1153 576 1 120
K 0 0 43
K 0 0 54
A D 1 8
H 120 S 0 0 0 0 0 0 0 0 0
J N 7 23244 14 4 1729 288 1 121
K 0 0 43
K 0 0 60
K 0 21 60
A D 2 8
J N 6 23282 28 3 2881 576 1 121
K 0 0 43
K 0 0 54
A D 1 8
H 121 S 0 0 0 0 0 0 0 0 0
J N 7 23321 49 5 3457 288 1 122
K -18 0 63
K 0 0 43
K 0 0 59
K 0 -21 59
A D 2 8
J N 6 23359 42 3 4609 576 1 122
K 0 0 43
K 0 0 53
A D 1 8
H 122 S 12 0 0 0 0 0 0 0 0
J N 7 23396 35 4 5185 288 1 123
K 0 0 43
K 0 0 59
K 0 -21 59
A D 2 8
J N 6 23434 49 3 6337 576 1 123
K 0 0 43
K 0 0 53
A D 1 8
H 123 S 13 0 0 0 0 0 0 0 0
J B 39 23478 1 82 6913 288 0
J N 7 23499 28 4 1 0 1 124
K 0 0 43
K 0 0 60
K 0 21 60
A D 2 8
J N 6 23537 35 3 1153 576 1 124
K 0 0 43
K 0 0 53
A D 1 8
H 124 S 0 0 0 0 0 0 0 0 0
J N 6 23574 28 2 1729 288 2 125 126
K 0 0 43
A D 1 8
J N 6 23603 35 2 2305 288 1 126
K 0 0 43
A D 1 8
J N 6 23632 42 2 2881 288 2 126 125
K 0 0 43
A D 1 8
H 126 B 0 0 108 3 2 1 3
H 125 S 12 0 0 0 0 0 0 0 0
J N 7 23661 35 4 3457 288 1 127
K 0 0 43
K 0 0 59
K 0 -21 59
A D 2 8
J N 6 23699 42 3 4609 576 1 127
K 0 0 43
K 0 0 53
A D 1 8
H 127 S 12 0 0 0 0 0 0 0 0
J N 7 23736 35 4 5185 288 1 128
K 0 0 43
K 0 0 59
K 0 -21 59
A D 2 8
J N 6 23779 49 4 6337 576 1 128
K -18 0 63
K 0 0 43
K 0 0 53
A D 1 8
H 128 S 12 0 0 0 0 0 0 0 0
J B 40 23823 1 82 6913 288 0
J N 6 23844 42 2 1 0 2 129 130
K 0 0 43
A D 1 8
J N 6 23873 35 2 577 288 1 130
K 0 0 43
A D 1 8
J N 6 23916 49 3 1153 288 2 130 129
K -18 0 63
K 0 0 43
A D 1 8
H 130 B 0 0 108 3 2 1 3
H 129 S 12 0 0 0 0 0 0 0 0
J N 7 23945 56 4 1729 288 0
K 0 0 43
K 0 0 59
K 0 -21 59
A D 2 8
J N 6 23983 35 3 2881 576 0
K 0 0 43
K 0 0 53
A D 1 8
J N 7 24016 49 4 3457 288 1 131
K 0 0 43
K 0 0 59
K 0 -21 59
A D 2 8
J N 6 24054 42 3 4609 576 1 131
K 0 0 43
K 0 0 53
A D 1 8
H 131 S 12 0 0 0 0 0 0 0 0
J N 7 24091 35 4 5185 288 1 132
K 0 0 43
K 0 0 59
K 0 -21 59
A D 2 8
J N 6 24129 49 3 6337 576 1 132
K 0 0 43
K 0 0 53
A D 1 8
H 132 S 12 0 0 0 0 0 0 0 0
J B 41 24173 1 82 6913 288 0
J N 8 24194 -7 5 1 0 0
K 0 0 42
K 25 0 44
K 0 0 60
K 0 21 60
A D 6 8
J N 8 24262 -7 5 3457 1728 0
K 0 0 42
K 25 0 44
K 0 0 60
K 0 21 60
A D 6 8
J B 42 24334 1 82 6913 1728 0
J N 8 24355 -7 5 1 0 0
K 0 0 42
K 25 0 44
K 0 0 60
K 0 21 60
A D 6 8
J N 7 24423 -7 5 3457 1728 0
K 0 0 43
K 25 0 44
K 0 0 60
K 0 21 60
A D 3 8
J N 7 24479 0 6 5185 864 0
K -18 0 63
K 0 0 43
K 24 -6 44
K 0 0 60
K 0 21 60
A D 3 8
J B 43 24529 1 82 6913 864 0
J N 7 24550 -7 5 1 0 0
K 0 0 43
K 25 0 44
K 0 0 60
K 0 21 60
A D 3 8
J D 0 24596 0 1 1729 864 0
W 0 -28 31 Soli
J R 6 24596 28 2 1729 0 0
K 0 0 49
A D 1 8
J R 6 24625 28 2 2305 288 0
K 0 0 49
A D 1 8
J N 6 24654 -21 7 2881 288 0
K 0 7 45
K 0 0 43
K 0 7 45
K 1 7 45
K 0 0 60
K 0 0 54
A D 1 8
J N 6 24683 -28 6 3457 288 2 133 134
K 0 14 45
K 0 0 45
K 0 0 43
K -1 0 45
K 2 0 45
A D 1 8
J N 6 24712 -21 5 4033 288 1 134
K 0 7 45
K 0 0 43
K 0 7 45
K 1 7 45
A D 1 8
J N 6 24741 -14 5 4609 288 2 134 133
K 0 0 45
K 0 0 43
K -1 0 45
K 2 0 45
A D 1 8
H 134 B 1 0 108 3 2 1 3
H 133 S 0 0 0 0 0 0 0 0 0
J N 7 24770 -35 9 5185 288 0
K 0 21 45
K 0 7 45
K 0 0 43
K 0 7 45
K 1 7 45
K 0 0 60
K 0 28 60
K 0 35 60
A D 2 8
J N 6 24808 14 3 6337 576 0
K 0 0 43
K 0 0 54
A D 1 8
J B 44 24841 1 82 6913 288 0
J N 7 24862 -7 4 1 0 0
K 0 0 43
K 0 0 60
K 0 21 60
A D 2 8
J N 6 24900 42 3 1153 576 0
K 0 0 43
K 0 0 53
A D 1 8
J R 6 24940 28 2 1729 288 0
K 0 0 49
A D 1 8
J R 6 24969 28 2 2305 288 0
K 0 0 49
A D 1 8
J N 6 24998 -28 8 2881 288 0
K 0 14 45
K 0 0 45
K 0 0 43
K -1 0 45
K 2 0 45
K 0 0 60
K 0 7 54
A D 1 8
J N 6 25027 -14 5 3457 288 2 135 136
K 0 0 45
K 0 0 43
K -1 0 45
K 2 0 45
A D 1 8
J N 6 25056 -7 2 4033 288 1 136
K 0 0 43
A D 1 8
J N 6 25100 0 3 4609 288 2 136 135
K -18 0 63
K 0 0 43
A D 1 8
H 136 B 1 0 108 3 2 1 3
H 135 S 1 0 0 0 0 0 0 0 0
J N 7 25129 -21 7 5185 288 0
K 0 7 45
K 0 0 43
K 0 7 45
K 1 7 45
K 0 0 60
K 0 21 60
A D 2 8
J N 6 25167 28 3 6337 576 0
K 0 0 43
K 0 0 54
A D 1 8
J B 45 25200 1 82 6913 288 0
J N 7 25221 7 4 1 0 0
K 0 0 43
K 0 0 60
K 0 21 60
A D 2 8
J N 6 25259 56 3 1153 576 0
K 0 0 43
K 0 0 53
A D 1 8
J R 6 25299 28 2 1729 288 0
K 0 0 49
A D 1 8
J R 6 25328 28 2 2305 288 0
K 0 0 49
A D 1 8
J N 6 25357 -14 6 2881 288 0
K 0 0 45
K 0 0 43
K -1 0 45
K 2 0 45
K 0 0 54
A D 1 8
J N 6 25400 0 3 3457 288 2 137 138
K -18 0 63
K 0 0 43
A D 1 8
J N 6 25429 7 2 4033 288 1 138
K 0 0 43
A D 1 8
J N 6 25458 14 2 4609 288 2 138 137
K 0 0 43
A D 1 8
H 138 B 1 0 108 3 2 1 3
H 137 S 0 0 0 0 0 0 0 0 0
J N 7 25487 -7 4 5185 288 0
K 0 0 43
K 0 0 60
K 0 21 60
A D 2 8
J N 6 25525 -7 3 6337 576 0
K 0 0 43
K 0 0 54
A D 1 8
J B 46 25558 1 82 6913 288 0
J N 7 25579 -7 5 1 0 0
K 0 0 43
K 25 0 44
K 0 0 60
K 0 21 60
A D 3 8
J R 6 25625 28 2 1729 864 0
K 0 0 49
A D 1 8
J R 6 25654 28 2 2305 288 0
K 0 0 49
A D 1 8
J D 0 25683 0 1 2881 288 0
W 0 -21 31 Tutti
J N 6 25689 0 4 2881 0 0
K -18 0 63
K 0 0 43
K 0 0 54
A D 1 8
J N 6 25718 28 2 3457 288 2 139 140
K 0 0 43
A D 1 8
J N 6 25762 21 3 4033 288 1 140
K -18 0 63
K 0 0 43
A D 1 8
J N 6 25791 14 2 4609 288 2 140 139
K 0 0 43
A D 1 8
H 140 B 1 0 108 3 2 1 3
H 139 S 0 0 0 0 0 0 0 0 0
J N 6 25820 35 2 5185 288 2 141 142
K 0 0 43
A D 1 8
J N 6 25849 14 2 5761 288 1 142
K 0 0 43
A D 1 8
J N 6 25878 21 2 6337 288 2 142 141
K 0 0 43
A D 1 8
H 142 B 1 0 108 3 2 1 3
H 141 S 0 0 -7 0 -7 0 0 0 0
J B 47 25911 1 82 6913 288 0
J N 9 25932 14 3 1 0 1 143
K 0 0 41
K 31 -6 44
A D 12 8
J B 48 26042 1 82 6913 3456 0
J N 9 26063 14 3 1 0 2 144 143
K 0 0 41
K 31 -6 44
A D 12 8
H 143 T 14 0 0 0 0 0 5 0
J B 49 26173 1 82 6913 3456 0
J N 8 26194 14 5 1 0 2 145 144
K 0 0 42
K 24 -6 44
K 0 0 60
K 0 21 60
A D 6 8
H 144 T 14 0 0 0 0 0 5 0
J N 6 26262 14 2 3457 1728 2 146 145
K 0 0 43
A D 1 8
H 145 T 14 0 0 0 0 0 5 0
J N 6 26291 21 2 4033 288 1 146
K 0 0 43
A D 1 8
J N 6 26320 28 2 4609 288 1 146
K 0 0 43
A D 1 8
H 146 B 1 0 108 3 2 1 3
J N 7 26349 21 5 5185 288 1 147
K 0 0 43
K 25 0 44
K 0 0 60
K 0 21 60
A D 3 8
J B 50 26399 1 82 6913 864 0
J N 6 26426 21 3 1 0 3 148 149 147
k -18 0 63
K 0 0 43
A D 1 8
H 147 T 21 0 0 0 0 0 1 0
J N 6 26455 28 2 577 288 1 149
K 0 0 43
A D 1 8
J N 6 26484 35 2 1153 288 2 149 148
K 0 0 43
A D 1 8
H 149 B 1 0 108 3 2 1 3
H 148 S 0 0 0 0 0 0 0 0 0
J N 7 26513 28 5 1729 288 1 150
K 0 0 43
K 24 -6 44
K 0 0 60
K 0 21 60
A D 3 8
J N 7 26559 28 4 3457 864 1 150
K 0 0 43
K 0 0 60
K 0 21 60
A D 2 8
H 150 T 28 0 0 0 0 0 5 0
J N 6 26597 56 3 4609 576 0
K 0 0 43
K 0 0 53
A D 1 8
J N 7 26634 35 5 5185 288 1 151
K 0 0 43
K 25 0 44
K 0 0 59
K 0 -21 59
A D 3 8
J B 51 26684 1 82 6913 864 0
J N 7 26705 35 4 1 0 1 151
K 0 0 43
K 0 0 59
K 0 -21 59
A D 2 8
H 151 T 35 0 0 0 0 0 9 0
J N 6 26743 63 3 1153 576 0
K 0 0 43
K 0 0 53
A D 1 8
J N 8 26780 42 5 1729 288 0
K 0 0 42
K 24 -6 44
K 0 0 59
K 0 -21 59
A D 6 8
J N 7 26848 49 7 5185 1728 0
K -18 0 63
K 0 0 43
K 25 0 44
K 0 39 110
K 0 0 59
K 0 -21 59
A D 3 8
J B 52 26898 1 82 6913 864 0
J N 8 26919 42 13 1 0 0
K 1 28 45
K 1 42 45
K 0 0 42
K 24 -6 44
K 0 49 42
K 0 42 45
K 1 42 45
K 25 49 44
K 0 49 59
K 0 21 59
K 0 0 59
K 0 -21 59
A D 6 8
J N 8 26987 42 13 3457 1728 0
K 1 28 45
K 1 42 45
K 0 0 42
K 24 -6 44
K 0 49 42
K 0 42 45
K 1 42 45
K 25 49 44
K 0 49 59
K 0 21 59
K 0 0 59
K 0 -21 59
A D 6 8
J B 53 27059 1 82 6913 1728 0
J N 8 27080 42 13 1 0 0
K 1 28 45
K 1 42 45
K 0 0 42
K 24 -6 44
K 0 49 42
K 0 42 45
K 1 42 45
K 25 49 44
K 0 49 59
K 0 21 59
K 0 0 59
K 0 -21 59
A D 6 8
J N 8 27148 42 13 3457 1728 0
K 1 28 45
K 1 42 45
K 0 0 42
K 24 -6 44
K 0 49 42
K 0 42 45
K 1 42 45
K 25 49 44
K 0 49 59
K 0 21 59
K 0 0 59
K 0 -21 59
A D 6 8
J B 54 27220 1 82 6913 1728 0
J N 8 27241 42 13 1 0 0
K 1 28 45
K 1 42 45
K 0 0 42
K 24 -6 44
K 0 49 42
K 0 42 45
K 1 42 45
K 25 49 44
K 0 49 59
K 0 21 59
K 0 0 59
K 0 -21 59
A D 6 8
J N 8 27309 42 13 3457 1728 0
K 1 28 45
K 1 42 45
K 0 0 42
K 24 -6 44
K 0 49 42
K 0 42 45
K 1 42 45
K 25 49 44
K 0 49 59
K 0 21 59
K 0 0 59
K 0 -21 59
A D 6 8
J B 55 27381 1 82 6913 1728 0
J N 7 27408 49 7 1 0 0
K -18 0 63
K 0 0 43
K 25 0 44
K 0 32 108
K 0 0 59
K 0 -21 59
A D 3 8
J N 7 27454 42 5 1729 864 0
K 0 0 43
K 24 -6 44
K 0 0 59
K 0 -21 59
A D 3 8
J N 7 27500 42 5 3457 864 0
K 0 0 43
K 24 -6 44
K 0 0 59
K 0 -21 59
A D 3 8
J R 6 27546 28 2 5185 864 0
K 0 0 49
A D 1 8
J R 6 27575 28 2 5761 288 0
K 0 0 49
A D 1 8
J N 6 27604 49 3 6337 288 0
K 0 0 43
K 0 0 53
A D 1 8
J B 56 27648 1 82 6913 288 0
J N 7 27669 42 5 1 0 0
K 0 0 43
K 24 -6 44
K 0 0 59
K 0 -21 59
A D 3 8
J R 7 27715 28 2 1729 864 0
K 0 0 48
A D 2 8
J R 6 27753 28 2 2881 576 0
K 0 0 49
A D 1 8
J N 7 27782 35 7 3457 288 0
K 0 0 43
K 25 0 44
K 0 44 108
K 23 44 108
K 0 0 59
K 0 -21 59
A D 3 8
J R 7 27828 28 2 5185 864 0
K 0 0 48
A D 2 8
J R 6 27866 28 2 6337 576 0
K 0 0 49
A D 1 8
J B 57 27899 1 82 6913 288 0
J N 7 27920 28 5 1 0 0
K 0 0 43
K 24 -6 44
K 0 0 60
K 0 21 60
A D 3 8
J R 7 27966 28 2 1729 864 0
K 0 0 48
A D 2 8
J R 6 28004 28 2 2881 576 0
K 0 0 49
A D 1 8
J R 8 28033 28 3 3457 288 0
K 0 0 47
K 2 -35 101
A D 6 8
J B 0 28103 6 2 6913 1728 0
K -13 0 82
K -6 0 84
J M 0 28103 0 0 10000 0 0
