@ SOURCE: not identified 
L 0 0 14 !39Violoncello concertino
J D 4 500 -120 1 6913 0 0
W 0 0 44 V.
J D 1 75 -37 1 6913 0 0
W 0 -56 44 V.:  Violoncello concertino
J C 22 5 14 36 6913 0 0
J K -1 57 0 1 6913 0 0
K 0 42 65
J D 5 86 -42 1 6913 0 0
W 0 0 37 Allegro
J T 0 86 42 1 6913 0 0
K 0 0 38
J R 8 137 28 2 1 0 0
K 0 0 47
A D 2 4
J B 1 179 1 82 6913 1152 0
J R 9 200 28 2 1 10000 0
K 0 0 46
A D 4 4
J B 2 305 1 82 6913 2304 0
J R 8 326 28 2 1 0 0
K 0 0 47
A D 2 4
J N 7 364 7 4 3457 1152 0
K 0 0 43
K 0 0 60
K 0 21 60
A D 1 4
J F 0 404 98 1 5185 576 0
K 0 0 205
J N 7 404 14 5 5185 0 0
K -18 0 63
K 0 0 43
K 0 0 60
K 0 21 60
A D 1 4
J B 3 437 1 82 6913 576 0
J N 7 458 7 4 1 0 0
K 0 0 43
K 0 0 60
K 0 21 60
A D 1 4
J F 0 487 98 1 1729 576 0
K 0 0 213
J N 7 487 28 4 1729 0 0
K 0 0 43
K 0 0 60
K 0 21 60
A D 1 4
J F 0 524 98 1 3457 576 0
K 0 0 206
J N 8 524 21 5 3457 0 0
K -15 0 65
K 0 0 42
K 0 0 60
K 0 21 60
A D 2 4
J F 0 553 98 1 5185 576 0
K 0 0 205
J B 4 586 1 82 6913 576 0
J F 0 607 98 1 1 0 0
K 0 0 213
J N 8 607 28 4 1 0 0
K 0 0 42
K 0 0 60
K 0 21 60
A D 2 4
J R 8 645 28 2 3457 1152 0
K 0 0 47
A D 2 4
J B 5 687 1 82 6913 1152 0
J R 9 708 28 2 1 10000 0
K 0 0 46
A D 4 4
J B 6 813 1 82 6913 2304 0
J R 8 834 28 2 1 0 0
K 0 0 47
A D 2 4
J N 7 872 7 4 3457 1152 0
K 0 0 43
K 0 0 60
K 0 21 60
A D 1 4
J F 0 912 98 1 5185 576 0
K 0 0 205
J N 7 912 14 5 5185 0 0
K -18 0 63
K 0 0 43
K 0 0 60
K 0 21 60
A D 1 4
J B 7 945 1 82 6913 576 0
J N 7 966 7 4 1 0 0
K 0 0 43
K 0 0 60
K 0 21 60
A D 1 4
J F 0 995 98 1 1729 576 0
K 0 0 213
J N 7 995 28 4 1729 0 0
K 0 0 43
K 0 0 60
K 0 21 60
A D 1 4
J F 0 1032 98 1 3457 576 0
K 0 0 206
J N 8 1032 21 5 3457 0 0
K -15 0 65
K 0 0 42
K 0 0 60
K 0 21 60
A D 2 4
J F 0 1061 98 1 5185 576 0
K 0 0 205
J B 8 1094 1 82 6913 576 0
J F 0 1115 98 1 1 0 0
K 0 0 213
J N 8 1115 28 4 1 0 0
K 0 0 42
K 0 0 60
K 0 21 60
A D 2 4
J N 7 1153 -7 4 3457 1152 0
K 0 0 43
K 0 0 60
K 0 21 60
A D 1 4
J N 7 1182 0 4 5185 576 0
K 0 0 43
K 0 0 60
K 0 21 60
A D 1 4
J B 9 1215 1 82 6913 576 0
J N 7 1236 -7 4 1 0 0
K 0 0 43
K 0 0 60
K 0 21 60
A D 1 4
J N 7 1265 14 4 1729 576 0
K 0 0 43
K 0 0 60
K 0 21 60
A D 1 4
J N 7 1294 -7 4 3457 576 0
K 0 0 43
K 0 0 60
K 0 21 60
A D 1 4
J N 7 1323 0 4 5185 576 0
K 0 0 43
K 0 0 60
K 0 21 60
A D 1 4
J B 10 1356 1 82 6913 576 0
J N 7 1377 -7 4 1 0 0
K 0 0 43
K 0 0 60
K 0 21 60
A D 1 4
J N 7 1406 42 4 1729 576 0
K 0 0 43
K 0 0 59
K 0 -21 59
A D 1 4
J F 0 1435 98 1 3457 576 0
K 0 0 218
J N 7 1435 7 4 3457 0 0
K 0 0 43
K 0 0 60
K 0 21 60
A D 1 4
J N 7 1475 -7 5 5185 576 0
K -14 0 64
K 0 0 43
K 0 0 60
K 0 21 60
A D 1 4
J B 11 1508 1 82 6913 576 0
J F 0 1529 98 1 1 0 0
K 0 0 219
J N 7 1529 -14 7 1 0 0
K 0 0 45
K 0 0 43
K -1 0 45
K 2 0 45
K 0 0 60
K 0 21 60
A D 1 4
J F 0 1558 98 1 1729 576 0
K 0 0 219
J N 7 1558 14 4 1729 0 0
K 0 0 43
K 0 0 60
K 0 21 60
A D 1 4
J F 0 1587 98 1 3457 576 0
K 0 0 203
J N 7 1587 7 4 3457 0 0
K 0 0 43
K 0 0 60
K 0 21 60
A D 1 4
J F 0 1616 98 1 5185 576 0
K 0 0 218
J N 7 1616 56 4 5185 0 0
K 0 0 43
K 0 0 59
K 0 -21 59
A D 1 4
J B 12 1649 1 82 6913 576 0
J F 0 1670 98 1 1 0 0
K 0 0 219
J N 8 1670 35 4 1 0 0
K 0 0 42
K 0 0 59
K 0 -21 59
A D 2 4
J N 7 1708 -14 7 3457 1152 0
K 0 0 45
K 0 0 43
K -1 0 45
K 2 0 45
K 0 0 60
K 0 21 60
A D 1 4
J F 0 1744 98 1 5185 576 0
K 0 0 205
J N 7 1744 -7 5 5185 0 0
K -14 0 64
K 0 0 43
K 0 0 60
K 0 21 60
A D 1 4
J B 13 1777 1 82 6913 576 0
J N 7 1798 -14 7 1 0 0
K 0 0 45
K 0 0 43
K -1 0 45
K 2 0 45
K 0 0 60
K 0 21 60
A D 1 4
J N 7 1827 7 4 1729 576 0
K 0 0 43
K 0 0 60
K 0 21 60
A D 1 4
J F 0 1856 98 1 3457 576 0
K 0 0 219
J N 7 1856 -14 7 3457 0 0
K 0 0 45
K 0 0 43
K -1 0 45
K 2 0 45
K 0 0 60
K 0 21 60
A D 1 4
J F 0 1892 98 1 5185 576 0
K 0 0 205
J N 7 1892 -7 5 5185 0 0
K -14 0 64
K 0 0 43
K 0 0 60
K 0 21 60
A D 1 4
J B 14 1925 1 82 6913 576 0
J F 0 1946 98 1 1 0 0
K 0 0 219
J N 7 1946 -14 7 1 0 0
K 0 0 45
K 0 0 43
K -1 0 45
K 2 0 45
K 0 0 60
K 0 21 60
A D 1 4
J F 0 1975 98 1 1729 576 0
K 0 0 218
J N 7 1975 7 4 1729 0 0
K 0 0 43
K 0 0 60
K 0 21 60
A D 1 4
J N 7 2004 -21 7 3457 576 0
K 0 7 45
K 0 0 43
K 0 7 45
K 1 7 45
K 0 0 60
K 0 21 60
A D 1 4
J F 0 2044 98 1 5185 576 0
K 0 0 205
J N 7 2044 -14 8 5185 0 0
K 0 0 45
K -18 0 63
K 0 0 43
K -1 0 45
K 2 0 45
K 0 0 60
K 0 21 60
A D 1 4
J B 15 2077 1 82 6913 576 0
J N 7 2098 -21 7 1 0 0
K 0 7 45
K 0 0 43
K 0 7 45
K 1 7 45
K 0 0 60
K 0 21 60
A D 1 4
J N 7 2127 0 4 1729 576 0
K 0 0 43
K 0 0 60
K 0 21 60
A D 1 4
J N 7 2156 -21 7 3457 576 0
K 0 7 45
K 0 0 43
K 0 7 45
K 1 7 45
K 0 0 60
K 0 21 60
A D 1 4
J F 0 2196 98 1 5185 576 0
K 0 0 205
J N 7 2196 -14 8 5185 0 0
K 0 0 45
K -18 0 63
K 0 0 43
K -1 0 45
K 2 0 45
K 0 0 60
K 0 21 60
A D 1 4
J B 16 2229 1 82 6913 576 0
J N 7 2250 -21 7 1 0 0
K 0 7 45
K 0 0 43
K 0 7 45
K 1 7 45
K 0 0 60
K 0 21 60
A D 1 4
J F 0 2279 98 1 1729 576 0
K 0 0 213
J N 7 2279 0 4 1729 0 0
K 0 0 43
K 0 0 60
K 0 21 60
A D 1 4
J F 0 2308 98 1 3457 576 0
K 0 0 205
J N 7 2308 -21 7 3457 0 0
K 0 7 45
K 0 0 43
K 0 7 45
K 1 7 45
K 0 0 60
K 0 21 60
A D 1 4
J F 0 2348 98 1 5185 576 0
K 0 0 205
J N 7 2348 -14 8 5185 0 0
K 0 0 45
K -18 0 63
K 0 0 43
K -1 0 45
K 2 0 45
K 0 0 60
K 0 21 60
A D 1 4
J B 17 2381 1 82 6913 576 0
J F 0 2402 98 1 1 0 0
K 0 0 205
J N 7 2402 -21 7 1 0 0
K 0 7 45
K 0 0 43
K 0 7 45
K 1 7 45
K 0 0 60
K 0 21 60
A D 1 4
J F 0 2438 98 1 1729 576 0
K 0 0 205
J N 7 2438 -14 8 1729 0 0
K 0 0 45
K -14 0 64
K 0 0 43
K -1 0 45
K 2 0 45
K 0 0 60
K 0 21 60
A D 1 4
J F 0 2467 98 1 3457 576 0
K 0 0 205
J N 7 2467 -7 4 3457 0 0
K 0 0 43
K 0 0 60
K 0 21 60
A D 1 4
J F 0 2496 98 1 5185 576 0
K 0 0 205
J N 7 2496 0 4 5185 0 0
K 0 0 43
K 0 0 60
K 0 21 60
A D 1 4
J B 18 2529 1 82 6913 576 0
J F 0 2550 98 1 1 0 0
K 0 0 205
J N 7 2550 -7 4 1 0 0
K 0 0 43
K 0 0 60
K 0 21 60
A D 1 4
J F 0 2579 98 1 1729 576 0
K 0 0 205
J N 7 2579 0 4 1729 0 0
K 0 0 43
K 0 0 60
K 0 21 60
A D 1 4
J F 0 2608 98 1 3457 576 0
K 0 0 205
J N 7 2608 7 4 3457 0 0
K 0 0 43
K 0 0 60
K 0 21 60
A D 1 4
J F 0 2637 98 1 5185 576 0
K 0 0 205
J N 7 2637 14 4 5185 0 0
K 0 0 43
K 0 0 60
K 0 21 60
A D 1 4
J B 19 2670 1 82 6913 576 0
J F 0 2691 98 1 1 0 0
K 0 0 216
J N 7 2691 21 4 1 0 0
K 0 0 43
K 0 0 60
K 0 21 60
A D 1 4
J N 7 2720 28 4 1729 576 0
K 0 0 43
K 0 0 60
K 0 21 60
A D 1 4
J F 0 2749 98 1 3457 576 0
K 0 0 203
J N 7 2749 0 4 3457 0 0
K 0 0 43
K 0 0 60
K 0 21 60
A D 1 4
J F 0 2778 98 1 5185 576 0
K 0 0 213
J N 7 2778 49 4 5185 0 0
K 0 0 43
K 0 0 59
K 0 -21 59
A D 1 4
J B 20 2811 1 82 6913 576 0
J N 8 2832 28 4 1 0 0
K 0 0 42
K 0 0 60
K 0 21 60
A D 2 4
J F 0 2870 98 1 3457 1152 0
K 0 0 205
J N 7 2870 -21 8 3457 0 0
K 0 7 45
K 0 0 43
K 0 7 45
K 1 7 45
K 0 99 108
K 0 0 60
K 0 21 60
A D 1 4
J F 0 2910 98 1 5185 576 0
K 0 0 205
J N 7 2910 -14 8 5185 0 0
K 0 0 45
K -18 0 63
K 0 0 43
K -1 0 45
K 2 0 45
K 0 0 60
K 0 21 60
A D 1 4
J B 21 2943 1 82 6913 576 0
J F 0 2964 98 1 1 0 0
K 0 0 205
J N 7 2964 -21 7 1 0 0
K 0 7 45
K 0 0 43
K 0 7 45
K 1 7 45
K 0 0 60
K 0 21 60
A D 1 4
J F 0 3000 98 1 1729 576 0
K 0 0 205
J N 7 3000 -14 8 1729 0 0
K 0 0 45
K -14 0 64
K 0 0 43
K -1 0 45
K 2 0 45
K 0 0 60
K 0 21 60
A D 1 4
J F 0 3029 98 1 3457 576 0
K 0 0 205
J N 7 3029 -7 4 3457 0 0
K 0 0 43
K 0 0 60
K 0 21 60
A D 1 4
J F 0 3058 98 1 5185 576 0
K 0 0 205
J N 7 3058 0 4 5185 0 0
K 0 0 43
K 0 0 60
K 0 21 60
A D 1 4
J B 22 3091 1 82 6913 576 0
J F 0 3112 98 1 1 0 0
K 0 0 205
J N 7 3112 -7 4 1 0 0
K 0 0 43
K 0 0 60
K 0 21 60
A D 1 4
J F 0 3141 98 1 1729 576 0
K 0 0 205
J N 7 3141 0 4 1729 0 0
K 0 0 43
K 0 0 60
K 0 21 60
A D 1 4
J F 0 3170 98 1 3457 576 0
K 0 0 205
J N 7 3170 7 4 3457 0 0
K 0 0 43
K 0 0 60
K 0 21 60
A D 1 4
J F 0 3199 98 1 5185 576 0
K 0 0 205
J N 7 3199 14 4 5185 0 0
K 0 0 43
K 0 0 60
K 0 21 60
A D 1 4
J B 23 3232 1 82 6913 576 0
J F 0 3253 98 1 1 0 0
K 0 0 216
J N 7 3253 21 4 1 0 0
K 0 0 43
K 0 0 60
K 0 21 60
A D 1 4
J N 7 3282 28 4 1729 576 0
K 0 0 43
K 0 0 60
K 0 21 60
A D 1 4
J F 0 3311 98 1 3457 576 0
K 0 0 203
J N 7 3311 0 4 3457 0 0
K 0 0 43
K 0 0 60
K 0 21 60
A D 1 4
J F 0 3340 98 1 5185 576 0
K 0 0 213
J N 7 3340 49 4 5185 0 0
K 0 0 43
K 0 0 59
K 0 -21 59
A D 1 4
J B 24 3373 1 82 6913 576 0
J N 8 3394 28 4 1 0 0
K 0 0 42
K 0 0 60
K 0 21 60
A D 2 4
J B 0 3458 10 6 6913 1152 0
K -22 21 44
K -22 35 44
K -12 0 84
K 0 0 84
K 11 21 44
K 11 35 44
J R 8 3495 28 2 1 0 0
K 0 0 47
A D 2 4
J B 25 3537 1 82 6913 1152 0
J F 0 3558 98 1 1 0 0
K 0 0 213
J N 7 3558 -21 7 1 0 0
K 0 7 45
K 0 0 43
K 0 7 45
K 1 7 45
K 0 0 60
K 0 21 60
A D 1 4
J N 7 3587 28 4 1729 576 0
K 0 0 43
K 0 0 60
K 0 21 60
A D 1 4
J R 8 3616 28 2 3457 576 0
K 0 0 47
A D 2 4
J B 26 3658 1 82 6913 1152 0
J F 0 3679 98 1 1 0 0
K 0 0 213
J N 7 3679 -21 7 1 0 0
K 0 7 45
K 0 0 43
K 0 7 45
K 1 7 45
K 0 0 60
K 0 21 60
A D 1 4
J N 7 3708 28 4 1729 576 0
K 0 0 43
K 0 0 60
K 0 21 60
A D 1 4
J R 8 3737 28 2 3457 576 0
K 0 0 47
A D 2 4
J B 27 3779 1 82 6913 1152 0
J N 7 3800 -7 4 1 0 0
K 0 0 43
K 0 0 60
K 0 21 60
A D 1 4
J N 7 3829 42 4 1729 576 0
K 0 0 43
K 0 0 59
K 0 -21 59
A D 1 4
J R 8 3858 28 2 3457 576 0
K 0 0 47
A D 2 4
J B 28 3900 1 82 6913 1152 0
J N 7 3921 -7 4 1 0 0
K 0 0 43
K 0 0 60
K 0 21 60
A D 1 4
J N 7 3950 42 4 1729 576 0
K 0 0 43
K 0 0 59
K 0 -21 59
A D 1 4
J N 7 3979 -7 4 3457 576 0
K 0 0 43
K 0 0 60
K 0 21 60
A D 1 4
J N 7 4008 42 4 5185 576 0
K 0 0 43
K 0 0 59
K 0 -21 59
A D 1 4
J B 29 4041 1 82 6913 576 0
J N 7 4066 21 5 1 0 0
K -15 0 65
K 0 0 43
K 0 0 60
K 0 21 60
A D 1 4
J N 7 4095 42 4 1729 576 0
K 0 0 43
K 0 0 59
K 0 -21 59
A D 1 4
J N 7 4124 21 4 3457 576 0
K 0 0 43
K 0 0 60
K 0 21 60
A D 1 4
J N 7 4153 42 4 5185 576 0
K 0 0 43
K 0 0 59
K 0 -21 59
A D 1 4
J B 30 4186 1 82 6913 576 0
J N 7 4207 14 4 1 0 0
K 0 0 43
K 0 0 60
K 0 21 60
A D 1 4
J N 7 4236 63 4 1729 576 0
K 0 0 43
K 0 0 59
K 0 -21 59
A D 1 4
J F 0 4265 98 1 3457 576 0
K 0 0 205
J N 7 4265 -21 7 3457 0 0
K 0 7 45
K 0 0 43
K 0 7 45
K 1 7 45
K 0 0 60
K 0 21 60
A D 1 4
J N 7 4294 28 4 5185 576 0
K 0 0 43
K 0 0 60
K 0 21 60
A D 1 4
J B 31 4327 1 82 6913 576 0
J F 0 4352 98 1 1 0 0
K 0 0 205
J N 7 4352 21 5 1 0 0
K -15 0 65
K 0 0 43
K 0 0 60
K 0 21 60
A D 1 4
J F 0 4381 98 1 1729 576 0
K 0 0 205
J N 7 4381 28 4 1729 0 0
K 0 0 43
K 0 0 60
K 0 21 60
A D 1 4
J F 0 4410 98 1 3457 576 0
K 0 0 205
J N 7 4410 -21 7 3457 0 0
K 0 7 45
K 0 0 43
K 0 7 45
K 1 7 45
K 0 0 60
K 0 21 60
A D 1 4
J N 7 4439 28 4 5185 576 0
K 0 0 43
K 0 0 60
K 0 21 60
A D 1 4
J B 32 4472 1 82 6913 576 0
J F 0 4497 98 1 1 0 0
K 0 0 205
J N 7 4497 21 5 1 0 0
K -15 0 65
K 0 0 43
K 0 0 60
K 0 21 60
A D 1 4
J F 0 4526 98 1 1729 576 0
K 0 0 205
J N 7 4526 28 4 1729 0 0
K 0 0 43
K 0 0 60
K 0 21 60
A D 1 4
J F 0 4555 98 1 3457 576 0
K 0 0 205
J N 7 4555 21 4 3457 0 0
K 0 0 43
K 0 0 60
K 0 21 60
A D 1 4
J F 0 4584 98 1 5185 576 0
K 0 0 205
J N 7 4584 14 4 5185 0 0
K 0 0 43
K 0 0 60
K 0 21 60
A D 1 4
J B 33 4617 1 82 6913 576 0
J F 0 4638 98 2 1 0 0
K 0 0 205
K 15 0 219
J N 7 4638 7 4 1 0 0
K 0 0 43
K 0 0 60
K 0 21 60
A D 1 4
J F 0 4673 98 1 1729 576 0
K 0 0 205
J N 7 4673 14 4 1729 0 0
K 0 0 43
K 0 0 60
K 0 21 60
A D 1 4
J F 0 4710 98 1 3457 576 0
K 0 0 205
J N 7 4710 21 5 3457 0 0
K -15 0 65
K 0 0 43
K 0 0 60
K 0 21 60
A D 1 4
J F 0 4739 98 1 5185 576 0
K 0 0 205
J N 7 4739 14 4 5185 0 0
K 0 0 43
K 0 0 60
K 0 21 60
A D 1 4
J B 34 4772 1 82 6913 576 0
J F 0 4793 98 2 1 0 0
K 0 0 205
K 15 0 219
J N 7 4793 7 4 1 0 0
K 0 0 43
K 0 0 60
K 0 21 60
A D 1 4
J F 0 4828 98 1 1729 576 0
K 0 0 205
J N 7 4828 14 4 1729 0 0
K 0 0 43
K 0 0 60
K 0 21 60
A D 1 4
J N 7 4857 -7 4 3457 576 0
K 0 0 43
K 0 0 60
K 0 21 60
A D 1 4
J N 7 4890 21 5 5185 576 0
K -15 0 65
K 0 0 43
K 0 0 60
K 0 21 60
A D 1 4
J B 35 4923 1 82 6913 576 0
J F 0 4944 98 2 1 0 0
K 0 0 206
K 15 0 219
J N 7 4944 14 4 1 0 0
K 0 0 43
K 0 0 60
K 0 21 60
A D 1 4
J N 7 4979 42 4 1729 576 0
K 0 0 43
K 0 0 59
K 0 -21 59
A D 1 4
J F 0 5008 98 1 3457 576 0
K 0 0 203
J N 7 5008 14 4 3457 0 0
K 0 0 43
K 0 0 60
K 0 21 60
A D 1 4
J F 0 5037 98 1 5185 576 0
K 0 0 202
J N 7 5037 63 4 5185 0 0
K 0 0 43
K 0 0 59
K 0 -21 59
A D 1 4
J B 36 5070 1 82 6913 576 0
J N 8 5091 42 4 1 0 0
K 0 0 42
K 0 0 59
K 0 -21 59
A D 2 4
J R 8 5129 28 2 3457 1152 0
K 0 0 47
A D 2 4
J B 37 5171 1 82 6913 1152 0
J F 0 5192 98 1 1 0 0
K 0 0 205
J N 8 5192 28 6 1 0 0
K -15 0 65
K 0 0 42
K 0 67 108
K 0 0 60
K 0 21 60
A D 2 4
J R 8 5230 28 2 3457 1152 0
K 0 0 47
A D 2 4
J B 38 5272 1 82 6913 1152 0
J F 0 5293 98 1 1 0 0
K 0 0 219
J N 8 5293 21 5 1 0 0
K -15 0 65
K 0 0 42
K 0 0 60
K 0 21 60
A D 2 4
J R 8 5331 28 2 3457 1152 0
K 0 0 47
A D 2 4
J B 39 5373 1 82 6913 1152 0
J N 7 5394 14 5 1 0 0
K 0 0 43
K 0 77 110
K 0 0 60
K 0 21 60
A D 1 4
J F 0 5423 98 1 1729 576 0
K 0 0 219
J N 7 5423 42 4 1729 0 0
K 0 0 43
K 0 0 59
K 0 -21 59
A D 1 4
J F 0 5452 98 1 3457 576 0
K 0 0 203
J N 7 5452 14 4 3457 0 0
K 0 0 43
K 0 0 60
K 0 21 60
A D 1 4
J F 0 5481 98 1 5185 576 0
K 0 0 202
J N 7 5481 63 4 5185 0 0
K 0 0 43
K 0 0 59
K 0 -21 59
A D 1 4
J B 40 5514 1 82 6913 576 0
J N 8 5535 42 4 1 0 0
K 0 0 42
K 0 0 59
K 0 -21 59
A D 2 4
J R 8 5573 28 2 3457 1152 0
K 0 0 47
A D 2 4
J B 41 5615 1 82 6913 1152 0
J F 0 5636 98 1 1 0 0
K 0 0 218
J N 8 5636 7 5 1 0 0
K 0 0 42
K 0 74 108
K 0 0 60
K 0 21 60
A D 2 4
J R 8 5674 28 2 3457 1152 0
K 0 0 47
A D 2 4
J B 42 5716 1 82 6913 1152 0
J F 0 5737 98 1 1 0 0
K 0 0 218
J N 7 5737 7 5 1 0 0
K 0 0 43
K 0 78 110
K 0 0 60
K 0 21 60
A D 1 4
J N 7 5766 35 4 1729 576 0
K 0 0 43
K 0 0 59
K 0 -21 59
A D 1 4
J N 7 5795 7 4 3457 576 0
K 0 0 43
K 0 0 60
K 0 21 60
A D 1 4
J F 0 5824 98 1 5185 576 0
K 0 0 218
J N 7 5824 56 4 5185 0 0
K 0 0 43
K 0 0 59
K 0 -21 59
A D 1 4
J B 43 5857 1 82 6913 576 0
J N 8 5878 35 4 1 0 0
K 0 0 42
K 0 0 59
K 0 -21 59
A D 2 4
J R 8 5916 28 2 3457 1152 0
K 0 0 47
A D 2 4
J B 44 5958 1 82 6913 1152 0
J F 0 5979 98 1 1 0 0
K 0 0 213
J N 8 5979 0 5 1 0 0
K 0 0 42
K 0 79 108
K 0 0 60
K 0 21 60
A D 2 4
J R 8 6017 28 2 3457 1152 0
K 0 0 47
A D 2 4
J B 45 6059 1 82 6913 1152 0
J F 0 6080 98 1 1 0 0
K 0 0 213
J N 7 6080 0 5 1 0 0
K 0 0 43
K 0 85 110
K 0 0 60
K 0 21 60
A D 1 4
J N 7 6109 28 4 1729 576 0
K 0 0 43
K 0 0 60
K 0 21 60
A D 1 4
J F 0 6138 98 1 3457 576 0
K 0 0 203
J N 7 6138 0 4 3457 0 0
K 0 0 43
K 0 0 60
K 0 21 60
A D 1 4
J F 0 6167 98 1 5185 576 0
K 0 0 213
J N 7 6167 49 4 5185 0 0
K 0 0 43
K 0 0 59
K 0 -21 59
A D 1 4
J B 46 6200 1 82 6913 576 0
J N 8 6221 28 4 1 0 0
K 0 0 42
K 0 0 60
K 0 21 60
A D 2 4
J R 8 6259 28 2 3457 1152 0
K 0 0 47
A D 2 4
J B 47 6301 1 82 6913 1152 0
J R 9 6322 28 2 1 10000 0
K 0 0 46
A D 4 4
J B 48 6427 1 82 6913 2304 0
J R 8 6448 28 2 1 0 0
K 0 0 47
A D 2 4
J N 7 6486 7 4 3457 1152 0
K 0 0 43
K 0 0 60
K 0 21 60
A D 1 4
J F 0 6526 98 1 5185 576 0
K 0 0 205
J N 7 6526 14 5 5185 0 0
K -18 0 63
K 0 0 43
K 0 0 60
K 0 21 60
A D 1 4
J B 49 6559 1 82 6913 576 0
J N 7 6580 7 4 1 0 0
K 0 0 43
K 0 0 60
K 0 21 60
A D 1 4
J F 0 6609 98 1 1729 576 0
K 0 0 213
J N 7 6609 28 4 1729 0 0
K 0 0 43
K 0 0 60
K 0 21 60
A D 1 4
J F 0 6646 98 1 3457 576 0
K 0 0 206
J N 8 6646 21 5 3457 0 0
K -15 0 65
K 0 0 42
K 0 0 60
K 0 21 60
A D 2 4
J F 0 6675 98 1 5185 576 0
K 0 0 205
J B 50 6708 1 82 6913 576 0
J F 0 6729 98 1 1 0 0
K 0 0 213
J N 8 6729 28 4 1 0 0
K 0 0 42
K 0 0 60
K 0 21 60
A D 2 4
J N 7 6767 -21 7 3457 1152 0
K 0 7 45
K 0 0 43
K 0 7 45
K 1 7 45
K 0 0 60
K 0 21 60
A D 1 4
J N 7 6796 28 4 5185 576 0
K 0 0 43
K 0 0 60
K 0 21 60
A D 1 4
J B 51 6829 1 82 6913 576 0
J F 0 6854 98 1 1 0 0
K 0 0 206
J N 7 6854 21 5 1 0 0
K -14 0 64
K 0 0 43
K 0 0 60
K 0 21 60
A D 1 4
J N 7 6883 -14 7 1729 576 0
K 0 0 45
K 0 0 43
K -1 0 45
K 2 0 45
K 0 0 60
K 0 21 60
A D 1 4
J F 0 6916 98 2 3457 576 0
K 0 0 205
K 0 21 204
J N 7 6916 14 5 3457 0 0
K -18 0 63
K 0 0 43
K 0 0 60
K 0 21 60
A D 1 4
J F 0 6945 98 1 5185 576 0
K 0 0 206
J N 7 6945 -21 7 5185 0 0
K 0 7 45
K 0 0 43
K 0 7 45
K 1 7 45
K 0 0 60
K 0 21 60
A D 1 4
J B 52 6978 1 82 6913 576 0
J F 0 6999 98 2 1 0 0
K 0 0 208
K 0 21 203
J N 7 6999 7 4 1 0 0
K 0 0 43
K 0 0 60
K 0 21 60
A D 1 4
J N 7 7028 0 4 1729 576 0
K 0 0 43
K 0 0 60
K 0 21 60
A D 1 4
J F 0 7057 98 1 3457 576 0
K 0 0 205
J N 7 7057 -7 4 3457 0 0
K 0 0 43
K 0 0 60
K 0 21 60
A D 1 4
J F 0 7086 98 1 5185 576 0
K 0 0 204
J N 7 7086 42 4 5185 0 0
K 0 0 43
K 0 0 59
K 0 -21 59
A D 1 4
J B 53 7119 1 82 6913 576 0
J F 0 7140 98 1 1 0 0
K 0 0 219
J N 8 7140 35 5 1 0 0
K 0 0 42
K 25 0 44
K 0 0 59
K 0 -21 59
A D 3 4
J N 7 7186 35 4 5185 1728 0
K 0 0 43
K 0 0 59
K 0 -21 59
A D 1 4
J B 54 7219 1 82 6913 576 0
J F 0 7240 98 1 1 0 0
K 0 0 213
J N 8 7240 28 4 1 0 0
K 0 0 42
K 0 0 60
K 0 21 60
A D 2 4
J N 8 7278 -7 4 3457 1152 0
K 0 0 42
K 0 0 60
K 0 21 60
A D 2 4
J B 55 7320 1 82 6913 1152 0
J F 0 7341 98 1 1 0 0
K 0 0 219
J N 8 7341 -14 7 1 0 0
K 0 0 45
K 0 0 42
K -1 0 45
K 2 0 45
K 0 0 60
K 0 21 60
A D 2 4
J F 0 7379 98 1 3457 1152 0
K 0 0 213
J N 8 7379 -21 7 3457 0 0
K 0 7 45
K 0 0 42
K 0 7 45
K 1 7 45
K 0 0 60
K 0 21 60
A D 2 4
J B 56 7421 1 82 6913 1152 0
J N 8 7445 -28 9 1 0 0
K 0 14 45
K 0 0 45
K -15 0 65
K 0 0 42
K -1 0 45
K 2 0 45
K 0 0 60
K 0 28 60
A D 2 4
J F 0 7483 98 1 3457 1152 0
K 0 0 205
J N 8 7483 42 4 3457 0 0
K 0 0 42
K 0 0 59
K 0 -21 59
A D 2 4
J B 57 7525 1 82 6913 1152 0
J F 0 7546 98 1 1 0 0
K 0 0 219
J N 8 7546 35 4 1 0 0
K 0 0 42
K 0 0 59
K 0 -21 59
A D 2 4
J F 0 7584 98 1 3457 1152 0
K 0 0 213
J N 8 7584 28 4 3457 0 0
K 0 0 42
K 0 0 60
K 0 21 60
A D 2 4
J B 58 7626 1 82 6913 1152 0
J N 8 7650 21 5 1 0 0
K -15 0 65
K 0 0 42
K 0 0 60
K 0 21 60
A D 2 4
J F 0 7688 98 1 3457 1152 0
K 0 0 205
J N 8 7688 42 4 3457 0 0
K 0 0 42
K 0 0 59
K 0 -21 59
A D 2 4
J B 59 7730 1 82 6913 1152 0
J F 0 7751 98 3 1 0 0
K 0 0 205
K 0 21 214
K 0 42 219
J N 8 7751 35 4 1 0 0
K 0 0 42
K 0 0 59
K 0 -21 59
A D 2 4
J F 0 7782 98 2 1729 576 0
K 0 0 206
K 0 21 204
J F 0 7811 98 1 3457 576 0
K 0 0 203
J N 8 7811 28 4 3457 0 0
K 0 0 42
K 0 0 60
K 0 21 60
A D 2 4
J F 0 7840 98 1 5185 576 0
K 0 0 213
J B 60 7873 1 82 6913 576 0
J N 7 7894 7 4 1 0 0
K 0 0 43
K 0 0 60
K 0 21 60
A D 1 4
J N 7 7923 14 4 1729 576 0
K 0 0 43
K 0 0 60
K 0 21 60
A D 1 4
J N 7 7964 21 5 3457 576 0
K -15 0 65
K 0 0 43
K 0 0 60
K 0 21 60
A D 1 4
J N 7 7993 28 4 5185 576 0
K 0 0 43
K 0 0 60
K 0 21 60
A D 1 4
J B 61 8026 1 82 6913 576 0
J N 7 8051 21 5 1 0 0
K -15 0 65
K 0 0 43
K 0 0 60
K 0 21 60
A D 1 4
J N 7 8080 28 4 1729 576 0
K 0 0 43
K 0 0 60
K 0 21 60
A D 1 4
J N 7 8109 35 4 3457 576 0
K 0 0 43
K 0 0 59
K 0 -21 59
A D 1 4
J N 7 8149 42 5 5185 576 0
K -14 0 64
K 0 0 43
K 0 0 59
K 0 -21 59
A D 1 4
J B 62 8182 1 82 6913 576 0
J N 7 8203 35 4 1 0 0
K 0 0 43
K 0 0 59
K 0 -21 59
A D 1 4
J N 7 8232 7 4 1729 576 0
K 0 0 43
K 0 0 60
K 0 21 60
A D 1 4
J F 0 8265 98 1 3457 576 0
K 0 0 205
J N 7 8265 42 5 3457 0 0
K -14 0 64
K 0 0 43
K 0 0 59
K 0 -21 59
A D 1 4
J N 7 8294 7 4 5185 576 0
K 0 0 43
K 0 0 60
K 0 21 60
A D 1 4
J B 63 8327 1 82 6913 576 0
J N 7 8348 35 7 1 0 0
K 0 0 43
K -8 44 195
K 0 49 251
K 18 44 196
K 0 0 59
K 0 -21 59
A D 1 4
J N 7 8377 7 4 1729 576 0
K 0 0 43
K 0 0 60
K 0 21 60
A D 1 4
J F 0 8410 98 1 3457 576 0
K 0 0 205
J N 7 8410 42 5 3457 0 0
K -14 0 64
K 0 0 43
K 0 0 59
K 0 -21 59
A D 1 4
J N 7 8439 7 4 5185 576 0
K 0 0 43
K 0 0 60
K 0 21 60
A D 1 4
J B 64 8472 1 82 6913 576 0
J N 7 8493 35 7 1 0 0
K 0 0 43
K -11 44 195
K 0 49 253
K 22 44 196
K 0 0 59
K 0 -21 59
A D 1 4
J N 7 8522 28 4 1729 576 0
K 0 0 43
K 0 0 60
K 0 21 60
A D 1 4
J N 7 8563 21 5 3457 576 0
K -15 0 65
K 0 0 43
K 0 0 60
K 0 21 60
A D 1 4
J N 7 8592 35 4 5185 576 0
K 0 0 43
K 0 0 59
K 0 -21 59
A D 1 4
J B 65 8625 1 82 6913 576 0
J F 0 8646 98 2 1 0 0
K 0 0 206
K 0 21 213
J N 7 8646 28 4 1 0 0
K 0 0 43
K 0 0 60
K 0 21 60
A D 1 4
J N 7 8675 56 4 1729 576 0
K 0 0 43
K 0 0 59
K 0 -21 59
A D 1 4
J F 0 8704 98 1 3457 576 0
K 0 0 203
J N 7 8704 28 4 3457 0 0
K 0 0 43
K 0 0 60
K 0 21 60
A D 1 4
J F 0 8733 98 1 5185 576 0
K 0 0 213
J N 7 8733 28 4 5185 0 0
K 0 0 43
K 0 0 60
K 0 21 60
A D 1 4
J B 66 8766 1 82 6913 576 0
J N 8 8787 7 4 1 0 0
K 0 0 42
K 0 0 60
K 0 21 60
A D 2 4
J R 7 8825 28 2 3457 1152 0
K 0 0 48
A D 1 4
J F 0 8854 98 1 5185 576 0
K 0 0 219
J N 7 8854 35 5 5185 0 0
K 0 0 43
K 0 44 108
K 0 0 59
K 0 -21 59
A D 1 4
J B 67 8887 1 82 6913 576 0
J F 0 8908 98 2 1 0 0
K 0 0 206
K 0 21 213
J N 7 8908 28 4 1 0 0
K 0 0 43
K 0 0 60
K 0 21 60
A D 1 4
J N 7 8937 56 4 1729 576 0
K 0 0 43
K 0 0 59
K 0 -21 59
A D 1 4
J F 0 8966 98 1 3457 576 0
K 0 0 203
J N 7 8966 28 4 3457 0 0
K 0 0 43
K 0 0 60
K 0 21 60
A D 1 4
J F 0 8995 98 1 5185 576 0
K 0 0 213
J N 7 8995 77 7 5185 0 0
K 1 -7 45
K 0 0 43
K 0 -7 45
K 1 -7 45
K 0 0 59
K 0 -21 59
A D 1 4
J B 68 9028 1 82 6913 576 0
J N 8 9049 56 5 1 0 0
K 0 0 42
K 24 -6 44
K 0 0 59
K 0 -21 59
A D 3 4
J B 69 9107 5 2 6913 1728 0
K -8 0 82
K 0 0 82
J C 22 9112 14 36 6913 0 0
J K 0 9164 0 1 6913 0 0
K 0 42 64
J D 5 9193 -42 1 6913 0 0
W 0 0 37 Largo
J T 1208 9214 0 3 6913 0 0
K 0 28 73
K -21 28 72
K -10 56 79
J N 8 9253 7 5 1 0 0
K 0 0 42
K 25 0 44
K 0 0 60
K 0 21 60
A D 6 8
J F 0 9321 98 2 3457 1728 0
K 0 0 205
K 0 21 203
J N 8 9321 7 5 3457 0 0
K 0 0 42
K 25 0 44
K 0 0 60
K 0 21 60
A D 6 8
J B 2 9393 1 82 6913 1728 0
J F 0 9414 98 2 1 0 0
K 0 0 204
K 0 21 202
J N 8 9414 7 5 1 0 0
K 0 0 42
K 25 0 44
K 0 0 60
K 0 21 60
A D 6 8
J N 7 9482 35 5 3457 1728 0
K 0 0 43
K 25 0 44
K 0 0 59
K 0 -21 59
A D 3 8
J F 0 9528 98 1 5185 864 0
K 0 0 213
J N 7 9528 28 5 5185 0 0
K 0 0 43
K 24 -6 44
K 0 0 60
K 0 21 60
A D 3 8
J B 3 9578 1 82 6913 864 0
J N 7 9599 56 5 1 0 0
K 0 0 43
K 24 -6 44
K 0 0 59
K 0 -21 59
A D 3 8
J R 7 9645 28 2 1729 864 0
K 0 0 48
A D 2 8
J R 6 9683 28 2 2881 576 0
K 0 0 49
A D 1 8
J F 0 9712 98 1 3457 288 0
K 0 0 213
J N 8 9712 28 5 3457 0 0
K 0 0 42
K 24 -6 44
K 0 0 60
K 0 21 60
A D 6 8
J B 4 9784 1 82 6913 1728 0
J F 0 9805 98 2 1 0 0
K 0 0 205
K 0 21 203
J N 8 9805 28 5 1 0 0
K 0 0 42
K 24 -6 44
K 0 0 60
K 0 21 60
A D 6 8
J F 0 9873 98 2 3457 1728 0
K 0 0 204
K 0 21 213
J N 8 9873 28 5 3457 0 0
K 0 0 42
K 24 -6 44
K 0 0 60
K 0 21 60
A D 6 8
J B 5 9945 1 82 6913 1728 0
J N 7 9966 56 5 1 0 0
K 0 0 43
K 24 -6 44
K 0 0 59
K 0 -21 59
A D 3 8
J F 0 10012 98 1 1729 864 0
K 0 0 213
J N 7 10012 49 5 1729 0 0
K 0 0 43
K 25 0 44
K 0 0 59
K 0 -21 59
A D 3 8
J N 7 10058 77 8 3457 864 0
K 1 -7 45
K 0 0 43
K 0 -7 45
K 1 -7 45
K 25 0 44
K 0 0 59
K 0 -21 59
A D 3 8
J R 7 10104 28 2 5185 864 0
K 0 0 48
A D 2 8
J R 6 10142 28 2 6337 576 0
K 0 0 49
A D 1 8
J B 6 10175 1 82 6913 288 0
J N 7 10196 56 4 1 0 0
K 0 0 43
K 0 0 59
K 0 -21 59
A D 2 8
J N 6 10234 49 3 1153 576 0
K 0 0 43
K 0 0 53
A D 1 8
J N 7 10271 42 4 1729 288 0
K 0 0 43
K 0 0 59
K 0 -21 59
A D 2 8
J N 6 10309 56 3 2881 576 0
K 0 0 43
K 0 0 53
A D 1 8
J N 7 10346 35 4 3457 288 0
K 0 0 43
K 0 0 59
K 0 -21 59
A D 2 8
J N 6 10384 42 3 4609 576 0
K 0 0 43
K 0 0 53
A D 1 8
J N 6 10421 35 2 5185 288 1 1
K 0 0 43
A D 1 8
J N 6 10450 42 2 5761 288 1 1
K 0 0 43
A D 1 8
J N 6 10479 49 2 6337 288 1 1
K 0 0 43
A D 1 8
H 1 B 0 0 108 3 2 1 3
J B 7 10512 1 82 6913 288 0
J F 0 10533 98 1 1 0 0
K 0 0 205
J N 7 10533 42 4 1 0 0
K 0 0 43
K 0 0 59
K 0 -21 59
A D 2 8
J N 6 10571 49 3 1153 576 0
K 0 0 43
K 0 0 53
A D 1 8
J N 7 10608 42 4 1729 288 0
K 0 0 43
K 0 0 59
K 0 -21 59
A D 2 8
J N 6 10646 56 3 2881 576 0
K 0 0 43
K 0 0 53
A D 1 8
J F 0 10680 98 2 3457 288 0
K 0 0 205
K 0 21 204
J N 6 10680 35 2 3457 0 1 2
K 0 0 43
A D 1 8
J N 6 10709 42 2 4033 288 1 2
K 0 0 43
A D 1 8
J N 6 10738 35 2 4609 288 1 2
K 0 0 43
A D 1 8
H 2 B 0 0 108 3 2 1 3
J F 0 10767 98 1 5185 288 0
K 0 0 213
J N 7 10767 28 4 5185 0 0
K 0 0 43
K 0 0 60
K 0 21 60
A D 2 8
J N 6 10805 77 7 6337 576 0
K 1 -7 45
K 0 0 43
K 0 -7 45
K 1 -7 45
K 0 0 59
K 0 0 53
A D 1 8
J B 8 10849 1 82 6913 288 0
J N 7 10870 56 5 1 0 0
K 0 0 43
K 24 -6 44
K 0 0 59
K 0 -21 59
A D 3 8
J F 0 10916 98 1 1729 864 0
K 0 0 204
J N 8 10916 -42 11 1729 0 0
K 0 28 45
K 0 14 45
K 0 0 45
K 0 0 42
K -1 0 45
K 2 0 45
K 24 -6 44
K 0 0 60
K 0 28 60
K 0 42 60
A D 6 8
J F 0 10962 98 2 3457 864 0
K 0 0 203
K 0 21 201
J F 0 11008 98 1 5185 864 0
K 0 0 205
J N 7 11008 -35 11 5185 0 1 3
K 0 21 45
K 0 7 45
K -18 0 63
K 0 0 43
K 0 7 45
K 1 7 45
K 25 0 44
K 0 0 60
K 0 28 60
K 0 35 60
A D 3 8
J B 9 11058 1 82 6913 864 0
J F 0 11081 98 2 1 0 0
K 0 0 203
K 0 21 201
J N 7 11081 -35 11 1 0 1 3
K 0 21 45
K 0 7 45
k -18 0 63
K 0 0 43
K 0 7 45
K 1 7 45
K 25 0 44
K 0 0 60
K 0 28 60
K 0 35 60
A D 3 8
H 3 T -35 0 0 0 0 0 1 0
J F 0 11127 98 1 1729 864 0
K 0 0 205
J N 8 11127 -28 9 1729 0 0
K 0 14 45
K 0 0 45
K 0 0 42
K -1 0 45
K 2 0 45
K 24 -6 44
K 0 0 60
K 0 28 60
A D 6 8
J F 0 11173 98 3 3457 864 0
K 0 0 203
K 0 21 201
K 15 21 213
J F 0 11219 98 1 5185 864 0
K 0 0 205
J N 7 11219 -21 8 5185 0 1 4
K 0 7 45
K 0 0 43
K 0 7 45
K 1 7 45
K 25 0 44
K 0 0 60
K 0 21 60
A D 3 8
J B 10 11269 1 82 6913 864 0
J F 0 11290 98 2 1 0 0
K 0 0 203
K 0 21 201
J N 7 11290 -21 8 1 0 1 4
K 0 7 45
K 0 0 43
K 0 7 45
K 1 7 45
K 25 0 44
K 0 0 60
K 0 21 60
A D 3 8
H 4 T -21 0 0 0 0 0 1 0
J F 0 11336 98 1 1729 864 0
K 0 0 205
J N 8 11336 -14 8 1729 0 0
K 0 0 45
K 0 0 42
K -1 0 45
K 2 0 45
K 24 -6 44
K 0 0 60
K 0 21 60
A D 6 8
J F 0 11382 98 2 3457 864 0
K 0 0 214
K 0 21 201
J F 0 11428 98 1 5185 864 0
K 0 0 205
J N 7 11428 -7 4 5185 0 0
K 0 0 43
K 0 0 60
K 0 21 60
A D 2 8
J N 6 11466 -28 8 6337 576 0
K 0 14 45
K 0 0 45
K 0 0 43
K -1 0 45
K 2 0 45
K 0 0 60
K 0 7 54
A D 1 8
J B 11 11499 1 82 6913 288 0
J F 0 11524 98 2 1 0 0
K 0 0 205
K 0 21 204
J N 6 11524 -14 6 1 0 1 5
K 0 0 45
K -18 0 63
K 0 0 43
K -1 0 45
K 2 0 45
A D 1 8
J N 6 11553 -7 2 577 288 1 5
K 0 0 43
A D 1 8
J N 6 11582 0 2 1153 288 1 5
K 0 0 43
A D 1 8
H 5 B 1 0 108 3 2 1 3
J N 7 11611 -21 7 1729 288 0
K 0 7 45
K 0 0 43
K 0 7 45
K 1 7 45
K 0 0 60
K 0 21 60
A D 2 8
J F 0 11653 98 1 2881 576 0
K 0 0 205
J N 6 11653 14 4 2881 0 0
K -18 0 63
K 0 0 43
K 0 0 54
A D 1 8
J N 7 11682 7 4 3457 288 0
K 0 0 43
K 0 0 60
K 0 21 60
A D 2 8
J F 0 11720 98 1 4609 576 0
K 0 0 213
J N 6 11720 28 3 4609 0 0
K 0 0 43
K 0 0 54
A D 1 8
J F 0 11749 98 1 5185 288 0
K 0 0 203
J N 7 11749 0 4 5185 0 0
K 0 0 43
K 0 0 60
K 0 21 60
A D 2 8
J F 0 11787 98 1 6337 576 0
K 0 0 213
J N 6 11787 49 3 6337 0 0
K 0 0 43
K 0 0 53
A D 1 8
J B 12 11831 1 82 6913 288 0
J F 0 11852 98 1 1 0 0
K 0 0 213
J N 7 11852 28 5 1 0 0
K 0 0 43
K 24 -6 44
K 0 0 60
K 0 21 60
A D 3 8
J N 7 11898 -21 8 1729 864 0
K 0 7 45
K 0 0 43
K 0 7 45
K 1 7 45
K 25 0 44
K 0 0 60
K 0 21 60
A D 3 8
J F 0 11944 98 2 3457 864 0
K 0 0 205
K 0 21 203
J N 8 11944 -21 8 3457 0 0
K 0 7 45
K 0 0 42
K 0 7 45
K 1 7 45
K 25 0 44
K 0 0 60
K 0 21 60
A D 6 8
J B 13 12016 1 82 6913 1728 0
J F 0 12037 98 1 1 0 0
K 0 0 213
J N 7 12037 -21 8 1 0 0
K 0 7 45
K 0 0 43
K 0 7 45
K 1 7 45
K 25 0 44
K 0 0 60
K 0 21 60
A D 3 8
J N 7 12083 7 5 1729 864 0
K 0 0 43
K 25 0 44
K 0 0 60
K 0 21 60
A D 3 8
J F 0 12129 98 2 3457 864 0
K 0 0 205
K 0 21 203
J N 8 12129 7 5 3457 0 0
K 0 0 42
K 25 0 44
K 0 0 60
K 0 21 60
A D 6 8
J B 14 12201 1 82 6913 1728 0
J F 0 12222 98 1 1 0 0
K 0 0 204
J N 7 12222 7 4 1 0 0
K 0 0 43
K 0 0 60
K 0 21 60
A D 2 8
J N 6 12260 0 3 1153 576 0
K 0 0 43
K 0 0 54
A D 1 8
J N 7 12289 -7 4 1729 288 0
K 0 0 43
K 0 0 60
K 0 21 60
A D 2 8
J N 6 12327 42 3 2881 576 0
K 0 0 43
K 0 0 53
A D 1 8
J F 0 12361 98 1 3457 288 0
K 0 0 206
J N 7 12361 21 5 3457 0 0
K 0 0 43
K 25 0 44
K 0 0 60
K 0 21 60
A D 3 8
J F 0 12399 98 1 4609 576 0
K 0 0 205
J F 0 12428 98 2 5185 288 0
K 0 0 206
K 0 21 213
J N 7 12428 28 5 5185 0 0
K 0 0 43
K 24 -6 44
K 0 0 60
K 0 21 60
A D 3 8
J F 0 12466 98 1 6337 576 0
K 0 0 205
J B 15 12499 1 82 6913 288 0
J F 0 12520 98 1 1 0 0
K 0 0 206
J N 7 12520 35 5 1 0 0
K 0 0 43
K 25 0 44
K 0 0 59
K 0 -21 59
A D 3 8
J F 0 12558 98 1 1153 576 0
K 0 0 205
J F 0 12587 98 1 1729 288 0
K 0 0 206
J N 7 12587 42 5 1729 0 0
K 0 0 43
K 24 -6 44
K 0 0 59
K 0 -21 59
A D 3 8
J F 0 12625 98 1 2881 576 0
K 0 0 205
J F 0 12654 98 1 3457 288 0
K 0 0 204
J N 7 12654 49 5 3457 0 0
K 0 0 43
K 25 0 44
K 0 0 59
K 0 -21 59
A D 3 8
J F 0 12692 98 1 4609 576 0
K 0 0 216
J N 7 12721 56 5 5185 288 0
K 0 0 43
K 24 -6 44
K 0 0 59
K 0 -21 59
A D 3 8
J B 16 12771 1 82 6913 864 0
J F 0 12792 98 1 1 0 0
K 0 0 213
J N 7 12792 28 5 1 0 0
K 0 0 43
K 24 -6 44
K 0 0 60
K 0 21 60
A D 3 8
J R 6 12838 28 2 1729 864 0
K 0 0 49
A D 1 8
J R 6 12867 28 2 2305 288 0
K 0 0 49
A D 1 8
J N 6 12896 -42 9 2881 288 0
K 0 28 45
K 0 14 45
K 0 0 45
K 0 0 43
K -1 0 45
K 2 0 45
K 0 0 60
K 0 21 54
A D 1 8
J F 0 12925 98 2 3457 288 0
K 0 0 205
K 0 21 204
J N 7 12925 -28 9 3457 0 0
K 0 14 45
K 0 0 45
K 0 0 43
K -1 0 45
K 2 0 45
K 24 -6 44
K 0 0 60
K 0 28 60
A D 3 8
J F 0 12976 98 1 5185 864 0
K 0 0 204
J N 7 12976 -35 11 5185 0 0
K 0 21 45
K 0 7 45
K -18 0 63
K 0 0 43
K 0 7 45
K 1 7 45
K 25 0 44
K 0 0 60
K 0 28 60
K 0 35 60
A D 3 8
J B 17 13026 1 82 6913 864 0
J F 0 13047 98 2 1 0 0
K 0 0 208
K 0 21 202
J N 8 13047 -42 11 1 0 0
K 0 28 45
K 0 14 45
K 0 0 45
K 0 0 42
K -1 0 45
K 2 0 45
K 24 -6 44
K 0 0 60
K 0 28 60
K 0 42 60
A D 6 8
J F 0 13093 98 2 1729 864 0
K 0 0 207
K 0 21 219
J F 0 13139 98 2 3457 864 0
K 0 0 205
K 0 21 204
J N 8 13139 -14 9 3457 0 0
K 0 0 45
K -18 0 63
K 0 0 42
K -1 0 45
K 2 0 45
K 24 -6 44
K 0 0 60
K 0 21 60
A D 6 8
J B 18 13211 1 82 6913 1728 0
J F 0 13232 98 2 1 0 0
K 0 0 204
K 0 21 203
J N 8 13232 -21 8 1 0 0
K 0 7 45
K 0 0 42
K 0 7 45
K 1 7 45
K 25 0 44
K 0 0 60
K 0 21 60
A D 6 8
J F 0 13300 98 2 3457 1728 0
K 0 0 205
K 0 21 204
J N 8 13300 -14 9 3457 0 0
K 0 0 45
K -18 0 63
K 0 0 42
K -1 0 45
K 2 0 45
K 24 -6 44
K 0 0 60
K 0 21 60
A D 6 8
J B 19 13372 1 82 6913 1728 0
J N 7 13393 -21 8 1 0 0
K 0 7 45
K 0 0 43
K 0 7 45
K 1 7 45
K 25 0 44
K 0 0 60
K 0 21 60
A D 3 8
J R 6 13439 28 2 1729 864 0
K 0 0 49
A D 1 8
J R 6 13468 28 2 2305 288 0
K 0 0 49
A D 1 8
J F 0 13497 98 1 2881 288 0
K 0 0 205
J N 6 13497 -7 3 2881 0 0
K 0 0 43
K 0 0 54
A D 1 8
J N 7 13526 0 4 3457 288 0
K 0 0 43
K 0 0 60
K 0 21 60
A D 2 8
J N 6 13564 7 3 4609 576 0
K 0 0 43
K 0 0 54
A D 1 8
J F 0 13593 98 2 5185 288 0
K 0 0 205
K 0 21 204
J N 7 13593 35 4 5185 0 0
K 0 0 43
K 0 0 59
K 0 -21 59
A D 2 8
J F 0 13631 98 1 6337 576 0
K 0 0 213
J N 6 13631 28 3 6337 0 0
K 0 0 43
K 0 0 54
A D 1 8
J B 20 13664 1 82 6913 288 0
J N 7 13685 56 4 1 0 0
K 0 0 43
K 0 0 59
K 0 -21 59
A D 2 8
J N 6 13723 49 3 1153 576 0
K 0 0 43
K 0 0 53
A D 1 8
J N 7 13760 42 4 1729 288 0
K 0 0 43
K 0 0 59
K 0 -21 59
A D 2 8
J N 6 13798 56 3 2881 576 0
K 0 0 43
K 0 0 53
A D 1 8
J N 7 13835 35 4 3457 288 0
K 0 0 43
K 0 0 59
K 0 -21 59
A D 2 8
J N 6 13873 84 8 4609 576 0
K 1 -14 45
K 1 0 45
K 0 0 43
K -1 0 45
K 2 0 45
K 0 0 59
K 0 -7 53
A D 1 8
J F 0 13907 98 1 5185 288 0
K 0 0 205
J R 6 13913 28 2 5185 0 0
K 0 0 49
A D 1 8
J R 6 13942 28 2 5761 288 0
K 0 0 49
A D 1 8
J N 6 13982 35 4 6337 288 0
K -18 0 63
K 0 0 43
K 0 0 53
A D 1 8
J B 21 14026 1 82 6913 288 0
J F 0 14047 98 1 1 0 0
K 0 0 213
J N 7 14047 28 4 1 0 0
K 0 0 43
K 0 0 60
K 0 21 60
A D 2 8
J N 6 14085 77 7 1153 576 0
K 1 -7 45
K 0 0 43
K 0 -7 45
K 1 -7 45
K 0 0 59
K 0 0 53
A D 1 8
J F 0 14119 98 1 1729 288 0
K 0 0 205
J R 6 14125 28 2 1729 0 0
K 0 0 49
A D 1 8
J R 6 14154 28 2 2305 288 0
K 0 0 49
A D 1 8
J N 6 14194 28 4 2881 288 0
K -18 0 63
K 0 0 43
K 0 0 54
A D 1 8
J N 7 14223 21 4 3457 288 0
K 0 0 43
K 0 0 60
K 0 21 60
A D 2 8
J N 6 14261 70 6 4609 576 0
K 1 0 45
K 0 0 43
K -1 0 45
K 2 0 45
K 0 0 53
A D 1 8
J F 0 14295 98 1 5185 288 0
K 0 0 205
J R 6 14301 28 2 5185 0 0
K 0 0 49
A D 1 8
J R 6 14330 28 2 5761 288 0
K 0 0 49
A D 1 8
J N 6 14370 14 4 6337 288 0
K -18 0 63
K 0 0 43
K 0 0 54
A D 1 8
J B 22 14403 1 82 6913 288 0
J F 0 14424 98 1 1 0 0
K 0 0 203
J N 7 14424 7 4 1 0 0
K 0 0 43
K 0 0 60
K 0 21 60
A D 2 8
J F 0 14462 98 1 1153 576 0
K 0 0 205
J N 6 14462 -42 9 1153 0 0
K 0 28 45
K 0 14 45
K 0 0 45
K 0 0 43
K -1 0 45
K 2 0 45
K 0 0 60
K 0 21 54
A D 1 8
J F 0 14502 98 1 1729 288 0
K 0 0 206
J N 7 14502 -35 11 1729 0 0
K 0 21 45
K 0 7 45
K -18 0 63
K 0 0 43
K 0 7 45
K 1 7 45
K 25 0 44
K 0 0 60
K 0 28 60
K 0 35 60
A D 3 8
J F 0 14540 98 1 2881 576 0
K 0 0 205
J F 0 14569 98 1 3457 288 0
K 0 0 206
J N 7 14569 -28 9 3457 0 0
K 0 14 45
K 0 0 45
K 0 0 43
K -1 0 45
K 2 0 45
K 24 -6 44
K 0 0 60
K 0 28 60
A D 3 8
J F 0 14607 98 1 4609 576 0
K 0 0 205
J F 0 14636 98 1 5185 288 0
K 0 0 206
J N 7 14636 -21 8 5185 0 0
K 0 7 45
K 0 0 43
K 0 7 45
K 1 7 45
K 25 0 44
K 0 0 60
K 0 21 60
A D 3 8
J F 0 14674 98 1 6337 576 0
K 0 0 205
J B 23 14707 1 82 6913 288 0
J F 0 14728 98 1 1 0 0
K 0 0 206
J N 7 14728 -14 8 1 0 0
K 0 0 45
K 0 0 43
K -1 0 45
K 2 0 45
K 24 -6 44
K 0 0 60
K 0 21 60
A D 3 8
J F 0 14766 98 1 1153 576 0
K 0 0 205
J F 0 14795 98 1 1729 288 0
K 0 0 206
J N 7 14795 -7 5 1729 0 0
K 0 0 43
K 25 0 44
K 0 0 60
K 0 21 60
A D 3 8
J F 0 14833 98 1 2881 576 0
K 0 0 205
J F 0 14862 98 1 3457 288 0
K 0 0 216
J N 7 14862 0 5 3457 0 0
K 0 0 43
K 24 -6 44
K 0 0 60
K 0 21 60
A D 3 8
J R 6 14908 28 2 5185 864 0
K 0 0 49
A D 1 8
J R 6 14937 28 2 5761 288 0
K 0 0 49
A D 1 8
J N 6 14966 7 3 6337 288 0
K 0 0 43
K 0 0 54
A D 1 8
J B 24 14999 1 82 6913 288 0
J N 7 15020 35 4 1 0 0
K 0 0 43
K 0 0 59
K 0 -21 59
A D 2 8
J N 6 15058 56 3 1153 576 0
K 0 0 43
K 0 0 53
A D 1 8
J F 0 15092 98 1 1729 288 0
K 0 0 203
J N 7 15092 28 4 1729 0 0
K 0 0 43
K 0 0 60
K 0 21 60
A D 2 8
J F 0 15130 98 1 2881 576 0
K 0 0 213
J N 6 15130 77 7 2881 0 0
K 1 -7 45
K 0 0 43
K 0 -7 45
K 1 -7 45
K 0 0 59
K 0 0 53
A D 1 8
J N 7 15167 56 5 3457 288 0
K 0 0 43
K 24 -6 44
K 0 0 59
K 0 -21 59
A D 3 8
J N 7 15213 35 5 5185 864 0
K 0 0 43
K 25 0 44
K 0 0 59
K 0 -21 59
A D 3 8
J B 25 15263 1 82 6913 864 0
J R 7 15284 28 3 1 0 0
K 0 0 48
K -2 -35 101
A D 2 8
J R 6 15322 28 2 1153 576 0
K 0 0 49
A D 1 8
J F 0 15351 98 1 1729 288 0
K 0 0 205
J N 7 15351 42 6 1729 0 0
K 0 0 43
K 24 -6 44
K 0 37 108
K 0 0 59
K 0 -21 59
A D 3 8
J R 8 15397 28 3 3457 864 0
K 0 0 47
K 2 -35 101
A D 6 8
J B 26 15454 1 82 6913 1728 0
J F 0 15475 98 1 1 0 0
K 0 0 216
J N 7 15475 49 5 1 0 0
K 0 0 43
K 0 39 110
K 0 0 59
K 0 -21 59
A D 2 8
J N 6 15513 56 3 1153 576 0
K 0 0 43
K 0 0 53
A D 1 8
J F 0 15547 98 1 1729 288 0
K 0 0 203
J N 7 15547 28 4 1729 0 0
K 0 0 43
K 0 0 60
K 0 21 60
A D 2 8
J F 0 15585 98 1 2881 576 0
K 0 0 213
J N 6 15585 77 7 2881 0 0
K 1 -7 45
K 0 0 43
K 0 -7 45
K 1 -7 45
K 0 0 59
K 0 0 53
A D 1 8
J N 7 15622 56 5 3457 288 0
K 0 0 43
K 24 -6 44
K 0 0 59
K 0 -21 59
A D 3 8
J R 6 15668 28 2 5185 864 0
K 0 0 49
A D 1 8
J R 6 15697 28 2 5761 288 0
K 0 0 49
A D 1 8
J N 6 15726 -28 8 6337 288 0
K 0 14 45
K 0 0 45
K 0 0 43
K -1 0 45
K 2 0 45
K 0 0 60
K 0 7 54
A D 1 8
J B 27 15759 1 82 6913 288 0
J F 0 15782 98 1 1 0 0
K 0 0 205
J N 7 15782 -21 8 1 0 0
K 0 7 45
K -18 0 63
K 0 0 43
K 0 7 45
K 1 7 45
K 0 0 60
K 0 21 60
A D 2 8
J N 6 15820 -7 3 1153 576 0
K 0 0 43
K 0 0 54
A D 1 8
J N 7 15849 21 4 1729 288 0
K 0 0 43
K 0 0 60
K 0 21 60
A D 2 8
J N 6 15887 -28 8 2881 576 0
K 0 14 45
K 0 0 45
K 0 0 43
K -1 0 45
K 2 0 45
K 0 0 60
K 0 7 54
A D 1 8
J F 0 15916 98 1 3457 288 0
K 0 0 205
J N 7 15916 -21 7 3457 0 0
K 0 7 45
K 0 0 43
K 0 7 45
K 1 7 45
K 0 0 60
K 0 21 60
A D 2 8
J N 6 15954 -7 3 4609 576 0
K 0 0 43
K 0 0 54
A D 1 8
J R 6 15983 28 2 5185 288 0
K 0 0 49
A D 1 8
J R 6 16012 28 2 5761 288 0
K 0 0 49
A D 1 8
J N 6 16041 0 4 6337 288 0
K 0 0 43
K 0 79 108
K 0 0 54
A D 1 8
J B 28 16074 1 82 6913 288 0
J F 0 16097 98 1 1 0 0
K 0 0 205
J N 7 16097 7 5 1 0 0
K -18 0 63
K 0 0 43
K 0 0 60
K 0 21 60
A D 2 8
J N 6 16135 21 3 1153 576 0
K 0 0 43
K 0 0 54
A D 1 8
J N 7 16164 49 4 1729 288 0
K 0 0 43
K 0 0 59
K 0 -21 59
A D 2 8
J N 6 16202 0 3 2881 576 0
K 0 0 43
K 0 0 54
A D 1 8
J F 0 16231 98 1 3457 288 0
K 0 0 205
J N 7 16231 7 4 3457 0 0
K 0 0 43
K 0 0 60
K 0 21 60
A D 2 8
J N 6 16269 21 3 4609 576 0
K 0 0 43
K 0 0 54
A D 1 8
J R 6 16298 28 2 5185 288 0
K 0 0 49
A D 1 8
J R 6 16327 28 2 5761 288 0
K 0 0 49
A D 1 8
J N 6 16356 -7 4 6337 288 0
K 0 0 43
K 0 92 110
K 0 0 54
A D 1 8
J B 29 16389 1 82 6913 288 0
J F 0 16412 98 1 1 0 0
K 0 0 205
J N 7 16412 0 5 1 0 0
K -18 0 63
K 0 0 43
K 0 0 60
K 0 21 60
A D 2 8
J N 6 16455 14 4 1153 576 0
K -18 0 63
K 0 0 43
K 0 0 54
A D 1 8
J N 7 16484 42 4 1729 288 0
K 0 0 43
K 0 0 59
K 0 -21 59
A D 2 8
J N 6 16522 -7 3 2881 576 0
K 0 0 43
K 0 0 54
A D 1 8
J F 0 16551 98 1 3457 288 0
K 0 0 205
J N 7 16551 0 4 3457 0 0
K 0 0 43
K 0 0 60
K 0 21 60
A D 2 8
J N 6 16589 14 3 4609 576 0
K 0 0 43
K 0 0 54
A D 1 8
J R 6 16618 28 2 5185 288 0
K 0 0 49
A D 1 8
J R 6 16647 28 2 5761 288 0
K 0 0 49
A D 1 8
J N 6 16676 14 3 6337 288 0
K 0 0 43
K 0 0 54
A D 1 8
J B 30 16709 1 82 6913 288 0
J F 0 16732 98 1 1 0 0
K 0 0 206
J N 7 16732 7 6 1 0 0
K -18 0 63
K 0 0 43
K 25 0 44
K 0 0 60
K 0 21 60
A D 3 8
J F 0 16784 98 1 1729 864 0
K 0 0 204
J N 7 16784 0 6 1729 0 0
K -18 0 63
K 0 0 43
K 24 -6 44
K 0 0 60
K 0 21 60
A D 3 8
J F 0 16830 98 1 3457 864 0
K 0 0 203
J N 7 16830 -7 5 3457 0 0
K 0 0 43
K 25 0 44
K 0 0 60
K 0 21 60
A D 3 8
J F 0 16876 98 1 5185 864 0
K 0 0 205
J N 7 16876 28 5 5185 0 0
K 0 0 43
K 24 -6 44
K 0 0 60
K 0 21 60
A D 3 8
J B 31 16926 1 82 6913 864 0
J F 0 16947 98 1 1 0 0
K 0 0 206
J N 7 16947 21 5 1 0 0
K 0 0 43
K 25 0 44
K 0 0 60
K 0 21 60
A D 3 8
J F 0 16993 98 1 1729 864 0
K 0 0 205
J N 8 16993 -28 9 1729 0 0
K 0 14 45
K 0 0 45
K 0 0 42
K -1 0 45
K 2 0 45
K 24 -6 44
K 0 0 60
K 0 28 60
A D 6 8
J F 0 17039 98 2 3457 864 0
K 0 0 214
K 0 21 201
J F 0 17085 98 1 5185 864 0
K 0 0 205
J N 7 17085 -21 7 5185 0 0
K 0 7 45
K 0 0 43
K 0 7 45
K 1 7 45
K 0 0 60
K 0 21 60
A D 2 8
J N 6 17123 -28 8 6337 576 0
K 0 14 45
K 0 0 45
K 0 0 43
K -1 0 45
K 2 0 45
K 0 0 60
K 0 7 54
A D 1 8
J B 32 17156 1 82 6913 288 0
J F 0 17179 98 2 1 0 0
K 0 0 205
K 0 21 203
J N 7 17179 -35 10 1 0 0
K 0 21 45
K 0 7 45
K -18 0 63
K 0 0 43
K 0 7 45
K 1 7 45
K 0 0 60
K 0 28 60
K 0 35 60
A D 2 8
J N 6 17217 -28 8 1153 576 0
K 0 14 45
K 0 0 45
K 0 0 43
K -1 0 45
K 2 0 45
K 0 0 60
K 0 7 54
A D 1 8
J F 0 17246 98 2 1729 288 0
K 0 0 215
K 0 21 213
J N 7 17246 -35 9 1729 0 0
K 0 21 45
K 0 7 45
K 0 0 43
K 0 7 45
K 1 7 45
K 0 0 60
K 0 28 60
K 0 35 60
A D 2 8
J N 6 17288 14 4 2881 576 0
K -18 0 63
K 0 0 43
K 0 0 54
A D 1 8
J N 7 17317 -7 5 3457 288 0
K 0 0 43
K 25 0 44
K 0 0 60
K 0 21 60
A D 3 8
J F 0 17363 98 3 5185 864 0
K 0 0 205
K 0 21 203
K 0 42 201
J N 7 17363 0 5 5185 0 0
K 0 0 43
K 24 -6 44
K 0 0 60
K 0 21 60
A D 3 8
J B 33 17413 1 82 6913 864 0
J F 0 17434 98 3 1 0 0
K 0 0 206
K 0 21 204
K 0 42 202
J N 7 17434 7 5 1 0 0
K 0 0 43
K 25 0 44
K 0 0 60
K 0 21 60
A D 3 8
J F 0 17486 98 3 1729 864 0
K 0 0 207
K 0 21 205
K 0 42 203
J N 7 17486 14 6 1729 0 0
K -18 0 63
K 0 0 43
K 24 -6 44
K 0 0 60
K 0 21 60
A D 3 8
J F 0 17532 98 3 3457 864 0
K 0 0 208
K 0 21 206
K 0 42 204
J N 7 17532 21 5 3457 0 0
K 0 0 43
K 25 0 44
K 0 0 60
K 0 21 60
A D 3 8
J F 0 17578 98 1 5185 864 0
K 0 0 205
J N 7 17578 28 5 5185 0 0
K 0 0 43
K 24 -6 44
K 0 0 60
K 0 21 60
A D 3 8
J B 34 17628 1 82 6913 864 0
J F 0 17649 98 1 1 0 0
K 0 0 208
J N 7 17649 21 5 1 0 0
K 0 0 43
K 25 0 44
K 0 0 60
K 0 21 60
A D 3 8
J F 0 17695 98 1 1729 864 0
K 0 0 207
J R 6 17695 28 2 1729 0 0
K 0 0 49
A D 1 8
J R 6 17724 28 2 2305 288 0
K 0 0 49
A D 1 8
J N 6 17753 21 3 2881 288 0
K 0 0 43
K 0 0 54
A D 1 8
J F 0 17793 98 2 3457 288 0
K 0 0 206
K 0 21 213
J N 7 17793 14 6 3457 0 0
K -18 0 63
K 0 0 43
K 24 -6 44
K 0 0 60
K 0 21 60
A D 3 8
J N 7 17839 42 5 5185 864 0
K 0 0 43
K 24 -6 44
K 0 0 59
K 0 -21 59
A D 3 8
J B 35 17889 1 82 6913 864 0
J F 0 17912 98 2 1 0 0
K 0 0 205
K 0 21 203
J N 7 17912 14 6 1 0 0
K -18 0 63
K 0 0 43
K 24 -6 44
K 0 0 60
K 0 21 60
A D 3 8
J F 0 17958 98 2 1729 864 0
K 0 0 215
K 0 21 213
J N 7 17958 63 6 1729 0 0
K -18 0 63
K 0 0 43
K 25 0 44
K 0 0 59
K 0 -21 59
A D 3 8
J N 8 18004 42 5 3457 864 0
K 0 0 42
K 24 -6 44
K 0 0 59
K 0 -21 59
A D 6 8
J B 36 18076 1 82 6913 1728 0
J N 8 18097 7 5 1 0 0
K 0 0 42
K 25 0 44
K 0 0 60
K 0 21 60
A D 6 8
J F 0 18165 98 2 3457 1728 0
K 0 0 205
K 0 21 203
J N 8 18165 7 5 3457 0 0
K 0 0 42
K 25 0 44
K 0 0 60
K 0 21 60
A D 6 8
J B 37 18237 1 82 6913 1728 0
J F 0 18258 98 1 1 0 0
K 0 0 204
J N 8 18258 7 5 1 0 0
K 0 0 42
K 25 0 44
K 0 0 60
K 0 21 60
A D 6 8
J N 7 18326 35 5 3457 1728 0
K 0 0 43
K 25 0 44
K 0 0 59
K 0 -21 59
A D 3 8
J F 0 18372 98 1 5185 864 0
K 0 0 213
J N 7 18372 28 5 5185 0 0
K 0 0 43
K 24 -6 44
K 0 0 60
K 0 21 60
A D 3 8
J B 38 18422 1 82 6913 864 0
J N 7 18443 56 5 1 0 0
K 0 0 43
K 24 -6 44
K 0 0 59
K 0 -21 59
A D 3 8
J R 7 18489 28 2 1729 864 0
K 0 0 48
A D 2 8
J R 6 18527 28 2 2881 576 0
K 0 0 49
A D 1 8
J F 0 18556 98 1 3457 288 0
K 0 0 213
J N 8 18556 28 5 3457 0 0
K 0 0 42
K 24 -6 44
K 0 0 60
K 0 21 60
A D 6 8
J B 39 18628 1 82 6913 1728 0
J F 0 18649 98 2 1 0 0
K 0 0 205
K 0 21 203
J N 8 18649 28 5 1 0 0
K 0 0 42
K 24 -6 44
K 0 0 60
K 0 21 60
A D 6 8
J F 0 18717 98 2 3457 1728 0
K 0 0 204
K 0 21 213
J N 8 18717 28 5 3457 0 0
K 0 0 42
K 24 -6 44
K 0 0 60
K 0 21 60
A D 6 8
J B 40 18789 1 82 6913 1728 0
J N 7 18810 56 5 1 0 0
K 0 0 43
K 24 -6 44
K 0 0 59
K 0 -21 59
A D 3 8
J F 0 18856 98 1 1729 864 0
K 0 0 213
J N 7 18856 49 5 1729 0 0
K 0 0 43
K 25 0 44
K 0 0 59
K 0 -21 59
A D 3 8
J F 0 18902 98 1 3457 864 0
K 0 0 213
J N 7 18902 77 8 3457 0 0
K 1 -7 45
K 0 0 43
K 0 -7 45
K 1 -7 45
K 25 0 44
K 0 0 59
K 0 -21 59
A D 3 8
J R 7 18948 28 2 5185 864 0
K 0 0 48
A D 2 8
J R 6 18986 28 2 6337 576 0
K 0 0 49
A D 1 8
J B 41 19019 1 82 6913 288 0
J N 7 19040 56 4 1 0 0
K 0 0 43
K 0 0 59
K 0 -21 59
A D 2 8
J N 6 19078 49 3 1153 576 0
K 0 0 43
K 0 0 53
A D 1 8
J N 7 19115 42 4 1729 288 0
K 0 0 43
K 0 0 59
K 0 -21 59
A D 2 8
J N 6 19153 56 3 2881 576 0
K 0 0 43
K 0 0 53
A D 1 8
J N 7 19190 35 4 3457 288 0
K 0 0 43
K 0 0 59
K 0 -21 59
A D 2 8
J N 6 19228 42 3 4609 576 0
K 0 0 43
K 0 0 53
A D 1 8
J N 6 19265 35 2 5185 288 1 6
K 0 0 43
A D 1 8
J N 6 19294 42 2 5761 288 1 6
K 0 0 43
A D 1 8
J N 6 19323 49 2 6337 288 1 6
K 0 0 43
A D 1 8
H 6 B 0 0 108 3 2 1 3
J B 42 19356 1 82 6913 288 0
J F 0 19377 98 1 1 0 0
K 0 0 205
J N 7 19377 42 4 1 0 0
K 0 0 43
K 0 0 59
K 0 -21 59
A D 2 8
J N 6 19415 49 3 1153 576 0
K 0 0 43
K 0 0 53
A D 1 8
J N 7 19452 42 4 1729 288 0
K 0 0 43
K 0 0 59
K 0 -21 59
A D 2 8
J N 6 19490 56 3 2881 576 0
K 0 0 43
K 0 0 53
A D 1 8
J F 0 19524 98 2 3457 288 0
K 0 0 205
K 0 21 204
J N 6 19524 35 2 3457 0 1 7
K 0 0 43
A D 1 8
J N 6 19553 42 2 4033 288 1 7
K 0 0 43
A D 1 8
J N 6 19582 35 2 4609 288 1 7
K 0 0 43
A D 1 8
H 7 B 0 0 108 3 2 1 3
J F 0 19611 98 1 5185 288 0
K 0 0 213
J N 7 19611 28 4 5185 0 0
K 0 0 43
K 0 0 60
K 0 21 60
A D 2 8
J N 6 19649 77 7 6337 576 0
K 1 -7 45
K 0 0 43
K 0 -7 45
K 1 -7 45
K 0 0 59
K 0 0 53
A D 1 8
J B 43 19693 1 82 6913 288 0
J N 7 19714 56 5 1 0 0
K 0 0 43
K 24 -6 44
K 0 0 59
K 0 -21 59
A D 3 8
J F 0 19760 98 1 1729 864 0
K 0 0 204
J N 8 19760 -42 11 1729 0 0
K 0 28 45
K 0 14 45
K 0 0 45
K 0 0 42
K -1 0 45
K 2 0 45
K 24 -6 44
K 0 0 60
K 0 28 60
K 0 42 60
A D 6 8
J F 0 19806 98 2 3457 864 0
K 0 0 203
K 0 21 201
J F 0 19852 98 1 5185 864 0
K 0 0 205
J N 7 19852 -35 11 5185 0 1 8
K 0 21 45
K 0 7 45
K -18 0 63
K 0 0 43
K 0 7 45
K 1 7 45
K 25 0 44
K 0 0 60
K 0 28 60
K 0 35 60
A D 3 8
J B 44 19902 1 82 6913 864 0
J F 0 19925 98 2 1 0 0
K 0 0 203
K 0 21 201
J N 7 19925 -35 11 1 0 1 8
K 0 21 45
K 0 7 45
k -18 0 63
K 0 0 43
K 0 7 45
K 1 7 45
K 25 0 44
K 0 0 60
K 0 28 60
K 0 35 60
A D 3 8
H 8 T -35 0 0 0 0 0 1 0
J F 0 19971 98 1 1729 864 0
K 0 0 205
J N 8 19971 -28 9 1729 0 0
K 0 14 45
K 0 0 45
K 0 0 42
K -1 0 45
K 2 0 45
K 24 -6 44
K 0 0 60
K 0 28 60
A D 6 8
J F 0 20017 98 2 3457 864 0
K 0 0 203
K 0 21 212
J F 0 20063 98 1 5185 864 0
K 0 0 205
J N 7 20063 -21 8 5185 0 1 9
K 0 7 45
K 0 0 43
K 0 7 45
K 1 7 45
K 25 0 44
K 0 0 60
K 0 21 60
A D 3 8
J B 45 20113 1 82 6913 864 0
J F 0 20134 98 2 1 0 0
K 0 0 203
K 0 21 201
J N 7 20134 -21 8 1 0 1 9
K 0 7 45
K 0 0 43
K 0 7 45
K 1 7 45
K 25 0 44
K 0 0 60
K 0 21 60
A D 3 8
H 9 T -21 0 0 0 0 0 1 0
J F 0 20180 98 1 1729 864 0
K 0 0 205
J N 8 20180 -14 8 1729 0 0
K 0 0 45
K 0 0 42
K -1 0 45
K 2 0 45
K 24 -6 44
K 0 0 60
K 0 21 60
A D 6 8
J F 0 20226 98 2 3457 864 0
K 0 0 214
K 0 21 201
J F 0 20272 98 1 5185 864 0
K 0 0 205
J N 7 20272 -7 4 5185 0 0
K 0 0 43
K 0 0 60
K 0 21 60
A D 2 8
J N 6 20310 -28 8 6337 576 0
K 0 14 45
K 0 0 45
K 0 0 43
K -1 0 45
K 2 0 45
K 0 0 60
K 0 7 54
A D 1 8
J B 46 20343 1 82 6913 288 0
J F 0 20368 98 2 1 0 0
K 0 0 205
K 0 21 204
J N 6 20368 -14 6 1 0 1 10
K 0 0 45
K -18 0 63
K 0 0 43
K -1 0 45
K 2 0 45
A D 1 8
J N 6 20397 -7 2 577 288 1 10
K 0 0 43
A D 1 8
J N 6 20426 0 2 1153 288 1 10
K 0 0 43
A D 1 8
H 10 B 1 0 108 3 2 1 3
J N 7 20455 -21 7 1729 288 0
K 0 7 45
K 0 0 43
K 0 7 45
K 1 7 45
K 0 0 60
K 0 21 60
A D 2 8
J F 0 20497 98 1 2881 576 0
K 0 0 205
J N 6 20497 14 4 2881 0 0
K -18 0 63
K 0 0 43
K 0 0 54
A D 1 8
J N 7 20526 7 4 3457 288 0
K 0 0 43
K 0 0 60
K 0 21 60
A D 2 8
J F 0 20564 98 1 4609 576 0
K 0 0 213
J N 6 20564 28 3 4609 0 0
K 0 0 43
K 0 0 54
A D 1 8
J F 0 20593 98 1 5185 288 0
K 0 0 203
J N 7 20593 0 4 5185 0 0
K 0 0 43
K 0 0 60
K 0 21 60
A D 2 8
J F 0 20631 98 1 6337 576 0
K 0 0 213
J N 6 20631 49 3 6337 0 0
K 0 0 43
K 0 0 53
A D 1 8
J B 47 20675 1 82 6913 288 0
J N 7 20696 28 5 1 0 0
K 0 0 43
K 24 -6 44
K 0 0 60
K 0 21 60
A D 3 8
J R 6 20742 28 2 1729 864 0
K 0 0 49
A D 1 8
J R 6 20771 28 2 2305 288 0
K 0 0 49
A D 1 8
J N 6 20800 7 3 2881 288 0
K 0 0 43
K 0 0 54
A D 1 8
J F 0 20840 98 1 3457 288 0
K 0 0 205
J N 7 20840 14 5 3457 0 0
K -18 0 63
K 0 0 43
K 0 0 60
K 0 21 60
A D 2 8
J N 6 20878 21 3 4609 576 0
K 0 0 43
K 0 0 54
A D 1 8
J N 7 20907 14 4 5185 288 0
K 0 0 43
K 0 0 60
K 0 21 60
A D 2 8
J N 6 20945 28 3 6337 576 0
K 0 0 43
K 0 0 54
A D 1 8
J B 48 20978 1 82 6913 288 0
J N 7 20999 7 4 1 0 0
K 0 0 43
K 0 0 60
K 0 21 60
A D 2 8
J N 6 21037 0 3 1153 576 0
K 0 0 43
K 0 0 54
A D 1 8
J N 7 21066 -7 4 1729 288 0
K 0 0 43
K 0 0 60
K 0 21 60
A D 2 8
J N 6 21104 7 3 2881 576 0
K 0 0 43
K 0 0 54
A D 1 8
J F 0 21144 98 1 3457 288 0
K 0 0 205
J N 7 21144 14 5 3457 0 0
K -18 0 63
K 0 0 43
K 0 0 60
K 0 21 60
A D 2 8
J N 6 21182 21 3 4609 576 0
K 0 0 43
K 0 0 54
A D 1 8
J N 7 21211 14 4 5185 288 0
K 0 0 43
K 0 0 60
K 0 21 60
A D 2 8
J N 6 21249 28 3 6337 576 0
K 0 0 43
K 0 0 54
A D 1 8
J B 49 21282 1 82 6913 288 0
J N 7 21303 7 4 1 0 0
K 0 0 43
K 0 0 60
K 0 21 60
A D 2 8
J N 6 21341 0 3 1153 576 0
K 0 0 43
K 0 0 54
A D 1 8
J N 7 21370 -7 4 1729 288 0
K 0 0 43
K 0 0 60
K 0 21 60
A D 2 8
J N 6 21408 7 3 2881 576 0
K 0 0 43
K 0 0 54
A D 1 8
J F 0 21437 98 1 3457 288 0
K 0 0 206
J N 7 21437 21 6 3457 0 0
K 0 0 43
K 25 0 44
K 0 68 108
K 0 0 60
K 0 21 60
A D 3 8
J R 6 21483 28 2 5185 864 0
K 0 0 49
A D 1 8
J R 6 21512 28 2 5761 288 0
K 0 0 49
A D 1 8
J F 0 21548 98 2 6337 288 0
K 0 0 205
K 0 21 204
J N 6 21548 14 4 6337 0 0
K -18 0 63
K 0 0 43
K 0 0 54
A D 1 8
J B 50 21581 1 82 6913 288 0
J F 0 21602 98 1 1 0 0
K 0 0 203
J N 7 21602 7 5 1 0 0
K 0 0 43
K 25 0 44
K 0 0 60
K 0 21 60
A D 3 8
J R 6 21648 28 2 1729 864 0
K 0 0 49
A D 1 8
J R 6 21677 28 2 2305 288 0
K 0 0 49
A D 1 8
J F 0 21706 98 1 2881 288 0
K 0 0 202
J N 6 21706 7 3 2881 0 0
K 0 0 43
K 0 0 54
A D 1 8
J F 0 21735 98 1 3457 288 0
K 0 0 206
J N 7 21735 35 7 3457 0 0
K 0 0 43
K 25 0 44
K 0 44 108
K 23 44 108
K 0 0 59
K 0 -21 59
A D 3 8
J R 6 21781 28 2 5185 864 0
K 0 0 49
A D 1 8
J R 6 21810 28 2 5761 288 0
K 0 0 49
A D 1 8
J F 0 21839 98 1 6337 288 0
K 0 0 205
J N 6 21839 35 3 6337 0 0
K 0 0 43
K 0 0 53
A D 1 8
J B 51 21883 1 82 6913 288 0
J F 0 21904 98 1 1 0 0
K 0 0 206
J N 7 21904 42 5 1 0 0
K 0 0 43
K 24 -6 44
K 0 0 59
K 0 -21 59
A D 3 8
J R 6 21950 28 2 1729 864 0
K 0 0 49
A D 1 8
J R 6 21979 28 2 2305 288 0
K 0 0 49
A D 1 8
J F 0 22008 98 1 2881 288 0
K 0 0 205
J N 6 22008 42 3 2881 0 0
K 0 0 43
K 0 0 53
A D 1 8
J N 7 22045 35 4 3457 288 0
K 0 0 43
K 0 0 59
K 0 -21 59
A D 2 8
J N 6 22083 56 3 4609 576 0
K 0 0 43
K 0 0 53
A D 1 8
J F 0 22117 98 1 5185 288 0
K 0 0 213
J N 7 22117 28 4 5185 0 0
K 0 0 43
K 0 0 60
K 0 21 60
A D 2 8
J N 6 22155 77 7 6337 576 0
K 1 -7 45
K 0 0 43
K 0 -7 45
K 1 -7 45
K 0 0 59
K 0 0 53
A D 1 8
J B 52 22199 1 82 6913 288 0
J N 7 22220 56 5 1 0 0
K 0 0 43
K 24 -6 44
K 0 0 59
K 0 -21 59
A D 3 8
J R 6 22266 28 2 1729 864 0
K 0 0 49
A D 1 8
J R 6 22295 28 2 2305 288 0
K 0 0 49
A D 1 8
J F 0 22324 98 1 2881 288 0
K 0 0 205
J N 6 22324 42 4 2881 0 0
K 0 0 43
K 0 44 110
K 0 0 53
A D 1 8
J N 7 22361 35 4 3457 288 0
K 0 0 43
K 0 0 59
K 0 -21 59
A D 2 8
J N 6 22399 42 3 4609 576 0
K 0 0 43
K 0 0 53
A D 1 8
J N 7 22436 35 4 5185 288 0
K 0 0 43
K 0 0 59
K 0 -21 59
A D 2 8
J N 6 22474 49 3 6337 576 0
K 0 0 43
K 0 0 53
A D 1 8
J B 53 22518 1 82 6913 288 0
J F 0 22539 98 1 1 0 0
K 0 0 205
J N 7 22539 42 4 1 0 0
K 0 0 43
K 0 0 59
K 0 -21 59
A D 2 8
J N 6 22577 49 3 1153 576 0
K 0 0 43
K 0 0 53
A D 1 8
J N 7 22614 42 4 1729 288 0
K 0 0 43
K 0 0 59
K 0 -21 59
A D 2 8
J N 6 22652 56 3 2881 576 0
K 0 0 43
K 0 0 53
A D 1 8
J N 7 22689 35 4 3457 288 0
K 0 0 43
K 0 0 59
K 0 -21 59
A D 2 8
J N 6 22727 42 3 4609 576 0
K 0 0 43
K 0 0 53
A D 1 8
J N 6 22764 35 2 5185 288 1 11
K 0 0 43
A D 1 8
J N 6 22793 42 2 5761 288 1 11
K 0 0 43
A D 1 8
J N 6 22822 49 2 6337 288 1 11
K 0 0 43
A D 1 8
H 11 B 0 0 108 3 2 1 3
J B 54 22855 1 82 6913 288 0
J F 0 22876 98 1 1 0 0
K 0 0 205
J N 7 22876 42 4 1 0 0
K 0 0 43
K 0 0 59
K 0 -21 59
A D 2 8
J N 6 22914 49 3 1153 576 0
K 0 0 43
K 0 0 53
A D 1 8
J N 7 22951 42 4 1729 288 0
K 0 0 43
K 0 0 59
K 0 -21 59
A D 2 8
J N 6 22989 56 3 2881 576 0
K 0 0 43
K 0 0 53
A D 1 8
J N 7 23026 35 4 3457 288 0
K 0 0 43
K 0 0 59
K 0 -21 59
A D 2 8
J N 6 23064 42 3 4609 576 0
K 0 0 43
K 0 0 53
A D 1 8
J N 7 23097 49 4 5185 288 0
K 0 0 43
K 0 0 59
K 0 -21 59
A D 2 8
J N 6 23135 56 3 6337 576 0
K 0 0 43
K 0 0 53
A D 1 8
J B 55 23179 1 82 6913 288 0
J F 0 23200 98 1 1 0 0
K 0 0 213
J N 7 23200 28 6 1 0 0
K 0 0 43
K 24 -6 44
K 0 67 108
K 0 0 60
K 0 21 60
A D 3 8
J N 7 23246 56 5 1729 864 0
K 0 0 43
K 24 -6 44
K 0 0 59
K 0 -21 59
A D 3 8
J F 0 23292 98 1 3457 864 0
K 0 0 203
J N 7 23292 28 5 3457 0 0
K 0 0 43
K 24 -6 44
K 0 0 60
K 0 21 60
A D 3 8
J R 6 23338 28 2 5185 864 0
K 0 0 49
A D 1 8
J R 6 23367 28 2 5761 288 0
K 0 0 49
A D 1 8
J F 0 23396 98 1 6337 288 0
K 0 0 213
J N 6 23396 77 7 6337 0 0
K 1 -7 45
K 0 0 43
K 0 -7 45
K 1 -7 45
K 0 0 59
K 0 0 53
A D 1 8
J B 56 23440 1 82 6913 288 0
J N 7 23461 56 5 1 0 0
K 0 0 43
K 24 -6 44
K 0 0 59
K 0 -21 59
A D 3 8
J R 7 23507 28 2 1729 864 0
K 0 0 48
A D 2 8
J R 6 23545 28 2 2881 576 0
K 0 0 49
A D 1 8
J F 0 23574 98 1 3457 288 0
K 0 0 213
J N 7 23574 77 10 3457 0 0
K 1 -7 45
K 0 0 43
K 0 -7 45
K 1 -7 45
K 25 0 44
K 0 29 108
K 23 29 108
K 0 0 59
K 0 -21 59
A D 3 8
J R 7 23620 28 2 5185 864 0
K 0 0 48
A D 2 8
J R 6 23658 28 2 6337 576 0
K 0 0 49
A D 1 8
J B 57 23691 1 82 6913 288 0
J N 7 23712 56 5 1 0 0
K 0 0 43
K 24 -6 44
K 0 0 59
K 0 -21 59
A D 3 8
J R 7 23758 28 2 1729 864 0
K 0 0 48
A D 2 8
J R 6 23796 28 2 2881 576 0
K 0 0 49
A D 1 8
J R 8 23825 28 3 3457 288 0
K 0 0 47
K 2 -35 101
A D 6 8
J B 0 23895 6 2 6913 1728 0
K -13 0 82
K -6 0 84
J M 0 23895 0 0 10000 0 0
