@ SOURCE: not identified 
L 0 0 14 !39Violino 1 concerto grosso
J D 4 500 -120 1 6913 0 0
W 0 0 44 V.
J D 1 75 -37 1 6913 0 0
W 0 -56 44 V.:  Violino 1 concerto grosso
J C 4 5 42 2 6913 0 0
K 0 0 33
K 0 0 34
J K -1 57 0 1 6913 0 0
K 0 28 65
J D 5 86 -42 1 6913 0 0
W 0 0 37 Allegro
J T 0 86 42 1 6913 0 0
K 0 0 38
J R 8 137 28 2 1 0 0
K 0 0 47
A D 4 8
J B 1 179 1 82 6913 1152 0
J R 9 200 28 2 1 10000 0
K 0 0 46
A D 8 8
J B 2 305 1 82 6913 2304 0
J R 8 326 28 2 1 0 0
K 0 0 47
A D 4 8
J N 7 364 14 4 3457 1152 0
K 0 0 43
K 0 0 60
K 0 21 60
A D 2 8
J N 7 393 14 4 5185 576 0
K 0 0 43
K 0 0 60
K 0 21 60
A D 2 8
J B 3 426 1 82 6913 576 0
J N 7 447 14 4 1 0 0
K 0 0 43
K 0 0 60
K 0 21 60
A D 2 8
J N 7 480 49 5 1729 576 0
K -18 0 63
K 0 0 43
K 0 0 59
K 0 -21 59
A D 2 8
J N 8 509 42 4 3457 576 0
K 0 0 42
K 0 0 59
K 0 -21 59
A D 4 8
J B 4 551 1 82 6913 1152 0
J N 8 578 49 5 1 0 0
K -18 0 63
K 0 0 42
K 0 0 59
K 0 -21 59
A D 4 8
J R 8 616 28 2 3457 1152 0
K 0 0 47
A D 4 8
J B 5 658 1 82 6913 1152 0
J R 9 679 28 2 1 10000 0
K 0 0 46
A D 8 8
J B 6 784 1 82 6913 2304 0
J R 8 805 28 2 1 0 0
K 0 0 47
A D 4 8
J N 7 843 14 4 3457 1152 0
K 0 0 43
K 0 0 60
K 0 21 60
A D 2 8
J N 7 872 14 4 5185 576 0
K 0 0 43
K 0 0 60
K 0 21 60
A D 2 8
J B 7 905 1 82 6913 576 0
J N 7 926 14 4 1 0 0
K 0 0 43
K 0 0 60
K 0 21 60
A D 2 8
J N 7 959 49 5 1729 576 0
K -18 0 63
K 0 0 43
K 0 0 59
K 0 -21 59
A D 2 8
J N 8 988 42 4 3457 576 0
K 0 0 42
K 0 0 59
K 0 -21 59
A D 4 8
J B 8 1030 1 82 6913 1152 0
J N 8 1057 49 5 1 0 0
K -18 0 63
K 0 0 42
K 0 0 59
K 0 -21 59
A D 4 8
J R 8 1095 28 2 3457 1152 0
K 0 0 47
A D 4 8
J B 9 1137 1 82 6913 1152 0
J R 9 1158 28 2 1 10000 0
K 0 0 46
A D 8 8
J B 10 1263 1 82 6913 2304 0
J R 8 1284 28 2 1 0 0
K 0 0 47
A D 4 8
J N 7 1322 -7 5 3457 1152 0
K 0 0 43
K 25 0 44
K 0 0 60
K 0 21 60
A D 3 8
J N 6 1360 0 3 6049 864 0
K 0 0 43
K 0 0 54
A D 1 8
J B 11 1393 1 82 6913 288 0
J N 6 1418 7 3 1 0 1 1
K -15 0 65
K 0 0 43
A D 1 8
J N 6 1447 -7 2 865 288 1 1
K 0 0 43
A D 1 8
J N 6 1476 0 2 1729 288 1 1
K 0 0 43
A D 1 8
J N 6 1505 7 2 2593 288 1 1
K 0 0 43
A D 1 8
H 1 B 1 0 108 4 2 1 1 3
J N 8 1534 14 4 3457 288 0
K 0 0 42
K 0 0 60
K 0 21 60
A D 4 8
J B 12 1576 1 82 6913 1152 0
J N 8 1597 21 4 1 0 0
K 0 0 42
K 0 0 60
K 0 21 60
A D 4 8
J R 8 1635 28 2 3457 1152 0
K 0 0 47
A D 4 8
J B 13 1677 1 82 6913 1152 0
J R 8 1698 28 2 1 0 0
K 0 0 47
A D 4 8
J N 7 1747 7 5 3457 1152 0
K -15 0 65
K 0 0 43
K 0 0 60
K 0 21 60
A D 2 8
J N 7 1776 14 4 5185 576 0
K 0 0 43
K 0 0 60
K 0 21 60
A D 2 8
J B 14 1809 1 82 6913 576 0
J N 7 1834 7 5 1 0 0
K -15 0 65
K 0 0 43
K 0 0 60
K 0 21 60
A D 2 8
J N 7 1863 14 4 1729 576 0
K 0 0 43
K 0 0 60
K 0 21 60
A D 2 8
J R 8 1892 28 2 3457 576 0
K 0 0 47
A D 4 8
J B 15 1934 1 82 6913 1152 0
J R 8 1955 28 2 1 0 0
K 0 0 47
A D 4 8
J N 7 1993 0 4 3457 1152 0
K 0 0 43
K 0 0 60
K 0 21 60
A D 2 8
J N 7 2022 7 4 5185 576 0
K 0 0 43
K 0 0 60
K 0 21 60
A D 2 8
J B 16 2055 1 82 6913 576 0
J N 7 2076 0 4 1 0 0
K 0 0 43
K 0 0 60
K 0 21 60
A D 2 8
J N 7 2105 7 4 1729 576 0
K 0 0 43
K 0 0 60
K 0 21 60
A D 2 8
J R 8 2134 28 2 3457 576 0
K 0 0 47
A D 4 8
J B 17 2176 1 82 6913 1152 0
J N 7 2197 -21 7 1 0 0
K 0 7 45
K 0 0 43
K 0 7 45
K 1 7 45
K 0 0 60
K 0 21 60
A D 2 8
J N 7 2226 -14 7 1729 576 0
K 0 0 45
K 0 0 43
K -1 0 45
K 2 0 45
K 0 0 60
K 0 21 60
A D 2 8
J R 8 2255 28 2 3457 576 0
K 0 0 47
A D 4 8
J B 18 2297 1 82 6913 1152 0
J N 7 2318 -7 4 1 0 0
K 0 0 43
K 0 0 60
K 0 21 60
A D 2 8
J N 7 2347 0 4 1729 576 0
K 0 0 43
K 0 0 60
K 0 21 60
A D 2 8
J R 8 2376 28 2 3457 576 0
K 0 0 47
A D 4 8
J B 19 2418 1 82 6913 1152 0
J N 7 2445 21 5 1 0 0
K -18 0 63
K 0 0 43
K 0 0 60
K 0 21 60
A D 2 8
J N 8 2474 14 4 1729 576 0
K 0 0 42
K 0 0 60
K 0 21 60
A D 4 8
J N 7 2512 21 4 5185 1152 0
K 0 0 43
K 0 0 60
K 0 21 60
A D 2 8
J B 20 2545 1 82 6913 576 0
J N 8 2566 14 4 1 0 0
K 0 0 42
K 0 0 60
K 0 21 60
A D 4 8
J R 8 2604 28 2 3457 1152 0
K 0 0 47
A D 4 8
J B 21 2646 1 82 6913 1152 0
J N 7 2667 -21 8 1 0 0
K 0 7 45
K 0 0 43
K 0 7 45
K 1 7 45
K 0 99 108
K 0 0 60
K 0 21 60
A D 2 8
J N 7 2696 -14 7 1729 576 0
K 0 0 45
K 0 0 43
K -1 0 45
K 2 0 45
K 0 0 60
K 0 21 60
A D 2 8
J R 8 2725 28 2 3457 576 0
K 0 0 47
A D 4 8
J B 22 2767 1 82 6913 1152 0
J N 7 2788 -7 4 1 0 0
K 0 0 43
K 0 0 60
K 0 21 60
A D 2 8
J N 7 2817 0 4 1729 576 0
K 0 0 43
K 0 0 60
K 0 21 60
A D 2 8
J R 8 2846 28 2 3457 576 0
K 0 0 47
A D 4 8
J B 23 2888 1 82 6913 1152 0
J N 7 2915 21 5 1 0 0
K -18 0 63
K 0 0 43
K 0 0 60
K 0 21 60
A D 2 8
J N 8 2944 14 4 1729 576 0
K 0 0 42
K 0 0 60
K 0 21 60
A D 4 8
J N 7 2982 21 4 5185 1152 0
K 0 0 43
K 0 0 60
K 0 21 60
A D 2 8
J B 24 3015 1 82 6913 576 0
J N 8 3036 14 4 1 0 0
K 0 0 42
K 0 0 60
K 0 21 60
A D 4 8
J B 0 3100 10 6 6913 1152 0
K -22 21 44
K -22 35 44
K -12 0 84
K 0 0 84
K 11 21 44
K 11 35 44
J R 8 3137 28 2 1 0 0
K 0 0 47
A D 4 8
J B 25 3179 1 82 6913 1152 0
J R 9 3200 28 2 1 10000 0
K 0 0 46
A D 8 8
J B 26 3305 1 82 6913 2304 0
J R 8 3326 28 2 1 0 0
K 0 0 47
A D 4 8
J N 7 3364 0 4 3457 1152 1 2
K 0 0 43
K 0 0 60
K 0 21 60
A D 2 8
J N 7 3393 -7 4 5185 576 1 2
K 0 0 43
K 0 0 60
K 0 21 60
A D 2 8
H 2 S 0 0 0 0 0 0 0 0 0
J B 27 3426 1 82 6913 576 0
J N 7 3447 0 4 1 0 1 3
K 0 0 43
K 0 0 60
K 0 21 60
A D 2 8
J N 7 3476 -7 4 1729 576 1 3
K 0 0 43
K 0 0 60
K 0 21 60
A D 2 8
H 3 S 0 0 0 0 0 0 0 0 0
J N 7 3505 0 4 3457 576 1 4
K 0 0 43
K 0 0 60
K 0 21 60
A D 2 8
J N 7 3534 -7 4 5185 576 1 4
K 0 0 43
K 0 0 60
K 0 21 60
A D 2 8
H 4 S 0 0 0 0 0 0 0 0 0
J B 28 3567 1 82 6913 576 0
J N 7 3588 0 4 1 0 0
K 0 0 43
K 0 0 60
K 0 21 60
A D 2 8
J N 7 3617 28 4 1729 576 0
K 0 0 43
K 0 0 60
K 0 21 60
A D 2 8
J R 8 3646 28 2 3457 576 0
K 0 0 47
A D 4 8
J B 29 3688 1 82 6913 1152 0
J R 9 3709 28 2 1 10000 0
K 0 0 46
A D 8 8
J B 30 3814 1 82 6913 2304 0
J R 8 3835 28 2 1 0 0
K 0 0 47
A D 4 8
J N 7 3873 0 4 3457 1152 0
K 0 0 43
K 0 0 60
K 0 21 60
A D 2 8
J N 7 3902 28 4 5185 576 0
K 0 0 43
K 0 0 60
K 0 21 60
A D 2 8
J B 31 3935 1 82 6913 576 0
J N 7 3956 21 4 1 0 1 5
K 0 0 43
K 0 0 60
K 0 21 60
A D 2 8
J N 7 3985 28 4 1729 576 1 5
K 0 0 43
K 0 0 60
K 0 21 60
A D 2 8
H 5 S 0 0 0 0 0 0 0 0 0
J R 8 4014 28 2 3457 576 0
K 0 0 47
A D 4 8
J B 32 4056 1 82 6913 1152 0
J R 8 4077 28 2 1 0 0
K 0 0 47
A D 4 8
J N 7 4115 21 4 3457 1152 1 6
K 0 0 43
K 0 0 60
K 0 21 60
A D 2 8
J N 7 4144 14 4 5185 576 1 6
K 0 0 43
K 0 0 60
K 0 21 60
A D 2 8
H 6 S 0 0 0 0 0 0 0 0 0
J B 33 4177 1 82 6913 576 0
J N 7 4202 7 5 1 0 1 7
K -15 0 65
K 0 0 43
K 0 0 60
K 0 21 60
A D 2 8
J N 7 4231 14 4 1729 576 1 7
K 0 0 43
K 0 0 60
K 0 21 60
A D 2 8
H 7 S 0 0 0 0 0 0 0 0 0
J R 8 4260 28 2 3457 576 0
K 0 0 47
A D 4 8
J B 34 4302 1 82 6913 1152 0
J R 8 4323 28 2 1 0 0
K 0 0 47
A D 4 8
J N 7 4361 0 4 3457 1152 0
K 0 0 43
K 0 0 60
K 0 21 60
A D 2 8
J N 6 4402 7 3 5185 576 1 8
K -15 0 65
K 0 0 43
A D 1 8
J N 6 4431 14 2 6049 288 1 8
K 0 0 43
A D 1 8
H 8 B 1 0 108 2 2 3
J B 35 4464 1 82 6913 288 0
J N 7 4485 21 4 1 0 0
K 0 0 43
K 0 0 60
K 0 21 60
A D 2 8
J N 7 4514 14 4 1729 576 0
K 0 0 43
K 0 0 60
K 0 21 60
A D 2 8
J N 8 4543 21 4 3457 576 0
K 0 0 42
K 0 0 60
K 0 21 60
A D 4 8
J B 36 4585 1 82 6913 1152 0
J N 8 4606 28 4 1 0 0
K 0 0 42
K 0 0 60
K 0 21 60
A D 4 8
J R 8 4644 28 2 3457 1152 0
K 0 0 47
A D 4 8
J B 37 4686 1 82 6913 1152 0
J N 8 4707 28 5 1 0 0
K 0 0 42
K 0 68 108
K 0 0 60
K 0 21 60
A D 4 8
J R 8 4745 28 2 3457 1152 0
K 0 0 47
A D 4 8
J B 38 4787 1 82 6913 1152 0
J N 8 4808 28 4 1 0 0
K 0 0 42
K 0 0 60
K 0 21 60
A D 4 8
J R 8 4846 28 2 3457 1152 0
K 0 0 47
A D 4 8
J B 39 4888 1 82 6913 1152 0
J N 7 4909 35 5 1 0 0
K 0 0 43
K 0 51 110
K 0 0 59
K 0 -21 59
A D 2 8
J N 8 4938 28 4 1729 576 0
K 0 0 42
K 0 0 60
K 0 21 60
A D 4 8
J N 7 4976 35 4 5185 1152 0
K 0 0 43
K 0 0 59
K 0 -21 59
A D 2 8
J B 40 5009 1 82 6913 576 0
J N 8 5030 28 4 1 0 0
K 0 0 42
K 0 0 60
K 0 21 60
A D 4 8
J R 8 5068 28 2 3457 1152 0
K 0 0 47
A D 4 8
J B 41 5110 1 82 6913 1152 0
J N 8 5133 28 6 1 0 0
K -14 0 64
K 0 0 42
K 0 68 108
K 0 0 60
K 0 21 60
A D 4 8
J R 8 5171 28 2 3457 1152 0
K 0 0 47
A D 4 8
J B 42 5213 1 82 6913 1152 0
J N 7 5238 28 6 1 0 0
K -14 0 64
K 0 0 43
K 0 75 110
K 0 0 60
K 0 21 60
A D 2 8
J N 8 5267 21 4 1729 576 0
K 0 0 42
K 0 0 60
K 0 21 60
A D 4 8
J N 7 5305 28 4 5185 1152 0
K 0 0 43
K 0 0 60
K 0 21 60
A D 2 8
J B 43 5338 1 82 6913 576 0
J N 8 5359 21 4 1 0 0
K 0 0 42
K 0 0 60
K 0 21 60
A D 4 8
J R 8 5397 28 2 3457 1152 0
K 0 0 47
A D 4 8
J B 44 5439 1 82 6913 1152 0
J N 8 5466 21 6 1 0 0
K -18 0 63
K 0 0 42
K 0 70 108
K 0 0 60
K 0 21 60
A D 4 8
J R 8 5504 28 2 3457 1152 0
K 0 0 47
A D 4 8
J B 45 5546 1 82 6913 1152 0
J N 7 5573 21 6 1 0 0
K -18 0 63
K 0 0 43
K 0 75 110
K 0 0 60
K 0 21 60
A D 2 8
J N 8 5602 14 4 1729 576 0
K 0 0 42
K 0 0 60
K 0 21 60
A D 4 8
J N 7 5640 21 4 5185 1152 0
K 0 0 43
K 0 0 60
K 0 21 60
A D 2 8
J B 46 5673 1 82 6913 576 0
J N 8 5694 14 4 1 0 0
K 0 0 42
K 0 0 60
K 0 21 60
A D 4 8
J R 8 5732 28 2 3457 1152 0
K 0 0 47
A D 4 8
J B 47 5774 1 82 6913 1152 0
J R 9 5795 28 2 1 10000 0
K 0 0 46
A D 8 8
J B 48 5900 1 82 6913 2304 0
J R 8 5921 28 2 1 0 0
K 0 0 47
A D 4 8
J N 7 5959 14 4 3457 1152 0
K 0 0 43
K 0 0 60
K 0 21 60
A D 2 8
J N 7 5988 14 4 5185 576 0
K 0 0 43
K 0 0 60
K 0 21 60
A D 2 8
J B 49 6021 1 82 6913 576 0
J N 7 6042 14 4 1 0 0
K 0 0 43
K 0 0 60
K 0 21 60
A D 2 8
J N 7 6075 49 5 1729 576 0
K -18 0 63
K 0 0 43
K 0 0 59
K 0 -21 59
A D 2 8
J N 8 6104 42 4 3457 576 0
K 0 0 42
K 0 0 59
K 0 -21 59
A D 4 8
J B 50 6146 1 82 6913 1152 0
J N 8 6173 49 5 1 0 0
K -18 0 63
K 0 0 42
K 0 0 59
K 0 -21 59
A D 4 8
J R 8 6211 28 2 3457 1152 0
K 0 0 47
A D 4 8
J B 51 6253 1 82 6913 1152 0
J R 9 6274 28 2 1 10000 0
K 0 0 46
A D 8 8
J B 52 6379 1 82 6913 2304 0
J R 8 6400 28 2 1 0 0
K 0 0 47
A D 4 8
J N 7 6438 -7 4 3457 1152 1 9
K 0 0 43
K 0 0 60
K 0 21 60
A D 2 8
J N 7 6467 0 4 5185 576 1 9
K 0 0 43
K 0 0 60
K 0 21 60
A D 2 8
H 9 S 0 0 0 0 0 0 0 0 0
J B 53 6500 1 82 6913 576 0
J N 7 6525 7 5 1 0 1 10
K -15 0 65
K 0 0 43
K 0 0 60
K 0 21 60
A D 2 8
J N 7 6554 14 4 1729 576 1 10
K 0 0 43
K 0 0 60
K 0 21 60
A D 2 8
H 10 S 0 0 0 0 0 0 0 0 0
J N 7 6583 21 4 3457 576 1 11
K 0 0 43
K 0 0 60
K 0 21 60
A D 2 8
J N 7 6612 28 4 5185 576 1 11
K 0 0 43
K 0 0 60
K 0 21 60
A D 2 8
H 11 S 0 0 0 0 0 0 0 0 0
J B 54 6645 1 82 6913 576 0
J N 8 6666 35 4 1 0 0
K 0 0 42
K 0 0 59
K 0 -21 59
A D 4 8
J R 8 6704 28 2 3457 1152 0
K 0 0 47
A D 4 8
J B 55 6746 1 82 6913 1152 0
J R 9 6767 28 2 1 10000 0
K 0 0 46
A D 8 8
J B 56 6872 1 82 6913 2304 0
J R 7 6893 28 2 1 0 0
K 0 0 48
A D 2 8
J N 7 6922 14 4 1729 576 0
K 0 0 43
K 0 0 60
K 0 21 60
A D 2 8
J N 8 6951 -7 4 3457 576 1 12
K 0 0 42
K 0 0 60
K 0 21 60
A D 4 8
J B 57 6993 1 82 6913 1152 0
J N 7 7014 -7 4 1 0 1 12
K 0 0 43
K 0 0 60
K 0 21 60
A D 2 8
H 12 T -7 0 0 0 0 0 1 0
J N 7 7043 14 4 1729 576 0
K 0 0 43
K 0 0 60
K 0 21 60
A D 2 8
J N 8 7072 -7 4 3457 576 1 13
K 0 0 42
K 0 0 60
K 0 21 60
A D 4 8
J B 58 7114 1 82 6913 1152 0
J N 7 7135 -7 4 1 0 1 13
K 0 0 43
K 0 0 60
K 0 21 60
A D 2 8
H 13 T -7 0 0 0 0 0 1 0
J N 7 7164 14 4 1729 576 0
K 0 0 43
K 0 0 60
K 0 21 60
A D 2 8
J N 7 7193 -7 4 3457 576 0
K 0 0 43
K 0 0 60
K 0 21 60
A D 2 8
J N 7 7222 14 4 5185 576 0
K 0 0 43
K 0 0 60
K 0 21 60
A D 2 8
J B 59 7255 1 82 6913 576 0
J N 7 7282 0 5 1 0 0
K -18 0 63
K 0 0 43
K 0 0 60
K 0 21 60
A D 2 8
J N 8 7311 -7 4 1729 576 0
K 0 0 42
K 0 0 60
K 0 21 60
A D 4 8
J N 7 7349 0 4 5185 1152 0
K 0 0 43
K 0 0 60
K 0 21 60
A D 2 8
J B 60 7382 1 82 6913 576 0
J N 8 7403 -7 4 1 0 0
K 0 0 42
K 0 0 60
K 0 21 60
A D 4 8
J N 8 7441 42 4 3457 1152 0
K 0 0 42
K 0 0 59
K 0 -21 59
A D 4 8
J B 61 7483 1 82 6913 1152 0
J R 8 7504 28 2 1 0 0
K 0 0 47
A D 4 8
J N 8 7542 42 4 3457 1152 0
K 0 0 42
K 0 0 59
K 0 -21 59
A D 4 8
J B 62 7584 1 82 6913 1152 0
J R 8 7605 28 2 1 0 0
K 0 0 47
A D 4 8
J N 8 7643 42 5 3457 1152 0
K 0 0 42
K 0 37 108
K 0 0 59
K 0 -21 59
A D 4 8
J B 63 7685 1 82 6913 1152 0
J R 8 7706 28 2 1 0 0
K 0 0 47
A D 4 8
J N 8 7744 42 4 3457 1152 0
K 0 0 42
K 0 0 59
K 0 -21 59
A D 4 8
J B 64 7786 1 82 6913 1152 0
J R 8 7807 28 2 1 0 0
K 0 0 47
A D 4 8
J N 7 7845 42 4 3457 1152 0
K 0 0 43
K 0 0 59
K 0 -21 59
A D 2 8
J N 7 7886 7 6 5185 576 0
K -15 0 65
K 0 0 43
K 0 78 110
K 0 0 60
K 0 21 60
A D 2 8
J B 65 7919 1 82 6913 576 0
J N 7 7946 49 5 1 0 0
K -18 0 63
K 0 0 43
K 0 0 59
K 0 -21 59
A D 2 8
J N 8 7975 42 4 1729 576 0
K 0 0 42
K 0 0 59
K 0 -21 59
A D 4 8
J N 7 8013 49 4 5185 1152 0
K 0 0 43
K 0 0 59
K 0 -21 59
A D 2 8
J B 66 8046 1 82 6913 576 0
J N 8 8067 42 4 1 0 0
K 0 0 42
K 0 0 59
K 0 -21 59
A D 4 8
J R 7 8105 28 2 3457 1152 0
K 0 0 48
A D 2 8
J N 7 8142 7 6 5185 576 0
K -15 0 65
K 0 0 43
K 0 74 108
K 0 0 60
K 0 21 60
A D 2 8
J B 67 8175 1 82 6913 576 0
J N 7 8202 49 5 1 0 0
K -18 0 63
K 0 0 43
K 0 0 59
K 0 -21 59
A D 2 8
J N 8 8231 42 4 1729 576 0
K 0 0 42
K 0 0 59
K 0 -21 59
A D 4 8
J N 7 8269 49 4 5185 1152 0
K 0 0 43
K 0 0 59
K 0 -21 59
A D 2 8
J B 68 8302 1 82 6913 576 0
J N 8 8323 42 5 1 0 1 14
K 0 0 42
K 24 -6 44
K 0 0 59
K 0 -21 59
A D 6 8
J B 69 8381 5 2 6913 1728 0
K -8 0 82
K 0 0 82
J C 4 8386 42 2 6913 0 0
K 0 0 33
K 0 0 34
J K 0 8438 0 1 6913 0 0
K 0 28 64
J D 5 8467 -42 1 6913 0 0
W 0 0 37 Largo
J T 1208 8488 0 3 6913 0 0
K 0 28 73
K -21 28 72
K -10 56 79
J N 8 8527 42 13 1 0 1 14
K 1 28 45
K 1 42 45
K 0 0 42
K 24 -6 44
K 0 49 42
K 0 42 45
K 1 42 45
K 25 49 44
K 0 49 59
K 0 21 59
K 0 0 59
K 0 -21 59
A D 6 8
H 14 T 42 0 0 0 0 0 7 0
J N 8 8595 42 13 3457 1728 0
K 1 28 45
K 1 42 45
K 0 0 42
K 24 -6 44
K 0 49 42
K 0 42 45
K 1 42 45
K 25 49 44
K 0 49 59
K 0 21 59
K 0 0 59
K 0 -21 59
A D 6 8
J B 2 8667 1 82 6913 1728 0
J N 8 8688 42 13 1 0 0
K 1 28 45
K 1 42 45
K 0 0 42
K 24 -6 44
K 0 49 42
K 0 42 45
K 1 42 45
K 25 49 44
K 0 49 59
K 0 21 59
K 0 0 59
K 0 -21 59
A D 6 8
J N 7 8756 70 8 3457 1728 0
K 1 0 45
K 0 0 43
K -1 0 45
K 2 0 45
K 24 -6 44
K 0 0 59
K 0 -21 59
A D 3 8
J N 7 8802 63 5 5185 864 0
K 0 0 43
K 25 0 44
K 0 0 59
K 0 -21 59
A D 3 8
J B 3 8852 1 82 6913 864 0
J N 7 8873 91 10 1 0 0
K 1 -21 45
K 1 -7 45
K 0 0 43
K 0 -7 45
K 1 -7 45
K 25 0 44
K 0 0 59
K 0 -28 59
K 0 -35 59
A D 3 8
J R 7 8919 28 2 1729 864 0
K 0 0 48
A D 2 8
J R 6 8957 28 2 2881 576 0
K 0 0 49
A D 1 8
J N 8 8986 14 9 3457 288 0
K 0 0 42
K 24 -6 44
K 0 49 42
K 25 49 44
K 0 49 59
K 0 21 59
K 0 0 59
K 0 -14 59
A D 6 8
J B 4 9058 1 82 6913 1728 0
J N 8 9079 14 9 1 0 0
K 0 0 42
K 24 -6 44
K 0 49 42
K 25 49 44
K 0 49 59
K 0 21 59
K 0 0 59
K 0 -14 59
A D 6 8
J N 8 9147 14 9 3457 1728 0
K 0 0 42
K 24 -6 44
K 0 49 42
K 25 49 44
K 0 49 59
K 0 21 59
K 0 0 59
K 0 -14 59
A D 6 8
J B 5 9219 1 82 6913 1728 0
J N 7 9240 91 10 1 0 0
K 1 -21 45
K 1 -7 45
K 0 0 43
K 0 -7 45
K 1 -7 45
K 25 0 44
K 0 0 59
K 0 -28 59
K 0 -35 59
A D 3 8
J N 7 9286 84 9 1729 864 0
K 1 -14 45
K 1 0 45
K 0 0 43
K -1 0 45
K 2 0 45
K 24 -6 44
K 0 0 59
K 0 -28 59
A D 3 8
J N 7 9332 63 5 3457 864 0
K 0 0 43
K 25 0 44
K 0 0 59
K 0 -21 59
A D 3 8
J R 7 9378 28 2 5185 864 0
K 0 0 48
A D 2 8
J R 6 9416 28 2 6337 576 0
K 0 0 49
A D 1 8
J B 6 9449 1 82 6913 288 0
J N 8 9470 -7 5 1 0 0
K 0 0 42
K 25 0 44
K 0 0 60
K 0 21 60
A D 6 8
J N 8 9538 -7 5 3457 1728 0
K 0 0 42
K 25 0 44
K 0 0 60
K 0 21 60
A D 6 8
J B 7 9610 1 82 6913 1728 0
J N 8 9631 -7 5 1 0 0
K 0 0 42
K 25 0 44
K 0 0 60
K 0 21 60
A D 6 8
J N 7 9699 -7 5 3457 1728 0
K 0 0 43
K 25 0 44
K 0 0 60
K 0 21 60
A D 3 8
J N 7 9755 0 6 5185 864 0
K -18 0 63
K 0 0 43
K 24 -6 44
K 0 0 60
K 0 21 60
A D 3 8
J B 8 9805 1 82 6913 864 0
J N 7 9826 -7 5 1 0 0
K 0 0 43
K 25 0 44
K 0 0 60
K 0 21 60
A D 3 8
J R 7 9872 28 2 1729 864 0
K 0 0 48
A D 2 8
J R 6 9910 28 2 2881 576 0
K 0 0 49
A D 1 8
J R 8 9939 28 2 3457 288 0
K 0 0 47
A D 6 8
J B 9 9996 1 82 6913 1728 0
J R 9 10017 28 2 1 10000 0
K 0 0 46
A D 12 8
J B 10 10122 1 82 6913 3456 0
J R 9 10143 28 2 1 10000 0
K 0 0 46
A D 12 8
J B 11 10248 1 82 6913 3456 0
J R 7 10269 28 2 1 0 0
K 0 0 48
A D 2 8
J R 6 10307 28 2 1153 576 0
K 0 0 49
A D 1 8
J R 7 10336 28 2 1729 288 0
K 0 0 48
A D 2 8
J N 6 10378 0 4 2881 576 0
K -18 0 63
K 0 0 43
K 0 0 54
A D 1 8
J N 6 10407 28 2 3457 288 1 15
K 0 0 43
A D 1 8
J N 6 10451 21 3 4033 288 1 15
K -18 0 63
K 0 0 43
A D 1 8
J N 6 10480 14 2 4609 288 1 15
K 0 0 43
A D 1 8
H 15 B 1 0 108 3 2 1 3
J N 6 10509 35 2 5185 288 1 16
K 0 0 43
A D 1 8
J N 6 10538 14 2 5761 288 1 16
K 0 0 43
A D 1 8
J N 6 10567 21 2 6337 288 1 16
K 0 0 43
A D 1 8
H 16 B 1 0 108 3 2 1 3
J B 12 10600 1 82 6913 288 0
J N 7 10621 14 5 1 0 0
K 0 0 43
K 24 -6 44
K 0 0 60
K 0 21 60
A D 3 8
J R 6 10667 28 2 1729 864 0
K 0 0 49
A D 1 8
J R 6 10696 28 2 2305 288 0
K 0 0 49
A D 1 8
J N 6 10725 35 3 2881 288 0
K 0 0 43
K 0 0 53
A D 1 8
J N 7 10762 28 4 3457 288 1 17
K 0 0 43
K 0 0 60
K 0 21 60
A D 2 8
J N 6 10800 35 3 4609 576 1 17
K 0 0 43
K 0 0 53
A D 1 8
H 17 S 0 0 0 0 0 0 0 0 0
J N 6 10837 28 2 5185 288 2 18 19
K 0 0 43
A D 1 8
J N 6 10866 35 2 5761 288 1 19
K 0 0 43
A D 1 8
J N 6 10895 42 2 6337 288 2 19 18
K 0 0 43
A D 1 8
H 19 B 0 0 108 3 2 1 3
H 18 S 12 0 0 0 0 0 0 0 0
J B 13 10928 1 82 6913 288 0
J N 7 10949 35 4 1 0 0
K 0 0 43
K 0 0 59
K 0 -21 59
A D 2 8
J N 6 10992 49 4 1153 576 0
K -18 0 63
K 0 0 43
K 0 0 53
A D 1 8
J R 6 11032 28 2 1729 288 0
K 0 0 49
A D 1 8
J R 6 11061 28 2 2305 288 0
K 0 0 49
A D 1 8
J N 6 11090 14 3 2881 288 0
K 0 0 43
K 0 0 54
A D 1 8
J N 7 11119 7 4 3457 288 1 20
K 0 0 43
K 0 0 60
K 0 21 60
A D 2 8
J N 6 11157 14 3 4609 576 1 20
K 0 0 43
K 0 0 54
A D 1 8
H 20 S 0 0 0 0 0 0 0 0 0
J N 6 11186 7 2 5185 288 2 21 22
K 0 0 43
A D 1 8
J N 6 11215 14 2 5761 288 1 22
K 0 0 43
A D 1 8
J N 6 11244 21 2 6337 288 2 22 21
K 0 0 43
A D 1 8
H 22 B 1 0 108 3 2 1 3
H 21 S 0 0 0 0 0 0 0 0 0
J B 14 11277 1 82 6913 288 0
J N 7 11298 14 4 1 0 0
K 0 0 43
K 0 0 60
K 0 21 60
A D 2 8
J N 6 11336 28 3 1153 576 0
K 0 0 43
K 0 0 54
A D 1 8
J R 6 11365 28 2 1729 288 0
K 0 0 49
A D 1 8
J R 6 11394 28 2 2305 288 0
K 0 0 49
A D 1 8
J N 6 11423 14 3 2881 288 0
K 0 0 43
K 0 0 54
A D 1 8
J N 7 11452 -7 4 3457 288 1 23
K 0 0 43
K 0 0 60
K 0 21 60
A D 2 8
J N 6 11490 21 3 4609 576 1 23
K 0 0 43
K 0 0 54
A D 1 8
H 23 S 0 0 0 0 0 0 0 0 0
J N 7 11533 0 5 5185 288 1 24
K -18 0 63
K 0 0 43
K 0 0 60
K 0 21 60
A D 2 8
J N 6 11571 28 3 6337 576 1 24
K 0 0 43
K 0 0 54
A D 1 8
H 24 S 0 0 0 0 0 0 0 0 0
J B 15 11604 1 82 6913 288 0
J N 7 11625 7 4 1 0 1 25
K 0 0 43
K 0 0 60
K 0 21 60
A D 2 8
J N 6 11663 35 3 1153 576 1 25
K 0 0 43
K 0 0 53
A D 1 8
H 25 S 0 0 0 0 0 0 0 0 0
J N 7 11700 14 4 1729 288 1 26
K 0 0 43
K 0 0 60
K 0 21 60
A D 2 8
J N 6 11738 42 3 2881 576 1 26
K 0 0 43
K 0 0 53
A D 1 8
H 26 S 0 0 0 0 0 0 0 0 0
J N 7 11775 21 5 3457 288 0
K 0 0 43
K 25 0 44
K 0 0 60
K 0 21 60
A D 3 8
J N 7 11821 28 5 5185 864 0
K 0 0 43
K 24 -6 44
K 0 0 60
K 0 21 60
A D 3 8
J B 16 11871 1 82 6913 864 0
J N 7 11892 35 5 1 0 0
K 0 0 43
K 25 0 44
K 0 0 59
K 0 -21 59
A D 3 8
J R 7 11938 28 2 1729 864 0
K 0 0 48
A D 2 8
J R 6 11976 28 2 2881 576 0
K 0 0 49
A D 1 8
J R 8 12005 28 2 3457 288 0
K 0 0 47
A D 6 8
J B 17 12062 1 82 6913 1728 0
J R 9 12083 28 2 1 10000 0
K 0 0 46
A D 12 8
J B 18 12188 1 82 6913 3456 0
J R 9 12209 28 2 1 10000 0
K 0 0 46
A D 12 8
J B 19 12314 1 82 6913 3456 0
J R 7 12335 28 2 1 0 0
K 0 0 48
A D 2 8
J R 6 12373 28 2 1153 576 0
K 0 0 49
A D 1 8
J R 6 12402 28 2 1729 288 0
K 0 0 49
A D 1 8
J R 6 12431 28 2 2305 288 0
K 0 0 49
A D 1 8
J N 6 12460 14 3 2881 288 0
K 0 0 43
K 0 0 54
A D 1 8
J N 6 12489 21 2 3457 288 2 27 28
K 0 0 43
A D 1 8
J N 6 12518 14 2 4033 288 1 28
K 0 0 43
A D 1 8
J N 6 12547 28 2 4609 288 2 28 27
K 0 0 43
A D 1 8
H 28 B 1 0 108 3 2 1 3
H 27 S 0 0 -7 0 -7 0 0 0 0
J N 7 12576 35 5 5185 288 0
K 0 0 43
K 25 0 44
K 0 0 59
K 0 -21 59
A D 3 8
J B 20 12626 1 82 6913 864 0
J N 7 12647 42 4 1 0 0
K 0 0 43
K 0 0 59
K 0 -21 59
A D 2 8
J N 6 12685 14 3 1153 576 0
K 0 0 43
K 0 0 54
A D 1 8
J N 7 12714 -7 5 1729 288 0
K 0 0 43
K 25 0 44
K 0 0 60
K 0 21 60
A D 3 8
J R 6 12760 28 2 3457 864 0
K 0 0 49
A D 1 8
J R 6 12789 28 2 4033 288 0
K 0 0 49
A D 1 8
J N 6 12818 7 3 4609 288 0
K 0 0 43
K 0 0 54
A D 1 8
J N 7 12847 -14 8 5185 288 0
K 0 0 45
K 0 0 43
K -1 0 45
K 2 0 45
K 24 -6 44
K 0 0 60
K 0 21 60
A D 3 8
J B 21 12897 1 82 6913 864 0
J R 6 12918 28 2 1 0 0
K 0 0 49
A D 1 8
J R 6 12947 28 2 577 288 0
K 0 0 49
A D 1 8
J N 6 12986 0 4 1153 288 0
K -18 0 63
K 0 0 43
K 0 0 54
A D 1 8
J N 7 13015 -21 8 1729 288 0
K 0 7 45
K 0 0 43
K 0 7 45
K 1 7 45
K 25 0 44
K 0 0 60
K 0 21 60
A D 3 8
J R 6 13061 28 2 3457 864 0
K 0 0 49
A D 1 8
J R 6 13090 28 2 4033 288 0
K 0 0 49
A D 1 8
J N 6 13119 -7 3 4609 288 0
K 0 0 43
K 0 0 54
A D 1 8
J N 7 13148 -28 9 5185 288 0
K 0 14 45
K 0 0 45
K 0 0 43
K -1 0 45
K 2 0 45
K 24 -6 44
K 0 0 60
K 0 28 60
A D 3 8
J B 22 13198 1 82 6913 864 0
J R 6 13219 28 2 1 0 0
K 0 0 49
A D 1 8
J R 6 13248 28 2 577 288 0
K 0 0 49
A D 1 8
J N 6 13277 42 3 1153 288 0
K 0 0 43
K 0 0 53
A D 1 8
J N 7 13332 49 6 1729 288 0
K -18 0 63
K 0 0 43
K 25 0 44
K 0 0 59
K 0 -21 59
A D 3 8
J N 7 13378 56 5 3457 864 0
K 0 0 43
K 24 -6 44
K 0 0 59
K 0 -21 59
A D 3 8
J N 7 13424 63 5 5185 864 0
K 0 0 43
K 25 0 44
K 0 0 59
K 0 -21 59
A D 3 8
J B 23 13474 1 82 6913 864 0
J N 7 13495 70 8 1 0 0
K 1 0 45
K 0 0 43
K -1 0 45
K 2 0 45
K 24 -6 44
K 0 0 59
K 0 -21 59
A D 3 8
J N 7 13541 77 8 1729 864 0
K 1 -7 45
K 0 0 43
K 0 -7 45
K 1 -7 45
K 25 0 44
K 0 0 59
K 0 -21 59
A D 3 8
J N 7 13587 84 9 3457 864 0
K 1 -14 45
K 1 0 45
K 0 0 43
K -1 0 45
K 2 0 45
K 24 -6 44
K 0 0 59
K 0 -28 59
A D 3 8
J R 6 13633 28 2 5185 864 0
K 0 0 49
A D 1 8
J R 6 13662 28 2 5761 288 0
K 0 0 49
A D 1 8
J N 6 13691 28 3 6337 288 0
K 0 0 43
K 0 0 54
A D 1 8
J B 24 13724 1 82 6913 288 0
J N 6 13745 56 2 1 0 2 29 30
K 0 0 43
A D 1 8
J N 6 13789 49 3 577 288 1 30
K -18 0 63
K 0 0 43
A D 1 8
J N 6 13818 42 2 1153 288 2 30 29
K 0 0 43
A D 1 8
H 30 B 0 0 108 3 2 1 3
H 29 S 12 0 0 0 0 0 0 0 0
J N 7 13847 63 4 1729 288 0
K 0 0 43
K 0 0 59
K 0 -21 59
A D 2 8
J N 6 13885 49 3 2881 576 0
K 0 0 43
K 0 0 53
A D 1 8
J N 7 13922 42 5 3457 288 0
K 0 0 43
K 24 -6 44
K 0 0 59
K 0 -21 59
A D 3 8
J N 7 13968 7 5 5185 864 0
K 0 0 43
K 25 0 44
K 0 0 60
K 0 21 60
A D 3 8
J B 25 14018 1 82 6913 864 0
J R 7 14039 28 3 1 0 0
K 0 0 48
K -2 -35 101
A D 2 8
J R 6 14077 28 2 1153 576 0
K 0 0 49
A D 1 8
J N 7 14106 14 6 1729 288 0
K 0 0 43
K 24 -6 44
K 0 70 108
K 0 0 60
K 0 21 60
A D 3 8
J R 8 14152 28 3 3457 864 0
K 0 0 47
K 2 -35 101
A D 6 8
J B 26 14209 1 82 6913 1728 0
J N 7 14230 21 5 1 0 0
K 0 0 43
K 0 75 110
K 0 0 60
K 0 21 60
A D 2 8
J N 6 14268 28 3 1153 576 0
K 0 0 43
K 0 0 54
A D 1 8
J N 7 14297 35 5 1729 288 0
K 0 0 43
K 25 0 44
K 0 0 59
K 0 -21 59
A D 3 8
J N 7 14343 42 5 3457 864 0
K 0 0 43
K 24 -6 44
K 0 0 59
K 0 -21 59
A D 3 8
J R 6 14389 28 2 5185 864 0
K 0 0 49
A D 1 8
J R 6 14418 28 2 5761 288 0
K 0 0 49
A D 1 8
J N 6 14447 28 3 6337 288 0
K 0 0 43
K 0 0 54
A D 1 8
J B 27 14480 1 82 6913 288 0
J N 7 14501 28 5 1 0 0
K 0 0 43
K 24 -6 44
K 0 0 60
K 0 21 60
A D 3 8
J N 7 14547 28 5 1729 864 0
K 0 0 43
K 24 -6 44
K 0 0 60
K 0 21 60
A D 3 8
J N 7 14593 28 5 3457 864 0
K 0 0 43
K 24 -6 44
K 0 0 60
K 0 21 60
A D 3 8
J R 6 14639 28 2 5185 864 0
K 0 0 49
A D 1 8
J R 6 14668 28 2 5761 288 0
K 0 0 49
A D 1 8
J N 6 14697 21 4 6337 288 0
K 0 0 43
K 0 68 108
K 0 0 54
A D 1 8
J B 28 14730 1 82 6913 288 0
J N 7 14751 28 5 1 0 0
K 0 0 43
K 24 -6 44
K 0 0 60
K 0 21 60
A D 3 8
J N 7 14797 21 5 1729 864 0
K 0 0 43
K 25 0 44
K 0 0 60
K 0 21 60
A D 3 8
J N 7 14843 28 5 3457 864 0
K 0 0 43
K 24 -6 44
K 0 0 60
K 0 21 60
A D 3 8
J R 6 14889 28 2 5185 864 0
K 0 0 49
A D 1 8
J R 6 14918 28 2 5761 288 0
K 0 0 49
A D 1 8
J N 6 14947 14 4 6337 288 0
K 0 0 43
K 0 74 110
K 0 0 54
A D 1 8
J B 29 14980 1 82 6913 288 0
J N 7 15007 21 6 1 0 0
K -18 0 63
K 0 0 43
K 25 0 44
K 0 0 60
K 0 21 60
A D 3 8
J N 7 15053 14 5 1729 864 0
K 0 0 43
K 24 -6 44
K 0 0 60
K 0 21 60
A D 3 8
J N 7 15099 21 5 3457 864 0
K 0 0 43
K 25 0 44
K 0 0 60
K 0 21 60
A D 3 8
J R 7 15145 28 2 5185 864 0
K 0 0 48
A D 2 8
J R 6 15183 28 2 6337 576 0
K 0 0 49
A D 1 8
J B 30 15216 1 82 6913 288 0
J R 9 15237 28 2 1 10000 0
K 0 0 46
A D 12 8
J B 31 15342 1 82 6913 3456 0
J R 7 15363 28 2 1 0 0
K 0 0 48
A D 2 8
J R 6 15401 28 2 1153 576 0
K 0 0 49
A D 1 8
J R 6 15430 28 2 1729 288 0
K 0 0 49
A D 1 8
J R 6 15459 28 2 2305 288 0
K 0 0 49
A D 1 8
J N 6 15488 28 3 2881 288 0
K 0 0 43
K 0 0 54
A D 1 8
J N 7 15532 35 5 3457 288 0
K -18 0 63
K 0 0 43
K 0 0 59
K 0 -21 59
A D 2 8
J N 6 15575 49 4 4609 576 0
K -18 0 63
K 0 0 43
K 0 0 53
A D 1 8
J N 7 15612 28 5 5185 288 0
K 0 0 43
K 24 -6 44
K 0 0 60
K 0 21 60
A D 3 8
J B 32 15662 1 82 6913 864 0
J N 7 15683 28 5 1 0 0
K 0 0 43
K 24 -6 44
K 0 0 60
K 0 21 60
A D 3 8
J N 7 15738 35 6 1729 864 0
K -18 0 63
K 0 0 43
K 25 0 44
K 0 0 59
K 0 -21 59
A D 3 8
J N 7 15784 28 5 3457 864 0
K 0 0 43
K 24 -6 44
K 0 0 60
K 0 21 60
A D 3 8
J R 7 15830 28 2 5185 864 0
K 0 0 48
A D 2 8
J R 6 15868 28 2 6337 576 0
K 0 0 49
A D 1 8
J B 33 15901 1 82 6913 288 0
J R 8 15922 28 2 1 0 0
K 0 0 47
A D 6 8
J R 6 15975 28 2 3457 1728 0
K 0 0 49
A D 1 8
J R 6 16004 28 2 4033 288 0
K 0 0 49
A D 1 8
J N 6 16043 0 4 4609 288 0
K -18 0 63
K 0 0 43
K 0 0 54
A D 1 8
J N 7 16072 -21 8 5185 288 0
K 0 7 45
K 0 0 43
K 0 7 45
K 1 7 45
K 25 0 44
K 0 0 60
K 0 21 60
A D 3 8
J B 34 16122 1 82 6913 864 0
J R 6 16143 28 2 1 0 0
K 0 0 49
A D 1 8
J R 6 16172 28 2 577 288 0
K 0 0 49
A D 1 8
J N 6 16201 28 3 1153 288 0
K 0 0 43
K 0 0 54
A D 1 8
J N 7 16230 7 5 1729 288 1 31
K 0 0 43
K 25 0 44
K 0 0 60
K 0 21 60
A D 3 8
J N 7 16276 7 4 3457 864 1 31
K 0 0 43
K 0 0 60
K 0 21 60
A D 2 8
H 31 T 7 0 0 0 0 0 1 0
J N 6 16320 0 4 4609 576 0
K -18 0 63
K 0 0 43
K 0 0 54
A D 1 8
J N 7 16349 14 4 5185 288 0
K 0 0 43
K 0 0 60
K 0 21 60
A D 2 8
J N 6 16393 21 4 6337 576 0
K -18 0 63
K 0 0 43
K 0 0 54
A D 1 8
J B 35 16426 1 82 6913 288 0
J N 7 16447 14 5 1 0 0
K 0 0 43
K 24 -6 44
K 0 0 60
K 0 21 60
A D 3 8
J N 7 16502 21 6 1729 864 0
K -18 0 63
K 0 0 43
K 25 0 44
K 0 0 60
K 0 21 60
A D 3 8
J N 8 16548 28 5 3457 864 0
K 0 0 42
K 24 -6 44
K 0 0 60
K 0 21 60
A D 6 8
J B 36 16620 1 82 6913 1728 0
J N 8 16641 42 13 1 0 0
K 1 28 45
K 1 42 45
K 0 0 42
K 24 -6 44
K 0 49 42
K 0 42 45
K 1 42 45
K 25 49 44
K 0 49 59
K 0 21 59
K 0 0 59
K 0 -21 59
A D 6 8
J N 8 16709 42 13 3457 1728 0
K 1 28 45
K 1 42 45
K 0 0 42
K 24 -6 44
K 0 49 42
K 0 42 45
K 1 42 45
K 25 49 44
K 0 49 59
K 0 21 59
K 0 0 59
K 0 -21 59
A D 6 8
J B 37 16781 1 82 6913 1728 0
J N 8 16802 42 13 1 0 0
K 1 28 45
K 1 42 45
K 0 0 42
K 24 -6 44
K 0 49 42
K 0 42 45
K 1 42 45
K 25 49 44
K 0 49 59
K 0 21 59
K 0 0 59
K 0 -21 59
A D 6 8
J N 7 16870 70 8 3457 1728 0
K 1 0 45
K 0 0 43
K -1 0 45
K 2 0 45
K 24 -6 44
K 0 0 59
K 0 -21 59
A D 3 8
J N 7 16916 63 5 5185 864 0
K 0 0 43
K 25 0 44
K 0 0 59
K 0 -21 59
A D 3 8
J B 38 16966 1 82 6913 864 0
J N 7 16987 91 10 1 0 0
K 1 -21 45
K 1 -7 45
K 0 0 43
K 0 -7 45
K 1 -7 45
K 25 0 44
K 0 0 59
K 0 -28 59
K 0 -35 59
A D 3 8
J R 7 17033 28 2 1729 864 0
K 0 0 48
A D 2 8
J R 6 17071 28 2 2881 576 0
K 0 0 49
A D 1 8
J N 8 17100 14 9 3457 288 0
K 0 0 42
K 24 -6 44
K 0 49 42
K 25 49 44
K 0 49 59
K 0 21 59
K 0 0 59
K 0 -14 59
A D 6 8
J B 39 17172 1 82 6913 1728 0
J N 8 17193 14 9 1 0 0
K 0 0 42
K 24 -6 44
K 0 49 42
K 25 49 44
K 0 49 59
K 0 21 59
K 0 0 59
K 0 -14 59
A D 6 8
J N 8 17261 14 9 3457 1728 0
K 0 0 42
K 24 -6 44
K 0 49 42
K 25 49 44
K 0 49 59
K 0 21 59
K 0 0 59
K 0 -14 59
A D 6 8
J B 40 17333 1 82 6913 1728 0
J N 7 17354 91 10 1 0 0
K 1 -21 45
K 1 -7 45
K 0 0 43
K 0 -7 45
K 1 -7 45
K 25 0 44
K 0 0 59
K 0 -28 59
K 0 -35 59
A D 3 8
J N 7 17400 84 9 1729 864 0
K 1 -14 45
K 1 0 45
K 0 0 43
K -1 0 45
K 2 0 45
K 24 -6 44
K 0 0 59
K 0 -28 59
A D 3 8
J N 7 17446 63 5 3457 864 0
K 0 0 43
K 25 0 44
K 0 0 59
K 0 -21 59
A D 3 8
J R 7 17492 28 2 5185 864 0
K 0 0 48
A D 2 8
J R 6 17530 28 2 6337 576 0
K 0 0 49
A D 1 8
J B 41 17563 1 82 6913 288 0
J N 8 17584 -7 5 1 0 0
K 0 0 42
K 25 0 44
K 0 0 60
K 0 21 60
A D 6 8
J N 8 17652 -7 5 3457 1728 0
K 0 0 42
K 25 0 44
K 0 0 60
K 0 21 60
A D 6 8
J B 42 17724 1 82 6913 1728 0
J N 8 17745 -7 5 1 0 0
K 0 0 42
K 25 0 44
K 0 0 60
K 0 21 60
A D 6 8
J N 7 17813 -7 5 3457 1728 0
K 0 0 43
K 25 0 44
K 0 0 60
K 0 21 60
A D 3 8
J N 7 17869 0 6 5185 864 0
K -18 0 63
K 0 0 43
K 24 -6 44
K 0 0 60
K 0 21 60
A D 3 8
J B 43 17919 1 82 6913 864 0
J N 7 17940 -7 5 1 0 0
K 0 0 43
K 25 0 44
K 0 0 60
K 0 21 60
A D 3 8
J R 7 17986 28 2 1729 864 0
K 0 0 48
A D 2 8
J R 6 18024 28 2 2881 576 0
K 0 0 49
A D 1 8
J R 8 18053 28 2 3457 288 0
K 0 0 47
A D 6 8
J B 44 18110 1 82 6913 1728 0
J R 9 18131 28 2 1 10000 0
K 0 0 46
A D 12 8
J B 45 18236 1 82 6913 3456 0
J R 9 18257 28 2 1 10000 0
K 0 0 46
A D 12 8
J B 46 18362 1 82 6913 3456 0
J R 7 18383 28 2 1 0 0
K 0 0 48
A D 2 8
J R 6 18421 28 2 1153 576 0
K 0 0 49
A D 1 8
J R 6 18450 28 2 1729 288 0
K 0 0 49
A D 1 8
J R 6 18479 28 2 2305 288 0
K 0 0 49
A D 1 8
J N 6 18518 0 4 2881 288 0
K -18 0 63
K 0 0 43
K 0 0 54
A D 1 8
J N 6 18547 28 2 3457 288 2 32 33
K 0 0 43
A D 1 8
J N 6 18591 21 3 4033 288 1 33
K -18 0 63
K 0 0 43
A D 1 8
J N 6 18620 14 2 4609 288 2 33 32
K 0 0 43
A D 1 8
H 33 B 1 0 108 3 2 1 3
H 32 S 0 0 0 0 0 0 0 0 0
J N 6 18649 35 2 5185 288 2 34 35
K 0 0 43
A D 1 8
J N 6 18678 14 2 5761 288 1 35
K 0 0 43
A D 1 8
J N 6 18707 21 2 6337 288 2 35 34
K 0 0 43
A D 1 8
H 35 B 1 0 108 3 2 1 3
H 34 S 0 0 -7 0 -7 0 0 0 0
J B 47 18740 1 82 6913 288 0
J N 9 18761 14 3 1 0 1 36
K 0 0 41
K 31 -6 44
A D 12 8
J B 48 18871 1 82 6913 3456 0
J N 9 18892 14 3 1 0 2 37 36
K 0 0 41
K 31 -6 44
A D 12 8
H 36 T 14 0 0 0 0 0 5 0
J B 49 19002 1 82 6913 3456 0
J N 8 19023 14 5 1 0 2 38 37
K 0 0 42
K 24 -6 44
K 0 0 60
K 0 21 60
A D 6 8
H 37 T 14 0 0 0 0 0 5 0
J N 6 19091 14 2 3457 1728 2 39 38
K 0 0 43
A D 1 8
H 38 T 14 0 0 0 0 0 5 0
J N 6 19120 21 2 4033 288 1 39
K 0 0 43
A D 1 8
J N 6 19149 28 2 4609 288 1 39
K 0 0 43
A D 1 8
H 39 B 1 0 108 3 2 1 3
J N 7 19178 21 5 5185 288 1 40
K 0 0 43
K 25 0 44
K 0 0 60
K 0 21 60
A D 3 8
J B 50 19228 1 82 6913 864 0
J N 6 19249 21 2 1 0 3 41 42 40
K 0 0 43
A D 1 8
H 40 T 21 0 0 0 0 0 1 0
J N 6 19278 28 2 577 288 1 42
K 0 0 43
A D 1 8
J N 6 19307 35 2 1153 288 2 42 41
K 0 0 43
A D 1 8
H 42 B 1 0 108 3 2 1 3
H 41 S 0 0 0 0 0 0 0 0 0
J N 7 19336 28 5 1729 288 1 43
K 0 0 43
K 24 -6 44
K 0 0 60
K 0 21 60
A D 3 8
J N 7 19382 28 4 3457 864 1 43
K 0 0 43
K 0 0 60
K 0 21 60
A D 2 8
H 43 T 28 0 0 0 0 0 5 0
J N 6 19420 56 3 4609 576 0
K 0 0 43
K 0 0 53
A D 1 8
J N 7 19457 35 5 5185 288 1 44
K 0 0 43
K 25 0 44
K 0 0 59
K 0 -21 59
A D 3 8
J B 51 19507 1 82 6913 864 0
J N 7 19528 35 4 1 0 1 44
K 0 0 43
K 0 0 59
K 0 -21 59
A D 2 8
H 44 T 35 0 0 0 0 0 9 0
J N 6 19566 63 3 1153 576 0
K 0 0 43
K 0 0 53
A D 1 8
J N 8 19603 42 5 1729 288 0
K 0 0 42
K 24 -6 44
K 0 0 59
K 0 -21 59
A D 6 8
J N 7 19671 49 7 5185 1728 0
K -18 0 63
K 0 0 43
K 25 0 44
K 0 39 110
K 0 0 59
K 0 -21 59
A D 3 8
J B 52 19721 1 82 6913 864 0
J N 8 19742 42 13 1 0 0
K 1 28 45
K 1 42 45
K 0 0 42
K 24 -6 44
K 0 49 42
K 0 42 45
K 1 42 45
K 25 49 44
K 0 49 59
K 0 21 59
K 0 0 59
K 0 -21 59
A D 6 8
J N 8 19810 42 13 3457 1728 0
K 1 28 45
K 1 42 45
K 0 0 42
K 24 -6 44
K 0 49 42
K 0 42 45
K 1 42 45
K 25 49 44
K 0 49 59
K 0 21 59
K 0 0 59
K 0 -21 59
A D 6 8
J B 53 19882 1 82 6913 1728 0
J N 8 19903 42 13 1 0 0
K 1 28 45
K 1 42 45
K 0 0 42
K 24 -6 44
K 0 49 42
K 0 42 45
K 1 42 45
K 25 49 44
K 0 49 59
K 0 21 59
K 0 0 59
K 0 -21 59
A D 6 8
J N 8 19971 42 13 3457 1728 0
K 1 28 45
K 1 42 45
K 0 0 42
K 24 -6 44
K 0 49 42
K 0 42 45
K 1 42 45
K 25 49 44
K 0 49 59
K 0 21 59
K 0 0 59
K 0 -21 59
A D 6 8
J B 54 20043 1 82 6913 1728 0
J N 8 20064 42 13 1 0 0
K 1 28 45
K 1 42 45
K 0 0 42
K 24 -6 44
K 0 49 42
K 0 42 45
K 1 42 45
K 25 49 44
K 0 49 59
K 0 21 59
K 0 0 59
K 0 -21 59
A D 6 8
J N 8 20132 42 13 3457 1728 0
K 1 28 45
K 1 42 45
K 0 0 42
K 24 -6 44
K 0 49 42
K 0 42 45
K 1 42 45
K 25 49 44
K 0 49 59
K 0 21 59
K 0 0 59
K 0 -21 59
A D 6 8
J B 55 20204 1 82 6913 1728 0
J N 7 20231 49 7 1 0 0
K -18 0 63
K 0 0 43
K 25 0 44
K 0 32 108
K 0 0 59
K 0 -21 59
A D 3 8
J N 7 20277 42 5 1729 864 0
K 0 0 43
K 24 -6 44
K 0 0 59
K 0 -21 59
A D 3 8
J N 7 20323 42 5 3457 864 0
K 0 0 43
K 24 -6 44
K 0 0 59
K 0 -21 59
A D 3 8
J R 6 20369 28 2 5185 864 0
K 0 0 49
A D 1 8
J R 6 20398 28 2 5761 288 0
K 0 0 49
A D 1 8
J N 6 20427 49 3 6337 288 0
K 0 0 43
K 0 0 53
A D 1 8
J B 56 20471 1 82 6913 288 0
J N 7 20492 42 5 1 0 0
K 0 0 43
K 24 -6 44
K 0 0 59
K 0 -21 59
A D 3 8
J R 7 20538 28 2 1729 864 0
K 0 0 48
A D 2 8
J R 6 20576 28 2 2881 576 0
K 0 0 49
A D 1 8
J N 7 20605 35 7 3457 288 0
K 0 0 43
K 25 0 44
K 0 44 108
K 23 44 108
K 0 0 59
K 0 -21 59
A D 3 8
J R 7 20651 28 2 5185 864 0
K 0 0 48
A D 2 8
J R 6 20689 28 2 6337 576 0
K 0 0 49
A D 1 8
J B 57 20722 1 82 6913 288 0
J N 7 20743 28 5 1 0 0
K 0 0 43
K 24 -6 44
K 0 0 60
K 0 21 60
A D 3 8
J R 7 20789 28 2 1729 864 0
K 0 0 48
A D 2 8
J R 6 20827 28 2 2881 576 0
K 0 0 49
A D 1 8
J R 8 20856 28 3 3457 288 0
K 0 0 47
K 2 -35 101
A D 6 8
J B 0 20926 6 2 6913 1728 0
K -13 0 82
K -6 0 84
J M 0 20926 0 0 10000 0 0
