@ SOURCE: not identified 
L 0 0 14 !39Viola
J D 4 500 -120 1 6913 0 0
W 0 0 44 V.
J D 1 75 -37 1 6913 0 0
W 0 -56 44 V.:  Viola
J C 13 5 28 35 6913 0 0
J K -1 57 0 1 6913 0 0
K 0 35 65
J D 5 86 -42 1 6913 0 0
W 0 0 37 Allegro
J T 0 86 42 1 6913 0 0
K 0 0 38
J R 8 137 28 2 1 0 0
K 0 0 47
A D 4 8
J B 1 179 1 82 6913 1152 0
J R 9 200 28 2 1 10000 0
K 0 0 46
A D 8 8
J B 2 305 1 82 6913 2304 0
J R 8 326 28 2 1 0 0
K 0 0 47
A D 4 8
J N 7 364 21 4 3457 1152 0
K 0 0 43
K 0 0 60
K 0 21 60
A D 2 8
J N 7 393 21 4 5185 576 0
K 0 0 43
K 0 0 60
K 0 21 60
A D 2 8
J B 3 426 1 82 6913 576 0
J N 7 447 21 4 1 0 0
K 0 0 43
K 0 0 60
K 0 21 60
A D 2 8
J N 7 476 21 4 1729 576 0
K 0 0 43
K 0 0 60
K 0 21 60
A D 2 8
J N 8 505 0 4 3457 576 0
K 0 0 42
K 0 0 60
K 0 21 60
A D 4 8
J B 4 547 1 82 6913 1152 0
J N 8 568 -7 4 1 0 0
K 0 0 42
K 0 0 60
K 0 21 60
A D 4 8
J R 8 606 28 2 3457 1152 0
K 0 0 47
A D 4 8
J B 5 648 1 82 6913 1152 0
J R 9 669 28 2 1 10000 0
K 0 0 46
A D 8 8
J B 6 774 1 82 6913 2304 0
J R 8 795 28 2 1 0 0
K 0 0 47
A D 4 8
J N 7 833 21 4 3457 1152 0
K 0 0 43
K 0 0 60
K 0 21 60
A D 2 8
J N 7 862 21 4 5185 576 0
K 0 0 43
K 0 0 60
K 0 21 60
A D 2 8
J B 7 895 1 82 6913 576 0
J N 7 916 21 4 1 0 0
K 0 0 43
K 0 0 60
K 0 21 60
A D 2 8
J N 7 945 21 4 1729 576 0
K 0 0 43
K 0 0 60
K 0 21 60
A D 2 8
J N 8 974 0 4 3457 576 0
K 0 0 42
K 0 0 60
K 0 21 60
A D 4 8
J B 8 1016 1 82 6913 1152 0
J N 8 1037 -7 4 1 0 0
K 0 0 42
K 0 0 60
K 0 21 60
A D 4 8
J R 8 1075 28 2 3457 1152 0
K 0 0 47
A D 4 8
J B 9 1117 1 82 6913 1152 0
J R 9 1138 28 2 1 10000 0
K 0 0 46
A D 8 8
J B 10 1243 1 82 6913 2304 0
J R 8 1264 28 2 1 0 0
K 0 0 47
A D 4 8
J N 7 1302 0 4 3457 1152 0
K 0 0 43
K 0 0 60
K 0 21 60
A D 2 8
J N 7 1331 0 4 5185 576 0
K 0 0 43
K 0 0 60
K 0 21 60
A D 2 8
J B 11 1364 1 82 6913 576 0
J N 7 1385 0 4 1 0 0
K 0 0 43
K 0 0 60
K 0 21 60
A D 2 8
J N 7 1426 -7 5 1729 576 0
K -15 0 65
K 0 0 43
K 0 0 60
K 0 21 60
A D 2 8
J N 7 1455 21 4 3457 576 0
K 0 0 43
K 0 0 60
K 0 21 60
A D 2 8
J N 7 1484 0 4 5185 576 0
K 0 0 43
K 0 0 60
K 0 21 60
A D 2 8
J B 12 1517 1 82 6913 576 0
J N 8 1538 0 4 1 0 0
K 0 0 42
K 0 0 60
K 0 21 60
A D 4 8
J R 8 1576 28 2 3457 1152 0
K 0 0 47
A D 4 8
J B 13 1618 1 82 6913 1152 0
J R 8 1639 28 2 1 0 0
K 0 0 47
A D 4 8
J N 7 1677 0 4 3457 1152 0
K 0 0 43
K 0 0 60
K 0 21 60
A D 2 8
J N 7 1706 0 4 5185 576 0
K 0 0 43
K 0 0 60
K 0 21 60
A D 2 8
J B 14 1739 1 82 6913 576 0
J N 7 1760 -21 7 1 0 0
K 0 7 45
K 0 0 43
K 0 7 45
K 1 7 45
K 0 0 60
K 0 21 60
A D 2 8
J N 7 1800 -14 8 1729 576 0
K 0 0 45
K -14 0 64
K 0 0 43
K -1 0 45
K 2 0 45
K 0 0 60
K 0 21 60
A D 2 8
J R 8 1829 28 2 3457 576 0
K 0 0 47
A D 4 8
J B 15 1871 1 82 6913 1152 0
J R 8 1892 28 2 1 0 0
K 0 0 47
A D 4 8
J N 7 1930 -7 4 3457 1152 0
K 0 0 43
K 0 0 60
K 0 21 60
A D 2 8
J N 7 1959 -7 4 5185 576 0
K 0 0 43
K 0 0 60
K 0 21 60
A D 2 8
J B 16 1992 1 82 6913 576 0
J N 7 2013 -28 8 1 0 0
K 0 14 45
K 0 0 45
K 0 0 43
K -1 0 45
K 2 0 45
K 0 0 60
K 0 28 60
A D 2 8
J N 7 2057 -21 8 1729 576 0
K 0 7 45
K -18 0 63
K 0 0 43
K 0 7 45
K 1 7 45
K 0 0 60
K 0 21 60
A D 2 8
J R 8 2086 28 2 3457 576 0
K 0 0 47
A D 4 8
J B 17 2128 1 82 6913 1152 0
J N 7 2149 -28 8 1 0 0
K 0 14 45
K 0 0 45
K 0 0 43
K -1 0 45
K 2 0 45
K 0 0 60
K 0 28 60
A D 2 8
J N 7 2178 -7 4 1729 576 0
K 0 0 43
K 0 0 60
K 0 21 60
A D 2 8
J R 8 2207 28 2 3457 576 0
K 0 0 47
A D 4 8
J B 18 2249 1 82 6913 1152 0
J N 7 2270 -14 7 1 0 0
K 0 0 45
K 0 0 43
K -1 0 45
K 2 0 45
K 0 0 60
K 0 21 60
A D 2 8
J N 7 2299 7 4 1729 576 0
K 0 0 43
K 0 0 60
K 0 21 60
A D 2 8
J R 8 2328 28 2 3457 576 0
K 0 0 47
A D 4 8
J B 19 2370 1 82 6913 1152 0
J N 7 2391 14 4 1 0 0
K 0 0 43
K 0 0 60
K 0 21 60
A D 2 8
J N 6 2420 7 2 1729 576 1 1
K 0 0 43
A D 1 8
J N 6 2449 0 2 2593 288 1 1
K 0 0 43
A D 1 8
H 1 B 1 0 108 2 2 3
J N 7 2478 -7 5 3457 288 0
K 0 0 43
K 25 0 44
K 0 0 60
K 0 21 60
A D 3 8
J N 6 2516 -7 3 6049 864 0
K 0 0 43
K 0 0 54
A D 1 8
J B 20 2549 1 82 6913 288 0
J N 8 2570 -7 4 1 0 0
K 0 0 42
K 0 0 60
K 0 21 60
A D 4 8
J R 8 2608 28 2 3457 1152 0
K 0 0 47
A D 4 8
J B 21 2650 1 82 6913 1152 0
J N 7 2671 -28 9 1 0 0
K 0 14 45
K 0 0 45
K 0 0 43
K -1 0 45
K 2 0 45
K 0 106 108
K 0 0 60
K 0 28 60
A D 2 8
J N 7 2700 -7 4 1729 576 0
K 0 0 43
K 0 0 60
K 0 21 60
A D 2 8
J R 8 2729 28 2 3457 576 0
K 0 0 47
A D 4 8
J B 22 2771 1 82 6913 1152 0
J N 7 2792 -14 7 1 0 0
K 0 0 45
K 0 0 43
K -1 0 45
K 2 0 45
K 0 0 60
K 0 21 60
A D 2 8
J N 7 2821 7 4 1729 576 0
K 0 0 43
K 0 0 60
K 0 21 60
A D 2 8
J R 8 2850 28 2 3457 576 0
K 0 0 47
A D 4 8
J B 23 2892 1 82 6913 1152 0
J N 7 2913 14 4 1 0 0
K 0 0 43
K 0 0 60
K 0 21 60
A D 2 8
J N 6 2942 7 2 1729 576 1 2
K 0 0 43
A D 1 8
J N 6 2971 0 2 2593 288 1 2
K 0 0 43
A D 1 8
H 2 B 1 0 108 2 2 3
J N 7 3000 -7 5 3457 288 0
K 0 0 43
K 25 0 44
K 0 0 60
K 0 21 60
A D 3 8
J N 6 3038 -7 3 6049 864 0
K 0 0 43
K 0 0 54
A D 1 8
J B 24 3071 1 82 6913 288 0
J N 8 3092 -7 4 1 0 0
K 0 0 42
K 0 0 60
K 0 21 60
A D 4 8
J B 0 3156 10 6 6913 1152 0
K -22 21 44
K -22 35 44
K -12 0 84
K 0 0 84
K 11 21 44
K 11 35 44
J R 8 3193 28 2 1 0 0
K 0 0 47
A D 4 8
J B 25 3235 1 82 6913 1152 0
J R 9 3256 28 2 1 10000 0
K 0 0 46
A D 8 8
J B 26 3361 1 82 6913 2304 0
J R 9 3382 28 2 1 10000 0
K 0 0 46
A D 8 8
J B 27 3487 1 82 6913 2304 0
J N 8 3508 -14 7 1 0 0
K 0 0 45
K 0 0 42
K -1 0 45
K 2 0 45
K 0 0 60
K 0 21 60
A D 4 8
J R 8 3546 28 2 3457 1152 0
K 0 0 47
A D 4 8
J B 28 3588 1 82 6913 1152 0
J N 8 3609 -14 7 1 0 0
K 0 0 45
K 0 0 42
K -1 0 45
K 2 0 45
K 0 0 60
K 0 21 60
A D 4 8
J R 8 3647 28 2 3457 1152 0
K 0 0 47
A D 4 8
J B 29 3689 1 82 6913 1152 0
J R 9 3710 28 2 1 10000 0
K 0 0 46
A D 8 8
J B 30 3815 1 82 6913 2304 0
J R 8 3836 28 2 1 0 0
K 0 0 47
A D 4 8
J N 7 3874 21 4 3457 1152 0
K 0 0 43
K 0 0 60
K 0 21 60
A D 2 8
J N 7 3903 35 4 5185 576 0
K 0 0 43
K 0 0 59
K 0 -21 59
A D 2 8
J B 31 3936 1 82 6913 576 0
J N 7 3961 14 5 1 0 0
K -15 0 65
K 0 0 43
K 0 0 60
K 0 21 60
A D 2 8
J N 7 3990 35 4 1729 576 0
K 0 0 43
K 0 0 59
K 0 -21 59
A D 2 8
J R 8 4019 28 2 3457 576 0
K 0 0 47
A D 4 8
J B 32 4061 1 82 6913 1152 0
J R 8 4082 28 2 1 0 0
K 0 0 47
A D 4 8
J N 7 4120 0 4 3457 1152 0
K 0 0 43
K 0 0 60
K 0 21 60
A D 2 8
J N 7 4149 7 4 5185 576 0
K 0 0 43
K 0 0 60
K 0 21 60
A D 2 8
J B 33 4182 1 82 6913 576 0
J N 7 4207 14 5 1 0 0
K -15 0 65
K 0 0 43
K 0 0 60
K 0 21 60
A D 2 8
J N 7 4236 7 4 1729 576 0
K 0 0 43
K 0 0 60
K 0 21 60
A D 2 8
J R 8 4265 28 2 3457 576 0
K 0 0 47
A D 4 8
J B 34 4307 1 82 6913 1152 0
J R 8 4328 28 2 1 0 0
K 0 0 47
A D 4 8
J N 7 4366 35 4 3457 1152 0
K 0 0 43
K 0 0 59
K 0 -21 59
A D 2 8
J N 7 4395 35 4 5185 576 0
K 0 0 43
K 0 0 59
K 0 -21 59
A D 2 8
J B 35 4428 1 82 6913 576 0
J N 7 4449 7 4 1 0 0
K 0 0 43
K 0 0 60
K 0 21 60
A D 2 8
J N 7 4478 7 4 1729 576 0
K 0 0 43
K 0 0 60
K 0 21 60
A D 2 8
J N 8 4507 7 4 3457 576 0
K 0 0 42
K 0 0 60
K 0 21 60
A D 4 8
J B 36 4549 1 82 6913 1152 0
J N 8 4570 7 4 1 0 0
K 0 0 42
K 0 0 60
K 0 21 60
A D 4 8
J R 8 4608 28 2 3457 1152 0
K 0 0 47
A D 4 8
J B 37 4650 1 82 6913 1152 0
J N 8 4671 7 5 1 0 0
K 0 0 42
K 0 74 108
K 0 0 60
K 0 21 60
A D 4 8
J R 8 4709 28 2 3457 1152 0
K 0 0 47
A D 4 8
J B 38 4751 1 82 6913 1152 0
J N 8 4775 14 5 1 0 0
K -15 0 65
K 0 0 42
K 0 0 60
K 0 21 60
A D 4 8
J R 8 4813 28 2 3457 1152 0
K 0 0 47
A D 4 8
J B 39 4855 1 82 6913 1152 0
J N 7 4876 7 5 1 0 0
K 0 0 43
K 0 78 110
K 0 0 60
K 0 21 60
A D 2 8
J N 7 4905 7 4 1729 576 0
K 0 0 43
K 0 0 60
K 0 21 60
A D 2 8
J N 8 4934 7 4 3457 576 0
K 0 0 42
K 0 0 60
K 0 21 60
A D 4 8
J B 40 4976 1 82 6913 1152 0
J N 8 4997 7 4 1 0 0
K 0 0 42
K 0 0 60
K 0 21 60
A D 4 8
J R 8 5035 28 2 3457 1152 0
K 0 0 47
A D 4 8
J B 41 5077 1 82 6913 1152 0
J N 8 5098 0 5 1 0 0
K 0 0 42
K 0 79 108
K 0 0 60
K 0 21 60
A D 4 8
J R 8 5136 28 2 3457 1152 0
K 0 0 47
A D 4 8
J B 42 5178 1 82 6913 1152 0
J N 7 5199 0 5 1 0 0
K 0 0 43
K 0 85 110
K 0 0 60
K 0 21 60
A D 2 8
J N 7 5228 0 4 1729 576 0
K 0 0 43
K 0 0 60
K 0 21 60
A D 2 8
J N 8 5257 0 4 3457 576 0
K 0 0 42
K 0 0 60
K 0 21 60
A D 4 8
J B 43 5299 1 82 6913 1152 0
J N 8 5320 0 4 1 0 0
K 0 0 42
K 0 0 60
K 0 21 60
A D 4 8
J R 8 5358 28 2 3457 1152 0
K 0 0 47
A D 4 8
J B 44 5400 1 82 6913 1152 0
J N 8 5421 -7 5 1 0 0
K 0 0 42
K 0 86 108
K 0 0 60
K 0 21 60
A D 4 8
J R 8 5459 28 2 3457 1152 0
K 0 0 47
A D 4 8
J B 45 5501 1 82 6913 1152 0
J N 7 5522 -7 5 1 0 0
K 0 0 43
K 0 92 110
K 0 0 60
K 0 21 60
A D 2 8
J N 7 5551 -7 4 1729 576 0
K 0 0 43
K 0 0 60
K 0 21 60
A D 2 8
J N 8 5580 -7 4 3457 576 0
K 0 0 42
K 0 0 60
K 0 21 60
A D 4 8
J B 46 5622 1 82 6913 1152 0
J N 8 5643 -7 4 1 0 0
K 0 0 42
K 0 0 60
K 0 21 60
A D 4 8
J R 8 5681 28 2 3457 1152 0
K 0 0 47
A D 4 8
J B 47 5723 1 82 6913 1152 0
J R 9 5744 28 2 1 10000 0
K 0 0 46
A D 8 8
J B 48 5849 1 82 6913 2304 0
J R 8 5870 28 2 1 0 0
K 0 0 47
A D 4 8
J N 7 5908 21 4 3457 1152 0
K 0 0 43
K 0 0 60
K 0 21 60
A D 2 8
J N 7 5937 21 4 5185 576 0
K 0 0 43
K 0 0 60
K 0 21 60
A D 2 8
J B 49 5970 1 82 6913 576 0
J N 7 5991 21 4 1 0 0
K 0 0 43
K 0 0 60
K 0 21 60
A D 2 8
J N 7 6020 21 4 1729 576 0
K 0 0 43
K 0 0 60
K 0 21 60
A D 2 8
J N 8 6049 0 4 3457 576 0
K 0 0 42
K 0 0 60
K 0 21 60
A D 4 8
J B 50 6091 1 82 6913 1152 0
J N 8 6112 -7 4 1 0 0
K 0 0 42
K 0 0 60
K 0 21 60
A D 4 8
J R 8 6150 28 2 3457 1152 0
K 0 0 47
A D 4 8
J B 51 6192 1 82 6913 1152 0
J R 9 6213 28 2 1 10000 0
K 0 0 46
A D 8 8
J B 52 6318 1 82 6913 2304 0
J R 8 6339 28 2 1 0 0
K 0 0 47
A D 4 8
J N 7 6377 0 4 3457 1152 0
K 0 0 43
K 0 0 60
K 0 21 60
A D 2 8
J N 7 6406 0 4 5185 576 0
K 0 0 43
K 0 0 60
K 0 21 60
A D 2 8
J B 53 6439 1 82 6913 576 0
J N 7 6460 0 4 1 0 0
K 0 0 43
K 0 0 60
K 0 21 60
A D 2 8
J N 7 6489 0 4 1729 576 0
K 0 0 43
K 0 0 60
K 0 21 60
A D 2 8
J N 8 6530 14 5 3457 576 0
K -15 0 65
K 0 0 42
K 0 0 60
K 0 21 60
A D 4 8
J B 54 6572 1 82 6913 1152 0
J N 8 6595 42 5 1 0 0
K -14 0 64
K 0 0 42
K 0 0 59
K 0 -21 59
A D 4 8
J R 8 6633 28 2 3457 1152 0
K 0 0 47
A D 4 8
J B 55 6675 1 82 6913 1152 0
J R 9 6696 28 2 1 10000 0
K 0 0 46
A D 8 8
J B 56 6801 1 82 6913 2304 0
J R 8 6822 28 2 1 0 0
K 0 0 47
A D 4 8
J N 8 6860 -28 8 3457 1152 0
K 0 14 45
K 0 0 45
K 0 0 42
K -1 0 45
K 2 0 45
K 0 0 60
K 0 28 60
A D 4 8
J B 57 6902 1 82 6913 1152 0
J N 8 6926 -35 10 1 0 0
K 0 21 45
K 0 7 45
K -15 0 65
K 0 0 42
K 0 7 45
K 1 7 45
K 0 0 60
K 0 28 60
K 0 35 60
A D 4 8
J N 8 6964 7 5 3457 1152 0
K -18 0 63
K 0 0 42
K 0 0 60
K 0 21 60
A D 4 8
J B 58 7006 1 82 6913 1152 0
J N 8 7027 0 4 1 0 0
K 0 0 42
K 0 0 60
K 0 21 60
A D 4 8
J N 8 7065 21 4 3457 1152 0
K 0 0 42
K 0 0 60
K 0 21 60
A D 4 8
J B 59 7107 1 82 6913 1152 0
J N 7 7132 14 5 1 0 0
K -15 0 65
K 0 0 43
K 0 0 60
K 0 21 60
A D 2 8
J N 7 7161 0 4 1729 576 0
K 0 0 43
K 0 0 60
K 0 21 60
A D 2 8
J N 8 7190 21 4 3457 576 0
K 0 0 42
K 0 0 60
K 0 21 60
A D 4 8
J B 60 7232 1 82 6913 1152 0
J N 8 7253 21 4 1 0 0
K 0 0 42
K 0 0 60
K 0 21 60
A D 4 8
J R 8 7291 28 2 3457 1152 0
K 0 0 47
A D 4 8
J B 61 7333 1 82 6913 1152 0
J N 7 7354 0 4 1 0 0
K 0 0 43
K 0 0 60
K 0 21 60
A D 2 8
J N 7 7383 7 4 1729 576 0
K 0 0 43
K 0 0 60
K 0 21 60
A D 2 8
J N 7 7424 14 5 3457 576 0
K -15 0 65
K 0 0 43
K 0 0 60
K 0 21 60
A D 2 8
J N 7 7453 21 4 5185 576 0
K 0 0 43
K 0 0 60
K 0 21 60
A D 2 8
J B 62 7486 1 82 6913 576 0
J N 8 7510 14 5 1 0 0
K -15 0 65
K 0 0 42
K 0 0 60
K 0 21 60
A D 4 8
J N 8 7548 21 4 3457 1152 0
K 0 0 42
K 0 0 60
K 0 21 60
A D 4 8
J B 63 7590 1 82 6913 1152 0
J N 8 7614 14 6 1 0 0
K -15 0 65
K 0 0 42
K 0 70 108
K 0 0 60
K 0 21 60
A D 4 8
J N 8 7652 21 4 3457 1152 0
K 0 0 42
K 0 0 60
K 0 21 60
A D 4 8
J B 64 7694 1 82 6913 1152 0
J N 7 7719 14 6 1 0 0
K -15 0 65
K 0 0 43
K 0 77 110
K 0 0 60
K 0 21 60
A D 2 8
J N 7 7763 7 5 1729 576 0
K -18 0 63
K 0 0 43
K 0 0 60
K 0 21 60
A D 2 8
J N 7 7792 0 4 3457 576 0
K 0 0 43
K 0 0 60
K 0 21 60
A D 2 8
J N 7 7821 14 4 5185 576 0
K 0 0 43
K 0 0 60
K 0 21 60
A D 2 8
J B 65 7854 1 82 6913 576 0
J N 7 7879 42 5 1 0 0
K -14 0 64
K 0 0 43
K 0 0 59
K 0 -21 59
A D 2 8
J N 6 7908 35 2 1729 576 1 3
K 0 0 43
A D 1 8
J N 6 7937 28 2 2593 288 1 3
K 0 0 43
A D 1 8
H 3 B 0 0 108 2 2 3
J N 7 7966 21 5 3457 288 0
K 0 0 43
K 25 0 44
K 0 0 60
K 0 21 60
A D 3 8
J N 6 8004 21 3 6049 864 0
K 0 0 43
K 0 0 54
A D 1 8
J B 66 8037 1 82 6913 288 0
J N 8 8058 21 4 1 0 0
K 0 0 42
K 0 0 60
K 0 21 60
A D 4 8
J R 7 8096 28 2 3457 1152 0
K 0 0 48
A D 2 8
J N 7 8133 14 6 5185 576 0
K -15 0 65
K 0 0 43
K 0 70 108
K 0 0 60
K 0 21 60
A D 2 8
J B 67 8166 1 82 6913 576 0
J N 7 8191 42 5 1 0 0
K -14 0 64
K 0 0 43
K 0 0 59
K 0 -21 59
A D 2 8
J N 6 8220 35 2 1729 576 1 4
K 0 0 43
A D 1 8
J N 6 8249 28 2 2593 288 1 4
K 0 0 43
A D 1 8
H 4 B 0 0 108 2 2 3
J N 7 8278 21 5 3457 288 0
K 0 0 43
K 25 0 44
K 0 0 60
K 0 21 60
A D 3 8
J N 6 8316 21 3 6049 864 0
K 0 0 43
K 0 0 54
A D 1 8
J B 68 8349 1 82 6913 288 0
J N 8 8370 21 5 1 0 1 5
K 0 0 42
K 25 0 44
K 0 0 60
K 0 21 60
A D 6 8
J B 69 8428 5 2 6913 1728 0
K -8 0 82
K 0 0 82
J C 13 8433 28 35 6913 0 0
J K 0 8485 0 1 6913 0 0
K 0 35 64
J D 5 8514 -42 1 6913 0 0
W 0 0 37 Largo
J T 1208 8535 0 3 6913 0 0
K 0 28 73
K -21 28 72
K -10 56 79
J N 7 8574 21 5 1 0 1 5
K 0 0 43
K 25 0 44
K 0 0 60
K 0 21 60
A D 3 8
H 5 T 21 0 0 0 0 0 1 0
J R 7 8620 28 2 1729 864 0
K 0 0 48
A D 2 8
J R 6 8658 28 2 2881 576 0
K 0 0 49
A D 1 8
J R 8 8687 28 2 3457 288 0
K 0 0 47
A D 6 8
J B 2 8744 1 82 6913 1728 0
J R 9 8765 28 2 1 10000 0
K 0 0 46
A D 12 8
J B 3 8870 1 82 6913 3456 0
J R 9 8891 28 2 1 10000 0
K 0 0 46
A D 12 8
J B 4 8996 1 82 6913 3456 0
J R 9 9017 28 2 1 10000 0
K 0 0 46
A D 12 8
J B 5 9122 1 82 6913 3456 0
J R 9 9143 28 2 1 10000 0
K 0 0 46
A D 12 8
J B 6 9248 1 82 6913 3456 0
J N 8 9269 49 9 1 0 0
K 0 -49 42
K 24 -55 44
K 0 0 42
K 25 0 44
K 0 -49 60
K 0 -21 60
K 0 0 60
K 0 14 60
A D 6 8
J N 8 9337 49 9 3457 1728 0
K 0 -49 42
K 24 -55 44
K 0 0 42
K 25 0 44
K 0 -49 60
K 0 -21 60
K 0 0 60
K 0 14 60
A D 6 8
J B 7 9409 1 82 6913 1728 0
J N 8 9430 49 9 1 0 0
K 0 -49 42
K 24 -55 44
K 0 0 42
K 25 0 44
K 0 -49 60
K 0 -21 60
K 0 0 60
K 0 14 60
A D 6 8
J N 7 9498 28 5 3457 1728 0
K 0 0 43
K 24 -6 44
K 0 0 60
K 0 21 60
A D 3 8
J N 7 9544 21 5 5185 864 0
K 0 0 43
K 25 0 44
K 0 0 60
K 0 21 60
A D 3 8
J B 8 9594 1 82 6913 864 0
J N 7 9615 49 5 1 0 0
K 0 0 43
K 25 0 44
K 0 0 59
K 0 -21 59
A D 3 8
J R 7 9661 28 2 1729 864 0
K 0 0 48
A D 2 8
J R 6 9699 28 2 2881 576 0
K 0 0 49
A D 1 8
J R 8 9728 28 2 3457 288 0
K 0 0 47
A D 6 8
J B 9 9785 1 82 6913 1728 0
J R 9 9806 28 2 1 10000 0
K 0 0 46
A D 12 8
J B 10 9911 1 82 6913 3456 0
J R 9 9932 28 2 1 10000 0
K 0 0 46
A D 12 8
J B 11 10037 1 82 6913 3456 0
J R 7 10058 28 2 1 0 0
K 0 0 48
A D 2 8
J R 6 10096 28 2 1153 576 0
K 0 0 49
A D 1 8
J R 6 10125 28 2 1729 288 0
K 0 0 49
A D 1 8
J R 6 10154 28 2 2305 288 0
K 0 0 49
A D 1 8
J N 6 10183 21 3 2881 288 0
K 0 0 43
K 0 0 54
A D 1 8
J N 7 10212 21 4 3457 288 0
K 0 0 43
K 0 0 60
K 0 21 60
A D 2 8
J N 6 10256 7 4 4609 576 0
K -18 0 63
K 0 0 43
K 0 0 54
A D 1 8
J N 7 10285 -7 4 5185 288 0
K 0 0 43
K 0 0 60
K 0 21 60
A D 2 8
J N 6 10323 -7 3 6337 576 0
K 0 0 43
K 0 0 54
A D 1 8
J B 12 10356 1 82 6913 288 0
J N 7 10383 7 6 1 0 0
K -18 0 63
K 0 0 43
K 25 0 44
K 0 0 60
K 0 21 60
A D 3 8
J R 6 10429 28 2 1729 864 0
K 0 0 49
A D 1 8
J R 6 10458 28 2 2305 288 0
K 0 0 49
A D 1 8
J N 6 10487 21 3 2881 288 0
K 0 0 43
K 0 0 54
A D 1 8
J N 7 10516 21 5 3457 288 0
K 0 0 43
K 25 0 44
K 0 0 60
K 0 21 60
A D 3 8
J N 7 10562 21 5 5185 864 0
K 0 0 43
K 25 0 44
K 0 0 60
K 0 21 60
A D 3 8
J B 13 10612 1 82 6913 864 0
J N 7 10633 21 5 1 0 0
K 0 0 43
K 25 0 44
K 0 0 60
K 0 21 60
A D 3 8
J R 6 10679 28 2 1729 864 0
K 0 0 49
A D 1 8
J R 6 10708 28 2 2305 288 0
K 0 0 49
A D 1 8
J N 6 10737 0 3 2881 288 0
K 0 0 43
K 0 0 54
A D 1 8
J N 7 10766 0 5 3457 288 0
K 0 0 43
K 24 -6 44
K 0 0 60
K 0 21 60
A D 3 8
J N 7 10812 0 5 5185 864 0
K 0 0 43
K 24 -6 44
K 0 0 60
K 0 21 60
A D 3 8
J B 14 10862 1 82 6913 864 0
J N 7 10883 0 5 1 0 0
K 0 0 43
K 24 -6 44
K 0 0 60
K 0 21 60
A D 3 8
J R 6 10929 28 2 1729 864 0
K 0 0 49
A D 1 8
J R 6 10958 28 2 2305 288 0
K 0 0 49
A D 1 8
J N 6 10987 0 3 2881 288 0
K 0 0 43
K 0 0 54
A D 1 8
J N 7 11016 0 5 3457 288 0
K 0 0 43
K 24 -6 44
K 0 0 60
K 0 21 60
A D 3 8
J R 6 11062 28 2 5185 864 0
K 0 0 49
A D 1 8
J R 6 11091 28 2 5761 288 0
K 0 0 49
A D 1 8
J N 6 11120 21 3 6337 288 0
K 0 0 43
K 0 0 54
A D 1 8
J B 15 11153 1 82 6913 288 0
J N 7 11174 14 5 1 0 0
K 0 0 43
K 24 -6 44
K 0 0 60
K 0 21 60
A D 3 8
J R 6 11220 28 2 1729 864 0
K 0 0 49
A D 1 8
J R 6 11249 28 2 2305 288 0
K 0 0 49
A D 1 8
J N 6 11278 35 3 2881 288 0
K 0 0 43
K 0 0 53
A D 1 8
J N 7 11315 28 5 3457 288 0
K 0 0 43
K 24 -6 44
K 0 0 60
K 0 21 60
A D 3 8
J N 7 11361 21 5 5185 864 0
K 0 0 43
K 25 0 44
K 0 0 60
K 0 21 60
A D 3 8
J B 16 11411 1 82 6913 864 0
J N 7 11432 21 5 1 0 0
K 0 0 43
K 25 0 44
K 0 0 60
K 0 21 60
A D 3 8
J R 7 11478 28 2 1729 864 0
K 0 0 48
A D 2 8
J R 6 11516 28 2 2881 576 0
K 0 0 49
A D 1 8
J R 8 11545 28 2 3457 288 0
K 0 0 47
A D 6 8
J B 17 11602 1 82 6913 1728 0
J R 9 11623 28 2 1 10000 0
K 0 0 46
A D 12 8
J B 18 11728 1 82 6913 3456 0
J R 9 11749 28 2 1 10000 0
K 0 0 46
A D 12 8
J B 19 11854 1 82 6913 3456 0
J R 7 11875 28 2 1 0 0
K 0 0 48
A D 2 8
J R 6 11913 28 2 1153 576 0
K 0 0 49
A D 1 8
J R 6 11942 28 2 1729 288 0
K 0 0 49
A D 1 8
J R 6 11971 28 2 2305 288 0
K 0 0 49
A D 1 8
J N 6 12000 0 3 2881 288 0
K 0 0 43
K 0 0 54
A D 1 8
J N 7 12029 -7 4 3457 288 0
K 0 0 43
K 0 0 60
K 0 21 60
A D 2 8
J N 6 12067 -14 6 4609 576 0
K 0 0 45
K 0 0 43
K -1 0 45
K 2 0 45
K 0 0 54
A D 1 8
J N 7 12096 14 4 5185 288 0
K 0 0 43
K 0 0 60
K 0 21 60
A D 2 8
J N 6 12134 21 3 6337 576 0
K 0 0 43
K 0 0 54
A D 1 8
J B 20 12167 1 82 6913 288 0
J N 7 12188 21 5 1 0 0
K 0 0 43
K 25 0 44
K 0 0 60
K 0 21 60
A D 3 8
J R 6 12234 28 2 1729 864 0
K 0 0 49
A D 1 8
J R 6 12263 28 2 2305 288 0
K 0 0 49
A D 1 8
J N 6 12292 0 3 2881 288 0
K 0 0 43
K 0 0 54
A D 1 8
J N 7 12321 0 5 3457 288 0
K 0 0 43
K 24 -6 44
K 0 0 60
K 0 21 60
A D 3 8
J R 6 12367 28 2 5185 864 0
K 0 0 49
A D 1 8
J R 6 12396 28 2 5761 288 0
K 0 0 49
A D 1 8
J N 6 12425 -7 3 6337 288 0
K 0 0 43
K 0 0 54
A D 1 8
J B 21 12458 1 82 6913 288 0
J N 7 12479 -7 5 1 0 0
K 0 0 43
K 25 0 44
K 0 0 60
K 0 21 60
A D 3 8
J R 6 12525 28 2 1729 864 0
K 0 0 49
A D 1 8
J R 6 12554 28 2 2305 288 0
K 0 0 49
A D 1 8
J N 6 12583 -14 6 2881 288 0
K 0 0 45
K 0 0 43
K -1 0 45
K 2 0 45
K 0 0 54
A D 1 8
J N 7 12612 -14 8 3457 288 0
K 0 0 45
K 0 0 43
K -1 0 45
K 2 0 45
K 24 -6 44
K 0 0 60
K 0 21 60
A D 3 8
J R 6 12658 28 2 5185 864 0
K 0 0 49
A D 1 8
J R 6 12687 28 2 5761 288 0
K 0 0 49
A D 1 8
J N 6 12716 21 3 6337 288 0
K 0 0 43
K 0 0 54
A D 1 8
J B 22 12749 1 82 6913 288 0
J N 7 12770 21 5 1 0 0
K 0 0 43
K 25 0 44
K 0 0 60
K 0 21 60
A D 3 8
J R 7 12816 28 2 1729 864 0
K 0 0 48
A D 2 8
J R 6 12854 28 2 2881 576 0
K 0 0 49
A D 1 8
J R 8 12883 28 2 3457 288 0
K 0 0 47
A D 6 8
J B 23 12940 1 82 6913 1728 0
J R 8 12961 28 2 1 0 0
K 0 0 47
A D 6 8
J R 7 13014 28 2 3457 1728 0
K 0 0 48
A D 2 8
J R 6 13052 28 2 4609 576 0
K 0 0 49
A D 1 8
J R 6 13081 28 2 5185 288 0
K 0 0 49
A D 1 8
J R 6 13110 28 2 5761 288 0
K 0 0 49
A D 1 8
J N 6 13139 0 3 6337 288 0
K 0 0 43
K 0 0 54
A D 1 8
J B 24 13172 1 82 6913 288 0
J N 7 13193 0 4 1 0 0
K 0 0 43
K 0 0 60
K 0 21 60
A D 2 8
J N 6 13231 35 3 1153 576 0
K 0 0 43
K 0 0 53
A D 1 8
J N 7 13268 21 4 1729 288 0
K 0 0 43
K 0 0 60
K 0 21 60
A D 2 8
J N 6 13306 21 3 2881 576 0
K 0 0 43
K 0 0 54
A D 1 8
J N 7 13335 21 5 3457 288 0
K 0 0 43
K 25 0 44
K 0 0 60
K 0 21 60
A D 3 8
J N 7 13381 28 5 5185 864 0
K 0 0 43
K 24 -6 44
K 0 0 60
K 0 21 60
A D 3 8
J B 25 13431 1 82 6913 864 0
J R 7 13452 28 3 1 0 0
K 0 0 48
K -2 -35 101
A D 2 8
J R 6 13490 28 2 1153 576 0
K 0 0 49
A D 1 8
J N 7 13519 49 6 1729 288 0
K 0 0 43
K 25 0 44
K 0 32 108
K 0 0 59
K 0 -21 59
A D 3 8
J R 8 13565 28 3 3457 864 0
K 0 0 47
K 2 -35 101
A D 6 8
J B 26 13622 1 82 6913 1728 0
J N 7 13643 42 5 1 0 0
K 0 0 43
K 0 44 110
K 0 0 59
K 0 -21 59
A D 2 8
J N 6 13681 35 3 1153 576 0
K 0 0 43
K 0 0 53
A D 1 8
J N 7 13718 21 4 1729 288 0
K 0 0 43
K 0 0 60
K 0 21 60
A D 2 8
J N 6 13756 21 3 2881 576 0
K 0 0 43
K 0 0 54
A D 1 8
J N 7 13785 35 5 3457 288 0
K 0 0 43
K 25 0 44
K 0 0 59
K 0 -21 59
A D 3 8
J R 6 13831 28 2 5185 864 0
K 0 0 49
A D 1 8
J R 6 13860 28 2 5761 288 0
K 0 0 49
A D 1 8
J N 6 13889 14 3 6337 288 0
K 0 0 43
K 0 0 54
A D 1 8
J B 27 13922 1 82 6913 288 0
J N 7 13943 -14 8 1 0 0
K 0 0 45
K 0 0 43
K -1 0 45
K 2 0 45
K 24 -6 44
K 0 0 60
K 0 21 60
A D 3 8
J R 6 13989 28 2 1729 864 0
K 0 0 49
A D 1 8
J R 6 14018 28 2 2305 288 0
K 0 0 49
A D 1 8
J N 6 14047 14 3 2881 288 0
K 0 0 43
K 0 0 54
A D 1 8
J N 7 14076 -14 8 3457 288 0
K 0 0 45
K 0 0 43
K -1 0 45
K 2 0 45
K 24 -6 44
K 0 0 60
K 0 21 60
A D 3 8
J R 6 14122 28 2 5185 864 0
K 0 0 49
A D 1 8
J R 6 14151 28 2 5761 288 0
K 0 0 49
A D 1 8
J N 6 14180 42 4 6337 288 0
K 0 0 43
K 0 37 108
K 0 0 53
A D 1 8
J B 28 14224 1 82 6913 288 0
J N 7 14245 14 5 1 0 0
K 0 0 43
K 24 -6 44
K 0 0 60
K 0 21 60
A D 3 8
J R 6 14291 28 2 1729 864 0
K 0 0 49
A D 1 8
J R 6 14320 28 2 2305 288 0
K 0 0 49
A D 1 8
J N 6 14349 42 3 2881 288 0
K 0 0 43
K 0 0 53
A D 1 8
J N 7 14386 14 5 3457 288 0
K 0 0 43
K 24 -6 44
K 0 0 60
K 0 21 60
A D 3 8
J R 6 14432 28 2 5185 864 0
K 0 0 49
A D 1 8
J R 6 14461 28 2 5761 288 0
K 0 0 49
A D 1 8
J N 6 14490 35 4 6337 288 0
K 0 0 43
K 0 51 110
K 0 0 53
A D 1 8
J B 29 14534 1 82 6913 288 0
J N 7 14561 7 6 1 0 0
K -18 0 63
K 0 0 43
K 25 0 44
K 0 0 60
K 0 21 60
A D 3 8
J R 6 14607 28 2 1729 864 0
K 0 0 49
A D 1 8
J R 6 14636 28 2 2305 288 0
K 0 0 49
A D 1 8
J N 6 14665 35 3 2881 288 0
K 0 0 43
K 0 0 53
A D 1 8
J N 7 14702 7 5 3457 288 0
K 0 0 43
K 25 0 44
K 0 0 60
K 0 21 60
A D 3 8
J R 7 14748 28 2 5185 864 0
K 0 0 48
A D 2 8
J R 6 14786 28 2 6337 576 0
K 0 0 49
A D 1 8
J B 30 14819 1 82 6913 288 0
J R 9 14840 28 2 1 10000 0
K 0 0 46
A D 12 8
J B 31 14945 1 82 6913 3456 0
J R 7 14966 28 2 1 0 0
K 0 0 48
A D 2 8
J R 6 15004 28 2 1153 576 0
K 0 0 49
A D 1 8
J R 6 15033 28 2 1729 288 0
K 0 0 49
A D 1 8
J R 6 15062 28 2 2305 288 0
K 0 0 49
A D 1 8
J N 6 15091 0 3 2881 288 0
K 0 0 43
K 0 0 54
A D 1 8
J N 7 15120 28 5 3457 288 0
K 0 0 43
K 24 -6 44
K 0 0 60
K 0 21 60
A D 3 8
J N 7 15166 35 5 5185 864 0
K 0 0 43
K 25 0 44
K 0 0 59
K 0 -21 59
A D 3 8
J B 32 15216 1 82 6913 864 0
J N 7 15243 7 6 1 0 0
K -18 0 63
K 0 0 43
K 25 0 44
K 0 0 60
K 0 21 60
A D 3 8
J N 7 15289 7 5 1729 864 0
K 0 0 43
K 25 0 44
K 0 0 60
K 0 21 60
A D 3 8
J N 7 15335 7 5 3457 864 0
K 0 0 43
K 25 0 44
K 0 0 60
K 0 21 60
A D 3 8
J R 7 15381 28 2 5185 864 0
K 0 0 48
A D 2 8
J R 6 15419 28 2 6337 576 0
K 0 0 49
A D 1 8
J B 33 15452 1 82 6913 288 0
J R 8 15473 28 2 1 0 0
K 0 0 47
A D 6 8
J R 7 15526 28 2 3457 1728 0
K 0 0 48
A D 2 8
J R 6 15564 28 2 4609 576 0
K 0 0 49
A D 1 8
J R 6 15593 28 2 5185 288 0
K 0 0 49
A D 1 8
J R 6 15622 28 2 5761 288 0
K 0 0 49
A D 1 8
J N 6 15651 -14 6 6337 288 0
K 0 0 45
K 0 0 43
K -1 0 45
K 2 0 45
K 0 0 54
A D 1 8
J B 34 15684 1 82 6913 288 0
J N 7 15705 -14 8 1 0 0
K 0 0 45
K 0 0 43
K -1 0 45
K 2 0 45
K 24 -6 44
K 0 0 60
K 0 21 60
A D 3 8
J R 6 15751 28 2 1729 864 0
K 0 0 49
A D 1 8
J R 6 15780 28 2 2305 288 0
K 0 0 49
A D 1 8
J N 6 15809 -14 6 2881 288 0
K 0 0 45
K 0 0 43
K -1 0 45
K 2 0 45
K 0 0 54
A D 1 8
J N 7 15845 28 6 3457 288 0
K -18 0 63
K 0 0 43
K 24 -6 44
K 0 0 60
K 0 21 60
A D 3 8
J R 6 15891 28 2 5185 864 0
K 0 0 49
A D 1 8
J R 6 15920 28 2 5761 288 0
K 0 0 49
A D 1 8
J N 6 15960 7 4 6337 288 0
K -18 0 63
K 0 0 43
K 0 0 54
A D 1 8
J B 35 15993 1 82 6913 288 0
J N 7 16020 7 6 1 0 0
K -18 0 63
K 0 0 43
K 25 0 44
K 0 0 60
K 0 21 60
A D 3 8
J N 7 16066 7 5 1729 864 0
K 0 0 43
K 25 0 44
K 0 0 60
K 0 21 60
A D 3 8
J N 8 16112 7 5 3457 864 0
K 0 0 42
K 25 0 44
K 0 0 60
K 0 21 60
A D 6 8
J B 36 16184 1 82 6913 1728 0
J R 9 16205 28 2 1 10000 0
K 0 0 46
A D 12 8
J B 37 16310 1 82 6913 3456 0
J R 9 16331 28 2 1 10000 0
K 0 0 46
A D 12 8
J B 38 16436 1 82 6913 3456 0
J R 9 16457 28 2 1 10000 0
K 0 0 46
A D 12 8
J B 39 16562 1 82 6913 3456 0
J R 9 16583 28 2 1 10000 0
K 0 0 46
A D 12 8
J B 40 16688 1 82 6913 3456 0
J R 9 16709 28 2 1 10000 0
K 0 0 46
A D 12 8
J B 41 16814 1 82 6913 3456 0
J N 8 16835 49 9 1 0 0
K 0 -49 42
K 24 -55 44
K 0 0 42
K 25 0 44
K 0 -49 60
K 0 -21 60
K 0 0 60
K 0 14 60
A D 6 8
J N 8 16903 49 9 3457 1728 0
K 0 -49 42
K 24 -55 44
K 0 0 42
K 25 0 44
K 0 -49 60
K 0 -21 60
K 0 0 60
K 0 14 60
A D 6 8
J B 42 16975 1 82 6913 1728 0
J N 8 16996 49 9 1 0 0
K 0 -49 42
K 24 -55 44
K 0 0 42
K 25 0 44
K 0 -49 60
K 0 -21 60
K 0 0 60
K 0 14 60
A D 6 8
J N 7 17064 28 5 3457 1728 0
K 0 0 43
K 24 -6 44
K 0 0 60
K 0 21 60
A D 3 8
J N 7 17110 21 5 5185 864 0
K 0 0 43
K 25 0 44
K 0 0 60
K 0 21 60
A D 3 8
J B 43 17160 1 82 6913 864 0
J N 7 17181 49 5 1 0 0
K 0 0 43
K 25 0 44
K 0 0 59
K 0 -21 59
A D 3 8
J R 7 17227 28 2 1729 864 0
K 0 0 48
A D 2 8
J R 6 17265 28 2 2881 576 0
K 0 0 49
A D 1 8
J R 8 17294 28 2 3457 288 0
K 0 0 47
A D 6 8
J B 44 17351 1 82 6913 1728 0
J R 9 17372 28 2 1 10000 0
K 0 0 46
A D 12 8
J B 45 17477 1 82 6913 3456 0
J R 9 17498 28 2 1 10000 0
K 0 0 46
A D 12 8
J B 46 17603 1 82 6913 3456 0
J R 7 17624 28 2 1 0 0
K 0 0 48
A D 2 8
J R 6 17662 28 2 1153 576 0
K 0 0 49
A D 1 8
J R 6 17691 28 2 1729 288 0
K 0 0 49
A D 1 8
J R 6 17720 28 2 2305 288 0
K 0 0 49
A D 1 8
J N 6 17749 21 3 2881 288 0
K 0 0 43
K 0 0 54
A D 1 8
J N 7 17778 21 4 3457 288 0
K 0 0 43
K 0 0 60
K 0 21 60
A D 2 8
J N 6 17822 7 4 4609 576 0
K -18 0 63
K 0 0 43
K 0 0 54
A D 1 8
J N 7 17851 -7 4 5185 288 0
K 0 0 43
K 0 0 60
K 0 21 60
A D 2 8
J N 6 17889 -7 3 6337 576 0
K 0 0 43
K 0 0 54
A D 1 8
J B 47 17922 1 82 6913 288 0
J N 7 17949 7 6 1 0 0
K -18 0 63
K 0 0 43
K 25 0 44
K 0 0 60
K 0 21 60
A D 3 8
J R 6 17995 28 2 1729 864 0
K 0 0 49
A D 1 8
J R 6 18024 28 2 2305 288 0
K 0 0 49
A D 1 8
J N 6 18053 0 3 2881 288 0
K 0 0 43
K 0 0 54
A D 1 8
J N 7 18082 -28 9 3457 288 0
K 0 14 45
K 0 0 45
K 0 0 43
K -1 0 45
K 2 0 45
K 24 -6 44
K 0 0 60
K 0 28 60
A D 3 8
J N 7 18128 21 5 5185 864 0
K 0 0 43
K 25 0 44
K 0 0 60
K 0 21 60
A D 3 8
J B 48 18178 1 82 6913 864 0
J N 7 18199 21 5 1 0 0
K 0 0 43
K 25 0 44
K 0 0 60
K 0 21 60
A D 3 8
J R 6 18245 28 2 1729 864 0
K 0 0 49
A D 1 8
J R 6 18274 28 2 2305 288 0
K 0 0 49
A D 1 8
J N 6 18303 0 3 2881 288 0
K 0 0 43
K 0 0 54
A D 1 8
J N 7 18332 -28 9 3457 288 0
K 0 14 45
K 0 0 45
K 0 0 43
K -1 0 45
K 2 0 45
K 24 -6 44
K 0 0 60
K 0 28 60
A D 3 8
J N 7 18378 21 5 5185 864 0
K 0 0 43
K 25 0 44
K 0 0 60
K 0 21 60
A D 3 8
J B 49 18428 1 82 6913 864 0
J N 7 18449 21 5 1 0 0
K 0 0 43
K 25 0 44
K 0 0 60
K 0 21 60
A D 3 8
J R 6 18495 28 2 1729 864 0
K 0 0 49
A D 1 8
J R 6 18524 28 2 2305 288 0
K 0 0 49
A D 1 8
J N 6 18553 21 3 2881 288 0
K 0 0 43
K 0 0 54
A D 1 8
J N 7 18582 0 6 3457 288 0
K 0 0 43
K 24 -6 44
K 0 79 108
K 0 0 60
K 0 21 60
A D 3 8
J R 6 18628 28 2 5185 864 0
K 0 0 49
A D 1 8
J R 6 18657 28 2 5761 288 0
K 0 0 49
A D 1 8
J N 6 18686 21 3 6337 288 0
K 0 0 43
K 0 0 54
A D 1 8
J B 50 18719 1 82 6913 288 0
J N 7 18740 21 5 1 0 0
K 0 0 43
K 25 0 44
K 0 0 60
K 0 21 60
A D 3 8
J R 6 18786 28 2 1729 864 0
K 0 0 49
A D 1 8
J R 6 18815 28 2 2305 288 0
K 0 0 49
A D 1 8
J N 6 18844 35 3 2881 288 0
K 0 0 43
K 0 0 53
A D 1 8
J N 7 18881 28 7 3457 288 0
K 0 0 43
K 24 -6 44
K 0 67 108
K 23 67 108
K 0 0 60
K 0 21 60
A D 3 8
J R 6 18927 28 2 5185 864 0
K 0 0 49
A D 1 8
J R 6 18956 28 2 5761 288 0
K 0 0 49
A D 1 8
J N 6 18985 28 3 6337 288 0
K 0 0 43
K 0 0 54
A D 1 8
J B 51 19018 1 82 6913 288 0
J N 7 19039 21 5 1 0 0
K 0 0 43
K 25 0 44
K 0 0 60
K 0 21 60
A D 3 8
J R 6 19085 28 2 1729 864 0
K 0 0 49
A D 1 8
J R 6 19114 28 2 2305 288 0
K 0 0 49
A D 1 8
J N 6 19143 0 3 2881 288 0
K 0 0 43
K 0 0 54
A D 1 8
J N 7 19172 14 4 3457 288 0
K 0 0 43
K 0 0 60
K 0 21 60
A D 2 8
J N 6 19210 21 3 4609 576 0
K 0 0 43
K 0 0 54
A D 1 8
J N 7 19239 21 5 5185 288 0
K 0 0 43
K 25 0 44
K 0 0 60
K 0 21 60
A D 3 8
J B 52 19289 1 82 6913 864 0
J N 7 19310 21 5 1 0 0
K 0 0 43
K 25 0 44
K 0 0 60
K 0 21 60
A D 3 8
J R 6 19356 28 2 1729 864 0
K 0 0 49
A D 1 8
J R 6 19385 28 2 2305 288 0
K 0 0 49
A D 1 8
J N 6 19414 0 4 2881 288 0
K 0 0 43
K 0 85 110
K 0 0 54
A D 1 8
J N 7 19443 0 5 3457 288 0
K 0 0 43
K 24 -6 44
K 0 0 60
K 0 21 60
A D 3 8
J N 7 19489 0 5 5185 864 0
K 0 0 43
K 24 -6 44
K 0 0 60
K 0 21 60
A D 3 8
J B 53 19539 1 82 6913 864 0
J N 7 19560 0 5 1 0 0
K 0 0 43
K 24 -6 44
K 0 0 60
K 0 21 60
A D 3 8
J R 6 19606 28 2 1729 864 0
K 0 0 49
A D 1 8
J R 6 19635 28 2 2305 288 0
K 0 0 49
A D 1 8
J N 6 19664 0 3 2881 288 0
K 0 0 43
K 0 0 54
A D 1 8
J N 7 19693 0 5 3457 288 0
K 0 0 43
K 24 -6 44
K 0 0 60
K 0 21 60
A D 3 8
J N 7 19739 0 5 5185 864 0
K 0 0 43
K 24 -6 44
K 0 0 60
K 0 21 60
A D 3 8
J B 54 19789 1 82 6913 864 0
J N 7 19810 0 5 1 0 0
K 0 0 43
K 24 -6 44
K 0 0 60
K 0 21 60
A D 3 8
J R 6 19856 28 2 1729 864 0
K 0 0 49
A D 1 8
J R 6 19885 28 2 2305 288 0
K 0 0 49
A D 1 8
J N 6 19914 35 3 2881 288 0
K 0 0 43
K 0 0 53
A D 1 8
J N 7 19951 28 5 3457 288 0
K 0 0 43
K 24 -6 44
K 0 0 60
K 0 21 60
A D 3 8
J R 6 19997 28 2 5185 864 0
K 0 0 49
A D 1 8
J R 6 20026 28 2 5761 288 0
K 0 0 49
A D 1 8
J N 6 20055 28 3 6337 288 0
K 0 0 43
K 0 0 54
A D 1 8
J B 55 20088 1 82 6913 288 0
J N 7 20109 21 6 1 0 0
K 0 0 43
K 25 0 44
K 0 68 108
K 0 0 60
K 0 21 60
A D 3 8
J N 7 20155 21 5 1729 864 0
K 0 0 43
K 25 0 44
K 0 0 60
K 0 21 60
A D 3 8
J N 7 20201 21 5 3457 864 0
K 0 0 43
K 25 0 44
K 0 0 60
K 0 21 60
A D 3 8
J R 6 20247 28 2 5185 864 0
K 0 0 49
A D 1 8
J R 6 20276 28 2 5761 288 0
K 0 0 49
A D 1 8
J N 6 20305 21 3 6337 288 0
K 0 0 43
K 0 0 54
A D 1 8
J B 56 20338 1 82 6913 288 0
J N 7 20359 21 5 1 0 0
K 0 0 43
K 25 0 44
K 0 0 60
K 0 21 60
A D 3 8
J R 7 20405 28 2 1729 864 0
K 0 0 48
A D 2 8
J R 6 20443 28 2 2881 576 0
K 0 0 49
A D 1 8
J N 7 20472 21 7 3457 288 0
K 0 0 43
K 25 0 44
K 0 68 108
K 23 68 108
K 0 0 60
K 0 21 60
A D 3 8
J R 7 20518 28 2 5185 864 0
K 0 0 48
A D 2 8
J R 6 20556 28 2 6337 576 0
K 0 0 49
A D 1 8
J B 57 20589 1 82 6913 288 0
J N 7 20610 21 5 1 0 0
K 0 0 43
K 25 0 44
K 0 0 60
K 0 21 60
A D 3 8
J R 7 20656 28 2 1729 864 0
K 0 0 48
A D 2 8
J R 6 20694 28 2 2881 576 0
K 0 0 49
A D 1 8
J R 8 20723 28 3 3457 288 0
K 0 0 47
K 2 -35 101
A D 6 8
J B 0 20793 6 2 6913 1728 0
K -13 0 82
K -6 0 84
J M 0 20793 0 0 10000 0 0
