@ SOURCE: not identified 
L 0 0 14 !39Basso concerto grosso
J D 4 500 -120 1 6913 0 0
W 0 0 44 V.
J D 1 75 -37 1 6913 0 0
W 0 -56 44 V.:  Basso concerto grosso
J C 22 5 14 36 6913 0 0
J K -1 57 0 1 6913 0 0
K 0 42 65
J D 5 86 -42 1 6913 0 0
W 0 0 37 Allegro
J T 0 86 42 1 6913 0 0
K 0 0 38
J R 8 137 28 2 1 0 0
K 0 0 47
A D 2 4
J B 1 179 1 82 6913 1152 0
J R 9 200 28 2 1 10000 0
K 0 0 46
A D 4 4
J B 2 305 1 82 6913 2304 0
J R 8 326 28 2 1 0 0
K 0 0 47
A D 2 4
J N 7 364 7 4 3457 1152 0
K 0 0 43
K 0 0 60
K 0 21 60
A D 1 4
J F 0 404 98 1 5185 576 0
K 0 0 205
J N 7 404 14 5 5185 0 0
K -18 0 63
K 0 0 43
K 0 0 60
K 0 21 60
A D 1 4
J B 3 437 1 82 6913 576 0
J N 7 458 7 4 1 0 0
K 0 0 43
K 0 0 60
K 0 21 60
A D 1 4
J F 0 487 98 1 1729 576 0
K 0 0 213
J N 7 487 28 4 1729 0 0
K 0 0 43
K 0 0 60
K 0 21 60
A D 1 4
J F 0 524 98 1 3457 576 0
K 0 0 206
J N 8 524 21 5 3457 0 0
K -15 0 65
K 0 0 42
K 0 0 60
K 0 21 60
A D 2 4
J F 0 553 98 1 5185 576 0
K 0 0 205
J B 4 586 1 82 6913 576 0
J F 0 607 98 1 1 0 0
K 0 0 213
J N 8 607 28 4 1 0 0
K 0 0 42
K 0 0 60
K 0 21 60
A D 2 4
J R 8 645 28 2 3457 1152 0
K 0 0 47
A D 2 4
J B 5 687 1 82 6913 1152 0
J R 9 708 28 2 1 10000 0
K 0 0 46
A D 4 4
J B 6 813 1 82 6913 2304 0
J R 8 834 28 2 1 0 0
K 0 0 47
A D 2 4
J N 7 872 7 4 3457 1152 0
K 0 0 43
K 0 0 60
K 0 21 60
A D 1 4
J F 0 912 98 1 5185 576 0
K 0 0 205
J N 7 912 14 5 5185 0 0
K -18 0 63
K 0 0 43
K 0 0 60
K 0 21 60
A D 1 4
J B 7 945 1 82 6913 576 0
J N 7 966 7 4 1 0 0
K 0 0 43
K 0 0 60
K 0 21 60
A D 1 4
J F 0 995 98 1 1729 576 0
K 0 0 213
J N 7 995 28 4 1729 0 0
K 0 0 43
K 0 0 60
K 0 21 60
A D 1 4
J F 0 1032 98 1 3457 576 0
K 0 0 206
J N 8 1032 21 5 3457 0 0
K -15 0 65
K 0 0 42
K 0 0 60
K 0 21 60
A D 2 4
J F 0 1061 98 1 5185 576 0
K 0 0 205
J B 8 1094 1 82 6913 576 0
J F 0 1115 98 1 1 0 0
K 0 0 213
J N 8 1115 28 4 1 0 0
K 0 0 42
K 0 0 60
K 0 21 60
A D 2 4
J R 8 1153 28 2 3457 1152 0
K 0 0 47
A D 2 4
J B 9 1195 1 82 6913 1152 0
J R 9 1216 28 2 1 10000 0
K 0 0 46
A D 4 4
J B 10 1321 1 82 6913 2304 0
J R 8 1342 28 2 1 0 0
K 0 0 47
A D 2 4
J F 0 1380 98 1 3457 1152 0
K 0 0 218
J N 7 1380 7 4 3457 0 0
K 0 0 43
K 0 0 60
K 0 21 60
A D 1 4
J N 7 1420 -7 5 5185 576 0
K -14 0 64
K 0 0 43
K 0 0 60
K 0 21 60
A D 1 4
J B 11 1453 1 82 6913 576 0
J F 0 1474 98 1 1 0 0
K 0 0 219
J N 7 1474 -14 7 1 0 0
K 0 0 45
K 0 0 43
K -1 0 45
K 2 0 45
K 0 0 60
K 0 21 60
A D 1 4
J F 0 1503 98 1 1729 576 0
K 0 0 219
J N 7 1503 14 4 1729 0 0
K 0 0 43
K 0 0 60
K 0 21 60
A D 1 4
J F 0 1532 98 1 3457 576 0
K 0 0 203
J N 7 1532 7 4 3457 0 0
K 0 0 43
K 0 0 60
K 0 21 60
A D 1 4
J F 0 1561 98 1 5185 576 0
K 0 0 218
J N 7 1561 56 4 5185 0 0
K 0 0 43
K 0 0 59
K 0 -21 59
A D 1 4
J B 12 1594 1 82 6913 576 0
J F 0 1615 98 1 1 0 0
K 0 0 219
J N 8 1615 35 4 1 0 0
K 0 0 42
K 0 0 59
K 0 -21 59
A D 2 4
J R 8 1653 28 2 3457 1152 0
K 0 0 47
A D 2 4
J B 13 1695 1 82 6913 1152 0
J R 8 1716 28 2 1 0 0
K 0 0 47
A D 2 4
J F 0 1754 98 1 3457 1152 0
K 0 0 219
J N 7 1754 -14 7 3457 0 0
K 0 0 45
K 0 0 43
K -1 0 45
K 2 0 45
K 0 0 60
K 0 21 60
A D 1 4
J F 0 1790 98 1 5185 576 0
K 0 0 205
J N 7 1790 -7 5 5185 0 0
K -14 0 64
K 0 0 43
K 0 0 60
K 0 21 60
A D 1 4
J B 14 1823 1 82 6913 576 0
J F 0 1844 98 1 1 0 0
K 0 0 219
J N 7 1844 -14 7 1 0 0
K 0 0 45
K 0 0 43
K -1 0 45
K 2 0 45
K 0 0 60
K 0 21 60
A D 1 4
J F 0 1873 98 1 1729 576 0
K 0 0 218
J N 7 1873 7 4 1729 0 0
K 0 0 43
K 0 0 60
K 0 21 60
A D 1 4
J R 8 1902 28 2 3457 576 0
K 0 0 47
A D 2 4
J B 15 1944 1 82 6913 1152 0
J R 8 1965 28 2 1 0 0
K 0 0 47
A D 2 4
J N 7 2003 -21 7 3457 1152 0
K 0 7 45
K 0 0 43
K 0 7 45
K 1 7 45
K 0 0 60
K 0 21 60
A D 1 4
J F 0 2043 98 1 5185 576 0
K 0 0 205
J N 7 2043 -14 8 5185 0 0
K 0 0 45
K -18 0 63
K 0 0 43
K -1 0 45
K 2 0 45
K 0 0 60
K 0 21 60
A D 1 4
J B 16 2076 1 82 6913 576 0
J N 7 2097 -21 7 1 0 0
K 0 7 45
K 0 0 43
K 0 7 45
K 1 7 45
K 0 0 60
K 0 21 60
A D 1 4
J F 0 2126 98 1 1729 576 0
K 0 0 213
J N 7 2126 0 4 1729 0 0
K 0 0 43
K 0 0 60
K 0 21 60
A D 1 4
J R 8 2155 28 2 3457 576 0
K 0 0 47
A D 2 4
J B 17 2197 1 82 6913 1152 0
J F 0 2218 98 1 1 0 0
K 0 0 205
J N 7 2218 -21 7 1 0 0
K 0 7 45
K 0 0 43
K 0 7 45
K 1 7 45
K 0 0 60
K 0 21 60
A D 1 4
J F 0 2247 98 1 1729 576 0
K 0 0 205
J N 7 2247 -14 7 1729 0 0
K 0 0 45
K 0 0 43
K -1 0 45
K 2 0 45
K 0 0 60
K 0 21 60
A D 1 4
J R 8 2276 28 2 3457 576 0
K 0 0 47
A D 2 4
J B 18 2318 1 82 6913 1152 0
J F 0 2339 98 1 1 0 0
K 0 0 205
J N 7 2339 -7 4 1 0 0
K 0 0 43
K 0 0 60
K 0 21 60
A D 1 4
J F 0 2368 98 1 1729 576 0
K 0 0 205
J N 7 2368 0 4 1729 0 0
K 0 0 43
K 0 0 60
K 0 21 60
A D 1 4
J R 8 2397 28 2 3457 576 0
K 0 0 47
A D 2 4
J B 19 2439 1 82 6913 1152 0
J F 0 2460 98 1 1 0 0
K 0 0 216
J N 7 2460 21 4 1 0 0
K 0 0 43
K 0 0 60
K 0 21 60
A D 1 4
J N 7 2489 28 4 1729 576 0
K 0 0 43
K 0 0 60
K 0 21 60
A D 1 4
J F 0 2518 98 1 3457 576 0
K 0 0 203
J N 7 2518 0 4 3457 0 0
K 0 0 43
K 0 0 60
K 0 21 60
A D 1 4
J F 0 2547 98 1 5185 576 0
K 0 0 213
J N 7 2547 49 4 5185 0 0
K 0 0 43
K 0 0 59
K 0 -21 59
A D 1 4
J B 20 2580 1 82 6913 576 0
J N 8 2601 28 4 1 0 0
K 0 0 42
K 0 0 60
K 0 21 60
A D 2 4
J R 8 2639 28 2 3457 1152 0
K 0 0 47
A D 2 4
J B 21 2681 1 82 6913 1152 0
J F 0 2702 98 1 1 0 0
K 0 0 205
J N 7 2702 -21 8 1 0 0
K 0 7 45
K 0 0 43
K 0 7 45
K 1 7 45
K 0 99 108
K 0 0 60
K 0 21 60
A D 1 4
J F 0 2731 98 1 1729 576 0
K 0 0 205
J N 7 2731 -14 7 1729 0 0
K 0 0 45
K 0 0 43
K -1 0 45
K 2 0 45
K 0 0 60
K 0 21 60
A D 1 4
J R 8 2760 28 2 3457 576 0
K 0 0 47
A D 2 4
J B 22 2802 1 82 6913 1152 0
J F 0 2823 98 1 1 0 0
K 0 0 205
J N 7 2823 -7 4 1 0 0
K 0 0 43
K 0 0 60
K 0 21 60
A D 1 4
J F 0 2852 98 1 1729 576 0
K 0 0 205
J N 7 2852 0 4 1729 0 0
K 0 0 43
K 0 0 60
K 0 21 60
A D 1 4
J R 8 2881 28 2 3457 576 0
K 0 0 47
A D 2 4
J B 23 2923 1 82 6913 1152 0
J F 0 2944 98 1 1 0 0
K 0 0 216
J N 7 2944 21 4 1 0 0
K 0 0 43
K 0 0 60
K 0 21 60
A D 1 4
J N 7 2973 28 4 1729 576 0
K 0 0 43
K 0 0 60
K 0 21 60
A D 1 4
J F 0 3002 98 1 3457 576 0
K 0 0 203
J N 7 3002 0 4 3457 0 0
K 0 0 43
K 0 0 60
K 0 21 60
A D 1 4
J F 0 3031 98 1 5185 576 0
K 0 0 213
J N 7 3031 49 4 5185 0 0
K 0 0 43
K 0 0 59
K 0 -21 59
A D 1 4
J B 24 3064 1 82 6913 576 0
J N 8 3085 28 4 1 0 0
K 0 0 42
K 0 0 60
K 0 21 60
A D 2 4
J B 0 3149 10 6 6913 1152 0
K -22 21 44
K -22 35 44
K -12 0 84
K 0 0 84
K 11 21 44
K 11 35 44
J R 8 3186 28 2 1 0 0
K 0 0 47
A D 2 4
J B 25 3228 1 82 6913 1152 0
J R 9 3249 28 2 1 10000 0
K 0 0 46
A D 4 4
J B 26 3354 1 82 6913 2304 0
J R 9 3375 28 2 1 10000 0
K 0 0 46
A D 4 4
J B 27 3480 1 82 6913 2304 0
J N 7 3501 -7 4 1 0 0
K 0 0 43
K 0 0 60
K 0 21 60
A D 1 4
J N 7 3530 42 4 1729 576 0
K 0 0 43
K 0 0 59
K 0 -21 59
A D 1 4
J R 8 3559 28 2 3457 576 0
K 0 0 47
A D 2 4
J B 28 3601 1 82 6913 1152 0
J N 7 3622 -7 4 1 0 0
K 0 0 43
K 0 0 60
K 0 21 60
A D 1 4
J N 7 3651 42 4 1729 576 0
K 0 0 43
K 0 0 59
K 0 -21 59
A D 1 4
J R 8 3680 28 2 3457 576 0
K 0 0 47
A D 2 4
J B 29 3722 1 82 6913 1152 0
J R 9 3743 28 2 1 10000 0
K 0 0 46
A D 4 4
J B 30 3848 1 82 6913 2304 0
J R 8 3869 28 2 1 0 0
K 0 0 47
A D 2 4
J F 0 3907 98 1 3457 1152 0
K 0 0 205
J N 7 3907 -21 7 3457 0 0
K 0 7 45
K 0 0 43
K 0 7 45
K 1 7 45
K 0 0 60
K 0 21 60
A D 1 4
J N 7 3936 28 4 5185 576 0
K 0 0 43
K 0 0 60
K 0 21 60
A D 1 4
J B 31 3969 1 82 6913 576 0
J F 0 3994 98 1 1 0 0
K 0 0 205
J N 7 3994 21 5 1 0 0
K -15 0 65
K 0 0 43
K 0 0 60
K 0 21 60
A D 1 4
J F 0 4023 98 1 1729 576 0
K 0 0 205
J N 7 4023 28 4 1729 0 0
K 0 0 43
K 0 0 60
K 0 21 60
A D 1 4
J R 8 4052 28 2 3457 576 0
K 0 0 47
A D 2 4
J B 32 4094 1 82 6913 1152 0
J R 8 4115 28 2 1 0 0
K 0 0 47
A D 2 4
J F 0 4160 98 1 3457 1152 0
K 0 0 205
J N 7 4160 21 5 3457 0 0
K -15 0 65
K 0 0 43
K 0 0 60
K 0 21 60
A D 1 4
J F 0 4189 98 1 5185 576 0
K 0 0 205
J N 7 4189 14 4 5185 0 0
K 0 0 43
K 0 0 60
K 0 21 60
A D 1 4
J B 33 4222 1 82 6913 576 0
J F 0 4243 98 2 1 0 0
K 0 0 205
K 15 0 219
J N 7 4243 7 4 1 0 0
K 0 0 43
K 0 0 60
K 0 21 60
A D 1 4
J F 0 4278 98 1 1729 576 0
K 0 0 205
J N 7 4278 14 4 1729 0 0
K 0 0 43
K 0 0 60
K 0 21 60
A D 1 4
J R 8 4307 28 2 3457 576 0
K 0 0 47
A D 2 4
J B 34 4349 1 82 6913 1152 0
J R 8 4370 28 2 1 0 0
K 0 0 47
A D 2 4
J N 7 4408 -7 4 3457 1152 0
K 0 0 43
K 0 0 60
K 0 21 60
A D 1 4
J N 7 4441 21 5 5185 576 0
K -15 0 65
K 0 0 43
K 0 0 60
K 0 21 60
A D 1 4
J B 35 4474 1 82 6913 576 0
J F 0 4495 98 2 1 0 0
K 0 0 206
K 15 0 219
J N 7 4495 14 4 1 0 0
K 0 0 43
K 0 0 60
K 0 21 60
A D 1 4
J N 7 4530 42 4 1729 576 0
K 0 0 43
K 0 0 59
K 0 -21 59
A D 1 4
J F 0 4559 98 1 3457 576 0
K 0 0 203
J N 7 4559 14 4 3457 0 0
K 0 0 43
K 0 0 60
K 0 21 60
A D 1 4
J F 0 4588 98 1 5185 576 0
K 0 0 202
J N 7 4588 63 4 5185 0 0
K 0 0 43
K 0 0 59
K 0 -21 59
A D 1 4
J B 36 4621 1 82 6913 576 0
J N 8 4642 42 4 1 0 0
K 0 0 42
K 0 0 59
K 0 -21 59
A D 2 4
J R 8 4680 28 2 3457 1152 0
K 0 0 47
A D 2 4
J B 37 4722 1 82 6913 1152 0
J F 0 4743 98 1 1 0 0
K 0 0 205
J N 8 4743 28 6 1 0 0
K -15 0 65
K 0 0 42
K 0 67 108
K 0 0 60
K 0 21 60
A D 2 4
J R 8 4781 28 2 3457 1152 0
K 0 0 47
A D 2 4
J B 38 4823 1 82 6913 1152 0
J F 0 4844 98 1 1 0 0
K 0 0 219
J N 8 4844 21 5 1 0 0
K -15 0 65
K 0 0 42
K 0 0 60
K 0 21 60
A D 2 4
J R 8 4882 28 2 3457 1152 0
K 0 0 47
A D 2 4
J B 39 4924 1 82 6913 1152 0
J N 7 4945 14 5 1 0 0
K 0 0 43
K 0 77 110
K 0 0 60
K 0 21 60
A D 1 4
J F 0 4974 98 1 1729 576 0
K 0 0 219
J N 7 4974 42 4 1729 0 0
K 0 0 43
K 0 0 59
K 0 -21 59
A D 1 4
J F 0 5003 98 1 3457 576 0
K 0 0 203
J N 7 5003 14 4 3457 0 0
K 0 0 43
K 0 0 60
K 0 21 60
A D 1 4
J F 0 5032 98 1 5185 576 0
K 0 0 202
J N 7 5032 63 4 5185 0 0
K 0 0 43
K 0 0 59
K 0 -21 59
A D 1 4
J B 40 5065 1 82 6913 576 0
J N 8 5086 42 4 1 0 0
K 0 0 42
K 0 0 59
K 0 -21 59
A D 2 4
J R 8 5124 28 2 3457 1152 0
K 0 0 47
A D 2 4
J B 41 5166 1 82 6913 1152 0
J F 0 5187 98 1 1 0 0
K 0 0 218
J N 8 5187 7 5 1 0 0
K 0 0 42
K 0 74 108
K 0 0 60
K 0 21 60
A D 2 4
J R 8 5225 28 2 3457 1152 0
K 0 0 47
A D 2 4
J B 42 5267 1 82 6913 1152 0
J F 0 5288 98 1 1 0 0
K 0 0 218
J N 7 5288 7 5 1 0 0
K 0 0 43
K 0 78 110
K 0 0 60
K 0 21 60
A D 1 4
J N 7 5317 35 4 1729 576 0
K 0 0 43
K 0 0 59
K 0 -21 59
A D 1 4
J N 7 5346 7 4 3457 576 0
K 0 0 43
K 0 0 60
K 0 21 60
A D 1 4
J F 0 5375 98 1 5185 576 0
K 0 0 218
J N 7 5375 56 4 5185 0 0
K 0 0 43
K 0 0 59
K 0 -21 59
A D 1 4
J B 43 5408 1 82 6913 576 0
J N 8 5429 35 4 1 0 0
K 0 0 42
K 0 0 59
K 0 -21 59
A D 2 4
J R 8 5467 28 2 3457 1152 0
K 0 0 47
A D 2 4
J B 44 5509 1 82 6913 1152 0
J F 0 5530 98 1 1 0 0
K 0 0 213
J N 8 5530 0 5 1 0 0
K 0 0 42
K 0 79 108
K 0 0 60
K 0 21 60
A D 2 4
J R 8 5568 28 2 3457 1152 0
K 0 0 47
A D 2 4
J B 45 5610 1 82 6913 1152 0
J F 0 5631 98 1 1 0 0
K 0 0 213
J N 7 5631 0 5 1 0 0
K 0 0 43
K 0 85 110
K 0 0 60
K 0 21 60
A D 1 4
J N 7 5660 28 4 1729 576 0
K 0 0 43
K 0 0 60
K 0 21 60
A D 1 4
J F 0 5689 98 1 3457 576 0
K 0 0 203
J N 7 5689 0 4 3457 0 0
K 0 0 43
K 0 0 60
K 0 21 60
A D 1 4
J F 0 5718 98 1 5185 576 0
K 0 0 213
J N 7 5718 49 4 5185 0 0
K 0 0 43
K 0 0 59
K 0 -21 59
A D 1 4
J B 46 5751 1 82 6913 576 0
J N 8 5772 28 4 1 0 0
K 0 0 42
K 0 0 60
K 0 21 60
A D 2 4
J R 8 5810 28 2 3457 1152 0
K 0 0 47
A D 2 4
J B 47 5852 1 82 6913 1152 0
J R 9 5873 28 2 1 10000 0
K 0 0 46
A D 4 4
J B 48 5978 1 82 6913 2304 0
J R 8 5999 28 2 1 0 0
K 0 0 47
A D 2 4
J N 7 6037 7 4 3457 1152 0
K 0 0 43
K 0 0 60
K 0 21 60
A D 1 4
J F 0 6077 98 1 5185 576 0
K 0 0 205
J N 7 6077 14 5 5185 0 0
K -18 0 63
K 0 0 43
K 0 0 60
K 0 21 60
A D 1 4
J B 49 6110 1 82 6913 576 0
J N 7 6131 7 4 1 0 0
K 0 0 43
K 0 0 60
K 0 21 60
A D 1 4
J F 0 6160 98 1 1729 576 0
K 0 0 213
J N 7 6160 28 4 1729 0 0
K 0 0 43
K 0 0 60
K 0 21 60
A D 1 4
J F 0 6197 98 1 3457 576 0
K 0 0 206
J N 8 6197 21 5 3457 0 0
K -15 0 65
K 0 0 42
K 0 0 60
K 0 21 60
A D 2 4
J F 0 6226 98 1 5185 576 0
K 0 0 205
J B 50 6259 1 82 6913 576 0
J F 0 6280 98 1 1 0 0
K 0 0 213
J N 8 6280 28 4 1 0 0
K 0 0 42
K 0 0 60
K 0 21 60
A D 2 4
J R 8 6318 28 2 3457 1152 0
K 0 0 47
A D 2 4
J B 51 6360 1 82 6913 1152 0
J R 9 6381 28 2 1 10000 0
K 0 0 46
A D 4 4
J B 52 6486 1 82 6913 2304 0
J R 8 6507 28 2 1 0 0
K 0 0 47
A D 2 4
J F 0 6545 98 1 3457 1152 0
K 0 0 205
J N 7 6545 -7 4 3457 0 0
K 0 0 43
K 0 0 60
K 0 21 60
A D 1 4
J F 0 6574 98 1 5185 576 0
K 0 0 204
J N 7 6574 42 4 5185 0 0
K 0 0 43
K 0 0 59
K 0 -21 59
A D 1 4
J B 53 6607 1 82 6913 576 0
J F 0 6628 98 1 1 0 0
K 0 0 219
J N 8 6628 35 5 1 0 0
K 0 0 42
K 25 0 44
K 0 0 59
K 0 -21 59
A D 3 4
J N 7 6674 35 4 5185 1728 0
K 0 0 43
K 0 0 59
K 0 -21 59
A D 1 4
J B 54 6707 1 82 6913 576 0
J F 0 6728 98 1 1 0 0
K 0 0 213
J N 8 6728 28 4 1 0 0
K 0 0 42
K 0 0 60
K 0 21 60
A D 2 4
J R 8 6766 28 2 3457 1152 0
K 0 0 47
A D 2 4
J B 55 6808 1 82 6913 1152 0
J R 9 6829 28 2 1 10000 0
K 0 0 46
A D 4 4
J B 56 6934 1 82 6913 2304 0
J R 8 6955 28 2 1 0 0
K 0 0 47
A D 2 4
J F 0 6993 98 1 3457 1152 0
K 0 0 205
J N 8 6993 42 4 3457 0 0
K 0 0 42
K 0 0 59
K 0 -21 59
A D 2 4
J B 57 7035 1 82 6913 1152 0
J F 0 7056 98 1 1 0 0
K 0 0 219
J N 8 7056 35 4 1 0 0
K 0 0 42
K 0 0 59
K 0 -21 59
A D 2 4
J F 0 7094 98 1 3457 1152 0
K 0 0 213
J N 8 7094 28 4 3457 0 0
K 0 0 42
K 0 0 60
K 0 21 60
A D 2 4
J B 58 7136 1 82 6913 1152 0
J N 8 7160 21 5 1 0 0
K -15 0 65
K 0 0 42
K 0 0 60
K 0 21 60
A D 2 4
J F 0 7198 98 1 3457 1152 0
K 0 0 205
J N 8 7198 42 4 3457 0 0
K 0 0 42
K 0 0 59
K 0 -21 59
A D 2 4
J B 59 7240 1 82 6913 1152 0
J F 0 7261 98 3 1 0 0
K 0 0 205
K 0 21 214
K 0 42 219
J N 8 7261 35 4 1 0 0
K 0 0 42
K 0 0 59
K 0 -21 59
A D 2 4
J F 0 7292 98 2 1729 576 0
K 0 0 206
K 0 21 204
J F 0 7321 98 1 3457 576 0
K 0 0 203
J N 8 7321 28 4 3457 0 0
K 0 0 42
K 0 0 60
K 0 21 60
A D 2 4
J F 0 7350 98 1 5185 576 0
K 0 0 213
J B 60 7383 1 82 6913 576 0
J N 7 7404 7 4 1 0 0
K 0 0 43
K 0 0 60
K 0 21 60
A D 1 4
J N 7 7433 14 4 1729 576 0
K 0 0 43
K 0 0 60
K 0 21 60
A D 1 4
J N 7 7474 21 5 3457 576 0
K -15 0 65
K 0 0 43
K 0 0 60
K 0 21 60
A D 1 4
J N 7 7503 28 4 5185 576 0
K 0 0 43
K 0 0 60
K 0 21 60
A D 1 4
J B 61 7536 1 82 6913 576 0
J N 7 7561 21 5 1 0 0
K -15 0 65
K 0 0 43
K 0 0 60
K 0 21 60
A D 1 4
J N 7 7590 28 4 1729 576 0
K 0 0 43
K 0 0 60
K 0 21 60
A D 1 4
J N 7 7619 35 4 3457 576 0
K 0 0 43
K 0 0 59
K 0 -21 59
A D 1 4
J N 7 7659 42 5 5185 576 0
K -14 0 64
K 0 0 43
K 0 0 59
K 0 -21 59
A D 1 4
J B 62 7692 1 82 6913 576 0
J N 7 7713 35 4 1 0 0
K 0 0 43
K 0 0 59
K 0 -21 59
A D 1 4
J N 7 7742 7 4 1729 576 0
K 0 0 43
K 0 0 60
K 0 21 60
A D 1 4
J F 0 7775 98 1 3457 576 0
K 0 0 205
J N 7 7775 42 5 3457 0 0
K -14 0 64
K 0 0 43
K 0 0 59
K 0 -21 59
A D 1 4
J N 7 7804 7 4 5185 576 0
K 0 0 43
K 0 0 60
K 0 21 60
A D 1 4
J B 63 7837 1 82 6913 576 0
J N 7 7858 35 7 1 0 0
K 0 0 43
K -8 44 195
K 0 49 251
K 18 44 196
K 0 0 59
K 0 -21 59
A D 1 4
J N 7 7887 7 4 1729 576 0
K 0 0 43
K 0 0 60
K 0 21 60
A D 1 4
J F 0 7920 98 1 3457 576 0
K 0 0 205
J N 7 7920 42 5 3457 0 0
K -14 0 64
K 0 0 43
K 0 0 59
K 0 -21 59
A D 1 4
J N 7 7949 7 4 5185 576 0
K 0 0 43
K 0 0 60
K 0 21 60
A D 1 4
J B 64 7982 1 82 6913 576 0
J N 7 8003 35 7 1 0 0
K 0 0 43
K -11 44 195
K 0 49 253
K 22 44 196
K 0 0 59
K 0 -21 59
A D 1 4
J N 7 8032 28 4 1729 576 0
K 0 0 43
K 0 0 60
K 0 21 60
A D 1 4
J N 7 8073 21 5 3457 576 0
K -15 0 65
K 0 0 43
K 0 0 60
K 0 21 60
A D 1 4
J N 7 8102 35 4 5185 576 0
K 0 0 43
K 0 0 59
K 0 -21 59
A D 1 4
J B 65 8135 1 82 6913 576 0
J F 0 8156 98 2 1 0 0
K 0 0 206
K 0 21 213
J N 7 8156 28 4 1 0 0
K 0 0 43
K 0 0 60
K 0 21 60
A D 1 4
J N 7 8185 56 4 1729 576 0
K 0 0 43
K 0 0 59
K 0 -21 59
A D 1 4
J F 0 8214 98 1 3457 576 0
K 0 0 203
J N 7 8214 28 4 3457 0 0
K 0 0 43
K 0 0 60
K 0 21 60
A D 1 4
J F 0 8243 98 1 5185 576 0
K 0 0 213
J N 7 8243 28 4 5185 0 0
K 0 0 43
K 0 0 60
K 0 21 60
A D 1 4
J B 66 8276 1 82 6913 576 0
J N 8 8297 7 4 1 0 0
K 0 0 42
K 0 0 60
K 0 21 60
A D 2 4
J R 7 8335 28 2 3457 1152 0
K 0 0 48
A D 1 4
J F 0 8364 98 1 5185 576 0
K 0 0 219
J N 7 8364 35 5 5185 0 0
K 0 0 43
K 0 44 108
K 0 0 59
K 0 -21 59
A D 1 4
J B 67 8397 1 82 6913 576 0
J F 0 8418 98 2 1 0 0
K 0 0 206
K 0 21 213
J N 7 8418 28 4 1 0 0
K 0 0 43
K 0 0 60
K 0 21 60
A D 1 4
J N 7 8447 56 4 1729 576 0
K 0 0 43
K 0 0 59
K 0 -21 59
A D 1 4
J F 0 8476 98 1 3457 576 0
K 0 0 203
J N 7 8476 28 4 3457 0 0
K 0 0 43
K 0 0 60
K 0 21 60
A D 1 4
J F 0 8505 98 1 5185 576 0
K 0 0 213
J N 7 8505 77 7 5185 0 0
K 1 -7 45
K 0 0 43
K 0 -7 45
K 1 -7 45
K 0 0 59
K 0 -21 59
A D 1 4
J B 68 8538 1 82 6913 576 0
J N 8 8559 56 5 1 0 1 1
K 0 0 42
K 24 -6 44
K 0 0 59
K 0 -21 59
A D 3 4
J B 69 8617 5 2 6913 1728 0
K -8 0 82
K 0 0 82
J C 22 8622 14 36 6913 0 0
J K 0 8674 0 1 6913 0 0
K 0 42 64
J D 5 8703 -42 1 6913 0 0
W 0 0 37 Largo
J T 1208 8724 0 3 6913 0 0
K 0 28 73
K -21 28 72
K -10 56 79
J N 7 8763 56 5 1 0 1 1
K 0 0 43
K 24 -6 44
K 0 0 59
K 0 -21 59
A D 3 8
H 1 T 56 0 0 0 0 0 13 0
J R 7 8809 28 2 1729 864 0
K 0 0 48
A D 2 8
J R 6 8847 28 2 2881 576 0
K 0 0 49
A D 1 8
J R 8 8876 28 2 3457 288 0
K 0 0 47
A D 6 8
J B 2 8933 1 82 6913 1728 0
J R 9 8954 28 2 1 10000 0
K 0 0 46
A D 12 8
J B 3 9059 1 82 6913 3456 0
J R 9 9080 28 2 1 10000 0
K 0 0 46
A D 12 8
J B 4 9185 1 82 6913 3456 0
J R 9 9206 28 2 1 10000 0
K 0 0 46
A D 12 8
J B 5 9311 1 82 6913 3456 0
J R 9 9332 28 2 1 10000 0
K 0 0 46
A D 12 8
J B 6 9437 1 82 6913 3456 0
J N 7 9458 56 4 1 0 0
K 0 0 43
K 0 0 59
K 0 -21 59
A D 2 8
J N 6 9496 49 3 1153 576 0
K 0 0 43
K 0 0 53
A D 1 8
J N 7 9533 42 4 1729 288 0
K 0 0 43
K 0 0 59
K 0 -21 59
A D 2 8
J N 6 9571 56 3 2881 576 0
K 0 0 43
K 0 0 53
A D 1 8
J N 7 9608 35 4 3457 288 0
K 0 0 43
K 0 0 59
K 0 -21 59
A D 2 8
J N 6 9646 42 3 4609 576 0
K 0 0 43
K 0 0 53
A D 1 8
J N 6 9683 35 2 5185 288 1 2
K 0 0 43
A D 1 8
J N 6 9712 42 2 5761 288 1 2
K 0 0 43
A D 1 8
J N 6 9741 49 2 6337 288 1 2
K 0 0 43
A D 1 8
H 2 B 0 0 108 3 2 1 3
J B 7 9774 1 82 6913 288 0
J F 0 9795 98 1 1 0 0
K 0 0 205
J N 7 9795 42 4 1 0 0
K 0 0 43
K 0 0 59
K 0 -21 59
A D 2 8
J N 6 9833 49 3 1153 576 0
K 0 0 43
K 0 0 53
A D 1 8
J N 7 9870 42 4 1729 288 0
K 0 0 43
K 0 0 59
K 0 -21 59
A D 2 8
J N 6 9908 56 3 2881 576 0
K 0 0 43
K 0 0 53
A D 1 8
J F 0 9942 98 2 3457 288 0
K 0 0 205
K 0 21 204
J N 6 9942 35 2 3457 0 1 3
K 0 0 43
A D 1 8
J N 6 9971 42 2 4033 288 1 3
K 0 0 43
A D 1 8
J N 6 10000 35 2 4609 288 1 3
K 0 0 43
A D 1 8
H 3 B 0 0 108 3 2 1 3
J F 0 10029 98 1 5185 288 0
K 0 0 213
J N 7 10029 28 4 5185 0 0
K 0 0 43
K 0 0 60
K 0 21 60
A D 2 8
J N 6 10067 77 7 6337 576 0
K 1 -7 45
K 0 0 43
K 0 -7 45
K 1 -7 45
K 0 0 59
K 0 0 53
A D 1 8
J B 8 10111 1 82 6913 288 0
J N 7 10132 56 5 1 0 0
K 0 0 43
K 24 -6 44
K 0 0 59
K 0 -21 59
A D 3 8
J R 7 10178 28 2 1729 864 0
K 0 0 48
A D 2 8
J R 6 10216 28 2 2881 576 0
K 0 0 49
A D 1 8
J R 8 10245 28 2 3457 288 0
K 0 0 47
A D 6 8
J B 9 10302 1 82 6913 1728 0
J R 9 10323 28 2 1 10000 0
K 0 0 46
A D 12 8
J B 10 10428 1 82 6913 3456 0
J R 9 10449 28 2 1 10000 0
K 0 0 46
A D 12 8
J B 11 10554 1 82 6913 3456 0
J R 7 10575 28 2 1 0 0
K 0 0 48
A D 2 8
J R 6 10613 28 2 1153 576 0
K 0 0 49
A D 1 8
J R 6 10642 28 2 1729 288 0
K 0 0 49
A D 1 8
J R 6 10671 28 2 2305 288 0
K 0 0 49
A D 1 8
J F 0 10707 98 1 2881 288 0
K 0 0 205
J N 6 10707 14 4 2881 0 0
K -18 0 63
K 0 0 43
K 0 0 54
A D 1 8
J N 7 10736 7 4 3457 288 0
K 0 0 43
K 0 0 60
K 0 21 60
A D 2 8
J F 0 10774 98 1 4609 576 0
K 0 0 213
J N 6 10774 28 3 4609 0 0
K 0 0 43
K 0 0 54
A D 1 8
J F 0 10803 98 1 5185 288 0
K 0 0 203
J N 7 10803 0 4 5185 0 0
K 0 0 43
K 0 0 60
K 0 21 60
A D 2 8
J F 0 10841 98 1 6337 576 0
K 0 0 213
J N 6 10841 49 3 6337 0 0
K 0 0 43
K 0 0 53
A D 1 8
J B 12 10885 1 82 6913 288 0
J F 0 10906 98 1 1 0 0
K 0 0 213
J N 7 10906 28 5 1 0 0
K 0 0 43
K 24 -6 44
K 0 0 60
K 0 21 60
A D 3 8
J N 7 10952 -21 8 1729 864 0
K 0 7 45
K 0 0 43
K 0 7 45
K 1 7 45
K 25 0 44
K 0 0 60
K 0 21 60
A D 3 8
J F 0 10998 98 2 3457 864 0
K 0 0 205
K 0 21 203
J N 8 10998 -21 8 3457 0 0
K 0 7 45
K 0 0 42
K 0 7 45
K 1 7 45
K 25 0 44
K 0 0 60
K 0 21 60
A D 6 8
J B 13 11070 1 82 6913 1728 0
J F 0 11091 98 1 1 0 0
K 0 0 213
J N 7 11091 -21 8 1 0 0
K 0 7 45
K 0 0 43
K 0 7 45
K 1 7 45
K 25 0 44
K 0 0 60
K 0 21 60
A D 3 8
J N 7 11137 7 5 1729 864 0
K 0 0 43
K 25 0 44
K 0 0 60
K 0 21 60
A D 3 8
J F 0 11183 98 2 3457 864 0
K 0 0 205
K 0 21 203
J N 8 11183 7 5 3457 0 0
K 0 0 42
K 25 0 44
K 0 0 60
K 0 21 60
A D 6 8
J B 14 11255 1 82 6913 1728 0
J F 0 11276 98 1 1 0 0
K 0 0 204
J N 7 11276 7 4 1 0 0
K 0 0 43
K 0 0 60
K 0 21 60
A D 2 8
J N 6 11314 0 3 1153 576 0
K 0 0 43
K 0 0 54
A D 1 8
J N 7 11343 -7 4 1729 288 0
K 0 0 43
K 0 0 60
K 0 21 60
A D 2 8
J N 6 11381 42 3 2881 576 0
K 0 0 43
K 0 0 53
A D 1 8
J F 0 11415 98 1 3457 288 0
K 0 0 206
J N 7 11415 21 5 3457 0 0
K 0 0 43
K 25 0 44
K 0 0 60
K 0 21 60
A D 3 8
J F 0 11453 98 1 4609 576 0
K 0 0 205
J F 0 11482 98 2 5185 288 0
K 0 0 206
K 0 21 213
J N 7 11482 28 5 5185 0 0
K 0 0 43
K 24 -6 44
K 0 0 60
K 0 21 60
A D 3 8
J F 0 11520 98 1 6337 576 0
K 0 0 205
J B 15 11553 1 82 6913 288 0
J F 0 11574 98 1 1 0 0
K 0 0 206
J N 7 11574 35 5 1 0 0
K 0 0 43
K 25 0 44
K 0 0 59
K 0 -21 59
A D 3 8
J F 0 11612 98 1 1153 576 0
K 0 0 205
J F 0 11641 98 1 1729 288 0
K 0 0 206
J N 7 11641 42 5 1729 0 0
K 0 0 43
K 24 -6 44
K 0 0 59
K 0 -21 59
A D 3 8
J F 0 11679 98 1 2881 576 0
K 0 0 205
J F 0 11708 98 1 3457 288 0
K 0 0 204
J N 7 11708 49 5 3457 0 0
K 0 0 43
K 25 0 44
K 0 0 59
K 0 -21 59
A D 3 8
J F 0 11746 98 1 4609 576 0
K 0 0 216
J N 7 11775 56 5 5185 288 0
K 0 0 43
K 24 -6 44
K 0 0 59
K 0 -21 59
A D 3 8
J B 16 11825 1 82 6913 864 0
J F 0 11846 98 1 1 0 0
K 0 0 213
J N 7 11846 28 5 1 0 0
K 0 0 43
K 24 -6 44
K 0 0 60
K 0 21 60
A D 3 8
J R 7 11892 28 2 1729 864 0
K 0 0 48
A D 2 8
J R 6 11930 28 2 2881 576 0
K 0 0 49
A D 1 8
J R 8 11959 28 2 3457 288 0
K 0 0 47
A D 6 8
J B 17 12016 1 82 6913 1728 0
J R 9 12037 28 2 1 10000 0
K 0 0 46
A D 12 8
J B 18 12142 1 82 6913 3456 0
J R 9 12163 28 2 1 10000 0
K 0 0 46
A D 12 8
J B 19 12268 1 82 6913 3456 0
J R 7 12289 28 2 1 0 0
K 0 0 48
A D 2 8
J R 6 12327 28 2 1153 576 0
K 0 0 49
A D 1 8
J R 6 12356 28 2 1729 288 0
K 0 0 49
A D 1 8
J R 6 12385 28 2 2305 288 0
K 0 0 49
A D 1 8
J F 0 12414 98 1 2881 288 0
K 0 0 205
J N 6 12414 -7 3 2881 0 0
K 0 0 43
K 0 0 54
A D 1 8
J N 7 12443 0 4 3457 288 0
K 0 0 43
K 0 0 60
K 0 21 60
A D 2 8
J N 6 12481 7 3 4609 576 0
K 0 0 43
K 0 0 54
A D 1 8
J F 0 12510 98 2 5185 288 0
K 0 0 205
K 0 21 204
J N 7 12510 35 4 5185 0 0
K 0 0 43
K 0 0 59
K 0 -21 59
A D 2 8
J F 0 12548 98 1 6337 576 0
K 0 0 213
J N 6 12548 28 3 6337 0 0
K 0 0 43
K 0 0 54
A D 1 8
J B 20 12581 1 82 6913 288 0
J N 7 12602 56 4 1 0 0
K 0 0 43
K 0 0 59
K 0 -21 59
A D 2 8
J N 6 12640 49 3 1153 576 0
K 0 0 43
K 0 0 53
A D 1 8
J N 7 12677 42 4 1729 288 0
K 0 0 43
K 0 0 59
K 0 -21 59
A D 2 8
J N 6 12715 56 3 2881 576 0
K 0 0 43
K 0 0 53
A D 1 8
J N 7 12752 35 4 3457 288 0
K 0 0 43
K 0 0 59
K 0 -21 59
A D 2 8
J N 6 12790 84 8 4609 576 0
K 1 -14 45
K 1 0 45
K 0 0 43
K -1 0 45
K 2 0 45
K 0 0 59
K 0 -7 53
A D 1 8
J F 0 12824 98 1 5185 288 0
K 0 0 205
J R 6 12830 28 2 5185 0 0
K 0 0 49
A D 1 8
J R 6 12859 28 2 5761 288 0
K 0 0 49
A D 1 8
J N 6 12899 35 4 6337 288 0
K -18 0 63
K 0 0 43
K 0 0 53
A D 1 8
J B 21 12943 1 82 6913 288 0
J F 0 12964 98 1 1 0 0
K 0 0 213
J N 7 12964 28 4 1 0 0
K 0 0 43
K 0 0 60
K 0 21 60
A D 2 8
J N 6 13002 77 7 1153 576 0
K 1 -7 45
K 0 0 43
K 0 -7 45
K 1 -7 45
K 0 0 59
K 0 0 53
A D 1 8
J F 0 13036 98 1 1729 288 0
K 0 0 205
J R 6 13042 28 2 1729 0 0
K 0 0 49
A D 1 8
J R 6 13071 28 2 2305 288 0
K 0 0 49
A D 1 8
J N 6 13111 28 4 2881 288 0
K -18 0 63
K 0 0 43
K 0 0 54
A D 1 8
J N 7 13140 21 4 3457 288 0
K 0 0 43
K 0 0 60
K 0 21 60
A D 2 8
J N 6 13178 70 6 4609 576 0
K 1 0 45
K 0 0 43
K -1 0 45
K 2 0 45
K 0 0 53
A D 1 8
J F 0 13212 98 1 5185 288 0
K 0 0 205
J R 6 13218 28 2 5185 0 0
K 0 0 49
A D 1 8
J R 6 13247 28 2 5761 288 0
K 0 0 49
A D 1 8
J N 6 13287 14 4 6337 288 0
K -18 0 63
K 0 0 43
K 0 0 54
A D 1 8
J B 22 13320 1 82 6913 288 0
J F 0 13341 98 1 1 0 0
K 0 0 203
J N 7 13341 7 5 1 0 0
K 0 0 43
K 25 0 44
K 0 0 60
K 0 21 60
A D 3 8
J R 7 13387 28 2 1729 864 0
K 0 0 48
A D 2 8
J R 6 13425 28 2 2881 576 0
K 0 0 49
A D 1 8
J R 8 13454 28 2 3457 288 0
K 0 0 47
A D 6 8
J B 23 13511 1 82 6913 1728 0
J R 8 13532 28 2 1 0 0
K 0 0 47
A D 6 8
J R 7 13585 28 2 3457 1728 0
K 0 0 48
A D 2 8
J R 6 13623 28 2 4609 576 0
K 0 0 49
A D 1 8
J R 6 13652 28 2 5185 288 0
K 0 0 49
A D 1 8
J R 6 13681 28 2 5761 288 0
K 0 0 49
A D 1 8
J N 6 13710 7 3 6337 288 0
K 0 0 43
K 0 0 54
A D 1 8
J B 24 13743 1 82 6913 288 0
J N 7 13764 35 4 1 0 0
K 0 0 43
K 0 0 59
K 0 -21 59
A D 2 8
J N 6 13802 56 3 1153 576 0
K 0 0 43
K 0 0 53
A D 1 8
J F 0 13836 98 1 1729 288 0
K 0 0 203
J N 7 13836 28 4 1729 0 0
K 0 0 43
K 0 0 60
K 0 21 60
A D 2 8
J F 0 13874 98 1 2881 576 0
K 0 0 213
J N 6 13874 77 7 2881 0 0
K 1 -7 45
K 0 0 43
K 0 -7 45
K 1 -7 45
K 0 0 59
K 0 0 53
A D 1 8
J N 7 13911 56 5 3457 288 0
K 0 0 43
K 24 -6 44
K 0 0 59
K 0 -21 59
A D 3 8
J N 7 13957 35 5 5185 864 0
K 0 0 43
K 25 0 44
K 0 0 59
K 0 -21 59
A D 3 8
J B 25 14007 1 82 6913 864 0
J R 7 14028 28 3 1 0 0
K 0 0 48
K -2 -35 101
A D 2 8
J R 6 14066 28 2 1153 576 0
K 0 0 49
A D 1 8
J F 0 14095 98 1 1729 288 0
K 0 0 205
J N 7 14095 42 6 1729 0 0
K 0 0 43
K 24 -6 44
K 0 37 108
K 0 0 59
K 0 -21 59
A D 3 8
J R 8 14141 28 3 3457 864 0
K 0 0 47
K 2 -35 101
A D 6 8
J B 26 14198 1 82 6913 1728 0
J F 0 14219 98 1 1 0 0
K 0 0 216
J N 7 14219 49 5 1 0 0
K 0 0 43
K 0 39 110
K 0 0 59
K 0 -21 59
A D 2 8
J N 6 14257 56 3 1153 576 0
K 0 0 43
K 0 0 53
A D 1 8
J F 0 14291 98 1 1729 288 0
K 0 0 203
J N 7 14291 28 4 1729 0 0
K 0 0 43
K 0 0 60
K 0 21 60
A D 2 8
J F 0 14329 98 1 2881 576 0
K 0 0 213
J N 6 14329 77 7 2881 0 0
K 1 -7 45
K 0 0 43
K 0 -7 45
K 1 -7 45
K 0 0 59
K 0 0 53
A D 1 8
J N 7 14366 56 5 3457 288 0
K 0 0 43
K 24 -6 44
K 0 0 59
K 0 -21 59
A D 3 8
J R 6 14412 28 2 5185 864 0
K 0 0 49
A D 1 8
J R 6 14441 28 2 5761 288 0
K 0 0 49
A D 1 8
J N 6 14470 -28 8 6337 288 0
K 0 14 45
K 0 0 45
K 0 0 43
K -1 0 45
K 2 0 45
K 0 0 60
K 0 7 54
A D 1 8
J B 27 14503 1 82 6913 288 0
J F 0 14526 98 1 1 0 0
K 0 0 205
J N 7 14526 -21 8 1 0 0
K 0 7 45
K -18 0 63
K 0 0 43
K 0 7 45
K 1 7 45
K 0 0 60
K 0 21 60
A D 2 8
J N 6 14564 -7 3 1153 576 0
K 0 0 43
K 0 0 54
A D 1 8
J N 7 14593 21 4 1729 288 0
K 0 0 43
K 0 0 60
K 0 21 60
A D 2 8
J N 6 14631 -28 8 2881 576 0
K 0 14 45
K 0 0 45
K 0 0 43
K -1 0 45
K 2 0 45
K 0 0 60
K 0 7 54
A D 1 8
J F 0 14660 98 1 3457 288 0
K 0 0 205
J N 7 14660 -21 7 3457 0 0
K 0 7 45
K 0 0 43
K 0 7 45
K 1 7 45
K 0 0 60
K 0 21 60
A D 2 8
J N 6 14698 -7 3 4609 576 0
K 0 0 43
K 0 0 54
A D 1 8
J R 6 14727 28 2 5185 288 0
K 0 0 49
A D 1 8
J R 6 14756 28 2 5761 288 0
K 0 0 49
A D 1 8
J N 6 14785 0 4 6337 288 0
K 0 0 43
K 0 79 108
K 0 0 54
A D 1 8
J B 28 14818 1 82 6913 288 0
J F 0 14841 98 1 1 0 0
K 0 0 205
J N 7 14841 7 5 1 0 0
K -18 0 63
K 0 0 43
K 0 0 60
K 0 21 60
A D 2 8
J N 6 14879 21 3 1153 576 0
K 0 0 43
K 0 0 54
A D 1 8
J N 7 14908 49 4 1729 288 0
K 0 0 43
K 0 0 59
K 0 -21 59
A D 2 8
J N 6 14946 0 3 2881 576 0
K 0 0 43
K 0 0 54
A D 1 8
J F 0 14975 98 1 3457 288 0
K 0 0 205
J N 7 14975 7 4 3457 0 0
K 0 0 43
K 0 0 60
K 0 21 60
A D 2 8
J N 6 15013 21 3 4609 576 0
K 0 0 43
K 0 0 54
A D 1 8
J R 6 15042 28 2 5185 288 0
K 0 0 49
A D 1 8
J R 6 15071 28 2 5761 288 0
K 0 0 49
A D 1 8
J N 6 15100 -7 4 6337 288 0
K 0 0 43
K 0 92 110
K 0 0 54
A D 1 8
J B 29 15133 1 82 6913 288 0
J F 0 15156 98 1 1 0 0
K 0 0 205
J N 7 15156 0 5 1 0 0
K -18 0 63
K 0 0 43
K 0 0 60
K 0 21 60
A D 2 8
J N 6 15199 14 4 1153 576 0
K -18 0 63
K 0 0 43
K 0 0 54
A D 1 8
J N 7 15228 42 4 1729 288 0
K 0 0 43
K 0 0 59
K 0 -21 59
A D 2 8
J N 6 15266 -7 3 2881 576 0
K 0 0 43
K 0 0 54
A D 1 8
J F 0 15295 98 1 3457 288 0
K 0 0 205
J N 7 15295 0 4 3457 0 0
K 0 0 43
K 0 0 60
K 0 21 60
A D 2 8
J N 6 15333 14 3 4609 576 0
K 0 0 43
K 0 0 54
A D 1 8
J R 7 15362 28 2 5185 288 0
K 0 0 48
A D 2 8
J R 6 15400 28 2 6337 576 0
K 0 0 49
A D 1 8
J B 30 15433 1 82 6913 288 0
J R 9 15454 28 2 1 10000 0
K 0 0 46
A D 12 8
J B 31 15559 1 82 6913 3456 0
J R 7 15580 28 2 1 0 0
K 0 0 48
A D 2 8
J R 6 15618 28 2 1153 576 0
K 0 0 49
A D 1 8
J R 6 15647 28 2 1729 288 0
K 0 0 49
A D 1 8
J R 6 15676 28 2 2305 288 0
K 0 0 49
A D 1 8
J N 6 15705 21 3 2881 288 0
K 0 0 43
K 0 0 54
A D 1 8
J F 0 15734 98 2 3457 288 0
K 0 0 214
K 0 21 201
J N 7 15734 21 5 3457 0 0
K 0 0 43
K 25 0 44
K 0 0 60
K 0 21 60
A D 3 8
J F 0 15780 98 1 5185 864 0
K 0 0 205
J N 7 15780 28 4 5185 0 0
K 0 0 43
K 0 0 60
K 0 21 60
A D 2 8
J N 6 15818 21 3 6337 576 0
K 0 0 43
K 0 0 54
A D 1 8
J B 32 15851 1 82 6913 288 0
J F 0 15874 98 2 1 0 0
K 0 0 205
K 0 21 203
J N 7 15874 14 5 1 0 0
K -18 0 63
K 0 0 43
K 0 0 60
K 0 21 60
A D 2 8
J N 6 15912 21 3 1153 576 0
K 0 0 43
K 0 0 54
A D 1 8
J F 0 15941 98 2 1729 288 0
K 0 0 215
K 0 21 213
J N 7 15941 14 4 1729 0 0
K 0 0 43
K 0 0 60
K 0 21 60
A D 2 8
J N 6 15979 63 4 2881 576 0
K -18 0 63
K 0 0 43
K 0 0 53
A D 1 8
J N 7 16016 42 5 3457 288 0
K 0 0 43
K 24 -6 44
K 0 0 59
K 0 -21 59
A D 3 8
J R 7 16062 28 2 5185 864 0
K 0 0 48
A D 2 8
J R 6 16100 28 2 6337 576 0
K 0 0 49
A D 1 8
J B 33 16133 1 82 6913 288 0
J R 8 16154 28 2 1 0 0
K 0 0 47
A D 6 8
J R 7 16207 28 2 3457 1728 0
K 0 0 48
A D 2 8
J R 6 16245 28 2 4609 576 0
K 0 0 49
A D 1 8
J R 6 16274 28 2 5185 288 0
K 0 0 49
A D 1 8
J R 6 16303 28 2 5761 288 0
K 0 0 49
A D 1 8
J F 0 16332 98 1 6337 288 0
K 0 0 205
J N 6 16332 28 3 6337 0 0
K 0 0 43
K 0 0 54
A D 1 8
J B 34 16365 1 82 6913 288 0
J F 0 16386 98 1 1 0 0
K 0 0 208
J N 7 16386 21 5 1 0 0
K 0 0 43
K 25 0 44
K 0 0 60
K 0 21 60
A D 3 8
J F 0 16432 98 1 1729 864 0
K 0 0 207
J R 6 16432 28 2 1729 0 0
K 0 0 49
A D 1 8
J R 6 16461 28 2 2305 288 0
K 0 0 49
A D 1 8
J N 6 16490 21 3 2881 288 0
K 0 0 43
K 0 0 54
A D 1 8
J F 0 16530 98 2 3457 288 0
K 0 0 206
K 0 21 213
J N 7 16530 14 6 3457 0 0
K -18 0 63
K 0 0 43
K 24 -6 44
K 0 0 60
K 0 21 60
A D 3 8
J N 7 16576 42 5 5185 864 0
K 0 0 43
K 24 -6 44
K 0 0 59
K 0 -21 59
A D 3 8
J B 35 16626 1 82 6913 864 0
J F 0 16649 98 2 1 0 0
K 0 0 205
K 0 21 203
J N 7 16649 14 6 1 0 0
K -18 0 63
K 0 0 43
K 24 -6 44
K 0 0 60
K 0 21 60
A D 3 8
J F 0 16695 98 2 1729 864 0
K 0 0 215
K 0 21 213
J N 7 16695 63 6 1729 0 0
K -18 0 63
K 0 0 43
K 25 0 44
K 0 0 59
K 0 -21 59
A D 3 8
J N 8 16741 42 5 3457 864 0
K 0 0 42
K 24 -6 44
K 0 0 59
K 0 -21 59
A D 6 8
J B 36 16813 1 82 6913 1728 0
J R 9 16834 28 2 1 10000 0
K 0 0 46
A D 12 8
J B 37 16939 1 82 6913 3456 0
J R 9 16960 28 2 1 10000 0
K 0 0 46
A D 12 8
J B 38 17065 1 82 6913 3456 0
J R 9 17086 28 2 1 10000 0
K 0 0 46
A D 12 8
J B 39 17191 1 82 6913 3456 0
J R 9 17212 28 2 1 10000 0
K 0 0 46
A D 12 8
J B 40 17317 1 82 6913 3456 0
J R 9 17338 28 2 1 10000 0
K 0 0 46
A D 12 8
J B 41 17443 1 82 6913 3456 0
J N 7 17464 56 4 1 0 0
K 0 0 43
K 0 0 59
K 0 -21 59
A D 2 8
J N 6 17502 49 3 1153 576 0
K 0 0 43
K 0 0 53
A D 1 8
J N 7 17539 42 4 1729 288 0
K 0 0 43
K 0 0 59
K 0 -21 59
A D 2 8
J N 6 17577 56 3 2881 576 0
K 0 0 43
K 0 0 53
A D 1 8
J N 7 17614 35 4 3457 288 0
K 0 0 43
K 0 0 59
K 0 -21 59
A D 2 8
J N 6 17652 42 3 4609 576 0
K 0 0 43
K 0 0 53
A D 1 8
J N 6 17689 35 2 5185 288 1 4
K 0 0 43
A D 1 8
J N 6 17718 42 2 5761 288 1 4
K 0 0 43
A D 1 8
J N 6 17747 49 2 6337 288 1 4
K 0 0 43
A D 1 8
H 4 B 0 0 108 3 2 1 3
J B 42 17780 1 82 6913 288 0
J F 0 17801 98 1 1 0 0
K 0 0 205
J N 7 17801 42 4 1 0 0
K 0 0 43
K 0 0 59
K 0 -21 59
A D 2 8
J N 6 17839 49 3 1153 576 0
K 0 0 43
K 0 0 53
A D 1 8
J N 7 17876 42 4 1729 288 0
K 0 0 43
K 0 0 59
K 0 -21 59
A D 2 8
J N 6 17914 56 3 2881 576 0
K 0 0 43
K 0 0 53
A D 1 8
J F 0 17948 98 2 3457 288 0
K 0 0 205
K 0 21 204
J N 6 17948 35 2 3457 0 1 5
K 0 0 43
A D 1 8
J N 6 17977 42 2 4033 288 1 5
K 0 0 43
A D 1 8
J N 6 18006 35 2 4609 288 1 5
K 0 0 43
A D 1 8
H 5 B 0 0 108 3 2 1 3
J F 0 18035 98 1 5185 288 0
K 0 0 213
J N 7 18035 28 4 5185 0 0
K 0 0 43
K 0 0 60
K 0 21 60
A D 2 8
J N 6 18073 77 7 6337 576 0
K 1 -7 45
K 0 0 43
K 0 -7 45
K 1 -7 45
K 0 0 59
K 0 0 53
A D 1 8
J B 43 18117 1 82 6913 288 0
J N 7 18138 56 5 1 0 0
K 0 0 43
K 24 -6 44
K 0 0 59
K 0 -21 59
A D 3 8
J R 7 18184 28 2 1729 864 0
K 0 0 48
A D 2 8
J R 6 18222 28 2 2881 576 0
K 0 0 49
A D 1 8
J R 8 18251 28 2 3457 288 0
K 0 0 47
A D 6 8
J B 44 18308 1 82 6913 1728 0
J R 9 18329 28 2 1 10000 0
K 0 0 46
A D 12 8
J B 45 18434 1 82 6913 3456 0
J R 9 18455 28 2 1 10000 0
K 0 0 46
A D 12 8
J B 46 18560 1 82 6913 3456 0
J R 7 18581 28 2 1 0 0
K 0 0 48
A D 2 8
J R 6 18619 28 2 1153 576 0
K 0 0 49
A D 1 8
J R 6 18648 28 2 1729 288 0
K 0 0 49
A D 1 8
J R 6 18677 28 2 2305 288 0
K 0 0 49
A D 1 8
J F 0 18713 98 1 2881 288 0
K 0 0 205
J N 6 18713 14 4 2881 0 0
K -18 0 63
K 0 0 43
K 0 0 54
A D 1 8
J N 7 18742 7 4 3457 288 0
K 0 0 43
K 0 0 60
K 0 21 60
A D 2 8
J F 0 18780 98 1 4609 576 0
K 0 0 213
J N 6 18780 28 3 4609 0 0
K 0 0 43
K 0 0 54
A D 1 8
J F 0 18809 98 1 5185 288 0
K 0 0 203
J N 7 18809 0 4 5185 0 0
K 0 0 43
K 0 0 60
K 0 21 60
A D 2 8
J F 0 18847 98 1 6337 576 0
K 0 0 213
J N 6 18847 49 3 6337 0 0
K 0 0 43
K 0 0 53
A D 1 8
J B 47 18891 1 82 6913 288 0
J N 7 18912 28 5 1 0 0
K 0 0 43
K 24 -6 44
K 0 0 60
K 0 21 60
A D 3 8
J R 6 18958 28 2 1729 864 0
K 0 0 49
A D 1 8
J R 6 18987 28 2 2305 288 0
K 0 0 49
A D 1 8
J N 6 19016 7 3 2881 288 0
K 0 0 43
K 0 0 54
A D 1 8
J F 0 19056 98 1 3457 288 0
K 0 0 205
J N 7 19056 14 5 3457 0 0
K -18 0 63
K 0 0 43
K 0 0 60
K 0 21 60
A D 2 8
J N 6 19094 21 3 4609 576 0
K 0 0 43
K 0 0 54
A D 1 8
J N 7 19123 14 4 5185 288 0
K 0 0 43
K 0 0 60
K 0 21 60
A D 2 8
J N 6 19161 28 3 6337 576 0
K 0 0 43
K 0 0 54
A D 1 8
J B 48 19194 1 82 6913 288 0
J N 7 19215 7 4 1 0 0
K 0 0 43
K 0 0 60
K 0 21 60
A D 2 8
J N 6 19253 0 3 1153 576 0
K 0 0 43
K 0 0 54
A D 1 8
J N 7 19282 -7 4 1729 288 0
K 0 0 43
K 0 0 60
K 0 21 60
A D 2 8
J N 6 19320 7 3 2881 576 0
K 0 0 43
K 0 0 54
A D 1 8
J F 0 19360 98 1 3457 288 0
K 0 0 205
J N 7 19360 14 5 3457 0 0
K -18 0 63
K 0 0 43
K 0 0 60
K 0 21 60
A D 2 8
J N 6 19398 21 3 4609 576 0
K 0 0 43
K 0 0 54
A D 1 8
J N 7 19427 14 4 5185 288 0
K 0 0 43
K 0 0 60
K 0 21 60
A D 2 8
J N 6 19465 28 3 6337 576 0
K 0 0 43
K 0 0 54
A D 1 8
J B 49 19498 1 82 6913 288 0
J N 7 19519 7 4 1 0 0
K 0 0 43
K 0 0 60
K 0 21 60
A D 2 8
J N 6 19557 0 3 1153 576 0
K 0 0 43
K 0 0 54
A D 1 8
J N 7 19586 -7 4 1729 288 0
K 0 0 43
K 0 0 60
K 0 21 60
A D 2 8
J N 6 19624 7 3 2881 576 0
K 0 0 43
K 0 0 54
A D 1 8
J F 0 19653 98 1 3457 288 0
K 0 0 206
J N 7 19653 21 6 3457 0 0
K 0 0 43
K 25 0 44
K 0 68 108
K 0 0 60
K 0 21 60
A D 3 8
J R 6 19699 28 2 5185 864 0
K 0 0 49
A D 1 8
J R 6 19728 28 2 5761 288 0
K 0 0 49
A D 1 8
J F 0 19764 98 2 6337 288 0
K 0 0 205
K 0 21 204
J N 6 19764 14 4 6337 0 0
K -18 0 63
K 0 0 43
K 0 0 54
A D 1 8
J B 50 19797 1 82 6913 288 0
J F 0 19818 98 1 1 0 0
K 0 0 203
J N 7 19818 7 5 1 0 0
K 0 0 43
K 25 0 44
K 0 0 60
K 0 21 60
A D 3 8
J R 6 19864 28 2 1729 864 0
K 0 0 49
A D 1 8
J R 6 19893 28 2 2305 288 0
K 0 0 49
A D 1 8
J F 0 19922 98 1 2881 288 0
K 0 0 202
J N 6 19922 7 3 2881 0 0
K 0 0 43
K 0 0 54
A D 1 8
J F 0 19951 98 1 3457 288 0
K 0 0 206
J N 7 19951 35 7 3457 0 0
K 0 0 43
K 25 0 44
K 0 44 108
K 23 44 108
K 0 0 59
K 0 -21 59
A D 3 8
J R 6 19997 28 2 5185 864 0
K 0 0 49
A D 1 8
J R 6 20026 28 2 5761 288 0
K 0 0 49
A D 1 8
J F 0 20055 98 1 6337 288 0
K 0 0 205
J N 6 20055 35 3 6337 0 0
K 0 0 43
K 0 0 53
A D 1 8
J B 51 20099 1 82 6913 288 0
J F 0 20120 98 1 1 0 0
K 0 0 206
J N 7 20120 42 5 1 0 0
K 0 0 43
K 24 -6 44
K 0 0 59
K 0 -21 59
A D 3 8
J R 6 20166 28 2 1729 864 0
K 0 0 49
A D 1 8
J R 6 20195 28 2 2305 288 0
K 0 0 49
A D 1 8
J F 0 20224 98 1 2881 288 0
K 0 0 205
J N 6 20224 42 3 2881 0 0
K 0 0 43
K 0 0 53
A D 1 8
J N 7 20261 35 4 3457 288 0
K 0 0 43
K 0 0 59
K 0 -21 59
A D 2 8
J N 6 20299 56 3 4609 576 0
K 0 0 43
K 0 0 53
A D 1 8
J F 0 20333 98 1 5185 288 0
K 0 0 213
J N 7 20333 28 4 5185 0 0
K 0 0 43
K 0 0 60
K 0 21 60
A D 2 8
J N 6 20371 77 7 6337 576 0
K 1 -7 45
K 0 0 43
K 0 -7 45
K 1 -7 45
K 0 0 59
K 0 0 53
A D 1 8
J B 52 20415 1 82 6913 288 0
J N 7 20436 56 5 1 0 0
K 0 0 43
K 24 -6 44
K 0 0 59
K 0 -21 59
A D 3 8
J R 6 20482 28 2 1729 864 0
K 0 0 49
A D 1 8
J R 6 20511 28 2 2305 288 0
K 0 0 49
A D 1 8
J F 0 20540 98 1 2881 288 0
K 0 0 205
J N 6 20540 42 4 2881 0 0
K 0 0 43
K 0 44 110
K 0 0 53
A D 1 8
J N 7 20577 35 4 3457 288 0
K 0 0 43
K 0 0 59
K 0 -21 59
A D 2 8
J N 6 20615 42 3 4609 576 0
K 0 0 43
K 0 0 53
A D 1 8
J N 7 20652 35 4 5185 288 0
K 0 0 43
K 0 0 59
K 0 -21 59
A D 2 8
J N 6 20690 49 3 6337 576 0
K 0 0 43
K 0 0 53
A D 1 8
J B 53 20734 1 82 6913 288 0
J F 0 20755 98 1 1 0 0
K 0 0 205
J N 7 20755 42 4 1 0 0
K 0 0 43
K 0 0 59
K 0 -21 59
A D 2 8
J N 6 20793 49 3 1153 576 0
K 0 0 43
K 0 0 53
A D 1 8
J N 7 20830 42 4 1729 288 0
K 0 0 43
K 0 0 59
K 0 -21 59
A D 2 8
J N 6 20868 56 3 2881 576 0
K 0 0 43
K 0 0 53
A D 1 8
J N 7 20905 35 4 3457 288 0
K 0 0 43
K 0 0 59
K 0 -21 59
A D 2 8
J N 6 20943 42 3 4609 576 0
K 0 0 43
K 0 0 53
A D 1 8
J N 6 20980 35 2 5185 288 1 6
K 0 0 43
A D 1 8
J N 6 21009 42 2 5761 288 1 6
K 0 0 43
A D 1 8
J N 6 21038 49 2 6337 288 1 6
K 0 0 43
A D 1 8
H 6 B 0 0 108 3 2 1 3
J B 54 21071 1 82 6913 288 0
J F 0 21092 98 1 1 0 0
K 0 0 205
J N 7 21092 42 4 1 0 0
K 0 0 43
K 0 0 59
K 0 -21 59
A D 2 8
J N 6 21130 49 3 1153 576 0
K 0 0 43
K 0 0 53
A D 1 8
J N 7 21167 42 4 1729 288 0
K 0 0 43
K 0 0 59
K 0 -21 59
A D 2 8
J N 6 21205 56 3 2881 576 0
K 0 0 43
K 0 0 53
A D 1 8
J N 7 21242 35 4 3457 288 0
K 0 0 43
K 0 0 59
K 0 -21 59
A D 2 8
J N 6 21280 42 3 4609 576 0
K 0 0 43
K 0 0 53
A D 1 8
J N 7 21313 49 4 5185 288 0
K 0 0 43
K 0 0 59
K 0 -21 59
A D 2 8
J N 6 21351 56 3 6337 576 0
K 0 0 43
K 0 0 53
A D 1 8
J B 55 21395 1 82 6913 288 0
J F 0 21416 98 1 1 0 0
K 0 0 213
J N 7 21416 28 6 1 0 0
K 0 0 43
K 24 -6 44
K 0 67 108
K 0 0 60
K 0 21 60
A D 3 8
J N 7 21462 56 5 1729 864 0
K 0 0 43
K 24 -6 44
K 0 0 59
K 0 -21 59
A D 3 8
J F 0 21508 98 1 3457 864 0
K 0 0 203
J N 7 21508 28 5 3457 0 0
K 0 0 43
K 24 -6 44
K 0 0 60
K 0 21 60
A D 3 8
J R 6 21554 28 2 5185 864 0
K 0 0 49
A D 1 8
J R 6 21583 28 2 5761 288 0
K 0 0 49
A D 1 8
J F 0 21612 98 1 6337 288 0
K 0 0 213
J N 6 21612 77 7 6337 0 0
K 1 -7 45
K 0 0 43
K 0 -7 45
K 1 -7 45
K 0 0 59
K 0 0 53
A D 1 8
J B 56 21656 1 82 6913 288 0
J N 7 21677 56 5 1 0 0
K 0 0 43
K 24 -6 44
K 0 0 59
K 0 -21 59
A D 3 8
J R 7 21723 28 2 1729 864 0
K 0 0 48
A D 2 8
J R 6 21761 28 2 2881 576 0
K 0 0 49
A D 1 8
J F 0 21790 98 1 3457 288 0
K 0 0 213
J N 7 21790 77 10 3457 0 0
K 1 -7 45
K 0 0 43
K 0 -7 45
K 1 -7 45
K 25 0 44
K 0 29 108
K 23 29 108
K 0 0 59
K 0 -21 59
A D 3 8
J R 7 21836 28 2 5185 864 0
K 0 0 48
A D 2 8
J R 6 21874 28 2 6337 576 0
K 0 0 49
A D 1 8
J B 57 21907 1 82 6913 288 0
J N 7 21928 56 5 1 0 0
K 0 0 43
K 24 -6 44
K 0 0 59
K 0 -21 59
A D 3 8
J R 7 21974 28 2 1729 864 0
K 0 0 48
A D 2 8
J R 6 22012 28 2 2881 576 0
K 0 0 49
A D 1 8
J R 8 22041 28 3 3457 288 0
K 0 0 47
K 2 -35 101
A D 6 8
J B 0 22111 6 2 6913 1728 0
K -13 0 82
K -6 0 84
J M 0 22111 0 0 10000 0 0
