@ SOURCE: not identified 
L 0 0 14 !39Violino 1 concertino
J D 4 500 -120 1 6913 0 0
W 0 0 44 VI.
J D 1 75 -37 1 6913 0 0
W 0 -56 44 VI.:  Violino 1 concertino
J C 4 5 42 2 6913 0 0
K 0 0 33
K 0 0 34
J K 0 57 0 0 6913 0 0
J D 5 57 -42 1 6913 0 0
W 0 0 37 Largo
J T 1208 78 0 3 6913 0 0
K 0 28 73
K -21 28 72
K -10 56 79
J N 7 117 28 4 1 0 1 1
K 0 0 43
K 0 0 60
K 0 21 60
A D 2 8
J N 6 155 21 3 1153 576 1 1
K 0 0 43
K 0 0 54
A D 1 8
H 1 S 0 0 0 0 0 0 0 0 0
J N 7 184 14 4 1729 288 1 2
K 0 0 43
K 0 0 60
K 0 21 60
A D 2 8
J N 6 222 28 3 2881 576 1 2
K 0 0 43
K 0 0 54
A D 1 8
H 2 S 0 0 0 0 0 0 0 0 0
J N 7 251 7 4 3457 288 1 3
K 0 0 43
K 0 0 60
K 0 21 60
A D 2 8
J N 6 289 14 3 4609 576 1 3
K 0 0 43
K 0 0 54
A D 1 8
H 3 S 0 0 0 0 0 0 0 0 0
J N 6 318 7 2 5185 288 2 4 5
K 0 0 43
A D 1 8
J N 6 347 14 2 5761 288 1 5
K 0 0 43
A D 1 8
J N 6 376 21 2 6337 288 2 5 4
K 0 0 43
A D 1 8
H 5 B 1 0 108 3 2 1 3
H 4 S 0 0 0 0 0 0 0 0 0
J B 2 409 1 82 6913 288 0
J N 7 430 14 4 1 0 1 6
K 0 0 43
K 0 0 60
K 0 21 60
A D 2 8
J N 6 468 21 3 1153 576 1 6
K 0 0 43
K 0 0 54
A D 1 8
H 6 S 0 0 0 0 0 0 0 0 0
J N 7 497 14 4 1729 288 1 7
K 0 0 43
K 0 0 60
K 0 21 60
A D 2 8
J N 6 535 28 3 2881 576 1 7
K 0 0 43
K 0 0 54
A D 1 8
H 7 S 0 0 0 0 0 0 0 0 0
J N 6 564 21 2 3457 288 2 8 9
K 0 0 43
A D 1 8
J N 6 593 14 2 4033 288 1 9
K 0 0 43
A D 1 8
J N 6 622 28 2 4609 288 2 9 8
K 0 0 43
A D 1 8
H 9 B 1 0 108 3 2 1 3
H 8 S 0 0 -7 0 -7 0 0 0 0
J N 7 651 35 4 5185 288 0
K 0 0 43
K 0 0 59
K 0 -21 59
A D 2 8
J N 6 689 14 3 6337 576 0
K 0 0 43
K 0 0 54
A D 1 8
J B 3 722 1 82 6913 288 0
J N 7 743 28 4 1 0 1 10
K 0 0 43
K 0 0 60
K 0 21 60
A D 2 8
J N 6 781 21 3 1153 576 1 10
K 0 0 43
K 0 0 54
A D 1 8
H 10 S 0 0 0 0 0 0 0 0 0
J N 7 810 14 4 1729 288 1 11
K 0 0 43
K 0 0 60
K 0 21 60
A D 2 8
J N 6 848 28 3 2881 576 1 11
K 0 0 43
K 0 0 54
A D 1 8
H 11 S 0 0 0 0 0 0 0 0 0
J N 7 887 49 5 3457 288 1 12
K -18 0 63
K 0 0 43
K 0 0 59
K 0 -21 59
A D 2 8
J N 6 925 42 3 4609 576 1 12
K 0 0 43
K 0 0 53
A D 1 8
H 12 S 12 0 0 0 0 0 0 0 0
J N 7 962 35 4 5185 288 1 13
K 0 0 43
K 0 0 59
K 0 -21 59
A D 2 8
J N 6 1000 49 3 6337 576 1 13
K 0 0 43
K 0 0 53
A D 1 8
H 13 S 12 0 0 0 0 0 0 0 0
J B 4 1044 1 82 6913 288 0
J N 7 1065 28 4 1 0 1 14
K 0 0 43
K 0 0 60
K 0 21 60
A D 2 8
J N 6 1103 35 3 1153 576 1 14
K 0 0 43
K 0 0 53
A D 1 8
H 14 S 0 0 0 0 0 0 0 0 0
J N 6 1140 28 2 1729 288 2 15 16
K 0 0 43
A D 1 8
J N 6 1169 35 2 2305 288 1 16
K 0 0 43
A D 1 8
J N 6 1198 42 2 2881 288 2 16 15
K 0 0 43
A D 1 8
H 16 B 0 0 108 3 2 1 3
H 15 S 12 0 0 0 0 0 0 0 0
J N 7 1227 35 4 3457 288 1 17
K 0 0 43
K 0 0 59
K 0 -21 59
A D 2 8
J N 6 1265 42 3 4609 576 1 17
K 0 0 43
K 0 0 53
A D 1 8
H 17 S 12 0 0 0 0 0 0 0 0
J N 7 1302 35 4 5185 288 1 18
K 0 0 43
K 0 0 59
K 0 -21 59
A D 2 8
J N 6 1345 49 4 6337 576 1 18
K -18 0 63
K 0 0 43
K 0 0 53
A D 1 8
H 18 S 12 0 0 0 0 0 0 0 0
J B 5 1389 1 82 6913 288 0
J N 6 1410 42 2 1 0 2 19 20
K 0 0 43
A D 1 8
J N 6 1439 35 2 577 288 1 20
K 0 0 43
A D 1 8
J N 6 1482 49 3 1153 288 2 20 19
K -18 0 63
K 0 0 43
A D 1 8
H 20 B 0 0 108 3 2 1 3
H 19 S 12 0 0 0 0 0 0 0 0
J N 7 1511 56 4 1729 288 0
K 0 0 43
K 0 0 59
K 0 -21 59
A D 2 8
J N 6 1549 35 3 2881 576 0
K 0 0 43
K 0 0 53
A D 1 8
J N 7 1582 49 4 3457 288 1 21
K 0 0 43
K 0 0 59
K 0 -21 59
A D 2 8
J N 6 1620 42 3 4609 576 1 21
K 0 0 43
K 0 0 53
A D 1 8
H 21 S 12 0 0 0 0 0 0 0 0
J N 7 1657 35 4 5185 288 1 22
K 0 0 43
K 0 0 59
K 0 -21 59
A D 2 8
J N 6 1695 49 3 6337 576 1 22
K 0 0 43
K 0 0 53
A D 1 8
H 22 S 12 0 0 0 0 0 0 0 0
J B 6 1739 1 82 6913 288 0
J N 8 1760 -7 5 1 0 0
K 0 0 42
K 25 0 44
K 0 0 60
K 0 21 60
A D 6 8
J N 8 1828 -7 5 3457 1728 0
K 0 0 42
K 25 0 44
K 0 0 60
K 0 21 60
A D 6 8
J B 7 1900 1 82 6913 1728 0
J N 8 1921 -7 5 1 0 0
K 0 0 42
K 25 0 44
K 0 0 60
K 0 21 60
A D 6 8
J N 7 1989 -7 5 3457 1728 0
K 0 0 43
K 25 0 44
K 0 0 60
K 0 21 60
A D 3 8
J N 7 2045 0 6 5185 864 0
K -18 0 63
K 0 0 43
K 24 -6 44
K 0 0 60
K 0 21 60
A D 3 8
J B 8 2095 1 82 6913 864 0
J N 7 2116 -7 5 1 0 0
K 0 0 43
K 25 0 44
K 0 0 60
K 0 21 60
A D 3 8
J D 0 2162 0 1 1729 864 0
W 0 -28 31 Soli
J R 6 2162 28 2 1729 0 0
K 0 0 49
A D 1 8
J R 6 2191 28 2 2305 288 0
K 0 0 49
A D 1 8
J N 6 2220 -21 7 2881 288 0
K 0 7 45
K 0 0 43
K 0 7 45
K 1 7 45
K 0 0 60
K 0 0 54
A D 1 8
J N 6 2249 -28 6 3457 288 2 23 24
K 0 14 45
K 0 0 45
K 0 0 43
K -1 0 45
K 2 0 45
A D 1 8
J N 6 2278 -21 5 4033 288 1 24
K 0 7 45
K 0 0 43
K 0 7 45
K 1 7 45
A D 1 8
J N 6 2307 -14 5 4609 288 2 24 23
K 0 0 45
K 0 0 43
K -1 0 45
K 2 0 45
A D 1 8
H 24 B 1 0 108 3 2 1 3
H 23 S 0 0 0 0 0 0 0 0 0
J N 7 2336 -35 9 5185 288 0
K 0 21 45
K 0 7 45
K 0 0 43
K 0 7 45
K 1 7 45
K 0 0 60
K 0 28 60
K 0 35 60
A D 2 8
J N 6 2374 14 3 6337 576 0
K 0 0 43
K 0 0 54
A D 1 8
J B 9 2407 1 82 6913 288 0
J N 7 2428 -7 4 1 0 0
K 0 0 43
K 0 0 60
K 0 21 60
A D 2 8
J N 6 2466 42 3 1153 576 0
K 0 0 43
K 0 0 53
A D 1 8
J R 6 2506 28 2 1729 288 0
K 0 0 49
A D 1 8
J R 6 2535 28 2 2305 288 0
K 0 0 49
A D 1 8
J N 6 2564 -28 8 2881 288 0
K 0 14 45
K 0 0 45
K 0 0 43
K -1 0 45
K 2 0 45
K 0 0 60
K 0 7 54
A D 1 8
J N 6 2593 -14 5 3457 288 2 25 26
K 0 0 45
K 0 0 43
K -1 0 45
K 2 0 45
A D 1 8
J N 6 2622 -7 2 4033 288 1 26
K 0 0 43
A D 1 8
J N 6 2666 0 3 4609 288 2 26 25
K -18 0 63
K 0 0 43
A D 1 8
H 26 B 1 0 108 3 2 1 3
H 25 S 0 0 0 0 0 0 0 0 0
J N 7 2695 -21 7 5185 288 0
K 0 7 45
K 0 0 43
K 0 7 45
K 1 7 45
K 0 0 60
K 0 21 60
A D 2 8
J N 6 2733 28 3 6337 576 0
K 0 0 43
K 0 0 54
A D 1 8
J B 10 2766 1 82 6913 288 0
J N 7 2787 7 4 1 0 0
K 0 0 43
K 0 0 60
K 0 21 60
A D 2 8
J N 6 2825 56 3 1153 576 0
K 0 0 43
K 0 0 53
A D 1 8
J R 6 2865 28 2 1729 288 0
K 0 0 49
A D 1 8
J R 6 2894 28 2 2305 288 0
K 0 0 49
A D 1 8
J N 6 2923 -14 6 2881 288 0
K 0 0 45
K 0 0 43
K -1 0 45
K 2 0 45
K 0 0 54
A D 1 8
J N 6 2966 0 3 3457 288 2 27 28
K -18 0 63
K 0 0 43
A D 1 8
J N 6 2995 7 2 4033 288 1 28
K 0 0 43
A D 1 8
J N 6 3024 14 2 4609 288 2 28 27
K 0 0 43
A D 1 8
H 28 B 1 0 108 3 2 1 3
H 27 S 0 0 0 0 0 0 0 0 0
J N 7 3053 -7 4 5185 288 0
K 0 0 43
K 0 0 60
K 0 21 60
A D 2 8
J N 6 3091 -7 3 6337 576 0
K 0 0 43
K 0 0 54
A D 1 8
J B 11 3124 1 82 6913 288 0
J N 7 3145 -7 5 1 0 0
K 0 0 43
K 25 0 44
K 0 0 60
K 0 21 60
A D 3 8
J R 6 3191 28 2 1729 864 0
K 0 0 49
A D 1 8
J R 6 3220 28 2 2305 288 0
K 0 0 49
A D 1 8
J D 0 3249 0 1 2881 288 0
W 0 -28 31 [Tutti]
J N 6 3255 0 4 2881 0 0
K -18 0 63
K 0 0 43
K 0 0 54
A D 1 8
J N 6 3284 28 2 3457 288 2 29 30
K 0 0 43
A D 1 8
J N 6 3328 21 3 4033 288 1 30
K -18 0 63
K 0 0 43
A D 1 8
J N 6 3357 14 2 4609 288 2 30 29
K 0 0 43
A D 1 8
H 30 B 1 0 108 3 2 1 3
H 29 S 0 0 0 0 0 0 0 0 0
J N 6 3386 35 2 5185 288 2 31 32
K 0 0 43
A D 1 8
J N 6 3415 14 2 5761 288 1 32
K 0 0 43
A D 1 8
J N 6 3444 21 2 6337 288 2 32 31
K 0 0 43
A D 1 8
H 32 B 1 0 108 3 2 1 3
H 31 S 0 0 -7 0 -7 0 0 0 0
J B 12 3477 1 82 6913 288 0
J N 7 3498 14 5 1 0 0
K 0 0 43
K 24 -6 44
K 0 0 60
K 0 21 60
A D 3 8
J R 6 3544 28 2 1729 864 0
K 0 0 49
A D 1 8
J R 6 3573 28 2 2305 288 0
K 0 0 49
A D 1 8
J N 6 3602 35 3 2881 288 0
K 0 0 43
K 0 0 53
A D 1 8
J N 7 3639 28 4 3457 288 1 33
K 0 0 43
K 0 0 60
K 0 21 60
A D 2 8
J N 6 3677 35 3 4609 576 1 33
K 0 0 43
K 0 0 53
A D 1 8
H 33 S 0 0 0 0 0 0 0 0 0
J N 6 3714 28 2 5185 288 2 34 35
K 0 0 43
A D 1 8
J N 6 3743 35 2 5761 288 1 35
K 0 0 43
A D 1 8
J N 6 3772 42 2 6337 288 2 35 34
K 0 0 43
A D 1 8
H 35 B 0 0 108 3 2 1 3
H 34 S 12 0 0 0 0 0 0 0 0
J B 13 3805 1 82 6913 288 0
J N 7 3826 35 4 1 0 0
K 0 0 43
K 0 0 59
K 0 -21 59
A D 2 8
J N 6 3869 49 4 1153 576 0
K -18 0 63
K 0 0 43
K 0 0 53
A D 1 8
J R 6 3909 28 2 1729 288 0
K 0 0 49
A D 1 8
J R 6 3938 28 2 2305 288 0
K 0 0 49
A D 1 8
J N 6 3967 14 3 2881 288 0
K 0 0 43
K 0 0 54
A D 1 8
J N 7 3996 7 4 3457 288 1 36
K 0 0 43
K 0 0 60
K 0 21 60
A D 2 8
J N 6 4034 14 3 4609 576 1 36
K 0 0 43
K 0 0 54
A D 1 8
H 36 S 0 0 0 0 0 0 0 0 0
J N 6 4063 7 2 5185 288 2 37 38
K 0 0 43
A D 1 8
J N 6 4092 14 2 5761 288 1 38
K 0 0 43
A D 1 8
J N 6 4121 21 2 6337 288 2 38 37
K 0 0 43
A D 1 8
H 38 B 1 0 108 3 2 1 3
H 37 S 0 0 0 0 0 0 0 0 0
J B 14 4154 1 82 6913 288 0
J N 7 4175 14 4 1 0 0
K 0 0 43
K 0 0 60
K 0 21 60
A D 2 8
J N 6 4213 28 3 1153 576 0
K 0 0 43
K 0 0 54
A D 1 8
J R 6 4242 28 2 1729 288 0
K 0 0 49
A D 1 8
J R 6 4271 28 2 2305 288 0
K 0 0 49
A D 1 8
J N 6 4300 14 3 2881 288 0
K 0 0 43
K 0 0 54
A D 1 8
J N 7 4329 -7 4 3457 288 1 39
K 0 0 43
K 0 0 60
K 0 21 60
A D 2 8
J N 6 4367 21 3 4609 576 1 39
K 0 0 43
K 0 0 54
A D 1 8
H 39 S 0 0 0 0 0 0 0 0 0
J N 7 4410 0 5 5185 288 1 40
K -18 0 63
K 0 0 43
K 0 0 60
K 0 21 60
A D 2 8
J N 6 4448 28 3 6337 576 1 40
K 0 0 43
K 0 0 54
A D 1 8
H 40 S 0 0 0 0 0 0 0 0 0
J B 15 4481 1 82 6913 288 0
J N 7 4502 7 4 1 0 1 41
K 0 0 43
K 0 0 60
K 0 21 60
A D 2 8
J N 6 4540 35 3 1153 576 1 41
K 0 0 43
K 0 0 53
A D 1 8
H 41 S 0 0 0 0 0 0 0 0 0
J N 7 4577 14 4 1729 288 1 42
K 0 0 43
K 0 0 60
K 0 21 60
A D 2 8
J N 6 4615 42 3 2881 576 1 42
K 0 0 43
K 0 0 53
A D 1 8
H 42 S 0 0 0 0 0 0 0 0 0
J N 7 4652 21 5 3457 288 0
K 0 0 43
K 25 0 44
K 0 0 60
K 0 21 60
A D 3 8
J N 7 4698 28 5 5185 864 0
K 0 0 43
K 24 -6 44
K 0 0 60
K 0 21 60
A D 3 8
J B 16 4748 1 82 6913 864 0
J N 7 4769 35 5 1 0 0
K 0 0 43
K 25 0 44
K 0 0 59
K 0 -21 59
A D 3 8
J R 6 4815 28 2 1729 864 0
K 0 0 49
A D 1 8
J R 6 4844 28 2 2305 288 0
K 0 0 49
A D 1 8
J N 6 4873 -35 8 2881 288 0
K 0 21 45
K 0 7 45
K 0 0 43
K 0 7 45
K 1 7 45
K 0 0 60
K 0 14 54
A D 1 8
J N 8 4902 -28 9 3457 288 0
K 0 14 45
K 0 0 45
K 0 0 42
K -1 0 45
K 2 0 45
K 24 -6 44
K 0 0 60
K 0 28 60
A D 6 8
J B 17 4974 1 82 6913 1728 0
J N 7 4995 -21 8 1 0 0
K 0 7 45
K 0 0 43
K 0 7 45
K 1 7 45
K 25 0 44
K 0 0 60
K 0 21 60
A D 3 8
J N 7 5048 -21 9 1729 864 0
K 0 7 45
K -15 0 65
K 0 0 43
K 0 7 45
K 1 7 45
K 25 0 44
K 0 0 60
K 0 21 60
A D 3 8
J N 8 5094 -14 8 3457 864 0
K 0 0 45
K 0 0 42
K -1 0 45
K 2 0 45
K 24 -6 44
K 0 0 60
K 0 21 60
A D 6 8
J B 18 5166 1 82 6913 1728 0
J N 8 5187 -14 8 1 0 0
K 0 0 45
K 0 0 42
K -1 0 45
K 2 0 45
K 24 -6 44
K 0 0 60
K 0 21 60
A D 6 8
J N 8 5255 -14 8 3457 1728 0
K 0 0 45
K 0 0 42
K -1 0 45
K 2 0 45
K 24 -6 44
K 0 0 60
K 0 21 60
A D 6 8
J B 19 5327 1 82 6913 1728 0
J N 7 5348 -14 8 1 0 0
K 0 0 45
K 0 0 43
K -1 0 45
K 2 0 45
K 24 -6 44
K 0 0 60
K 0 21 60
A D 3 8
J R 6 5394 28 2 1729 864 0
K 0 0 49
A D 1 8
J R 6 5423 28 2 2305 288 0
K 0 0 49
A D 1 8
J N 6 5452 14 3 2881 288 0
K 0 0 43
K 0 0 54
A D 1 8
J N 6 5481 21 2 3457 288 2 43 44
K 0 0 43
A D 1 8
J N 6 5510 14 2 4033 288 1 44
K 0 0 43
A D 1 8
J N 6 5539 28 2 4609 288 2 44 43
K 0 0 43
A D 1 8
H 44 B 1 0 108 3 2 1 3
H 43 S 0 0 -7 0 -7 0 0 0 0
J N 7 5568 35 5 5185 288 0
K 0 0 43
K 25 0 44
K 0 0 59
K 0 -21 59
A D 3 8
J B 20 5618 1 82 6913 864 0
J N 7 5639 42 4 1 0 0
K 0 0 43
K 0 0 59
K 0 -21 59
A D 2 8
J N 6 5677 14 3 1153 576 0
K 0 0 43
K 0 0 54
A D 1 8
J N 7 5706 -7 5 1729 288 0
K 0 0 43
K 25 0 44
K 0 0 60
K 0 21 60
A D 3 8
J R 6 5752 28 2 3457 864 0
K 0 0 49
A D 1 8
J R 6 5781 28 2 4033 288 0
K 0 0 49
A D 1 8
J N 6 5810 7 3 4609 288 0
K 0 0 43
K 0 0 54
A D 1 8
J N 7 5839 -14 8 5185 288 0
K 0 0 45
K 0 0 43
K -1 0 45
K 2 0 45
K 24 -6 44
K 0 0 60
K 0 21 60
A D 3 8
J B 21 5889 1 82 6913 864 0
J R 6 5910 28 2 1 0 0
K 0 0 49
A D 1 8
J R 6 5939 28 2 577 288 0
K 0 0 49
A D 1 8
J N 6 5978 0 4 1153 288 0
K -18 0 63
K 0 0 43
K 0 0 54
A D 1 8
J N 7 6007 -21 8 1729 288 0
K 0 7 45
K 0 0 43
K 0 7 45
K 1 7 45
K 25 0 44
K 0 0 60
K 0 21 60
A D 3 8
J R 6 6053 28 2 3457 864 0
K 0 0 49
A D 1 8
J R 6 6082 28 2 4033 288 0
K 0 0 49
A D 1 8
J N 6 6111 -7 3 4609 288 0
K 0 0 43
K 0 0 54
A D 1 8
J N 7 6140 -28 9 5185 288 0
K 0 14 45
K 0 0 45
K 0 0 43
K -1 0 45
K 2 0 45
K 24 -6 44
K 0 0 60
K 0 28 60
A D 3 8
J B 22 6190 1 82 6913 864 0
J R 6 6211 28 2 1 0 0
K 0 0 49
A D 1 8
J R 6 6240 28 2 577 288 0
K 0 0 49
A D 1 8
J N 6 6269 -21 7 1153 288 0
K 0 7 45
K 0 0 43
K 0 7 45
K 1 7 45
K 0 0 60
K 0 0 54
A D 1 8
J N 7 6298 -14 7 1729 288 1 45
K 0 0 45
K 0 0 43
K -1 0 45
K 2 0 45
K 0 0 60
K 0 21 60
A D 2 8
J N 6 6336 -35 8 2881 576 1 45
K 0 21 45
K 0 7 45
K 0 0 43
K 0 7 45
K 1 7 45
K 0 0 60
K 0 14 54
A D 1 8
H 45 S 0 0 0 0 0 0 0 0 0
J R 6 6365 28 2 3457 288 0
K 0 0 49
A D 1 8
J R 6 6394 28 2 4033 288 0
K 0 0 49
A D 1 8
J N 6 6423 -7 3 4609 288 0
K 0 0 43
K 0 0 54
A D 1 8
J N 7 6467 0 5 5185 288 1 46
K -18 0 63
K 0 0 43
K 0 0 60
K 0 21 60
A D 2 8
J N 6 6505 -21 7 6337 576 1 46
K 0 7 45
K 0 0 43
K 0 7 45
K 1 7 45
K 0 0 60
K 0 0 54
A D 1 8
H 46 S 0 0 0 0 0 0 0 0 0
J B 23 6538 1 82 6913 288 0
J R 6 6559 28 2 1 0 0
K 0 0 49
A D 1 8
J R 6 6588 28 2 577 288 0
K 0 0 49
A D 1 8
J N 6 6617 7 3 1153 288 0
K 0 0 43
K 0 0 54
A D 1 8
J N 7 6646 14 4 1729 288 1 47
K 0 0 43
K 0 0 60
K 0 21 60
A D 2 8
J N 6 6684 -7 3 2881 576 1 47
K 0 0 43
K 0 0 54
A D 1 8
H 47 S 0 0 0 0 0 0 0 0 0
J N 7 6713 21 5 3457 288 0
K 0 0 43
K 25 0 44
K 0 0 60
K 0 21 60
A D 3 8
J R 6 6759 28 2 5185 864 0
K 0 0 49
A D 1 8
J R 6 6788 28 2 5761 288 0
K 0 0 49
A D 1 8
J N 6 6817 28 3 6337 288 0
K 0 0 43
K 0 0 54
A D 1 8
J B 24 6850 1 82 6913 288 0
J N 6 6871 56 2 1 0 2 48 49
K 0 0 43
A D 1 8
J N 6 6915 49 3 577 288 1 49
K -18 0 63
K 0 0 43
A D 1 8
J N 6 6944 42 2 1153 288 2 49 48
K 0 0 43
A D 1 8
H 49 B 0 0 108 3 2 1 3
H 48 S 12 0 0 0 0 0 0 0 0
J N 7 6973 63 4 1729 288 0
K 0 0 43
K 0 0 59
K 0 -21 59
A D 2 8
J N 6 7011 49 3 2881 576 0
K 0 0 43
K 0 0 53
A D 1 8
J N 7 7048 42 5 3457 288 0
K 0 0 43
K 24 -6 44
K 0 0 59
K 0 -21 59
A D 3 8
J N 7 7094 7 5 5185 864 0
K 0 0 43
K 25 0 44
K 0 0 60
K 0 21 60
A D 3 8
J B 25 7144 1 82 6913 864 0
J R 7 7165 28 3 1 0 0
K 0 0 48
K -2 -35 101
A D 2 8
J R 6 7203 28 2 1153 576 0
K 0 0 49
A D 1 8
J N 7 7232 14 6 1729 288 0
K 0 0 43
K 24 -6 44
K 0 70 108
K 0 0 60
K 0 21 60
A D 3 8
J R 8 7278 28 3 3457 864 0
K 0 0 47
K 2 -35 101
A D 6 8
J B 26 7335 1 82 6913 1728 0
J N 7 7356 21 5 1 0 0
K 0 0 43
K 0 75 110
K 0 0 60
K 0 21 60
A D 2 8
J N 6 7394 28 3 1153 576 0
K 0 0 43
K 0 0 54
A D 1 8
J N 7 7423 35 5 1729 288 0
K 0 0 43
K 25 0 44
K 0 0 59
K 0 -21 59
A D 3 8
J N 7 7469 42 5 3457 864 0
K 0 0 43
K 24 -6 44
K 0 0 59
K 0 -21 59
A D 3 8
J R 6 7515 28 2 5185 864 0
K 0 0 49
A D 1 8
J R 6 7544 28 2 5761 288 0
K 0 0 49
A D 1 8
J N 6 7573 28 3 6337 288 0
K 0 0 43
K 0 0 54
A D 1 8
J B 27 7606 1 82 6913 288 0
J N 7 7627 28 5 1 0 0
K 0 0 43
K 24 -6 44
K 0 0 60
K 0 21 60
A D 3 8
J N 7 7673 28 5 1729 864 0
K 0 0 43
K 24 -6 44
K 0 0 60
K 0 21 60
A D 3 8
J N 7 7719 28 5 3457 864 0
K 0 0 43
K 24 -6 44
K 0 0 60
K 0 21 60
A D 3 8
J R 6 7765 28 2 5185 864 0
K 0 0 49
A D 1 8
J R 6 7794 28 2 5761 288 0
K 0 0 49
A D 1 8
J N 6 7823 21 4 6337 288 0
K 0 0 43
K 0 68 108
K 0 0 54
A D 1 8
J B 28 7856 1 82 6913 288 0
J N 7 7877 28 5 1 0 0
K 0 0 43
K 24 -6 44
K 0 0 60
K 0 21 60
A D 3 8
J N 7 7923 21 5 1729 864 0
K 0 0 43
K 25 0 44
K 0 0 60
K 0 21 60
A D 3 8
J N 7 7969 28 5 3457 864 0
K 0 0 43
K 24 -6 44
K 0 0 60
K 0 21 60
A D 3 8
J R 6 8015 28 2 5185 864 0
K 0 0 49
A D 1 8
J R 6 8044 28 2 5761 288 0
K 0 0 49
A D 1 8
J N 6 8073 14 4 6337 288 0
K 0 0 43
K 0 74 110
K 0 0 54
A D 1 8
J B 29 8106 1 82 6913 288 0
J N 7 8133 21 6 1 0 0
K -18 0 63
K 0 0 43
K 25 0 44
K 0 0 60
K 0 21 60
A D 3 8
J N 7 8179 14 5 1729 864 0
K 0 0 43
K 24 -6 44
K 0 0 60
K 0 21 60
A D 3 8
J N 7 8225 21 5 3457 864 0
K 0 0 43
K 25 0 44
K 0 0 60
K 0 21 60
A D 3 8
J R 6 8271 28 2 5185 864 0
K 0 0 49
A D 1 8
J R 6 8300 28 2 5761 288 0
K 0 0 49
A D 1 8
J D 0 8329 0 1 6337 288 0
W 0 -21 31 Soli
J N 6 8335 0 4 6337 0 0
K -18 0 63
K 0 0 43
K 0 0 54
A D 1 8
J B 30 8368 1 82 6913 288 0
J N 7 8395 0 5 1 0 1 50
K -18 0 63
K 0 0 43
K 0 0 60
K 0 21 60
A D 2 8
J N 6 8433 7 3 1153 576 1 50
K 0 0 43
K 0 0 54
A D 1 8
H 50 S 0 0 0 0 0 0 0 0 0
J N 7 8462 7 4 1729 288 0
K 0 0 43
K 0 0 60
K 0 21 60
A D 2 8
J N 6 8500 7 3 2881 576 0
K 0 0 43
K 0 0 54
A D 1 8
J N 7 8529 7 4 3457 288 1 51
K 0 0 43
K 0 0 60
K 0 21 60
A D 2 8
J N 6 8567 14 3 4609 576 1 51
K 0 0 43
K 0 0 54
A D 1 8
H 51 S 0 0 0 0 0 0 0 0 0
J R 6 8596 28 2 5185 288 0
K 0 0 49
A D 1 8
J R 6 8625 28 2 5761 288 0
K 0 0 49
A D 1 8
J N 6 8654 14 3 6337 288 0
K 0 0 43
K 0 0 54
A D 1 8
J B 31 8687 1 82 6913 288 0
J N 7 8708 14 4 1 0 1 52
K 0 0 43
K 0 0 60
K 0 21 60
A D 2 8
J N 6 8750 21 4 1153 576 1 52
K -14 0 64
K 0 0 43
K 0 0 54
A D 1 8
H 52 S 0 0 0 0 0 0 0 0 0
J N 7 8779 21 4 1729 288 0
K 0 0 43
K 0 0 60
K 0 21 60
A D 2 8
J D 0 8817 0 1 2881 576 0
W 0 -21 31 Tutti
J N 6 8817 28 3 2881 0 0
K 0 0 43
K 0 0 54
A D 1 8
J N 7 8861 35 5 3457 288 0
K -18 0 63
K 0 0 43
K 0 0 59
K 0 -21 59
A D 2 8
J N 6 8904 49 4 4609 576 0
K -18 0 63
K 0 0 43
K 0 0 53
A D 1 8
J N 7 8941 28 5 5185 288 1 53
K 0 0 43
K 24 -6 44
K 0 0 60
K 0 21 60
A D 3 8
J B 32 8991 1 82 6913 864 0
J N 7 9012 28 5 1 0 1 53
K 0 0 43
K 24 -6 44
K 0 0 60
K 0 21 60
A D 3 8
H 53 T 28 0 0 0 0 0 5 0
J N 7 9067 35 6 1729 864 0
K -18 0 63
K 0 0 43
K 25 0 44
K 0 0 59
K 0 -21 59
A D 3 8
J N 7 9113 28 4 3457 864 0
K 0 0 43
K 0 0 60
K 0 21 60
A D 2 8
J N 6 9155 0 4 4609 576 0
K -18 0 63
K 0 0 43
K 0 0 54
A D 1 8
J N 7 9184 -21 8 5185 288 1 54
K 0 7 45
K 0 0 43
K 0 7 45
K 1 7 45
K 25 0 44
K 0 0 60
K 0 21 60
A D 3 8
J B 33 9234 1 82 6913 864 0
J N 7 9255 -21 7 1 0 1 54
K 0 7 45
K 0 0 43
K 0 7 45
K 1 7 45
K 0 0 60
K 0 21 60
A D 2 8
H 54 T -21 0 0 0 0 0 1 0
J N 6 9297 0 4 1153 576 0
K -18 0 63
K 0 0 43
K 0 0 54
A D 1 8
J N 7 9326 -21 8 1729 288 1 55
K 0 7 45
K 0 0 43
K 0 7 45
K 1 7 45
K 25 0 44
K 0 0 60
K 0 21 60
A D 3 8
J N 7 9372 -21 7 3457 864 1 55
K 0 7 45
K 0 0 43
K 0 7 45
K 1 7 45
K 0 0 60
K 0 21 60
A D 2 8
H 55 T -21 0 0 0 0 0 1 0
J N 6 9410 0 3 4609 576 0
K 0 0 43
K 0 0 54
A D 1 8
J N 7 9439 -21 8 5185 288 1 56
K 0 7 45
K 0 0 43
K 0 7 45
K 1 7 45
K 25 0 44
K 0 0 60
K 0 21 60
A D 3 8
J B 34 9489 1 82 6913 864 0
J N 7 9510 -21 7 1 0 1 56
K 0 7 45
K 0 0 43
K 0 7 45
K 1 7 45
K 0 0 60
K 0 21 60
A D 2 8
H 56 T -21 0 0 0 0 0 1 0
J N 6 9548 28 3 1153 576 0
K 0 0 43
K 0 0 54
A D 1 8
J N 7 9577 7 5 1729 288 1 57
K 0 0 43
K 25 0 44
K 0 0 60
K 0 21 60
A D 3 8
J N 7 9623 7 4 3457 864 1 57
K 0 0 43
K 0 0 60
K 0 21 60
A D 2 8
H 57 T 7 0 0 0 0 0 1 0
J N 6 9667 0 4 4609 576 0
K -18 0 63
K 0 0 43
K 0 0 54
A D 1 8
J N 7 9696 14 4 5185 288 0
K 0 0 43
K 0 0 60
K 0 21 60
A D 2 8
J N 6 9740 21 4 6337 576 0
K -18 0 63
K 0 0 43
K 0 0 54
A D 1 8
J B 35 9773 1 82 6913 288 0
J N 7 9794 14 5 1 0 0
K 0 0 43
K 24 -6 44
K 0 0 60
K 0 21 60
A D 3 8
J N 7 9849 21 6 1729 864 0
K -18 0 63
K 0 0 43
K 25 0 44
K 0 0 60
K 0 21 60
A D 3 8
J N 8 9895 28 5 3457 864 0
K 0 0 42
K 24 -6 44
K 0 0 60
K 0 21 60
A D 6 8
J B 36 9967 1 82 6913 1728 0
J N 7 9988 28 4 1 0 1 58
K 0 0 43
K 0 0 60
K 0 21 60
A D 2 8
J N 6 10026 21 3 1153 576 1 58
K 0 0 43
K 0 0 54
A D 1 8
H 58 S 0 0 0 0 0 0 0 0 0
J N 7 10055 14 4 1729 288 1 59
K 0 0 43
K 0 0 60
K 0 21 60
A D 2 8
J N 6 10093 28 3 2881 576 1 59
K 0 0 43
K 0 0 54
A D 1 8
H 59 S 0 0 0 0 0 0 0 0 0
J N 7 10122 7 4 3457 288 1 60
K 0 0 43
K 0 0 60
K 0 21 60
A D 2 8
J N 6 10160 14 3 4609 576 1 60
K 0 0 43
K 0 0 54
A D 1 8
H 60 S 0 0 0 0 0 0 0 0 0
J N 6 10189 7 2 5185 288 2 61 62
K 0 0 43
A D 1 8
J N 6 10218 14 2 5761 288 1 62
K 0 0 43
A D 1 8
J N 6 10247 21 2 6337 288 2 62 61
K 0 0 43
A D 1 8
H 62 B 1 0 108 3 2 1 3
H 61 S 0 0 0 0 0 0 0 0 0
J B 37 10280 1 82 6913 288 0
J N 7 10301 14 4 1 0 1 63
K 0 0 43
K 0 0 60
K 0 21 60
A D 2 8
J N 6 10339 21 3 1153 576 1 63
K 0 0 43
K 0 0 54
A D 1 8
H 63 S 0 0 0 0 0 0 0 0 0
J N 7 10368 14 4 1729 288 1 64
K 0 0 43
K 0 0 60
K 0 21 60
A D 2 8
J N 6 10406 28 3 2881 576 1 64
K 0 0 43
K 0 0 54
A D 1 8
H 64 S 0 0 0 0 0 0 0 0 0
J N 6 10435 21 2 3457 288 2 65 66
K 0 0 43
A D 1 8
J N 6 10464 14 2 4033 288 1 66
K 0 0 43
A D 1 8
J N 6 10493 28 2 4609 288 2 66 65
K 0 0 43
A D 1 8
H 66 B 1 0 108 3 2 1 3
H 65 S 0 0 -7 0 -7 0 0 0 0
J N 7 10522 35 4 5185 288 0
K 0 0 43
K 0 0 59
K 0 -21 59
A D 2 8
J N 6 10560 14 3 6337 576 0
K 0 0 43
K 0 0 54
A D 1 8
J B 38 10593 1 82 6913 288 0
J N 7 10614 28 4 1 0 1 67
K 0 0 43
K 0 0 60
K 0 21 60
A D 2 8
J N 6 10652 21 3 1153 576 1 67
K 0 0 43
K 0 0 54
A D 1 8
H 67 S 0 0 0 0 0 0 0 0 0
J N 7 10681 14 4 1729 288 1 68
K 0 0 43
K 0 0 60
K 0 21 60
A D 2 8
J N 6 10719 28 3 2881 576 1 68
K 0 0 43
K 0 0 54
A D 1 8
H 68 S 0 0 0 0 0 0 0 0 0
J N 7 10758 49 5 3457 288 1 69
K -18 0 63
K 0 0 43
K 0 0 59
K 0 -21 59
A D 2 8
J N 6 10796 42 3 4609 576 1 69
K 0 0 43
K 0 0 53
A D 1 8
H 69 S 12 0 0 0 0 0 0 0 0
J N 7 10833 35 4 5185 288 1 70
K 0 0 43
K 0 0 59
K 0 -21 59
A D 2 8
J N 6 10871 49 3 6337 576 1 70
K 0 0 43
K 0 0 53
A D 1 8
H 70 S 13 0 0 0 0 0 0 0 0
J B 39 10915 1 82 6913 288 0
J N 7 10936 28 4 1 0 1 71
K 0 0 43
K 0 0 60
K 0 21 60
A D 2 8
J N 6 10974 35 3 1153 576 1 71
K 0 0 43
K 0 0 53
A D 1 8
H 71 S 0 0 0 0 0 0 0 0 0
J N 6 11011 28 2 1729 288 2 72 73
K 0 0 43
A D 1 8
J N 6 11040 35 2 2305 288 1 73
K 0 0 43
A D 1 8
J N 6 11069 42 2 2881 288 2 73 72
K 0 0 43
A D 1 8
H 73 B 0 0 108 3 2 1 3
H 72 S 12 0 0 0 0 0 0 0 0
J N 7 11098 35 4 3457 288 1 74
K 0 0 43
K 0 0 59
K 0 -21 59
A D 2 8
J N 6 11136 42 3 4609 576 1 74
K 0 0 43
K 0 0 53
A D 1 8
H 74 S 12 0 0 0 0 0 0 0 0
J N 7 11173 35 4 5185 288 1 75
K 0 0 43
K 0 0 59
K 0 -21 59
A D 2 8
J N 6 11216 49 4 6337 576 1 75
K -18 0 63
K 0 0 43
K 0 0 53
A D 1 8
H 75 S 12 0 0 0 0 0 0 0 0
J B 40 11260 1 82 6913 288 0
J N 6 11281 42 2 1 0 2 76 77
K 0 0 43
A D 1 8
J N 6 11310 35 2 577 288 1 77
K 0 0 43
A D 1 8
J N 6 11353 49 3 1153 288 2 77 76
K -18 0 63
K 0 0 43
A D 1 8
H 77 B 0 0 108 3 2 1 3
H 76 S 12 0 0 0 0 0 0 0 0
J N 7 11382 56 4 1729 288 0
K 0 0 43
K 0 0 59
K 0 -21 59
A D 2 8
J N 6 11420 35 3 2881 576 0
K 0 0 43
K 0 0 53
A D 1 8
J N 7 11453 49 4 3457 288 1 78
K 0 0 43
K 0 0 59
K 0 -21 59
A D 2 8
J N 6 11491 42 3 4609 576 1 78
K 0 0 43
K 0 0 53
A D 1 8
H 78 S 12 0 0 0 0 0 0 0 0
J N 7 11528 35 4 5185 288 1 79
K 0 0 43
K 0 0 59
K 0 -21 59
A D 2 8
J N 6 11566 49 3 6337 576 1 79
K 0 0 43
K 0 0 53
A D 1 8
H 79 S 12 0 0 0 0 0 0 0 0
J B 41 11610 1 82 6913 288 0
J N 8 11631 -7 5 1 0 0
K 0 0 42
K 25 0 44
K 0 0 60
K 0 21 60
A D 6 8
J N 8 11699 -7 5 3457 1728 0
K 0 0 42
K 25 0 44
K 0 0 60
K 0 21 60
A D 6 8
J B 42 11771 1 82 6913 1728 0
J N 8 11792 -7 5 1 0 0
K 0 0 42
K 25 0 44
K 0 0 60
K 0 21 60
A D 6 8
J N 7 11860 -7 5 3457 1728 0
K 0 0 43
K 25 0 44
K 0 0 60
K 0 21 60
A D 3 8
J N 7 11916 0 6 5185 864 0
K -18 0 63
K 0 0 43
K 24 -6 44
K 0 0 60
K 0 21 60
A D 3 8
J B 43 11966 1 82 6913 864 0
J N 7 11987 -7 5 1 0 0
K 0 0 43
K 25 0 44
K 0 0 60
K 0 21 60
A D 3 8
J D 0 12033 0 1 1729 864 0
W 0 -28 31 Soli
J R 6 12033 28 2 1729 0 0
K 0 0 49
A D 1 8
J R 6 12062 28 2 2305 288 0
K 0 0 49
A D 1 8
J N 6 12091 -21 7 2881 288 0
K 0 7 45
K 0 0 43
K 0 7 45
K 1 7 45
K 0 0 60
K 0 0 54
A D 1 8
J N 6 12120 -28 6 3457 288 2 80 81
K 0 14 45
K 0 0 45
K 0 0 43
K -1 0 45
K 2 0 45
A D 1 8
J N 6 12149 -21 5 4033 288 1 81
K 0 7 45
K 0 0 43
K 0 7 45
K 1 7 45
A D 1 8
J N 6 12178 -14 5 4609 288 2 81 80
K 0 0 45
K 0 0 43
K -1 0 45
K 2 0 45
A D 1 8
H 81 B 1 0 108 3 2 1 3
H 80 S 0 0 0 0 0 0 0 0 0
J N 7 12207 -35 9 5185 288 0
K 0 21 45
K 0 7 45
K 0 0 43
K 0 7 45
K 1 7 45
K 0 0 60
K 0 28 60
K 0 35 60
A D 2 8
J N 6 12245 14 3 6337 576 0
K 0 0 43
K 0 0 54
A D 1 8
J B 44 12278 1 82 6913 288 0
J N 7 12299 -7 4 1 0 0
K 0 0 43
K 0 0 60
K 0 21 60
A D 2 8
J N 6 12337 42 3 1153 576 0
K 0 0 43
K 0 0 53
A D 1 8
J R 6 12377 28 2 1729 288 0
K 0 0 49
A D 1 8
J R 6 12406 28 2 2305 288 0
K 0 0 49
A D 1 8
J N 6 12435 -28 8 2881 288 0
K 0 14 45
K 0 0 45
K 0 0 43
K -1 0 45
K 2 0 45
K 0 0 60
K 0 7 54
A D 1 8
J N 6 12464 -14 5 3457 288 2 82 83
K 0 0 45
K 0 0 43
K -1 0 45
K 2 0 45
A D 1 8
J N 6 12493 -7 2 4033 288 1 83
K 0 0 43
A D 1 8
J N 6 12537 0 3 4609 288 2 83 82
K -18 0 63
K 0 0 43
A D 1 8
H 83 B 1 0 108 3 2 1 3
H 82 S 1 0 0 0 0 0 0 0 0
J N 7 12566 -21 7 5185 288 0
K 0 7 45
K 0 0 43
K 0 7 45
K 1 7 45
K 0 0 60
K 0 21 60
A D 2 8
J N 6 12604 28 3 6337 576 0
K 0 0 43
K 0 0 54
A D 1 8
J B 45 12637 1 82 6913 288 0
J N 7 12658 7 4 1 0 0
K 0 0 43
K 0 0 60
K 0 21 60
A D 2 8
J N 6 12696 56 3 1153 576 0
K 0 0 43
K 0 0 53
A D 1 8
J R 6 12736 28 2 1729 288 0
K 0 0 49
A D 1 8
J R 6 12765 28 2 2305 288 0
K 0 0 49
A D 1 8
J N 6 12794 -14 6 2881 288 0
K 0 0 45
K 0 0 43
K -1 0 45
K 2 0 45
K 0 0 54
A D 1 8
J N 6 12837 0 3 3457 288 2 84 85
K -18 0 63
K 0 0 43
A D 1 8
J N 6 12866 7 2 4033 288 1 85
K 0 0 43
A D 1 8
J N 6 12895 14 2 4609 288 2 85 84
K 0 0 43
A D 1 8
H 85 B 1 0 108 3 2 1 3
H 84 S 0 0 0 0 0 0 0 0 0
J N 7 12924 -7 4 5185 288 0
K 0 0 43
K 0 0 60
K 0 21 60
A D 2 8
J N 6 12962 -7 3 6337 576 0
K 0 0 43
K 0 0 54
A D 1 8
J B 46 12995 1 82 6913 288 0
J N 7 13016 -7 5 1 0 0
K 0 0 43
K 25 0 44
K 0 0 60
K 0 21 60
A D 3 8
J R 6 13062 28 2 1729 864 0
K 0 0 49
A D 1 8
J R 6 13091 28 2 2305 288 0
K 0 0 49
A D 1 8
J D 0 13120 0 1 2881 288 0
W 0 -21 31 Tutti
J N 6 13126 0 4 2881 0 0
K -18 0 63
K 0 0 43
K 0 0 54
A D 1 8
J N 6 13155 28 2 3457 288 2 86 87
K 0 0 43
A D 1 8
J N 6 13199 21 3 4033 288 1 87
K -18 0 63
K 0 0 43
A D 1 8
J N 6 13228 14 2 4609 288 2 87 86
K 0 0 43
A D 1 8
H 87 B 1 0 108 3 2 1 3
H 86 S 0 0 0 0 0 0 0 0 0
J N 6 13257 35 2 5185 288 2 88 89
K 0 0 43
A D 1 8
J N 6 13286 14 2 5761 288 1 89
K 0 0 43
A D 1 8
J N 6 13315 21 2 6337 288 2 89 88
K 0 0 43
A D 1 8
H 89 B 1 0 108 3 2 1 3
H 88 S 0 0 -7 0 -7 0 0 0 0
J B 47 13348 1 82 6913 288 0
J N 9 13369 14 3 1 0 1 90
K 0 0 41
K 31 -6 44
A D 12 8
J B 48 13479 1 82 6913 3456 0
J N 9 13500 14 3 1 0 2 91 90
K 0 0 41
K 31 -6 44
A D 12 8
H 90 T 14 0 0 0 0 0 5 0
J B 49 13610 1 82 6913 3456 0
J N 8 13631 14 5 1 0 2 92 91
K 0 0 42
K 24 -6 44
K 0 0 60
K 0 21 60
A D 6 8
H 91 T 14 0 0 0 0 0 5 0
J N 6 13699 14 2 3457 1728 2 93 92
K 0 0 43
A D 1 8
H 92 T 14 0 0 0 0 0 5 0
J N 6 13728 21 2 4033 288 1 93
K 0 0 43
A D 1 8
J N 6 13757 28 2 4609 288 1 93
K 0 0 43
A D 1 8
H 93 B 1 0 108 3 2 1 3
J N 7 13786 21 5 5185 288 1 94
K 0 0 43
K 25 0 44
K 0 0 60
K 0 21 60
A D 3 8
J B 50 13836 1 82 6913 864 0
J N 6 13863 21 3 1 0 3 95 96 94
k -18 0 63
K 0 0 43
A D 1 8
H 94 T 21 0 0 0 0 0 1 0
J N 6 13892 28 2 577 288 1 96
K 0 0 43
A D 1 8
J N 6 13921 35 2 1153 288 2 96 95
K 0 0 43
A D 1 8
H 96 B 1 0 108 3 2 1 3
H 95 S 0 0 0 0 0 0 0 0 0
J N 7 13950 28 5 1729 288 1 97
K 0 0 43
K 24 -6 44
K 0 0 60
K 0 21 60
A D 3 8
J N 7 13996 28 4 3457 864 1 97
K 0 0 43
K 0 0 60
K 0 21 60
A D 2 8
H 97 T 28 0 0 0 0 0 5 0
J N 6 14034 56 3 4609 576 0
K 0 0 43
K 0 0 53
A D 1 8
J N 7 14071 35 5 5185 288 1 98
K 0 0 43
K 25 0 44
K 0 0 59
K 0 -21 59
A D 3 8
J B 51 14121 1 82 6913 864 0
J N 7 14142 35 4 1 0 1 98
K 0 0 43
K 0 0 59
K 0 -21 59
A D 2 8
H 98 T 35 0 0 0 0 0 9 0
J N 6 14180 63 3 1153 576 0
K 0 0 43
K 0 0 53
A D 1 8
J N 8 14217 42 5 1729 288 0
K 0 0 42
K 24 -6 44
K 0 0 59
K 0 -21 59
A D 6 8
J N 7 14285 49 7 5185 1728 0
K -18 0 63
K 0 0 43
K 25 0 44
K 0 39 110
K 0 0 59
K 0 -21 59
A D 3 8
J B 52 14335 1 82 6913 864 0
J N 8 14356 42 13 1 0 0
K 1 28 45
K 1 42 45
K 0 0 42
K 24 -6 44
K 0 49 42
K 0 42 45
K 1 42 45
K 25 49 44
K 0 49 59
K 0 21 59
K 0 0 59
K 0 -21 59
A D 6 8
J N 8 14424 42 13 3457 1728 0
K 1 28 45
K 1 42 45
K 0 0 42
K 24 -6 44
K 0 49 42
K 0 42 45
K 1 42 45
K 25 49 44
K 0 49 59
K 0 21 59
K 0 0 59
K 0 -21 59
A D 6 8
J B 53 14496 1 82 6913 1728 0
J N 8 14517 42 13 1 0 0
K 1 28 45
K 1 42 45
K 0 0 42
K 24 -6 44
K 0 49 42
K 0 42 45
K 1 42 45
K 25 49 44
K 0 49 59
K 0 21 59
K 0 0 59
K 0 -21 59
A D 6 8
J N 8 14585 42 13 3457 1728 0
K 1 28 45
K 1 42 45
K 0 0 42
K 24 -6 44
K 0 49 42
K 0 42 45
K 1 42 45
K 25 49 44
K 0 49 59
K 0 21 59
K 0 0 59
K 0 -21 59
A D 6 8
J B 54 14657 1 82 6913 1728 0
J N 8 14678 42 13 1 0 0
K 1 28 45
K 1 42 45
K 0 0 42
K 24 -6 44
K 0 49 42
K 0 42 45
K 1 42 45
K 25 49 44
K 0 49 59
K 0 21 59
K 0 0 59
K 0 -21 59
A D 6 8
J N 8 14746 42 13 3457 1728 0
K 1 28 45
K 1 42 45
K 0 0 42
K 24 -6 44
K 0 49 42
K 0 42 45
K 1 42 45
K 25 49 44
K 0 49 59
K 0 21 59
K 0 0 59
K 0 -21 59
A D 6 8
J B 55 14818 1 82 6913 1728 0
J N 7 14845 49 7 1 0 0
K -18 0 63
K 0 0 43
K 25 0 44
K 0 32 108
K 0 0 59
K 0 -21 59
A D 3 8
J N 7 14891 42 5 1729 864 0
K 0 0 43
K 24 -6 44
K 0 0 59
K 0 -21 59
A D 3 8
J N 7 14937 42 5 3457 864 0
K 0 0 43
K 24 -6 44
K 0 0 59
K 0 -21 59
A D 3 8
J R 6 14983 28 2 5185 864 0
K 0 0 49
A D 1 8
J R 6 15012 28 2 5761 288 0
K 0 0 49
A D 1 8
J N 6 15041 49 3 6337 288 0
K 0 0 43
K 0 0 53
A D 1 8
J B 56 15085 1 82 6913 288 0
J N 7 15106 42 5 1 0 0
K 0 0 43
K 24 -6 44
K 0 0 59
K 0 -21 59
A D 3 8
J R 7 15152 28 2 1729 864 0
K 0 0 48
A D 2 8
J R 6 15190 28 2 2881 576 0
K 0 0 49
A D 1 8
J N 7 15219 35 7 3457 288 0
K 0 0 43
K 25 0 44
K 0 44 108
K 23 44 108
K 0 0 59
K 0 -21 59
A D 3 8
J R 7 15265 28 2 5185 864 0
K 0 0 48
A D 2 8
J R 6 15303 28 2 6337 576 0
K 0 0 49
A D 1 8
J B 57 15336 1 82 6913 288 0
J N 7 15357 28 5 1 0 0
K 0 0 43
K 24 -6 44
K 0 0 60
K 0 21 60
A D 3 8
J R 7 15403 28 2 1729 864 0
K 0 0 48
A D 2 8
J R 6 15441 28 2 2881 576 0
K 0 0 49
A D 1 8
J R 8 15470 28 3 3457 288 0
K 0 0 47
K 2 -35 101
A D 6 8
J B 0 15540 6 2 6913 1728 0
K -13 0 82
K -6 0 84
J M 0 15540 0 0 10000 0 0
