@ SOURCE: not identified 
L 0 0 14 !39Violino 2 concertino
J D 4 500 -120 1 6913 0 0
W 0 0 44 VI.
J D 1 75 -37 1 6913 0 0
W 0 -56 44 VI.:  Violino 2 concertino
J C 4 5 42 2 6913 0 0
K 0 0 33
K 0 0 34
J K 0 57 0 0 6913 0 0
J D 5 57 -42 1 6913 0 0
W 0 0 37 Largo
J T 1208 78 0 3 6913 0 0
K 0 28 73
K -21 28 72
K -10 56 79
J N 7 117 42 4 1 0 1 1
K 0 0 43
K 0 0 59
K 0 -21 59
A D 2 8
J N 6 155 35 3 1153 576 1 1
K 0 0 43
K 0 0 53
A D 1 8
H 1 S 12 0 0 0 0 0 0 0 0
J N 7 192 28 4 1729 288 1 2
K 0 0 43
K 0 0 60
K 0 21 60
A D 2 8
J N 6 230 42 3 2881 576 1 2
K 0 0 43
K 0 0 53
A D 1 8
H 2 S 0 0 0 0 0 0 0 0 0
J N 7 267 21 4 3457 288 1 3
K 0 0 43
K 0 0 60
K 0 21 60
A D 2 8
J N 6 305 28 3 4609 576 1 3
K 0 0 43
K 0 0 54
A D 1 8
H 3 S 0 0 0 0 0 0 0 0 0
J N 6 334 21 2 5185 288 2 4 5
K 0 0 43
A D 1 8
J N 6 363 28 2 5761 288 1 5
K 0 0 43
A D 1 8
J N 6 392 35 2 6337 288 2 5 4
K 0 0 43
A D 1 8
H 5 B 1 0 108 3 2 1 3
H 4 S 0 0 0 0 0 0 0 0 0
J B 2 425 1 82 6913 288 0
J N 7 446 28 4 1 0 1 6
K 0 0 43
K 0 0 60
K 0 21 60
A D 2 8
J N 6 484 35 3 1153 576 1 6
K 0 0 43
K 0 0 53
A D 1 8
H 6 S 0 0 0 0 0 0 0 0 0
J N 7 521 28 4 1729 288 1 7
K 0 0 43
K 0 0 60
K 0 21 60
A D 2 8
J N 6 559 42 3 2881 576 1 7
K 0 0 43
K 0 0 53
A D 1 8
H 7 S 0 0 0 0 0 0 0 0 0
J N 6 592 56 2 3457 288 1 8
K 0 0 43
A D 1 8
J N 6 636 49 3 4033 288 1 8
K -18 0 63
K 0 0 43
A D 1 8
J N 6 665 42 2 4609 288 1 8
K 0 0 43
A D 1 8
H 8 B 0 0 108 3 2 1 3
J N 6 694 63 2 5185 288 1 9
K 0 0 43
A D 1 8
J N 6 723 42 2 5761 288 1 9
K 0 0 43
A D 1 8
J N 6 752 49 2 6337 288 1 9
K 0 0 43
A D 1 8
H 9 B 0 0 108 3 2 1 3
J B 3 785 1 82 6913 288 0
J N 7 806 42 4 1 0 1 10
K 0 0 43
K 0 0 59
K 0 -21 59
A D 2 8
J N 6 844 35 3 1153 576 1 10
K 0 0 43
K 0 0 53
A D 1 8
H 10 S 12 0 0 0 0 0 0 0 0
J N 7 881 28 4 1729 288 1 11
K 0 0 43
K 0 0 60
K 0 21 60
A D 2 8
J N 6 919 42 3 2881 576 1 11
K 0 0 43
K 0 0 53
A D 1 8
H 11 S 0 0 0 0 0 0 0 0 0
J N 7 952 63 4 3457 288 1 12
K 0 0 43
K 0 0 59
K 0 -21 59
A D 2 8
J N 6 990 56 3 4609 576 1 12
K 0 0 43
K 0 0 53
A D 1 8
H 12 S 12 0 0 0 0 0 0 0 0
J N 7 1045 49 5 5185 288 1 13
K -18 0 63
K 0 0 43
K 0 0 59
K 0 -21 59
A D 2 8
J N 6 1083 63 3 6337 576 1 13
K 0 0 43
K 0 0 53
A D 1 8
H 13 S 12 0 0 0 0 0 0 0 0
J B 4 1127 1 82 6913 288 0
J N 7 1148 42 4 1 0 1 14
K 0 0 43
K 0 0 59
K 0 -21 59
A D 2 8
J N 6 1192 49 4 1153 576 1 14
K -18 0 63
K 0 0 43
K 0 0 53
A D 1 8
H 14 S 12 0 0 0 0 0 0 0 0
J N 6 1229 42 2 1729 288 2 15 16
K 0 0 43
A D 1 8
J N 6 1258 49 2 2305 288 1 16
K 0 0 43
A D 1 8
J N 6 1287 56 2 2881 288 2 16 15
K 0 0 43
A D 1 8
H 16 B 0 0 108 3 2 1 3
H 15 S 12 0 0 0 0 0 0 0 0
J N 7 1316 49 4 3457 288 1 17
K 0 0 43
K 0 0 59
K 0 -21 59
A D 2 8
J N 6 1354 56 3 4609 576 1 17
K 0 0 43
K 0 0 53
A D 1 8
H 17 S 12 0 0 0 0 0 0 0 0
J N 7 1391 49 4 5185 288 1 18
K 0 0 43
K 0 0 59
K 0 -21 59
A D 2 8
J N 6 1429 63 3 6337 576 1 18
K 0 0 43
K 0 0 53
A D 1 8
H 18 S 12 0 0 0 0 0 0 0 0
J B 5 1473 1 82 6913 288 0
J N 6 1494 77 5 1 0 2 19 20
K 1 -7 45
K 0 0 43
K 0 -7 45
K 1 -7 45
A D 1 8
J N 6 1538 70 6 577 288 1 20
K 1 0 45
K -18 0 63
K 0 0 43
K -1 0 45
K 2 0 45
A D 1 8
J N 6 1567 63 2 1153 288 2 20 19
K 0 0 43
A D 1 8
H 20 B 0 0 108 3 2 1 3
H 19 S 12 0 0 0 0 0 0 0 0
J N 6 1596 84 6 1729 288 2 21 22
K 1 -14 45
K 1 0 45
K 0 0 43
K -1 0 45
K 2 0 45
A D 1 8
J N 6 1625 63 2 2305 288 1 22
K 0 0 43
A D 1 8
J N 6 1654 70 5 2881 288 2 22 21
K 1 0 45
K 0 0 43
K -1 0 45
K 2 0 45
A D 1 8
H 22 B 0 0 108 3 2 1 3
H 21 S 12 0 0 0 0 0 0 0 0
J N 7 1683 63 4 3457 288 1 23
K 0 0 43
K 0 0 59
K 0 -21 59
A D 2 8
J N 6 1721 56 3 4609 576 1 23
K 0 0 43
K 0 0 53
A D 1 8
H 23 S 12 0 0 0 0 0 0 0 0
J N 7 1776 49 5 5185 288 1 24
K -18 0 63
K 0 0 43
K 0 0 59
K 0 -21 59
A D 2 8
J N 6 1814 63 3 6337 576 1 24
K 0 0 43
K 0 0 53
A D 1 8
H 24 S 12 0 0 0 0 0 0 0 0
J B 6 1858 1 82 6913 288 0
J N 7 1879 28 4 1 0 1 25
K 0 0 43
K 0 0 60
K 0 21 60
A D 2 8
J N 6 1917 21 3 1153 576 1 25
K 0 0 43
K 0 0 54
A D 1 8
H 25 S 0 0 0 0 0 0 0 0 0
J N 7 1946 14 4 1729 288 1 26
K 0 0 43
K 0 0 60
K 0 21 60
A D 2 8
J N 6 1984 28 3 2881 576 1 26
K 0 0 43
K 0 0 54
A D 1 8
H 26 S 0 0 0 0 0 0 0 0 0
J N 7 2013 7 4 3457 288 1 27
K 0 0 43
K 0 0 60
K 0 21 60
A D 2 8
J N 6 2051 14 3 4609 576 1 27
K 0 0 43
K 0 0 54
A D 1 8
H 27 S 0 0 0 0 0 0 0 0 0
J N 6 2080 7 2 5185 288 2 28 29
K 0 0 43
A D 1 8
J N 6 2109 14 2 5761 288 1 29
K 0 0 43
A D 1 8
J N 6 2138 21 2 6337 288 2 29 28
K 0 0 43
A D 1 8
H 29 B 1 0 108 3 2 1 3
H 28 S 0 0 0 0 0 0 0 0 0
J B 7 2171 1 82 6913 288 0
J N 7 2192 14 4 1 0 1 30
K 0 0 43
K 0 0 60
K 0 21 60
A D 2 8
J N 6 2230 21 3 1153 576 1 30
K 0 0 43
K 0 0 54
A D 1 8
H 30 S 0 0 0 0 0 0 0 0 0
J N 7 2259 14 4 1729 288 1 31
K 0 0 43
K 0 0 60
K 0 21 60
A D 2 8
J N 6 2297 28 3 2881 576 1 31
K 0 0 43
K 0 0 54
A D 1 8
H 31 S 0 0 0 0 0 0 0 0 0
J N 6 2326 7 2 3457 288 2 32 33
K 0 0 43
A D 1 8
J N 6 2355 14 2 4033 288 1 33
K 0 0 43
A D 1 8
J N 6 2384 7 2 4609 288 2 33 32
K 0 0 43
A D 1 8
H 33 B 1 0 108 3 2 1 3
H 32 S 0 0 0 0 0 0 0 0 0
J N 7 2413 35 4 5185 288 0
K 0 0 43
K 0 0 59
K 0 -21 59
A D 2 8
J N 6 2451 14 3 6337 576 0
K 0 0 43
K 0 0 54
A D 1 8
J B 8 2484 1 82 6913 288 0
J N 7 2505 28 5 1 0 0
K 0 0 43
K 24 -6 44
K 0 0 60
K 0 21 60
A D 3 8
J R 6 2551 28 2 1729 864 0
K 0 0 49
A D 1 8
J R 6 2580 28 2 2305 288 0
K 0 0 49
A D 1 8
J N 6 2609 -7 3 2881 288 0
K 0 0 43
K 0 0 54
A D 1 8
J N 7 2638 -14 8 3457 288 0
K 0 0 45
K 0 0 43
K -1 0 45
K 2 0 45
K 24 -6 44
K 0 0 60
K 0 21 60
A D 3 8
J R 6 2684 28 2 5185 864 0
K 0 0 49
A D 1 8
J R 6 2713 28 2 5761 288 0
K 0 0 49
A D 1 8
J N 6 2742 -35 8 6337 288 0
K 0 21 45
K 0 7 45
K 0 0 43
K 0 7 45
K 1 7 45
K 0 0 60
K 0 14 54
A D 1 8
J B 9 2775 1 82 6913 288 0
J N 7 2796 -21 7 1 0 0
K 0 7 45
K 0 0 43
K 0 7 45
K 1 7 45
K 0 0 60
K 0 21 60
A D 2 8
J N 6 2834 28 3 1153 576 0
K 0 0 43
K 0 0 54
A D 1 8
J R 6 2863 28 2 1729 288 0
K 0 0 49
A D 1 8
J R 6 2892 28 2 2305 288 0
K 0 0 49
A D 1 8
J N 6 2921 7 3 2881 288 0
K 0 0 43
K 0 0 54
A D 1 8
J N 7 2965 0 6 3457 288 0
K -18 0 63
K 0 0 43
K 24 -6 44
K 0 0 60
K 0 21 60
A D 3 8
J R 6 3011 28 2 5185 864 0
K 0 0 49
A D 1 8
J R 6 3040 28 2 5761 288 0
K 0 0 49
A D 1 8
J N 6 3069 -21 7 6337 288 0
K 0 7 45
K 0 0 43
K 0 7 45
K 1 7 45
K 0 0 60
K 0 0 54
A D 1 8
J B 10 3102 1 82 6913 288 0
J N 7 3123 -7 4 1 0 0
K 0 0 43
K 0 0 60
K 0 21 60
A D 2 8
J N 6 3161 42 3 1153 576 0
K 0 0 43
K 0 0 53
A D 1 8
J R 6 3201 28 2 1729 288 0
K 0 0 49
A D 1 8
J R 6 3230 28 2 2305 288 0
K 0 0 49
A D 1 8
J N 6 3259 21 3 2881 288 0
K 0 0 43
K 0 0 54
A D 1 8
J N 7 3288 14 5 3457 288 0
K 0 0 43
K 24 -6 44
K 0 0 60
K 0 21 60
A D 3 8
J R 6 3334 28 2 5185 864 0
K 0 0 49
A D 1 8
J R 6 3363 28 2 5761 288 0
K 0 0 49
A D 1 8
J N 6 3392 7 3 6337 288 0
K 0 0 43
K 0 0 54
A D 1 8
J B 11 3425 1 82 6913 288 0
J N 7 3446 35 5 1 0 0
K 0 0 43
K 25 0 44
K 0 0 59
K 0 -21 59
A D 3 8
J R 6 3492 28 2 1729 864 0
K 0 0 49
A D 1 8
J R 6 3521 28 2 2305 288 0
K 0 0 49
A D 1 8
J N 6 3550 -14 6 2881 288 0
K 0 0 45
K 0 0 43
K -1 0 45
K 2 0 45
K 0 0 54
A D 1 8
J N 6 3579 -7 2 3457 288 2 34 35
K 0 0 43
A D 1 8
J N 6 3608 -14 5 4033 288 1 35
K 0 0 45
K 0 0 43
K -1 0 45
K 2 0 45
A D 1 8
J N 6 3651 0 3 4609 288 2 35 34
K -18 0 63
K 0 0 43
A D 1 8
H 35 B 1 0 108 3 2 1 3
H 34 S 0 0 -7 0 -7 0 0 0 0
J N 7 3680 7 5 5185 288 0
K 0 0 43
K 25 0 44
K 0 0 60
K 0 21 60
A D 3 8
J B 12 3730 1 82 6913 864 0
J N 7 3751 14 5 1 0 0
K 0 0 43
K 24 -6 44
K 0 0 60
K 0 21 60
A D 3 8
J R 6 3797 28 2 1729 864 0
K 0 0 49
A D 1 8
J R 6 3826 28 2 2305 288 0
K 0 0 49
A D 1 8
J N 6 3866 49 4 2881 288 0
K -18 0 63
K 0 0 43
K 0 0 53
A D 1 8
J N 7 3903 42 4 3457 288 1 36
K 0 0 43
K 0 0 59
K 0 -21 59
A D 2 8
J N 6 3941 49 3 4609 576 1 36
K 0 0 43
K 0 0 53
A D 1 8
H 36 S 12 0 0 0 0 0 0 0 0
J N 6 3978 42 2 5185 288 2 37 38
K 0 0 43
A D 1 8
J N 6 4007 49 2 5761 288 1 38
K 0 0 43
A D 1 8
J N 6 4036 56 2 6337 288 2 38 37
K 0 0 43
A D 1 8
H 38 B 0 0 108 3 2 1 3
H 37 S 12 0 0 0 0 0 0 0 0
J B 13 4069 1 82 6913 288 0
J N 7 4096 49 5 1 0 0
K -18 0 63
K 0 0 43
K 0 0 59
K 0 -21 59
A D 2 8
J N 6 4134 63 3 1153 576 0
K 0 0 43
K 0 0 53
A D 1 8
J R 6 4174 28 2 1729 288 0
K 0 0 49
A D 1 8
J R 6 4203 28 2 2305 288 0
K 0 0 49
A D 1 8
J N 6 4232 28 3 2881 288 0
K 0 0 43
K 0 0 54
A D 1 8
J N 7 4261 21 4 3457 288 1 39
K 0 0 43
K 0 0 60
K 0 21 60
A D 2 8
J N 6 4299 28 3 4609 576 1 39
K 0 0 43
K 0 0 54
A D 1 8
H 39 S 0 0 0 0 0 0 0 0 0
J N 6 4328 21 2 5185 288 2 40 41
K 0 0 43
A D 1 8
J N 6 4357 28 2 5761 288 1 41
K 0 0 43
A D 1 8
J N 6 4386 35 2 6337 288 2 41 40
K 0 0 43
A D 1 8
H 41 B 1 0 108 3 2 1 3
H 40 S 0 0 0 0 0 0 0 0 0
J B 14 4419 1 82 6913 288 0
J N 7 4440 28 4 1 0 0
K 0 0 43
K 0 0 60
K 0 21 60
A D 2 8
J N 6 4478 42 3 1153 576 0
K 0 0 43
K 0 0 53
A D 1 8
J R 6 4518 28 2 1729 288 0
K 0 0 49
A D 1 8
J R 6 4547 28 2 2305 288 0
K 0 0 49
A D 1 8
J N 6 4576 14 3 2881 288 0
K 0 0 43
K 0 0 54
A D 1 8
J N 7 4605 14 4 3457 288 1 42
K 0 0 43
K 0 0 60
K 0 21 60
A D 2 8
J N 6 4643 21 3 4609 576 1 42
K 0 0 43
K 0 0 54
A D 1 8
H 42 S 0 0 0 0 0 0 0 0 0
J R 6 4672 28 2 5185 288 0
K 0 0 49
A D 1 8
J R 6 4701 28 2 5761 288 0
K 0 0 49
A D 1 8
J N 6 4730 28 3 6337 288 0
K 0 0 43
K 0 0 54
A D 1 8
J B 15 4763 1 82 6913 288 0
J N 7 4784 28 4 1 0 1 43
K 0 0 43
K 0 0 60
K 0 21 60
A D 2 8
J N 6 4822 35 3 1153 576 1 43
K 0 0 43
K 0 0 53
A D 1 8
H 43 S 0 0 0 0 0 0 0 0 0
J R 6 4862 28 2 1729 288 0
K 0 0 49
A D 1 8
J R 6 4891 28 2 2305 288 0
K 0 0 49
A D 1 8
J N 6 4920 63 3 2881 288 0
K 0 0 43
K 0 0 53
A D 1 8
J N 7 4957 56 4 3457 288 0
K 0 0 43
K 0 0 59
K 0 -21 59
A D 2 8
J N 6 5001 49 4 4609 576 0
K -18 0 63
K 0 0 43
K 0 0 53
A D 1 8
J N 7 5038 42 5 5185 288 0
K 0 0 43
K 24 -6 44
K 0 0 59
K 0 -21 59
A D 3 8
J B 16 5088 1 82 6913 864 0
J N 7 5115 49 6 1 0 0
K -18 0 63
K 0 0 43
K 25 0 44
K 0 0 59
K 0 -21 59
A D 3 8
J R 6 5161 28 2 1729 864 0
K 0 0 49
A D 1 8
J R 6 5190 28 2 2305 288 0
K 0 0 49
A D 1 8
J N 6 5219 -21 7 2881 288 0
K 0 7 45
K 0 0 43
K 0 7 45
K 1 7 45
K 0 0 60
K 0 0 54
A D 1 8
J N 7 5248 -21 8 3457 288 0
K 0 7 45
K 0 0 43
K 0 7 45
K 1 7 45
K 25 0 44
K 0 0 60
K 0 21 60
A D 3 8
J N 7 5294 -14 8 5185 864 1 44
K 0 0 45
K 0 0 43
K -1 0 45
K 2 0 45
K 24 -6 44
K 0 0 60
K 0 21 60
A D 3 8
J B 17 5344 1 82 6913 864 0
J N 7 5365 -14 8 1 0 1 44
K 0 0 45
K 0 0 43
K -1 0 45
K 2 0 45
K 24 -6 44
K 0 0 60
K 0 21 60
A D 3 8
H 44 T -14 0 0 0 0 0 5 0
J N 8 5411 -7 5 1729 864 0
K 0 0 42
K 25 0 44
K 0 0 60
K 0 21 60
A D 6 8
J N 7 5479 -7 5 5185 1728 1 45
K 0 0 43
K 25 0 44
K 0 0 60
K 0 21 60
A D 3 8
J B 18 5529 1 82 6913 864 0
J N 7 5550 -7 5 1 0 1 45
K 0 0 43
K 25 0 44
K 0 0 60
K 0 21 60
A D 3 8
H 45 T -7 0 0 0 0 0 1 0
J N 8 5596 -7 5 1729 864 0
K 0 0 42
K 25 0 44
K 0 0 60
K 0 21 60
A D 6 8
J N 7 5664 -7 5 5185 1728 0
K 0 0 43
K 25 0 44
K 0 0 60
K 0 21 60
A D 3 8
J B 19 5714 1 82 6913 864 0
J N 7 5741 0 6 1 0 0
K -18 0 63
K 0 0 43
K 24 -6 44
K 0 0 60
K 0 21 60
A D 3 8
J R 6 5787 28 2 1729 864 0
K 0 0 49
A D 1 8
J R 6 5816 28 2 2305 288 0
K 0 0 49
A D 1 8
J N 6 5845 28 3 2881 288 0
K 0 0 43
K 0 0 54
A D 1 8
J N 6 5874 56 2 3457 288 2 46 47
K 0 0 43
A D 1 8
J N 6 5918 49 3 4033 288 1 47
K -18 0 63
K 0 0 43
A D 1 8
J N 6 5947 42 2 4609 288 2 47 46
K 0 0 43
A D 1 8
H 47 B 0 0 108 3 2 1 3
H 46 S 12 0 0 0 0 0 0 0 0
J N 7 5976 42 4 5185 288 0
K 0 0 43
K 0 0 59
K 0 -21 59
A D 2 8
J N 6 6014 49 3 6337 576 0
K 0 0 43
K 0 0 53
A D 1 8
J B 20 6058 1 82 6913 288 0
J N 7 6079 42 5 1 0 0
K 0 0 43
K 24 -6 44
K 0 0 59
K 0 -21 59
A D 3 8
J R 6 6125 28 2 1729 864 0
K 0 0 49
A D 1 8
J R 6 6154 28 2 2305 288 0
K 0 0 49
A D 1 8
J N 6 6183 14 3 2881 288 0
K 0 0 43
K 0 0 54
A D 1 8
J N 7 6212 7 5 3457 288 0
K 0 0 43
K 25 0 44
K 0 0 60
K 0 21 60
A D 3 8
J R 6 6258 28 2 5185 864 0
K 0 0 49
A D 1 8
J R 6 6287 28 2 5761 288 0
K 0 0 49
A D 1 8
J N 6 6316 7 3 6337 288 0
K 0 0 43
K 0 0 54
A D 1 8
J B 21 6349 1 82 6913 288 0
J N 7 6376 0 6 1 0 0
K -18 0 63
K 0 0 43
K 24 -6 44
K 0 0 60
K 0 21 60
A D 3 8
J R 6 6422 28 2 1729 864 0
K 0 0 49
A D 1 8
J R 6 6451 28 2 2305 288 0
K 0 0 49
A D 1 8
J N 6 6480 0 3 2881 288 0
K 0 0 43
K 0 0 54
A D 1 8
J N 7 6509 -7 5 3457 288 0
K 0 0 43
K 25 0 44
K 0 0 60
K 0 21 60
A D 3 8
J R 6 6555 28 2 5185 864 0
K 0 0 49
A D 1 8
J R 6 6584 28 2 5761 288 0
K 0 0 49
A D 1 8
J N 6 6613 -14 6 6337 288 0
K 0 0 45
K 0 0 43
K -1 0 45
K 2 0 45
K 0 0 54
A D 1 8
J B 22 6646 1 82 6913 288 0
J N 7 6667 14 5 1 0 0
K 0 0 43
K 24 -6 44
K 0 0 60
K 0 21 60
A D 3 8
J R 6 6713 28 2 1729 864 0
K 0 0 49
A D 1 8
J R 6 6742 28 2 2305 288 0
K 0 0 49
A D 1 8
J N 6 6771 14 3 2881 288 0
K 0 0 43
K 0 0 54
A D 1 8
J N 7 6800 -7 4 3457 288 1 48
K 0 0 43
K 0 0 60
K 0 21 60
A D 2 8
J N 6 6838 21 3 4609 576 1 48
K 0 0 43
K 0 0 54
A D 1 8
H 48 S 0 0 0 0 0 0 0 0 0
J R 6 6867 28 2 5185 288 0
K 0 0 49
A D 1 8
J R 6 6896 28 2 5761 288 0
K 0 0 49
A D 1 8
J N 6 6925 28 3 6337 288 0
K 0 0 43
K 0 0 54
A D 1 8
J B 23 6958 1 82 6913 288 0
J N 7 6979 7 4 1 0 1 49
K 0 0 43
K 0 0 60
K 0 21 60
A D 2 8
J N 6 7017 35 3 1153 576 1 49
K 0 0 43
K 0 0 53
A D 1 8
H 49 S 0 0 0 0 0 0 0 0 0
J R 6 7057 28 2 1729 288 0
K 0 0 49
A D 1 8
J R 6 7086 28 2 2305 288 0
K 0 0 49
A D 1 8
J N 6 7115 42 3 2881 288 0
K 0 0 43
K 0 0 53
A D 1 8
J N 7 7170 49 6 3457 288 0
K -18 0 63
K 0 0 43
K 25 0 44
K 0 0 59
K 0 -21 59
A D 3 8
J R 6 7216 28 2 5185 864 0
K 0 0 49
A D 1 8
J R 6 7245 28 2 5761 288 0
K 0 0 49
A D 1 8
J N 6 7274 14 3 6337 288 0
K 0 0 43
K 0 0 54
A D 1 8
J B 24 7307 1 82 6913 288 0
J N 6 7328 21 2 1 0 2 50 51
K 0 0 43
A D 1 8
J N 6 7357 14 2 577 288 1 51
K 0 0 43
A D 1 8
J N 6 7386 28 2 1153 288 2 51 50
K 0 0 43
A D 1 8
H 51 B 1 0 108 3 2 1 3
H 50 S 0 0 -7 0 -7 0 0 0 0
J N 7 7415 35 4 1729 288 0
K 0 0 43
K 0 0 59
K 0 -21 59
A D 2 8
J N 6 7453 14 3 2881 576 0
K 0 0 43
K 0 0 54
A D 1 8
J N 7 7482 28 5 3457 288 0
K 0 0 43
K 24 -6 44
K 0 0 60
K 0 21 60
A D 3 8
J N 7 7528 42 5 5185 864 0
K 0 0 43
K 24 -6 44
K 0 0 59
K 0 -21 59
A D 3 8
J B 25 7578 1 82 6913 864 0
J R 7 7599 28 3 1 0 0
K 0 0 48
K -2 -35 101
A D 2 8
J R 6 7637 28 2 1153 576 0
K 0 0 49
A D 1 8
J N 7 7666 42 6 1729 288 0
K 0 0 43
K 24 -6 44
K 0 37 108
K 0 0 59
K 0 -21 59
A D 3 8
J R 8 7712 28 3 3457 864 0
K 0 0 47
K 2 -35 101
A D 6 8
J B 26 7769 1 82 6913 1728 0
J N 7 7796 49 6 1 0 0
K -18 0 63
K 0 0 43
K 0 39 110
K 0 0 59
K 0 -21 59
A D 2 8
J N 6 7834 42 3 1153 576 0
K 0 0 43
K 0 0 53
A D 1 8
J N 7 7867 63 4 1729 288 0
K 0 0 43
K 0 0 59
K 0 -21 59
A D 2 8
J N 6 7905 49 3 2881 576 0
K 0 0 43
K 0 0 53
A D 1 8
J N 7 7942 42 5 3457 288 0
K 0 0 43
K 24 -6 44
K 0 0 59
K 0 -21 59
A D 3 8
J R 6 7988 28 2 5185 864 0
K 0 0 49
A D 1 8
J R 6 8017 28 2 5761 288 0
K 0 0 49
A D 1 8
J N 6 8046 42 3 6337 288 0
K 0 0 43
K 0 0 53
A D 1 8
J B 27 8090 1 82 6913 288 0
J N 7 8117 49 6 1 0 0
K -18 0 63
K 0 0 43
K 25 0 44
K 0 0 59
K 0 -21 59
A D 3 8
J N 7 8163 42 5 1729 864 0
K 0 0 43
K 24 -6 44
K 0 0 59
K 0 -21 59
A D 3 8
J N 7 8209 49 5 3457 864 0
K 0 0 43
K 25 0 44
K 0 0 59
K 0 -21 59
A D 3 8
J R 6 8255 28 2 5185 864 0
K 0 0 49
A D 1 8
J R 6 8284 28 2 5761 288 0
K 0 0 49
A D 1 8
J N 6 8313 56 4 6337 288 0
K 0 0 43
K 0 30 108
K 0 0 53
A D 1 8
J B 28 8357 1 82 6913 288 0
J N 7 8378 56 5 1 0 0
K 0 0 43
K 24 -6 44
K 0 0 59
K 0 -21 59
A D 3 8
J N 7 8424 56 5 1729 864 0
K 0 0 43
K 24 -6 44
K 0 0 59
K 0 -21 59
A D 3 8
J N 7 8470 56 5 3457 864 0
K 0 0 43
K 24 -6 44
K 0 0 59
K 0 -21 59
A D 3 8
J R 6 8516 28 2 5185 864 0
K 0 0 49
A D 1 8
J R 6 8545 28 2 5761 288 0
K 0 0 49
A D 1 8
J N 6 8585 49 5 6337 288 0
K -18 0 63
K 0 0 43
K 0 39 110
K 0 0 53
A D 1 8
J B 29 8629 1 82 6913 288 0
J N 7 8656 49 6 1 0 0
K -18 0 63
K 0 0 43
K 25 0 44
K 0 0 59
K 0 -21 59
A D 3 8
J N 7 8702 49 5 1729 864 0
K 0 0 43
K 25 0 44
K 0 0 59
K 0 -21 59
A D 3 8
J N 7 8748 49 5 3457 864 0
K 0 0 43
K 25 0 44
K 0 0 59
K 0 -21 59
A D 3 8
J R 6 8794 28 2 5185 864 0
K 0 0 49
A D 1 8
J R 6 8823 28 2 5761 288 0
K 0 0 49
A D 1 8
J N 6 8863 35 4 6337 288 0
K -18 0 63
K 0 0 43
K 0 0 53
A D 1 8
J B 30 8907 1 82 6913 288 0
J N 7 8928 28 5 1 0 0
K 0 0 43
K 24 -6 44
K 0 0 60
K 0 21 60
A D 3 8
J N 7 8983 21 6 1729 864 0
K -18 0 63
K 0 0 43
K 25 0 44
K 0 0 60
K 0 21 60
A D 3 8
J N 7 9029 49 6 3457 864 0
K -18 0 63
K 0 0 43
K 25 0 44
K 0 0 59
K 0 -21 59
A D 3 8
J R 6 9075 28 2 5185 864 0
K 0 0 49
A D 1 8
J R 6 9104 28 2 5761 288 0
K 0 0 49
A D 1 8
J N 6 9143 0 4 6337 288 0
K -18 0 63
K 0 0 43
K 0 0 54
A D 1 8
J B 31 9176 1 82 6913 288 0
J N 7 9197 -7 5 1 0 0
K 0 0 43
K 25 0 44
K 0 0 60
K 0 21 60
A D 3 8
J R 6 9243 28 2 1729 864 0
K 0 0 49
A D 1 8
J R 6 9272 28 2 2305 288 0
K 0 0 49
A D 1 8
J N 6 9301 -7 3 2881 288 0
K 0 0 43
K 0 0 54
A D 1 8
J N 7 9345 0 6 3457 288 0
K -18 0 63
K 0 0 43
K 24 -6 44
K 0 0 60
K 0 21 60
A D 3 8
J N 7 9391 0 4 5185 864 0
K 0 0 43
K 0 0 60
K 0 21 60
A D 2 8
J N 6 9429 -7 3 6337 576 0
K 0 0 43
K 0 0 54
A D 1 8
J B 32 9462 1 82 6913 288 0
J N 7 9483 14 5 1 0 0
K 0 0 43
K 24 -6 44
K 0 0 60
K 0 21 60
A D 3 8
J N 7 9538 21 6 1729 864 0
K -18 0 63
K 0 0 43
K 25 0 44
K 0 0 60
K 0 21 60
A D 3 8
J N 7 9584 28 5 3457 864 0
K 0 0 43
K 24 -6 44
K 0 0 60
K 0 21 60
A D 3 8
J R 6 9630 28 2 5185 864 0
K 0 0 49
A D 1 8
J R 6 9659 28 2 5761 288 0
K 0 0 49
A D 1 8
J N 6 9698 0 4 6337 288 0
K -18 0 63
K 0 0 43
K 0 0 54
A D 1 8
J B 33 9731 1 82 6913 288 0
J N 7 9752 -21 8 1 0 1 52
K 0 7 45
K 0 0 43
K 0 7 45
K 1 7 45
K 25 0 44
K 0 0 60
K 0 21 60
A D 3 8
J N 7 9798 -21 7 1729 864 1 52
K 0 7 45
K 0 0 43
K 0 7 45
K 1 7 45
K 0 0 60
K 0 21 60
A D 2 8
H 52 T -21 0 0 0 0 0 1 0
J N 6 9840 0 4 2881 576 0
K -18 0 63
K 0 0 43
K 0 0 54
A D 1 8
J N 7 9869 -21 8 3457 288 1 53
K 0 7 45
K 0 0 43
K 0 7 45
K 1 7 45
K 25 0 44
K 0 0 60
K 0 21 60
A D 3 8
J N 7 9915 -21 7 5185 864 1 53
K 0 7 45
K 0 0 43
K 0 7 45
K 1 7 45
K 0 0 60
K 0 21 60
A D 2 8
H 53 T -21 0 0 0 0 0 1 0
J N 6 9953 0 3 6337 576 0
K 0 0 43
K 0 0 54
A D 1 8
J B 34 9986 1 82 6913 288 0
J N 7 10007 -7 5 1 0 0
K 0 0 43
K 25 0 44
K 0 0 60
K 0 21 60
A D 3 8
J R 6 10053 28 2 1729 864 0
K 0 0 49
A D 1 8
J R 6 10082 28 2 2305 288 0
K 0 0 49
A D 1 8
J N 6 10111 -7 3 2881 288 0
K 0 0 43
K 0 0 54
A D 1 8
J N 7 10147 35 6 3457 288 0
K -18 0 63
K 0 0 43
K 25 0 44
K 0 0 59
K 0 -21 59
A D 3 8
J N 7 10193 28 5 5185 864 1 54
K 0 0 43
K 24 -6 44
K 0 0 60
K 0 21 60
A D 3 8
J B 35 10243 1 82 6913 864 0
J N 7 10264 28 5 1 0 1 54
K 0 0 43
K 24 -6 44
K 0 0 60
K 0 21 60
A D 3 8
H 54 T 28 0 0 0 0 0 5 0
J N 7 10319 35 6 1729 864 0
K -18 0 63
K 0 0 43
K 25 0 44
K 0 0 59
K 0 -21 59
A D 3 8
J N 8 10365 28 5 3457 864 0
K 0 0 42
K 24 -6 44
K 0 0 60
K 0 21 60
A D 6 8
J B 36 10437 1 82 6913 1728 0
J N 7 10458 42 4 1 0 1 55
K 0 0 43
K 0 0 59
K 0 -21 59
A D 2 8
J N 6 10496 35 3 1153 576 1 55
K 0 0 43
K 0 0 53
A D 1 8
H 55 S 12 0 0 0 0 0 0 0 0
J N 7 10533 28 4 1729 288 1 56
K 0 0 43
K 0 0 60
K 0 21 60
A D 2 8
J N 6 10571 42 3 2881 576 1 56
K 0 0 43
K 0 0 53
A D 1 8
H 56 S 0 0 0 0 0 0 0 0 0
J N 7 10608 21 4 3457 288 1 57
K 0 0 43
K 0 0 60
K 0 21 60
A D 2 8
J N 6 10646 28 3 4609 576 1 57
K 0 0 43
K 0 0 54
A D 1 8
H 57 S 0 0 0 0 0 0 0 0 0
J N 6 10675 21 2 5185 288 2 58 59
K 0 0 43
A D 1 8
J N 6 10704 28 2 5761 288 1 59
K 0 0 43
A D 1 8
J N 6 10733 35 2 6337 288 2 59 58
K 0 0 43
A D 1 8
H 59 B 1 0 108 3 2 1 3
H 58 S 0 0 0 0 0 0 0 0 0
J B 37 10766 1 82 6913 288 0
J N 7 10787 28 4 1 0 1 60
K 0 0 43
K 0 0 60
K 0 21 60
A D 2 8
J N 6 10825 35 3 1153 576 1 60
K 0 0 43
K 0 0 53
A D 1 8
H 60 S 0 0 0 0 0 0 0 0 0
J N 7 10862 28 4 1729 288 1 61
K 0 0 43
K 0 0 60
K 0 21 60
A D 2 8
J N 6 10900 42 3 2881 576 1 61
K 0 0 43
K 0 0 53
A D 1 8
H 61 S 0 0 0 0 0 0 0 0 0
J N 6 10933 56 2 3457 288 2 62 63
K 0 0 43
A D 1 8
J N 6 10977 49 3 4033 288 1 63
K -18 0 63
K 0 0 43
A D 1 8
J N 6 11006 42 2 4609 288 2 63 62
K 0 0 43
A D 1 8
H 63 B 0 0 108 3 2 1 3
H 62 S 12 0 0 0 0 0 0 0 0
J N 6 11035 63 2 5185 288 2 64 65
K 0 0 43
A D 1 8
J N 6 11064 42 2 5761 288 1 65
K 0 0 43
A D 1 8
J N 6 11093 49 2 6337 288 2 65 64
K 0 0 43
A D 1 8
H 65 B 0 0 108 3 2 1 3
H 64 S 12 0 0 0 0 0 0 0 0
J B 38 11126 1 82 6913 288 0
J N 7 11147 42 4 1 0 1 66
K 0 0 43
K 0 0 59
K 0 -21 59
A D 2 8
J N 6 11185 35 3 1153 576 1 66
K 0 0 43
K 0 0 53
A D 1 8
H 66 S 12 0 0 0 0 0 0 0 0
J N 7 11222 28 4 1729 288 1 67
K 0 0 43
K 0 0 60
K 0 21 60
A D 2 8
J N 6 11260 42 3 2881 576 1 67
K 0 0 43
K 0 0 53
A D 1 8
H 67 S 0 0 0 0 0 0 0 0 0
J N 7 11293 63 4 3457 288 1 68
K 0 0 43
K 0 0 59
K 0 -21 59
A D 2 8
J N 6 11331 56 3 4609 576 1 68
K 0 0 43
K 0 0 53
A D 1 8
H 68 S 12 0 0 0 0 0 0 0 0
J N 7 11386 49 5 5185 288 1 69
K -18 0 63
K 0 0 43
K 0 0 59
K 0 -21 59
A D 2 8
J N 6 11424 63 3 6337 576 1 69
K 0 0 43
K 0 0 53
A D 1 8
H 69 S 12 0 0 0 0 0 0 0 0
J B 39 11468 1 82 6913 288 0
J N 7 11489 42 4 1 0 1 70
K 0 0 43
K 0 0 59
K 0 -21 59
A D 2 8
J N 6 11533 49 4 1153 576 1 70
K -18 0 63
K 0 0 43
K 0 0 53
A D 1 8
H 70 S 12 0 0 0 0 0 0 0 0
J N 6 11570 42 2 1729 288 2 71 72
K 0 0 43
A D 1 8
J N 6 11599 49 2 2305 288 1 72
K 0 0 43
A D 1 8
J N 6 11628 56 2 2881 288 2 72 71
K 0 0 43
A D 1 8
H 72 B 0 0 108 3 2 1 3
H 71 S 12 0 0 0 0 0 0 0 0
J N 7 11657 49 4 3457 288 1 73
K 0 0 43
K 0 0 59
K 0 -21 59
A D 2 8
J N 6 11695 56 3 4609 576 1 73
K 0 0 43
K 0 0 53
A D 1 8
H 73 S 12 0 0 0 0 0 0 0 0
J N 7 11732 49 4 5185 288 1 74
K 0 0 43
K 0 0 59
K 0 -21 59
A D 2 8
J N 6 11770 63 3 6337 576 1 74
K 0 0 43
K 0 0 53
A D 1 8
H 74 S 12 0 0 0 0 0 0 0 0
J B 40 11814 1 82 6913 288 0
J N 6 11835 77 5 1 0 2 75 76
K 1 -7 45
K 0 0 43
K 0 -7 45
K 1 -7 45
A D 1 8
J N 6 11879 70 6 577 288 1 76
K 1 0 45
K -18 0 63
K 0 0 43
K -1 0 45
K 2 0 45
A D 1 8
J N 6 11908 63 2 1153 288 2 76 75
K 0 0 43
A D 1 8
H 76 B 0 0 108 3 2 1 3
H 75 S 12 0 0 0 0 0 0 0 0
J N 6 11937 84 6 1729 288 2 77 78
K 1 -14 45
K 1 0 45
K 0 0 43
K -1 0 45
K 2 0 45
A D 1 8
J N 6 11966 63 2 2305 288 1 78
K 0 0 43
A D 1 8
J N 6 11995 70 5 2881 288 2 78 77
K 1 0 45
K 0 0 43
K -1 0 45
K 2 0 45
A D 1 8
H 78 B 0 0 108 3 2 1 3
H 77 S 12 0 0 0 0 0 0 0 0
J N 7 12024 63 4 3457 288 1 79
K 0 0 43
K 0 0 59
K 0 -21 59
A D 2 8
J N 6 12062 56 3 4609 576 1 79
K 0 0 43
K 0 0 53
A D 1 8
H 79 S 12 0 0 0 0 0 0 0 0
J N 7 12117 49 5 5185 288 1 80
K -18 0 63
K 0 0 43
K 0 0 59
K 0 -21 59
A D 2 8
J N 6 12155 63 3 6337 576 1 80
K 0 0 43
K 0 0 53
A D 1 8
H 80 S 12 0 0 0 0 0 0 0 0
J B 41 12199 1 82 6913 288 0
J N 7 12220 28 4 1 0 1 81
K 0 0 43
K 0 0 60
K 0 21 60
A D 2 8
J N 6 12258 21 3 1153 576 1 81
K 0 0 43
K 0 0 54
A D 1 8
H 81 S 0 0 0 0 0 0 0 0 0
J N 7 12287 14 4 1729 288 1 82
K 0 0 43
K 0 0 60
K 0 21 60
A D 2 8
J N 6 12325 28 3 2881 576 1 82
K 0 0 43
K 0 0 54
A D 1 8
H 82 S 0 0 0 0 0 0 0 0 0
J N 7 12354 7 4 3457 288 1 83
K 0 0 43
K 0 0 60
K 0 21 60
A D 2 8
J N 6 12392 14 3 4609 576 1 83
K 0 0 43
K 0 0 54
A D 1 8
H 83 S 0 0 0 0 0 0 0 0 0
J N 6 12421 7 2 5185 288 2 84 85
K 0 0 43
A D 1 8
J N 6 12450 14 2 5761 288 1 85
K 0 0 43
A D 1 8
J N 6 12479 21 2 6337 288 2 85 84
K 0 0 43
A D 1 8
H 85 B 1 0 108 3 2 1 3
H 84 S 0 0 0 0 0 0 0 0 0
J B 42 12512 1 82 6913 288 0
J N 7 12533 14 4 1 0 1 86
K 0 0 43
K 0 0 60
K 0 21 60
A D 2 8
J N 6 12571 21 3 1153 576 1 86
K 0 0 43
K 0 0 54
A D 1 8
H 86 S 0 0 0 0 0 0 0 0 0
J N 7 12600 14 4 1729 288 1 87
K 0 0 43
K 0 0 60
K 0 21 60
A D 2 8
J N 6 12638 28 3 2881 576 1 87
K 0 0 43
K 0 0 54
A D 1 8
H 87 S 0 0 0 0 0 0 0 0 0
J N 6 12667 7 2 3457 288 2 88 89
K 0 0 43
A D 1 8
J N 6 12696 14 2 4033 288 1 89
K 0 0 43
A D 1 8
J N 6 12725 7 2 4609 288 2 89 88
K 0 0 43
A D 1 8
H 89 B 1 0 108 3 2 1 3
H 88 S 0 0 0 0 0 0 0 0 0
J N 7 12754 35 4 5185 288 0
K 0 0 43
K 0 0 59
K 0 -21 59
A D 2 8
J N 6 12792 14 3 6337 576 0
K 0 0 43
K 0 0 54
A D 1 8
J B 43 12825 1 82 6913 288 0
J N 7 12846 28 5 1 0 0
K 0 0 43
K 24 -6 44
K 0 0 60
K 0 21 60
A D 3 8
J R 6 12892 28 2 1729 864 0
K 0 0 49
A D 1 8
J R 6 12921 28 2 2305 288 0
K 0 0 49
A D 1 8
J N 6 12950 -7 3 2881 288 0
K 0 0 43
K 0 0 54
A D 1 8
J N 7 12979 -14 8 3457 288 0
K 0 0 45
K 0 0 43
K -1 0 45
K 2 0 45
K 24 -6 44
K 0 0 60
K 0 21 60
A D 3 8
J R 6 13025 28 2 5185 864 0
K 0 0 49
A D 1 8
J R 6 13054 28 2 5761 288 0
K 0 0 49
A D 1 8
J N 6 13083 -35 8 6337 288 0
K 0 21 45
K 0 7 45
K 0 0 43
K 0 7 45
K 1 7 45
K 0 0 60
K 0 14 54
A D 1 8
J B 44 13116 1 82 6913 288 0
J N 7 13137 -21 7 1 0 0
K 0 7 45
K 0 0 43
K 0 7 45
K 1 7 45
K 0 0 60
K 0 21 60
A D 2 8
J N 6 13175 28 3 1153 576 0
K 0 0 43
K 0 0 54
A D 1 8
J R 6 13204 28 2 1729 288 0
K 0 0 49
A D 1 8
J R 6 13233 28 2 2305 288 0
K 0 0 49
A D 1 8
J N 6 13262 7 3 2881 288 0
K 0 0 43
K 0 0 54
A D 1 8
J N 7 13306 0 6 3457 288 0
K -18 0 63
K 0 0 43
K 24 -6 44
K 0 0 60
K 0 21 60
A D 3 8
J R 6 13352 28 2 5185 864 0
K 0 0 49
A D 1 8
J R 6 13381 28 2 5761 288 0
K 0 0 49
A D 1 8
J N 6 13410 -21 7 6337 288 0
K 0 7 45
K 0 0 43
K 0 7 45
K 1 7 45
K 0 0 60
K 0 0 54
A D 1 8
J B 45 13443 1 82 6913 288 0
J N 7 13464 -7 4 1 0 0
K 0 0 43
K 0 0 60
K 0 21 60
A D 2 8
J N 6 13502 42 3 1153 576 0
K 0 0 43
K 0 0 53
A D 1 8
J R 6 13542 28 2 1729 288 0
K 0 0 49
A D 1 8
J R 6 13571 28 2 2305 288 0
K 0 0 49
A D 1 8
J N 6 13600 21 3 2881 288 0
K 0 0 43
K 0 0 54
A D 1 8
J N 7 13629 14 5 3457 288 0
K 0 0 43
K 24 -6 44
K 0 0 60
K 0 21 60
A D 3 8
J R 6 13675 28 2 5185 864 0
K 0 0 49
A D 1 8
J R 6 13704 28 2 5761 288 0
K 0 0 49
A D 1 8
J N 6 13733 7 3 6337 288 0
K 0 0 43
K 0 0 54
A D 1 8
J B 46 13766 1 82 6913 288 0
J N 7 13787 35 5 1 0 0
K 0 0 43
K 25 0 44
K 0 0 59
K 0 -21 59
A D 3 8
J R 6 13833 28 2 1729 864 0
K 0 0 49
A D 1 8
J R 6 13862 28 2 2305 288 0
K 0 0 49
A D 1 8
J N 6 13891 -14 6 2881 288 0
K 0 0 45
K 0 0 43
K -1 0 45
K 2 0 45
K 0 0 54
A D 1 8
J N 6 13920 -7 2 3457 288 2 90 91
K 0 0 43
A D 1 8
J N 6 13949 -14 5 4033 288 1 91
K 0 0 45
K 0 0 43
K -1 0 45
K 2 0 45
A D 1 8
J N 6 13992 0 3 4609 288 2 91 90
K -18 0 63
K 0 0 43
A D 1 8
H 91 B 1 0 108 3 2 1 3
H 90 S 0 0 -7 0 -7 0 0 0 0
J N 7 14021 7 5 5185 288 0
K 0 0 43
K 25 0 44
K 0 0 60
K 0 21 60
A D 3 8
J B 47 14071 1 82 6913 864 0
J N 7 14092 14 5 1 0 0
K 0 0 43
K 24 -6 44
K 0 0 60
K 0 21 60
A D 3 8
J R 6 14138 28 2 1729 864 0
K 0 0 49
A D 1 8
J R 6 14167 28 2 2305 288 0
K 0 0 49
A D 1 8
J N 6 14196 28 3 2881 288 0
K 0 0 43
K 0 0 54
A D 1 8
J N 7 14225 35 4 3457 288 0
K 0 0 43
K 0 0 59
K 0 -21 59
A D 2 8
J N 6 14263 42 3 4609 576 0
K 0 0 43
K 0 0 53
A D 1 8
J N 7 14300 35 4 5185 288 0
K 0 0 43
K 0 0 59
K 0 -21 59
A D 2 8
J N 6 14343 49 4 6337 576 0
K -18 0 63
K 0 0 43
K 0 0 53
A D 1 8
J B 48 14387 1 82 6913 288 0
J N 7 14408 28 4 1 0 0
K 0 0 43
K 0 0 60
K 0 21 60
A D 2 8
J N 6 14446 21 3 1153 576 0
K 0 0 43
K 0 0 54
A D 1 8
J N 7 14475 14 4 1729 288 0
K 0 0 43
K 0 0 60
K 0 21 60
A D 2 8
J N 6 14513 28 3 2881 576 0
K 0 0 43
K 0 0 54
A D 1 8
J N 7 14542 35 4 3457 288 0
K 0 0 43
K 0 0 59
K 0 -21 59
A D 2 8
J N 6 14580 42 3 4609 576 0
K 0 0 43
K 0 0 53
A D 1 8
J N 7 14617 35 4 5185 288 0
K 0 0 43
K 0 0 59
K 0 -21 59
A D 2 8
J N 6 14660 49 4 6337 576 0
K -18 0 63
K 0 0 43
K 0 0 53
A D 1 8
J B 49 14704 1 82 6913 288 0
J N 7 14725 28 4 1 0 0
K 0 0 43
K 0 0 60
K 0 21 60
A D 2 8
J N 6 14763 21 3 1153 576 0
K 0 0 43
K 0 0 54
A D 1 8
J N 7 14792 14 4 1729 288 0
K 0 0 43
K 0 0 60
K 0 21 60
A D 2 8
J N 6 14830 28 3 2881 576 0
K 0 0 43
K 0 0 54
A D 1 8
J N 7 14859 42 6 3457 288 0
K 0 0 43
K 24 -6 44
K 0 37 108
K 0 0 59
K 0 -21 59
A D 3 8
J R 6 14905 28 2 5185 864 0
K 0 0 49
A D 1 8
J R 6 14934 28 2 5761 288 0
K 0 0 49
A D 1 8
J N 6 14963 35 3 6337 288 0
K 0 0 43
K 0 0 53
A D 1 8
J B 50 15007 1 82 6913 288 0
J N 7 15028 63 5 1 0 0
K 0 0 43
K 25 0 44
K 0 0 59
K 0 -21 59
A D 3 8
J R 6 15074 28 2 1729 864 0
K 0 0 49
A D 1 8
J R 6 15103 28 2 2305 288 0
K 0 0 49
A D 1 8
J N 6 15132 14 3 2881 288 0
K 0 0 43
K 0 0 54
A D 1 8
J N 7 15161 7 7 3457 288 0
K 0 0 43
K 25 0 44
K 0 74 108
K 23 74 108
K 0 0 60
K 0 21 60
A D 3 8
J R 6 15207 28 2 5185 864 0
K 0 0 49
A D 1 8
J R 6 15236 28 2 5761 288 0
K 0 0 49
A D 1 8
J N 6 15265 7 3 6337 288 0
K 0 0 43
K 0 0 54
A D 1 8
J B 51 15298 1 82 6913 288 0
J N 7 15319 14 5 1 0 0
K 0 0 43
K 24 -6 44
K 0 0 60
K 0 21 60
A D 3 8
J R 6 15365 28 2 1729 864 0
K 0 0 49
A D 1 8
J R 6 15394 28 2 2305 288 0
K 0 0 49
A D 1 8
J N 6 15423 14 3 2881 288 0
K 0 0 43
K 0 0 54
A D 1 8
J N 6 15452 21 2 3457 288 2 92 93
K 0 0 43
A D 1 8
J N 6 15481 14 2 4033 288 1 93
K 0 0 43
A D 1 8
J N 6 15510 28 2 4609 288 2 93 92
K 0 0 43
A D 1 8
H 93 B 1 0 108 3 2 1 3
H 92 S 0 0 -7 0 -7 0 0 0 0
J N 7 15539 35 4 5185 288 0
K 0 0 43
K 0 0 59
K 0 -21 59
A D 2 8
J N 6 15577 14 3 6337 576 0
K 0 0 43
K 0 0 54
A D 1 8
J B 52 15610 1 82 6913 288 0
J N 7 15631 28 5 1 0 0
K 0 0 43
K 24 -6 44
K 0 0 60
K 0 21 60
A D 3 8
J R 6 15677 28 2 1729 864 0
K 0 0 49
A D 1 8
J R 6 15706 28 2 2305 288 0
K 0 0 49
A D 1 8
J N 6 15735 63 4 2881 288 0
K 0 0 43
K 0 36 110
K 0 0 53
A D 1 8
J N 7 15772 56 4 3457 288 1 94
K 0 0 43
K 0 0 59
K 0 -21 59
A D 2 8
J N 6 15810 63 3 4609 576 1 94
K 0 0 43
K 0 0 53
A D 1 8
H 94 S 12 0 0 0 0 0 0 0 0
J N 7 15847 56 4 5185 288 1 95
K 0 0 43
K 0 0 59
K 0 -21 59
A D 2 8
J N 6 15885 70 6 6337 576 1 95
K 1 0 45
K 0 0 43
K -1 0 45
K 2 0 45
K 0 0 53
A D 1 8
H 95 S 12 0 0 0 0 0 0 0 0
J B 53 15929 1 82 6913 288 0
J N 7 15950 63 4 1 0 1 96
K 0 0 43
K 0 0 59
K 0 -21 59
A D 2 8
J N 6 15988 70 6 1153 576 1 96
K 1 0 45
K 0 0 43
K -1 0 45
K 2 0 45
K 0 0 53
A D 1 8
H 96 S 12 0 0 0 0 0 0 0 0
J N 7 16025 63 4 1729 288 1 97
K 0 0 43
K 0 0 59
K 0 -21 59
A D 2 8
J N 6 16063 77 7 2881 576 1 97
K 1 -7 45
K 0 0 43
K 0 -7 45
K 1 -7 45
K 0 0 59
K 0 0 53
A D 1 8
H 97 S 12 0 0 0 0 0 0 0 0
J N 7 16100 56 4 3457 288 1 98
K 0 0 43
K 0 0 59
K 0 -21 59
A D 2 8
J N 6 16138 63 3 4609 576 1 98
K 0 0 43
K 0 0 53
A D 1 8
H 98 S 12 0 0 0 0 0 0 0 0
J N 6 16175 56 2 5185 288 2 99 100
K 0 0 43
A D 1 8
J N 6 16204 63 2 5761 288 1 100
K 0 0 43
A D 1 8
J N 6 16233 70 5 6337 288 2 100 99
K 1 0 45
K 0 0 43
K -1 0 45
K 2 0 45
A D 1 8
H 100 B 0 0 108 3 2 1 3
H 99 S 12 0 0 0 0 0 0 0 0
J B 54 16266 1 82 6913 288 0
J N 7 16287 63 4 1 0 1 101
K 0 0 43
K 0 0 59
K 0 -21 59
A D 2 8
J N 6 16325 70 6 1153 576 1 101
K 1 0 45
K 0 0 43
K -1 0 45
K 2 0 45
K 0 0 53
A D 1 8
H 101 S 12 0 0 0 0 0 0 0 0
J N 7 16362 63 4 1729 288 1 102
K 0 0 43
K 0 0 59
K 0 -21 59
A D 2 8
J N 6 16400 77 7 2881 576 1 102
K 1 -7 45
K 0 0 43
K 0 -7 45
K 1 -7 45
K 0 0 59
K 0 0 53
A D 1 8
H 102 S 12 0 0 0 0 0 0 0 0
J N 7 16437 56 4 3457 288 1 103
K 0 0 43
K 0 0 59
K 0 -21 59
A D 2 8
J N 6 16475 63 3 4609 576 1 103
K 0 0 43
K 0 0 53
A D 1 8
H 103 S 12 0 0 0 0 0 0 0 0
J N 7 16508 70 7 5185 288 1 104
K 1 0 45
K 0 0 43
K -1 0 45
K 2 0 45
K 0 0 59
K 0 -21 59
A D 2 8
J N 6 16546 77 7 6337 576 1 104
K 1 -7 45
K 0 0 43
K 0 -7 45
K 1 -7 45
K 0 0 59
K 0 0 53
A D 1 8
H 104 S 12 0 0 0 0 0 0 0 0
J B 55 16590 1 82 6913 288 0
J N 7 16611 84 10 1 0 0
K 1 -14 45
K 1 0 45
K 0 0 43
K -1 0 45
K 2 0 45
K 24 -6 44
K 0 29 108
K 0 0 59
K 0 -28 59
A D 3 8
J N 7 16657 77 8 1729 864 0
K 1 -7 45
K 0 0 43
K 0 -7 45
K 1 -7 45
K 25 0 44
K 0 0 59
K 0 -21 59
A D 3 8
J N 7 16703 84 9 3457 864 0
K 1 -14 45
K 1 0 45
K 0 0 43
K -1 0 45
K 2 0 45
K 24 -6 44
K 0 0 59
K 0 -28 59
A D 3 8
J R 6 16749 28 2 5185 864 0
K 0 0 49
A D 1 8
J R 6 16778 28 2 5761 288 0
K 0 0 49
A D 1 8
J N 6 16807 63 3 6337 288 0
K 0 0 43
K 0 0 53
A D 1 8
J B 56 16851 1 82 6913 288 0
J N 7 16872 77 8 1 0 0
K 1 -7 45
K 0 0 43
K 0 -7 45
K 1 -7 45
K 25 0 44
K 0 0 59
K 0 -21 59
A D 3 8
J R 7 16918 28 2 1729 864 0
K 0 0 48
A D 2 8
J R 6 16956 28 2 2881 576 0
K 0 0 49
A D 1 8
J N 7 16996 49 8 3457 288 0
K -18 0 63
K 0 0 43
K 25 0 44
K 0 32 108
K 23 32 108
K 0 0 59
K 0 -21 59
A D 3 8
J R 7 17042 28 2 5185 864 0
K 0 0 48
A D 2 8
J R 6 17080 28 2 6337 576 0
K 0 0 49
A D 1 8
J B 57 17113 1 82 6913 288 0
J N 7 17134 42 5 1 0 0
K 0 0 43
K 24 -6 44
K 0 0 59
K 0 -21 59
A D 3 8
J R 7 17180 28 2 1729 864 0
K 0 0 48
A D 2 8
J R 6 17218 28 2 2881 576 0
K 0 0 49
A D 1 8
J R 8 17247 28 3 3457 288 0
K 0 0 47
K 2 -35 101
A D 6 8
J B 0 17317 6 2 6913 1728 0
K -13 0 82
K -6 0 84
J M 0 17317 0 0 10000 0 0
