@ SOURCE: not identified 
L 0 0 14 !39Violoncello concertino
J D 4 500 -120 1 6913 0 0
W 0 0 44 VI.
J D 1 75 -37 1 6913 0 0
W 0 -56 44 VI.:  Violoncello concertino
J C 22 5 14 36 6913 0 0
J K 0 57 0 0 6913 0 0
J D 5 57 -42 1 6913 0 0
W 0 0 37 Largo
J T 1208 78 0 3 6913 0 0
K 0 28 73
K -21 28 72
K -10 56 79
J N 8 117 7 5 1 0 0
K 0 0 42
K 25 0 44
K 0 0 60
K 0 21 60
A D 6 8
J F 0 185 98 2 3457 1728 0
K 0 0 205
K 0 21 203
J N 8 185 7 5 3457 0 0
K 0 0 42
K 25 0 44
K 0 0 60
K 0 21 60
A D 6 8
J B 2 257 1 82 6913 1728 0
J F 0 278 98 2 1 0 0
K 0 0 204
K 0 21 202
J N 8 278 7 5 1 0 0
K 0 0 42
K 25 0 44
K 0 0 60
K 0 21 60
A D 6 8
J N 7 346 35 5 3457 1728 0
K 0 0 43
K 25 0 44
K 0 0 59
K 0 -21 59
A D 3 8
J F 0 392 98 1 5185 864 0
K 0 0 213
J N 7 392 28 5 5185 0 0
K 0 0 43
K 24 -6 44
K 0 0 60
K 0 21 60
A D 3 8
J B 3 442 1 82 6913 864 0
J N 7 463 56 5 1 0 0
K 0 0 43
K 24 -6 44
K 0 0 59
K 0 -21 59
A D 3 8
J R 7 509 28 2 1729 864 0
K 0 0 48
A D 2 8
J R 6 547 28 2 2881 576 0
K 0 0 49
A D 1 8
J F 0 576 98 1 3457 288 0
K 0 0 213
J N 8 576 28 5 3457 0 0
K 0 0 42
K 24 -6 44
K 0 0 60
K 0 21 60
A D 6 8
J B 4 648 1 82 6913 1728 0
J F 0 669 98 2 1 0 0
K 0 0 205
K 0 21 203
J N 8 669 28 5 1 0 0
K 0 0 42
K 24 -6 44
K 0 0 60
K 0 21 60
A D 6 8
J F 0 737 98 2 3457 1728 0
K 0 0 204
K 0 21 213
J N 8 737 28 5 3457 0 0
K 0 0 42
K 24 -6 44
K 0 0 60
K 0 21 60
A D 6 8
J B 5 809 1 82 6913 1728 0
J N 7 830 56 5 1 0 0
K 0 0 43
K 24 -6 44
K 0 0 59
K 0 -21 59
A D 3 8
J F 0 876 98 1 1729 864 0
K 0 0 213
J N 7 876 49 5 1729 0 0
K 0 0 43
K 25 0 44
K 0 0 59
K 0 -21 59
A D 3 8
J N 7 922 77 8 3457 864 0
K 1 -7 45
K 0 0 43
K 0 -7 45
K 1 -7 45
K 25 0 44
K 0 0 59
K 0 -21 59
A D 3 8
J R 7 968 28 2 5185 864 0
K 0 0 48
A D 2 8
J R 6 1006 28 2 6337 576 0
K 0 0 49
A D 1 8
J B 6 1039 1 82 6913 288 0
J N 7 1060 56 4 1 0 0
K 0 0 43
K 0 0 59
K 0 -21 59
A D 2 8
J N 6 1098 49 3 1153 576 0
K 0 0 43
K 0 0 53
A D 1 8
J N 7 1135 42 4 1729 288 0
K 0 0 43
K 0 0 59
K 0 -21 59
A D 2 8
J N 6 1173 56 3 2881 576 0
K 0 0 43
K 0 0 53
A D 1 8
J N 7 1210 35 4 3457 288 0
K 0 0 43
K 0 0 59
K 0 -21 59
A D 2 8
J N 6 1248 42 3 4609 576 0
K 0 0 43
K 0 0 53
A D 1 8
J N 6 1285 35 2 5185 288 1 1
K 0 0 43
A D 1 8
J N 6 1314 42 2 5761 288 1 1
K 0 0 43
A D 1 8
J N 6 1343 49 2 6337 288 1 1
K 0 0 43
A D 1 8
H 1 B 0 0 108 3 2 1 3
J B 7 1376 1 82 6913 288 0
J F 0 1397 98 1 1 0 0
K 0 0 205
J N 7 1397 42 4 1 0 0
K 0 0 43
K 0 0 59
K 0 -21 59
A D 2 8
J N 6 1435 49 3 1153 576 0
K 0 0 43
K 0 0 53
A D 1 8
J N 7 1472 42 4 1729 288 0
K 0 0 43
K 0 0 59
K 0 -21 59
A D 2 8
J N 6 1510 56 3 2881 576 0
K 0 0 43
K 0 0 53
A D 1 8
J F 0 1544 98 2 3457 288 0
K 0 0 205
K 0 21 204
J N 6 1544 35 2 3457 0 1 2
K 0 0 43
A D 1 8
J N 6 1573 42 2 4033 288 1 2
K 0 0 43
A D 1 8
J N 6 1602 35 2 4609 288 1 2
K 0 0 43
A D 1 8
H 2 B 0 0 108 3 2 1 3
J F 0 1631 98 1 5185 288 0
K 0 0 213
J N 7 1631 28 4 5185 0 0
K 0 0 43
K 0 0 60
K 0 21 60
A D 2 8
J N 6 1669 77 7 6337 576 0
K 1 -7 45
K 0 0 43
K 0 -7 45
K 1 -7 45
K 0 0 59
K 0 0 53
A D 1 8
J B 8 1713 1 82 6913 288 0
J N 7 1734 56 5 1 0 0
K 0 0 43
K 24 -6 44
K 0 0 59
K 0 -21 59
A D 3 8
J F 0 1780 98 1 1729 864 0
K 0 0 204
J N 8 1780 -42 11 1729 0 0
K 0 28 45
K 0 14 45
K 0 0 45
K 0 0 42
K -1 0 45
K 2 0 45
K 24 -6 44
K 0 0 60
K 0 28 60
K 0 42 60
A D 6 8
J F 0 1826 98 2 3457 864 0
K 0 0 203
K 0 21 201
J F 0 1872 98 1 5185 864 0
K 0 0 205
J N 7 1872 -35 11 5185 0 1 3
K 0 21 45
K 0 7 45
K -18 0 63
K 0 0 43
K 0 7 45
K 1 7 45
K 25 0 44
K 0 0 60
K 0 28 60
K 0 35 60
A D 3 8
J B 9 1922 1 82 6913 864 0
J F 0 1945 98 2 1 0 0
K 0 0 203
K 0 21 201
J N 7 1945 -35 11 1 0 1 3
K 0 21 45
K 0 7 45
k -18 0 63
K 0 0 43
K 0 7 45
K 1 7 45
K 25 0 44
K 0 0 60
K 0 28 60
K 0 35 60
A D 3 8
H 3 T -35 0 0 0 0 0 1 0
J F 0 1991 98 1 1729 864 0
K 0 0 205
J N 8 1991 -28 9 1729 0 0
K 0 14 45
K 0 0 45
K 0 0 42
K -1 0 45
K 2 0 45
K 24 -6 44
K 0 0 60
K 0 28 60
A D 6 8
J F 0 2037 98 3 3457 864 0
K 0 0 203
K 0 21 201
K 15 21 213
J F 0 2083 98 1 5185 864 0
K 0 0 205
J N 7 2083 -21 8 5185 0 1 4
K 0 7 45
K 0 0 43
K 0 7 45
K 1 7 45
K 25 0 44
K 0 0 60
K 0 21 60
A D 3 8
J B 10 2133 1 82 6913 864 0
J F 0 2154 98 2 1 0 0
K 0 0 203
K 0 21 201
J N 7 2154 -21 8 1 0 1 4
K 0 7 45
K 0 0 43
K 0 7 45
K 1 7 45
K 25 0 44
K 0 0 60
K 0 21 60
A D 3 8
H 4 T -21 0 0 0 0 0 1 0
J F 0 2200 98 1 1729 864 0
K 0 0 205
J N 8 2200 -14 8 1729 0 0
K 0 0 45
K 0 0 42
K -1 0 45
K 2 0 45
K 24 -6 44
K 0 0 60
K 0 21 60
A D 6 8
J F 0 2246 98 2 3457 864 0
K 0 0 214
K 0 21 201
J F 0 2292 98 1 5185 864 0
K 0 0 205
J N 7 2292 -7 4 5185 0 0
K 0 0 43
K 0 0 60
K 0 21 60
A D 2 8
J N 6 2330 -28 8 6337 576 0
K 0 14 45
K 0 0 45
K 0 0 43
K -1 0 45
K 2 0 45
K 0 0 60
K 0 7 54
A D 1 8
J B 11 2363 1 82 6913 288 0
J F 0 2388 98 2 1 0 0
K 0 0 205
K 0 21 204
J N 6 2388 -14 6 1 0 1 5
K 0 0 45
K -18 0 63
K 0 0 43
K -1 0 45
K 2 0 45
A D 1 8
J N 6 2417 -7 2 577 288 1 5
K 0 0 43
A D 1 8
J N 6 2446 0 2 1153 288 1 5
K 0 0 43
A D 1 8
H 5 B 1 0 108 3 2 1 3
J N 7 2475 -21 7 1729 288 0
K 0 7 45
K 0 0 43
K 0 7 45
K 1 7 45
K 0 0 60
K 0 21 60
A D 2 8
J F 0 2517 98 1 2881 576 0
K 0 0 205
J N 6 2517 14 4 2881 0 0
K -18 0 63
K 0 0 43
K 0 0 54
A D 1 8
J N 7 2546 7 4 3457 288 0
K 0 0 43
K 0 0 60
K 0 21 60
A D 2 8
J F 0 2584 98 1 4609 576 0
K 0 0 213
J N 6 2584 28 3 4609 0 0
K 0 0 43
K 0 0 54
A D 1 8
J F 0 2613 98 1 5185 288 0
K 0 0 203
J N 7 2613 0 4 5185 0 0
K 0 0 43
K 0 0 60
K 0 21 60
A D 2 8
J F 0 2651 98 1 6337 576 0
K 0 0 213
J N 6 2651 49 3 6337 0 0
K 0 0 43
K 0 0 53
A D 1 8
J B 12 2695 1 82 6913 288 0
J F 0 2716 98 1 1 0 0
K 0 0 213
J N 7 2716 28 5 1 0 0
K 0 0 43
K 24 -6 44
K 0 0 60
K 0 21 60
A D 3 8
J N 7 2762 -21 8 1729 864 0
K 0 7 45
K 0 0 43
K 0 7 45
K 1 7 45
K 25 0 44
K 0 0 60
K 0 21 60
A D 3 8
J F 0 2808 98 2 3457 864 0
K 0 0 205
K 0 21 203
J N 8 2808 -21 8 3457 0 0
K 0 7 45
K 0 0 42
K 0 7 45
K 1 7 45
K 25 0 44
K 0 0 60
K 0 21 60
A D 6 8
J B 13 2880 1 82 6913 1728 0
J F 0 2901 98 1 1 0 0
K 0 0 213
J N 7 2901 -21 8 1 0 0
K 0 7 45
K 0 0 43
K 0 7 45
K 1 7 45
K 25 0 44
K 0 0 60
K 0 21 60
A D 3 8
J N 7 2947 7 5 1729 864 0
K 0 0 43
K 25 0 44
K 0 0 60
K 0 21 60
A D 3 8
J F 0 2993 98 2 3457 864 0
K 0 0 205
K 0 21 203
J N 8 2993 7 5 3457 0 0
K 0 0 42
K 25 0 44
K 0 0 60
K 0 21 60
A D 6 8
J B 14 3065 1 82 6913 1728 0
J F 0 3086 98 1 1 0 0
K 0 0 204
J N 7 3086 7 4 1 0 0
K 0 0 43
K 0 0 60
K 0 21 60
A D 2 8
J N 6 3124 0 3 1153 576 0
K 0 0 43
K 0 0 54
A D 1 8
J N 7 3153 -7 4 1729 288 0
K 0 0 43
K 0 0 60
K 0 21 60
A D 2 8
J N 6 3191 42 3 2881 576 0
K 0 0 43
K 0 0 53
A D 1 8
J F 0 3225 98 1 3457 288 0
K 0 0 206
J N 7 3225 21 5 3457 0 0
K 0 0 43
K 25 0 44
K 0 0 60
K 0 21 60
A D 3 8
J F 0 3263 98 1 4609 576 0
K 0 0 205
J F 0 3292 98 2 5185 288 0
K 0 0 206
K 0 21 213
J N 7 3292 28 5 5185 0 0
K 0 0 43
K 24 -6 44
K 0 0 60
K 0 21 60
A D 3 8
J F 0 3330 98 1 6337 576 0
K 0 0 205
J B 15 3363 1 82 6913 288 0
J F 0 3384 98 1 1 0 0
K 0 0 206
J N 7 3384 35 5 1 0 0
K 0 0 43
K 25 0 44
K 0 0 59
K 0 -21 59
A D 3 8
J F 0 3422 98 1 1153 576 0
K 0 0 205
J F 0 3451 98 1 1729 288 0
K 0 0 206
J N 7 3451 42 5 1729 0 0
K 0 0 43
K 24 -6 44
K 0 0 59
K 0 -21 59
A D 3 8
J F 0 3489 98 1 2881 576 0
K 0 0 205
J F 0 3518 98 1 3457 288 0
K 0 0 204
J N 7 3518 49 5 3457 0 0
K 0 0 43
K 25 0 44
K 0 0 59
K 0 -21 59
A D 3 8
J F 0 3556 98 1 4609 576 0
K 0 0 216
J N 7 3585 56 5 5185 288 0
K 0 0 43
K 24 -6 44
K 0 0 59
K 0 -21 59
A D 3 8
J B 16 3635 1 82 6913 864 0
J F 0 3656 98 1 1 0 0
K 0 0 213
J N 7 3656 28 5 1 0 0
K 0 0 43
K 24 -6 44
K 0 0 60
K 0 21 60
A D 3 8
J R 6 3702 28 2 1729 864 0
K 0 0 49
A D 1 8
J R 6 3731 28 2 2305 288 0
K 0 0 49
A D 1 8
J N 6 3760 -42 9 2881 288 0
K 0 28 45
K 0 14 45
K 0 0 45
K 0 0 43
K -1 0 45
K 2 0 45
K 0 0 60
K 0 21 54
A D 1 8
J F 0 3789 98 2 3457 288 0
K 0 0 205
K 0 21 204
J N 7 3789 -28 9 3457 0 0
K 0 14 45
K 0 0 45
K 0 0 43
K -1 0 45
K 2 0 45
K 24 -6 44
K 0 0 60
K 0 28 60
A D 3 8
J F 0 3840 98 1 5185 864 0
K 0 0 204
J N 7 3840 -35 11 5185 0 0
K 0 21 45
K 0 7 45
K -18 0 63
K 0 0 43
K 0 7 45
K 1 7 45
K 25 0 44
K 0 0 60
K 0 28 60
K 0 35 60
A D 3 8
J B 17 3890 1 82 6913 864 0
J F 0 3911 98 2 1 0 0
K 0 0 208
K 0 21 202
J N 8 3911 -42 11 1 0 0
K 0 28 45
K 0 14 45
K 0 0 45
K 0 0 42
K -1 0 45
K 2 0 45
K 24 -6 44
K 0 0 60
K 0 28 60
K 0 42 60
A D 6 8
J F 0 3957 98 2 1729 864 0
K 0 0 207
K 0 21 219
J F 0 4003 98 2 3457 864 0
K 0 0 205
K 0 21 204
J N 8 4003 -14 9 3457 0 0
K 0 0 45
K -18 0 63
K 0 0 42
K -1 0 45
K 2 0 45
K 24 -6 44
K 0 0 60
K 0 21 60
A D 6 8
J B 18 4075 1 82 6913 1728 0
J F 0 4096 98 2 1 0 0
K 0 0 204
K 0 21 203
J N 8 4096 -21 8 1 0 0
K 0 7 45
K 0 0 42
K 0 7 45
K 1 7 45
K 25 0 44
K 0 0 60
K 0 21 60
A D 6 8
J F 0 4164 98 2 3457 1728 0
K 0 0 205
K 0 21 204
J N 8 4164 -14 9 3457 0 0
K 0 0 45
K -18 0 63
K 0 0 42
K -1 0 45
K 2 0 45
K 24 -6 44
K 0 0 60
K 0 21 60
A D 6 8
J B 19 4236 1 82 6913 1728 0
J N 7 4257 -21 8 1 0 0
K 0 7 45
K 0 0 43
K 0 7 45
K 1 7 45
K 25 0 44
K 0 0 60
K 0 21 60
A D 3 8
J R 6 4303 28 2 1729 864 0
K 0 0 49
A D 1 8
J R 6 4332 28 2 2305 288 0
K 0 0 49
A D 1 8
J F 0 4361 98 1 2881 288 0
K 0 0 205
J N 6 4361 -7 3 2881 0 0
K 0 0 43
K 0 0 54
A D 1 8
J N 7 4390 0 4 3457 288 0
K 0 0 43
K 0 0 60
K 0 21 60
A D 2 8
J N 6 4428 7 3 4609 576 0
K 0 0 43
K 0 0 54
A D 1 8
J F 0 4457 98 2 5185 288 0
K 0 0 205
K 0 21 204
J N 7 4457 35 4 5185 0 0
K 0 0 43
K 0 0 59
K 0 -21 59
A D 2 8
J F 0 4495 98 1 6337 576 0
K 0 0 213
J N 6 4495 28 3 6337 0 0
K 0 0 43
K 0 0 54
A D 1 8
J B 20 4528 1 82 6913 288 0
J N 7 4549 56 4 1 0 0
K 0 0 43
K 0 0 59
K 0 -21 59
A D 2 8
J N 6 4587 49 3 1153 576 0
K 0 0 43
K 0 0 53
A D 1 8
J N 7 4624 42 4 1729 288 0
K 0 0 43
K 0 0 59
K 0 -21 59
A D 2 8
J N 6 4662 56 3 2881 576 0
K 0 0 43
K 0 0 53
A D 1 8
J N 7 4699 35 4 3457 288 0
K 0 0 43
K 0 0 59
K 0 -21 59
A D 2 8
J N 6 4737 84 8 4609 576 0
K 1 -14 45
K 1 0 45
K 0 0 43
K -1 0 45
K 2 0 45
K 0 0 59
K 0 -7 53
A D 1 8
J F 0 4771 98 1 5185 288 0
K 0 0 205
J R 6 4777 28 2 5185 0 0
K 0 0 49
A D 1 8
J R 6 4806 28 2 5761 288 0
K 0 0 49
A D 1 8
J N 6 4846 35 4 6337 288 0
K -18 0 63
K 0 0 43
K 0 0 53
A D 1 8
J B 21 4890 1 82 6913 288 0
J F 0 4911 98 1 1 0 0
K 0 0 213
J N 7 4911 28 4 1 0 0
K 0 0 43
K 0 0 60
K 0 21 60
A D 2 8
J N 6 4949 77 7 1153 576 0
K 1 -7 45
K 0 0 43
K 0 -7 45
K 1 -7 45
K 0 0 59
K 0 0 53
A D 1 8
J F 0 4983 98 1 1729 288 0
K 0 0 205
J R 6 4989 28 2 1729 0 0
K 0 0 49
A D 1 8
J R 6 5018 28 2 2305 288 0
K 0 0 49
A D 1 8
J N 6 5058 28 4 2881 288 0
K -18 0 63
K 0 0 43
K 0 0 54
A D 1 8
J N 7 5087 21 4 3457 288 0
K 0 0 43
K 0 0 60
K 0 21 60
A D 2 8
J N 6 5125 70 6 4609 576 0
K 1 0 45
K 0 0 43
K -1 0 45
K 2 0 45
K 0 0 53
A D 1 8
J F 0 5159 98 1 5185 288 0
K 0 0 205
J R 6 5165 28 2 5185 0 0
K 0 0 49
A D 1 8
J R 6 5194 28 2 5761 288 0
K 0 0 49
A D 1 8
J N 6 5234 14 4 6337 288 0
K -18 0 63
K 0 0 43
K 0 0 54
A D 1 8
J B 22 5267 1 82 6913 288 0
J F 0 5288 98 1 1 0 0
K 0 0 203
J N 7 5288 7 4 1 0 0
K 0 0 43
K 0 0 60
K 0 21 60
A D 2 8
J F 0 5326 98 1 1153 576 0
K 0 0 205
J N 6 5326 -42 9 1153 0 0
K 0 28 45
K 0 14 45
K 0 0 45
K 0 0 43
K -1 0 45
K 2 0 45
K 0 0 60
K 0 21 54
A D 1 8
J F 0 5366 98 1 1729 288 0
K 0 0 206
J N 7 5366 -35 11 1729 0 0
K 0 21 45
K 0 7 45
K -18 0 63
K 0 0 43
K 0 7 45
K 1 7 45
K 25 0 44
K 0 0 60
K 0 28 60
K 0 35 60
A D 3 8
J F 0 5404 98 1 2881 576 0
K 0 0 205
J F 0 5433 98 1 3457 288 0
K 0 0 206
J N 7 5433 -28 9 3457 0 0
K 0 14 45
K 0 0 45
K 0 0 43
K -1 0 45
K 2 0 45
K 24 -6 44
K 0 0 60
K 0 28 60
A D 3 8
J F 0 5471 98 1 4609 576 0
K 0 0 205
J F 0 5500 98 1 5185 288 0
K 0 0 206
J N 7 5500 -21 8 5185 0 0
K 0 7 45
K 0 0 43
K 0 7 45
K 1 7 45
K 25 0 44
K 0 0 60
K 0 21 60
A D 3 8
J F 0 5538 98 1 6337 576 0
K 0 0 205
J B 23 5571 1 82 6913 288 0
J F 0 5592 98 1 1 0 0
K 0 0 206
J N 7 5592 -14 8 1 0 0
K 0 0 45
K 0 0 43
K -1 0 45
K 2 0 45
K 24 -6 44
K 0 0 60
K 0 21 60
A D 3 8
J F 0 5630 98 1 1153 576 0
K 0 0 205
J F 0 5659 98 1 1729 288 0
K 0 0 206
J N 7 5659 -7 5 1729 0 0
K 0 0 43
K 25 0 44
K 0 0 60
K 0 21 60
A D 3 8
J F 0 5697 98 1 2881 576 0
K 0 0 205
J F 0 5726 98 1 3457 288 0
K 0 0 216
J N 7 5726 0 5 3457 0 0
K 0 0 43
K 24 -6 44
K 0 0 60
K 0 21 60
A D 3 8
J R 6 5772 28 2 5185 864 0
K 0 0 49
A D 1 8
J R 6 5801 28 2 5761 288 0
K 0 0 49
A D 1 8
J N 6 5830 7 3 6337 288 0
K 0 0 43
K 0 0 54
A D 1 8
J B 24 5863 1 82 6913 288 0
J N 7 5884 35 4 1 0 0
K 0 0 43
K 0 0 59
K 0 -21 59
A D 2 8
J N 6 5922 56 3 1153 576 0
K 0 0 43
K 0 0 53
A D 1 8
J F 0 5956 98 1 1729 288 0
K 0 0 203
J N 7 5956 28 4 1729 0 0
K 0 0 43
K 0 0 60
K 0 21 60
A D 2 8
J F 0 5994 98 1 2881 576 0
K 0 0 213
J N 6 5994 77 7 2881 0 0
K 1 -7 45
K 0 0 43
K 0 -7 45
K 1 -7 45
K 0 0 59
K 0 0 53
A D 1 8
J N 7 6031 56 5 3457 288 0
K 0 0 43
K 24 -6 44
K 0 0 59
K 0 -21 59
A D 3 8
J N 7 6077 35 5 5185 864 0
K 0 0 43
K 25 0 44
K 0 0 59
K 0 -21 59
A D 3 8
J B 25 6127 1 82 6913 864 0
J R 7 6148 28 3 1 0 0
K 0 0 48
K -2 -35 101
A D 2 8
J R 6 6186 28 2 1153 576 0
K 0 0 49
A D 1 8
J F 0 6215 98 1 1729 288 0
K 0 0 205
J N 7 6215 42 6 1729 0 0
K 0 0 43
K 24 -6 44
K 0 37 108
K 0 0 59
K 0 -21 59
A D 3 8
J R 8 6261 28 3 3457 864 0
K 0 0 47
K 2 -35 101
A D 6 8
J B 26 6318 1 82 6913 1728 0
J F 0 6339 98 1 1 0 0
K 0 0 216
J N 7 6339 49 5 1 0 0
K 0 0 43
K 0 39 110
K 0 0 59
K 0 -21 59
A D 2 8
J N 6 6377 56 3 1153 576 0
K 0 0 43
K 0 0 53
A D 1 8
J F 0 6411 98 1 1729 288 0
K 0 0 203
J N 7 6411 28 4 1729 0 0
K 0 0 43
K 0 0 60
K 0 21 60
A D 2 8
J F 0 6449 98 1 2881 576 0
K 0 0 213
J N 6 6449 77 7 2881 0 0
K 1 -7 45
K 0 0 43
K 0 -7 45
K 1 -7 45
K 0 0 59
K 0 0 53
A D 1 8
J N 7 6486 56 5 3457 288 0
K 0 0 43
K 24 -6 44
K 0 0 59
K 0 -21 59
A D 3 8
J R 6 6532 28 2 5185 864 0
K 0 0 49
A D 1 8
J R 6 6561 28 2 5761 288 0
K 0 0 49
A D 1 8
J N 6 6590 -28 8 6337 288 0
K 0 14 45
K 0 0 45
K 0 0 43
K -1 0 45
K 2 0 45
K 0 0 60
K 0 7 54
A D 1 8
J B 27 6623 1 82 6913 288 0
J F 0 6646 98 1 1 0 0
K 0 0 205
J N 7 6646 -21 8 1 0 0
K 0 7 45
K -18 0 63
K 0 0 43
K 0 7 45
K 1 7 45
K 0 0 60
K 0 21 60
A D 2 8
J N 6 6684 -7 3 1153 576 0
K 0 0 43
K 0 0 54
A D 1 8
J N 7 6713 21 4 1729 288 0
K 0 0 43
K 0 0 60
K 0 21 60
A D 2 8
J N 6 6751 -28 8 2881 576 0
K 0 14 45
K 0 0 45
K 0 0 43
K -1 0 45
K 2 0 45
K 0 0 60
K 0 7 54
A D 1 8
J F 0 6780 98 1 3457 288 0
K 0 0 205
J N 7 6780 -21 7 3457 0 0
K 0 7 45
K 0 0 43
K 0 7 45
K 1 7 45
K 0 0 60
K 0 21 60
A D 2 8
J N 6 6818 -7 3 4609 576 0
K 0 0 43
K 0 0 54
A D 1 8
J R 6 6847 28 2 5185 288 0
K 0 0 49
A D 1 8
J R 6 6876 28 2 5761 288 0
K 0 0 49
A D 1 8
J N 6 6905 0 4 6337 288 0
K 0 0 43
K 0 79 108
K 0 0 54
A D 1 8
J B 28 6938 1 82 6913 288 0
J F 0 6961 98 1 1 0 0
K 0 0 205
J N 7 6961 7 5 1 0 0
K -18 0 63
K 0 0 43
K 0 0 60
K 0 21 60
A D 2 8
J N 6 6999 21 3 1153 576 0
K 0 0 43
K 0 0 54
A D 1 8
J N 7 7028 49 4 1729 288 0
K 0 0 43
K 0 0 59
K 0 -21 59
A D 2 8
J N 6 7066 0 3 2881 576 0
K 0 0 43
K 0 0 54
A D 1 8
J F 0 7095 98 1 3457 288 0
K 0 0 205
J N 7 7095 7 4 3457 0 0
K 0 0 43
K 0 0 60
K 0 21 60
A D 2 8
J N 6 7133 21 3 4609 576 0
K 0 0 43
K 0 0 54
A D 1 8
J R 6 7162 28 2 5185 288 0
K 0 0 49
A D 1 8
J R 6 7191 28 2 5761 288 0
K 0 0 49
A D 1 8
J N 6 7220 -7 4 6337 288 0
K 0 0 43
K 0 92 110
K 0 0 54
A D 1 8
J B 29 7253 1 82 6913 288 0
J F 0 7276 98 1 1 0 0
K 0 0 205
J N 7 7276 0 5 1 0 0
K -18 0 63
K 0 0 43
K 0 0 60
K 0 21 60
A D 2 8
J N 6 7319 14 4 1153 576 0
K -18 0 63
K 0 0 43
K 0 0 54
A D 1 8
J N 7 7348 42 4 1729 288 0
K 0 0 43
K 0 0 59
K 0 -21 59
A D 2 8
J N 6 7386 -7 3 2881 576 0
K 0 0 43
K 0 0 54
A D 1 8
J F 0 7415 98 1 3457 288 0
K 0 0 205
J N 7 7415 0 4 3457 0 0
K 0 0 43
K 0 0 60
K 0 21 60
A D 2 8
J N 6 7453 14 3 4609 576 0
K 0 0 43
K 0 0 54
A D 1 8
J R 6 7482 28 2 5185 288 0
K 0 0 49
A D 1 8
J R 6 7511 28 2 5761 288 0
K 0 0 49
A D 1 8
J N 6 7540 14 3 6337 288 0
K 0 0 43
K 0 0 54
A D 1 8
J B 30 7573 1 82 6913 288 0
J F 0 7596 98 1 1 0 0
K 0 0 206
J N 7 7596 7 6 1 0 0
K -18 0 63
K 0 0 43
K 25 0 44
K 0 0 60
K 0 21 60
A D 3 8
J F 0 7648 98 1 1729 864 0
K 0 0 204
J N 7 7648 0 6 1729 0 0
K -18 0 63
K 0 0 43
K 24 -6 44
K 0 0 60
K 0 21 60
A D 3 8
J F 0 7694 98 1 3457 864 0
K 0 0 203
J N 7 7694 -7 5 3457 0 0
K 0 0 43
K 25 0 44
K 0 0 60
K 0 21 60
A D 3 8
J F 0 7740 98 1 5185 864 0
K 0 0 205
J N 7 7740 28 5 5185 0 0
K 0 0 43
K 24 -6 44
K 0 0 60
K 0 21 60
A D 3 8
J B 31 7790 1 82 6913 864 0
J F 0 7811 98 1 1 0 0
K 0 0 206
J N 7 7811 21 5 1 0 0
K 0 0 43
K 25 0 44
K 0 0 60
K 0 21 60
A D 3 8
J F 0 7857 98 1 1729 864 0
K 0 0 205
J N 8 7857 -28 9 1729 0 0
K 0 14 45
K 0 0 45
K 0 0 42
K -1 0 45
K 2 0 45
K 24 -6 44
K 0 0 60
K 0 28 60
A D 6 8
J F 0 7903 98 2 3457 864 0
K 0 0 214
K 0 21 201
J F 0 7949 98 1 5185 864 0
K 0 0 205
J N 7 7949 -21 7 5185 0 0
K 0 7 45
K 0 0 43
K 0 7 45
K 1 7 45
K 0 0 60
K 0 21 60
A D 2 8
J N 6 7987 -28 8 6337 576 0
K 0 14 45
K 0 0 45
K 0 0 43
K -1 0 45
K 2 0 45
K 0 0 60
K 0 7 54
A D 1 8
J B 32 8020 1 82 6913 288 0
J F 0 8043 98 2 1 0 0
K 0 0 205
K 0 21 203
J N 7 8043 -35 10 1 0 0
K 0 21 45
K 0 7 45
K -18 0 63
K 0 0 43
K 0 7 45
K 1 7 45
K 0 0 60
K 0 28 60
K 0 35 60
A D 2 8
J N 6 8081 -28 8 1153 576 0
K 0 14 45
K 0 0 45
K 0 0 43
K -1 0 45
K 2 0 45
K 0 0 60
K 0 7 54
A D 1 8
J F 0 8110 98 2 1729 288 0
K 0 0 215
K 0 21 213
J N 7 8110 -35 9 1729 0 0
K 0 21 45
K 0 7 45
K 0 0 43
K 0 7 45
K 1 7 45
K 0 0 60
K 0 28 60
K 0 35 60
A D 2 8
J N 6 8152 14 4 2881 576 0
K -18 0 63
K 0 0 43
K 0 0 54
A D 1 8
J N 7 8181 -7 5 3457 288 0
K 0 0 43
K 25 0 44
K 0 0 60
K 0 21 60
A D 3 8
J F 0 8227 98 3 5185 864 0
K 0 0 205
K 0 21 203
K 0 42 201
J N 7 8227 0 5 5185 0 0
K 0 0 43
K 24 -6 44
K 0 0 60
K 0 21 60
A D 3 8
J B 33 8277 1 82 6913 864 0
J F 0 8298 98 3 1 0 0
K 0 0 206
K 0 21 204
K 0 42 202
J N 7 8298 7 5 1 0 0
K 0 0 43
K 25 0 44
K 0 0 60
K 0 21 60
A D 3 8
J F 0 8350 98 3 1729 864 0
K 0 0 207
K 0 21 205
K 0 42 203
J N 7 8350 14 6 1729 0 0
K -18 0 63
K 0 0 43
K 24 -6 44
K 0 0 60
K 0 21 60
A D 3 8
J F 0 8396 98 3 3457 864 0
K 0 0 208
K 0 21 206
K 0 42 204
J N 7 8396 21 5 3457 0 0
K 0 0 43
K 25 0 44
K 0 0 60
K 0 21 60
A D 3 8
J F 0 8442 98 1 5185 864 0
K 0 0 205
J N 7 8442 28 5 5185 0 0
K 0 0 43
K 24 -6 44
K 0 0 60
K 0 21 60
A D 3 8
J B 34 8492 1 82 6913 864 0
J F 0 8513 98 1 1 0 0
K 0 0 208
J N 7 8513 21 5 1 0 0
K 0 0 43
K 25 0 44
K 0 0 60
K 0 21 60
A D 3 8
J F 0 8559 98 1 1729 864 0
K 0 0 207
J R 6 8559 28 2 1729 0 0
K 0 0 49
A D 1 8
J R 6 8588 28 2 2305 288 0
K 0 0 49
A D 1 8
J N 6 8617 21 3 2881 288 0
K 0 0 43
K 0 0 54
A D 1 8
J F 0 8657 98 2 3457 288 0
K 0 0 206
K 0 21 213
J N 7 8657 14 6 3457 0 0
K -18 0 63
K 0 0 43
K 24 -6 44
K 0 0 60
K 0 21 60
A D 3 8
J N 7 8703 42 5 5185 864 0
K 0 0 43
K 24 -6 44
K 0 0 59
K 0 -21 59
A D 3 8
J B 35 8753 1 82 6913 864 0
J F 0 8776 98 2 1 0 0
K 0 0 205
K 0 21 203
J N 7 8776 14 6 1 0 0
K -18 0 63
K 0 0 43
K 24 -6 44
K 0 0 60
K 0 21 60
A D 3 8
J F 0 8822 98 2 1729 864 0
K 0 0 215
K 0 21 213
J N 7 8822 63 6 1729 0 0
K -18 0 63
K 0 0 43
K 25 0 44
K 0 0 59
K 0 -21 59
A D 3 8
J N 8 8868 42 5 3457 864 0
K 0 0 42
K 24 -6 44
K 0 0 59
K 0 -21 59
A D 6 8
J B 36 8940 1 82 6913 1728 0
J N 8 8961 7 5 1 0 0
K 0 0 42
K 25 0 44
K 0 0 60
K 0 21 60
A D 6 8
J F 0 9029 98 2 3457 1728 0
K 0 0 205
K 0 21 203
J N 8 9029 7 5 3457 0 0
K 0 0 42
K 25 0 44
K 0 0 60
K 0 21 60
A D 6 8
J B 37 9101 1 82 6913 1728 0
J F 0 9122 98 1 1 0 0
K 0 0 204
J N 8 9122 7 5 1 0 0
K 0 0 42
K 25 0 44
K 0 0 60
K 0 21 60
A D 6 8
J N 7 9190 35 5 3457 1728 0
K 0 0 43
K 25 0 44
K 0 0 59
K 0 -21 59
A D 3 8
J F 0 9236 98 1 5185 864 0
K 0 0 213
J N 7 9236 28 5 5185 0 0
K 0 0 43
K 24 -6 44
K 0 0 60
K 0 21 60
A D 3 8
J B 38 9286 1 82 6913 864 0
J N 7 9307 56 5 1 0 0
K 0 0 43
K 24 -6 44
K 0 0 59
K 0 -21 59
A D 3 8
J R 7 9353 28 2 1729 864 0
K 0 0 48
A D 2 8
J R 6 9391 28 2 2881 576 0
K 0 0 49
A D 1 8
J F 0 9420 98 1 3457 288 0
K 0 0 213
J N 8 9420 28 5 3457 0 0
K 0 0 42
K 24 -6 44
K 0 0 60
K 0 21 60
A D 6 8
J B 39 9492 1 82 6913 1728 0
J F 0 9513 98 2 1 0 0
K 0 0 205
K 0 21 203
J N 8 9513 28 5 1 0 0
K 0 0 42
K 24 -6 44
K 0 0 60
K 0 21 60
A D 6 8
J F 0 9581 98 2 3457 1728 0
K 0 0 204
K 0 21 213
J N 8 9581 28 5 3457 0 0
K 0 0 42
K 24 -6 44
K 0 0 60
K 0 21 60
A D 6 8
J B 40 9653 1 82 6913 1728 0
J N 7 9674 56 5 1 0 0
K 0 0 43
K 24 -6 44
K 0 0 59
K 0 -21 59
A D 3 8
J F 0 9720 98 1 1729 864 0
K 0 0 213
J N 7 9720 49 5 1729 0 0
K 0 0 43
K 25 0 44
K 0 0 59
K 0 -21 59
A D 3 8
J F 0 9766 98 1 3457 864 0
K 0 0 213
J N 7 9766 77 8 3457 0 0
K 1 -7 45
K 0 0 43
K 0 -7 45
K 1 -7 45
K 25 0 44
K 0 0 59
K 0 -21 59
A D 3 8
J R 7 9812 28 2 5185 864 0
K 0 0 48
A D 2 8
J R 6 9850 28 2 6337 576 0
K 0 0 49
A D 1 8
J B 41 9883 1 82 6913 288 0
J N 7 9904 56 4 1 0 0
K 0 0 43
K 0 0 59
K 0 -21 59
A D 2 8
J N 6 9942 49 3 1153 576 0
K 0 0 43
K 0 0 53
A D 1 8
J N 7 9979 42 4 1729 288 0
K 0 0 43
K 0 0 59
K 0 -21 59
A D 2 8
J N 6 10017 56 3 2881 576 0
K 0 0 43
K 0 0 53
A D 1 8
J N 7 10054 35 4 3457 288 0
K 0 0 43
K 0 0 59
K 0 -21 59
A D 2 8
J N 6 10092 42 3 4609 576 0
K 0 0 43
K 0 0 53
A D 1 8
J N 6 10129 35 2 5185 288 1 6
K 0 0 43
A D 1 8
J N 6 10158 42 2 5761 288 1 6
K 0 0 43
A D 1 8
J N 6 10187 49 2 6337 288 1 6
K 0 0 43
A D 1 8
H 6 B 0 0 108 3 2 1 3
J B 42 10220 1 82 6913 288 0
J F 0 10241 98 1 1 0 0
K 0 0 205
J N 7 10241 42 4 1 0 0
K 0 0 43
K 0 0 59
K 0 -21 59
A D 2 8
J N 6 10279 49 3 1153 576 0
K 0 0 43
K 0 0 53
A D 1 8
J N 7 10316 42 4 1729 288 0
K 0 0 43
K 0 0 59
K 0 -21 59
A D 2 8
J N 6 10354 56 3 2881 576 0
K 0 0 43
K 0 0 53
A D 1 8
J F 0 10388 98 2 3457 288 0
K 0 0 205
K 0 21 204
J N 6 10388 35 2 3457 0 1 7
K 0 0 43
A D 1 8
J N 6 10417 42 2 4033 288 1 7
K 0 0 43
A D 1 8
J N 6 10446 35 2 4609 288 1 7
K 0 0 43
A D 1 8
H 7 B 0 0 108 3 2 1 3
J F 0 10475 98 1 5185 288 0
K 0 0 213
J N 7 10475 28 4 5185 0 0
K 0 0 43
K 0 0 60
K 0 21 60
A D 2 8
J N 6 10513 77 7 6337 576 0
K 1 -7 45
K 0 0 43
K 0 -7 45
K 1 -7 45
K 0 0 59
K 0 0 53
A D 1 8
J B 43 10557 1 82 6913 288 0
J N 7 10578 56 5 1 0 0
K 0 0 43
K 24 -6 44
K 0 0 59
K 0 -21 59
A D 3 8
J F 0 10624 98 1 1729 864 0
K 0 0 204
J N 8 10624 -42 11 1729 0 0
K 0 28 45
K 0 14 45
K 0 0 45
K 0 0 42
K -1 0 45
K 2 0 45
K 24 -6 44
K 0 0 60
K 0 28 60
K 0 42 60
A D 6 8
J F 0 10670 98 2 3457 864 0
K 0 0 203
K 0 21 201
J F 0 10716 98 1 5185 864 0
K 0 0 205
J N 7 10716 -35 11 5185 0 1 8
K 0 21 45
K 0 7 45
K -18 0 63
K 0 0 43
K 0 7 45
K 1 7 45
K 25 0 44
K 0 0 60
K 0 28 60
K 0 35 60
A D 3 8
J B 44 10766 1 82 6913 864 0
J F 0 10789 98 2 1 0 0
K 0 0 203
K 0 21 201
J N 7 10789 -35 11 1 0 1 8
K 0 21 45
K 0 7 45
k -18 0 63
K 0 0 43
K 0 7 45
K 1 7 45
K 25 0 44
K 0 0 60
K 0 28 60
K 0 35 60
A D 3 8
H 8 T -35 0 0 0 0 0 1 0
J F 0 10835 98 1 1729 864 0
K 0 0 205
J N 8 10835 -28 9 1729 0 0
K 0 14 45
K 0 0 45
K 0 0 42
K -1 0 45
K 2 0 45
K 24 -6 44
K 0 0 60
K 0 28 60
A D 6 8
J F 0 10881 98 2 3457 864 0
K 0 0 203
K 0 21 212
J F 0 10927 98 1 5185 864 0
K 0 0 205
J N 7 10927 -21 8 5185 0 1 9
K 0 7 45
K 0 0 43
K 0 7 45
K 1 7 45
K 25 0 44
K 0 0 60
K 0 21 60
A D 3 8
J B 45 10977 1 82 6913 864 0
J F 0 10998 98 2 1 0 0
K 0 0 203
K 0 21 201
J N 7 10998 -21 8 1 0 1 9
K 0 7 45
K 0 0 43
K 0 7 45
K 1 7 45
K 25 0 44
K 0 0 60
K 0 21 60
A D 3 8
H 9 T -21 0 0 0 0 0 1 0
J F 0 11044 98 1 1729 864 0
K 0 0 205
J N 8 11044 -14 8 1729 0 0
K 0 0 45
K 0 0 42
K -1 0 45
K 2 0 45
K 24 -6 44
K 0 0 60
K 0 21 60
A D 6 8
J F 0 11090 98 2 3457 864 0
K 0 0 214
K 0 21 201
J F 0 11136 98 1 5185 864 0
K 0 0 205
J N 7 11136 -7 4 5185 0 0
K 0 0 43
K 0 0 60
K 0 21 60
A D 2 8
J N 6 11174 -28 8 6337 576 0
K 0 14 45
K 0 0 45
K 0 0 43
K -1 0 45
K 2 0 45
K 0 0 60
K 0 7 54
A D 1 8
J B 46 11207 1 82 6913 288 0
J F 0 11232 98 2 1 0 0
K 0 0 205
K 0 21 204
J N 6 11232 -14 6 1 0 1 10
K 0 0 45
K -18 0 63
K 0 0 43
K -1 0 45
K 2 0 45
A D 1 8
J N 6 11261 -7 2 577 288 1 10
K 0 0 43
A D 1 8
J N 6 11290 0 2 1153 288 1 10
K 0 0 43
A D 1 8
H 10 B 1 0 108 3 2 1 3
J N 7 11319 -21 7 1729 288 0
K 0 7 45
K 0 0 43
K 0 7 45
K 1 7 45
K 0 0 60
K 0 21 60
A D 2 8
J F 0 11361 98 1 2881 576 0
K 0 0 205
J N 6 11361 14 4 2881 0 0
K -18 0 63
K 0 0 43
K 0 0 54
A D 1 8
J N 7 11390 7 4 3457 288 0
K 0 0 43
K 0 0 60
K 0 21 60
A D 2 8
J F 0 11428 98 1 4609 576 0
K 0 0 213
J N 6 11428 28 3 4609 0 0
K 0 0 43
K 0 0 54
A D 1 8
J F 0 11457 98 1 5185 288 0
K 0 0 203
J N 7 11457 0 4 5185 0 0
K 0 0 43
K 0 0 60
K 0 21 60
A D 2 8
J F 0 11495 98 1 6337 576 0
K 0 0 213
J N 6 11495 49 3 6337 0 0
K 0 0 43
K 0 0 53
A D 1 8
J B 47 11539 1 82 6913 288 0
J N 7 11560 28 5 1 0 0
K 0 0 43
K 24 -6 44
K 0 0 60
K 0 21 60
A D 3 8
J R 6 11606 28 2 1729 864 0
K 0 0 49
A D 1 8
J R 6 11635 28 2 2305 288 0
K 0 0 49
A D 1 8
J N 6 11664 7 3 2881 288 0
K 0 0 43
K 0 0 54
A D 1 8
J F 0 11704 98 1 3457 288 0
K 0 0 205
J N 7 11704 14 5 3457 0 0
K -18 0 63
K 0 0 43
K 0 0 60
K 0 21 60
A D 2 8
J N 6 11742 21 3 4609 576 0
K 0 0 43
K 0 0 54
A D 1 8
J N 7 11771 14 4 5185 288 0
K 0 0 43
K 0 0 60
K 0 21 60
A D 2 8
J N 6 11809 28 3 6337 576 0
K 0 0 43
K 0 0 54
A D 1 8
J B 48 11842 1 82 6913 288 0
J N 7 11863 7 4 1 0 0
K 0 0 43
K 0 0 60
K 0 21 60
A D 2 8
J N 6 11901 0 3 1153 576 0
K 0 0 43
K 0 0 54
A D 1 8
J N 7 11930 -7 4 1729 288 0
K 0 0 43
K 0 0 60
K 0 21 60
A D 2 8
J N 6 11968 7 3 2881 576 0
K 0 0 43
K 0 0 54
A D 1 8
J F 0 12008 98 1 3457 288 0
K 0 0 205
J N 7 12008 14 5 3457 0 0
K -18 0 63
K 0 0 43
K 0 0 60
K 0 21 60
A D 2 8
J N 6 12046 21 3 4609 576 0
K 0 0 43
K 0 0 54
A D 1 8
J N 7 12075 14 4 5185 288 0
K 0 0 43
K 0 0 60
K 0 21 60
A D 2 8
J N 6 12113 28 3 6337 576 0
K 0 0 43
K 0 0 54
A D 1 8
J B 49 12146 1 82 6913 288 0
J N 7 12167 7 4 1 0 0
K 0 0 43
K 0 0 60
K 0 21 60
A D 2 8
J N 6 12205 0 3 1153 576 0
K 0 0 43
K 0 0 54
A D 1 8
J N 7 12234 -7 4 1729 288 0
K 0 0 43
K 0 0 60
K 0 21 60
A D 2 8
J N 6 12272 7 3 2881 576 0
K 0 0 43
K 0 0 54
A D 1 8
J F 0 12301 98 1 3457 288 0
K 0 0 206
J N 7 12301 21 6 3457 0 0
K 0 0 43
K 25 0 44
K 0 68 108
K 0 0 60
K 0 21 60
A D 3 8
J R 6 12347 28 2 5185 864 0
K 0 0 49
A D 1 8
J R 6 12376 28 2 5761 288 0
K 0 0 49
A D 1 8
J F 0 12412 98 2 6337 288 0
K 0 0 205
K 0 21 204
J N 6 12412 14 4 6337 0 0
K -18 0 63
K 0 0 43
K 0 0 54
A D 1 8
J B 50 12445 1 82 6913 288 0
J F 0 12466 98 1 1 0 0
K 0 0 203
J N 7 12466 7 5 1 0 0
K 0 0 43
K 25 0 44
K 0 0 60
K 0 21 60
A D 3 8
J R 6 12512 28 2 1729 864 0
K 0 0 49
A D 1 8
J R 6 12541 28 2 2305 288 0
K 0 0 49
A D 1 8
J F 0 12570 98 1 2881 288 0
K 0 0 202
J N 6 12570 7 3 2881 0 0
K 0 0 43
K 0 0 54
A D 1 8
J F 0 12599 98 1 3457 288 0
K 0 0 206
J N 7 12599 35 7 3457 0 0
K 0 0 43
K 25 0 44
K 0 44 108
K 23 44 108
K 0 0 59
K 0 -21 59
A D 3 8
J R 6 12645 28 2 5185 864 0
K 0 0 49
A D 1 8
J R 6 12674 28 2 5761 288 0
K 0 0 49
A D 1 8
J F 0 12703 98 1 6337 288 0
K 0 0 205
J N 6 12703 35 3 6337 0 0
K 0 0 43
K 0 0 53
A D 1 8
J B 51 12747 1 82 6913 288 0
J F 0 12768 98 1 1 0 0
K 0 0 206
J N 7 12768 42 5 1 0 0
K 0 0 43
K 24 -6 44
K 0 0 59
K 0 -21 59
A D 3 8
J R 6 12814 28 2 1729 864 0
K 0 0 49
A D 1 8
J R 6 12843 28 2 2305 288 0
K 0 0 49
A D 1 8
J F 0 12872 98 1 2881 288 0
K 0 0 205
J N 6 12872 42 3 2881 0 0
K 0 0 43
K 0 0 53
A D 1 8
J N 7 12909 35 4 3457 288 0
K 0 0 43
K 0 0 59
K 0 -21 59
A D 2 8
J N 6 12947 56 3 4609 576 0
K 0 0 43
K 0 0 53
A D 1 8
J F 0 12981 98 1 5185 288 0
K 0 0 213
J N 7 12981 28 4 5185 0 0
K 0 0 43
K 0 0 60
K 0 21 60
A D 2 8
J N 6 13019 77 7 6337 576 0
K 1 -7 45
K 0 0 43
K 0 -7 45
K 1 -7 45
K 0 0 59
K 0 0 53
A D 1 8
J B 52 13063 1 82 6913 288 0
J N 7 13084 56 5 1 0 0
K 0 0 43
K 24 -6 44
K 0 0 59
K 0 -21 59
A D 3 8
J R 6 13130 28 2 1729 864 0
K 0 0 49
A D 1 8
J R 6 13159 28 2 2305 288 0
K 0 0 49
A D 1 8
J F 0 13188 98 1 2881 288 0
K 0 0 205
J N 6 13188 42 4 2881 0 0
K 0 0 43
K 0 44 110
K 0 0 53
A D 1 8
J N 7 13225 35 4 3457 288 0
K 0 0 43
K 0 0 59
K 0 -21 59
A D 2 8
J N 6 13263 42 3 4609 576 0
K 0 0 43
K 0 0 53
A D 1 8
J N 7 13300 35 4 5185 288 0
K 0 0 43
K 0 0 59
K 0 -21 59
A D 2 8
J N 6 13338 49 3 6337 576 0
K 0 0 43
K 0 0 53
A D 1 8
J B 53 13382 1 82 6913 288 0
J F 0 13403 98 1 1 0 0
K 0 0 205
J N 7 13403 42 4 1 0 0
K 0 0 43
K 0 0 59
K 0 -21 59
A D 2 8
J N 6 13441 49 3 1153 576 0
K 0 0 43
K 0 0 53
A D 1 8
J N 7 13478 42 4 1729 288 0
K 0 0 43
K 0 0 59
K 0 -21 59
A D 2 8
J N 6 13516 56 3 2881 576 0
K 0 0 43
K 0 0 53
A D 1 8
J N 7 13553 35 4 3457 288 0
K 0 0 43
K 0 0 59
K 0 -21 59
A D 2 8
J N 6 13591 42 3 4609 576 0
K 0 0 43
K 0 0 53
A D 1 8
J N 6 13628 35 2 5185 288 1 11
K 0 0 43
A D 1 8
J N 6 13657 42 2 5761 288 1 11
K 0 0 43
A D 1 8
J N 6 13686 49 2 6337 288 1 11
K 0 0 43
A D 1 8
H 11 B 0 0 108 3 2 1 3
J B 54 13719 1 82 6913 288 0
J F 0 13740 98 1 1 0 0
K 0 0 205
J N 7 13740 42 4 1 0 0
K 0 0 43
K 0 0 59
K 0 -21 59
A D 2 8
J N 6 13778 49 3 1153 576 0
K 0 0 43
K 0 0 53
A D 1 8
J N 7 13815 42 4 1729 288 0
K 0 0 43
K 0 0 59
K 0 -21 59
A D 2 8
J N 6 13853 56 3 2881 576 0
K 0 0 43
K 0 0 53
A D 1 8
J N 7 13890 35 4 3457 288 0
K 0 0 43
K 0 0 59
K 0 -21 59
A D 2 8
J N 6 13928 42 3 4609 576 0
K 0 0 43
K 0 0 53
A D 1 8
J N 7 13961 49 4 5185 288 0
K 0 0 43
K 0 0 59
K 0 -21 59
A D 2 8
J N 6 13999 56 3 6337 576 0
K 0 0 43
K 0 0 53
A D 1 8
J B 55 14043 1 82 6913 288 0
J F 0 14064 98 1 1 0 0
K 0 0 213
J N 7 14064 28 6 1 0 0
K 0 0 43
K 24 -6 44
K 0 67 108
K 0 0 60
K 0 21 60
A D 3 8
J N 7 14110 56 5 1729 864 0
K 0 0 43
K 24 -6 44
K 0 0 59
K 0 -21 59
A D 3 8
J F 0 14156 98 1 3457 864 0
K 0 0 203
J N 7 14156 28 5 3457 0 0
K 0 0 43
K 24 -6 44
K 0 0 60
K 0 21 60
A D 3 8
J R 6 14202 28 2 5185 864 0
K 0 0 49
A D 1 8
J R 6 14231 28 2 5761 288 0
K 0 0 49
A D 1 8
J F 0 14260 98 1 6337 288 0
K 0 0 213
J N 6 14260 77 7 6337 0 0
K 1 -7 45
K 0 0 43
K 0 -7 45
K 1 -7 45
K 0 0 59
K 0 0 53
A D 1 8
J B 56 14304 1 82 6913 288 0
J N 7 14325 56 5 1 0 0
K 0 0 43
K 24 -6 44
K 0 0 59
K 0 -21 59
A D 3 8
J R 7 14371 28 2 1729 864 0
K 0 0 48
A D 2 8
J R 6 14409 28 2 2881 576 0
K 0 0 49
A D 1 8
J F 0 14438 98 1 3457 288 0
K 0 0 213
J N 7 14438 77 10 3457 0 0
K 1 -7 45
K 0 0 43
K 0 -7 45
K 1 -7 45
K 25 0 44
K 0 29 108
K 23 29 108
K 0 0 59
K 0 -21 59
A D 3 8
J R 7 14484 28 2 5185 864 0
K 0 0 48
A D 2 8
J R 6 14522 28 2 6337 576 0
K 0 0 49
A D 1 8
J B 57 14555 1 82 6913 288 0
J N 7 14576 56 5 1 0 0
K 0 0 43
K 24 -6 44
K 0 0 59
K 0 -21 59
A D 3 8
J R 7 14622 28 2 1729 864 0
K 0 0 48
A D 2 8
J R 6 14660 28 2 2881 576 0
K 0 0 49
A D 1 8
J R 8 14689 28 3 3457 288 0
K 0 0 47
K 2 -35 101
A D 6 8
J B 0 14759 6 2 6913 1728 0
K -13 0 82
K -6 0 84
J M 0 14759 0 0 10000 0 0
