@ SOURCE: not identified 
L 0 0 14 !39Violino 2 concerto grosso
J D 4 500 -120 1 6913 0 0
W 0 0 44 III.
J D 1 75 -37 1 6913 0 0
W 0 -56 44 III.:  Violino 2 concerto grosso
J C 4 5 42 2 6913 0 0
K 0 0 33
K 0 0 34
J K -1 57 0 1 6913 0 0
K 0 28 65
J D 5 86 -42 1 6913 0 0
W 0 0 37 Adagio
J T 101 86 42 1 6913 0 0
K 0 0 37
J N 6 134 49 2 1 0 1 1
K 0 0 43
A D 1 8
J N 6 163 49 2 865 288 1 1
K 0 0 43
A D 1 8
J N 6 192 49 2 1729 288 1 1
K 0 0 43
A D 1 8
J N 6 221 49 2 2593 288 1 1
K 0 0 43
A D 1 8
H 1 B 0 0 108 4 2 1 1 3
J N 6 250 42 2 3457 288 1 2
K 0 0 43
A D 1 8
J N 6 279 42 2 4321 288 1 2
K 0 0 43
A D 1 8
J N 6 308 42 2 5185 288 1 2
K 0 0 43
A D 1 8
J N 6 337 42 2 6049 288 1 2
K 0 0 43
A D 1 8
H 2 B 0 0 108 4 2 1 1 3
J B 2 370 1 82 6913 288 0
J N 6 391 42 2 1 0 1 3
K 0 0 43
A D 1 8
J N 6 420 42 2 865 288 1 3
K 0 0 43
A D 1 8
J N 6 449 42 2 1729 288 1 3
K 0 0 43
A D 1 8
J N 6 478 42 2 2593 288 1 3
K 0 0 43
A D 1 8
H 3 B 0 0 108 4 2 1 1 3
J N 6 507 42 2 3457 288 1 4
K 0 0 43
A D 1 8
J N 6 536 49 2 4321 288 1 4
K 0 0 43
A D 1 8
J N 6 565 49 2 5185 288 1 4
K 0 0 43
A D 1 8
J N 6 594 49 2 6049 288 1 4
K 0 0 43
A D 1 8
H 4 B 0 0 108 4 2 1 1 3
J B 3 627 1 82 6913 288 0
J N 6 648 56 2 1 0 1 5
K 0 0 43
A D 1 8
J N 6 677 56 2 865 288 1 5
K 0 0 43
A D 1 8
J N 6 706 56 2 1729 288 1 5
K 0 0 43
A D 1 8
J N 6 735 56 2 2593 288 1 5
K 0 0 43
A D 1 8
H 5 B 0 0 108 4 2 1 1 3
J N 6 764 63 2 3457 288 1 6
K 0 0 43
A D 1 8
J N 6 793 63 2 4321 288 1 6
K 0 0 43
A D 1 8
J N 6 822 63 2 5185 288 1 6
K 0 0 43
A D 1 8
J N 6 851 63 2 6049 288 1 6
K 0 0 43
A D 1 8
H 6 B 0 0 108 4 2 1 1 3
J B 4 884 1 82 6913 288 0
J N 6 905 70 5 1 0 1 7
K 1 0 45
K 0 0 43
K -1 0 45
K 2 0 45
A D 1 8
J N 6 934 70 5 865 288 1 7
K 1 0 45
K 0 0 43
K -1 0 45
K 2 0 45
A D 1 8
J N 6 963 21 2 1729 288 1 7
K 0 0 43
A D 1 8
J N 6 992 21 2 2593 288 1 7
K 0 0 43
A D 1 8
H 7 B 0 0 108 4 2 1 1 3
J N 6 1021 28 2 3457 288 1 8
K 0 0 43
A D 1 8
J N 6 1050 28 2 4321 288 1 8
K 0 0 43
A D 1 8
J N 6 1079 28 2 5185 288 1 8
K 0 0 43
A D 1 8
J N 6 1108 28 2 6049 288 1 8
K 0 0 43
A D 1 8
H 8 B 1 0 108 4 2 1 1 3
J B 5 1141 1 82 6913 288 0
J N 6 1162 35 2 1 0 1 9
K 0 0 43
A D 1 8
J N 6 1191 35 2 865 288 1 9
K 0 0 43
A D 1 8
J N 6 1220 35 2 1729 288 1 9
K 0 0 43
A D 1 8
J N 6 1249 35 2 2593 288 1 9
K 0 0 43
A D 1 8
H 9 B 0 0 108 4 2 1 1 3
J N 6 1293 42 3 3457 288 1 10
K -18 0 63
K 0 0 43
A D 1 8
J N 6 1322 42 2 4321 288 1 10
K 0 0 43
A D 1 8
J N 6 1351 35 2 5185 288 1 10
K 0 0 43
A D 1 8
J N 6 1380 35 2 6049 288 1 10
K 0 0 43
A D 1 8
H 10 B 0 0 108 4 2 1 1 3
J B 6 1413 1 82 6913 288 0
J N 6 1434 35 2 1 0 1 11
K 0 0 43
A D 1 8
J N 6 1463 35 2 865 288 1 11
K 0 0 43
A D 1 8
J N 6 1492 42 2 1729 288 1 11
K 0 0 43
A D 1 8
J N 6 1521 42 2 2593 288 1 11
K 0 0 43
A D 1 8
H 11 B 0 0 108 4 2 1 1 3
J N 6 1550 42 2 3457 288 1 12
K 0 0 43
A D 1 8
J N 6 1579 42 2 4321 288 1 12
K 0 0 43
A D 1 8
J N 6 1608 49 2 5185 288 1 12
K 0 0 43
A D 1 8
J N 6 1637 49 2 6049 288 1 12
K 0 0 43
A D 1 8
H 12 B 0 0 108 4 2 1 1 3
J B 7 1670 1 82 6913 288 0
J N 6 1691 56 2 1 0 1 13
K 0 0 43
A D 1 8
J N 6 1720 56 2 865 288 1 13
K 0 0 43
A D 1 8
J N 6 1760 28 3 1729 288 1 13
K -14 0 64
K 0 0 43
A D 1 8
J N 6 1789 28 2 2593 288 1 13
K 0 0 43
A D 1 8
H 13 B 0 0 108 4 2 1 1 3
J N 6 1818 28 2 3457 288 1 14
K 0 0 43
A D 1 8
J N 6 1847 28 2 4321 288 1 14
K 0 0 43
A D 1 8
J N 6 1876 35 2 5185 288 1 14
K 0 0 43
A D 1 8
J N 6 1905 42 2 6049 288 1 14
K 0 0 43
A D 1 8
H 14 B 0 0 108 4 2 1 1 3
J B 8 1938 1 82 6913 288 0
J N 6 1965 49 3 1 0 1 15
K -18 0 63
K 0 0 43
A D 1 8
J N 6 1994 49 2 865 288 1 15
K 0 0 43
A D 1 8
J N 6 2023 35 2 1729 288 1 15
K 0 0 43
A D 1 8
J N 6 2052 35 2 2593 288 1 15
K 0 0 43
A D 1 8
H 15 B 0 0 108 4 2 1 1 3
J N 6 2081 35 2 3457 288 1 16
K 0 0 43
A D 1 8
J N 6 2110 35 2 4321 288 1 16
K 0 0 43
A D 1 8
J N 6 2139 42 2 5185 288 1 16
K 0 0 43
A D 1 8
J N 6 2179 49 3 6049 288 1 16
K -14 0 64
K 0 0 43
A D 1 8
H 16 B 0 0 108 4 2 1 1 3
J B 9 2212 1 82 6913 288 0
J N 6 2233 56 2 1 0 1 17
K 0 0 43
A D 1 8
J N 6 2262 56 2 865 288 1 17
K 0 0 43
A D 1 8
J N 6 2291 7 2 1729 288 1 17
K 0 0 43
A D 1 8
J N 6 2320 7 2 2593 288 1 17
K 0 0 43
A D 1 8
H 17 B 0 0 108 4 2 1 1 3
J N 6 2349 7 2 3457 288 1 18
K 0 0 43
A D 1 8
J N 6 2378 35 2 4321 288 1 18
K 0 0 43
A D 1 8
J N 6 2407 14 2 5185 288 1 18
K 0 0 43
A D 1 8
J N 6 2436 21 2 6049 288 1 18
K 0 0 43
A D 1 8
H 18 B 1 0 108 4 2 1 1 3
J B 10 2469 1 82 6913 288 0
J N 6 2490 28 2 1 0 1 19
K 0 0 43
A D 1 8
J N 6 2519 28 2 865 288 1 19
K 0 0 43
A D 1 8
J N 6 2548 28 2 1729 288 1 19
K 0 0 43
A D 1 8
J N 6 2577 28 2 2593 288 1 19
K 0 0 43
A D 1 8
H 19 B 1 0 108 4 2 1 1 3
J N 6 2610 70 6 3457 288 1 20
K 1 0 45
K -18 0 63
K 0 0 43
K -1 0 45
K 2 0 45
A D 1 8
J N 6 2639 70 5 4321 288 1 20
K 1 0 45
K 0 0 43
K -1 0 45
K 2 0 45
A D 1 8
J N 6 2668 35 2 5185 288 1 20
K 0 0 43
A D 1 8
J N 6 2697 35 2 6049 288 1 20
K 0 0 43
A D 1 8
H 20 B 0 0 108 4 2 1 1 3
J B 11 2730 1 82 6913 288 0
J N 7 2751 42 4 1 0 0
K 0 0 43
K 0 0 59
K 0 -21 59
A D 2 8
J N 6 2789 49 2 1729 576 1 21
K 0 0 43
A D 1 8
J N 6 2818 56 2 2593 288 1 21
K 0 0 43
A D 1 8
H 21 B 0 0 108 2 2 3
J N 7 2847 49 4 3457 288 0
K 0 0 43
K 0 0 59
K 0 -21 59
A D 2 8
J N 7 2885 56 4 5185 576 0
K 0 0 43
K 0 0 59
K 0 -21 59
A D 2 8
J B 12 2927 1 82 6913 576 0
J N 7 2948 63 4 1 0 0
K 0 0 43
K 0 0 59
K 0 -21 59
A D 2 8
J R 7 2986 28 2 1729 576 0
K 0 0 48
A D 2 8
J N 7 3024 56 4 3457 576 0
K 0 0 43
K 0 0 59
K 0 -21 59
A D 2 8
J R 7 3062 28 2 5185 576 0
K 0 0 48
A D 2 8
J B 13 3104 1 82 6913 576 0
J N 7 3125 63 4 1 0 0
K 0 0 43
K 0 0 59
K 0 -21 59
A D 2 8
J R 7 3163 28 2 1729 576 0
K 0 0 48
A D 2 8
J N 8 3202 70 8 3457 576 0
K 1 0 45
K -18 0 63
K 0 0 42
K -1 0 45
K 2 0 45
K 0 0 59
K 0 -21 59
A D 4 8
J B 0 3272 6 2 6913 1152 0
K -13 0 82
K -6 0 84
J M 0 3272 0 0 10000 0 0
