@ SOURCE: not identified 
L 0 0 14 !39Viola
J D 4 500 -120 1 6913 0 0
W 0 0 44 III.
J D 1 75 -37 1 6913 0 0
W 0 -56 44 III.:  Viola
J C 13 5 28 35 6913 0 0
J K -1 57 0 1 6913 0 0
K 0 35 65
J D 5 86 -42 1 6913 0 0
W 0 0 37 Adagio
J T 101 86 42 1 6913 0 0
K 0 0 37
J N 6 134 21 2 1 0 1 1
K 0 0 43
A D 1 8
J N 6 163 21 2 865 288 1 1
K 0 0 43
A D 1 8
J N 6 192 21 2 1729 288 1 1
K 0 0 43
A D 1 8
J N 6 221 21 2 2593 288 1 1
K 0 0 43
A D 1 8
H 1 B 1 0 108 4 2 1 1 3
J N 6 250 21 2 3457 288 1 2
K 0 0 43
A D 1 8
J N 6 279 21 2 4321 288 1 2
K 0 0 43
A D 1 8
J N 6 308 21 2 5185 288 1 2
K 0 0 43
A D 1 8
J N 6 337 21 2 6049 288 1 2
K 0 0 43
A D 1 8
H 2 B 1 0 108 4 2 1 1 3
J B 2 370 1 82 6913 288 0
J N 6 391 14 2 1 0 1 3
K 0 0 43
A D 1 8
J N 6 420 14 2 865 288 1 3
K 0 0 43
A D 1 8
J N 6 449 14 2 1729 288 1 3
K 0 0 43
A D 1 8
J N 6 478 14 2 2593 288 1 3
K 0 0 43
A D 1 8
H 3 B 1 0 108 4 2 1 1 3
J N 6 507 14 2 3457 288 1 4
K 0 0 43
A D 1 8
J N 6 536 42 2 4321 288 1 4
K 0 0 43
A D 1 8
J N 6 565 21 2 5185 288 1 4
K 0 0 43
A D 1 8
J N 6 594 21 2 6049 288 1 4
K 0 0 43
A D 1 8
H 4 B 1 0 108 4 2 1 1 3
J B 3 627 1 82 6913 288 0
J N 6 648 14 2 1 0 1 5
K 0 0 43
A D 1 8
J N 6 677 14 2 865 288 1 5
K 0 0 43
A D 1 8
J N 6 706 14 2 1729 288 1 5
K 0 0 43
A D 1 8
J N 6 735 14 2 2593 288 1 5
K 0 0 43
A D 1 8
H 5 B 1 0 108 4 2 1 1 3
J N 6 764 -7 2 3457 288 1 6
K 0 0 43
A D 1 8
J N 6 793 -7 2 4321 288 1 6
K 0 0 43
A D 1 8
J N 6 822 21 2 5185 288 1 6
K 0 0 43
A D 1 8
J N 6 851 21 2 6049 288 1 6
K 0 0 43
A D 1 8
H 6 B 1 0 108 4 2 1 1 3
J B 4 884 1 82 6913 288 0
J N 6 905 0 2 1 0 1 7
K 0 0 43
A D 1 8
J N 6 934 0 2 865 288 1 7
K 0 0 43
A D 1 8
J N 6 963 -7 2 1729 288 1 7
K 0 0 43
A D 1 8
J N 6 992 -7 2 2593 288 1 7
K 0 0 43
A D 1 8
H 7 B 1 0 108 4 2 1 1 3
J N 6 1021 21 2 3457 288 1 8
K 0 0 43
A D 1 8
J N 6 1050 21 2 4321 288 1 8
K 0 0 43
A D 1 8
J N 6 1079 28 2 5185 288 1 8
K 0 0 43
A D 1 8
J N 6 1108 28 2 6049 288 1 8
K 0 0 43
A D 1 8
H 8 B 1 0 108 4 2 1 1 3
J B 5 1141 1 82 6913 288 0
J N 6 1162 28 2 1 0 1 9
K 0 0 43
A D 1 8
J N 6 1191 28 2 865 288 1 9
K 0 0 43
A D 1 8
J N 6 1220 21 2 1729 288 1 9
K 0 0 43
A D 1 8
J N 6 1249 21 2 2593 288 1 9
K 0 0 43
A D 1 8
H 9 B 1 0 108 4 2 1 1 3
J N 6 1278 14 2 3457 288 1 10
K 0 0 43
A D 1 8
J N 6 1307 14 2 4321 288 1 10
K 0 0 43
A D 1 8
J N 6 1336 14 2 5185 288 1 10
K 0 0 43
A D 1 8
J N 6 1365 14 2 6049 288 1 10
K 0 0 43
A D 1 8
H 10 B 1 0 108 4 2 1 1 3
J B 6 1398 1 82 6913 288 0
J N 6 1419 14 2 1 0 1 11
K 0 0 43
A D 1 8
J N 6 1448 14 2 865 288 1 11
K 0 0 43
A D 1 8
J N 6 1477 14 2 1729 288 1 11
K 0 0 43
A D 1 8
J N 6 1506 14 2 2593 288 1 11
K 0 0 43
A D 1 8
H 11 B 1 0 108 4 2 1 1 3
J N 6 1535 14 2 3457 288 1 12
K 0 0 43
A D 1 8
J N 6 1564 14 2 4321 288 1 12
K 0 0 43
A D 1 8
J N 6 1593 21 2 5185 288 1 12
K 0 0 43
A D 1 8
J N 6 1622 21 2 6049 288 1 12
K 0 0 43
A D 1 8
H 12 B 1 0 108 4 2 1 1 3
J B 7 1655 1 82 6913 288 0
J N 6 1680 35 3 1 0 1 13
K -14 0 64
K 0 0 43
A D 1 8
J N 6 1709 35 2 865 288 1 13
K 0 0 43
A D 1 8
J N 6 1738 14 2 1729 288 1 13
K 0 0 43
A D 1 8
J N 6 1767 14 2 2593 288 1 13
K 0 0 43
A D 1 8
H 13 B 1 0 108 4 2 1 1 3
J N 6 1796 14 2 3457 288 1 14
K 0 0 43
A D 1 8
J N 6 1825 14 2 4321 288 1 14
K 0 0 43
A D 1 8
J N 6 1854 -7 2 5185 288 1 14
K 0 0 43
A D 1 8
J N 6 1883 -7 2 6049 288 1 14
K 0 0 43
A D 1 8
H 14 B 1 0 108 4 2 1 1 3
J B 8 1916 1 82 6913 288 0
J N 6 1937 -7 2 1 0 1 15
K 0 0 43
A D 1 8
J N 6 1966 -7 2 865 288 1 15
K 0 0 43
A D 1 8
J N 6 1995 21 2 1729 288 1 15
K 0 0 43
A D 1 8
J N 6 2024 21 2 2593 288 1 15
K 0 0 43
A D 1 8
H 15 B 1 0 108 4 2 1 1 3
J N 6 2053 21 2 3457 288 1 16
K 0 0 43
A D 1 8
J N 6 2082 21 2 4321 288 1 16
K 0 0 43
A D 1 8
J N 6 2111 0 2 5185 288 1 16
K 0 0 43
A D 1 8
J N 6 2140 0 2 6049 288 1 16
K 0 0 43
A D 1 8
H 16 B 1 0 108 4 2 1 1 3
J B 9 2173 1 82 6913 288 0
J N 6 2194 0 2 1 0 1 17
K 0 0 43
A D 1 8
J N 6 2223 0 2 865 288 1 17
K 0 0 43
A D 1 8
J N 6 2252 -7 2 1729 288 1 17
K 0 0 43
A D 1 8
J N 6 2281 -7 2 2593 288 1 17
K 0 0 43
A D 1 8
H 17 B 1 0 108 4 2 1 1 3
J N 6 2310 -7 2 3457 288 1 18
K 0 0 43
A D 1 8
J N 6 2339 -7 2 4321 288 1 18
K 0 0 43
A D 1 8
J N 6 2368 21 2 5185 288 1 18
K 0 0 43
A D 1 8
J N 6 2397 21 2 6049 288 1 18
K 0 0 43
A D 1 8
H 18 B 1 0 108 4 2 1 1 3
J B 10 2430 1 82 6913 288 0
J N 6 2451 21 2 1 0 1 19
K 0 0 43
A D 1 8
J N 6 2480 21 2 865 288 1 19
K 0 0 43
A D 1 8
J N 6 2509 21 2 1729 288 1 19
K 0 0 43
A D 1 8
J N 6 2538 0 2 2593 288 1 19
K 0 0 43
A D 1 8
H 19 B 1 0 108 4 2 1 1 3
J N 6 2567 14 2 3457 288 1 20
K 0 0 43
A D 1 8
J N 6 2596 14 2 4321 288 1 20
K 0 0 43
A D 1 8
J N 6 2625 21 2 5185 288 1 20
K 0 0 43
A D 1 8
J N 6 2654 21 2 6049 288 1 20
K 0 0 43
A D 1 8
H 20 B 1 0 108 4 2 1 1 3
J B 11 2687 1 82 6913 288 0
J N 7 2708 35 4 1 0 0
K 0 0 43
K 0 0 59
K 0 -21 59
A D 2 8
J N 7 2748 35 5 1729 576 0
K -14 0 64
K 0 0 43
K 0 0 59
K 0 -21 59
A D 2 8
J N 7 2786 42 4 3457 576 0
K 0 0 43
K 0 0 59
K 0 -21 59
A D 2 8
J N 7 2824 42 4 5185 576 0
K 0 0 43
K 0 0 59
K 0 -21 59
A D 2 8
J B 12 2866 1 82 6913 576 0
J N 7 2887 42 4 1 0 0
K 0 0 43
K 0 0 59
K 0 -21 59
A D 2 8
J R 7 2925 28 2 1729 576 0
K 0 0 48
A D 2 8
J N 7 2963 42 4 3457 576 0
K 0 0 43
K 0 0 59
K 0 -21 59
A D 2 8
J R 7 3001 28 2 5185 576 0
K 0 0 48
A D 2 8
J B 13 3043 1 82 6913 576 0
J N 7 3064 21 4 1 0 0
K 0 0 43
K 0 0 60
K 0 21 60
A D 2 8
J R 7 3102 28 2 1729 576 0
K 0 0 48
A D 2 8
J N 8 3140 14 4 3457 576 0
K 0 0 42
K 0 0 60
K 0 21 60
A D 4 8
J B 0 3210 6 2 6913 1152 0
K -13 0 82
K -6 0 84
J M 0 3210 0 0 10000 0 0
