S 0 200 140 2050 1066 7 "[...][....]"            
L 0 0 0 313 313 * 0 14 0            
J C 4 5 42 2 6913 0 0            
K 0 0 33            
K 0 0 34            
J K -1 57 0 1 6913 0 0            
K 0 28 65            
J D 0 -11 -14 1 6913 0 0            
W 0 0 37 \05\02            
J N 5 115 7 3 1 0 1 164            
K 0 0 43            
K 0 83 110            
A D 1 16            
J N 5 151 -14 5 433 144 1 164            
K 0 0 45            
K 0 0 43            
K -1 0 45            
K 2 0 45            
A D 1 16            
J N 5 187 7 2 865 144 1 164            
K 0 0 43            
A D 1 16            
J N 5 223 -14 5 1297 144 1 164            
K 0 0 45            
K 0 0 43            
K -1 0 45            
K 2 0 45            
A D 1 16            
H 164 B -53 -1 108 4 22 11 11 33            
J N 5 259 7 2 1729 144 1 165            
K 0 0 43            
A D 1 16            
J N 5 295 -14 5 2161 144 1 165            
K 0 0 45            
K 0 0 43            
K -1 0 45            
K 2 0 45            
A D 1 16            
J N 5 331 7 2 2593 144 1 165            
K 0 0 43            
A D 1 16            
J N 5 367 -14 5 3025 144 1 165            
K 0 0 45            
K 0 0 43            
K -1 0 45            
K 2 0 45            
A D 1 16            
H 165 B -53 -1 108 4 22 11 11 33            
J N 5 403 0 2 3457 144 1 166            
K 0 0 43            
A D 1 16            
J N 5 439 -14 5 3889 144 1 166            
K 0 0 45            
K 0 0 43            
K -1 0 45            
K 2 0 45            
A D 1 16            
J N 5 475 0 2 4321 144 1 166            
K 0 0 43            
A D 1 16            
J N 5 511 -14 5 4753 144 1 166            
K 0 0 45            
K 0 0 43            
K -1 0 45            
K 2 0 45            
A D 1 16            
H 166 B -46 -1 108 4 22 11 11 33            
J N 5 547 0 2 5185 144 1 167            
K 0 0 43            
A D 1 16            
J N 5 582 -14 5 5617 144 1 167            
K 0 0 45            
K 0 0 43            
K -1 0 45            
K 2 0 45            
A D 1 16            
J N 5 617 0 2 6049 144 1 167            
K 0 0 43            
A D 1 16            
J N 5 652 -14 5 6481 144 1 167            
K 0 0 45            
K 0 0 43            
K -1 0 45            
K 2 0 45            
A D 1 16            
H 167 B -46 -1 108 4 22 11 11 33            
J B 53 689 1 82 6913 144 0            
J N 5 710 0 2 1 0 1 168            
K 0 0 43            
A D 1 16            
J N 5 745 -21 5 433 144 1 168            
K 0 7 45            
K 0 0 43            
K 0 7 45            
K 1 7 45            
A D 1 16            
J N 5 780 0 2 865 144 1 168            
K 0 0 43            
A D 1 16            
J N 5 815 -21 5 1297 144 1 168            
K 0 7 45            
K 0 0 43            
K 0 7 45            
K 1 7 45            
A D 1 16            
H 168 B -46 -1 108 4 22 11 11 33            
J N 5 850 0 2 1729 144 1 169            
K 0 0 43            
A D 1 16            
J N 5 885 -21 5 2161 144 1 169            
K 0 7 45            
K 0 0 43            
K 0 7 45            
K 1 7 45            
A D 1 16            
J N 5 920 0 2 2593 144 1 169            
K 0 0 43            
A D 1 16            
J N 5 955 -21 5 3025 144 1 169            
K 0 7 45            
K 0 0 43            
K 0 7 45            
K 1 7 45            
A D 1 16            
H 169 B -46 -1 108 4 22 11 11 33            
J N 6 990 7 2 3457 144 1 170            
K 0 0 43            
A D 2 16            
J N 6 1038 21 2 4321 288 1 170            
K 0 0 43            
A D 2 16            
H 170 B -52 3 108 2 2 3            
J N 7 1086 0 4 5185 288 1 171            
K 0 0 43            
K 0 0 60            
K 0 21 60            
A D 4 16            
J B 54 1182 1 82 6913 576 0            
J N 7 1203 0 4 1 0 1 171            
K 0 0 43            
K 0 0 60            
K 0 21 60            
A D 4 16            
H 171 T 0 0 0 0 0 0 5 0            
J N 7 1271 7 4 1729 576 0            
K 0 0 43            
K 0 0 60            
K 0 21 60            
A D 4 16            
J N 8 1367 0 4 3457 576 0            
K 0 0 42            
K 0 0 60            
K 0 21 60            
A D 8 16            
J B 55 1467 1 82 6913 1152 0            
J N 5 1488 49 3 1 0 2 172 173            
K 0 0 43            
K 0 39 108            
A D 1 16            
J N 5 1523 28 2 433 144 2 173 172            
K 0 0 43            
A D 1 16            
H 172 S 12 0 0 0 0 0 0 1 0        
J N 5 1558 14 2 865 144 2 174 173            
K 0 0 43            
A D 1 16            
J N 5 1593 28 2 1297 144 2 173 174            
K 0 0 43            
A D 1 16            
H 173 B 70 -4 108 4 22 11 11 33            
H 174 S 12 0 0 0 0 0 0 0 0            
J N 5 1628 49 2 1729 144 2 175 176            
K 0 0 43            
A D 1 16            
J N 5 1663 28 2 2161 144 2 176 175            
K 0 0 43            
A D 1 16            
H 175 S 12 0 0 0 0 0 0 1 0        
J N 5 1698 14 2 2593 144 2 177 176            
K 0 0 43            
A D 1 16            
J N 5 1733 28 2 3025 144 2 176 177            
K 0 0 43            
A D 1 16            
H 176 B 70 -4 108 4 22 11 11 33            
H 177 S 12 0 0 0 0 0 0 0 0            
J N 5 1768 49 2 3457 144 2 178 179            
K 0 0 43            
A D 1 16            
J N 5 1803 35 2 3889 144 2 179 178            
K 0 0 43            
A D 1 16            
H 178 S 12 0 0 0 0 0 0 0 0            
J N 5 1838 21 2 4321 144 2 180 179            
K 0 0 43            
A D 1 16            
J N 5 1873 35 2 4753 144 2 179 180            
K 0 0 43            
A D 1 16            
H 179 B 78 -1 108 4 22 11 11 33            
H 180 S 12 0 0 0 0 0 0 -2 0        
J N 5 1908 49 2 5185 144 2 181 182            
K 0 0 43            
A D 1 16            
J N 5 1943 35 2 5617 144 2 182 181            
K 0 0 43            
A D 1 16            
H 181 S 12 0 0 0 0 0 0 0 0            
J N 5 1978 21 2 6049 144 2 183 182            
K 0 0 43            
A D 1 16            
J N 5 2013 35 2 6481 144 2 182 183            
K 0 0 43            
A D 1 16            
H 182 B 78 -1 108 4 22 11 11 33            
H 183 S 12 0 0 0 0 0 0 -2 0        
J B 56 2050 1 82 6913 144 0            
E *            
L 160 0 0 313 313 * 0 14 0            
J C 4 5 42 2 6913 0 0            
K 0 0 33            
K 0 0 34            
J K -1 57 0 1 6913 0 0            
K 0 28 65            
J D 0 -11 -14 1 6913 0 0            
W 0 0 0 \05\02            
J N 7 115 -14 8 1 0 0            
K 0 0 45            
K 0 0 43            
K -1 0 45            
K 2 0 45            
K 0 99 110            
K 0 0 60            
K 0 21 60            
A D 4 16            
J R 6 259 28 2 1729 576 0            
K 0 0 49            
A D 2 16            
J N 6 331 -14 6 2593 288 0            
K 0 0 45            
K 0 0 43            
K -1 0 45            
K 2 0 45            
K 0 0 54            
A D 2 16            
J N 6 403 -14 5 3457 288 1 71            
K 0 0 45            
K 0 0 43            
K -1 0 45            
K 2 0 45            
A D 2 16            
J N 6 475 14 2 4321 288 1 71            
K 0 0 43            
A D 2 16            
H 71 B -59 7 108 2 2 3            
J R 7 547 28 2 5185 288 0            
K 0 0 48            
A D 4 16            
J B 53 689 1 82 6913 576 0            
J N 7 710 -21 7 1 0 0            
K 0 7 45            
K 0 0 43            
K 0 7 45            
K 1 7 45            
K 0 0 60            
K 0 21 60            
A D 4 16            
J R 6 850 28 2 1729 576 0            
K 0 0 49            
A D 2 16            
J N 6 920 -21 7 2593 288 0            
K 0 7 45            
K 0 0 43            
K 0 7 45            
K 1 7 45            
K 0 0 60            
K 0 0 54            
A D 2 16            
J N 7 990 -21 7 3457 288 0            
K 0 7 45            
K 0 0 43            
K 0 7 45            
K 1 7 45            
K 0 0 60            
K 0 21 60            
A D 4 16            
J N 6 1086 -14 5 5185 576 2 72 73            
K 0 0 45            
K 0 0 43            
K -1 0 45            
K 2 0 45            
A D 2 16            
J N 6 1134 -7 2 6049 288 2 73 72            
K 0 0 43            
A D 2 16            
H 73 B -45 2 108 2 2 3            
H 72 S 0 0 0 0 0 0 0 0 0            
J B 54 1182 1 82 6913 288 0            
J N 7 1203 -14 7 1 0 0            
K 0 0 45            
K 0 0 43            
K -1 0 45            
K 2 0 45            
K 0 0 60            
K 0 21 60            
A D 4 16            
J N 7 1271 -7 4 1729 576 0            
K 0 0 43            
K 0 0 60            
K 0 21 60            
A D 4 16            
J N 8 1367 0 4 3457 576 0            
K 0 0 42            
K 0 0 60            
K 0 21 60            
A D 8 16            
J B 55 1467 1 82 6913 1152 0            
J N 7 1488 14 5 1 0 0            
K 0 0 43            
K 0 70 108            
K 0 0 60            
K 0 21 60            
A D 4 16            
J R 6 1628 28 2 1729 576 0            
K 0 0 49            
A D 2 16            
J N 6 1698 14 3 2593 288 0            
K 0 0 43            
K 0 0 54            
A D 2 16            
J N 6 1768 21 2 3457 288 1 74            
K 0 0 43            
A D 2 16            
J N 6 1838 84 6 4321 288 1 74            
K 1 -14 45            
K 1 0 45            
K 0 0 43            
K -1 0 45            
K 2 0 45            
A D 2 16            
H 74 B 41 8 108 2 2 3            
J R 7 1908 28 2 5185 288 0            
K 0 0 48            
A D 4 16            
J B 56 2050 1 82 6913 576 0            
E *            
L 320 0 0 313 313 * 0 14 0            
J C 22 5 14 36 6913 0 0            
J K -1 57 0 1 6913 0 0            
K 0 42 65            
J D 0 -11 -14 1 6913 0 0            
W 0 0 0 \05\02            
J R 6 115 28 2 1 0 0            
K 0 0 49            
A D 1 8            
J N 6 187 0 3 865 288 1 74            
K 0 0 43            
K 0 85 110            
A D 1 8            
J N 6 259 -14 6 1729 288 1 74            
K 0 0 45            
K -18 0 63            
K 0 0 43            
K -1 0 45            
K 2 0 45            
A D 1 8            
J N 6 331 0 2 2593 288 1 74            
K 0 0 43            
A D 1 8            
H 74 B -46 0 108 3 2 1 3            
J R 6 403 28 2 3457 288 0            
K 0 0 49            
A D 1 8            
J N 6 475 -21 5 4321 288 1 75            
K 0 7 45            
K 0 0 43            
K 0 7 45            
K 1 7 45            
A D 1 8            
J N 6 547 -35 6 5185 288 1 75            
K 0 21 45            
K 0 7 45            
K 0 0 43            
K 0 7 45            
K 1 7 45            
A D 1 8            
J N 6 617 -21 5 6049 288 1 75            
K 0 7 45            
K 0 0 43            
K 0 7 45            
K 1 7 45            
A D 1 8            
H 75 B -49 0 108 3 2 1 3            
J B 53 689 1 82 6913 288 0            
J R 6 710 28 2 1 0 0            
K 0 0 49            
A D 1 8            
J N 6 780 -7 2 865 288 1 76            
K 0 0 43            
A D 1 8            
J N 6 850 -21 5 1729 288 1 76            
K 0 7 45            
K 0 0 43            
K 0 7 45            
K 1 7 45            
A D 1 8            
J N 6 920 -7 2 2593 288 1 76            
K 0 0 43            
A D 1 8            
H 76 B -49 0 108 3 2 1 3            
J F 0 990 98 1 3457 288 0            
K 0 0 206            
J N 6 990 -14 5 3457 0 1 77            
K 0 0 45            
K 0 0 43            
K -1 0 45            
K 2 0 45            
A D 1 8            
J N 6 1038 21 2 4321 288 1 77            
K 0 0 43            
A D 1 8            
J N 6 1086 14 2 5185 288 1 77            
K 0 0 43            
A D 1 8            
J F 0 1134 116 2 6049 288 0            
K 0 0 205            
K 0 21 204            
J N 6 1134 42 2 6049 0 1 77            
K 0 0 43            
A D 1 8            
H 77 B -74 5 108 4 2 1 1 3            
J B 54 1182 1 82 6913 288 0            
J F 0 1203 116 2 1 0 0            
K 0 0 205            
K 0 21 203            
J N 7 1203 35 4 1 0 0            
K 0 0 43            
K 0 0 59            
K 0 -21 59            
A D 2 8            
J F 0 1271 116 2 1729 576 0            
K 0 0 204            
K 0 21 202            
J N 7 1271 84 8 1729 0 0            
K 1 -14 45            
K 1 0 45            
K 0 0 43            
K -1 0 45            
K 2 0 45            
K 0 0 59            
K 0 -28 59            
A D 2 8            
J N 8 1367 63 4 3457 576 0            
K 0 0 42            
K 0 0 59            
K 0 -21 59            
A D 4 8            
J B 55 1467 1 82 6913 1152 0            
J R 6 1488 28 2 1 0 0            
K 0 0 49            
A D 1 8            
J N 6 1558 -7 3 865 288 1 78            
K 0 0 43            
K 0 86 108            
A D 1 8            
J N 6 1628 -21 5 1729 288 1 78            
K 0 7 45            
K 0 0 43            
K 0 7 45            
K 1 7 45            
A D 1 8            
J N 6 1698 -7 2 2593 288 1 78            
K 0 0 43            
A D 1 8            
H 78 B -49 0 108 3 2 1 3            
J R 6 1768 28 2 3457 288 0            
K 0 0 49            
A D 1 8            
J N 6 1838 14 2 4321 288 1 79            
K 0 0 43            
A D 1 8            
J N 6 1908 0 2 5185 288 1 79            
K 0 0 43            
A D 1 8            
J N 6 1978 14 2 6049 288 1 79            
K 0 0 43            
A D 1 8            
H 79 B -46 0 108 3 2 1 3            
J B 56 2050 1 82 6913 288 0            
E *            
L 530 0 0 313 313 * 0 14 0            
J C 4 5 42 2 6913 0 0            
K 0 0 33            
K 0 0 34            
J K -1 57 0 1 6913 0 0            
K 0 28 65            
J D 0 -11 -14 1 6913 0 0            
W 0 0 0 \05\02            
J N 5 115 7 3 1 0 1 139            
K 0 0 43            
K 0 83 110            
A D 1 16            
J N 5 151 -14 5 433 144 1 139            
K 0 0 45            
K 0 0 43            
K -1 0 45            
K 2 0 45            
A D 1 16            
J N 5 187 7 2 865 144 1 139            
K 0 0 43            
A D 1 16            
J N 5 223 -14 5 1297 144 1 139            
K 0 0 45            
K 0 0 43            
K -1 0 45            
K 2 0 45            
A D 1 16            
H 139 B -53 -1 108 4 22 11 11 33            
J N 5 259 7 2 1729 144 1 140            
K 0 0 43            
A D 1 16            
J N 5 295 -14 5 2161 144 1 140            
K 0 0 45            
K 0 0 43            
K -1 0 45            
K 2 0 45            
A D 1 16            
J N 5 331 7 2 2593 144 1 140            
K 0 0 43            
A D 1 16            
J N 5 367 -14 5 3025 144 1 140            
K 0 0 45            
K 0 0 43            
K -1 0 45            
K 2 0 45            
A D 1 16            
H 140 B -53 -1 108 4 22 11 11 33            
J N 5 403 0 2 3457 144 1 141            
K 0 0 43            
A D 1 16            
J N 5 439 -14 5 3889 144 1 141            
K 0 0 45            
K 0 0 43            
K -1 0 45            
K 2 0 45            
A D 1 16            
J N 5 475 0 2 4321 144 1 141            
K 0 0 43            
A D 1 16            
J N 5 511 -14 5 4753 144 1 141            
K 0 0 45            
K 0 0 43            
K -1 0 45            
K 2 0 45            
A D 1 16            
H 141 B -46 -1 108 4 22 11 11 33            
J N 5 547 0 2 5185 144 1 142            
K 0 0 43            
A D 1 16            
J N 5 582 -14 5 5617 144 1 142            
K 0 0 45            
K 0 0 43            
K -1 0 45            
K 2 0 45            
A D 1 16            
J N 5 617 0 2 6049 144 1 142            
K 0 0 43            
A D 1 16            
J N 5 652 -14 5 6481 144 1 142            
K 0 0 45            
K 0 0 43            
K -1 0 45            
K 2 0 45            
A D 1 16            
H 142 B -46 -1 108 4 22 11 11 33            
J B 53 689 1 82 6913 144 0            
J N 5 710 0 2 1 0 1 143            
K 0 0 43            
A D 1 16            
J N 5 745 -21 5 433 144 1 143            
K 0 7 45            
K 0 0 43            
K 0 7 45            
K 1 7 45            
A D 1 16            
J N 5 780 0 2 865 144 1 143            
K 0 0 43            
A D 1 16            
J N 5 815 -21 5 1297 144 1 143            
K 0 7 45            
K 0 0 43            
K 0 7 45            
K 1 7 45            
A D 1 16            
H 143 B -46 -1 108 4 22 11 11 33            
J N 5 850 0 2 1729 144 1 144            
K 0 0 43            
A D 1 16            
J N 5 885 -21 5 2161 144 1 144            
K 0 7 45            
K 0 0 43            
K 0 7 45            
K 1 7 45            
A D 1 16            
J N 5 920 0 2 2593 144 1 144            
K 0 0 43            
A D 1 16            
J N 5 955 -21 5 3025 144 1 144            
K 0 7 45            
K 0 0 43            
K 0 7 45            
K 1 7 45            
A D 1 16            
H 144 B -46 -1 108 4 22 11 11 33            
J N 6 990 7 2 3457 144 1 145            
K 0 0 43            
A D 2 16            
J N 6 1038 21 2 4321 288 1 145            
K 0 0 43            
A D 2 16            
H 145 B -52 3 108 2 2 3            
J N 7 1086 0 4 5185 288 1 146            
K 0 0 43            
K 0 0 60            
K 0 21 60            
A D 4 16            
J B 54 1182 1 82 6913 576 0            
J N 7 1203 0 4 1 0 1 146            
K 0 0 43            
K 0 0 60            
K 0 21 60            
A D 4 16            
H 146 T 0 0 0 0 0 0 5 0            
J N 7 1271 7 4 1729 576 0            
K 0 0 43            
K 0 0 60            
K 0 21 60            
A D 4 16            
J N 8 1367 0 4 3457 576 0            
K 0 0 42            
K 0 0 60            
K 0 21 60            
A D 8 16            
J B 55 1467 1 82 6913 1152 0            
J N 5 1488 49 3 1 0 2 147 148            
K 0 0 43            
K 0 39 108            
A D 1 16            
J N 5 1523 28 2 433 144 2 148 147            
K 0 0 43            
A D 1 16            
H 147 S 12 0 0 0 0 0 0 1 0    
J N 5 1558 14 2 865 144 2 149 148            
K 0 0 43            
A D 1 16            
J N 5 1593 28 2 1297 144 2 148 149            
K 0 0 43            
A D 1 16            
H 148 B 70 -4 108 4 22 11 11 33            
H 149 S 12 0 0 0 0 0 0 0 0            
J N 5 1628 49 2 1729 144 2 150 151            
K 0 0 43            
A D 1 16            
J N 5 1663 28 2 2161 144 2 151 150            
K 0 0 43            
A D 1 16            
H 150 S 12 0 0 0 0 0 0 1 0    
J N 5 1698 14 2 2593 144 2 152 151            
K 0 0 43            
A D 1 16            
J N 5 1733 28 2 3025 144 2 151 152            
K 0 0 43            
A D 1 16            
H 151 B 70 -4 108 4 22 11 11 33            
H 152 S 12 0 0 0 0 0 0 0 0            
J N 5 1768 49 2 3457 144 2 153 154            
K 0 0 43            
A D 1 16            
J N 5 1803 35 2 3889 144 2 154 153            
K 0 0 43            
A D 1 16            
H 153 S 12 0 0 0 0 0 0 0 0            
J N 5 1838 21 2 4321 144 2 155 154            
K 0 0 43            
A D 1 16            
J N 5 1873 35 2 4753 144 2 154 155            
K 0 0 43            
A D 1 16            
H 154 B 78 -1 108 4 22 11 11 33            
H 155 S 12 0 0 0 0 0 0 -2 0    
J N 5 1908 49 2 5185 144 2 156 157            
K 0 0 43            
A D 1 16            
J N 5 1943 35 2 5617 144 2 157 156            
K 0 0 43            
A D 1 16            
H 156 S 12 0 0 0 0 0 0 0 0            
J N 5 1978 21 2 6049 144 2 158 157            
K 0 0 43            
A D 1 16            
J N 5 2013 35 2 6481 144 2 157 158            
K 0 0 43            
A D 1 16            
H 157 B 78 -1 108 4 22 11 11 33            
H 158 S 12 0 0 0 0 0 0 -2 0    
J B 56 2050 1 82 6913 144 0            
E *            
L 690 0 0 313 313 * 0 14 0            
J C 4 5 42 2 6913 0 0            
K 0 0 33            
K 0 0 34            
J K -1 57 0 1 6913 0 0            
K 0 28 65            
J D 0 -11 -14 1 6913 0 0            
W 0 0 0 \05\02            
J N 7 115 -14 8 1 0 0            
K 0 0 45            
K 0 0 43            
K -1 0 45            
K 2 0 45            
K 0 99 110            
K 0 0 60            
K 0 21 60            
A D 4 16            
J R 6 259 28 2 1729 576 0            
K 0 0 49            
A D 2 16            
J N 6 331 -14 6 2593 288 0            
K 0 0 45            
K 0 0 43            
K -1 0 45            
K 2 0 45            
K 0 0 54            
A D 2 16            
J N 6 403 -14 5 3457 288 1 54            
K 0 0 45            
K 0 0 43            
K -1 0 45            
K 2 0 45            
A D 2 16            
J N 6 475 14 2 4321 288 1 54            
K 0 0 43            
A D 2 16            
H 54 B -59 7 108 2 2 3            
J R 7 547 28 2 5185 288 0            
K 0 0 48            
A D 4 16            
J B 53 689 1 82 6913 576 0            
J N 7 710 -21 7 1 0 0            
K 0 7 45            
K 0 0 43            
K 0 7 45            
K 1 7 45            
K 0 0 60            
K 0 21 60            
A D 4 16            
J R 6 850 28 2 1729 576 0            
K 0 0 49            
A D 2 16            
J N 6 920 -21 7 2593 288 0            
K 0 7 45            
K 0 0 43            
K 0 7 45            
K 1 7 45            
K 0 0 60            
K 0 0 54            
A D 2 16            
J N 7 990 -21 7 3457 288 0            
K 0 7 45            
K 0 0 43            
K 0 7 45            
K 1 7 45            
K 0 0 60            
K 0 21 60            
A D 4 16            
J N 6 1086 -14 5 5185 576 2 55 56            
K 0 0 45            
K 0 0 43            
K -1 0 45            
K 2 0 45            
A D 2 16            
J N 6 1134 -7 2 6049 288 2 56 55            
K 0 0 43            
A D 2 16            
H 56 B -45 2 108 2 2 3            
H 55 S 0 0 0 0 0 0 0 0 0            
J B 54 1182 1 82 6913 288 0            
J N 7 1203 -14 7 1 0 0            
K 0 0 45            
K 0 0 43            
K -1 0 45            
K 2 0 45            
K 0 0 60            
K 0 21 60            
A D 4 16            
J N 7 1271 -7 4 1729 576 0            
K 0 0 43            
K 0 0 60            
K 0 21 60            
A D 4 16            
J N 8 1367 0 4 3457 576 0            
K 0 0 42            
K 0 0 60            
K 0 21 60            
A D 8 16            
J B 55 1467 1 82 6913 1152 0            
J N 7 1488 14 5 1 0 0            
K 0 0 43            
K 0 70 108            
K 0 0 60            
K 0 21 60            
A D 4 16            
J R 6 1628 28 2 1729 576 0            
K 0 0 49            
A D 2 16            
J N 6 1698 14 3 2593 288 0            
K 0 0 43            
K 0 0 54            
A D 2 16            
J N 6 1768 21 2 3457 288 1 57            
K 0 0 43            
A D 2 16            
J N 6 1838 84 6 4321 288 1 57            
K 1 -14 45            
K 1 0 45            
K 0 0 43            
K -1 0 45            
K 2 0 45            
A D 2 16            
H 57 B 41 8 108 2 2 3            
J R 7 1908 28 2 5185 288 0            
K 0 0 48            
A D 4 16            
J B 56 2050 1 82 6913 576 0            
E *            
L 850 0 0 313 313 * 0 14 0            
J C 13 5 28 35 6913 0 0            
J K -1 57 0 1 6913 0 0            
K 0 35 65            
J D 0 -11 -14 1 6913 0 0            
W 0 0 0 \05\02            
J R 7 115 28 2 1 0 0            
K 0 0 48            
A D 2 8            
J N 7 259 -7 5 1729 576 0            
K 0 0 43            
K 0 92 110            
K 0 0 60            
K 0 21 60            
A D 2 8            
J R 7 403 28 2 3457 576 0            
K 0 0 48            
A D 2 8            
J N 7 547 21 4 5185 576 0            
K 0 0 43            
K 0 0 60            
K 0 21 60            
A D 2 8            
J B 53 689 1 82 6913 576 0            
J R 7 710 28 2 1 0 0            
K 0 0 48            
A D 2 8            
J N 7 850 -14 7 1729 576 0            
K 0 0 45            
K 0 0 43            
K -1 0 45            
K 2 0 45            
K 0 0 60            
K 0 21 60            
A D 2 8            
J N 7 990 0 4 3457 576 0            
K 0 0 43            
K 0 0 60            
K 0 21 60            
A D 2 8            
J N 6 1086 7 2 5185 576 2 11 12            
K 0 0 43            
A D 1 8            
J N 6 1134 21 2 6049 288 2 12 11            
K 0 0 43            
A D 1 8            
H 12 B -52 3 108 2 2 3            
H 11 S 0 0 0 0 0 0 0 0 0            
J B 54 1182 1 82 6913 288 0            
J N 7 1203 28 5 1 0 0            
K 0 0 43            
K 24 -6 44            
K 0 0 60            
K 0 21 60            
A D 3 8            
J N 6 1319 28 3 2593 864 0            
K 0 0 43            
K 0 0 54            
A D 1 8            
J N 8 1367 42 4 3457 288 0            
K 0 0 42            
K 0 0 59            
K 0 -21 59            
A D 4 8            
J B 55 1467 1 82 6913 1152 0            
J R 7 1488 28 2 1 0 0            
K 0 0 48            
A D 2 8            
J N 7 1628 -14 8 1729 576 0            
K 0 0 45            
K 0 0 43            
K -1 0 45            
K 2 0 45            
K 0 93 108            
K 0 0 60            
K 0 21 60            
A D 2 8            
J R 7 1768 28 2 3457 576 0            
K 0 0 48            
A D 2 8            
J N 7 1908 7 4 5185 576 0            
K 0 0 43            
K 0 0 60            
K 0 21 60            
A D 2 8            
J B 56 2050 1 82 6913 576 0            
E *            
L 1010 0 0 313 313 * 0 14 0            
J C 22 5 14 36 6913 0 0            
J K -1 57 0 1 6913 0 0            
K 0 42 65            
J D 0 -11 -14 1 6913 0 0            
W 0 0 0 \05\02            
J F 0 115 98 1 1 0 0            
K 0 18 205            
J N 7 115 35 6 1 0 0            
K -18 0 63            
K 0 0 43            
K 0 51 110            
K 0 0 59            
K 0 -21 59            
A D 2 8            
J R 7 259 28 2 1729 576 0            
K 0 0 48            
A D 2 8            
J N 7 403 28 4 3457 576 0            
K 0 0 43            
K 0 0 60            
K 0 21 60            
A D 2 8            
J R 7 547 28 2 5185 576 0            
K 0 0 48            
A D 2 8            
J B 53 689 1 82 6913 576 0            
J N 7 710 42 4 1 0 0            
K 0 0 43            
K 0 0 59            
K 0 -21 59            
A D 2 8            
J R 6 850 28 2 1729 576 0            
K 0 0 49            
A D 1 8            
J N 6 920 -7 3 2593 288 0            
K 0 0 43            
K 0 0 54            
A D 1 8            
J F 0 990 98 1 3457 288 0            
K 0 0 206            
J N 6 990 -14 5 3457 0 1 6            
K 0 0 45            
K 0 0 43            
K -1 0 45            
K 2 0 45            
A D 1 8            
J N 6 1038 21 2 4321 288 1 6            
K 0 0 43            
A D 1 8            
J N 6 1086 14 2 5185 288 1 6            
K 0 0 43            
A D 1 8            
J F 0 1134 116 2 6049 288 0            
K 0 0 205            
K 0 21 204            
J N 6 1134 42 2 6049 0 1 6            
K 0 0 43            
A D 1 8            
H 6 B -74 5 108 4 2 1 1 3            
J B 54 1182 1 82 6913 288 0            
J F 0 1203 116 2 1 0 0            
K 0 0 205            
K 0 21 203            
J N 7 1203 35 4 1 0 0            
K 0 0 43            
K 0 0 59            
K 0 -21 59            
A D 2 8            
J F 0 1271 116 2 1729 576 0            
K 0 0 204            
K 0 21 202            
J N 7 1271 84 8 1729 0 0            
K 1 -14 45            
K 1 0 45            
K 0 0 43            
K -1 0 45            
K 2 0 45            
K 0 0 59            
K 0 -28 59            
A D 2 8            
J N 8 1367 63 4 3457 576 0            
K 0 0 42            
K 0 0 59            
K 0 -21 59            
A D 4 8            
J B 55 1467 1 82 6913 1152 0            
J N 7 1488 42 5 1 0 0            
K 0 0 43            
K 0 37 108            
K 0 0 59            
K 0 -21 59            
A D 2 8            
J R 7 1628 28 2 1729 576 0            
K 0 0 48            
A D 2 8            
J F 0 1768 98 1 3457 576 0            
K 0 0 205            
J N 7 1768 49 4 3457 0 0            
K 0 0 43            
K 0 0 59            
K 0 -21 59            
A D 2 8            
J R 7 1908 28 2 5185 576 0            
K 0 0 48            
A D 2 8            
J B 56 2050 1 82 6913 576 0            
E *            
B 1 689 0            
B 1 1182 0            
B 1 1467 0            
B 1 2050 0            
S 0 200 1510 2050 1066 7 "[...][....]"            
L 0 0 0 313 313 * 0 14 0            
J C 4 5 42 2 6913 0 0            
K 0 0 33            
K 0 0 34            
J K -1 57 0 1 6913 0 0            
K 0 28 65            
J D 0 -11 -14 1 6913 0 0            
W 0 0 37 \05\06            
J N 5 113 49 2 1 0 2 184 185            
K 0 0 43            
A D 1 16            
J N 5 148 28 2 433 144 2 185 184            
K 0 0 43            
A D 1 16            
H 184 S 12 0 0 0 0 0 0 1 0    
J N 5 183 14 2 865 144 2 186 185            
K 0 0 43            
A D 1 16            
J N 5 218 28 2 1297 144 2 185 186            
K 0 0 43            
A D 1 16            
H 185 B 70 -4 108 4 22 11 11 33            
H 186 S 12 0 0 0 0 0 0 0 0            
J N 5 253 49 2 1729 144 2 187 188            
K 0 0 43            
A D 1 16            
J N 5 288 28 2 2161 144 2 188 187            
K 0 0 43            
A D 1 16            
H 187 S 12 0 0 0 0 0 0 1 0    
J N 5 323 14 2 2593 144 2 189 188            
K 0 0 43            
A D 1 16            
J N 5 358 28 2 3025 144 2 188 189            
K 0 0 43            
A D 1 16            
H 188 B 70 -4 108 4 22 11 11 33            
H 189 S 12 0 0 0 0 0 0 0 0            
J N 5 393 49 2 3457 144 2 190 191            
K 0 0 43            
A D 1 16            
J N 5 428 35 2 3889 144 2 191 190            
K 0 0 43            
A D 1 16            
H 190 S 12 0 0 0 0 0 0 0 0            
J N 5 463 21 2 4321 144 2 192 191            
K 0 0 43            
A D 1 16            
J N 5 498 35 2 4753 144 2 191 192            
K 0 0 43            
A D 1 16            
H 191 B 78 -1 108 4 22 11 11 33            
H 192 S 12 0 0 0 0 0 0 -2 0    
J N 5 533 49 2 5185 144 2 193 194            
K 0 0 43            
A D 1 16            
J N 5 568 35 2 5617 144 2 194 193            
K 0 0 43            
A D 1 16            
H 193 S 12 0 0 0 0 0 0 0 0            
J N 5 603 21 2 6049 144 2 195 194            
K 0 0 43            
A D 1 16            
J N 5 638 35 2 6481 144 2 194 195            
K 0 0 43            
A D 1 16            
H 194 B 78 -1 108 4 22 11 11 33            
H 195 S 12 0 0 0 0 0 0 -2 0    
J B 57 675 1 82 6913 144 0            
J N 6 696 14 3 1 0 1 196            
K 0 0 43            
K 0 71 110            
A D 2 16            
J N 6 744 49 2 865 288 1 196            
K 0 0 43            
A D 2 16            
H 196 B 42 14 108 2 2 3            
J N 8 792 28 4 1729 288 0            
K 0 0 42            
K 0 0 60            
K 0 21 60            
A D 8 16            
J N 6 984 35 2 5185 1152 2 197 198            
K 0 0 43            
A D 2 16            
J N 6 1032 42 2 6049 288 2 198 197            
K 0 0 43            
A D 2 16            
H 198 B 42 2 108 2 2 3            
H 197 S 12 0 0 0 0 0 0 0 0            
J B 58 1080 1 82 6913 288 0            
J N 7 1101 35 4 1 0 0            
K 0 0 43            
K 0 0 59            
K 0 -21 59            
A D 4 16            
J N 7 1169 42 4 1729 576 0            
K 0 0 43            
K 0 0 59            
K 0 -21 59            
A D 4 16            
J N 8 1265 49 4 3457 576 0            
K 0 0 42            
K 0 0 59            
K 0 -21 59            
A D 8 16            
J B 59 1367 1 82 6913 1152 0            
J N 7 1388 14 5 1 0 0            
K 0 0 43            
K 0 70 108            
K 0 0 60            
K 0 21 60            
A D 4 16            
J R 6 1484 28 2 1729 576 0            
K 0 0 49            
A D 2 16            
J N 6 1532 63 3 2593 288 0            
K 0 0 43            
K 0 0 53            
A D 2 16            
J N 6 1579 56 2 3457 288 1 199            
K 0 0 43            
A D 2 16            
J N 6 1626 70 5 4321 288 1 199            
K 1 0 45            
K 0 0 43            
K -1 0 45            
K 2 0 45            
A D 2 16            
H 199 B 47 3 108 2 2 3            
J N 7 1673 49 4 5185 288 1 200            
K 0 0 43            
K 0 0 59            
K 0 -21 59            
A D 4 16            
J B 60 1767 1 82 6913 576 0            
J N 7 1788 49 4 1 0 1 200            
K 0 0 43            
K 0 0 59            
K 0 -21 59            
A D 4 16            
H 200 T 49 0 0 0 0 0 9 0            
J N 7 1855 56 4 1729 576 0            
K 0 0 43            
K 0 0 59            
K 0 -21 59            
A D 4 16            
J N 8 1949 49 4 3457 576 0            
K 0 0 42            
K 0 0 59            
K 0 -21 59            
A D 8 16            
J B 0 2050 6 2 6913 1152 0            
K -13 0 82            
K -6 0 84            
E *            
L 160 0 0 313 313 * 0 14 0            
J C 4 5 42 2 6913 0 0            
K 0 0 33            
K 0 0 34            
J K -1 57 0 1 6913 0 0            
K 0 28 65            
J D 0 -11 -14 1 6913 0 0            
W 0 0 0 \05\06            
J N 7 113 14 4 1 0 0            
K 0 0 43            
K 0 0 60            
K 0 21 60            
A D 4 16            
J R 6 253 28 2 1729 576 0            
K 0 0 49            
A D 2 16            
J N 6 323 14 3 2593 288 0            
K 0 0 43            
K 0 0 54            
A D 2 16            
J N 6 393 21 2 3457 288 1 75            
K 0 0 43            
A D 2 16            
J N 6 463 84 6 4321 288 1 75            
K 1 -14 45            
K 1 0 45            
K 0 0 43            
K -1 0 45            
K 2 0 45            
A D 2 16            
H 75 B 41 8 108 2 2 3            
J R 7 533 28 2 5185 288 0            
K 0 0 48            
A D 4 16            
J B 57 675 1 82 6913 576 0            
J N 7 696 14 5 1 0 0            
K 0 0 43            
K 0 77 110            
K 0 0 60            
K 0 21 60            
A D 4 16            
J R 6 792 28 2 1729 576 0            
K 0 0 49            
A D 2 16            
J N 6 840 -7 3 2593 288 0            
K 0 0 43            
K 0 0 54            
A D 2 16            
J N 6 888 7 2 3457 288 1 76            
K 0 0 43            
A D 2 16            
J N 6 936 21 2 4321 288 1 76            
K 0 0 43            
A D 2 16            
H 76 B -52 3 108 2 2 3            
J N 7 984 0 4 5185 288 1 77            
K 0 0 43            
K 0 0 60            
K 0 21 60            
A D 4 16            
J B 58 1080 1 82 6913 576 0            
J N 7 1101 0 4 1 0 1 77            
K 0 0 43            
K 0 0 60            
K 0 21 60            
A D 4 16            
H 77 T 0 0 0 0 0 0 5 0            
J N 7 1169 7 4 1729 576 0            
K 0 0 43            
K 0 0 60            
K 0 21 60            
A D 4 16            
J N 8 1265 0 4 3457 576 0            
K 0 0 42            
K 0 0 60            
K 0 21 60            
A D 8 16            
J B 59 1367 1 82 6913 1152 0            
J N 6 1388 0 3 1 0 1 78            
K 0 0 43            
K 0 98 108            
A D 2 16            
J N 6 1436 49 2 865 288 1 78            
K 0 0 43            
A D 2 16            
H 78 B -69 14 108 2 2 3            
J N 8 1484 28 4 1729 288 0            
K 0 0 42            
K 0 0 60            
K 0 21 60            
A D 8 16            
J N 6 1673 35 2 5185 1152 1 79            
K 0 0 43            
A D 2 16            
J N 6 1720 42 2 6049 288 1 79            
K 0 0 43            
A D 2 16            
H 79 B 42 2 108 2 2 3            
J B 60 1767 1 82 6913 288 0            
J N 7 1788 35 4 1 0 0            
K 0 0 43            
K 0 0 59            
K 0 -21 59            
A D 4 16            
J N 7 1855 42 4 1729 576 0            
K 0 0 43            
K 0 0 59            
K 0 -21 59            
A D 4 16            
J N 8 1949 49 4 3457 576 0            
K 0 0 42            
K 0 0 59            
K 0 -21 59            
A D 8 16            
J B 0 2050 6 2 6913 1152 0            
K -13 0 82            
K -6 0 84            
E *            
L 320 0 0 313 313 * 0 14 0            
J C 22 5 14 36 6913 0 0            
J K -1 57 0 1 6913 0 0            
K 0 42 65            
J D 0 -11 -14 1 6913 0 0            
W 0 0 0 \05\06            
J R 6 113 28 2 1 0 0            
K 0 0 49            
A D 1 8            
J N 6 183 -7 2 865 288 1 80            
K 0 0 43            
A D 1 8            
J N 6 253 -21 5 1729 288 1 80            
K 0 7 45            
K 0 0 43            
K 0 7 45            
K 1 7 45            
A D 1 8            
J N 6 323 -7 2 2593 288 1 80            
K 0 0 43            
A D 1 8            
H 80 B -49 0 108 3 2 1 3            
J R 6 393 28 2 3457 288 0            
K 0 0 49            
A D 1 8            
J N 6 463 14 2 4321 288 1 81            
K 0 0 43            
A D 1 8            
J N 6 533 0 2 5185 288 1 81            
K 0 0 43            
A D 1 8            
J N 6 603 14 2 6049 288 1 81            
K 0 0 43            
A D 1 8            
H 81 B -46 0 108 3 2 1 3            
J B 57 675 1 82 6913 288 0            
J R 6 696 28 2 1 0 0            
K 0 0 49            
A D 1 8            
J N 6 744 -7 3 865 288 1 82            
K 0 0 43            
K 0 92 110            
A D 1 8            
J N 6 792 -21 5 1729 288 1 82            
K 0 7 45            
K 0 0 43            
K 0 7 45            
K 1 7 45            
A D 1 8            
J N 6 840 -7 2 2593 288 1 82            
K 0 0 43            
A D 1 8            
H 82 B -49 0 108 3 2 1 3            
J F 0 888 98 1 3457 288 0            
K 0 0 206            
J N 6 888 -14 5 3457 0 1 83            
K 0 0 45            
K 0 0 43            
K -1 0 45            
K 2 0 45            
A D 1 8            
J N 6 936 21 2 4321 288 1 83            
K 0 0 43            
A D 1 8            
J N 6 984 14 2 5185 288 1 83            
K 0 0 43            
A D 1 8            
J F 0 1032 116 2 6049 288 0            
K 0 0 205            
K 0 21 204            
J N 6 1032 42 2 6049 0 1 83            
K 0 0 43            
A D 1 8            
H 83 B -74 5 108 4 2 1 1 3            
J B 58 1080 1 82 6913 288 0            
J F 0 1101 116 2 1 0 0            
K 0 0 205            
K 0 21 203            
J N 7 1101 35 4 1 0 0            
K 0 0 43            
K 0 0 59            
K 0 -21 59            
A D 2 8            
J F 0 1169 116 2 1729 576 0            
K 0 0 204            
K 0 21 202            
J N 7 1169 84 8 1729 0 0            
K 1 -14 45            
K 1 0 45            
K 0 0 43            
K -1 0 45            
K 2 0 45            
K 0 0 59            
K 0 -28 59            
A D 2 8            
J N 8 1265 63 4 3457 576 0            
K 0 0 42            
K 0 0 59            
K 0 -21 59            
A D 4 8            
J B 59 1367 1 82 6913 1152 0            
J N 6 1388 -7 3 1 0 1 84            
K 0 0 43            
K 0 103 108            
A D 1 8            
J N 6 1436 42 2 865 288 1 84            
K 0 0 43            
A D 1 8            
J N 6 1484 28 2 1729 288 1 84            
K 0 0 43            
A D 1 8            
J N 6 1532 42 2 2593 288 1 84            
K 0 0 43            
A D 1 8            
H 84 B -80 3 108 4 2 1 1 3            
J F 0 1579 116 1 3457 288 0            
K 0 0 206            
J N 6 1579 35 2 3457 0 1 85            
K 0 0 43            
A D 1 8            
J N 6 1626 21 2 4321 288 1 85            
K 0 0 43            
A D 1 8            
J N 6 1673 14 2 5185 288 1 85            
K 0 0 43            
A D 1 8            
J F 0 1720 116 2 6049 288 0            
K 0 0 205            
K 0 21 204            
J N 6 1720 42 2 6049 0 1 85            
K 0 0 43            
A D 1 8            
H 85 B -49 0 108 4 2 1 1 3            
J B 60 1767 1 82 6913 288 0            
J F 0 1788 116 2 1 0 0            
K 0 0 205            
K 0 21 203            
J N 7 1788 35 4 1 0 0            
K 0 0 43            
K 0 0 59            
K 0 -21 59            
A D 2 8            
J F 0 1855 116 2 1729 576 0            
K 0 0 204            
K 0 21 202            
J N 7 1855 84 8 1729 0 0            
K 1 -14 45            
K 1 0 45            
K 0 0 43            
K -1 0 45            
K 2 0 45            
K 0 0 59            
K 0 -28 59            
A D 2 8            
J N 8 1949 63 4 3457 576 0            
K 0 0 42            
K 0 0 59            
K 0 -21 59            
A D 4 8            
J B 0 2050 6 2 6913 1152 0            
K -13 0 82            
K -6 0 84            
E *            
L 530 0 0 313 313 * 0 14 0            
J C 4 5 42 2 6913 0 0            
K 0 0 33            
K 0 0 34            
J K -1 57 0 1 6913 0 0            
K 0 28 65            
J D 0 -11 -14 1 6913 0 0            
W 0 0 0 \05\06            
J N 5 113 49 2 1 0 2 159 160            
K 0 0 43            
A D 1 16            
J N 5 148 28 2 433 144 2 160 159            
K 0 0 43            
A D 1 16            
H 159 S 12 0 0 0 0 0 0 1 0    
J N 5 183 14 2 865 144 2 161 160            
K 0 0 43            
A D 1 16            
J N 5 218 28 2 1297 144 2 160 161            
K 0 0 43            
A D 1 16            
H 160 B 70 -4 108 4 22 11 11 33            
H 161 S 12 0 0 0 0 0 0 0 0            
J N 5 253 49 2 1729 144 2 162 163            
K 0 0 43            
A D 1 16            
J N 5 288 28 2 2161 144 2 163 162            
K 0 0 43            
A D 1 16            
H 162 S 12 0 0 0 0 0 0 1 0    
J N 5 323 14 2 2593 144 2 164 163            
K 0 0 43            
A D 1 16            
J N 5 358 28 2 3025 144 2 163 164            
K 0 0 43            
A D 1 16            
H 163 B 70 -4 108 4 22 11 11 33            
H 164 S 12 0 0 0 0 0 0 0 0            
J N 5 393 49 2 3457 144 2 165 166            
K 0 0 43            
A D 1 16            
J N 5 428 35 2 3889 144 2 166 165            
K 0 0 43            
A D 1 16            
H 165 S 12 0 0 0 0 0 0 0 0            
J N 5 463 21 2 4321 144 2 167 166            
K 0 0 43            
A D 1 16            
J N 5 498 35 2 4753 144 2 166 167            
K 0 0 43            
A D 1 16            
H 166 B 78 -1 108 4 22 11 11 33            
H 167 S 12 0 0 0 0 0 0 -2 0    
J N 5 533 49 2 5185 144 2 168 169            
K 0 0 43            
A D 1 16            
J N 5 568 35 2 5617 144 2 169 168            
K 0 0 43            
A D 1 16            
H 168 S 12 0 0 0 0 0 0 0 0            
J N 5 603 21 2 6049 144 2 170 169            
K 0 0 43            
A D 1 16            
J N 5 638 35 2 6481 144 2 169 170            
K 0 0 43            
A D 1 16            
H 169 B 78 -1 108 4 22 11 11 33            
H 170 S 12 0 0 0 0 0 0 -2 0    
J B 57 675 1 82 6913 144 0            
J N 6 696 14 3 1 0 1 171            
K 0 0 43            
K 0 71 110            
A D 2 16            
J N 6 744 49 2 865 288 1 171            
K 0 0 43            
A D 2 16            
H 171 B 42 14 108 2 2 3            
J N 8 792 28 4 1729 288 0            
K 0 0 42            
K 0 0 60            
K 0 21 60            
A D 8 16            
J N 6 984 35 2 5185 1152 2 172 173            
K 0 0 43            
A D 2 16            
J N 6 1032 42 2 6049 288 2 173 172            
K 0 0 43            
A D 2 16            
H 173 B 42 2 108 2 2 3            
H 172 S 12 0 0 0 0 0 0 0 0            
J B 58 1080 1 82 6913 288 0            
J N 7 1101 35 4 1 0 0            
K 0 0 43            
K 0 0 59            
K 0 -21 59            
A D 4 16            
J N 7 1169 42 4 1729 576 0            
K 0 0 43            
K 0 0 59            
K 0 -21 59            
A D 4 16            
J N 8 1265 49 4 3457 576 0            
K 0 0 42            
K 0 0 59            
K 0 -21 59            
A D 8 16            
J B 59 1367 1 82 6913 1152 0            
J N 7 1388 14 5 1 0 0            
K 0 0 43            
K 0 70 108            
K 0 0 60            
K 0 21 60            
A D 4 16            
J R 6 1484 28 2 1729 576 0            
K 0 0 49            
A D 2 16            
J N 6 1532 63 3 2593 288 0            
K 0 0 43            
K 0 0 53            
A D 2 16            
J N 6 1579 56 2 3457 288 1 174            
K 0 0 43            
A D 2 16            
J N 6 1626 70 5 4321 288 1 174            
K 1 0 45            
K 0 0 43            
K -1 0 45            
K 2 0 45            
A D 2 16            
H 174 B 47 3 108 2 2 3            
J N 7 1673 49 4 5185 288 1 175            
K 0 0 43            
K 0 0 59            
K 0 -21 59            
A D 4 16            
J B 60 1767 1 82 6913 576 0            
J N 7 1788 49 4 1 0 1 175            
K 0 0 43            
K 0 0 59            
K 0 -21 59            
A D 4 16            
H 175 T 49 0 0 0 0 0 9 0            
J N 7 1855 56 4 1729 576 0            
K 0 0 43            
K 0 0 59            
K 0 -21 59            
A D 4 16            
J N 8 1949 49 4 3457 576 0            
K 0 0 42            
K 0 0 59            
K 0 -21 59            
A D 8 16            
J B 0 2050 6 2 6913 1152 0            
K -13 0 82            
K -6 0 84            
E *            
L 690 0 0 313 313 * 0 14 0            
J C 4 5 42 2 6913 0 0            
K 0 0 33            
K 0 0 34            
J K -1 57 0 1 6913 0 0            
K 0 28 65            
J D 0 -11 -14 1 6913 0 0            
W 0 0 0 \05\06            
J N 7 113 14 4 1 0 0            
K 0 0 43            
K 0 0 60            
K 0 21 60            
A D 4 16            
J R 6 253 28 2 1729 576 0            
K 0 0 49            
A D 2 16            
J N 6 323 14 3 2593 288 0            
K 0 0 43            
K 0 0 54            
A D 2 16            
J N 6 393 21 2 3457 288 1 58            
K 0 0 43            
A D 2 16            
J N 6 463 84 6 4321 288 1 58            
K 1 -14 45            
K 1 0 45            
K 0 0 43            
K -1 0 45            
K 2 0 45            
A D 2 16            
H 58 B 41 8 108 2 2 3            
J R 7 533 28 2 5185 288 0            
K 0 0 48            
A D 4 16            
J B 57 675 1 82 6913 576 0            
J N 7 696 14 5 1 0 0            
K 0 0 43            
K 0 77 110            
K 0 0 60            
K 0 21 60            
A D 4 16            
J R 6 792 28 2 1729 576 0            
K 0 0 49            
A D 2 16            
J N 6 840 -7 3 2593 288 0            
K 0 0 43            
K 0 0 54            
A D 2 16            
J N 6 888 7 2 3457 288 1 59            
K 0 0 43            
A D 2 16            
J N 6 936 21 2 4321 288 1 59            
K 0 0 43            
A D 2 16            
H 59 B -52 3 108 2 2 3            
J N 7 984 0 4 5185 288 1 60            
K 0 0 43            
K 0 0 60            
K 0 21 60            
A D 4 16            
J B 58 1080 1 82 6913 576 0            
J N 7 1101 0 4 1 0 1 60            
K 0 0 43            
K 0 0 60            
K 0 21 60            
A D 4 16            
H 60 T 0 0 0 0 0 0 5 0            
J N 7 1169 7 4 1729 576 0            
K 0 0 43            
K 0 0 60            
K 0 21 60            
A D 4 16            
J N 8 1265 0 4 3457 576 0            
K 0 0 42            
K 0 0 60            
K 0 21 60            
A D 8 16            
J B 59 1367 1 82 6913 1152 0            
J N 6 1388 0 3 1 0 1 61            
K 0 0 43            
K 0 98 108            
A D 2 16            
J N 6 1436 49 2 865 288 1 61            
K 0 0 43            
A D 2 16            
H 61 B -69 14 108 2 2 3            
J N 8 1484 28 4 1729 288 0            
K 0 0 42            
K 0 0 60            
K 0 21 60            
A D 8 16            
J N 6 1673 35 2 5185 1152 1 62            
K 0 0 43            
A D 2 16            
J N 6 1720 42 2 6049 288 1 62            
K 0 0 43            
A D 2 16            
H 62 B 42 2 108 2 2 3            
J B 60 1767 1 82 6913 288 0            
J N 7 1788 35 4 1 0 0            
K 0 0 43            
K 0 0 59            
K 0 -21 59            
A D 4 16            
J N 7 1855 42 4 1729 576 0            
K 0 0 43            
K 0 0 59            
K 0 -21 59            
A D 4 16            
J N 8 1949 49 4 3457 576 0            
K 0 0 42            
K 0 0 59            
K 0 -21 59            
A D 8 16            
J B 0 2050 6 2 6913 1152 0            
K -13 0 82            
K -6 0 84            
E *            
L 850 0 0 313 313 * 0 14 0            
J C 13 5 28 35 6913 0 0            
J K -1 57 0 1 6913 0 0            
K 0 35 65            
J D 0 -11 -14 1 6913 0 0            
W 0 0 0 \05\06            
J R 7 113 28 2 1 0 0            
K 0 0 48            
A D 2 8            
J N 7 253 -14 7 1729 576 0            
K 0 0 45            
K 0 0 43            
K -1 0 45            
K 2 0 45            
K 0 0 60            
K 0 21 60            
A D 2 8            
J R 7 393 28 2 3457 576 0            
K 0 0 48            
A D 2 8            
J N 7 533 7 4 5185 576 0            
K 0 0 43            
K 0 0 60            
K 0 21 60            
A D 2 8            
J B 57 675 1 82 6913 576 0            
J R 7 696 28 2 1 0 0            
K 0 0 48            
A D 2 8            
J N 7 792 -14 8 1729 576 0            
K 0 0 45            
K 0 0 43            
K -1 0 45            
K 2 0 45            
K 0 99 110            
K 0 0 60            
K 0 21 60            
A D 2 8            
J N 7 888 0 4 3457 576 0            
K 0 0 43            
K 0 0 60            
K 0 21 60            
A D 2 8            
J N 6 984 7 2 5185 576 1 13            
K 0 0 43            
A D 1 8            
J N 6 1032 21 2 6049 288 1 13            
K 0 0 43            
A D 1 8            
H 13 B -52 3 108 2 2 3            
J B 58 1080 1 82 6913 288 0            
J N 7 1101 28 5 1 0 0            
K 0 0 43            
K 24 -6 44            
K 0 0 60            
K 0 21 60            
A D 3 8            
J N 6 1217 28 3 2593 864 0            
K 0 0 43            
K 0 0 54            
A D 1 8            
J N 8 1265 42 4 3457 288 0            
K 0 0 42            
K 0 0 59            
K 0 -21 59            
A D 4 8            
J B 59 1367 1 82 6913 1152 0            
J N 7 1388 35 5 1 0 0            
K 0 0 43            
K 0 44 108            
K 0 0 59            
K 0 -21 59            
A D 2 8            
J R 6 1484 28 2 1729 576 0            
K 0 0 49            
A D 1 8            
J N 6 1532 -14 6 2593 288 0            
K 0 0 45            
K 0 0 43            
K -1 0 45            
K 2 0 45            
K 0 0 54            
A D 1 8            
J N 7 1579 0 4 3457 288 0            
K 0 0 43            
K 0 0 60            
K 0 21 60            
A D 2 8            
J N 6 1673 7 2 5185 576 2 14 15            
K 0 0 43            
A D 1 8            
J N 6 1720 21 2 6049 288 2 15 14            
K 0 0 43            
A D 1 8            
H 15 B -52 3 108 2 2 3            
H 14 S 0 0 0 0 0 0 0 0 0            
J B 60 1767 1 82 6913 288 0            
J N 7 1788 28 5 1 0 0            
K 0 0 43            
K 24 -6 44            
K 0 0 60            
K 0 21 60            
A D 3 8            
J N 6 1902 28 3 2593 864 0            
K 0 0 43            
K 0 0 54            
A D 1 8            
J N 8 1949 42 4 3457 288 0            
K 0 0 42            
K 0 0 59            
K 0 -21 59            
A D 4 8            
J B 0 2050 6 2 6913 1152 0            
K -13 0 82            
K -6 0 84            
E *            
L 1010 0 0 313 313 * 0 14 0            
J C 22 5 14 36 6913 0 0            
J K -1 57 0 1 6913 0 0            
K 0 42 65            
J D 0 -11 -14 1 6913 0 0            
W 0 0 0 \05\06            
J N 7 113 42 4 1 0 0            
K 0 0 43            
K 0 0 59            
K 0 -21 59            
A D 2 8            
J R 7 253 28 2 1729 576 0            
K 0 0 48            
A D 2 8            
J F 0 393 98 1 3457 576 0            
K 0 0 205            
J N 7 393 49 4 3457 0 0            
K 0 0 43            
K 0 0 59            
K 0 -21 59            
A D 2 8            
J R 7 533 28 2 5185 576 0            
K 0 0 48            
A D 2 8            
J B 57 675 1 82 6913 576 0            
J N 7 696 42 5 1 0 0            
K 0 0 43            
K 0 44 110            
K 0 0 59            
K 0 -21 59            
A D 2 8            
J R 6 792 28 2 1729 576 0            
K 0 0 49            
A D 1 8            
J N 6 840 -7 3 2593 288 0            
K 0 0 43            
K 0 0 54            
A D 1 8            
J F 0 888 98 1 3457 288 0            
K 0 0 206            
J N 6 888 -14 5 3457 0 1 7            
K 0 0 45            
K 0 0 43            
K -1 0 45            
K 2 0 45            
A D 1 8            
J N 6 936 21 2 4321 288 1 7            
K 0 0 43            
A D 1 8            
J N 6 984 14 2 5185 288 1 7            
K 0 0 43            
A D 1 8            
J F 0 1032 116 2 6049 288 0            
K 0 0 205            
K 0 21 204            
J N 6 1032 42 2 6049 0 1 7            
K 0 0 43            
A D 1 8            
H 7 B -74 5 108 4 2 1 1 3            
J B 58 1080 1 82 6913 288 0            
J F 0 1101 116 2 1 0 0            
K 0 0 205            
K 0 21 203            
J N 7 1101 35 4 1 0 0            
K 0 0 43            
K 0 0 59            
K 0 -21 59            
A D 2 8            
J F 0 1169 116 2 1729 576 0            
K 0 0 204            
K 0 21 202            
J N 7 1169 84 8 1729 0 0            
K 1 -14 45            
K 1 0 45            
K 0 0 43            
K -1 0 45            
K 2 0 45            
K 0 0 59            
K 0 -28 59            
A D 2 8            
J N 8 1265 63 4 3457 576 0            
K 0 0 42            
K 0 0 59            
K 0 -21 59            
A D 4 8            
J B 59 1367 1 82 6913 1152 0            
J N 7 1388 42 5 1 0 0            
K 0 0 43            
K 0 37 108            
K 0 0 59            
K 0 -21 59            
A D 2 8            
J R 6 1484 28 2 1729 576 0            
K 0 0 49            
A D 1 8            
J N 6 1532 42 3 2593 288 0            
K 0 0 43            
K 0 0 53            
A D 1 8            
J F 0 1579 116 1 3457 288 0            
K 0 0 206            
J N 6 1579 35 2 3457 0 1 8            
K 0 0 43            
A D 1 8            
J N 6 1626 21 2 4321 288 1 8            
K 0 0 43            
A D 1 8            
J N 6 1673 14 2 5185 288 1 8            
K 0 0 43            
A D 1 8            
J F 0 1720 116 2 6049 288 0            
K 0 0 205            
K 0 21 204            
J N 6 1720 42 2 6049 0 1 8            
K 0 0 43            
A D 1 8            
H 8 B -49 0 108 4 2 1 1 3            
J B 60 1767 1 82 6913 288 0            
J F 0 1788 116 2 1 0 0            
K 0 0 205            
K 0 21 203            
J N 7 1788 35 4 1 0 0            
K 0 0 43            
K 0 0 59            
K 0 -21 59            
A D 2 8            
J F 0 1855 116 2 1729 576 0            
K 0 0 204            
K 0 21 202            
J N 7 1855 84 8 1729 0 0            
K 1 -14 45            
K 1 0 45            
K 0 0 43            
K -1 0 45            
K 2 0 45            
K 0 0 59            
K 0 -28 59            
A D 2 8            
J N 8 1949 63 4 3457 576 0            
K 0 0 42            
K 0 0 59            
K 0 -21 59            
A D 4 8            
J B 0 2050 6 2 6913 1152 0            
K -13 0 82            
K -6 0 84            
E *            
B 1 675 0            
B 1 1080 0            
B 1 1367 0            
B 1 1767 0            
B 6 2050 0            
