S 0 200 140 2050 1066 7 "[...][....]" 
L 0 0 0 313 313 * 0 14 0 
J C 4 5 42 2 6913 0 0 
K 0 0 33 
K 0 0 34 
J K -1 57 0 1 6913 0 0 
K 0 28 65 
J D 0 -11 -14 1 6913 0 0 
W 0 0 37 \04\01 
J N 5 113 -35 6 1 0 2 30 31 
K 0 21 45 
K 0 7 45 
K 0 0 43 
K 0 7 45 
K 1 7 45 
A D 2 32 
J N 5 147 -14 5 1153 144 2 31 30 
K 0 0 45 
K 0 0 43 
K -1 0 45 
K 2 0 45 
A D 2 32 
H 30 S 0 1 0 0 0 0 0 1 0 
J N 5 181 -35 6 2305 144 2 32 31 
K 0 21 45 
K 0 7 45 
K 0 0 43 
K 0 7 45 
K 1 7 45 
A D 2 32 
J N 5 215 -28 6 3457 144 1 31 
K 0 14 45 
K 0 0 45 
K 0 0 43 
K -1 0 45 
K 2 0 45 
A D 2 32 
J N 5 256 -21 6 4609 144 1 31 
K 0 7 45 
K -14 0 64 
K 0 0 43 
K 0 7 45 
K 1 7 45 
A D 2 32 
J N 5 290 -14 5 5761 144 2 31 32 
K 0 0 45 
K 0 0 43 
K -1 0 45 
K 2 0 45 
A D 2 32 
H 31 B -65 0 108 6 22 11 11 11 11 33 
H 32 S 0 0 0 0 0 0 0 0 0 
J B 42 326 1 82 6913 144 0 
J N 7 353 -42 10 1 0 0 
K 0 28 45 
K 0 14 45 
K 0 0 45 
K 0 0 43 
K -1 0 45 
K 2 0 45 
K 0 0 60 
K 0 28 60 
K 0 42 60 
A D 8 32 
J N 6 410 7 3 4609 576 0 
K 0 0 43 
K 0 0 54 
A D 4 32 
J B 43 458 1 82 6913 288 0 
J N 5 479 14 2 1 0 2 33 34 
K 0 0 43 
A D 2 32 
J N 5 513 21 2 1153 144 2 34 33 
K 0 0 43 
A D 2 32 
H 34 B -43 4 108 2 22 33 
H 33 S 0 0 0 0 0 0 0 0 0 
J N 7 554 28 5 2305 144 0 
K -14 0 64 
K 0 0 43 
K 0 0 60 
K 0 21 60 
A D 8 32 
J B 44 661 1 82 6913 576 0 
J N 7 682 35 5 1 0 0 
K 0 0 43 
K 25 0 44 
K 0 0 59 
K 0 -21 59 
A D 12 32 
J B 45 764 9 4 6913 864 0 
K 0 0 84 
K 12 0 82 
K 18 21 44 
K 18 35 44 
J N 6 807 0 5 1 0 1 35 
K 0 0 43 
K -11 87 195 
K 0 93 253 
K 22 87 196 
A D 4 32 
J N 5 853 7 2 2305 288 2 36 35 
K 0 0 43 
A D 2 32 
J N 5 887 14 2 3457 144 1 35 
K 0 0 43 
A D 2 32 
J N 5 921 21 2 4609 144 1 35 
K 0 0 43 
A D 2 32 
J N 5 955 28 2 5761 144 2 35 36 
K 0 0 43 
A D 2 32 
H 35 B -60 3 108 5 2 21 11 11 33 
H 36 S 0 0 0 0 0 0 0 0 0 
J B 46 991 1 82 6913 144 0 
J N 6 1012 35 2 1 0 1 37 
K 0 0 43 
A D 4 32 
J N 6 1056 49 2 2305 288 1 37 
K 0 0 43 
A D 4 32 
J N 6 1100 21 2 4609 288 1 37 
K 0 0 43 
A D 4 32 
H 37 B 47 -3 108 3 2 1 3 
J B 47 1147 1 82 6913 288 0 
J N 6 1168 0 2 1 0 1 38 
K 0 0 43 
A D 4 32 
J N 6 1211 -7 4 2305 288 2 39 38 
K 0 0 43 
K 25 0 44 
K 0 -22 236 
A D 6 32 
J N 4 1274 0 2 5761 432 1 38 
K 0 0 43 
A D 1 32 
J N 4 1303 -7 2 6337 72 2 38 39 
K 0 0 43 
A D 1 32 
H 38 B -57 0 108 4 2 1 221 333 
H 39 S 0 0 0 0 0 0 0 0 0 
J B 48 1336 1 82 6913 72 0 
J N 6 1357 -14 5 1 0 1 40 
K 0 0 45 
K 0 0 43 
K -1 0 45 
K 2 0 45 
A D 4 32 
J N 6 1400 21 2 2305 288 1 40 
K 0 0 43 
A D 4 32 
J N 6 1443 49 2 4609 288 1 40 
K 0 0 43 
A D 4 32 
H 40 B -83 8 108 3 2 1 3 
J B 49 1488 1 82 6913 288 0 
J N 7 1509 -14 7 1 0 0 
K 0 0 45 
K 0 0 43 
K -1 0 45 
K 2 0 45 
K 0 0 60 
K 0 21 60 
A D 8 32 
J R 6 1583 28 2 4609 576 0 
K 0 0 49 
A D 4 32 
J B 50 1628 1 82 6913 288 0 
J N 7 1649 -7 4 1 0 0 
K 0 0 43 
K 0 0 60 
K 0 21 60 
A D 8 32 
J R 6 1723 28 2 4609 576 0 
K 0 0 49 
A D 4 32 
J B 51 1768 1 82 6913 288 0 
J N 5 1789 -14 5 1 0 2 41 42 
K 0 0 45 
K 0 0 43 
K -1 0 45 
K 2 0 45 
A D 2 32 
J N 5 1822 -7 2 1153 144 2 42 41 
K 0 0 43 
A D 2 32 
H 42 B -43 3 108 2 22 33 
H 41 S 0 0 0 0 0 0 0 0 0 
J N 7 1855 0 4 2305 144 0 
K 0 0 43 
K 0 0 60 
K 0 21 60 
A D 8 32 
J B 52 1935 1 82 6913 576 0 
J N 7 1956 7 5 1 0 0 
K 0 0 43 
K 25 0 44 
K 0 0 60 
K 0 21 60 
A D 12 32 
J B 53 2050 10 6 6913 864 0 
K -25 21 44 
K -25 35 44 
E * 
L 160 0 0 313 313 * 0 14 0 
J C 4 5 42 2 6913 0 0 
K 0 0 33 
K 0 0 34 
J K -1 57 0 1 6913 0 0 
K 0 28 65 
J D 0 -11 -14 1 6913 0 0 
W 0 0 0 \04\01 
J N 7 113 -14 7 1 0 0 
K 0 0 45 
K 0 0 43 
K -1 0 45 
K 2 0 45 
K 0 0 60 
K 0 21 60 
A D 4 16 
J N 6 256 0 3 4609 576 0 
K 0 0 43 
K 0 0 54 
A D 2 16 
J B 42 326 1 82 6913 288 0 
J N 7 353 42 5 1 0 0 
K -18 0 63 
K 0 0 43 
K 0 0 59 
K 0 -21 59 
A D 4 16 
J N 6 410 35 3 4609 576 1 17 
K 0 0 43 
K 0 0 53 
A D 2 16 
J B 43 458 1 82 6913 288 0 
J N 6 479 35 2 1 0 2 18 17 
K 0 0 43 
A D 2 16 
H 17 T 35 0 0 0 0 0 9 0 
J N 6 554 35 3 2305 288 1 18 
K 0 0 43 
K 25 0 44 
A D 3 16 
J N 5 625 42 3 5761 432 1 18 
K -18 0 63 
K 0 0 43 
A D 1 16 
H 18 B 50 0 108 3 2 1 53 
J B 44 661 1 82 6913 144 0 
J N 7 682 35 5 1 0 0 
K 0 0 43 
K 25 0 44 
K 0 0 59 
K 0 -21 59 
A D 6 16 
J B 45 764 9 4 6913 864 0 
K 0 0 84 
K 12 0 82 
K 18 21 44 
K 18 35 44 
J N 6 807 35 6 1 0 0 
K 0 0 43 
K -11 44 195 
K 0 50 253 
K 22 44 196 
K 0 0 53 
A D 2 16 
J N 7 853 42 4 2305 288 0 
K 0 0 43 
K 0 0 59 
K 0 -21 59 
A D 4 16 
J B 46 991 1 82 6913 576 0 
J N 7 1012 49 5 1 0 0 
K 0 0 43 
K 25 0 44 
K 0 0 59 
K 0 -21 59 
A D 6 16 
J B 47 1147 1 82 6913 864 0 
J N 6 1168 14 3 1 0 0 
K 0 0 43 
K 0 0 54 
A D 2 16 
J N 7 1211 7 4 2305 288 0 
K 0 0 43 
K 0 0 60 
K 0 21 60 
A D 4 16 
J B 48 1336 1 82 6913 576 0 
J N 7 1357 0 5 1 0 0 
K 0 0 43 
K 24 -6 44 
K 0 0 60 
K 0 21 60 
A D 6 16 
J B 49 1488 1 82 6913 864 0 
J N 7 1509 0 4 1 0 0 
K 0 0 43 
K 0 0 60 
K 0 21 60 
A D 4 16 
J R 6 1583 28 2 4609 576 0 
K 0 0 49 
A D 2 16 
J B 50 1628 1 82 6913 288 0 
J N 7 1649 7 4 1 0 0 
K 0 0 43 
K 0 0 60 
K 0 21 60 
A D 4 16 
J R 6 1723 28 2 4609 576 0 
K 0 0 49 
A D 2 16 
J B 51 1768 1 82 6913 288 0 
J N 6 1789 35 3 1 0 0 
K 0 0 43 
K 0 0 53 
A D 2 16 
J N 7 1855 28 5 2305 288 0 
K -14 0 64 
K 0 0 43 
K 0 0 60 
K 0 21 60 
A D 4 16 
J B 52 1935 1 82 6913 576 0 
J N 7 1956 21 5 1 0 0 
K 0 0 43 
K 25 0 44 
K 0 0 60 
K 0 21 60 
A D 6 16 
J B 53 2050 10 6 6913 864 0 
K -25 21 44 
K -25 35 44 
E * 
L 320 0 0 313 313 * 0 14 0 
J C 22 5 14 36 6913 0 0 
J K -1 57 0 1 6913 0 0 
K 0 42 65 
J D 0 -11 -14 1 6913 0 0 
W 0 0 0 \04\01 
J F 0 113 98 1 1 0 0 
K 0 0 205 
J N 6 113 14 2 1 0 1 24 
K 0 0 43 
A D 2 16 
J N 6 181 -21 5 2305 288 1 24 
K 0 7 45 
K 0 0 43 
K 0 7 45 
K 1 7 45 
A D 2 16 
J N 6 256 28 2 4609 288 1 24 
K 0 0 43 
A D 2 16 
H 24 B -56 0 108 3 2 1 3 
J B 42 326 1 82 6913 288 0 
J F 0 353 98 2 1 0 0 
K 0 0 214 
K 0 21 201 
J N 7 353 28 4 1 0 0 
K 0 0 43 
K 0 0 60 
K 0 21 60 
A D 4 16 
J F 0 410 98 1 4609 576 0 
K 0 0 205 
J N 6 410 35 3 4609 0 0 
K 0 0 43 
K 0 0 53 
A D 2 16 
J B 43 458 1 82 6913 288 0 
J N 6 479 28 2 1 0 1 25 
K 0 0 43 
A D 2 16 
J F 0 554 98 1 2305 288 0 
K 0 0 203 
J N 6 554 21 2 2305 0 1 25 
K 0 0 43 
A D 2 16 
J F 0 592 98 1 4609 288 0 
K 0 0 213 
J N 6 592 70 5 4609 0 1 25 
K 1 0 45 
K 0 0 43 
K -1 0 45 
K 2 0 45 
A D 2 16 
H 25 B 54 2 108 3 2 1 3 
J B 44 661 1 82 6913 288 0 
J N 7 682 49 5 1 0 0 
K 0 0 43 
K 25 0 44 
K 0 0 59 
K 0 -21 59 
A D 6 16 
J B 45 764 9 4 6913 864 0 
K 0 0 84 
K 12 0 82 
K 18 21 44 
K 18 35 44 
J N 6 807 14 6 1 0 0 
K 0 0 43 
K -11 72 195 
K 0 78 253 
K 22 72 196 
K 0 0 54 
A D 2 16 
J N 7 853 35 4 2305 288 0 
K 0 0 43 
K 0 0 59 
K 0 -21 59 
A D 4 16 
J B 46 991 1 82 6913 576 0 
J N 7 1012 28 4 1 0 0 
K 0 0 43 
K 0 0 60 
K 0 21 60 
A D 4 16 
J N 6 1100 49 3 4609 576 0 
K 0 0 43 
K 0 0 53 
A D 2 16 
J B 47 1147 1 82 6913 288 0 
J N 6 1168 42 2 1 0 1 26 
K 0 0 43 
A D 2 16 
J N 6 1211 56 2 2305 288 1 26 
K 0 0 43 
A D 2 16 
J N 6 1248 35 2 4609 288 1 26 
K 0 0 43 
A D 2 16 
H 26 B 45 -1 108 3 2 1 3 
J B 48 1336 1 82 6913 288 0 
J N 7 1357 63 5 1 0 0 
K 0 0 43 
K 25 0 44 
K 0 0 59 
K 0 -21 59 
A D 6 16 
J B 49 1488 1 82 6913 864 0 
J N 6 1509 14 2 1 0 1 27 
K 0 0 43 
A D 2 16 
J N 6 1546 0 2 2305 288 1 27 
K 0 0 43 
A D 2 16 
J N 6 1583 14 2 4609 288 1 27 
K 0 0 43 
A D 2 16 
H 27 B -46 0 108 3 2 1 3 
J B 50 1628 1 82 6913 288 0 
J N 6 1649 -14 5 1 0 1 28 
K 0 0 45 
K 0 0 43 
K -1 0 45 
K 2 0 45 
A D 2 16 
J N 6 1686 21 2 2305 288 1 28 
K 0 0 43 
A D 2 16 
J N 6 1723 35 2 4609 288 1 28 
K 0 0 43 
A D 2 16 
H 28 B -72 7 108 3 2 1 3 
J B 51 1768 1 82 6913 288 0 
J N 6 1789 14 2 1 0 1 29 
K 0 0 43 
A D 2 16 
J F 0 1855 98 2 2305 288 0 
K 0 0 205 
K 15 0 218 
J N 6 1855 28 2 2305 0 1 29 
K 0 0 43 
A D 2 16 
J N 6 1895 7 2 4609 288 1 29 
K 0 0 43 
A D 2 16 
H 29 B -56 0 108 3 2 1 3 
J B 52 1935 1 82 6913 288 0 
J N 7 1956 35 5 1 0 0 
K 0 0 43 
K 25 0 44 
K 0 0 59 
K 0 -21 59 
A D 6 16 
J B 53 2050 10 6 6913 864 0 
K -25 21 44 
K -25 35 44 
E * 
L 530 0 0 313 313 * 0 14 0 
J C 4 5 42 2 6913 0 0 
K 0 0 33 
K 0 0 34 
J K -1 57 0 1 6913 0 0 
K 0 28 65 
J D 0 -11 -14 1 6913 0 0 
W 0 0 0 \04\01 
J N 5 113 -35 6 1 0 2 16 17 
K 0 21 45 
K 0 7 45 
K 0 0 43 
K 0 7 45 
K 1 7 45 
A D 1 16 
J N 5 147 -14 5 1153 144 2 17 16 
K 0 0 45 
K 0 0 43 
K -1 0 45 
K 2 0 45 
A D 1 16 
H 16 S 0 2 0 0 0 0 0 0 0 
J N 5 181 -35 6 2305 144 2 18 17 
K 0 21 45 
K 0 7 45 
K 0 0 43 
K 0 7 45 
K 1 7 45 
A D 1 16 
J N 5 215 -28 6 3457 144 1 17 
K 0 14 45 
K 0 0 45 
K 0 0 43 
K -1 0 45 
K 2 0 45 
A D 1 16 
J N 5 256 -21 6 4609 144 1 17 
K 0 7 45 
K -14 0 64 
K 0 0 43 
K 0 7 45 
K 1 7 45 
A D 1 16 
J N 5 290 -14 5 5761 144 2 17 18 
K 0 0 45 
K 0 0 43 
K -1 0 45 
K 2 0 45 
A D 1 16 
H 17 B -65 0 108 6 22 11 11 11 11 33 
H 18 S 0 0 0 0 0 0 0 0 0 
J B 42 326 1 82 6913 144 0 
J N 7 353 -42 10 1 0 0 
K 0 28 45 
K 0 14 45 
K 0 0 45 
K 0 0 43 
K -1 0 45 
K 2 0 45 
K 0 0 60 
K 0 28 60 
K 0 42 60 
A D 4 16 
J N 6 410 7 3 4609 576 0 
K 0 0 43 
K 0 0 54 
A D 2 16 
J B 43 458 1 82 6913 288 0 
J N 5 479 14 2 1 0 2 19 20 
K 0 0 43 
A D 1 16 
J N 5 513 21 2 1153 144 2 20 19 
K 0 0 43 
A D 1 16 
H 20 B -43 4 108 2 22 33 
H 19 S 0 0 0 0 0 0 0 0 0 
J N 7 554 28 5 2305 144 0 
K -14 0 64 
K 0 0 43 
K 0 0 60 
K 0 21 60 
A D 4 16 
J B 44 661 1 82 6913 576 0 
J N 7 682 35 5 1 0 0 
K 0 0 43 
K 25 0 44 
K 0 0 59 
K 0 -21 59 
A D 6 16 
J B 45 764 9 4 6913 864 0 
K 0 0 84 
K 12 0 82 
K 18 21 44 
K 18 35 44 
J R 9 863 28 2 1 10000 0 
K 0 0 46 
A D 6 16 
J B 46 991 1 82 6913 864 0 
J R 9 1055 28 2 1 10000 0 
K 0 0 46 
A D 6 16 
J B 47 1147 1 82 6913 864 0 
J R 9 1227 28 2 1 10000 0 
K 0 0 46 
A D 6 16 
J B 48 1336 1 82 6913 864 0 
J R 9 1398 28 2 1 10000 0 
K 0 0 46 
A D 6 16 
J B 49 1488 1 82 6913 864 0 
J N 7 1509 -14 10 1 0 0 
K 0 0 45 
K 0 0 43 
K -1 0 45 
K 2 0 45 
K -11 100 195 
K 0 106 253 
K 22 100 196 
K 0 0 60 
K 0 21 60 
A D 4 16 
J R 6 1583 28 2 4609 576 0 
K 0 0 49 
A D 2 16 
J B 50 1628 1 82 6913 288 0 
J N 7 1649 -7 4 1 0 0 
K 0 0 43 
K 0 0 60 
K 0 21 60 
A D 4 16 
J R 6 1723 28 2 4609 576 0 
K 0 0 49 
A D 2 16 
J B 51 1768 1 82 6913 288 0 
J N 5 1789 -14 5 1 0 2 21 22 
K 0 0 45 
K 0 0 43 
K -1 0 45 
K 2 0 45 
A D 1 16 
J N 5 1822 -7 2 1153 144 2 22 21 
K 0 0 43 
A D 1 16 
H 22 B -43 3 108 2 22 33 
H 21 S 0 0 0 0 0 0 0 0 0 
J N 7 1855 0 4 2305 144 0 
K 0 0 43 
K 0 0 60 
K 0 21 60 
A D 4 16 
J B 52 1935 1 82 6913 576 0 
J N 7 1956 7 5 1 0 0 
K 0 0 43 
K 25 0 44 
K 0 0 60 
K 0 21 60 
A D 6 16 
J B 53 2050 10 6 6913 864 0 
K -25 21 44 
K -25 35 44 
E * 
L 690 0 0 313 313 * 0 14 0 
J C 4 5 42 2 6913 0 0 
K 0 0 33 
K 0 0 34 
J K -1 57 0 1 6913 0 0 
K 0 28 65 
J D 0 -11 -14 1 6913 0 0 
W 0 0 0 \04\01 
J N 7 113 -14 7 1 0 0 
K 0 0 45 
K 0 0 43 
K -1 0 45 
K 2 0 45 
K 0 0 60 
K 0 21 60 
A D 4 16 
J N 6 256 0 3 4609 576 0 
K 0 0 43 
K 0 0 54 
A D 2 16 
J B 42 326 1 82 6913 288 0 
J N 7 353 42 5 1 0 0 
K -18 0 63 
K 0 0 43 
K 0 0 59 
K 0 -21 59 
A D 4 16 
J N 6 410 35 3 4609 576 1 7 
K 0 0 43 
K 0 0 53 
A D 2 16 
J B 43 458 1 82 6913 288 0 
J N 6 479 35 2 1 0 2 8 7 
K 0 0 43 
A D 2 16 
H 7 T 35 0 0 0 0 0 9 0 
J N 6 554 35 3 2305 288 1 8 
K 0 0 43 
K 25 0 44 
A D 3 16 
J N 5 625 42 3 5761 432 1 8 
K -18 0 63 
K 0 0 43 
A D 1 16 
H 8 B 50 0 108 3 2 1 53 
J B 44 661 1 82 6913 144 0 
J N 7 682 35 5 1 0 0 
K 0 0 43 
K 25 0 44 
K 0 0 59 
K 0 -21 59 
A D 6 16 
J B 45 764 9 4 6913 864 0 
K 0 0 84 
K 12 0 82 
K 18 21 44 
K 18 35 44 
J R 9 863 28 2 1 10000 0 
K 0 0 46 
A D 6 16 
J B 46 991 1 82 6913 864 0 
J R 9 1055 28 2 1 10000 0 
K 0 0 46 
A D 6 16 
J B 47 1147 1 82 6913 864 0 
J R 9 1227 28 2 1 10000 0 
K 0 0 46 
A D 6 16 
J B 48 1336 1 82 6913 864 0 
J R 9 1398 28 2 1 10000 0 
K 0 0 46 
A D 6 16 
J B 49 1488 1 82 6913 864 0 
J N 7 1509 0 7 1 0 0 
K 0 0 43 
K -11 86 195 
K 0 92 253 
K 22 86 196 
K 0 0 60 
K 0 21 60 
A D 4 16 
J R 6 1583 28 2 4609 576 0 
K 0 0 49 
A D 2 16 
J B 50 1628 1 82 6913 288 0 
J N 7 1649 7 4 1 0 0 
K 0 0 43 
K 0 0 60 
K 0 21 60 
A D 4 16 
J R 6 1723 28 2 4609 576 0 
K 0 0 49 
A D 2 16 
J B 51 1768 1 82 6913 288 0 
J N 6 1789 35 3 1 0 0 
K 0 0 43 
K 0 0 53 
A D 2 16 
J N 7 1855 28 5 2305 288 0 
K -14 0 64 
K 0 0 43 
K 0 0 60 
K 0 21 60 
A D 4 16 
J B 52 1935 1 82 6913 576 0 
J N 7 1956 21 5 1 0 0 
K 0 0 43 
K 25 0 44 
K 0 0 60 
K 0 21 60 
A D 6 16 
J B 53 2050 10 6 6913 864 0 
K -25 21 44 
K -25 35 44 
E * 
L 850 0 0 313 313 * 0 14 0 
J C 13 5 28 35 6913 0 0 
J K -1 57 0 1 6913 0 0 
K 0 35 65 
J D 0 -11 -14 1 6913 0 0 
W 0 0 0 \04\01 
J N 7 113 7 4 1 0 0 
K 0 0 43 
K 0 0 60 
K 0 21 60 
A D 4 16 
J N 6 256 21 3 4609 576 0 
K 0 0 43 
K 0 0 54 
A D 2 16 
J B 42 326 1 82 6913 288 0 
J N 7 353 35 5 1 0 0 
K -14 0 64 
K 0 0 43 
K 0 0 59 
K 0 -21 59 
A D 4 16 
J N 6 410 42 3 4609 576 0 
K 0 0 43 
K 0 0 53 
A D 2 16 
J B 43 458 1 82 6913 288 0 
J N 6 479 7 2 1 0 1 6 
K 0 0 43 
A D 2 16 
J N 6 554 35 4 2305 288 1 6 
K -14 0 64 
K 0 0 43 
K 25 0 44 
A D 3 16 
J N 5 625 14 2 5761 432 1 6 
K 0 0 43 
A D 1 16 
H 6 B -73 0 108 3 2 1 53 
J B 44 661 1 82 6913 144 0 
J N 7 682 14 5 1 0 0 
K 0 0 43 
K 24 -6 44 
K 0 0 60 
K 0 21 60 
A D 6 16 
J B 45 764 9 4 6913 864 0 
K 0 0 84 
K 12 0 82 
K 18 21 44 
K 18 35 44 
J R 9 863 28 2 1 10000 0 
K 0 0 46 
A D 6 16 
J B 46 991 1 82 6913 864 0 
J R 9 1055 28 2 1 10000 0 
K 0 0 46 
A D 6 16 
J B 47 1147 1 82 6913 864 0 
J R 9 1227 28 2 1 10000 0 
K 0 0 46 
A D 6 16 
J B 48 1336 1 82 6913 864 0 
J R 9 1398 28 2 1 10000 0 
K 0 0 46 
A D 6 16 
J B 49 1488 1 82 6913 864 0 
J N 7 1509 -21 10 1 0 0 
K 0 7 45 
K 0 0 43 
K 0 7 45 
K 1 7 45 
K -11 107 195 
K 0 113 253 
K 22 107 196 
K 0 0 60 
K 0 21 60 
A D 4 16 
J R 6 1583 28 2 4609 576 0 
K 0 0 49 
A D 2 16 
J B 50 1628 1 82 6913 288 0 
J N 7 1649 -21 7 1 0 0 
K 0 7 45 
K 0 0 43 
K 0 7 45 
K 1 7 45 
K 0 0 60 
K 0 21 60 
A D 4 16 
J R 6 1723 28 2 4609 576 0 
K 0 0 49 
A D 2 16 
J B 51 1768 1 82 6913 288 0 
J N 6 1789 28 3 1 0 0 
K 0 0 43 
K 0 0 54 
A D 2 16 
J N 7 1855 21 4 2305 288 0 
K 0 0 43 
K 0 0 60 
K 0 21 60 
A D 4 16 
J B 52 1935 1 82 6913 576 0 
J N 7 1956 14 5 1 0 0 
K 0 0 43 
K 24 -6 44 
K 0 0 60 
K 0 21 60 
A D 6 16 
J B 53 2050 10 6 6913 864 0 
K -25 21 44 
K -25 35 44 
E * 
L 1010 0 0 313 313 * 0 14 0 
J C 22 5 14 36 6913 0 0 
J K -1 57 0 1 6913 0 0 
K 0 42 65 
J D 0 -11 -14 1 6913 0 0 
W 0 0 0 \04\01 
J F 0 113 98 1 1 0 0 
K 0 0 205 
J N 6 113 14 2 1 0 1 14 
K 0 0 43 
A D 2 16 
J N 6 181 -21 5 2305 288 1 14 
K 0 7 45 
K 0 0 43 
K 0 7 45 
K 1 7 45 
A D 2 16 
J N 6 256 28 2 4609 288 1 14 
K 0 0 43 
A D 2 16 
H 14 B -56 0 108 3 2 1 3 
J B 42 326 1 82 6913 288 0 
J F 0 353 98 2 1 0 0 
K 0 0 214 
K 0 21 201 
J N 7 353 28 4 1 0 0 
K 0 0 43 
K 0 0 60 
K 0 21 60 
A D 4 16 
J F 0 410 98 1 4609 576 0 
K 0 0 205 
J N 6 410 35 3 4609 0 0 
K 0 0 43 
K 0 0 53 
A D 2 16 
J B 43 458 1 82 6913 288 0 
J N 6 479 28 2 1 0 1 15 
K 0 0 43 
A D 2 16 
J F 0 554 98 1 2305 288 0 
K 0 0 203 
J N 6 554 21 2 2305 0 1 15 
K 0 0 43 
A D 2 16 
J F 0 592 98 1 4609 288 0 
K 0 0 213 
J N 6 592 70 5 4609 0 1 15 
K 1 0 45 
K 0 0 43 
K -1 0 45 
K 2 0 45 
A D 2 16 
H 15 B 54 2 108 3 2 1 3 
J B 44 661 1 82 6913 288 0 
J N 7 682 49 5 1 0 0 
K 0 0 43 
K 25 0 44 
K 0 0 59 
K 0 -21 59 
A D 6 16 
J B 45 764 9 4 6913 864 0 
K 0 0 84 
K 12 0 82 
K 18 21 44 
K 18 35 44 
J R 9 863 28 2 1 10000 0 
K 0 0 46 
A D 6 16 
J B 46 991 1 82 6913 864 0 
J R 9 1055 28 2 1 10000 0 
K 0 0 46 
A D 6 16 
J B 47 1147 1 82 6913 864 0 
J R 9 1227 28 2 1 10000 0 
K 0 0 46 
A D 6 16 
J B 48 1336 1 82 6913 864 0 
J R 9 1398 28 2 1 10000 0 
K 0 0 46 
A D 6 16 
J B 49 1488 1 82 6913 864 0 
J N 6 1509 14 5 1 0 1 16 
K 0 0 43 
K -11 76 195 
K 0 82 253 
K 22 76 196 
A D 2 16 
J N 6 1546 0 2 2305 288 1 16 
K 0 0 43 
A D 2 16 
J N 6 1583 14 2 4609 288 1 16 
K 0 0 43 
A D 2 16 
H 16 B -46 0 108 3 2 1 3 
J B 50 1628 1 82 6913 288 0 
J N 6 1649 -14 5 1 0 1 17 
K 0 0 45 
K 0 0 43 
K -1 0 45 
K 2 0 45 
A D 2 16 
J N 6 1686 21 2 2305 288 1 17 
K 0 0 43 
A D 2 16 
J N 6 1723 35 2 4609 288 1 17 
K 0 0 43 
A D 2 16 
H 17 B -72 7 108 3 2 1 3 
J B 51 1768 1 82 6913 288 0 
J N 6 1789 14 2 1 0 1 18 
K 0 0 43 
A D 2 16 
J F 0 1855 98 2 2305 288 0 
K 0 0 205 
K 15 0 218 
J N 6 1855 28 2 2305 0 1 18 
K 0 0 43 
A D 2 16 
J N 6 1895 7 2 4609 288 1 18 
K 0 0 43 
A D 2 16 
H 18 B -56 0 108 3 2 1 3 
J B 52 1935 1 82 6913 288 0 
J N 7 1956 35 5 1 0 0 
K 0 0 43 
K 25 0 44 
K 0 0 59 
K 0 -21 59 
A D 6 16 
J B 53 2050 10 6 6913 864 0 
K -25 21 44 
K -25 35 44 
E * 
B 1 326 0 
B 1 458 0 
B 1 661 0 
B 9 764 0 
B 1 991 0 
B 1 1147 0 
B 1 1336 0 
B 1 1488 0 
B 1 1628 0 
B 1 1768 0 
B 1 1935 0 
B 6 2050 0 
S 0 200 1510 2050 1066 7 "[...][....]" 
L 0 0 0 333 333 * 0 14 0 
J C 4 5 42 2 6913 0 0 
K 0 0 33 
K 0 0 34 
J K -1 57 0 1 6913 0 0 
K 0 28 65 
J D 0 -11 -14 1 6913 0 0 
W 0 0 37 \05\03 
J N 6 149 -28 6 1 0 1 43 
K 0 14 45 
K 0 0 45 
K 0 0 43 
K -1 0 45 
K 2 0 45 
A D 4 32 
J N 5 201 -21 5 2305 288 2 44 43 
K 0 7 45 
K 0 0 43 
K 0 7 45 
K 1 7 45 
A D 2 32 
J N 5 234 -14 5 3457 144 1 43 
K 0 0 45 
K 0 0 43 
K -1 0 45 
K 2 0 45 
A D 2 32 
J N 5 267 -7 2 4609 144 1 43 
K 0 0 43 
A D 2 32 
J N 5 300 0 2 5761 144 2 43 44 
K 0 0 43 
A D 2 32 
H 43 B -59 3 108 5 2 21 11 11 33 
H 44 S 0 0 0 0 0 0 0 0 0 
J B 54 335 1 82 6913 144 0 
J N 6 356 7 3 1 0 0 
K 0 0 43 
K 0 0 54 
A D 4 32 
J N 7 408 0 4 2305 288 0 
K 0 0 43 
K 0 0 60 
K 0 21 60 
A D 8 32 
J B 55 542 1 82 6913 576 0 
J N 6 563 -7 3 1 0 0 
K 0 0 43 
K 0 0 54 
A D 4 32 
J N 7 614 -14 7 2305 288 0 
K 0 0 45 
K 0 0 43 
K -1 0 45 
K 2 0 45 
K 0 0 60 
K 0 21 60 
A D 8 32 
J B 56 716 1 82 6913 576 0 
J N 6 737 -7 3 1 0 0 
K 0 0 43 
K 0 0 54 
A D 4 32 
J N 7 788 21 4 2305 288 0 
K 0 0 43 
K 0 0 60 
K 0 21 60 
A D 8 32 
J B 57 890 1 82 6913 576 0 
J N 7 911 -28 8 1 0 0 
K 0 14 45 
K 0 0 45 
K 0 0 43 
K -1 0 45 
K 2 0 45 
K 0 0 60 
K 0 28 60 
A D 8 32 
J R 6 1013 28 2 4609 576 0 
K 0 0 49 
A D 4 32 
J B 58 1064 1 82 6913 288 0 
J N 7 1085 -21 7 1 0 0 
K 0 7 45 
K 0 0 43 
K 0 7 45 
K 1 7 45 
K 0 0 60 
K 0 21 60 
A D 8 32 
J R 6 1150 28 2 4609 576 0 
K 0 0 49 
A D 4 32 
J B 59 1201 1 82 6913 288 0 
J N 5 1222 -14 5 1 0 2 45 46 
K 0 0 45 
K 0 0 43 
K -1 0 45 
K 2 0 45 
A D 2 32 
J N 5 1254 -7 2 1153 144 2 46 45 
K 0 0 43 
A D 2 32 
H 46 B -43 3 108 2 22 33 
H 45 S 0 0 0 0 0 0 0 0 0 
J N 7 1286 -7 4 2305 144 0 
K 0 0 43 
K 0 0 60 
K 0 21 60 
A D 8 32 
J B 60 1351 1 82 6913 576 0 
J N 7 1372 0 5 1 0 0 
K 0 0 43 
K 24 -6 44 
K 0 0 60 
K 0 21 60 
A D 12 32 
J B 61 1470 6 4 6913 864 0 
K -23 21 44 
K -23 35 44 
K -13 0 82 
K -6 0 84 
J N 7 1491 -28 9 1 0 0 
K 0 14 45 
K 0 0 45 
K 0 0 43 
K -1 0 45 
K 2 0 45 
K 0 106 108 
K 0 0 60 
K 0 28 60 
A D 8 32 
J R 6 1593 28 2 4609 576 0 
K 0 0 49 
A D 4 32 
J B 62 1644 1 82 6913 288 0 
J N 7 1665 -21 7 1 0 0 
K 0 7 45 
K 0 0 43 
K 0 7 45 
K 1 7 45 
K 0 0 60 
K 0 21 60 
A D 8 32 
J R 6 1730 28 2 4609 576 0 
K 0 0 49 
A D 4 32 
J B 63 1781 1 82 6913 288 0 
J N 5 1802 -14 5 1 0 2 47 48 
K 0 0 45 
K 0 0 43 
K -1 0 45 
K 2 0 45 
A D 2 32 
J N 5 1834 -7 2 1153 144 2 48 47 
K 0 0 43 
A D 2 32 
H 48 B -43 3 108 2 22 33 
H 47 S 0 0 0 0 0 0 0 0 0 
J N 7 1866 -7 4 2305 144 0 
K 0 0 43 
K 0 0 60 
K 0 21 60 
A D 8 32 
J B 64 1931 1 82 6913 576 0 
J N 7 1952 0 5 1 0 0 
K 0 0 43 
K 24 -6 44 
K 0 0 60 
K 0 21 60 
A D 12 32 
J B 0 2050 6 2 6913 864 0 
K -13 0 82 
K -6 0 84 
E * 
L 160 0 0 333 333 * 0 14 0 
J C 4 5 42 2 6913 0 0 
K 0 0 33 
K 0 0 34 
J K -1 57 0 1 6913 0 0 
K 0 28 65 
J D 0 -11 -14 1 6913 0 0 
W 0 0 0 \05\03 
J R 9 209 28 2 1 10000 0 
K 0 0 46 
A D 6 16 
J B 54 335 1 82 6913 864 0 
J N 6 356 -28 6 1 0 1 19 
K 0 14 45 
K 0 0 45 
K 0 0 43 
K -1 0 45 
K 2 0 45 
A D 2 16 
J N 5 408 -21 5 2305 288 2 20 19 
K 0 7 45 
K 0 0 43 
K 0 7 45 
K 1 7 45 
A D 1 16 
J N 5 441 -14 5 3457 144 1 19 
K 0 0 45 
K 0 0 43 
K -1 0 45 
K 2 0 45 
A D 1 16 
J N 5 474 -7 2 4609 144 1 19 
K 0 0 43 
A D 1 16 
J N 5 507 0 2 5761 144 2 19 20 
K 0 0 43 
A D 1 16 
H 19 B -59 3 108 5 2 21 11 11 33 
H 20 S 0 0 0 0 0 0 0 0 0 
J B 55 542 1 82 6913 144 0 
J N 6 563 7 3 1 0 0 
K 0 0 43 
K 0 0 54 
A D 2 16 
J N 7 614 0 4 2305 288 0 
K 0 0 43 
K 0 0 60 
K 0 21 60 
A D 4 16 
J B 56 716 1 82 6913 576 0 
J N 7 737 7 5 1 0 0 
K 0 0 43 
K 25 0 44 
K 0 0 60 
K 0 21 60 
A D 6 16 
J B 57 890 1 82 6913 864 0 
J N 7 911 0 4 1 0 0 
K 0 0 43 
K 0 0 60 
K 0 21 60 
A D 4 16 
J R 6 1013 28 2 4609 576 0 
K 0 0 49 
A D 2 16 
J B 58 1064 1 82 6913 288 0 
J N 7 1085 -7 4 1 0 0 
K 0 0 43 
K 0 0 60 
K 0 21 60 
A D 4 16 
J R 6 1150 28 2 4609 576 0 
K 0 0 49 
A D 2 16 
J B 59 1201 1 82 6913 288 0 
J N 6 1222 0 3 1 0 0 
K 0 0 43 
K 0 0 54 
A D 2 16 
J N 7 1286 7 4 2305 288 0 
K 0 0 43 
K 0 0 60 
K 0 21 60 
A D 4 16 
J B 60 1351 1 82 6913 576 0 
J N 7 1372 0 5 1 0 0 
K 0 0 43 
K 24 -6 44 
K 0 0 60 
K 0 21 60 
A D 6 16 
J B 61 1470 6 4 6913 864 0 
K -23 21 44 
K -23 35 44 
K -13 0 82 
K -6 0 84 
J N 7 1491 0 5 1 0 0 
K 0 0 43 
K 0 79 108 
K 0 0 60 
K 0 21 60 
A D 4 16 
J R 6 1593 28 2 4609 576 0 
K 0 0 49 
A D 2 16 
J B 62 1644 1 82 6913 288 0 
J N 7 1665 -7 4 1 0 0 
K 0 0 43 
K 0 0 60 
K 0 21 60 
A D 4 16 
J R 6 1730 28 2 4609 576 0 
K 0 0 49 
A D 2 16 
J B 63 1781 1 82 6913 288 0 
J N 6 1802 0 3 1 0 0 
K 0 0 43 
K 0 0 54 
A D 2 16 
J N 7 1866 7 4 2305 288 0 
K 0 0 43 
K 0 0 60 
K 0 21 60 
A D 4 16 
J B 64 1931 1 82 6913 576 0 
J N 7 1952 0 5 1 0 0 
K 0 0 43 
K 24 -6 44 
K 0 0 60 
K 0 21 60 
A D 6 16 
J B 0 2050 6 2 6913 864 0 
K -13 0 82 
K -6 0 84 
E * 
L 320 0 0 333 333 * 0 14 0 
J C 22 5 14 36 6913 0 0 
J K -1 57 0 1 6913 0 0 
K 0 42 65 
J D 0 -11 -14 1 6913 0 0 
W 0 0 0 \05\03 
J N 7 149 -14 7 1 0 0 
K 0 0 45 
K 0 0 43 
K -1 0 45 
K 2 0 45 
K 0 0 60 
K 0 21 60 
A D 4 16 
J R 6 267 28 2 4609 576 0 
K 0 0 49 
A D 2 16 
J B 54 335 1 82 6913 288 0 
J N 7 356 35 4 1 0 0 
K 0 0 43 
K 0 0 59 
K 0 -21 59 
A D 4 16 
J R 6 474 28 2 4609 576 0 
K 0 0 49 
A D 2 16 
J B 55 542 1 82 6913 288 0 
J N 7 563 -14 7 1 0 0 
K 0 0 45 
K 0 0 43 
K -1 0 45 
K 2 0 45 
K 0 0 60 
K 0 21 60 
A D 4 16 
J R 6 665 28 2 4609 576 0 
K 0 0 49 
A D 2 16 
J B 56 716 1 82 6913 288 0 
J N 6 737 35 2 1 0 1 30 
K 0 0 43 
A D 2 16 
J N 6 788 -14 5 2305 288 1 30 
K 0 0 45 
K 0 0 43 
K -1 0 45 
K 2 0 45 
A D 2 16 
J N 6 839 -7 2 4609 288 1 30 
K 0 0 43 
A D 2 16 
H 30 B -40 -5 108 3 2 1 3 
J B 57 890 1 82 6913 288 0 
J F 0 911 98 1 1 0 0 
K 0 0 205 
J N 6 911 0 2 1 0 1 31 
K 0 0 43 
A D 2 16 
J N 6 962 -7 2 2305 288 1 31 
K 0 0 43 
A D 2 16 
J N 6 1013 -14 5 4609 288 1 31 
K 0 0 45 
K 0 0 43 
K -1 0 45 
K 2 0 45 
A D 2 16 
H 31 B -46 -1 108 3 2 1 3 
J B 58 1064 1 82 6913 288 0 
J F 0 1085 98 2 1 0 0 
K 0 0 205 
K 0 21 204 
J N 7 1085 21 4 1 0 0 
K 0 0 43 
K 0 0 60 
K 0 21 60 
A D 4 16 
J R 6 1150 28 2 4609 576 0 
K 0 0 49 
A D 2 16 
J B 59 1201 1 82 6913 288 0 
J N 6 1222 14 3 1 0 0 
K 0 0 43 
K 0 0 54 
A D 2 16 
J F 0 1286 98 1 2305 288 0 
K 0 0 202 
J N 7 1286 35 4 2305 0 0 
K 0 0 43 
K 0 0 59 
K 0 -21 59 
A D 4 16 
J B 60 1351 1 82 6913 576 0 
J N 7 1372 14 5 1 0 0 
K 0 0 43 
K 24 -6 44 
K 0 0 60 
K 0 21 60 
A D 6 16 
J B 61 1470 6 4 6913 864 0 
K -23 21 44 
K -23 35 44 
K -13 0 82 
K -6 0 84 
J F 0 1491 112 1 1 0 0 
K 0 0 205 
J N 6 1491 0 3 1 0 1 32 
K 0 0 43 
K 0 81 108 
A D 2 16 
J N 6 1542 -7 2 2305 288 1 32 
K 0 0 43 
A D 2 16 
J N 6 1593 -14 5 4609 288 1 32 
K 0 0 45 
K 0 0 43 
K -1 0 45 
K 2 0 45 
A D 2 16 
H 32 B -46 -1 108 3 2 1 3 
J B 62 1644 1 82 6913 288 0 
J F 0 1665 98 2 1 0 0 
K 0 0 205 
K 0 21 204 
J N 7 1665 21 4 1 0 0 
K 0 0 43 
K 0 0 60 
K 0 21 60 
A D 4 16 
J R 6 1730 28 2 4609 576 0 
K 0 0 49 
A D 2 16 
J B 63 1781 1 82 6913 288 0 
J N 6 1802 14 3 1 0 0 
K 0 0 43 
K 0 0 54 
A D 2 16 
J F 0 1866 98 1 2305 288 0 
K 0 0 202 
J N 7 1866 35 4 2305 0 0 
K 0 0 43 
K 0 0 59 
K 0 -21 59 
A D 4 16 
J B 64 1931 1 82 6913 576 0 
J N 7 1952 63 5 1 0 0 
K 0 0 43 
K 25 0 44 
K 0 0 59 
K 0 -21 59 
A D 6 16 
J B 0 2050 6 2 6913 864 0 
K -13 0 82 
K -6 0 84 
E * 
L 530 0 0 333 333 * 0 14 0 
J C 4 5 42 2 6913 0 0 
K 0 0 33 
K 0 0 34 
J K -1 57 0 1 6913 0 0 
K 0 28 65 
J D 0 -11 -14 1 6913 0 0 
W 0 0 0 \05\03 
J R 9 209 28 2 1 10000 0 
K 0 0 46 
A D 6 16 
J B 54 335 1 82 6913 864 0 
J R 9 424 28 2 1 10000 0 
K 0 0 46 
A D 6 16 
J B 55 542 1 82 6913 864 0 
J R 9 615 28 2 1 10000 0 
K 0 0 46 
A D 6 16 
J B 56 716 1 82 6913 864 0 
J R 9 789 28 2 1 10000 0 
K 0 0 46 
A D 6 16 
J B 57 890 1 82 6913 864 0 
J N 7 911 -28 8 1 0 0 
K 0 14 45 
K 0 0 45 
K 0 0 43 
K -1 0 45 
K 2 0 45 
K 0 0 60 
K 0 28 60 
A D 4 16 
J R 6 1013 28 2 4609 576 0 
K 0 0 49 
A D 2 16 
J B 58 1064 1 82 6913 288 0 
J N 7 1085 -21 7 1 0 0 
K 0 7 45 
K 0 0 43 
K 0 7 45 
K 1 7 45 
K 0 0 60 
K 0 21 60 
A D 4 16 
J R 6 1150 28 2 4609 576 0 
K 0 0 49 
A D 2 16 
J B 59 1201 1 82 6913 288 0 
J N 5 1222 -14 5 1 0 2 23 24 
K 0 0 45 
K 0 0 43 
K -1 0 45 
K 2 0 45 
A D 1 16 
J N 5 1254 -7 2 1153 144 2 24 23 
K 0 0 43 
A D 1 16 
H 24 B -43 3 108 2 22 33 
H 23 S 0 0 0 0 0 0 0 0 0 
J N 7 1286 -7 4 2305 144 0 
K 0 0 43 
K 0 0 60 
K 0 21 60 
A D 4 16 
J B 60 1351 1 82 6913 576 0 
J N 7 1372 0 5 1 0 0 
K 0 0 43 
K 24 -6 44 
K 0 0 60 
K 0 21 60 
A D 6 16 
J B 61 1470 6 4 6913 864 0 
K -23 21 44 
K -23 35 44 
K -13 0 82 
K -6 0 84 
J N 7 1491 -28 9 1 0 0 
K 0 14 45 
K 0 0 45 
K 0 0 43 
K -1 0 45 
K 2 0 45 
K 0 106 108 
K 0 0 60 
K 0 28 60 
A D 4 16 
J R 6 1593 28 2 4609 576 0 
K 0 0 49 
A D 2 16 
J B 62 1644 1 82 6913 288 0 
J N 7 1665 -21 7 1 0 0 
K 0 7 45 
K 0 0 43 
K 0 7 45 
K 1 7 45 
K 0 0 60 
K 0 21 60 
A D 4 16 
J R 6 1730 28 2 4609 576 0 
K 0 0 49 
A D 2 16 
J B 63 1781 1 82 6913 288 0 
J N 5 1802 -14 5 1 0 2 25 26 
K 0 0 45 
K 0 0 43 
K -1 0 45 
K 2 0 45 
A D 1 16 
J N 5 1834 -7 2 1153 144 2 26 25 
K 0 0 43 
A D 1 16 
H 26 B -43 3 108 2 22 33 
H 25 S 0 0 0 0 0 0 0 0 0 
J N 7 1866 -7 4 2305 144 0 
K 0 0 43 
K 0 0 60 
K 0 21 60 
A D 4 16 
J B 64 1931 1 82 6913 576 0 
J N 7 1952 0 5 1 0 0 
K 0 0 43 
K 24 -6 44 
K 0 0 60 
K 0 21 60 
A D 6 16 
J B 0 2050 6 2 6913 864 0 
K -13 0 82 
K -6 0 84 
E * 
L 690 0 0 333 333 * 0 14 0 
J C 4 5 42 2 6913 0 0 
K 0 0 33 
K 0 0 34 
J K -1 57 0 1 6913 0 0 
K 0 28 65 
J D 0 -11 -14 1 6913 0 0 
W 0 0 0 \05\03 
J R 9 209 28 2 1 10000 0 
K 0 0 46 
A D 6 16 
J B 54 335 1 82 6913 864 0 
J R 9 424 28 2 1 10000 0 
K 0 0 46 
A D 6 16 
J B 55 542 1 82 6913 864 0 
J R 9 615 28 2 1 10000 0 
K 0 0 46 
A D 6 16 
J B 56 716 1 82 6913 864 0 
J R 9 789 28 2 1 10000 0 
K 0 0 46 
A D 6 16 
J B 57 890 1 82 6913 864 0 
J N 7 911 0 4 1 0 0 
K 0 0 43 
K 0 0 60 
K 0 21 60 
A D 4 16 
J R 6 1013 28 2 4609 576 0 
K 0 0 49 
A D 2 16 
J B 58 1064 1 82 6913 288 0 
J N 7 1085 -7 4 1 0 0 
K 0 0 43 
K 0 0 60 
K 0 21 60 
A D 4 16 
J R 6 1150 28 2 4609 576 0 
K 0 0 49 
A D 2 16 
J B 59 1201 1 82 6913 288 0 
J N 6 1222 0 3 1 0 0 
K 0 0 43 
K 0 0 54 
A D 2 16 
J N 7 1286 7 4 2305 288 0 
K 0 0 43 
K 0 0 60 
K 0 21 60 
A D 4 16 
J B 60 1351 1 82 6913 576 0 
J N 7 1372 0 5 1 0 0 
K 0 0 43 
K 24 -6 44 
K 0 0 60 
K 0 21 60 
A D 6 16 
J B 61 1470 6 4 6913 864 0 
K -23 21 44 
K -23 35 44 
K -13 0 82 
K -6 0 84 
J N 7 1491 0 5 1 0 0 
K 0 0 43 
K 0 79 108 
K 0 0 60 
K 0 21 60 
A D 4 16 
J R 6 1593 28 2 4609 576 0 
K 0 0 49 
A D 2 16 
J B 62 1644 1 82 6913 288 0 
J N 7 1665 -7 4 1 0 0 
K 0 0 43 
K 0 0 60 
K 0 21 60 
A D 4 16 
J R 6 1730 28 2 4609 576 0 
K 0 0 49 
A D 2 16 
J B 63 1781 1 82 6913 288 0 
J N 6 1802 0 3 1 0 0 
K 0 0 43 
K 0 0 54 
A D 2 16 
J N 7 1866 7 4 2305 288 0 
K 0 0 43 
K 0 0 60 
K 0 21 60 
A D 4 16 
J B 64 1931 1 82 6913 576 0 
J N 7 1952 0 5 1 0 0 
K 0 0 43 
K 24 -6 44 
K 0 0 60 
K 0 21 60 
A D 6 16 
J B 0 2050 6 2 6913 864 0 
K -13 0 82 
K -6 0 84 
E * 
L 850 0 0 333 333 * 0 14 0 
J C 13 5 28 35 6913 0 0 
J K -1 57 0 1 6913 0 0 
K 0 35 65 
J D 0 -11 -14 1 6913 0 0 
W 0 0 0 \05\03 
J R 9 209 28 2 1 10000 0 
K 0 0 46 
A D 6 16 
J B 54 335 1 82 6913 864 0 
J R 9 424 28 2 1 10000 0 
K 0 0 46 
A D 6 16 
J B 55 542 1 82 6913 864 0 
J R 9 615 28 2 1 10000 0 
K 0 0 46 
A D 6 16 
J B 56 716 1 82 6913 864 0 
J R 9 789 28 2 1 10000 0 
K 0 0 46 
A D 6 16 
J B 57 890 1 82 6913 864 0 
J N 7 911 -21 7 1 0 0 
K 0 7 45 
K 0 0 43 
K 0 7 45 
K 1 7 45 
K 0 0 60 
K 0 21 60 
A D 4 16 
J R 6 1013 28 2 4609 576 0 
K 0 0 49 
A D 2 16 
J B 58 1064 1 82 6913 288 0 
J N 7 1085 -21 7 1 0 0 
K 0 7 45 
K 0 0 43 
K 0 7 45 
K 1 7 45 
K 0 0 60 
K 0 21 60 
A D 4 16 
J R 6 1150 28 2 4609 576 0 
K 0 0 49 
A D 2 16 
J B 59 1201 1 82 6913 288 0 
J N 6 1222 -21 7 1 0 0 
K 0 7 45 
K 0 0 43 
K 0 7 45 
K 1 7 45 
K 0 0 60 
K 0 0 54 
A D 2 16 
J N 7 1286 -21 7 2305 288 0 
K 0 7 45 
K 0 0 43 
K 0 7 45 
K 1 7 45 
K 0 0 60 
K 0 21 60 
A D 4 16 
J B 60 1351 1 82 6913 576 0 
J N 7 1372 -7 5 1 0 0 
K 0 0 43 
K 25 0 44 
K 0 0 60 
K 0 21 60 
A D 6 16 
J B 61 1470 6 4 6913 864 0 
K -23 21 44 
K -23 35 44 
K -13 0 82 
K -6 0 84 
J N 7 1491 -21 8 1 0 0 
K 0 7 45 
K 0 0 43 
K 0 7 45 
K 1 7 45 
K 0 99 108 
K 0 0 60 
K 0 21 60 
A D 4 16 
J R 6 1593 28 2 4609 576 0 
K 0 0 49 
A D 2 16 
J B 62 1644 1 82 6913 288 0 
J N 7 1665 -21 7 1 0 0 
K 0 7 45 
K 0 0 43 
K 0 7 45 
K 1 7 45 
K 0 0 60 
K 0 21 60 
A D 4 16 
J R 6 1730 28 2 4609 576 0 
K 0 0 49 
A D 2 16 
J B 63 1781 1 82 6913 288 0 
J N 6 1802 28 3 1 0 0 
K 0 0 43 
K 0 0 54 
A D 2 16 
J N 7 1866 28 4 2305 288 0 
K 0 0 43 
K 0 0 60 
K 0 21 60 
A D 4 16 
J B 64 1931 1 82 6913 576 0 
J N 7 1952 42 5 1 0 0 
K 0 0 43 
K 24 -6 44 
K 0 0 59 
K 0 -21 59 
A D 6 16 
J B 0 2050 6 2 6913 864 0 
K -13 0 82 
K -6 0 84 
E * 
L 1010 0 0 333 333 * 0 14 0 
J C 22 5 14 36 6913 0 0 
J K -1 57 0 1 6913 0 0 
K 0 42 65 
J D 0 -11 -14 1 6913 0 0 
W 0 0 0 \05\03 
J R 9 209 28 2 1 10000 0 
K 0 0 46 
A D 6 16 
J B 54 335 1 82 6913 864 0 
J R 9 424 28 2 1 10000 0 
K 0 0 46 
A D 6 16 
J B 55 542 1 82 6913 864 0 
J R 9 615 28 2 1 10000 0 
K 0 0 46 
A D 6 16 
J B 56 716 1 82 6913 864 0 
J R 9 789 28 2 1 10000 0 
K 0 0 46 
A D 6 16 
J B 57 890 1 82 6913 864 0 
J F 0 911 98 1 1 0 0 
K 0 0 205 
J N 6 911 0 2 1 0 1 19 
K 0 0 43 
A D 2 16 
J N 6 962 -7 2 2305 288 1 19 
K 0 0 43 
A D 2 16 
J N 6 1013 -14 5 4609 288 1 19 
K 0 0 45 
K 0 0 43 
K -1 0 45 
K 2 0 45 
A D 2 16 
H 19 B -46 -1 108 3 2 1 3 
J B 58 1064 1 82 6913 288 0 
J F 0 1085 98 2 1 0 0 
K 0 0 205 
K 0 21 204 
J N 7 1085 21 4 1 0 0 
K 0 0 43 
K 0 0 60 
K 0 21 60 
A D 4 16 
J R 6 1150 28 2 4609 576 0 
K 0 0 49 
A D 2 16 
J B 59 1201 1 82 6913 288 0 
J N 6 1222 14 3 1 0 0 
K 0 0 43 
K 0 0 54 
A D 2 16 
J F 0 1286 98 1 2305 288 0 
K 0 0 202 
J N 7 1286 35 4 2305 0 0 
K 0 0 43 
K 0 0 59 
K 0 -21 59 
A D 4 16 
J B 60 1351 1 82 6913 576 0 
J N 7 1372 14 5 1 0 0 
K 0 0 43 
K 24 -6 44 
K 0 0 60 
K 0 21 60 
A D 6 16 
J B 61 1470 6 4 6913 864 0 
K -23 21 44 
K -23 35 44 
K -13 0 82 
K -6 0 84 
J F 0 1491 112 1 1 0 0 
K 0 0 205 
J N 6 1491 0 3 1 0 1 20 
K 0 0 43 
K 0 81 108 
A D 2 16 
J N 6 1542 -7 2 2305 288 1 20 
K 0 0 43 
A D 2 16 
J N 6 1593 -14 5 4609 288 1 20 
K 0 0 45 
K 0 0 43 
K -1 0 45 
K 2 0 45 
A D 2 16 
H 20 B -46 -1 108 3 2 1 3 
J B 62 1644 1 82 6913 288 0 
J F 0 1665 98 2 1 0 0 
K 0 0 205 
K 0 21 204 
J N 7 1665 21 4 1 0 0 
K 0 0 43 
K 0 0 60 
K 0 21 60 
A D 4 16 
J R 6 1730 28 2 4609 576 0 
K 0 0 49 
A D 2 16 
J B 63 1781 1 82 6913 288 0 
J N 6 1802 14 3 1 0 0 
K 0 0 43 
K 0 0 54 
A D 2 16 
J F 0 1866 98 1 2305 288 0 
K 0 0 202 
J N 7 1866 35 4 2305 0 0 
K 0 0 43 
K 0 0 59 
K 0 -21 59 
A D 4 16 
J B 64 1931 1 82 6913 576 0 
J N 7 1952 63 5 1 0 0 
K 0 0 43 
K 25 0 44 
K 0 0 59 
K 0 -21 59 
A D 6 16 
J B 0 2050 6 2 6913 864 0 
K -13 0 82 
K -6 0 84 
E * 
B 25 87 0 
B 1 335 0 
B 1 542 0 
B 1 716 0 
B 1 890 0 
B 1 1064 0 
B 1 1201 0 
B 1 1351 0 
B 6 1470 0 
B 1 1644 0 
B 1 1781 0 
B 1 1931 0 
B 6 2050 0 
