@ SOURCE: not identified 
L 0 0 14 !39Violino 1 concertino
J D 4 500 -120 1 6913 0 0
W 0 0 44 I 
J D 1 75 -37 1 6913 0 0
W 0 -56 44 I :  Violino 1 concertino
J C 4 5 42 2 6913 0 0
K 0 0 33
K 0 0 34
J K -1 57 0 1 6913 0 0
K 0 28 65
J D 5 86 -42 1 6913 0 0
W 0 0 37 Adagio
J T 101 86 42 1 6913 0 0
K 0 0 37
J N 7 134 49 4 1 0 0
K 0 0 43
K 0 0 59
K 0 -21 59
A D 4 16
J R 6 182 28 2 1729 576 0
K 0 0 49
A D 2 16
J N 6 216 14 3 2593 288 0
K 0 0 43
K 0 0 54
A D 2 16
J N 6 250 21 2 3457 288 1 1
K 0 0 43
A D 2 16
J N 6 284 14 2 4321 288 1 1
K 0 0 43
A D 2 16
J N 6 318 21 2 5185 288 1 1
K 0 0 43
A D 2 16
J N 6 352 14 2 6049 288 1 1
K 0 0 43
A D 2 16
H 1 B 1 0 108 4 2 1 1 3
J B 2 390 1 82 6913 288 0
J N 7 411 21 4 1 0 0
K 0 0 43
K 0 0 60
K 0 21 60
A D 4 16
J R 7 459 28 3 1729 576 0
K 0 0 48
K -2 -35 101
A D 4 16
J N 7 507 28 4 3457 576 0
K 0 0 43
K 0 0 60
K 0 21 60
A D 4 16
J R 6 555 28 2 5185 576 0
K 0 0 49
A D 2 16
J N 6 589 28 3 6049 288 0
K 0 0 43
K 0 0 54
A D 2 16
J B 3 627 1 82 6913 288 0
J N 6 648 21 2 1 0 1 2
K 0 0 43
A D 2 16
J N 6 682 28 2 865 288 1 2
K 0 0 43
A D 2 16
J N 6 716 21 2 1729 288 1 2
K 0 0 43
A D 2 16
J N 6 750 28 2 2593 288 1 2
K 0 0 43
A D 2 16
H 2 B 1 0 108 4 2 1 1 3
J N 7 784 35 4 3457 288 0
K 0 0 43
K 0 0 59
K 0 -21 59
A D 4 16
J R 6 832 28 2 5185 576 0
K 0 0 49
A D 2 16
J N 6 866 28 3 6049 288 0
K 0 0 43
K 0 0 54
A D 2 16
J B 4 904 1 82 6913 288 0
J N 7 925 21 4 1 0 0
K 0 0 43
K 0 0 60
K 0 21 60
A D 4 16
J R 6 973 28 2 1729 576 0
K 0 0 49
A D 2 16
J N 6 1007 14 4 2593 288 0
K 0 0 43
K 0 68 108
K 0 0 54
A D 2 16
J N 7 1041 21 4 3457 288 0
K 0 0 43
K 0 0 60
K 0 21 60
A D 4 16
J R 6 1089 28 2 5185 576 0
K 0 0 49
A D 2 16
J N 6 1123 0 4 6049 288 0
K 0 0 43
K 0 84 110
K 0 0 54
A D 2 16
J B 5 1161 1 82 6913 288 0
J N 6 1182 0 2 1 0 1 3
K 0 0 43
A D 2 16
J N 6 1216 28 2 865 288 1 3
K 0 0 43
A D 2 16
J N 6 1250 7 4 1729 288 1 3
K -15 0 65
K 0 0 43
K 25 0 44
A D 3 16
J N 5 1292 7 2 3025 432 1 3
K 0 0 43
A D 1 16
H 3 B 1 0 108 4 2 1 1 53
J N 7 1318 21 4 3457 144 0
K 0 0 43
K 0 0 60
K 0 21 60
A D 4 16
J R 6 1366 28 2 5185 576 0
K 0 0 49
A D 2 16
J N 6 1400 14 3 6049 288 0
K 0 0 43
K 0 0 54
A D 2 16
J B 6 1438 1 82 6913 288 0
J N 7 1459 42 4 1 0 0
K 0 0 43
K 0 0 59
K 0 -21 59
A D 4 16
J R 6 1507 28 2 1729 576 0
K 0 0 49
A D 2 16
J N 6 1541 -7 4 2593 288 0
K 0 0 43
K 0 84 108
K 0 0 54
A D 2 16
J N 7 1575 21 4 3457 288 0
K 0 0 43
K 0 0 60
K 0 21 60
A D 4 16
J R 6 1623 28 2 5185 576 0
K 0 0 49
A D 2 16
J N 6 1657 14 4 6049 288 0
K 0 0 43
K 0 75 110
K 0 0 54
A D 2 16
J B 7 1695 1 82 6913 288 0
J N 6 1716 42 2 1 0 1 4
K 0 0 43
A D 2 16
J N 6 1750 35 2 865 288 1 4
K 0 0 43
A D 2 16
H 4 B 0 0 108 2 2 3
J N 8 1784 28 4 1729 288 0
K 0 0 42
K 0 0 60
K 0 21 60
A D 8 16
J N 6 1855 28 3 5185 1152 1 5
K 0 0 43
K 24 -6 44
A D 3 16
J N 5 1897 35 2 6481 432 1 5
K 0 0 43
A D 1 16
H 5 B 0 0 108 2 2 53
J B 8 1927 1 82 6913 144 0
J N 7 1948 28 4 1 0 0
K 0 0 43
K 0 0 60
K 0 21 60
A D 4 16
J R 6 1996 28 2 1729 576 0
K 0 0 49
A D 2 16
J N 6 2030 0 4 2593 288 0
K 0 0 43
K 0 77 108
K 0 0 54
A D 2 16
J N 7 2071 7 5 3457 288 0
K -15 0 65
K 0 0 43
K 0 0 60
K 0 21 60
A D 4 16
J N 6 2119 14 2 5185 576 2 6 7
K 0 0 43
A D 2 16
J N 6 2153 21 2 6049 288 2 7 6
K 0 0 43
A D 2 16
H 7 B 1 0 108 2 2 3
H 6 S 0 0 0 0 0 0 0 0 0
J B 9 2191 1 82 6913 288 0
J N 7 2212 14 4 1 0 0
K 0 0 43
K 0 0 60
K 0 21 60
A D 4 16
J N 7 2260 21 4 1729 576 0
K 0 0 43
K 0 0 60
K 0 21 60
A D 4 16
J D 5 2308 -42 1 3457 576 0
W 0 0 37 Allegro
J N 5 2308 -21 5 3457 0 1 8
K 0 7 45
K 0 0 43
K 0 7 45
K 1 7 45
A D 1 16
J N 5 2334 0 2 3889 144 1 8
K 0 0 43
A D 1 16
J N 5 2360 14 2 4321 144 1 8
K 0 0 43
A D 1 16
J N 5 2386 0 2 4753 144 1 8
K 0 0 43
A D 1 16
H 8 B 1 0 108 4 22 11 11 33
J N 5 2412 28 2 5185 144 1 9
K 0 0 43
A D 1 16
J N 5 2438 14 2 5617 144 1 9
K 0 0 43
A D 1 16
J N 5 2464 21 2 6049 144 1 9
K 0 0 43
A D 1 16
J N 5 2490 28 2 6481 144 1 9
K 0 0 43
A D 1 16
H 9 B 1 0 108 4 22 11 11 33
J B 10 2520 1 82 6913 144 0
J N 7 2541 0 4 1 0 0
K 0 0 43
K 0 0 60
K 0 21 60
A D 4 16
J R 7 2589 28 2 1729 576 0
K 0 0 48
A D 4 16
J N 5 2637 -21 5 3457 576 1 10
K 0 7 45
K 0 0 43
K 0 7 45
K 1 7 45
A D 1 16
J N 5 2663 -14 5 3889 144 1 10
K 0 0 45
K 0 0 43
K -1 0 45
K 2 0 45
A D 1 16
J N 5 2689 -7 2 4321 144 1 10
K 0 0 43
A D 1 16
J N 5 2715 0 2 4753 144 1 10
K 0 0 43
A D 1 16
H 10 B 1 0 108 4 22 11 11 33
J N 5 2741 7 2 5185 144 1 11
K 0 0 43
A D 1 16
J N 5 2767 -7 2 5617 144 1 11
K 0 0 43
A D 1 16
J N 5 2793 0 2 6049 144 1 11
K 0 0 43
A D 1 16
J N 5 2819 7 2 6481 144 1 11
K 0 0 43
A D 1 16
H 11 B 1 0 108 4 22 11 11 33
J B 11 2849 1 82 6913 144 0
J N 7 2870 -14 7 1 0 0
K 0 0 45
K 0 0 43
K -1 0 45
K 2 0 45
K 0 0 60
K 0 21 60
A D 4 16
J R 7 2918 28 2 1729 576 0
K 0 0 48
A D 4 16
J N 5 2966 -21 5 3457 576 1 12
K 0 7 45
K 0 0 43
K 0 7 45
K 1 7 45
A D 1 16
J N 5 2992 0 2 3889 144 1 12
K 0 0 43
A D 1 16
J N 5 3018 14 2 4321 144 1 12
K 0 0 43
A D 1 16
J N 5 3044 0 2 4753 144 1 12
K 0 0 43
A D 1 16
H 12 B 1 0 108 4 22 11 11 33
J N 5 3070 28 2 5185 144 1 13
K 0 0 43
A D 1 16
J N 5 3096 14 2 5617 144 1 13
K 0 0 43
A D 1 16
J N 5 3122 21 2 6049 144 1 13
K 0 0 43
A D 1 16
J N 5 3148 28 2 6481 144 1 13
K 0 0 43
A D 1 16
H 13 B 1 0 108 4 22 11 11 33
J B 12 3178 1 82 6913 144 0
J N 8 3199 -7 4 1 0 0
K 0 0 42
K 0 0 60
K 0 21 60
A D 8 16
J N 8 3270 0 4 3457 1152 0
K 0 0 42
K 0 0 60
K 0 21 60
A D 8 16
J B 13 3345 1 82 6913 1152 0
J N 8 3369 7 5 1 0 0
K -15 0 65
K 0 0 42
K 0 0 60
K 0 21 60
A D 8 16
J N 8 3440 14 4 3457 1152 0
K 0 0 42
K 0 0 60
K 0 21 60
A D 8 16
J B 14 3515 1 82 6913 1152 0
J N 8 3536 21 4 1 0 0
K 0 0 42
K 0 0 60
K 0 21 60
A D 8 16
J N 8 3607 28 4 3457 1152 0
K 0 0 42
K 0 0 60
K 0 21 60
A D 8 16
J B 15 3682 1 82 6913 1152 0
J N 7 3703 35 5 1 0 0
K 0 0 43
K 25 0 44
K 0 0 59
K 0 -21 59
A D 6 16
J N 6 3764 21 3 2593 864 0
K 0 0 43
K 0 0 54
A D 2 16
J N 6 3798 14 2 3457 288 2 14 15
K 0 0 43
A D 2 16
J N 6 3832 21 2 4321 288 2 15 14
K 0 0 43
A D 2 16
H 14 S 0 0 0 0 0 0 0 0 0
J N 6 3866 28 2 5185 288 2 16 15
K 0 0 43
A D 2 16
J N 6 3900 35 2 6049 288 2 15 16
K 0 0 43
A D 2 16
H 15 B 1 0 108 4 2 1 1 3
H 16 S 0 0 0 0 0 0 0 0 0
J B 16 3938 1 82 6913 288 0
J N 8 3959 42 4 1 0 0
K 0 0 42
K 0 0 59
K 0 -21 59
A D 8 16
J N 7 4030 49 4 3457 1152 0
K 0 0 43
K 0 0 59
K 0 -21 59
A D 4 16
J R 7 4078 28 2 5185 576 0
K 0 0 48
A D 4 16
J B 17 4130 1 82 6913 576 0
J N 5 4151 49 2 1 0 1 17
K 0 0 43
A D 1 16
J N 5 4177 28 2 433 144 1 17
K 0 0 43
A D 1 16
J N 5 4203 14 2 865 144 1 17
K 0 0 43
A D 1 16
J N 5 4229 28 2 1297 144 1 17
K 0 0 43
A D 1 16
H 17 B 0 0 108 4 22 11 11 33
J N 5 4255 49 2 1729 144 1 18
K 0 0 43
A D 1 16
J N 5 4281 63 2 2161 144 1 18
K 0 0 43
A D 1 16
J N 5 4307 49 2 2593 144 1 18
K 0 0 43
A D 1 16
J N 5 4333 28 2 3025 144 1 18
K 0 0 43
A D 1 16
H 18 B 0 0 108 4 22 11 11 33
J N 7 4359 42 4 3457 144 0
K 0 0 43
K 0 0 59
K 0 -21 59
A D 4 16
J R 7 4407 28 2 5185 576 0
K 0 0 48
A D 4 16
J B 18 4459 1 82 6913 576 0
J N 5 4480 42 2 1 0 1 19
K 0 0 43
A D 1 16
J N 5 4506 21 2 433 144 1 19
K 0 0 43
A D 1 16
J N 5 4532 28 2 865 144 1 19
K 0 0 43
A D 1 16
J N 5 4558 21 2 1297 144 1 19
K 0 0 43
A D 1 16
H 19 B 0 0 108 4 22 11 11 33
J N 5 4584 42 2 1729 144 1 20
K 0 0 43
A D 1 16
J N 5 4610 21 2 2161 144 1 20
K 0 0 43
A D 1 16
J N 5 4636 28 2 2593 144 1 20
K 0 0 43
A D 1 16
J N 5 4662 21 2 3025 144 1 20
K 0 0 43
A D 1 16
H 20 B 0 0 108 4 22 11 11 33
J N 7 4688 35 4 3457 144 0
K 0 0 43
K 0 0 59
K 0 -21 59
A D 4 16
J R 7 4736 28 2 5185 576 0
K 0 0 48
A D 4 16
J B 19 4788 1 82 6913 576 0
J N 5 4809 35 2 1 0 1 21
K 0 0 43
A D 1 16
J N 5 4835 14 2 433 144 1 21
K 0 0 43
A D 1 16
J N 5 4861 35 2 865 144 1 21
K 0 0 43
A D 1 16
J N 5 4904 49 3 1297 144 1 21
K -18 0 63
K 0 0 43
A D 1 16
H 21 B 0 0 108 4 22 11 11 33
J N 5 4930 63 2 1729 144 1 22
K 0 0 43
A D 1 16
J N 5 4956 49 2 2161 144 1 22
K 0 0 43
A D 1 16
J N 5 4982 35 2 2593 144 1 22
K 0 0 43
A D 1 16
J N 5 5008 14 2 3025 144 1 22
K 0 0 43
A D 1 16
H 22 B 0 0 108 4 22 11 11 33
J N 7 5034 28 4 3457 144 0
K 0 0 43
K 0 0 60
K 0 21 60
A D 4 16
J R 7 5082 28 2 5185 576 0
K 0 0 48
A D 4 16
J B 20 5134 1 82 6913 576 0
J N 5 5155 28 2 1 0 1 23
K 0 0 43
A D 1 16
J N 5 5185 7 3 433 144 1 23
K -15 0 65
K 0 0 43
A D 1 16
J N 5 5211 14 2 865 144 1 23
K 0 0 43
A D 1 16
J N 5 5237 7 2 1297 144 1 23
K 0 0 43
A D 1 16
H 23 B 1 0 108 4 22 11 11 33
J N 5 5263 28 2 1729 144 1 24
K 0 0 43
A D 1 16
J N 5 5289 7 2 2161 144 1 24
K 0 0 43
A D 1 16
J N 5 5315 14 2 2593 144 1 24
K 0 0 43
A D 1 16
J N 5 5341 7 2 3025 144 1 24
K 0 0 43
A D 1 16
H 24 B 1 0 108 4 22 11 11 33
J N 7 5367 21 4 3457 144 0
K 0 0 43
K 0 0 60
K 0 21 60
A D 4 16
J R 7 5415 28 2 5185 576 0
K 0 0 48
A D 4 16
J B 21 5467 1 82 6913 576 0
J N 5 5488 21 2 1 0 1 25
K 0 0 43
A D 1 16
J N 5 5514 0 2 433 144 1 25
K 0 0 43
A D 1 16
J N 5 5540 21 2 865 144 1 25
K 0 0 43
A D 1 16
J N 5 5566 35 2 1297 144 1 25
K 0 0 43
A D 1 16
H 25 B 1 0 108 4 22 11 11 33
J N 5 5592 49 2 1729 144 1 26
K 0 0 43
A D 1 16
J N 5 5618 35 2 2161 144 1 26
K 0 0 43
A D 1 16
J N 5 5644 21 2 2593 144 1 26
K 0 0 43
A D 1 16
J N 5 5670 0 2 3025 144 1 26
K 0 0 43
A D 1 16
H 26 B 1 0 108 4 22 11 11 33
J N 7 5696 14 4 3457 144 0
K 0 0 43
K 0 0 60
K 0 21 60
A D 4 16
J R 7 5744 28 2 5185 576 0
K 0 0 48
A D 4 16
J B 22 5796 1 82 6913 576 0
J N 5 5817 0 2 1 0 1 27
K 0 0 43
A D 1 16
J N 5 5843 21 2 433 144 1 27
K 0 0 43
A D 1 16
J N 5 5869 35 2 865 144 1 27
K 0 0 43
A D 1 16
J N 5 5895 21 2 1297 144 1 27
K 0 0 43
A D 1 16
H 27 B 1 0 108 4 22 11 11 33
J N 5 5921 49 2 1729 144 1 28
K 0 0 43
A D 1 16
J N 5 5947 35 2 2161 144 1 28
K 0 0 43
A D 1 16
J N 5 5973 42 2 2593 144 1 28
K 0 0 43
A D 1 16
J N 5 5999 49 2 3025 144 1 28
K 0 0 43
A D 1 16
H 28 B 0 0 108 4 22 11 11 33
J N 7 6025 28 4 3457 144 0
K 0 0 43
K 0 0 60
K 0 21 60
A D 4 16
J R 7 6073 28 2 5185 576 0
K 0 0 48
A D 4 16
J B 23 6125 1 82 6913 576 0
J N 5 6146 -14 5 1 0 1 29
K 0 0 45
K 0 0 43
K -1 0 45
K 2 0 45
A D 1 16
J N 5 6172 0 2 433 144 1 29
K 0 0 43
A D 1 16
J N 5 6198 21 2 865 144 1 29
K 0 0 43
A D 1 16
J N 5 6224 0 2 1297 144 1 29
K 0 0 43
A D 1 16
H 29 B 1 0 108 4 22 11 11 33
J N 5 6250 35 2 1729 144 1 30
K 0 0 43
A D 1 16
J N 5 6276 21 2 2161 144 1 30
K 0 0 43
A D 1 16
J N 5 6302 28 2 2593 144 1 30
K 0 0 43
A D 1 16
J N 5 6328 35 2 3025 144 1 30
K 0 0 43
A D 1 16
H 30 B 1 0 108 4 22 11 11 33
J N 6 6354 14 2 3457 144 1 31
K 0 0 43
A D 2 16
J N 6 6388 28 2 4321 288 1 31
K 0 0 43
A D 2 16
H 31 B 1 0 108 2 2 3
J N 7 6422 0 4 5185 288 1 32
K 0 0 43
K 0 0 60
K 0 21 60
A D 4 16
J B 24 6474 1 82 6913 576 0
J N 7 6495 0 4 1 0 1 32
K 0 0 43
K 0 0 60
K 0 21 60
A D 4 16
H 32 T 0 0 0 0 0 0 5 0
J N 8 6543 7 5 1729 576 0
K -15 0 65
K 0 0 42
K 0 0 60
K 0 21 60
A D 8 16
J N 7 6614 14 4 5185 1152 1 33
K 0 0 43
K 0 0 60
K 0 21 60
A D 4 16
J B 25 6666 1 82 6913 576 0
J N 7 6687 14 4 1 0 1 33
K 0 0 43
K 0 0 60
K 0 21 60
A D 4 16
H 33 T 14 0 0 0 0 0 5 0
J N 8 6735 21 4 1729 576 0
K 0 0 42
K 0 0 60
K 0 21 60
A D 8 16
J N 6 6806 28 2 5185 1152 1 34
K 0 0 43
A D 2 16
J N 6 6840 35 2 6049 288 1 34
K 0 0 43
A D 2 16
H 34 B 0 0 108 2 2 3
J B 26 6878 1 82 6913 288 0
J N 7 6899 42 5 1 0 0
K 0 0 43
K 24 -6 44
K 0 0 59
K 0 -21 59
A D 6 16
J N 6 6960 -7 3 2593 864 0
K 0 0 43
K 0 0 54
A D 2 16
J N 6 6994 -14 5 3457 288 1 35
K 0 0 45
K 0 0 43
K -1 0 45
K 2 0 45
A D 2 16
J N 6 7028 0 2 4321 288 1 35
K 0 0 43
A D 2 16
H 35 B 1 0 108 2 2 3
J N 7 7062 -21 7 5185 288 1 36
K 0 7 45
K 0 0 43
K 0 7 45
K 1 7 45
K 0 0 60
K 0 21 60
A D 4 16
J B 27 7114 1 82 6913 576 0
J N 7 7135 -21 7 1 0 1 36
K 0 7 45
K 0 0 43
K 0 7 45
K 1 7 45
K 0 0 60
K 0 21 60
A D 4 16
H 36 T -21 0 0 0 0 0 1 0
J N 7 7183 -14 7 1729 576 0
K 0 0 45
K 0 0 43
K -1 0 45
K 2 0 45
K 0 0 60
K 0 21 60
A D 4 16
J N 7 7231 -21 7 3457 576 0
K 0 7 45
K 0 0 43
K 0 7 45
K 1 7 45
K 0 0 60
K 0 21 60
A D 4 16
J R 6 7279 28 2 5185 576 0
K 0 0 49
A D 2 16
J N 6 7313 0 3 6049 288 0
K 0 0 43
K 0 0 54
A D 2 16
J B 28 7351 1 82 6913 288 0
J N 6 7372 -7 2 1 0 1 37
K 0 0 43
A D 2 16
J N 6 7406 28 2 865 288 1 37
K 0 0 43
A D 2 16
J N 6 7440 0 2 1729 288 1 37
K 0 0 43
A D 2 16
J N 6 7474 28 2 2593 288 1 37
K 0 0 43
A D 2 16
H 37 B 1 0 108 4 2 1 1 3
J N 6 7508 -7 2 3457 288 1 38
K 0 0 43
A D 2 16
J N 6 7542 28 2 4321 288 1 38
K 0 0 43
A D 2 16
J N 6 7576 0 2 5185 288 1 38
K 0 0 43
A D 2 16
J N 6 7610 28 2 6049 288 1 38
K 0 0 43
A D 2 16
H 38 B 1 0 108 4 2 1 1 3
J B 29 7648 1 82 6913 288 0
J N 7 7669 -7 4 1 0 0
K 0 0 43
K 0 0 60
K 0 21 60
A D 4 16
J R 7 7717 28 3 1729 576 0
K 0 0 48
K -2 -35 101
A D 4 16
J N 7 7765 35 4 3457 576 0
K 0 0 43
K 0 0 59
K 0 -21 59
A D 4 16
J N 7 7813 28 4 5185 576 1 39
K 0 0 43
K 0 0 60
K 0 21 60
A D 4 16
J B 30 7865 1 82 6913 576 0
J N 7 7886 28 4 1 0 1 39
K 0 0 43
K 0 0 60
K 0 21 60
A D 4 16
H 39 T 28 0 0 0 0 0 5 0
J N 7 7934 35 4 1729 576 0
K 0 0 43
K 0 0 59
K 0 -21 59
A D 4 16
J N 7 7982 28 4 3457 576 0
K 0 0 43
K 0 0 60
K 0 21 60
A D 4 16
J R 7 8030 28 3 5185 576 0
K 0 0 48
K -2 -35 101
A D 4 16
J B 31 8082 1 82 6913 576 0
J N 7 8106 7 6 1 0 0
K -15 0 65
K 0 0 43
K 0 74 108
K 0 0 60
K 0 21 60
A D 4 16
J N 7 8154 14 4 1729 576 0
K 0 0 43
K 0 0 60
K 0 21 60
A D 4 16
J N 8 8202 21 4 3457 576 0
K 0 0 42
K 0 0 60
K 0 21 60
A D 8 16
J B 32 8277 1 82 6913 1152 0
J N 5 8298 14 3 1 0 1 40
K 0 0 43
K 0 78 110
A D 1 16
J N 5 8324 0 2 433 144 1 40
K 0 0 43
A D 1 16
J N 5 8350 14 2 865 144 1 40
K 0 0 43
A D 1 16
J N 5 8376 0 2 1297 144 1 40
K 0 0 43
A D 1 16
H 40 B 1 0 108 4 22 11 11 33
J N 5 8402 21 2 1729 144 1 41
K 0 0 43
A D 1 16
J N 5 8428 0 2 2161 144 1 41
K 0 0 43
A D 1 16
J N 5 8454 21 2 2593 144 1 41
K 0 0 43
A D 1 16
J N 5 8480 0 2 3025 144 1 41
K 0 0 43
A D 1 16
H 41 B 1 0 108 4 22 11 11 33
J N 5 8506 14 2 3457 144 1 42
K 0 0 43
A D 1 16
J N 5 8532 0 2 3889 144 1 42
K 0 0 43
A D 1 16
J N 5 8558 14 2 4321 144 1 42
K 0 0 43
A D 1 16
J N 5 8584 0 2 4753 144 1 42
K 0 0 43
A D 1 16
H 42 B 1 0 108 4 22 11 11 33
J N 5 8610 21 2 5185 144 1 43
K 0 0 43
A D 1 16
J N 5 8636 0 2 5617 144 1 43
K 0 0 43
A D 1 16
J N 5 8662 21 2 6049 144 1 43
K 0 0 43
A D 1 16
J N 5 8688 0 2 6481 144 1 43
K 0 0 43
A D 1 16
H 43 B 1 0 108 4 22 11 11 33
J B 33 8718 1 82 6913 144 0
J N 5 8739 14 2 1 0 1 44
K 0 0 43
A D 1 16
J N 5 8765 0 2 433 144 1 44
K 0 0 43
A D 1 16
J N 5 8791 14 2 865 144 1 44
K 0 0 43
A D 1 16
J N 5 8817 0 2 1297 144 1 44
K 0 0 43
A D 1 16
H 44 B 1 0 108 4 22 11 11 33
J N 5 8843 21 2 1729 144 1 45
K 0 0 43
A D 1 16
J N 5 8869 0 2 2161 144 1 45
K 0 0 43
A D 1 16
J N 5 8895 21 2 2593 144 1 45
K 0 0 43
A D 1 16
J N 5 8921 0 2 3025 144 1 45
K 0 0 43
A D 1 16
H 45 B 1 0 108 4 22 11 11 33
J N 5 8947 14 2 3457 144 1 46
K 0 0 43
A D 1 16
J N 5 8973 0 2 3889 144 1 46
K 0 0 43
A D 1 16
J N 5 8999 14 2 4321 144 1 46
K 0 0 43
A D 1 16
J N 5 9025 0 2 4753 144 1 46
K 0 0 43
A D 1 16
H 46 B 1 0 108 4 22 11 11 33
J N 5 9051 21 2 5185 144 1 47
K 0 0 43
A D 1 16
J N 5 9077 0 2 5617 144 1 47
K 0 0 43
A D 1 16
J N 5 9103 21 2 6049 144 1 47
K 0 0 43
A D 1 16
J N 5 9129 0 2 6481 144 1 47
K 0 0 43
A D 1 16
H 47 B 1 0 108 4 22 11 11 33
J B 34 9159 1 82 6913 144 0
J N 5 9184 7 3 1 0 1 48
K -15 0 65
K 0 0 43
A D 1 16
J N 5 9210 -7 2 433 144 1 48
K 0 0 43
A D 1 16
J N 5 9236 7 2 865 144 1 48
K 0 0 43
A D 1 16
J N 5 9262 -7 2 1297 144 1 48
K 0 0 43
A D 1 16
H 48 B 1 0 108 4 22 11 11 33
J N 5 9288 14 2 1729 144 1 49
K 0 0 43
A D 1 16
J N 5 9314 -7 2 2161 144 1 49
K 0 0 43
A D 1 16
J N 5 9340 14 2 2593 144 1 49
K 0 0 43
A D 1 16
J N 5 9366 -7 2 3025 144 1 49
K 0 0 43
A D 1 16
H 49 B 1 0 108 4 22 11 11 33
J N 5 9392 7 2 3457 144 1 50
K 0 0 43
A D 1 16
J N 5 9418 -7 2 3889 144 1 50
K 0 0 43
A D 1 16
J N 5 9444 7 2 4321 144 1 50
K 0 0 43
A D 1 16
J N 5 9470 -7 2 4753 144 1 50
K 0 0 43
A D 1 16
H 50 B 1 0 108 4 22 11 11 33
J N 5 9496 14 2 5185 144 1 51
K 0 0 43
A D 1 16
J N 5 9522 -7 2 5617 144 1 51
K 0 0 43
A D 1 16
J N 5 9548 14 2 6049 144 1 51
K 0 0 43
A D 1 16
J N 5 9574 -7 2 6481 144 1 51
K 0 0 43
A D 1 16
H 51 B 1 0 108 4 22 11 11 33
J B 35 9604 1 82 6913 144 0
J N 5 9629 7 3 1 0 1 52
K -15 0 65
K 0 0 43
A D 1 16
J N 5 9655 -7 2 433 144 1 52
K 0 0 43
A D 1 16
J N 5 9681 7 2 865 144 1 52
K 0 0 43
A D 1 16
J N 5 9707 -7 2 1297 144 1 52
K 0 0 43
A D 1 16
H 52 B 1 0 108 4 22 11 11 33
J N 5 9733 14 2 1729 144 1 53
K 0 0 43
A D 1 16
J N 5 9759 -7 2 2161 144 1 53
K 0 0 43
A D 1 16
J N 5 9785 14 2 2593 144 1 53
K 0 0 43
A D 1 16
J N 5 9811 -7 2 3025 144 1 53
K 0 0 43
A D 1 16
H 53 B 1 0 108 4 22 11 11 33
J N 5 9837 7 2 3457 144 1 54
K 0 0 43
A D 1 16
J N 5 9863 -7 2 3889 144 1 54
K 0 0 43
A D 1 16
J N 5 9889 7 2 4321 144 1 54
K 0 0 43
A D 1 16
J N 5 9915 -7 2 4753 144 1 54
K 0 0 43
A D 1 16
H 54 B 1 0 108 4 22 11 11 33
J N 5 9941 14 2 5185 144 1 55
K 0 0 43
A D 1 16
J N 5 9967 -7 2 5617 144 1 55
K 0 0 43
A D 1 16
J N 5 9993 14 2 6049 144 1 55
K 0 0 43
A D 1 16
J N 5 10019 -7 2 6481 144 1 55
K 0 0 43
A D 1 16
H 55 B 1 0 108 4 22 11 11 33
J B 36 10049 1 82 6913 144 0
J N 5 10070 0 2 1 0 1 56
K 0 0 43
A D 1 16
J N 5 10096 -14 5 433 144 1 56
K 0 0 45
K 0 0 43
K -1 0 45
K 2 0 45
A D 1 16
J N 5 10122 0 2 865 144 1 56
K 0 0 43
A D 1 16
J N 5 10148 -14 5 1297 144 1 56
K 0 0 45
K 0 0 43
K -1 0 45
K 2 0 45
A D 1 16
H 56 B 1 0 108 4 22 11 11 33
J N 5 10184 7 3 1729 144 1 57
K -14 0 64
K 0 0 43
A D 1 16
J N 5 10210 -14 5 2161 144 1 57
K 0 0 45
K 0 0 43
K -1 0 45
K 2 0 45
A D 1 16
J N 5 10236 7 2 2593 144 1 57
K 0 0 43
A D 1 16
J N 5 10262 -14 5 3025 144 1 57
K 0 0 45
K 0 0 43
K -1 0 45
K 2 0 45
A D 1 16
H 57 B 1 0 108 4 22 11 11 33
J N 5 10288 0 2 3457 144 1 58
K 0 0 43
A D 1 16
J N 5 10314 -14 5 3889 144 1 58
K 0 0 45
K 0 0 43
K -1 0 45
K 2 0 45
A D 1 16
J N 5 10340 0 2 4321 144 1 58
K 0 0 43
A D 1 16
J N 5 10366 -14 5 4753 144 1 58
K 0 0 45
K 0 0 43
K -1 0 45
K 2 0 45
A D 1 16
H 58 B 1 0 108 4 22 11 11 33
J N 5 10392 7 2 5185 144 1 59
K 0 0 43
A D 1 16
J N 5 10418 -14 5 5617 144 1 59
K 0 0 45
K 0 0 43
K -1 0 45
K 2 0 45
A D 1 16
J N 5 10444 7 2 6049 144 1 59
K 0 0 43
A D 1 16
J N 5 10470 -14 5 6481 144 1 59
K 0 0 45
K 0 0 43
K -1 0 45
K 2 0 45
A D 1 16
H 59 B 1 0 108 4 22 11 11 33
J B 37 10500 1 82 6913 144 0
J N 5 10521 0 2 1 0 1 60
K 0 0 43
A D 1 16
J N 5 10547 -14 5 433 144 1 60
K 0 0 45
K 0 0 43
K -1 0 45
K 2 0 45
A D 1 16
J N 5 10573 0 2 865 144 1 60
K 0 0 43
A D 1 16
J N 5 10599 -14 5 1297 144 1 60
K 0 0 45
K 0 0 43
K -1 0 45
K 2 0 45
A D 1 16
H 60 B 1 0 108 4 22 11 11 33
J N 5 10625 7 2 1729 144 1 61
K 0 0 43
A D 1 16
J N 5 10651 -14 5 2161 144 1 61
K 0 0 45
K 0 0 43
K -1 0 45
K 2 0 45
A D 1 16
J N 5 10677 7 2 2593 144 1 61
K 0 0 43
A D 1 16
J N 5 10703 -14 5 3025 144 1 61
K 0 0 45
K 0 0 43
K -1 0 45
K 2 0 45
A D 1 16
H 61 B 1 0 108 4 22 11 11 33
J N 5 10729 0 2 3457 144 1 62
K 0 0 43
A D 1 16
J N 5 10755 -14 5 3889 144 1 62
K 0 0 45
K 0 0 43
K -1 0 45
K 2 0 45
A D 1 16
J N 5 10781 0 2 4321 144 1 62
K 0 0 43
A D 1 16
J N 5 10807 -14 5 4753 144 1 62
K 0 0 45
K 0 0 43
K -1 0 45
K 2 0 45
A D 1 16
H 62 B 1 0 108 4 22 11 11 33
J N 5 10833 7 2 5185 144 1 63
K 0 0 43
A D 1 16
J N 5 10859 -14 5 5617 144 1 63
K 0 0 45
K 0 0 43
K -1 0 45
K 2 0 45
A D 1 16
J N 5 10885 7 2 6049 144 1 63
K 0 0 43
A D 1 16
J N 5 10911 -14 5 6481 144 1 63
K 0 0 45
K 0 0 43
K -1 0 45
K 2 0 45
A D 1 16
H 63 B 1 0 108 4 22 11 11 33
J B 38 10941 1 82 6913 144 0
J N 5 10962 0 2 1 0 1 64
K 0 0 43
A D 1 16
J N 5 10988 -21 5 433 144 1 64
K 0 7 45
K 0 0 43
K 0 7 45
K 1 7 45
A D 1 16
J N 5 11014 0 2 865 144 1 64
K 0 0 43
A D 1 16
J N 5 11040 -21 5 1297 144 1 64
K 0 7 45
K 0 0 43
K 0 7 45
K 1 7 45
A D 1 16
H 64 B 1 0 108 4 22 11 11 33
J N 5 11066 0 2 1729 144 1 65
K 0 0 43
A D 1 16
J N 5 11092 -21 5 2161 144 1 65
K 0 7 45
K 0 0 43
K 0 7 45
K 1 7 45
A D 1 16
J N 5 11118 0 2 2593 144 1 65
K 0 0 43
A D 1 16
J N 5 11144 -21 5 3025 144 1 65
K 0 7 45
K 0 0 43
K 0 7 45
K 1 7 45
A D 1 16
H 65 B 1 0 108 4 22 11 11 33
J N 5 11170 -7 2 3457 144 1 66
K 0 0 43
A D 1 16
J N 5 11196 -21 5 3889 144 1 66
K 0 7 45
K 0 0 43
K 0 7 45
K 1 7 45
A D 1 16
J N 5 11222 -7 2 4321 144 1 66
K 0 0 43
A D 1 16
J N 5 11248 -21 5 4753 144 1 66
K 0 7 45
K 0 0 43
K 0 7 45
K 1 7 45
A D 1 16
H 66 B 1 0 108 4 22 11 11 33
J N 5 11274 -7 2 5185 144 1 67
K 0 0 43
A D 1 16
J N 5 11300 -21 5 5617 144 1 67
K 0 7 45
K 0 0 43
K 0 7 45
K 1 7 45
A D 1 16
J N 5 11326 -7 2 6049 144 1 67
K 0 0 43
A D 1 16
J N 5 11352 -21 5 6481 144 1 67
K 0 7 45
K 0 0 43
K 0 7 45
K 1 7 45
A D 1 16
H 67 B 1 0 108 4 22 11 11 33
J B 39 11382 1 82 6913 144 0
J N 5 11403 -7 2 1 0 1 68
K 0 0 43
A D 1 16
J N 5 11429 -28 6 433 144 1 68
K 0 14 45
K 0 0 45
K 0 0 43
K -1 0 45
K 2 0 45
A D 1 16
J N 5 11455 -7 2 865 144 1 68
K 0 0 43
A D 1 16
J N 5 11481 -28 6 1297 144 1 68
K 0 14 45
K 0 0 45
K 0 0 43
K -1 0 45
K 2 0 45
A D 1 16
H 68 B 1 0 108 4 22 11 11 33
J N 5 11507 -7 2 1729 144 1 69
K 0 0 43
A D 1 16
J N 5 11533 -28 6 2161 144 1 69
K 0 14 45
K 0 0 45
K 0 0 43
K -1 0 45
K 2 0 45
A D 1 16
J N 5 11559 -7 2 2593 144 1 69
K 0 0 43
A D 1 16
J N 5 11585 -28 6 3025 144 1 69
K 0 14 45
K 0 0 45
K 0 0 43
K -1 0 45
K 2 0 45
A D 1 16
H 69 B 1 0 108 4 22 11 11 33
J N 5 11611 -7 2 3457 144 1 70
K 0 0 43
A D 1 16
J N 5 11637 -14 5 3889 144 1 70
K 0 0 45
K 0 0 43
K -1 0 45
K 2 0 45
A D 1 16
J N 5 11663 -7 2 4321 144 1 70
K 0 0 43
A D 1 16
J N 5 11689 -14 5 4753 144 1 70
K 0 0 45
K 0 0 43
K -1 0 45
K 2 0 45
A D 1 16
H 70 B 1 0 108 4 22 11 11 33
J N 5 11715 0 2 5185 144 1 71
K 0 0 43
A D 1 16
J N 5 11741 -35 6 5617 144 1 71
K 0 21 45
K 0 7 45
K 0 0 43
K 0 7 45
K 1 7 45
A D 1 16
J N 5 11767 0 2 6049 144 1 71
K 0 0 43
A D 1 16
J N 5 11793 -35 6 6481 144 1 71
K 0 21 45
K 0 7 45
K 0 0 43
K 0 7 45
K 1 7 45
A D 1 16
H 71 B 1 0 108 4 22 11 11 33
J B 40 11823 1 82 6913 144 0
J N 5 11848 7 3 1 0 1 72
K -15 0 65
K 0 0 43
A D 1 16
J N 5 11874 -35 6 433 144 1 72
K 0 21 45
K 0 7 45
K 0 0 43
K 0 7 45
K 1 7 45
A D 1 16
J N 5 11900 7 2 865 144 1 72
K 0 0 43
A D 1 16
J N 5 11926 -35 6 1297 144 1 72
K 0 21 45
K 0 7 45
K 0 0 43
K 0 7 45
K 1 7 45
A D 1 16
H 72 B 1 0 108 4 22 11 11 33
J N 5 11952 7 2 1729 144 1 73
K 0 0 43
A D 1 16
J N 5 11978 -28 6 2161 144 1 73
K 0 14 45
K 0 0 45
K 0 0 43
K -1 0 45
K 2 0 45
A D 1 16
J N 5 12004 7 2 2593 144 1 73
K 0 0 43
A D 1 16
J N 5 12030 -28 6 3025 144 1 73
K 0 14 45
K 0 0 45
K 0 0 43
K -1 0 45
K 2 0 45
A D 1 16
H 73 B 1 0 108 4 22 11 11 33
J N 5 12056 14 2 3457 144 1 74
K 0 0 43
A D 1 16
J N 5 12082 -28 6 3889 144 1 74
K 0 14 45
K 0 0 45
K 0 0 43
K -1 0 45
K 2 0 45
A D 1 16
J N 5 12108 14 2 4321 144 1 74
K 0 0 43
A D 1 16
J N 5 12134 -28 6 4753 144 1 74
K 0 14 45
K 0 0 45
K 0 0 43
K -1 0 45
K 2 0 45
A D 1 16
H 74 B 1 0 108 4 22 11 11 33
J N 5 12160 14 2 5185 144 1 75
K 0 0 43
A D 1 16
J N 5 12186 -21 5 5617 144 1 75
K 0 7 45
K 0 0 43
K 0 7 45
K 1 7 45
A D 1 16
J N 5 12212 14 2 6049 144 1 75
K 0 0 43
A D 1 16
J N 5 12238 -21 5 6481 144 1 75
K 0 7 45
K 0 0 43
K 0 7 45
K 1 7 45
A D 1 16
H 75 B 1 0 108 4 22 11 11 33
J B 41 12268 1 82 6913 144 0
J N 5 12289 21 2 1 0 1 76
K 0 0 43
A D 1 16
J N 5 12315 -21 5 433 144 1 76
K 0 7 45
K 0 0 43
K 0 7 45
K 1 7 45
A D 1 16
J N 5 12341 21 2 865 144 1 76
K 0 0 43
A D 1 16
J N 5 12367 -21 5 1297 144 1 76
K 0 7 45
K 0 0 43
K 0 7 45
K 1 7 45
A D 1 16
H 76 B 1 0 108 4 22 11 11 33
J N 5 12393 0 2 1729 144 1 77
K 0 0 43
A D 1 16
J N 5 12419 -14 5 2161 144 1 77
K 0 0 45
K 0 0 43
K -1 0 45
K 2 0 45
A D 1 16
J N 5 12445 0 2 2593 144 1 77
K 0 0 43
A D 1 16
J N 5 12471 -14 5 3025 144 1 77
K 0 0 45
K 0 0 43
K -1 0 45
K 2 0 45
A D 1 16
H 77 B 1 0 108 4 22 11 11 33
J N 5 12497 14 2 3457 144 1 78
K 0 0 43
A D 1 16
J N 5 12523 -21 5 3889 144 1 78
K 0 7 45
K 0 0 43
K 0 7 45
K 1 7 45
A D 1 16
J N 5 12549 14 2 4321 144 1 78
K 0 0 43
A D 1 16
J N 5 12575 -21 5 4753 144 1 78
K 0 7 45
K 0 0 43
K 0 7 45
K 1 7 45
A D 1 16
H 78 B 1 0 108 4 22 11 11 33
J N 5 12601 0 3 5185 144 1 79
K 0 0 43
K 0 81 108
A D 1 16
J N 5 12627 -35 6 5617 144 1 79
K 0 21 45
K 0 7 45
K 0 0 43
K 0 7 45
K 1 7 45
A D 1 16
J N 5 12653 0 2 6049 144 1 79
K 0 0 43
A D 1 16
J N 5 12679 -35 6 6481 144 1 79
K 0 21 45
K 0 7 45
K 0 0 43
K 0 7 45
K 1 7 45
A D 1 16
H 79 B 1 0 108 4 22 11 11 33
J B 42 12709 1 82 6913 144 0
J N 5 12734 7 3 1 0 1 80
K -15 0 65
K 0 0 43
A D 1 16
J N 5 12760 -35 6 433 144 1 80
K 0 21 45
K 0 7 45
K 0 0 43
K 0 7 45
K 1 7 45
A D 1 16
J N 5 12786 7 2 865 144 1 80
K 0 0 43
A D 1 16
J N 5 12812 -35 6 1297 144 1 80
K 0 21 45
K 0 7 45
K 0 0 43
K 0 7 45
K 1 7 45
A D 1 16
H 80 B 1 0 108 4 22 11 11 33
J N 5 12838 7 2 1729 144 1 81
K 0 0 43
A D 1 16
J N 5 12864 -28 6 2161 144 1 81
K 0 14 45
K 0 0 45
K 0 0 43
K -1 0 45
K 2 0 45
A D 1 16
J N 5 12890 7 2 2593 144 1 81
K 0 0 43
A D 1 16
J N 5 12916 -28 6 3025 144 1 81
K 0 14 45
K 0 0 45
K 0 0 43
K -1 0 45
K 2 0 45
A D 1 16
H 81 B 1 0 108 4 22 11 11 33
J N 5 12942 14 2 3457 144 1 82
K 0 0 43
A D 1 16
J N 5 12968 -28 6 3889 144 1 82
K 0 14 45
K 0 0 45
K 0 0 43
K -1 0 45
K 2 0 45
A D 1 16
J N 5 12994 14 2 4321 144 1 82
K 0 0 43
A D 1 16
J N 5 13020 -28 6 4753 144 1 82
K 0 14 45
K 0 0 45
K 0 0 43
K -1 0 45
K 2 0 45
A D 1 16
H 82 B 1 0 108 4 22 11 11 33
J N 5 13046 14 2 5185 144 1 83
K 0 0 43
A D 1 16
J N 5 13072 -21 5 5617 144 1 83
K 0 7 45
K 0 0 43
K 0 7 45
K 1 7 45
A D 1 16
J N 5 13098 14 2 6049 144 1 83
K 0 0 43
A D 1 16
J N 5 13124 -21 5 6481 144 1 83
K 0 7 45
K 0 0 43
K 0 7 45
K 1 7 45
A D 1 16
H 83 B 1 0 108 4 22 11 11 33
J B 43 13154 1 82 6913 144 0
J N 5 13175 21 2 1 0 1 84
K 0 0 43
A D 1 16
J N 5 13201 -21 5 433 144 1 84
K 0 7 45
K 0 0 43
K 0 7 45
K 1 7 45
A D 1 16
J N 5 13227 21 2 865 144 1 84
K 0 0 43
A D 1 16
J N 5 13253 -21 5 1297 144 1 84
K 0 7 45
K 0 0 43
K 0 7 45
K 1 7 45
A D 1 16
H 84 B 1 0 108 4 22 11 11 33
J N 5 13279 0 2 1729 144 1 85
K 0 0 43
A D 1 16
J N 5 13305 -14 5 2161 144 1 85
K 0 0 45
K 0 0 43
K -1 0 45
K 2 0 45
A D 1 16
J N 5 13331 0 2 2593 144 1 85
K 0 0 43
A D 1 16
J N 5 13357 -14 5 3025 144 1 85
K 0 0 45
K 0 0 43
K -1 0 45
K 2 0 45
A D 1 16
H 85 B 1 0 108 4 22 11 11 33
J N 5 13383 14 3 3457 144 1 86
K 0 0 43
K 0 78 110
A D 1 16
J N 5 13409 0 2 3889 144 1 86
K 0 0 43
A D 1 16
J N 5 13435 14 2 4321 144 1 86
K 0 0 43
A D 1 16
J N 5 13461 0 2 4753 144 1 86
K 0 0 43
A D 1 16
H 86 B 1 0 108 4 22 11 11 33
J N 5 13487 14 2 5185 144 1 87
K 0 0 43
A D 1 16
J N 5 13513 0 2 5617 144 1 87
K 0 0 43
A D 1 16
J N 5 13539 14 2 6049 144 1 87
K 0 0 43
A D 1 16
J N 5 13565 0 2 6481 144 1 87
K 0 0 43
A D 1 16
H 87 B 1 0 108 4 22 11 11 33
J B 44 13595 1 82 6913 144 0
J N 5 13616 21 2 1 0 1 88
K 0 0 43
A D 1 16
J N 5 13642 0 2 433 144 1 88
K 0 0 43
A D 1 16
J N 5 13668 21 2 865 144 1 88
K 0 0 43
A D 1 16
J N 5 13694 0 2 1297 144 1 88
K 0 0 43
A D 1 16
H 88 B 1 0 108 4 22 11 11 33
J N 5 13720 21 2 1729 144 1 89
K 0 0 43
A D 1 16
J N 5 13746 0 2 2161 144 1 89
K 0 0 43
A D 1 16
J N 5 13772 21 2 2593 144 1 89
K 0 0 43
A D 1 16
J N 5 13798 0 2 3025 144 1 89
K 0 0 43
A D 1 16
H 89 B 1 0 108 4 22 11 11 33
J N 5 13824 14 2 3457 144 1 90
K 0 0 43
A D 1 16
J N 5 13850 0 2 3889 144 1 90
K 0 0 43
A D 1 16
J N 5 13876 14 2 4321 144 1 90
K 0 0 43
A D 1 16
J N 5 13902 0 2 4753 144 1 90
K 0 0 43
A D 1 16
H 90 B 1 0 108 4 22 11 11 33
J N 5 13928 14 2 5185 144 1 91
K 0 0 43
A D 1 16
J N 5 13954 0 2 5617 144 1 91
K 0 0 43
A D 1 16
J N 5 13980 14 2 6049 144 1 91
K 0 0 43
A D 1 16
J N 5 14006 0 2 6481 144 1 91
K 0 0 43
A D 1 16
H 91 B 1 0 108 4 22 11 11 33
J B 45 14036 1 82 6913 144 0
J N 5 14057 21 2 1 0 1 92
K 0 0 43
A D 1 16
J N 5 14083 0 2 433 144 1 92
K 0 0 43
A D 1 16
J N 5 14109 21 2 865 144 1 92
K 0 0 43
A D 1 16
J N 5 14135 0 2 1297 144 1 92
K 0 0 43
A D 1 16
H 92 B 1 0 108 4 22 11 11 33
J N 5 14161 21 2 1729 144 1 93
K 0 0 43
A D 1 16
J N 5 14187 0 2 2161 144 1 93
K 0 0 43
A D 1 16
J N 5 14213 21 2 2593 144 1 93
K 0 0 43
A D 1 16
J N 5 14239 0 2 3025 144 1 93
K 0 0 43
A D 1 16
H 93 B 1 0 108 4 22 11 11 33
J N 5 14265 14 2 3457 144 1 94
K 0 0 43
A D 1 16
J N 5 14291 0 2 3889 144 1 94
K 0 0 43
A D 1 16
J N 5 14317 14 2 4321 144 1 94
K 0 0 43
A D 1 16
J N 5 14343 0 2 4753 144 1 94
K 0 0 43
A D 1 16
H 94 B 1 0 108 4 22 11 11 33
J N 5 14369 14 2 5185 144 1 95
K 0 0 43
A D 1 16
J N 5 14395 0 2 5617 144 1 95
K 0 0 43
A D 1 16
J N 5 14421 14 2 6049 144 1 95
K 0 0 43
A D 1 16
J N 5 14447 0 2 6481 144 1 95
K 0 0 43
A D 1 16
H 95 B 1 0 108 4 22 11 11 33
J B 46 14477 1 82 6913 144 0
J N 5 14498 21 2 1 0 1 96
K 0 0 43
A D 1 16
J N 5 14541 0 3 433 144 1 96
K -18 0 63
K 0 0 43
A D 1 16
J N 5 14567 21 2 865 144 1 96
K 0 0 43
A D 1 16
J N 5 14593 0 2 1297 144 1 96
K 0 0 43
A D 1 16
H 96 B 1 0 108 4 22 11 11 33
J N 5 14619 21 2 1729 144 1 97
K 0 0 43
A D 1 16
J N 5 14645 0 2 2161 144 1 97
K 0 0 43
A D 1 16
J N 5 14671 21 2 2593 144 1 97
K 0 0 43
A D 1 16
J N 5 14697 0 2 3025 144 1 97
K 0 0 43
A D 1 16
H 97 B 1 0 108 4 22 11 11 33
J N 5 14723 28 2 3457 144 1 98
K 0 0 43
A D 1 16
J N 5 14749 -7 2 3889 144 1 98
K 0 0 43
A D 1 16
J N 5 14775 28 2 4321 144 1 98
K 0 0 43
A D 1 16
J N 5 14801 -7 2 4753 144 1 98
K 0 0 43
A D 1 16
H 98 B 1 0 108 4 22 11 11 33
J N 5 14827 28 2 5185 144 1 99
K 0 0 43
A D 1 16
J N 5 14853 -7 2 5617 144 1 99
K 0 0 43
A D 1 16
J N 5 14879 28 2 6049 144 1 99
K 0 0 43
A D 1 16
J N 5 14905 -7 2 6481 144 1 99
K 0 0 43
A D 1 16
H 99 B 1 0 108 4 22 11 11 33
J B 47 14935 1 82 6913 144 0
J N 5 14956 14 2 1 0 1 100
K 0 0 43
A D 1 16
J N 5 14982 -14 5 433 144 1 100
K 0 0 45
K 0 0 43
K -1 0 45
K 2 0 45
A D 1 16
J N 5 15008 14 2 865 144 1 100
K 0 0 43
A D 1 16
J N 5 15034 -14 5 1297 144 1 100
K 0 0 45
K 0 0 43
K -1 0 45
K 2 0 45
A D 1 16
H 100 B 1 0 108 4 22 11 11 33
J N 5 15060 14 2 1729 144 1 101
K 0 0 43
A D 1 16
J N 5 15086 -14 5 2161 144 1 101
K 0 0 45
K 0 0 43
K -1 0 45
K 2 0 45
A D 1 16
J N 5 15112 14 2 2593 144 1 101
K 0 0 43
A D 1 16
J N 5 15138 -14 5 3025 144 1 101
K 0 0 45
K 0 0 43
K -1 0 45
K 2 0 45
A D 1 16
H 101 B 1 0 108 4 22 11 11 33
J N 5 15164 14 2 3457 144 1 102
K 0 0 43
A D 1 16
J N 5 15190 -21 5 3889 144 1 102
K 0 7 45
K 0 0 43
K 0 7 45
K 1 7 45
A D 1 16
J N 5 15216 14 2 4321 144 1 102
K 0 0 43
A D 1 16
J N 5 15242 -21 5 4753 144 1 102
K 0 7 45
K 0 0 43
K 0 7 45
K 1 7 45
A D 1 16
H 102 B 1 0 108 4 22 11 11 33
J N 5 15268 14 2 5185 144 1 103
K 0 0 43
A D 1 16
J N 5 15294 -21 5 5617 144 1 103
K 0 7 45
K 0 0 43
K 0 7 45
K 1 7 45
A D 1 16
J N 5 15320 14 2 6049 144 1 103
K 0 0 43
A D 1 16
J N 5 15346 -21 5 6481 144 1 103
K 0 7 45
K 0 0 43
K 0 7 45
K 1 7 45
A D 1 16
H 103 B 1 0 108 4 22 11 11 33
J B 48 15376 1 82 6913 144 0
J N 5 15397 14 2 1 0 1 104
K 0 0 43
A D 1 16
J N 5 15423 -35 6 433 144 1 104
K 0 21 45
K 0 7 45
K 0 0 43
K 0 7 45
K 1 7 45
A D 1 16
J N 5 15449 14 2 865 144 1 104
K 0 0 43
A D 1 16
J N 5 15475 -35 6 1297 144 1 104
K 0 21 45
K 0 7 45
K 0 0 43
K 0 7 45
K 1 7 45
A D 1 16
H 104 B 1 0 108 4 22 11 11 33
J N 5 15501 14 2 1729 144 1 105
K 0 0 43
A D 1 16
J N 5 15527 -35 6 2161 144 1 105
K 0 21 45
K 0 7 45
K 0 0 43
K 0 7 45
K 1 7 45
A D 1 16
J N 5 15553 14 2 2593 144 1 105
K 0 0 43
A D 1 16
J N 5 15579 -35 6 3025 144 1 105
K 0 21 45
K 0 7 45
K 0 0 43
K 0 7 45
K 1 7 45
A D 1 16
H 105 B 1 0 108 4 22 11 11 33
J N 5 15609 7 3 3457 144 1 106
K -14 0 64
K 0 0 43
A D 1 16
J N 5 15635 -35 6 3889 144 1 106
K 0 21 45
K 0 7 45
K 0 0 43
K 0 7 45
K 1 7 45
A D 1 16
J N 5 15661 7 2 4321 144 1 106
K 0 0 43
A D 1 16
J N 5 15687 -35 6 4753 144 1 106
K 0 21 45
K 0 7 45
K 0 0 43
K 0 7 45
K 1 7 45
A D 1 16
H 106 B 1 0 108 4 22 11 11 33
J N 5 15713 7 2 5185 144 1 107
K 0 0 43
A D 1 16
J N 5 15739 -35 6 5617 144 1 107
K 0 21 45
K 0 7 45
K 0 0 43
K 0 7 45
K 1 7 45
A D 1 16
J N 5 15765 7 2 6049 144 1 107
K 0 0 43
A D 1 16
J N 5 15791 -35 6 6481 144 1 107
K 0 21 45
K 0 7 45
K 0 0 43
K 0 7 45
K 1 7 45
A D 1 16
H 107 B 1 0 108 4 22 11 11 33
J B 49 15821 1 82 6913 144 0
J N 5 15842 7 2 1 0 1 108
K 0 0 43
A D 1 16
J N 5 15868 -28 6 433 144 1 108
K 0 14 45
K 0 0 45
K 0 0 43
K -1 0 45
K 2 0 45
A D 1 16
J N 5 15894 7 2 865 144 1 108
K 0 0 43
A D 1 16
J N 5 15920 -28 6 1297 144 1 108
K 0 14 45
K 0 0 45
K 0 0 43
K -1 0 45
K 2 0 45
A D 1 16
H 108 B 1 0 108 4 22 11 11 33
J N 5 15946 7 2 1729 144 1 109
K 0 0 43
A D 1 16
J N 5 15972 -28 6 2161 144 1 109
K 0 14 45
K 0 0 45
K 0 0 43
K -1 0 45
K 2 0 45
A D 1 16
J N 5 15998 7 2 2593 144 1 109
K 0 0 43
A D 1 16
J N 5 16024 -28 6 3025 144 1 109
K 0 14 45
K 0 0 45
K 0 0 43
K -1 0 45
K 2 0 45
A D 1 16
H 109 B 1 0 108 4 22 11 11 33
J N 5 16054 0 3 3457 144 1 110
K -18 0 63
K 0 0 43
A D 1 16
J N 5 16080 -28 6 3889 144 1 110
K 0 14 45
K 0 0 45
K 0 0 43
K -1 0 45
K 2 0 45
A D 1 16
J N 5 16106 0 2 4321 144 1 110
K 0 0 43
A D 1 16
J N 5 16132 -28 6 4753 144 1 110
K 0 14 45
K 0 0 45
K 0 0 43
K -1 0 45
K 2 0 45
A D 1 16
H 110 B 1 0 108 4 22 11 11 33
J N 5 16158 -7 2 5185 144 1 111
K 0 0 43
A D 1 16
J N 5 16184 -21 5 5617 144 1 111
K 0 7 45
K 0 0 43
K 0 7 45
K 1 7 45
A D 1 16
J N 5 16210 -7 2 6049 144 1 111
K 0 0 43
A D 1 16
J N 5 16236 -21 5 6481 144 1 111
K 0 7 45
K 0 0 43
K 0 7 45
K 1 7 45
A D 1 16
H 111 B 1 0 108 4 22 11 11 33
J B 50 16266 1 82 6913 144 0
J N 5 16287 -7 2 1 0 1 112
K 0 0 43
A D 1 16
J N 5 16313 -14 5 433 144 1 112
K 0 0 45
K 0 0 43
K -1 0 45
K 2 0 45
A D 1 16
J N 5 16339 -7 2 865 144 1 112
K 0 0 43
A D 1 16
J N 5 16365 -14 5 1297 144 1 112
K 0 0 45
K 0 0 43
K -1 0 45
K 2 0 45
A D 1 16
H 112 B 1 0 108 4 22 11 11 33
J N 5 16408 0 3 1729 144 1 113
K -18 0 63
K 0 0 43
A D 1 16
J N 5 16434 -14 5 2161 144 1 113
K 0 0 45
K 0 0 43
K -1 0 45
K 2 0 45
A D 1 16
J N 5 16460 0 2 2593 144 1 113
K 0 0 43
A D 1 16
J N 5 16486 -14 5 3025 144 1 113
K 0 0 45
K 0 0 43
K -1 0 45
K 2 0 45
A D 1 16
H 113 B 1 0 108 4 22 11 11 33
J N 5 16512 -7 2 3457 144 1 114
K 0 0 43
A D 1 16
J N 5 16538 -21 5 3889 144 1 114
K 0 7 45
K 0 0 43
K 0 7 45
K 1 7 45
A D 1 16
J N 5 16564 -7 2 4321 144 1 114
K 0 0 43
A D 1 16
J N 5 16590 -21 5 4753 144 1 114
K 0 7 45
K 0 0 43
K 0 7 45
K 1 7 45
A D 1 16
H 114 B 1 0 108 4 22 11 11 33
J N 5 16616 -7 2 5185 144 1 115
K 0 0 43
A D 1 16
J N 5 16642 -21 5 5617 144 1 115
K 0 7 45
K 0 0 43
K 0 7 45
K 1 7 45
A D 1 16
J N 5 16668 -7 2 6049 144 1 115
K 0 0 43
A D 1 16
J N 5 16694 -21 5 6481 144 1 115
K 0 7 45
K 0 0 43
K 0 7 45
K 1 7 45
A D 1 16
H 115 B 1 0 108 4 22 11 11 33
J B 51 16724 1 82 6913 144 0
J N 5 16751 0 3 1 0 1 116
K -18 0 63
K 0 0 43
A D 1 16
J N 5 16777 -14 5 433 144 1 116
K 0 0 45
K 0 0 43
K -1 0 45
K 2 0 45
A D 1 16
J N 5 16803 0 2 865 144 1 116
K 0 0 43
A D 1 16
J N 5 16829 -14 5 1297 144 1 116
K 0 0 45
K 0 0 43
K -1 0 45
K 2 0 45
A D 1 16
H 116 B 1 0 108 4 22 11 11 33
J N 5 16855 0 2 1729 144 1 117
K 0 0 43
A D 1 16
J N 5 16881 -14 5 2161 144 1 117
K 0 0 45
K 0 0 43
K -1 0 45
K 2 0 45
A D 1 16
J N 5 16907 0 2 2593 144 1 117
K 0 0 43
A D 1 16
J N 5 16933 -14 5 3025 144 1 117
K 0 0 45
K 0 0 43
K -1 0 45
K 2 0 45
A D 1 16
H 117 B 1 0 108 4 22 11 11 33
J N 5 16959 -7 2 3457 144 1 118
K 0 0 43
A D 1 16
J N 5 16985 -21 5 3889 144 1 118
K 0 7 45
K 0 0 43
K 0 7 45
K 1 7 45
A D 1 16
J N 5 17011 -7 2 4321 144 1 118
K 0 0 43
A D 1 16
J N 5 17037 -21 5 4753 144 1 118
K 0 7 45
K 0 0 43
K 0 7 45
K 1 7 45
A D 1 16
H 118 B 1 0 108 4 22 11 11 33
J N 5 17063 -7 2 5185 144 1 119
K 0 0 43
A D 1 16
J N 5 17089 -21 5 5617 144 1 119
K 0 7 45
K 0 0 43
K 0 7 45
K 1 7 45
A D 1 16
J N 5 17115 -7 2 6049 144 1 119
K 0 0 43
A D 1 16
J N 5 17141 -21 5 6481 144 1 119
K 0 7 45
K 0 0 43
K 0 7 45
K 1 7 45
A D 1 16
H 119 B 1 0 108 4 22 11 11 33
J B 52 17171 1 82 6913 144 0
J N 5 17196 7 3 1 0 1 120
K -14 0 64
K 0 0 43
A D 1 16
J N 5 17222 -21 5 433 144 1 120
K 0 7 45
K 0 0 43
K 0 7 45
K 1 7 45
A D 1 16
J N 5 17248 7 2 865 144 1 120
K 0 0 43
A D 1 16
J N 5 17274 -21 5 1297 144 1 120
K 0 7 45
K 0 0 43
K 0 7 45
K 1 7 45
A D 1 16
H 120 B 1 0 108 4 22 11 11 33
J N 5 17300 7 2 1729 144 1 121
K 0 0 43
A D 1 16
J N 5 17326 -21 5 2161 144 1 121
K 0 7 45
K 0 0 43
K 0 7 45
K 1 7 45
A D 1 16
J N 5 17352 7 2 2593 144 1 121
K 0 0 43
A D 1 16
J N 5 17378 -21 5 3025 144 1 121
K 0 7 45
K 0 0 43
K 0 7 45
K 1 7 45
A D 1 16
H 121 B 1 0 108 4 22 11 11 33
J N 5 17404 0 2 3457 144 1 122
K 0 0 43
A D 1 16
J N 5 17430 -14 5 3889 144 1 122
K 0 0 45
K 0 0 43
K -1 0 45
K 2 0 45
A D 1 16
J N 5 17456 0 2 4321 144 1 122
K 0 0 43
A D 1 16
J N 5 17482 -14 5 4753 144 1 122
K 0 0 45
K 0 0 43
K -1 0 45
K 2 0 45
A D 1 16
H 122 B 1 0 108 4 22 11 11 33
J N 5 17508 0 2 5185 144 1 123
K 0 0 43
A D 1 16
J N 5 17534 -14 5 5617 144 1 123
K 0 0 45
K 0 0 43
K -1 0 45
K 2 0 45
A D 1 16
J N 5 17560 0 2 6049 144 1 123
K 0 0 43
A D 1 16
J N 5 17586 -14 5 6481 144 1 123
K 0 0 45
K 0 0 43
K -1 0 45
K 2 0 45
A D 1 16
H 123 B 1 0 108 4 22 11 11 33
J B 53 17616 1 82 6913 144 0
J N 5 17637 14 2 1 0 1 124
K 0 0 43
A D 1 16
J N 5 17663 -14 5 433 144 1 124
K 0 0 45
K 0 0 43
K -1 0 45
K 2 0 45
A D 1 16
J N 5 17689 14 2 865 144 1 124
K 0 0 43
A D 1 16
J N 5 17715 -14 5 1297 144 1 124
K 0 0 45
K 0 0 43
K -1 0 45
K 2 0 45
A D 1 16
H 124 B 1 0 108 4 22 11 11 33
J N 5 17741 14 2 1729 144 1 125
K 0 0 43
A D 1 16
J N 5 17767 -14 5 2161 144 1 125
K 0 0 45
K 0 0 43
K -1 0 45
K 2 0 45
A D 1 16
J N 5 17793 14 2 2593 144 1 125
K 0 0 43
A D 1 16
J N 5 17819 -14 5 3025 144 1 125
K 0 0 45
K 0 0 43
K -1 0 45
K 2 0 45
A D 1 16
H 125 B 1 0 108 4 22 11 11 33
J N 5 17845 14 2 3457 144 1 126
K 0 0 43
A D 1 16
J N 5 17871 -7 2 3889 144 1 126
K 0 0 43
A D 1 16
J N 5 17897 14 2 4321 144 1 126
K 0 0 43
A D 1 16
J N 5 17923 -7 2 4753 144 1 126
K 0 0 43
A D 1 16
H 126 B 1 0 108 4 22 11 11 33
J N 5 17949 14 2 5185 144 1 127
K 0 0 43
A D 1 16
J N 5 17975 -7 2 5617 144 1 127
K 0 0 43
A D 1 16
J N 5 18001 14 2 6049 144 1 127
K 0 0 43
A D 1 16
J N 5 18027 -7 2 6481 144 1 127
K 0 0 43
A D 1 16
H 127 B 1 0 108 4 22 11 11 33
J B 54 18057 1 82 6913 144 0
J N 5 18084 21 3 1 0 1 128
K -18 0 63
K 0 0 43
A D 1 16
J N 5 18110 -7 2 433 144 1 128
K 0 0 43
A D 1 16
J N 5 18136 21 2 865 144 1 128
K 0 0 43
A D 1 16
J N 5 18162 -7 2 1297 144 1 128
K 0 0 43
A D 1 16
H 128 B 1 0 108 4 22 11 11 33
J N 5 18188 21 2 1729 144 1 129
K 0 0 43
A D 1 16
J N 5 18214 -7 2 2161 144 1 129
K 0 0 43
A D 1 16
J N 5 18240 21 2 2593 144 1 129
K 0 0 43
A D 1 16
J N 5 18266 -7 2 3025 144 1 129
K 0 0 43
A D 1 16
H 129 B 1 0 108 4 22 11 11 33
J N 5 18292 14 2 3457 144 1 130
K 0 0 43
A D 1 16
J N 5 18318 0 2 3889 144 1 130
K 0 0 43
A D 1 16
J N 5 18344 14 2 4321 144 1 130
K 0 0 43
A D 1 16
J N 5 18370 0 2 4753 144 1 130
K 0 0 43
A D 1 16
H 130 B 1 0 108 4 22 11 11 33
J N 5 18396 14 2 5185 144 1 131
K 0 0 43
A D 1 16
J N 5 18422 0 2 5617 144 1 131
K 0 0 43
A D 1 16
J N 5 18448 14 2 6049 144 1 131
K 0 0 43
A D 1 16
J N 5 18474 0 2 6481 144 1 131
K 0 0 43
A D 1 16
H 131 B 1 0 108 4 22 11 11 33
J B 55 18504 1 82 6913 144 0
J N 5 18525 14 2 1 0 1 132
K 0 0 43
A D 1 16
J N 5 18551 -7 2 433 144 1 132
K 0 0 43
A D 1 16
J N 5 18577 14 2 865 144 1 132
K 0 0 43
A D 1 16
J N 5 18603 -7 2 1297 144 1 132
K 0 0 43
A D 1 16
H 132 B 1 0 108 4 22 11 11 33
J N 5 18629 14 2 1729 144 1 133
K 0 0 43
A D 1 16
J N 5 18655 -21 5 2161 144 1 133
K 0 7 45
K 0 0 43
K 0 7 45
K 1 7 45
A D 1 16
J N 5 18681 14 2 2593 144 1 133
K 0 0 43
A D 1 16
J N 5 18707 -21 5 3025 144 1 133
K 0 7 45
K 0 0 43
K 0 7 45
K 1 7 45
A D 1 16
H 133 B 1 0 108 4 22 11 11 33
J N 5 18737 21 3 3457 144 1 134
K -18 0 63
K 0 0 43
A D 1 16
J N 5 18763 7 2 3889 144 1 134
K 0 0 43
A D 1 16
J N 5 18789 21 2 4321 144 1 134
K 0 0 43
A D 1 16
J N 5 18815 7 2 4753 144 1 134
K 0 0 43
A D 1 16
H 134 B 1 0 108 4 22 11 11 33
J N 5 18841 14 2 5185 144 1 135
K 0 0 43
A D 1 16
J N 5 18867 0 2 5617 144 1 135
K 0 0 43
A D 1 16
J N 5 18893 14 2 6049 144 1 135
K 0 0 43
A D 1 16
J N 5 18919 0 2 6481 144 1 135
K 0 0 43
A D 1 16
H 135 B 1 0 108 4 22 11 11 33
J B 56 18949 1 82 6913 144 0
J N 5 18970 7 2 1 0 1 136
K 0 0 43
A D 1 16
J N 5 18996 -7 2 433 144 1 136
K 0 0 43
A D 1 16
J N 5 19022 7 2 865 144 1 136
K 0 0 43
A D 1 16
J N 5 19048 -7 2 1297 144 1 136
K 0 0 43
A D 1 16
H 136 B 1 0 108 4 22 11 11 33
J N 5 19074 14 2 1729 144 1 137
K 0 0 43
A D 1 16
J N 5 19100 0 2 2161 144 1 137
K 0 0 43
A D 1 16
J N 5 19126 14 2 2593 144 1 137
K 0 0 43
A D 1 16
J N 5 19152 0 2 3025 144 1 137
K 0 0 43
A D 1 16
H 137 B 1 0 108 4 22 11 11 33
J N 5 19191 21 3 3457 144 1 138
K -18 0 63
K 0 0 43
A D 1 16
J N 5 19217 7 2 3889 144 1 138
K 0 0 43
A D 1 16
J N 5 19243 21 2 4321 144 1 138
K 0 0 43
A D 1 16
J N 5 19269 7 2 4753 144 1 138
K 0 0 43
A D 1 16
H 138 B 1 0 108 4 22 11 11 33
J N 5 19295 14 3 5185 144 1 139
K 0 0 43
K 0 71 108
A D 1 16
J N 5 19321 0 2 5617 144 1 139
K 0 0 43
A D 1 16
J N 5 19347 14 2 6049 144 1 139
K 0 0 43
A D 1 16
J N 5 19373 0 2 6481 144 1 139
K 0 0 43
A D 1 16
H 139 B 1 0 108 4 22 11 11 33
J B 57 19403 1 82 6913 144 0
J N 5 19424 7 2 1 0 1 140
K 0 0 43
A D 1 16
J N 5 19450 -7 2 433 144 1 140
K 0 0 43
A D 1 16
J N 5 19476 7 2 865 144 1 140
K 0 0 43
A D 1 16
J N 5 19502 -7 2 1297 144 1 140
K 0 0 43
A D 1 16
H 140 B 1 0 108 4 22 11 11 33
J N 5 19528 14 2 1729 144 1 141
K 0 0 43
A D 1 16
J N 5 19554 0 2 2161 144 1 141
K 0 0 43
A D 1 16
J N 5 19580 14 2 2593 144 1 141
K 0 0 43
A D 1 16
J N 5 19606 0 2 3025 144 1 141
K 0 0 43
A D 1 16
H 141 B 1 0 108 4 22 11 11 33
J N 5 19645 21 3 3457 144 1 142
K -18 0 63
K 0 0 43
A D 1 16
J N 5 19671 7 2 3889 144 1 142
K 0 0 43
A D 1 16
J N 5 19697 21 2 4321 144 1 142
K 0 0 43
A D 1 16
J N 5 19723 7 2 4753 144 1 142
K 0 0 43
A D 1 16
H 142 B 1 0 108 4 22 11 11 33
J N 5 19749 35 3 5185 144 1 143
K 0 0 43
K 0 79 110
A D 1 16
J N 5 19775 -14 5 5617 144 1 143
K 0 0 45
K 0 0 43
K -1 0 45
K 2 0 45
A D 1 16
J N 5 19801 35 2 6049 144 1 143
K 0 0 43
A D 1 16
J N 5 19827 -14 5 6481 144 1 143
K 0 0 45
K 0 0 43
K -1 0 45
K 2 0 45
A D 1 16
H 143 B 1 0 108 4 22 11 11 33
J B 58 19857 1 82 6913 144 0
J N 5 19882 28 3 1 0 1 144
K -14 0 64
K 0 0 43
A D 1 16
J N 5 19908 -14 5 433 144 1 144
K 0 0 45
K 0 0 43
K -1 0 45
K 2 0 45
A D 1 16
J N 5 19934 28 2 865 144 1 144
K 0 0 43
A D 1 16
J N 5 19960 -14 5 1297 144 1 144
K 0 0 45
K 0 0 43
K -1 0 45
K 2 0 45
A D 1 16
H 144 B 1 0 108 4 22 11 11 33
J N 5 19986 28 2 1729 144 1 145
K 0 0 43
A D 1 16
J N 5 20012 -7 2 2161 144 1 145
K 0 0 43
A D 1 16
J N 5 20038 28 2 2593 144 1 145
K 0 0 43
A D 1 16
J N 5 20064 -7 2 3025 144 1 145
K 0 0 43
A D 1 16
H 145 B 1 0 108 4 22 11 11 33
J N 5 20094 21 3 3457 144 1 146
K -18 0 63
K 0 0 43
A D 1 16
J N 5 20120 -7 2 3889 144 1 146
K 0 0 43
A D 1 16
J N 5 20146 21 2 4321 144 1 146
K 0 0 43
A D 1 16
J N 5 20172 -7 2 4753 144 1 146
K 0 0 43
A D 1 16
H 146 B 1 0 108 4 22 11 11 33
J N 5 20198 14 2 5185 144 1 147
K 0 0 43
A D 1 16
J N 5 20224 0 2 5617 144 1 147
K 0 0 43
A D 1 16
J N 5 20250 14 2 6049 144 1 147
K 0 0 43
A D 1 16
J N 5 20276 0 2 6481 144 1 147
K 0 0 43
A D 1 16
H 147 B 1 0 108 4 22 11 11 33
J B 59 20306 1 82 6913 144 0
J N 5 20327 14 2 1 0 1 148
K 0 0 43
A D 1 16
J N 5 20353 7 2 433 144 1 148
K 0 0 43
A D 1 16
J N 5 20379 14 2 865 144 1 148
K 0 0 43
A D 1 16
J N 5 20405 7 2 1297 144 1 148
K 0 0 43
A D 1 16
H 148 B 1 0 108 4 22 11 11 33
J N 5 20448 21 3 1729 144 1 149
K -18 0 63
K 0 0 43
A D 1 16
J N 5 20474 7 2 2161 144 1 149
K 0 0 43
A D 1 16
J N 5 20500 21 2 2593 144 1 149
K 0 0 43
A D 1 16
J N 5 20526 7 2 3025 144 1 149
K 0 0 43
A D 1 16
H 149 B 1 0 108 4 22 11 11 33
J N 5 20552 14 2 3457 144 1 150
K 0 0 43
A D 1 16
J N 5 20578 0 2 3889 144 1 150
K 0 0 43
A D 1 16
J N 5 20604 14 2 4321 144 1 150
K 0 0 43
A D 1 16
J N 5 20630 0 2 4753 144 1 150
K 0 0 43
A D 1 16
H 150 B 1 0 108 4 22 11 11 33
J N 5 20656 14 2 5185 144 1 151
K 0 0 43
A D 1 16
J N 5 20682 -14 5 5617 144 1 151
K 0 0 45
K 0 0 43
K -1 0 45
K 2 0 45
A D 1 16
J N 5 20708 14 2 6049 144 1 151
K 0 0 43
A D 1 16
J N 5 20734 -14 5 6481 144 1 151
K 0 0 45
K 0 0 43
K -1 0 45
K 2 0 45
A D 1 16
H 151 B 1 0 108 4 22 11 11 33
J B 60 20764 1 82 6913 144 0
J N 5 20785 14 2 1 0 1 152
K 0 0 43
A D 1 16
J N 5 20811 -21 5 433 144 1 152
K 0 7 45
K 0 0 43
K 0 7 45
K 1 7 45
A D 1 16
J N 5 20837 14 2 865 144 1 152
K 0 0 43
A D 1 16
J N 5 20863 -21 5 1297 144 1 152
K 0 7 45
K 0 0 43
K 0 7 45
K 1 7 45
A D 1 16
H 152 B 1 0 108 4 22 11 11 33
J N 5 20889 -7 2 1729 144 1 153
K 0 0 43
A D 1 16
J N 5 20915 -21 5 2161 144 1 153
K 0 7 45
K 0 0 43
K 0 7 45
K 1 7 45
A D 1 16
J N 5 20941 -7 2 2593 144 1 153
K 0 0 43
A D 1 16
J N 5 20967 -21 5 3025 144 1 153
K 0 7 45
K 0 0 43
K 0 7 45
K 1 7 45
A D 1 16
H 153 B 1 0 108 4 22 11 11 33
J N 5 20993 -7 2 3457 144 1 154
K 0 0 43
A D 1 16
J N 5 21019 -14 5 3889 144 1 154
K 0 0 45
K 0 0 43
K -1 0 45
K 2 0 45
A D 1 16
J N 5 21045 -7 2 4321 144 1 154
K 0 0 43
A D 1 16
J N 5 21071 -14 5 4753 144 1 154
K 0 0 45
K 0 0 43
K -1 0 45
K 2 0 45
A D 1 16
H 154 B 1 0 108 4 22 11 11 33
J N 5 21097 0 2 5185 144 1 155
K 0 0 43
A D 1 16
J N 5 21123 -35 6 5617 144 1 155
K 0 21 45
K 0 7 45
K 0 0 43
K 0 7 45
K 1 7 45
A D 1 16
J N 5 21149 0 2 6049 144 1 155
K 0 0 43
A D 1 16
J N 5 21175 -35 6 6481 144 1 155
K 0 21 45
K 0 7 45
K 0 0 43
K 0 7 45
K 1 7 45
A D 1 16
H 155 B 1 0 108 4 22 11 11 33
J B 61 21205 1 82 6913 144 0
J N 5 21226 7 2 1 0 1 156
K 0 0 43
A D 1 16
J N 5 21252 -35 6 433 144 1 156
K 0 21 45
K 0 7 45
K 0 0 43
K 0 7 45
K 1 7 45
A D 1 16
J N 5 21278 7 2 865 144 1 156
K 0 0 43
A D 1 16
J N 5 21304 -35 6 1297 144 1 156
K 0 21 45
K 0 7 45
K 0 0 43
K 0 7 45
K 1 7 45
A D 1 16
H 156 B 1 0 108 4 22 11 11 33
J N 5 21330 7 2 1729 144 1 157
K 0 0 43
A D 1 16
J N 5 21360 -28 7 2161 144 1 157
K 0 14 45
K 0 0 45
K -18 0 63
K 0 0 43
K -1 0 45
K 2 0 45
A D 1 16
J N 5 21386 7 2 2593 144 1 157
K 0 0 43
A D 1 16
J N 5 21412 -28 6 3025 144 1 157
K 0 14 45
K 0 0 45
K 0 0 43
K -1 0 45
K 2 0 45
A D 1 16
H 157 B 1 0 108 4 22 11 11 33
J N 7 21438 14 4 3457 144 0
K 0 0 43
K 0 0 60
K 0 21 60
A D 4 16
J R 7 21486 28 3 5185 576 0
K 0 0 48
K -2 -35 101
A D 4 16
J B 62 21538 1 82 6913 576 0
J N 5 21559 14 3 1 0 1 158
K 0 0 43
K 0 78 110
A D 1 16
J N 5 21585 0 2 433 144 1 158
K 0 0 43
A D 1 16
J N 5 21611 14 2 865 144 1 158
K 0 0 43
A D 1 16
J N 5 21637 0 2 1297 144 1 158
K 0 0 43
A D 1 16
H 158 B 1 0 108 4 22 11 11 33
J N 5 21663 21 2 1729 144 1 159
K 0 0 43
A D 1 16
J N 5 21689 0 2 2161 144 1 159
K 0 0 43
A D 1 16
J N 5 21715 21 2 2593 144 1 159
K 0 0 43
A D 1 16
J N 5 21741 0 2 3025 144 1 159
K 0 0 43
A D 1 16
H 159 B 1 0 108 4 22 11 11 33
J N 5 21767 14 2 3457 144 1 160
K 0 0 43
A D 1 16
J N 5 21793 0 2 3889 144 1 160
K 0 0 43
A D 1 16
J N 5 21819 14 2 4321 144 1 160
K 0 0 43
A D 1 16
J N 5 21845 0 2 4753 144 1 160
K 0 0 43
A D 1 16
H 160 B 1 0 108 4 22 11 11 33
J N 5 21871 21 2 5185 144 1 161
K 0 0 43
A D 1 16
J N 5 21897 0 2 5617 144 1 161
K 0 0 43
A D 1 16
J N 5 21923 21 2 6049 144 1 161
K 0 0 43
A D 1 16
J N 5 21949 0 2 6481 144 1 161
K 0 0 43
A D 1 16
H 161 B 1 0 108 4 22 11 11 33
J B 63 21979 1 82 6913 144 0
J N 5 22000 42 2 1 0 1 162
K 0 0 43
A D 1 16
J N 5 22026 28 2 433 144 1 162
K 0 0 43
A D 1 16
J N 5 22052 42 2 865 144 1 162
K 0 0 43
A D 1 16
J N 5 22078 28 2 1297 144 1 162
K 0 0 43
A D 1 16
H 162 B 0 0 108 4 22 11 11 33
J N 5 22104 49 2 1729 144 1 163
K 0 0 43
A D 1 16
J N 5 22130 28 2 2161 144 1 163
K 0 0 43
A D 1 16
J N 5 22156 49 2 2593 144 1 163
K 0 0 43
A D 1 16
J N 5 22182 28 2 3025 144 1 163
K 0 0 43
A D 1 16
H 163 B 0 0 108 4 22 11 11 33
J N 5 22208 42 2 3457 144 1 164
K 0 0 43
A D 1 16
J N 5 22234 28 2 3889 144 1 164
K 0 0 43
A D 1 16
J N 5 22260 42 2 4321 144 1 164
K 0 0 43
A D 1 16
J N 5 22286 28 2 4753 144 1 164
K 0 0 43
A D 1 16
H 164 B 0 0 108 4 22 11 11 33
J N 5 22312 49 2 5185 144 1 165
K 0 0 43
A D 1 16
J N 5 22338 28 2 5617 144 1 165
K 0 0 43
A D 1 16
J N 5 22364 49 2 6049 144 1 165
K 0 0 43
A D 1 16
J N 5 22390 28 2 6481 144 1 165
K 0 0 43
A D 1 16
H 165 B 0 0 108 4 22 11 11 33
J B 64 22420 1 82 6913 144 0
J N 5 22445 7 3 1 0 1 166
K -15 0 65
K 0 0 43
A D 1 16
J N 5 22471 -7 2 433 144 1 166
K 0 0 43
A D 1 16
J N 5 22497 7 2 865 144 1 166
K 0 0 43
A D 1 16
J N 5 22523 -7 2 1297 144 1 166
K 0 0 43
A D 1 16
H 166 B 1 0 108 4 22 11 11 33
J N 5 22549 14 2 1729 144 1 167
K 0 0 43
A D 1 16
J N 5 22575 -7 2 2161 144 1 167
K 0 0 43
A D 1 16
J N 5 22601 14 2 2593 144 1 167
K 0 0 43
A D 1 16
J N 5 22627 -7 2 3025 144 1 167
K 0 0 43
A D 1 16
H 167 B 1 0 108 4 22 11 11 33
J N 5 22653 7 2 3457 144 1 168
K 0 0 43
A D 1 16
J N 5 22679 -7 2 3889 144 1 168
K 0 0 43
A D 1 16
J N 5 22705 7 2 4321 144 1 168
K 0 0 43
A D 1 16
J N 5 22731 -7 2 4753 144 1 168
K 0 0 43
A D 1 16
H 168 B 1 0 108 4 22 11 11 33
J N 5 22757 14 2 5185 144 1 169
K 0 0 43
A D 1 16
J N 5 22783 -7 2 5617 144 1 169
K 0 0 43
A D 1 16
J N 5 22809 14 2 6049 144 1 169
K 0 0 43
A D 1 16
J N 5 22835 -7 2 6481 144 1 169
K 0 0 43
A D 1 16
H 169 B 1 0 108 4 22 11 11 33
J B 65 22865 1 82 6913 144 0
J N 5 22886 35 2 1 0 1 170
K 0 0 43
A D 1 16
J N 5 22912 21 2 433 144 1 170
K 0 0 43
A D 1 16
J N 5 22938 35 2 865 144 1 170
K 0 0 43
A D 1 16
J N 5 22964 21 2 1297 144 1 170
K 0 0 43
A D 1 16
H 170 B 0 0 108 4 22 11 11 33
J N 5 22990 42 2 1729 144 1 171
K 0 0 43
A D 1 16
J N 5 23016 21 2 2161 144 1 171
K 0 0 43
A D 1 16
J N 5 23042 42 2 2593 144 1 171
K 0 0 43
A D 1 16
J N 5 23068 21 2 3025 144 1 171
K 0 0 43
A D 1 16
H 171 B 0 0 108 4 22 11 11 33
J N 5 23094 35 2 3457 144 1 172
K 0 0 43
A D 1 16
J N 5 23120 21 2 3889 144 1 172
K 0 0 43
A D 1 16
J N 5 23146 35 2 4321 144 1 172
K 0 0 43
A D 1 16
J N 5 23172 21 2 4753 144 1 172
K 0 0 43
A D 1 16
H 172 B 0 0 108 4 22 11 11 33
J N 5 23198 42 2 5185 144 1 173
K 0 0 43
A D 1 16
J N 5 23224 21 2 5617 144 1 173
K 0 0 43
A D 1 16
J N 5 23250 42 2 6049 144 1 173
K 0 0 43
A D 1 16
J N 5 23276 21 2 6481 144 1 173
K 0 0 43
A D 1 16
H 173 B 0 0 108 4 22 11 11 33
J B 66 23306 1 82 6913 144 0
J N 5 23327 0 2 1 0 1 174
K 0 0 43
A D 1 16
J N 5 23353 -14 5 433 144 1 174
K 0 0 45
K 0 0 43
K -1 0 45
K 2 0 45
A D 1 16
J N 5 23379 0 2 865 144 1 174
K 0 0 43
A D 1 16
J N 5 23405 -14 5 1297 144 1 174
K 0 0 45
K 0 0 43
K -1 0 45
K 2 0 45
A D 1 16
H 174 B 1 0 108 4 22 11 11 33
J N 5 23431 7 2 1729 144 1 175
K 0 0 43
A D 1 16
J N 5 23457 -14 5 2161 144 1 175
K 0 0 45
K 0 0 43
K -1 0 45
K 2 0 45
A D 1 16
J N 5 23483 7 2 2593 144 1 175
K 0 0 43
A D 1 16
J N 5 23509 -14 5 3025 144 1 175
K 0 0 45
K 0 0 43
K -1 0 45
K 2 0 45
A D 1 16
H 175 B 1 0 108 4 22 11 11 33
J N 5 23535 0 2 3457 144 1 176
K 0 0 43
A D 1 16
J N 5 23561 -14 5 3889 144 1 176
K 0 0 45
K 0 0 43
K -1 0 45
K 2 0 45
A D 1 16
J N 5 23587 0 2 4321 144 1 176
K 0 0 43
A D 1 16
J N 5 23613 -14 5 4753 144 1 176
K 0 0 45
K 0 0 43
K -1 0 45
K 2 0 45
A D 1 16
H 176 B 1 0 108 4 22 11 11 33
J N 5 23639 7 2 5185 144 1 177
K 0 0 43
A D 1 16
J N 5 23665 -14 5 5617 144 1 177
K 0 0 45
K 0 0 43
K -1 0 45
K 2 0 45
A D 1 16
J N 5 23691 7 2 6049 144 1 177
K 0 0 43
A D 1 16
J N 5 23717 -14 5 6481 144 1 177
K 0 0 45
K 0 0 43
K -1 0 45
K 2 0 45
A D 1 16
H 177 B 1 0 108 4 22 11 11 33
J B 67 23747 1 82 6913 144 0
J N 5 23768 28 2 1 0 1 178
K 0 0 43
A D 1 16
J N 5 23794 14 2 433 144 1 178
K 0 0 43
A D 1 16
J N 5 23820 28 2 865 144 1 178
K 0 0 43
A D 1 16
J N 5 23846 14 2 1297 144 1 178
K 0 0 43
A D 1 16
H 178 B 1 0 108 4 22 11 11 33
J N 5 23872 35 2 1729 144 1 179
K 0 0 43
A D 1 16
J N 5 23898 14 2 2161 144 1 179
K 0 0 43
A D 1 16
J N 5 23924 35 2 2593 144 1 179
K 0 0 43
A D 1 16
J N 5 23950 14 2 3025 144 1 179
K 0 0 43
A D 1 16
H 179 B 1 0 108 4 22 11 11 33
J N 5 23976 28 2 3457 144 1 180
K 0 0 43
A D 1 16
J N 5 24002 14 2 3889 144 1 180
K 0 0 43
A D 1 16
J N 5 24028 28 2 4321 144 1 180
K 0 0 43
A D 1 16
J N 5 24054 14 2 4753 144 1 180
K 0 0 43
A D 1 16
H 180 B 1 0 108 4 22 11 11 33
J N 5 24080 35 2 5185 144 1 181
K 0 0 43
A D 1 16
J N 5 24106 14 2 5617 144 1 181
K 0 0 43
A D 1 16
J N 5 24132 35 2 6049 144 1 181
K 0 0 43
A D 1 16
J N 5 24158 14 2 6481 144 1 181
K 0 0 43
A D 1 16
H 181 B 1 0 108 4 22 11 11 33
J B 68 24188 1 82 6913 144 0
J N 5 24213 7 3 1 0 1 182
K -15 0 65
K 0 0 43
A D 1 16
J N 5 24239 0 2 433 144 1 182
K 0 0 43
A D 1 16
J N 5 24265 7 2 865 144 1 182
K 0 0 43
A D 1 16
J N 5 24291 0 2 1297 144 1 182
K 0 0 43
A D 1 16
H 182 B 1 0 108 4 22 11 11 33
J N 5 24317 14 2 1729 144 1 183
K 0 0 43
A D 1 16
J N 5 24343 7 2 2161 144 1 183
K 0 0 43
A D 1 16
J N 5 24369 14 2 2593 144 1 183
K 0 0 43
A D 1 16
J N 5 24395 7 2 3025 144 1 183
K 0 0 43
A D 1 16
H 183 B 1 0 108 4 22 11 11 33
J N 5 24421 21 2 3457 144 1 184
K 0 0 43
A D 1 16
J N 5 24447 14 2 3889 144 1 184
K 0 0 43
A D 1 16
J N 5 24473 21 2 4321 144 1 184
K 0 0 43
A D 1 16
J N 5 24499 14 2 4753 144 1 184
K 0 0 43
A D 1 16
H 184 B 1 0 108 4 22 11 11 33
J N 5 24525 28 2 5185 144 1 185
K 0 0 43
A D 1 16
J N 5 24551 21 2 5617 144 1 185
K 0 0 43
A D 1 16
J N 5 24577 28 2 6049 144 1 185
K 0 0 43
A D 1 16
J N 5 24603 21 2 6481 144 1 185
K 0 0 43
A D 1 16
H 185 B 1 0 108 4 22 11 11 33
J B 69 24633 1 82 6913 144 0
J N 5 24654 35 2 1 0 1 186
K 0 0 43
A D 1 16
J N 5 24680 21 2 433 144 1 186
K 0 0 43
A D 1 16
J N 5 24706 28 2 865 144 1 186
K 0 0 43
A D 1 16
J N 5 24732 35 2 1297 144 1 186
K 0 0 43
A D 1 16
H 186 B 1 0 108 4 22 11 11 33
J N 5 24758 28 2 1729 144 1 187
K 0 0 43
A D 1 16
J N 5 24784 14 2 2161 144 1 187
K 0 0 43
A D 1 16
J N 5 24810 21 2 2593 144 1 187
K 0 0 43
A D 1 16
J N 5 24836 28 2 3025 144 1 187
K 0 0 43
A D 1 16
H 187 B 1 0 108 4 22 11 11 33
J N 6 24862 21 2 3457 144 1 188
K 0 0 43
A D 2 16
J N 6 24896 49 2 4321 288 1 188
K 0 0 43
A D 2 16
H 188 B 0 0 108 2 2 3
J N 7 24930 0 4 5185 288 1 189
K 0 0 43
K 0 0 60
K 0 21 60
A D 4 16
J B 70 24982 1 82 6913 576 0
J N 6 25003 0 2 1 0 2 190 189
K 0 0 43
A D 2 16
H 189 T 0 0 0 0 0 0 5 0
J N 6 25037 28 2 865 288 1 190
K 0 0 43
A D 2 16
H 190 B 1 0 108 2 2 3
J N 7 25071 7 5 1729 288 1 191
K -15 0 65
K 0 0 43
K 0 0 60
K 0 21 60
A D 4 16
J N 6 25119 7 2 3457 576 2 192 191
K 0 0 43
A D 2 16
H 191 T 7 0 0 0 0 0 1 0
J N 6 25153 0 2 4321 288 1 192
K 0 0 43
A D 2 16
J N 6 25187 14 2 5185 288 2 193 192
K 0 0 43
A D 2 16
J N 6 25221 21 2 6049 288 2 192 193
K 0 0 43
A D 2 16
H 192 B 1 0 108 4 2 1 1 3
H 193 S 0 0 0 0 0 0 0 0 0
J B 71 25259 1 82 6913 288 0
J N 7 25280 14 4 1 0 0
K 0 0 43
K 0 0 60
K 0 21 60
A D 4 16
J N 7 25328 21 4 1729 576 0
K 0 0 43
K 0 0 60
K 0 21 60
A D 4 16
J N 7 25376 28 5 3457 576 0
K 0 0 43
K 24 -6 44
K 0 0 60
K 0 21 60
A D 6 16
J N 6 25437 0 3 6049 864 0
K 0 0 43
K 0 0 54
A D 2 16
J B 72 25475 1 82 6913 288 0
J N 7 25496 -7 5 1 0 0
K 0 0 43
K 25 0 44
K 0 0 60
K 0 21 60
A D 6 16
J N 6 25557 -7 3 2593 864 0
K 0 0 43
K 0 0 54
A D 2 16
J N 7 25591 35 4 3457 288 0
K 0 0 43
K 0 0 59
K 0 -21 59
A D 4 16
J R 7 25639 28 2 5185 576 0
K 0 0 48
A D 4 16
J B 73 25691 1 82 6913 576 0
J R 7 25712 28 2 1 0 0
K 0 0 48
A D 4 16
J R 6 25760 28 3 1729 576 0
K 0 0 49
K -2 -35 101
A D 2 16
J D 5 25794 -42 1 2593 288 0
W 0 0 37 Adagio
J N 6 25794 0 3 2593 0 0
K 0 0 43
K 0 0 54
A D 2 16
J N 7 25835 7 5 3457 288 0
K -15 0 65
K 0 0 43
K 0 0 60
K 0 21 60
A D 4 16
J N 6 25883 14 2 5185 576 2 194 195
K 0 0 43
A D 2 16
J N 6 25917 21 2 6049 288 2 195 194
K 0 0 43
A D 2 16
H 195 B 1 0 108 2 2 3
H 194 S 0 0 0 0 0 0 0 0 0
J B 74 25955 1 82 6913 288 0
J N 7 25976 14 4 1 0 0
K 0 0 43
K 0 0 60
K 0 21 60
A D 4 16
J N 7 26024 21 4 1729 576 0
K 0 0 43
K 0 0 60
K 0 21 60
A D 4 16
J N 7 26072 28 4 3457 576 0
K 0 0 43
K 0 0 60
K 0 21 60
A D 4 16
J R 7 26120 28 2 5185 576 0
K 0 0 48
A D 4 16
J B 75 26172 1 82 6913 576 0
J N 7 26193 21 4 1 0 0
K 0 0 43
K 0 0 60
K 0 21 60
A D 4 16
J R 7 26241 28 2 1729 576 0
K 0 0 48
A D 4 16
J N 7 26289 28 4 3457 576 0
K 0 0 43
K 0 0 60
K 0 21 60
A D 4 16
J R 7 26337 28 2 5185 576 0
K 0 0 48
A D 4 16
J B 76 26389 1 82 6913 576 0
J N 9 26410 35 2 1 0 0
K 0 0 41
A D 16 16
J B 0 26541 6 2 6913 2304 0
K -13 0 82
K -6 0 84
J M 0 26541 0 0 10000 0 0
