@ SOURCE: not identified 
L 0 0 14 !39Violino 2 concerto grosso
J D 4 500 -120 1 6913 0 0
W 0 0 44 I 
J D 1 75 -37 1 6913 0 0
W 0 -56 44 I :  Violino 2 concerto grosso
J C 4 5 42 2 6913 0 0
K 0 0 33
K 0 0 34
J K -1 57 0 1 6913 0 0
K 0 28 65
J D 5 86 -42 1 6913 0 0
W 0 0 37 Adagio
J T 101 86 42 1 6913 0 0
K 0 0 37
J N 7 134 63 4 1 0 0
K 0 0 43
K 0 0 59
K 0 -21 59
A D 4 16
J R 6 168 28 2 1729 576 0
K 0 0 49
A D 2 16
J N 6 194 49 3 2593 288 0
K 0 0 43
K 0 0 53
A D 2 16
J N 6 231 49 2 3457 288 1 1
K 0 0 43
A D 2 16
J N 6 257 28 2 4321 288 1 1
K 0 0 43
A D 2 16
J N 6 283 35 2 5185 288 1 1
K 0 0 43
A D 2 16
J N 6 309 28 2 6049 288 1 1
K 0 0 43
A D 2 16
H 1 B 0 0 108 4 2 1 1 3
J B 2 339 1 82 6913 288 0
J N 7 360 35 4 1 0 0
K 0 0 43
K 0 0 59
K 0 -21 59
A D 4 16
J R 7 394 28 3 1729 576 0
K 0 0 48
K -2 -35 101
A D 4 16
J N 7 428 63 4 3457 576 0
K 0 0 43
K 0 0 59
K 0 -21 59
A D 4 16
J R 6 462 28 2 5185 576 0
K 0 0 49
A D 2 16
J N 6 488 49 3 6049 288 0
K 0 0 43
K 0 0 53
A D 2 16
J B 3 529 1 82 6913 288 0
J N 6 550 42 2 1 0 1 2
K 0 0 43
A D 2 16
J N 6 576 49 2 865 288 1 2
K 0 0 43
A D 2 16
J N 6 602 42 2 1729 288 1 2
K 0 0 43
A D 2 16
J N 6 628 49 2 2593 288 1 2
K 0 0 43
A D 2 16
H 2 B 0 0 108 4 2 1 1 3
J N 7 669 56 5 3457 288 0
K -15 0 65
K 0 0 43
K 0 0 59
K 0 -21 59
A D 4 16
J R 6 703 28 2 5185 576 0
K 0 0 49
A D 2 16
J N 6 729 63 3 6049 288 0
K 0 0 43
K 0 0 53
A D 2 16
J B 4 770 1 82 6913 288 0
J N 7 791 35 4 1 0 0
K 0 0 43
K 0 0 59
K 0 -21 59
A D 4 16
J R 6 825 28 2 1729 576 0
K 0 0 49
A D 2 16
J N 6 851 28 4 2593 288 0
K 0 0 43
K 0 68 108
K 0 0 54
A D 2 16
J N 7 877 35 4 3457 288 0
K 0 0 43
K 0 0 59
K 0 -21 59
A D 4 16
J R 6 911 28 2 5185 576 0
K 0 0 49
A D 2 16
J N 6 937 14 4 6049 288 0
K 0 0 43
K 0 75 110
K 0 0 54
A D 2 16
J B 5 967 1 82 6913 288 0
J N 6 988 14 2 1 0 1 3
K 0 0 43
A D 2 16
J N 6 1014 42 2 865 288 1 3
K 0 0 43
A D 2 16
J N 6 1040 21 3 1729 288 1 3
K 0 0 43
K 25 0 44
A D 3 16
J N 5 1078 21 2 3025 432 1 3
K 0 0 43
A D 1 16
H 3 B 1 0 108 4 2 1 1 53
J N 7 1104 35 4 3457 144 0
K 0 0 43
K 0 0 59
K 0 -21 59
A D 4 16
J R 6 1138 28 2 5185 576 0
K 0 0 49
A D 2 16
J N 6 1164 0 3 6049 288 0
K 0 0 43
K 0 0 54
A D 2 16
J B 6 1194 1 82 6913 288 0
J N 7 1215 28 4 1 0 0
K 0 0 43
K 0 0 60
K 0 21 60
A D 4 16
J R 6 1249 28 2 1729 576 0
K 0 0 49
A D 2 16
J N 6 1275 21 4 2593 288 0
K 0 0 43
K 0 68 108
K 0 0 54
A D 2 16
J N 7 1301 35 4 3457 288 0
K 0 0 43
K 0 0 59
K 0 -21 59
A D 4 16
J R 6 1335 28 2 5185 576 0
K 0 0 49
A D 2 16
J N 6 1361 0 4 6049 288 0
K 0 0 43
K 0 84 110
K 0 0 54
A D 2 16
J B 7 1391 1 82 6913 288 0
J N 7 1415 7 5 1 0 0
K -15 0 65
K 0 0 43
K 0 0 60
K 0 21 60
A D 4 16
J N 6 1449 14 2 1729 576 2 4 5
K 0 0 43
A D 2 16
J N 6 1475 21 2 2593 288 2 5 4
K 0 0 43
A D 2 16
H 5 B 1 0 108 2 2 3
H 4 S 0 0 0 0 0 0 0 0 0
J N 7 1501 14 4 3457 288 0
K 0 0 43
K 0 0 60
K 0 21 60
A D 4 16
J N 7 1535 21 4 5185 576 0
K 0 0 43
K 0 0 60
K 0 21 60
A D 4 16
J B 8 1573 1 82 6913 576 0
J N 7 1594 28 4 1 0 0
K 0 0 43
K 0 0 60
K 0 21 60
A D 4 16
J R 6 1628 28 2 1729 576 0
K 0 0 49
A D 2 16
J N 6 1654 14 4 2593 288 0
K 0 0 43
K 0 68 108
K 0 0 54
A D 2 16
J N 6 1680 42 2 3457 288 2 6 7
K 0 0 43
A D 2 16
J N 6 1706 35 2 4321 288 2 7 6
K 0 0 43
A D 2 16
H 7 B 0 0 108 2 2 3
H 6 S 12 0 0 0 0 0 0 0 0
J N 7 1732 28 4 5185 288 1 8
K 0 0 43
K 0 0 60
K 0 21 60
A D 4 16
J B 9 1770 1 82 6913 576 0
J N 7 1791 28 4 1 0 1 8
K 0 0 43
K 0 0 60
K 0 21 60
A D 4 16
H 8 T 28 0 0 0 0 0 5 0
J N 7 1825 35 4 1729 576 0
K 0 0 43
K 0 0 59
K 0 -21 59
A D 4 16
J D 5 1859 -42 1 3457 576 0
W 0 0 37 Allegro
J N 7 1859 28 4 3457 0 0
K 0 0 43
K 0 0 60
K 0 21 60
A D 4 16
J R 7 1893 28 2 5185 576 0
K 0 0 48
A D 4 16
J B 10 1931 1 82 6913 576 0
J R 9 1952 28 2 1 10000 0
K 0 0 46
A D 16 16
J B 11 2057 1 82 6913 2304 0
J R 8 2078 28 2 1 0 0
K 0 0 47
A D 8 16
J N 6 2126 14 2 3457 1152 1 9
K 0 0 43
A D 2 16
J N 6 2152 28 2 4321 288 1 9
K 0 0 43
A D 2 16
H 9 B 1 0 108 2 2 3
J N 7 2178 0 4 5185 288 1 10
K 0 0 43
K 0 0 60
K 0 21 60
A D 4 16
J B 12 2216 1 82 6913 576 0
J N 7 2237 0 4 1 0 1 10
K 0 0 43
K 0 0 60
K 0 21 60
A D 4 16
H 10 T 0 0 0 0 0 0 5 0
J N 8 2278 7 5 1729 576 0
K -15 0 65
K 0 0 42
K 0 0 60
K 0 21 60
A D 8 16
J N 7 2326 14 4 5185 1152 1 11
K 0 0 43
K 0 0 60
K 0 21 60
A D 4 16
J B 13 2364 1 82 6913 576 0
J N 7 2385 14 4 1 0 1 11
K 0 0 43
K 0 0 60
K 0 21 60
A D 4 16
H 11 T 14 0 0 0 0 0 5 0
J N 8 2419 21 4 1729 576 0
K 0 0 42
K 0 0 60
K 0 21 60
A D 8 16
J N 7 2467 28 4 5185 1152 1 12
K 0 0 43
K 0 0 60
K 0 21 60
A D 4 16
J B 14 2505 1 82 6913 576 0
J N 7 2526 28 4 1 0 1 12
K 0 0 43
K 0 0 60
K 0 21 60
A D 4 16
H 12 T 28 0 0 0 0 0 5 0
J N 7 2560 35 4 1729 576 1 13
K 0 0 43
K 0 0 59
K 0 -21 59
A D 4 16
J N 6 2594 35 2 3457 576 2 14 13
K 0 0 43
A D 2 16
H 13 T 35 0 0 0 0 0 9 0
J N 6 2620 63 2 4321 288 1 14
K 0 0 43
A D 2 16
H 14 B 0 0 108 2 2 3
J N 7 2646 42 4 5185 288 1 15
K 0 0 43
K 0 0 59
K 0 -21 59
A D 4 16
J B 15 2684 1 82 6913 576 0
J N 6 2705 42 2 1 0 2 16 15
K 0 0 43
A D 2 16
H 15 T 42 0 0 0 0 0 13 0
J N 6 2731 70 5 865 288 1 16
K 1 0 45
K 0 0 43
K -1 0 45
K 2 0 45
A D 2 16
J N 6 2757 49 2 1729 288 1 16
K 0 0 43
A D 2 16
J N 6 2783 35 2 2593 288 1 16
K 0 0 43
A D 2 16
H 16 B 0 0 108 4 2 1 1 3
J N 6 2809 63 2 3457 288 1 17
K 0 0 43
A D 2 16
J N 6 2835 56 2 4321 288 1 17
K 0 0 43
A D 2 16
H 17 B 0 0 108 2 2 3
J N 7 2861 49 4 5185 288 1 18
K 0 0 43
K 0 0 59
K 0 -21 59
A D 4 16
J B 16 2899 1 82 6913 576 0
J N 7 2920 49 4 1 0 1 18
K 0 0 43
K 0 0 59
K 0 -21 59
A D 4 16
H 18 T 49 0 0 0 0 0 9 0
J N 7 2954 56 4 1729 576 0
K 0 0 43
K 0 0 59
K 0 -21 59
A D 4 16
J N 5 2988 49 2 3457 576 1 19
K 0 0 43
A D 1 16
J N 5 3014 56 2 3889 144 1 19
K 0 0 43
A D 1 16
J N 5 3040 49 2 4321 144 1 19
K 0 0 43
A D 1 16
J N 5 3066 42 2 4753 144 1 19
K 0 0 43
A D 1 16
H 19 B 0 0 108 4 22 11 11 33
J N 5 3092 35 2 5185 144 1 20
K 0 0 43
A D 1 16
J N 5 3118 42 2 5617 144 1 20
K 0 0 43
A D 1 16
J N 5 3144 35 2 6049 144 1 20
K 0 0 43
A D 1 16
J N 5 3170 49 2 6481 144 1 20
K 0 0 43
A D 1 16
H 20 B 0 0 108 4 22 11 11 33
J B 17 3200 1 82 6913 144 0
J N 7 3221 28 4 1 0 0
K 0 0 43
K 0 0 60
K 0 21 60
A D 4 16
J R 7 3255 28 2 1729 576 0
K 0 0 48
A D 4 16
J N 5 3289 42 2 3457 576 1 21
K 0 0 43
A D 1 16
J N 5 3315 49 2 3889 144 1 21
K 0 0 43
A D 1 16
J N 5 3341 42 2 4321 144 1 21
K 0 0 43
A D 1 16
J N 5 3367 35 2 4753 144 1 21
K 0 0 43
A D 1 16
H 21 B 0 0 108 4 22 11 11 33
J N 5 3393 28 2 5185 144 1 22
K 0 0 43
A D 1 16
J N 5 3419 35 2 5617 144 1 22
K 0 0 43
A D 1 16
J N 5 3445 28 2 6049 144 1 22
K 0 0 43
A D 1 16
J N 5 3471 42 2 6481 144 1 22
K 0 0 43
A D 1 16
H 22 B 0 0 108 4 22 11 11 33
J B 18 3501 1 82 6913 144 0
J N 7 3522 21 4 1 0 0
K 0 0 43
K 0 0 60
K 0 21 60
A D 4 16
J R 7 3556 28 2 1729 576 0
K 0 0 48
A D 4 16
J N 5 3590 35 2 3457 576 1 23
K 0 0 43
A D 1 16
J N 5 3616 42 2 3889 144 1 23
K 0 0 43
A D 1 16
J N 5 3642 35 2 4321 144 1 23
K 0 0 43
A D 1 16
J N 5 3668 28 2 4753 144 1 23
K 0 0 43
A D 1 16
H 23 B 0 0 108 4 22 11 11 33
J N 5 3694 21 2 5185 144 1 24
K 0 0 43
A D 1 16
J N 5 3720 28 2 5617 144 1 24
K 0 0 43
A D 1 16
J N 5 3746 21 2 6049 144 1 24
K 0 0 43
A D 1 16
J N 5 3772 35 2 6481 144 1 24
K 0 0 43
A D 1 16
H 24 B 0 0 108 4 22 11 11 33
J B 19 3802 1 82 6913 144 0
J N 7 3823 14 4 1 0 0
K 0 0 43
K 0 0 60
K 0 21 60
A D 4 16
J R 7 3857 28 2 1729 576 0
K 0 0 48
A D 4 16
J N 5 3891 28 2 3457 576 1 25
K 0 0 43
A D 1 16
J N 5 3917 35 2 3889 144 1 25
K 0 0 43
A D 1 16
J N 5 3943 28 2 4321 144 1 25
K 0 0 43
A D 1 16
J N 5 3969 21 2 4753 144 1 25
K 0 0 43
A D 1 16
H 25 B 1 0 108 4 22 11 11 33
J N 5 3995 14 2 5185 144 1 26
K 0 0 43
A D 1 16
J N 5 4021 21 2 5617 144 1 26
K 0 0 43
A D 1 16
J N 5 4047 14 2 6049 144 1 26
K 0 0 43
A D 1 16
J N 5 4073 28 2 6481 144 1 26
K 0 0 43
A D 1 16
H 26 B 1 0 108 4 22 11 11 33
J B 20 4103 1 82 6913 144 0
J N 7 4127 7 5 1 0 0
K -15 0 65
K 0 0 43
K 0 0 60
K 0 21 60
A D 4 16
J R 7 4161 28 2 1729 576 0
K 0 0 48
A D 4 16
J N 5 4195 21 2 3457 576 1 27
K 0 0 43
A D 1 16
J N 5 4221 28 2 3889 144 1 27
K 0 0 43
A D 1 16
J N 5 4247 21 2 4321 144 1 27
K 0 0 43
A D 1 16
J N 5 4273 14 2 4753 144 1 27
K 0 0 43
A D 1 16
H 27 B 1 0 108 4 22 11 11 33
J N 5 4299 7 2 5185 144 1 28
K 0 0 43
A D 1 16
J N 5 4325 14 2 5617 144 1 28
K 0 0 43
A D 1 16
J N 5 4351 7 2 6049 144 1 28
K 0 0 43
A D 1 16
J N 5 4377 21 2 6481 144 1 28
K 0 0 43
A D 1 16
H 28 B 1 0 108 4 22 11 11 33
J B 21 4407 1 82 6913 144 0
J N 7 4428 0 4 1 0 0
K 0 0 43
K 0 0 60
K 0 21 60
A D 4 16
J R 7 4462 28 2 1729 576 0
K 0 0 48
A D 4 16
J N 5 4496 -21 5 3457 576 1 29
K 0 7 45
K 0 0 43
K 0 7 45
K 1 7 45
A D 1 16
J N 5 4522 0 2 3889 144 1 29
K 0 0 43
A D 1 16
J N 5 4548 14 2 4321 144 1 29
K 0 0 43
A D 1 16
J N 5 4574 0 2 4753 144 1 29
K 0 0 43
A D 1 16
H 29 B 1 0 108 4 22 11 11 33
J N 5 4600 28 2 5185 144 1 30
K 0 0 43
A D 1 16
J N 5 4626 14 2 5617 144 1 30
K 0 0 43
A D 1 16
J N 5 4652 21 2 6049 144 1 30
K 0 0 43
A D 1 16
J N 5 4678 28 2 6481 144 1 30
K 0 0 43
A D 1 16
H 30 B 1 0 108 4 22 11 11 33
J B 22 4708 1 82 6913 144 0
J N 7 4729 0 4 1 0 0
K 0 0 43
K 0 0 60
K 0 21 60
A D 4 16
J R 7 4763 28 2 1729 576 0
K 0 0 48
A D 4 16
J N 5 4797 -21 5 3457 576 1 31
K 0 7 45
K 0 0 43
K 0 7 45
K 1 7 45
A D 1 16
J N 5 4823 -14 5 3889 144 1 31
K 0 0 45
K 0 0 43
K -1 0 45
K 2 0 45
A D 1 16
J N 5 4849 -7 2 4321 144 1 31
K 0 0 43
A D 1 16
J N 5 4875 0 2 4753 144 1 31
K 0 0 43
A D 1 16
H 31 B 1 0 108 4 22 11 11 33
J N 5 4901 7 2 5185 144 1 32
K 0 0 43
A D 1 16
J N 5 4927 -7 2 5617 144 1 32
K 0 0 43
A D 1 16
J N 5 4953 0 2 6049 144 1 32
K 0 0 43
A D 1 16
J N 5 4979 7 2 6481 144 1 32
K 0 0 43
A D 1 16
H 32 B 1 0 108 4 22 11 11 33
J B 23 5009 1 82 6913 144 0
J N 7 5030 -14 7 1 0 0
K 0 0 45
K 0 0 43
K -1 0 45
K 2 0 45
K 0 0 60
K 0 21 60
A D 4 16
J R 7 5064 28 2 1729 576 0
K 0 0 48
A D 4 16
J N 5 5098 -21 5 3457 576 1 33
K 0 7 45
K 0 0 43
K 0 7 45
K 1 7 45
A D 1 16
J N 5 5124 0 2 3889 144 1 33
K 0 0 43
A D 1 16
J N 5 5150 14 2 4321 144 1 33
K 0 0 43
A D 1 16
J N 5 5176 0 2 4753 144 1 33
K 0 0 43
A D 1 16
H 33 B 1 0 108 4 22 11 11 33
J N 5 5202 28 2 5185 144 1 34
K 0 0 43
A D 1 16
J N 5 5228 14 2 5617 144 1 34
K 0 0 43
A D 1 16
J N 5 5254 21 2 6049 144 1 34
K 0 0 43
A D 1 16
J N 5 5280 28 2 6481 144 1 34
K 0 0 43
A D 1 16
H 34 B 1 0 108 4 22 11 11 33
J B 24 5310 1 82 6913 144 0
J N 8 5331 -7 4 1 0 0
K 0 0 42
K 0 0 60
K 0 21 60
A D 8 16
J N 8 5379 0 4 3457 1152 0
K 0 0 42
K 0 0 60
K 0 21 60
A D 8 16
J B 25 5431 1 82 6913 1152 0
J N 8 5455 7 5 1 0 0
K -15 0 65
K 0 0 42
K 0 0 60
K 0 21 60
A D 8 16
J N 6 5503 14 2 3457 1152 1 35
K 0 0 43
A D 2 16
J N 6 5529 7 2 4321 288 1 35
K 0 0 43
A D 2 16
H 35 B 1 0 108 2 2 3
J N 7 5555 0 4 5185 288 1 36
K 0 0 43
K 0 0 60
K 0 21 60
A D 4 16
J B 26 5593 1 82 6913 576 0
J N 6 5614 0 2 1 0 2 37 36
K 0 0 43
A D 2 16
H 36 T 0 0 0 0 0 0 5 0
J N 6 5640 28 2 865 288 1 37
K 0 0 43
A D 2 16
H 37 B 1 0 108 2 2 3
J N 7 5666 7 5 1729 288 1 38
K -15 0 65
K 0 0 43
K 0 0 60
K 0 21 60
A D 4 16
J N 6 5700 7 2 3457 576 2 39 38
K 0 0 43
A D 2 16
H 38 T 7 0 0 0 0 0 1 0
J N 6 5726 0 2 4321 288 1 39
K 0 0 43
A D 2 16
J N 6 5752 14 2 5185 288 1 39
K 0 0 43
A D 2 16
J N 6 5778 21 2 6049 288 1 39
K 0 0 43
A D 2 16
H 39 B 1 0 108 4 2 1 1 3
J B 27 5808 1 82 6913 288 0
J N 7 5829 14 4 1 0 0
K 0 0 43
K 0 0 60
K 0 21 60
A D 4 16
J N 7 5863 21 4 1729 576 0
K 0 0 43
K 0 0 60
K 0 21 60
A D 4 16
J N 6 5897 14 2 3457 576 1 40
K 0 0 43
A D 2 16
J N 6 5923 49 2 4321 288 1 40
K 0 0 43
A D 2 16
H 40 B 0 0 108 2 2 3
J N 7 5949 28 4 5185 288 0
K 0 0 43
K 0 0 60
K 0 21 60
A D 4 16
J B 28 5987 1 82 6913 576 0
J R 7 6008 28 2 1 0 0
K 0 0 48
A D 4 16
J N 7 6042 28 4 1729 576 0
K 0 0 43
K 0 0 60
K 0 21 60
A D 4 16
J R 7 6076 28 2 3457 576 0
K 0 0 48
A D 4 16
J N 7 6110 28 4 5185 576 0
K 0 0 43
K 0 0 60
K 0 21 60
A D 4 16
J B 29 6148 1 82 6913 576 0
J N 7 6169 28 4 1 0 0
K 0 0 43
K 0 0 60
K 0 21 60
A D 4 16
J R 7 6203 28 3 1729 576 0
K 0 0 48
K -2 -35 101
A D 4 16
J N 7 6240 7 5 3457 576 0
K -15 0 65
K 0 0 43
K 0 0 60
K 0 21 60
A D 4 16
J N 7 6274 14 4 5185 576 0
K 0 0 43
K 0 0 60
K 0 21 60
A D 4 16
J B 30 6312 1 82 6913 576 0
J N 8 6333 21 4 1 0 0
K 0 0 42
K 0 0 60
K 0 21 60
A D 8 16
J N 7 6381 28 4 3457 1152 0
K 0 0 43
K 0 0 60
K 0 21 60
A D 4 16
J R 7 6415 28 3 5185 576 0
K 0 0 48
K -2 -35 101
A D 4 16
J B 31 6453 1 82 6913 576 0
J N 7 6474 35 5 1 0 0
K 0 0 43
K 0 44 108
K 0 0 59
K 0 -21 59
A D 4 16
J N 8 6508 28 4 1729 576 0
K 0 0 42
K 0 0 60
K 0 21 60
A D 8 16
J N 7 6556 35 4 5185 1152 0
K 0 0 43
K 0 0 59
K 0 -21 59
A D 4 16
J B 32 6594 1 82 6913 576 0
J R 6 6615 28 2 1 0 0
K 0 0 49
A D 2 16
J N 6 6641 28 4 865 288 0
K 0 0 43
K 0 75 110
K 0 0 54
A D 2 16
J N 7 6667 0 4 1729 288 0
K 0 0 43
K 0 0 60
K 0 21 60
A D 4 16
J R 6 6701 28 2 3457 576 0
K 0 0 49
A D 2 16
J N 6 6727 28 2 4321 288 1 41
K 0 0 43
A D 2 16
J N 6 6753 35 2 5185 288 1 41
K 0 0 43
A D 2 16
J N 6 6779 49 2 6049 288 1 41
K 0 0 43
A D 2 16
H 41 B 0 0 108 3 2 1 3
J B 33 6809 1 82 6913 288 0
J R 9 6830 28 2 1 10000 0
K 0 0 46
A D 16 16
J B 34 6935 1 82 6913 2304 0
J R 6 6956 28 2 1 0 0
K 0 0 49
A D 2 16
J N 6 6982 21 3 865 288 0
K 0 0 43
K 0 0 54
A D 2 16
J N 7 7008 -7 4 1729 288 0
K 0 0 43
K 0 0 60
K 0 21 60
A D 4 16
J R 6 7042 28 2 3457 576 0
K 0 0 49
A D 2 16
J N 6 7068 21 2 4321 288 1 42
K 0 0 43
A D 2 16
J N 6 7108 28 3 5185 288 1 42
K -14 0 64
K 0 0 43
A D 2 16
J N 6 7134 42 2 6049 288 1 42
K 0 0 43
A D 2 16
H 42 B 0 0 108 3 2 1 3
J B 35 7164 1 82 6913 288 0
J R 9 7185 28 2 1 10000 0
K 0 0 46
A D 16 16
J B 36 7290 1 82 6913 2304 0
J R 6 7311 28 2 1 0 0
K 0 0 49
A D 2 16
J N 6 7337 14 3 865 288 0
K 0 0 43
K 0 0 54
A D 2 16
J N 7 7363 -14 7 1729 288 0
K 0 0 45
K 0 0 43
K -1 0 45
K 2 0 45
K 0 0 60
K 0 21 60
A D 4 16
J R 6 7397 28 2 3457 576 0
K 0 0 49
A D 2 16
J N 6 7423 14 2 4321 288 1 43
K 0 0 43
A D 2 16
J N 6 7467 21 3 5185 288 1 43
K -18 0 63
K 0 0 43
A D 2 16
J N 6 7493 35 2 6049 288 1 43
K 0 0 43
A D 2 16
H 43 B 1 0 108 3 2 1 3
J B 37 7523 1 82 6913 288 0
J R 9 7544 28 2 1 10000 0
K 0 0 46
A D 16 16
J B 38 7649 1 82 6913 2304 0
J N 7 7670 28 4 1 0 0
K 0 0 43
K 0 0 60
K 0 21 60
A D 4 16
J R 7 7704 28 2 1729 576 0
K 0 0 48
A D 4 16
J N 7 7738 28 4 3457 576 0
K 0 0 43
K 0 0 60
K 0 21 60
A D 4 16
J R 7 7772 28 2 5185 576 0
K 0 0 48
A D 4 16
J B 39 7810 1 82 6913 576 0
J N 7 7831 21 4 1 0 0
K 0 0 43
K 0 0 60
K 0 21 60
A D 4 16
J R 7 7865 28 2 1729 576 0
K 0 0 48
A D 4 16
J N 7 7899 21 4 3457 576 0
K 0 0 43
K 0 0 60
K 0 21 60
A D 4 16
J R 7 7933 28 2 5185 576 0
K 0 0 48
A D 4 16
J B 40 7971 1 82 6913 576 0
J R 8 7992 28 2 1 0 0
K 0 0 47
A D 8 16
J R 7 8040 28 2 3457 1152 0
K 0 0 48
A D 4 16
J R 6 8074 28 2 5185 576 0
K 0 0 49
A D 2 16
J N 6 8100 14 3 6049 288 0
K 0 0 43
K 0 0 54
A D 2 16
J B 41 8130 1 82 6913 288 0
J N 6 8155 7 3 1 0 1 44
K -15 0 65
K 0 0 43
A D 2 16
J N 6 8181 21 2 865 288 1 44
K 0 0 43
A D 2 16
J N 6 8207 0 2 1729 288 1 44
K 0 0 43
A D 2 16
J N 6 8233 49 2 2593 288 1 44
K 0 0 43
A D 2 16
H 44 B 1 0 108 4 2 1 1 3
J N 7 8259 28 4 3457 288 0
K 0 0 43
K 0 0 60
K 0 21 60
A D 4 16
J R 7 8293 28 2 5185 576 0
K 0 0 48
A D 4 16
J B 42 8331 1 82 6913 576 0
J R 8 8352 28 2 1 0 0
K 0 0 47
A D 8 16
J R 7 8400 28 2 3457 1152 0
K 0 0 48
A D 4 16
J R 6 8434 28 2 5185 576 0
K 0 0 49
A D 2 16
J N 6 8460 63 3 6049 288 0
K 0 0 43
K 0 0 53
A D 2 16
J B 43 8501 1 82 6913 288 0
J N 6 8526 56 3 1 0 1 45
K -15 0 65
K 0 0 43
A D 2 16
J N 6 8552 70 5 865 288 1 45
K 1 0 45
K 0 0 43
K -1 0 45
K 2 0 45
A D 2 16
J N 6 8578 49 2 1729 288 1 45
K 0 0 43
A D 2 16
J N 6 8604 49 2 2593 288 1 45
K 0 0 43
A D 2 16
H 45 B 0 0 108 4 2 1 1 3
J N 7 8630 77 7 3457 288 0
K 1 -7 45
K 0 0 43
K 0 -7 45
K 1 -7 45
K 0 0 59
K 0 -21 59
A D 4 16
J R 7 8664 28 2 5185 576 0
K 0 0 48
A D 4 16
J B 44 8702 1 82 6913 576 0
J R 9 8723 28 2 1 10000 0
K 0 0 46
A D 16 16
J B 45 8828 1 82 6913 2304 0
J N 7 8849 35 4 1 0 0
K 0 0 43
K 0 0 59
K 0 -21 59
A D 4 16
J R 7 8883 28 2 1729 576 0
K 0 0 48
A D 4 16
J N 7 8917 28 4 3457 576 0
K 0 0 43
K 0 0 60
K 0 21 60
A D 4 16
J R 7 8951 28 2 5185 576 0
K 0 0 48
A D 4 16
J B 46 8989 1 82 6913 576 0
J R 9 9010 28 2 1 10000 0
K 0 0 46
A D 16 16
J B 47 9115 1 82 6913 2304 0
J N 7 9142 0 5 1 0 0
K -18 0 63
K 0 0 43
K 0 0 60
K 0 21 60
A D 4 16
J R 7 9176 28 2 1729 576 0
K 0 0 48
A D 4 16
J N 7 9210 -7 4 3457 576 0
K 0 0 43
K 0 0 60
K 0 21 60
A D 4 16
J R 7 9244 28 2 5185 576 0
K 0 0 48
A D 4 16
J B 48 9282 1 82 6913 576 0
J R 8 9303 28 2 1 0 0
K 0 0 47
A D 8 16
J N 7 9351 -7 4 3457 1152 0
K 0 0 43
K 0 0 60
K 0 21 60
A D 4 16
J R 7 9385 28 2 5185 576 0
K 0 0 48
A D 4 16
J B 49 9423 1 82 6913 576 0
J R 8 9444 28 2 1 0 0
K 0 0 47
A D 8 16
J N 7 9492 -14 7 3457 1152 0
K 0 0 45
K 0 0 43
K -1 0 45
K 2 0 45
K 0 0 60
K 0 21 60
A D 4 16
J N 7 9526 -21 7 5185 576 0
K 0 7 45
K 0 0 43
K 0 7 45
K 1 7 45
K 0 0 60
K 0 21 60
A D 4 16
J B 50 9564 1 82 6913 576 0
J N 8 9585 -14 7 1 0 0
K 0 0 45
K 0 0 42
K -1 0 45
K 2 0 45
K 0 0 60
K 0 21 60
A D 8 16
J N 7 9633 -7 4 3457 1152 0
K 0 0 43
K 0 0 60
K 0 21 60
A D 4 16
J R 7 9667 28 2 5185 576 0
K 0 0 48
A D 4 16
J B 51 9705 1 82 6913 576 0
J R 9 9726 28 2 1 10000 0
K 0 0 46
A D 16 16
J B 52 9831 1 82 6913 2304 0
J N 7 9852 7 4 1 0 0
K 0 0 43
K 0 0 60
K 0 21 60
A D 4 16
J R 7 9886 28 2 1729 576 0
K 0 0 48
A D 4 16
J N 7 9920 0 4 3457 576 0
K 0 0 43
K 0 0 60
K 0 21 60
A D 4 16
J R 7 9954 28 2 5185 576 0
K 0 0 48
A D 4 16
J B 53 9992 1 82 6913 576 0
J R 8 10013 28 2 1 0 0
K 0 0 47
A D 8 16
J N 7 10061 14 4 3457 1152 0
K 0 0 43
K 0 0 60
K 0 21 60
A D 4 16
J R 7 10095 28 2 5185 576 0
K 0 0 48
A D 4 16
J B 54 10133 1 82 6913 576 0
J R 8 10154 28 2 1 0 0
K 0 0 47
A D 8 16
J N 7 10202 35 4 3457 1152 0
K 0 0 43
K 0 0 59
K 0 -21 59
A D 4 16
J R 7 10236 28 2 5185 576 0
K 0 0 48
A D 4 16
J B 55 10274 1 82 6913 576 0
J N 7 10295 14 4 1 0 0
K 0 0 43
K 0 0 60
K 0 21 60
A D 4 16
J N 7 10329 -7 4 1729 576 0
K 0 0 43
K 0 0 60
K 0 21 60
A D 4 16
J N 7 10363 21 5 3457 576 0
K -18 0 63
K 0 0 43
K 0 0 60
K 0 21 60
A D 4 16
J R 7 10397 28 2 5185 576 0
K 0 0 48
A D 4 16
J B 56 10435 1 82 6913 576 0
J R 7 10456 28 2 1 0 0
K 0 0 48
A D 4 16
J N 7 10490 14 4 1729 576 0
K 0 0 43
K 0 0 60
K 0 21 60
A D 4 16
J N 7 10534 21 5 3457 576 0
K -18 0 63
K 0 0 43
K 0 0 60
K 0 21 60
A D 4 16
J R 7 10568 28 2 5185 576 0
K 0 0 48
A D 4 16
J B 57 10606 1 82 6913 576 0
J R 7 10627 28 2 1 0 0
K 0 0 48
A D 4 16
J N 7 10661 14 5 1729 576 0
K 0 0 43
K 0 70 108
K 0 0 60
K 0 21 60
A D 4 16
J N 7 10705 21 5 3457 576 0
K -18 0 63
K 0 0 43
K 0 0 60
K 0 21 60
A D 4 16
J R 6 10739 28 2 5185 576 0
K 0 0 49
A D 2 16
J N 6 10765 49 4 6049 288 0
K 0 0 43
K 0 39 110
K 0 0 53
A D 2 16
J B 58 10806 1 82 6913 288 0
J N 7 10827 42 4 1 0 0
K 0 0 43
K 0 0 59
K 0 -21 59
A D 4 16
J R 6 10861 28 2 1729 576 0
K 0 0 49
A D 2 16
J N 6 10887 42 3 2593 288 0
K 0 0 43
K 0 0 53
A D 2 16
J N 7 10924 35 4 3457 288 0
K 0 0 43
K 0 0 59
K 0 -21 59
A D 4 16
J R 6 10958 28 2 5185 576 0
K 0 0 49
A D 2 16
J N 6 10984 49 3 6049 288 0
K 0 0 43
K 0 0 53
A D 2 16
J B 59 11025 1 82 6913 288 0
J N 6 11046 42 2 1 0 1 46
K 0 0 43
A D 2 16
J N 6 11072 56 2 865 288 1 46
K 0 0 43
A D 2 16
J N 6 11098 35 2 1729 288 1 46
K 0 0 43
A D 2 16
J N 6 11124 84 6 2593 288 1 46
K 1 -14 45
K 1 0 45
K 0 0 43
K -1 0 45
K 2 0 45
A D 2 16
H 46 B 0 0 108 4 2 1 1 3
J N 7 11150 63 4 3457 288 0
K 0 0 43
K 0 0 59
K 0 -21 59
A D 4 16
J R 6 11184 28 2 5185 576 0
K 0 0 49
A D 2 16
J N 6 11210 49 4 6049 288 0
K 0 0 43
K 0 32 108
K 0 0 53
A D 2 16
J B 60 11251 1 82 6913 288 0
J N 7 11272 42 4 1 0 0
K 0 0 43
K 0 0 59
K 0 -21 59
A D 4 16
J R 6 11306 28 2 1729 576 0
K 0 0 49
A D 2 16
J N 6 11332 42 3 2593 288 0
K 0 0 43
K 0 0 53
A D 2 16
J N 7 11369 35 4 3457 288 0
K 0 0 43
K 0 0 59
K 0 -21 59
A D 4 16
J R 6 11403 28 2 5185 576 0
K 0 0 49
A D 2 16
J N 6 11429 63 3 6049 288 0
K 0 0 43
K 0 0 53
A D 2 16
J B 61 11470 1 82 6913 288 0
J N 7 11491 91 9 1 0 0
K 1 -21 45
K 1 -7 45
K 0 0 43
K 0 -7 45
K 1 -7 45
K 0 0 59
K 0 -28 59
K 0 -35 59
A D 4 16
J N 7 11525 84 8 1729 576 0
K 1 -14 45
K 1 0 45
K 0 0 43
K -1 0 45
K 2 0 45
K 0 0 59
K 0 -28 59
A D 4 16
J N 7 11559 63 4 3457 576 0
K 0 0 43
K 0 0 59
K 0 -21 59
A D 4 16
J R 7 11593 28 3 5185 576 0
K 0 0 48
K -2 -35 101
A D 4 16
J B 62 11631 1 82 6913 576 0
J R 6 11652 28 2 1 0 0
K 0 0 49
A D 2 16
J N 6 11678 28 4 865 288 0
K 0 0 43
K 0 75 110
K 0 0 54
A D 2 16
J N 7 11704 0 4 1729 288 0
K 0 0 43
K 0 0 60
K 0 21 60
A D 4 16
J R 6 11738 28 2 3457 576 0
K 0 0 49
A D 2 16
J N 6 11764 28 2 4321 288 1 47
K 0 0 43
A D 2 16
J N 6 11790 35 2 5185 288 1 47
K 0 0 43
A D 2 16
J N 6 11816 49 2 6049 288 1 47
K 0 0 43
A D 2 16
H 47 B 0 0 108 3 2 1 3
J B 63 11846 1 82 6913 288 0
J R 9 11867 28 2 1 10000 0
K 0 0 46
A D 16 16
J B 64 11972 1 82 6913 2304 0
J R 6 11993 28 2 1 0 0
K 0 0 49
A D 2 16
J N 6 12019 21 3 865 288 0
K 0 0 43
K 0 0 54
A D 2 16
J N 7 12045 -7 4 1729 288 0
K 0 0 43
K 0 0 60
K 0 21 60
A D 4 16
J R 6 12079 28 2 3457 576 0
K 0 0 49
A D 2 16
J N 6 12105 21 2 4321 288 1 48
K 0 0 43
A D 2 16
J N 6 12145 28 3 5185 288 1 48
K -14 0 64
K 0 0 43
A D 2 16
J N 6 12171 42 2 6049 288 1 48
K 0 0 43
A D 2 16
H 48 B 0 0 108 3 2 1 3
J B 65 12201 1 82 6913 288 0
J R 9 12222 28 2 1 10000 0
K 0 0 46
A D 16 16
J B 66 12327 1 82 6913 2304 0
J R 6 12348 28 2 1 0 0
K 0 0 49
A D 2 16
J N 6 12374 14 3 865 288 0
K 0 0 43
K 0 0 54
A D 2 16
J N 7 12400 -14 7 1729 288 0
K 0 0 45
K 0 0 43
K -1 0 45
K 2 0 45
K 0 0 60
K 0 21 60
A D 4 16
J R 6 12434 28 2 3457 576 0
K 0 0 49
A D 2 16
J N 6 12460 14 2 4321 288 1 49
K 0 0 43
A D 2 16
J N 6 12504 21 3 5185 288 1 49
K -18 0 63
K 0 0 43
A D 2 16
J N 6 12530 35 2 6049 288 1 49
K 0 0 43
A D 2 16
H 49 B 1 0 108 3 2 1 3
J B 67 12560 1 82 6913 288 0
J R 9 12581 28 2 1 10000 0
K 0 0 46
A D 16 16
J B 68 12686 1 82 6913 2304 0
J N 7 12707 28 4 1 0 0
K 0 0 43
K 0 0 60
K 0 21 60
A D 4 16
J N 7 12741 35 4 1729 576 0
K 0 0 43
K 0 0 59
K 0 -21 59
A D 4 16
J N 7 12775 42 4 3457 576 0
K 0 0 43
K 0 0 59
K 0 -21 59
A D 4 16
J N 7 12809 49 4 5185 576 0
K 0 0 43
K 0 0 59
K 0 -21 59
A D 4 16
J B 69 12847 1 82 6913 576 0
J N 7 12871 56 5 1 0 0
K -15 0 65
K 0 0 43
K 0 0 59
K 0 -21 59
A D 4 16
J N 7 12905 63 4 1729 576 0
K 0 0 43
K 0 0 59
K 0 -21 59
A D 4 16
J N 7 12939 35 4 3457 576 0
K 0 0 43
K 0 0 59
K 0 -21 59
A D 4 16
J R 6 12973 28 2 5185 576 0
K 0 0 49
A D 2 16
J N 6 12999 0 3 6049 288 0
K 0 0 43
K 0 0 54
A D 2 16
J B 70 13029 1 82 6913 288 0
J N 7 13050 -7 5 1 0 0
K 0 0 43
K 25 0 44
K 0 0 60
K 0 21 60
A D 6 16
J N 6 13092 -7 3 2593 864 0
K 0 0 43
K 0 0 54
A D 2 16
J N 6 13118 -14 5 3457 288 1 50
K 0 0 45
K 0 0 43
K -1 0 45
K 2 0 45
A D 2 16
J N 6 13144 0 2 4321 288 1 50
K 0 0 43
A D 2 16
H 50 B 1 0 108 2 2 3
J N 7 13170 -21 7 5185 288 1 51
K 0 7 45
K 0 0 43
K 0 7 45
K 1 7 45
K 0 0 60
K 0 21 60
A D 4 16
J B 71 13208 1 82 6913 576 0
J N 7 13229 -21 7 1 0 1 51
K 0 7 45
K 0 0 43
K 0 7 45
K 1 7 45
K 0 0 60
K 0 21 60
A D 4 16
H 51 T -21 0 0 0 0 0 1 0
J N 7 13263 -14 7 1729 576 0
K 0 0 45
K 0 0 43
K -1 0 45
K 2 0 45
K 0 0 60
K 0 21 60
A D 4 16
J N 7 13297 -21 7 3457 576 0
K 0 7 45
K 0 0 43
K 0 7 45
K 1 7 45
K 0 0 60
K 0 21 60
A D 4 16
J N 7 13331 0 4 5185 576 1 52
K 0 0 43
K 0 0 60
K 0 21 60
A D 4 16
J B 72 13369 1 82 6913 576 0
J N 6 13390 0 2 1 0 2 53 52
K 0 0 43
A D 2 16
H 52 T 0 0 0 0 0 0 5 0
J N 6 13416 28 2 865 288 1 53
K 0 0 43
A D 2 16
J N 6 13446 7 3 1729 288 1 53
K -15 0 65
K 0 0 43
A D 2 16
J N 6 13472 -7 2 2593 288 1 53
K 0 0 43
A D 2 16
H 53 B 1 0 108 4 2 1 1 3
J N 7 13498 21 4 3457 288 0
K 0 0 43
K 0 0 60
K 0 21 60
A D 4 16
J R 7 13532 28 2 5185 576 0
K 0 0 48
A D 4 16
J B 73 13570 1 82 6913 576 0
J R 7 13591 28 2 1 0 0
K 0 0 48
A D 4 16
J R 6 13625 28 3 1729 576 0
K 0 0 49
K -2 -35 101
A D 2 16
J D 5 13651 -42 1 2593 288 0
W 0 0 37 Adagio
J N 6 13651 14 3 2593 0 0
K 0 0 43
K 0 0 54
A D 2 16
J N 6 13677 42 2 3457 288 2 54 55
K 0 0 43
A D 2 16
J N 6 13703 35 2 4321 288 2 55 54
K 0 0 43
A D 2 16
H 55 B 0 0 108 2 2 3
H 54 S 12 0 0 0 0 0 0 0 0
J N 7 13729 28 4 5185 288 1 56
K 0 0 43
K 0 0 60
K 0 21 60
A D 4 16
J B 74 13767 1 82 6913 576 0
J N 7 13788 28 4 1 0 1 56
K 0 0 43
K 0 0 60
K 0 21 60
A D 4 16
H 56 T 28 0 0 0 0 0 5 0
J N 7 13822 35 4 1729 576 0
K 0 0 43
K 0 0 59
K 0 -21 59
A D 4 16
J N 7 13856 28 4 3457 576 0
K 0 0 43
K 0 0 60
K 0 21 60
A D 4 16
J R 7 13890 28 2 5185 576 0
K 0 0 48
A D 4 16
J B 75 13928 1 82 6913 576 0
J N 7 13949 49 4 1 0 0
K 0 0 43
K 0 0 59
K 0 -21 59
A D 4 16
J R 7 13983 28 2 1729 576 0
K 0 0 48
A D 4 16
J N 7 14017 56 4 3457 576 0
K 0 0 43
K 0 0 59
K 0 -21 59
A D 4 16
J R 7 14051 28 2 5185 576 0
K 0 0 48
A D 4 16
J B 76 14089 1 82 6913 576 0
J N 9 14110 49 2 1 0 0
K 0 0 41
A D 16 16
J B 0 14198 6 2 6913 2304 0
K -13 0 82
K -6 0 84
J M 0 14198 0 0 10000 0 0
