@ SOURCE: not identified 
L 0 0 14 !39Violoncello concertino
J D 4 500 -120 1 6913 0 0
W 0 0 44 I
J D 1 75 -37 1 6913 0 0
W 0 -56 44 I:  Violoncello concertino
J C 22 5 14 36 6913 0 0
J K 2 57 0 2 6913 0 0
K 0 14 63
K 15 35 63
J D 5 103 -42 1 6913 0 0
W 0 0 37 Vivace
J T 101 103 42 1 6913 0 0
K 0 0 37
J N 7 151 28 4 1 0 0
K 0 0 43
K 0 0 60
K 0 21 60
A D 4 16
J R 6 204 28 2 1729 576 0
K 0 0 49
A D 2 16
J R 5 242 28 3 2593 288 0
K 0 14 49
K 4 0 50
A D 1 16
J N 5 275 -21 7 3025 144 0
K 0 7 45
K 0 0 43
K 0 7 45
K 1 7 45
K 0 0 60
K 0 0 56
A D 1 16
J N 7 304 -21 7 3457 144 0
K 0 7 45
K 0 0 43
K 0 7 45
K 1 7 45
K 0 0 60
K 0 21 60
A D 4 16
J N 7 357 0 4 5185 576 0
K 0 0 43
K 0 0 60
K 0 21 60
A D 4 16
J B 2 414 1 82 6913 576 0
J N 7 435 -7 4 1 0 0
K 0 0 43
K 0 0 60
K 0 21 60
A D 4 16
J R 7 488 28 2 1729 576 0
K 0 0 48
A D 4 16
J N 7 541 42 4 3457 576 0
K 0 0 43
K 0 0 59
K 0 -21 59
A D 4 16
J R 6 594 28 2 5185 576 0
K 0 0 49
A D 2 16
J R 5 632 28 3 6049 288 0
K 0 14 49
K 4 0 50
A D 1 16
J N 5 665 -7 3 6481 144 0
K 0 0 43
K 0 0 56
A D 1 16
J B 3 698 1 82 6913 144 0
J N 7 719 -7 4 1 0 0
K 0 0 43
K 0 0 60
K 0 21 60
A D 4 16
J F 0 772 98 1 1729 576 0
K 0 0 205
J N 7 772 14 4 1729 0 0
K 0 0 43
K 0 0 60
K 0 21 60
A D 4 16
J N 7 825 7 4 3457 576 0
K 0 0 43
K 0 0 60
K 0 21 60
A D 4 16
J N 7 878 28 4 5185 576 0
K 0 0 43
K 0 0 60
K 0 21 60
A D 4 16
J B 4 935 1 82 6913 576 0
J N 7 956 0 4 1 0 0
K 0 0 43
K 0 0 60
K 0 21 60
A D 4 16
J R 7 1009 28 2 1729 576 0
K 0 0 48
A D 4 16
J F 0 1062 98 1 3457 576 0
K 0 0 205
J N 7 1062 14 4 3457 0 0
K 0 0 43
K 0 0 60
K 0 21 60
A D 4 16
J R 7 1115 28 2 5185 576 0
K 0 0 48
A D 4 16
J B 5 1172 1 82 6913 576 0
J N 7 1193 7 5 1 0 0
K 0 0 43
K 0 70 108
K 0 0 60
K 0 21 60
A D 4 16
J R 7 1246 28 2 1729 576 0
K 0 0 48
A D 4 16
J F 0 1299 98 1 3457 576 0
K 0 0 205
J N 7 1299 7 6 3457 0 0
K -18 0 63
K 0 0 43
K 0 77 110
K 0 0 60
K 0 21 60
A D 4 16
J R 7 1352 28 2 5185 576 0
K 0 0 48
A D 4 16
J B 6 1409 1 82 6913 576 0
J N 7 1430 0 5 1 0 0
K 0 0 43
K 0 77 108
K 0 0 60
K 0 21 60
A D 4 16
J R 7 1483 28 2 1729 576 0
K 0 0 48
A D 4 16
J F 0 1536 98 1 3457 576 0
K 0 0 205
J N 7 1536 14 5 3457 0 0
K 0 0 43
K 0 75 110
K 0 0 60
K 0 21 60
A D 4 16
J R 6 1589 28 2 5185 576 0
K 0 0 49
A D 2 16
J R 5 1627 28 3 6049 288 0
K 0 14 49
K 4 0 50
A D 1 16
J N 5 1660 14 3 6481 144 0
K 0 0 43
K 0 0 56
A D 1 16
J B 7 1693 1 82 6913 144 0
J N 7 1714 7 4 1 0 0
K 0 0 43
K 0 0 60
K 0 21 60
A D 4 16
J N 7 1767 28 4 1729 576 0
K 0 0 43
K 0 0 60
K 0 21 60
A D 4 16
J F 0 1820 98 1 3457 576 0
K 0 0 203
J N 7 1820 0 4 3457 0 0
K 0 0 43
K 0 0 60
K 0 21 60
A D 4 16
J F 0 1873 98 1 5185 576 0
K 0 0 202
J N 7 1873 49 4 5185 0 0
K 0 0 43
K 0 0 59
K 0 -21 59
A D 4 16
J B 8 1930 1 82 6913 576 0
J N 8 1951 28 4 1 0 0
K 0 0 42
K 0 0 60
K 0 21 60
A D 8 16
J F 0 2030 98 1 3457 1152 0
K 0 0 205
J N 7 2030 14 5 3457 0 0
K 0 0 43
K 0 70 108
K 0 0 60
K 0 21 60
A D 4 16
J R 6 2083 28 2 5185 576 0
K 0 0 49
A D 2 16
J R 5 2121 28 3 6049 288 0
K 0 14 49
K 4 0 50
A D 1 16
J N 5 2154 14 3 6481 144 0
K 0 0 43
K 0 0 56
A D 1 16
J B 9 2187 1 82 6913 144 0
J N 7 2208 7 4 1 0 0
K 0 0 43
K 0 0 60
K 0 21 60
A D 4 16
J N 7 2261 28 4 1729 576 0
K 0 0 43
K 0 0 60
K 0 21 60
A D 4 16
J F 0 2314 98 1 3457 576 0
K 0 0 203
J N 7 2314 0 4 3457 0 0
K 0 0 43
K 0 0 60
K 0 21 60
A D 4 16
J F 0 2367 98 1 5185 576 0
K 0 0 202
J N 7 2367 49 4 5185 0 0
K 0 0 43
K 0 0 59
K 0 -21 59
A D 4 16
J B 0 2432 5 2 6913 576 0
K -8 0 82
K 0 0 82
J M 0 2432 0 0 10000 0 0
