@ SOURCE: not identified 
L 0 0 14 !39Violino 1 concerto grosso
J D 4 500 -120 1 6913 0 0
W 0 0 44 I
J D 1 75 -37 1 6913 0 0
W 0 -56 44 I:  Violino 1 concerto grosso
J C 4 5 42 2 6913 0 0
K 0 0 33
K 0 0 34
J K 2 57 0 2 6913 0 0
K 0 0 63
K 15 21 63
J D 5 103 -42 1 6913 0 0
W 0 0 37 Vivace
J T 101 103 42 1 6913 0 0
K 0 0 37
J N 7 151 -14 7 1 0 0
K 0 0 45
K 0 0 43
K -1 0 45
K 2 0 45
K 0 0 60
K 0 21 60
A D 4 16
J R 6 204 28 2 1729 576 0
K 0 0 49
A D 2 16
J R 5 242 28 3 2593 288 0
K 0 14 49
K 4 0 50
A D 1 16
J N 5 275 -14 6 3025 144 0
K 0 0 45
K 0 0 43
K -1 0 45
K 2 0 45
K 0 0 56
A D 1 16
J N 7 304 -14 7 3457 144 0
K 0 0 45
K 0 0 43
K -1 0 45
K 2 0 45
K 0 0 60
K 0 21 60
A D 4 16
J N 7 357 -14 7 5185 576 0
K 0 0 45
K 0 0 43
K -1 0 45
K 2 0 45
K 0 0 60
K 0 21 60
A D 4 16
J B 2 414 1 82 6913 576 0
J N 7 435 0 4 1 0 0
K 0 0 43
K 0 0 60
K 0 21 60
A D 4 16
J R 7 488 28 2 1729 576 0
K 0 0 48
A D 4 16
J N 7 541 0 4 3457 576 0
K 0 0 43
K 0 0 60
K 0 21 60
A D 4 16
J R 6 594 28 2 5185 576 0
K 0 0 49
A D 2 16
J R 5 632 28 3 6049 288 0
K 0 14 49
K 4 0 50
A D 1 16
J N 5 665 0 3 6481 144 0
K 0 0 43
K 0 0 56
A D 1 16
J B 3 698 1 82 6913 144 0
J N 7 719 0 4 1 0 0
K 0 0 43
K 0 0 60
K 0 21 60
A D 4 16
J N 7 772 -14 7 1729 576 0
K 0 0 45
K 0 0 43
K -1 0 45
K 2 0 45
K 0 0 60
K 0 21 60
A D 4 16
J N 6 825 -21 6 3457 576 1 1
K 0 7 45
K 0 0 43
K 0 7 45
K 1 7 45
K 25 0 44
A D 3 16
J N 5 871 -14 5 4753 432 1 1
K 0 0 45
K 0 0 43
K -1 0 45
K 2 0 45
A D 1 16
J N 6 900 -7 3 5185 144 1 1
K 0 0 43
K 25 0 44
A D 3 16
J N 5 946 0 2 6481 432 1 1
K 0 0 43
A D 1 16
H 1 B 1 0 108 4 2 51 1 53
J B 4 979 1 82 6913 144 0
J N 7 1000 7 4 1 0 0
K 0 0 43
K 0 0 60
K 0 21 60
A D 4 16
J R 7 1053 28 2 1729 576 0
K 0 0 48
A D 4 16
J N 7 1106 -14 7 3457 576 0
K 0 0 45
K 0 0 43
K -1 0 45
K 2 0 45
K 0 0 60
K 0 21 60
A D 4 16
J R 7 1159 28 2 5185 576 0
K 0 0 48
A D 4 16
J B 5 1216 1 82 6913 576 0
J N 7 1237 -21 8 1 0 0
K 0 7 45
K 0 0 43
K 0 7 45
K 1 7 45
K 0 98 108
K 0 0 60
K 0 21 60
A D 4 16
J R 7 1290 28 2 1729 576 0
K 0 0 48
A D 4 16
J N 7 1343 7 5 3457 576 0
K 0 0 43
K 0 77 110
K 0 0 60
K 0 21 60
A D 4 16
J R 7 1396 28 2 5185 576 0
K 0 0 48
A D 4 16
J B 6 1453 1 82 6913 576 0
J N 7 1474 7 5 1 0 0
K 0 0 43
K 0 70 108
K 0 0 60
K 0 21 60
A D 4 16
J R 7 1527 28 2 1729 576 0
K 0 0 48
A D 4 16
J N 7 1580 -14 8 3457 576 0
K 0 0 45
K 0 0 43
K -1 0 45
K 2 0 45
K 0 98 110
K 0 0 60
K 0 21 60
A D 4 16
J R 6 1633 28 2 5185 576 0
K 0 0 49
A D 2 16
J R 5 1671 28 3 6049 288 0
K 0 14 49
K 4 0 50
A D 1 16
J N 5 1704 -14 6 6481 144 0
K 0 0 45
K 0 0 43
K -1 0 45
K 2 0 45
K 0 0 56
A D 1 16
J B 7 1737 1 82 6913 144 0
J N 6 1758 -21 6 1 0 1 2
K 0 7 45
K 0 0 43
K 0 7 45
K 1 7 45
K 25 0 44
A D 3 16
J N 5 1804 -14 5 1297 432 1 2
K 0 0 45
K 0 0 43
K -1 0 45
K 2 0 45
A D 1 16
J N 6 1833 -7 3 1729 144 1 2
K 0 0 43
K 25 0 44
A D 3 16
J N 5 1879 0 2 3025 432 1 2
K 0 0 43
A D 1 16
H 2 B 1 0 108 4 2 51 1 53
J N 8 1908 7 4 3457 144 0
K 0 0 42
K 0 0 60
K 0 21 60
A D 8 16
J B 8 1991 1 82 6913 1152 0
J N 8 2012 14 4 1 0 0
K 0 0 42
K 0 0 60
K 0 21 60
A D 8 16
J N 7 2091 -14 8 3457 1152 0
K 0 0 45
K 0 0 43
K -1 0 45
K 2 0 45
K 0 91 108
K 0 0 60
K 0 21 60
A D 4 16
J R 6 2144 28 2 5185 576 0
K 0 0 49
A D 2 16
J R 5 2182 28 3 6049 288 0
K 0 14 49
K 4 0 50
A D 1 16
J N 5 2215 -14 6 6481 144 0
K 0 0 45
K 0 0 43
K -1 0 45
K 2 0 45
K 0 0 56
A D 1 16
J B 9 2248 1 82 6913 144 0
J N 6 2269 -21 6 1 0 1 3
K 0 7 45
K 0 0 43
K 0 7 45
K 1 7 45
K 25 0 44
A D 3 16
J N 5 2315 -14 5 1297 432 1 3
K 0 0 45
K 0 0 43
K -1 0 45
K 2 0 45
A D 1 16
J N 6 2344 -7 3 1729 144 1 3
K 0 0 43
K 25 0 44
A D 3 16
J N 5 2390 0 2 3025 432 1 3
K 0 0 43
A D 1 16
H 3 B 1 0 108 4 2 51 1 53
J N 8 2419 7 4 3457 144 0
K 0 0 42
K 0 0 60
K 0 21 60
A D 8 16
J B 0 2510 5 2 6913 1152 0
K -8 0 82
K 0 0 82
J M 0 2510 0 0 10000 0 0
