@ SOURCE: not identified 
L 0 0 14 !39Violino 2 concerto grosso
J D 4 500 -120 1 6913 0 0
W 0 0 44 I
J D 1 75 -37 1 6913 0 0
W 0 -56 44 I:  Violino 2 concerto grosso
J C 4 5 42 2 6913 0 0
K 0 0 33
K 0 0 34
J K 2 57 0 2 6913 0 0
K 0 0 63
K 15 21 63
J D 5 103 -42 1 6913 0 0
W 0 0 37 Vivace
J T 101 103 42 1 6913 0 0
K 0 0 37
J N 7 151 0 4 1 0 0
K 0 0 43
K 0 0 60
K 0 21 60
A D 4 16
J R 6 204 28 2 1729 576 0
K 0 0 49
A D 2 16
J R 5 242 28 3 2593 288 0
K 0 14 49
K 4 0 50
A D 1 16
J N 5 275 0 3 3025 144 0
K 0 0 43
K 0 0 56
A D 1 16
J N 7 304 0 4 3457 144 0
K 0 0 43
K 0 0 60
K 0 21 60
A D 4 16
J N 7 357 21 4 5185 576 0
K 0 0 43
K 0 0 60
K 0 21 60
A D 4 16
J B 2 414 1 82 6913 576 0
J N 7 435 14 4 1 0 0
K 0 0 43
K 0 0 60
K 0 21 60
A D 4 16
J R 7 488 28 2 1729 576 0
K 0 0 48
A D 4 16
J N 7 541 14 4 3457 576 0
K 0 0 43
K 0 0 60
K 0 21 60
A D 4 16
J R 6 594 28 2 5185 576 0
K 0 0 49
A D 2 16
J R 5 632 28 3 6049 288 0
K 0 14 49
K 4 0 50
A D 1 16
J N 5 665 14 3 6481 144 0
K 0 0 43
K 0 0 56
A D 1 16
J B 3 698 1 82 6913 144 0
J N 7 719 14 4 1 0 0
K 0 0 43
K 0 0 60
K 0 21 60
A D 4 16
J N 7 772 14 4 1729 576 0
K 0 0 43
K 0 0 60
K 0 21 60
A D 4 16
J N 6 825 28 3 3457 576 1 1
K 0 0 43
K 24 -6 44
A D 3 16
J N 5 871 21 2 4753 432 1 1
K 0 0 43
A D 1 16
J N 6 900 14 3 5185 144 1 1
K 0 0 43
K 24 -6 44
A D 3 16
J N 5 946 14 2 6481 432 1 1
K 0 0 43
A D 1 16
H 1 B 1 0 108 4 2 51 1 53
J B 4 979 1 82 6913 144 0
J N 7 1000 35 4 1 0 0
K 0 0 43
K 0 0 59
K 0 -21 59
A D 4 16
J R 7 1053 28 2 1729 576 0
K 0 0 48
A D 4 16
J N 7 1106 14 4 3457 576 0
K 0 0 43
K 0 0 60
K 0 21 60
A D 4 16
J R 7 1159 28 2 5185 576 0
K 0 0 48
A D 4 16
J B 5 1216 1 82 6913 576 0
J N 7 1237 14 5 1 0 0
K 0 0 43
K 0 70 108
K 0 0 60
K 0 21 60
A D 4 16
J R 7 1290 28 2 1729 576 0
K 0 0 48
A D 4 16
J N 7 1343 28 5 3457 576 0
K 0 0 43
K 0 75 110
K 0 0 60
K 0 21 60
A D 4 16
J R 7 1396 28 2 5185 576 0
K 0 0 48
A D 4 16
J B 6 1453 1 82 6913 576 0
J N 7 1474 21 5 1 0 0
K 0 0 43
K 0 70 108
K 0 0 60
K 0 21 60
A D 4 16
J R 7 1527 28 2 1729 576 0
K 0 0 48
A D 4 16
J N 6 1580 14 4 3457 576 1 2
K 0 0 43
K 24 -6 44
K 0 86 110
A D 3 16
J N 5 1626 0 2 4753 432 1 2
K 0 0 43
A D 1 16
J N 6 1655 14 3 5185 144 1 2
K 0 0 43
K 24 -6 44
A D 3 16
J N 5 1701 21 2 6481 432 1 2
K 0 0 43
A D 1 16
H 2 B 1 0 108 4 2 51 1 53
J B 7 1734 1 82 6913 144 0
J N 6 1755 28 3 1 0 1 3
K 0 0 43
K 24 -6 44
A D 3 16
J N 5 1801 21 2 1297 432 1 3
K 0 0 43
A D 1 16
J N 6 1830 14 3 1729 144 1 3
K 0 0 43
K 24 -6 44
A D 3 16
J N 5 1876 14 2 3025 432 1 3
K 0 0 43
A D 1 16
H 3 B 1 0 108 4 2 51 1 53
J N 7 1905 14 5 3457 144 0
K 0 0 43
K 24 -6 44
K 0 0 60
K 0 21 60
A D 6 16
J N 6 1973 21 3 6049 864 0
K 0 0 43
K 0 0 54
A D 2 16
J B 8 2015 1 82 6913 288 0
J N 8 2036 14 4 1 0 0
K 0 0 42
K 0 0 60
K 0 21 60
A D 8 16
J N 6 2115 14 4 3457 1152 1 4
K 0 0 43
K 24 -6 44
K 0 79 108
A D 3 16
J N 5 2161 0 2 4753 432 1 4
K 0 0 43
A D 1 16
J N 6 2190 14 3 5185 144 1 4
K 0 0 43
K 24 -6 44
A D 3 16
J N 5 2236 21 2 6481 432 1 4
K 0 0 43
A D 1 16
H 4 B 1 0 108 4 2 51 1 53
J B 9 2269 1 82 6913 144 0
J N 6 2290 28 3 1 0 1 5
K 0 0 43
K 24 -6 44
A D 3 16
J N 5 2336 21 2 1297 432 1 5
K 0 0 43
A D 1 16
J N 6 2365 14 3 1729 144 1 5
K 0 0 43
K 24 -6 44
A D 3 16
J N 5 2411 14 2 3025 432 1 5
K 0 0 43
A D 1 16
H 5 B 1 0 108 4 2 51 1 53
J N 7 2440 14 5 3457 144 0
K 0 0 43
K 24 -6 44
K 0 0 60
K 0 21 60
A D 6 16
J N 6 2508 21 3 6049 864 0
K 0 0 43
K 0 0 54
A D 2 16
J B 0 2558 5 2 6913 288 0
K -8 0 82
K 0 0 82
J M 0 2558 0 0 10000 0 0
