@ SOURCE: not identified 
L 0 0 14 !39Violino 2 concertino
J D 4 500 -120 1 6913 0 0
W 0 0 44 V. Sarabanda
J D 1 75 -37 1 6913 0 0
W 0 -56 44 V. Sarabanda:  Violino 2 concertino
J C 4 5 42 2 6913 0 0
K 0 0 33
K 0 0 34
J K -1 57 0 1 6913 0 0
K 0 28 65
J D 5 86 -42 1 6913 0 0
W 0 0 37 Largo
J T 304 95 0 2 6913 0 0
K -10 28 74
K -10 56 75
J N 7 134 14 4 1 0 0
K 0 0 43
K 0 0 60
K 0 21 60
A D 2 8
J N 8 172 28 4 2305 576 0
K 0 0 42
K 0 0 60
K 0 21 60
A D 4 8
J B 2 229 1 82 6913 1152 0
J N 8 250 49 4 1 0 0
K 0 0 42
K 0 0 59
K 0 -21 59
A D 4 8
J R 7 303 28 2 4609 1152 0
K 0 0 48
A D 2 8
J B 3 345 1 82 6913 576 0
J N 7 366 49 4 1 0 0
K 0 0 43
K 0 0 59
K 0 -21 59
A D 2 8
J N 8 404 35 4 2305 576 0
K 0 0 42
K 0 0 59
K 0 -21 59
A D 4 8
J B 4 461 1 82 6913 1152 0
J N 8 482 28 4 1 0 0
K 0 0 42
K 0 0 60
K 0 21 60
A D 4 8
J R 7 535 28 2 4609 1152 0
K 0 0 48
A D 2 8
J B 5 577 1 82 6913 576 0
J N 7 598 0 4 1 0 0
K 0 0 43
K 0 0 60
K 0 21 60
A D 2 8
J N 8 636 28 4 2305 576 0
K 0 0 42
K 0 0 60
K 0 21 60
A D 4 8
J B 6 693 1 82 6913 1152 0
J N 8 714 49 4 1 0 0
K 0 0 42
K 0 0 59
K 0 -21 59
A D 4 8
J N 7 767 49 4 4609 1152 1 1
K 0 0 43
K 0 0 59
K 0 -21 59
A D 2 8
J B 7 809 1 82 6913 576 0
J N 7 830 49 4 1 0 1 1
K 0 0 43
K 0 0 59
K 0 -21 59
A D 2 8
H 1 T 49 0 0 0 0 0 9 0
J N 7 868 49 5 2305 576 0
K 0 0 43
K 25 0 44
K 0 0 59
K 0 -21 59
A D 3 8
J N 6 914 56 3 5761 864 0
K 0 0 43
K 0 0 53
A D 1 8
J B 8 958 1 82 6913 288 0
J N 8 979 49 5 1 0 0
K 0 0 42
K 25 0 44
K 0 0 59
K 0 -21 59
A D 6 8
J B 9 1073 10 6 6913 1728 0
K -22 21 44
K -22 35 44
K -12 0 84
K 0 0 84
K 11 21 44
K 11 35 44
J R 7 1110 28 2 1 0 0
K 0 0 48
A D 2 8
J N 6 1148 28 2 2305 576 2 2 3
K 0 0 43
A D 1 8
J N 6 1177 21 2 3457 288 2 3 2
K 0 0 43
A D 1 8
H 3 B 1 0 108 2 2 3
H 2 S 0 0 0 0 0 0 0 0 0
J N 7 1206 14 4 4609 288 0
K 0 0 43
K 0 0 60
K 0 21 60
A D 2 8
J B 10 1248 1 82 6913 576 0
J R 7 1269 28 2 1 0 0
K 0 0 48
A D 2 8
J N 6 1307 21 2 2305 576 2 4 5
K 0 0 43
A D 1 8
J N 6 1336 14 2 3457 288 2 5 4
K 0 0 43
A D 1 8
H 5 B 1 0 108 2 2 3
H 4 S 0 0 0 0 0 0 0 0 0
J N 7 1377 7 5 4609 288 0
K -15 0 65
K 0 0 43
K 0 0 60
K 0 21 60
A D 2 8
J B 11 1419 1 82 6913 576 0
J R 7 1440 28 2 1 0 0
K 0 0 48
A D 2 8
J N 6 1478 14 2 2305 576 2 6 7
K 0 0 43
A D 1 8
J N 6 1519 7 3 3457 288 2 7 6
K -15 0 65
K 0 0 43
A D 1 8
H 7 B 1 0 108 2 2 3
H 6 S 0 0 0 0 0 0 0 0 0
J N 7 1548 0 4 4609 288 0
K 0 0 43
K 0 0 60
K 0 21 60
A D 2 8
J B 12 1590 1 82 6913 576 0
J R 7 1611 28 2 1 0 0
K 0 0 48
A D 2 8
J N 7 1649 28 4 2305 576 0
K 0 0 43
K 0 0 60
K 0 21 60
A D 2 8
J N 7 1687 21 4 4609 576 0
K 0 0 43
K 0 0 60
K 0 21 60
A D 2 8
J B 13 1729 1 82 6913 576 0
J N 7 1750 14 4 1 0 0
K 0 0 43
K 0 0 60
K 0 21 60
A D 2 8
J N 6 1788 -7 2 2305 576 2 8 9
K 0 0 43
A D 1 8
J N 6 1817 0 2 3457 288 1 9
K 0 0 43
A D 1 8
J N 6 1858 7 3 4609 288 1 9
K -15 0 65
K 0 0 43
A D 1 8
J N 6 1887 14 2 5761 288 2 9 8
K 0 0 43
A D 1 8
H 9 B 1 0 108 4 2 1 1 3
H 8 S 0 0 0 0 0 0 0 0 0
J B 14 1920 1 82 6913 288 0
J N 7 1941 21 4 1 0 0
K 0 0 43
K 0 0 60
K 0 21 60
A D 2 8
J R 7 1979 28 2 2305 576 0
K 0 0 48
A D 2 8
J R 7 2017 28 2 4609 576 0
K 0 0 48
A D 2 8
J B 15 2059 1 82 6913 576 0
J N 7 2080 28 4 1 0 0
K 0 0 43
K 0 0 60
K 0 21 60
A D 2 8
J N 7 2118 28 5 2305 576 0
K 0 0 43
K 24 -6 44
K 0 0 60
K 0 21 60
A D 3 8
J N 6 2164 35 3 5761 864 0
K 0 0 43
K 0 0 53
A D 1 8
J B 16 2208 1 82 6913 288 0
J N 8 2229 28 5 1 0 0
K 0 0 42
K 24 -6 44
K 0 0 60
K 0 21 60
A D 6 8
J B 17 2324 6 4 6913 1728 0
K -23 21 44
K -23 35 44
K -13 0 82
K -6 0 84
J N 7 2345 28 5 1 0 0
K 0 0 43
K 0 68 108
K 0 0 60
K 0 21 60
A D 2 8
J N 6 2383 -7 2 2305 576 2 10 11
K 0 0 43
A D 1 8
J N 6 2412 0 2 3457 288 1 11
K 0 0 43
A D 1 8
J N 6 2453 7 3 4609 288 1 11
K -15 0 65
K 0 0 43
A D 1 8
J N 6 2482 14 2 5761 288 2 11 10
K 0 0 43
A D 1 8
H 11 B 1 0 108 4 2 1 1 3
H 10 S 0 0 0 0 0 0 0 0 0
J B 18 2515 1 82 6913 288 0
J N 7 2536 21 4 1 0 0
K 0 0 43
K 0 0 60
K 0 21 60
A D 2 8
J R 7 2574 28 2 2305 576 0
K 0 0 48
A D 2 8
J R 7 2612 28 2 4609 576 0
K 0 0 48
A D 2 8
J B 19 2654 1 82 6913 576 0
J N 7 2675 28 4 1 0 0
K 0 0 43
K 0 0 60
K 0 21 60
A D 2 8
J N 7 2713 28 5 2305 576 0
K 0 0 43
K 24 -6 44
K 0 0 60
K 0 21 60
A D 3 8
J N 6 2759 35 3 5761 864 0
K 0 0 43
K 0 0 53
A D 1 8
J B 20 2803 1 82 6913 288 0
J N 8 2824 28 5 1 0 0
K 0 0 42
K 24 -6 44
K 0 0 60
K 0 21 60
A D 6 8
J B 0 2909 6 2 6913 1728 0
K -13 0 82
K -6 0 84
J M 0 2909 0 0 10000 0 0
