@ SOURCE: not identified 
L 0 0 14 !39Violoncello concertino
J D 4 500 -120 1 6913 0 0
W 0 0 44 V. Sarabanda
J D 1 75 -37 1 6913 0 0
W 0 -56 44 V. Sarabanda:  Violoncello concertino
J C 22 5 14 36 6913 0 0
J K -1 57 0 1 6913 0 0
K 0 42 65
J D 5 86 -42 1 6913 0 0
W 0 0 37 Largo
J T 304 95 0 2 6913 0 0
K -10 28 74
K -10 56 75
J N 7 134 -7 4 1 0 0
K 0 0 43
K 0 0 60
K 0 21 60
A D 2 8
J N 8 172 42 4 2305 576 0
K 0 0 42
K 0 0 59
K 0 -21 59
A D 4 8
J B 2 229 1 82 6913 1152 0
J N 7 250 0 4 1 0 0
K 0 0 43
K 0 0 60
K 0 21 60
A D 2 8
J N 8 288 49 4 2305 576 0
K 0 0 42
K 0 0 59
K 0 -21 59
A D 4 8
J B 3 345 1 82 6913 1152 0
J N 7 366 0 4 1 0 0
K 0 0 43
K 0 0 60
K 0 21 60
A D 2 8
J F 0 404 98 2 2305 576 0
K 0 0 206
K 15 0 219
J N 8 404 14 4 2305 0 0
K 0 0 42
K 0 0 60
K 0 21 60
A D 4 8
J B 4 461 1 82 6913 1152 0
J N 7 482 -7 4 1 0 0
K 0 0 43
K 0 0 60
K 0 21 60
A D 2 8
J N 8 520 42 4 2305 576 0
K 0 0 42
K 0 0 59
K 0 -21 59
A D 4 8
J B 5 577 1 82 6913 1152 0
J N 7 598 -7 4 1 0 0
K 0 0 43
K 0 0 60
K 0 21 60
A D 2 8
J F 0 636 98 2 2305 576 0
K 0 0 205
K 15 0 219
J N 8 636 7 4 2305 0 0
K 0 0 42
K 0 0 60
K 0 21 60
A D 4 8
J B 6 693 1 82 6913 1152 0
J F 0 714 98 1 1 0 0
K 0 0 205
J N 7 714 0 4 1 0 0
K 0 0 43
K 0 0 60
K 0 21 60
A D 2 8
J N 7 752 49 4 2305 576 0
K 0 0 43
K 0 0 59
K 0 -21 59
A D 2 8
J N 7 790 42 4 4609 576 0
K 0 0 43
K 0 0 59
K 0 -21 59
A D 2 8
J B 7 832 1 82 6913 576 0
J N 7 853 14 4 1 0 0
K 0 0 43
K 0 0 60
K 0 21 60
A D 2 8
J F 0 891 98 1 2305 576 0
K 0 0 203
J N 7 891 -14 7 2305 0 0
K 0 0 45
K 0 0 43
K -1 0 45
K 2 0 45
K 0 0 60
K 0 21 60
A D 2 8
J F 0 929 98 1 4609 576 0
K 0 0 202
J N 7 929 35 4 4609 0 0
K 0 0 43
K 0 0 59
K 0 -21 59
A D 2 8
J B 8 971 1 82 6913 576 0
J N 8 992 14 5 1 0 0
K 0 0 42
K 24 -6 44
K 0 0 60
K 0 21 60
A D 6 8
J B 9 1086 10 6 6913 1728 0
K -22 21 44
K -22 35 44
K -12 0 84
K 0 0 84
K 11 21 44
K 11 35 44
J F 0 1123 98 1 1 0 0
K 0 0 205
J N 8 1123 28 4 1 0 0
K 0 0 42
K 0 0 60
K 0 21 60
A D 4 8
J R 7 1176 28 2 4609 1152 0
K 0 0 48
A D 2 8
J B 10 1218 1 82 6913 576 0
J F 0 1239 98 1 1 0 0
K 0 0 204
J N 8 1239 21 5 1 0 0
K -15 0 65
K 0 0 42
K 0 0 60
K 0 21 60
A D 4 8
J F 0 1277 98 1 2305 576 0
K 0 0 205
J R 7 1315 28 2 4609 576 0
K 0 0 48
A D 2 8
J B 11 1357 1 82 6913 576 0
J F 0 1378 98 1 1 0 0
K 0 0 204
J N 8 1378 14 4 1 0 0
K 0 0 42
K 0 0 60
K 0 21 60
A D 4 8
J F 0 1416 98 1 2305 576 0
K 0 0 205
J R 7 1454 28 2 4609 576 0
K 0 0 48
A D 2 8
J B 12 1496 1 82 6913 576 0
J N 7 1517 7 4 1 0 0
K 0 0 43
K 0 0 60
K 0 21 60
A D 2 8
J F 0 1555 98 2 2305 576 0
K 0 0 205
K 0 21 203
J N 7 1555 14 4 2305 0 0
K 0 0 43
K 0 0 60
K 0 21 60
A D 2 8
J F 0 1593 98 1 4609 576 0
K 0 0 205
J N 7 1593 21 5 4609 0 0
K -15 0 65
K 0 0 43
K 0 0 60
K 0 21 60
A D 2 8
J B 13 1635 1 82 6913 576 0
J F 0 1656 98 1 1 0 0
K 0 0 205
J N 7 1656 28 4 1 0 0
K 0 0 43
K 0 0 60
K 0 21 60
A D 2 8
J F 0 1694 98 1 2305 576 0
K 0 0 204
J N 8 1694 21 5 2305 0 0
K -15 0 65
K 0 0 42
K 0 0 60
K 0 21 60
A D 4 8
J F 0 1732 98 1 4609 576 0
K 0 0 205
J B 14 1774 1 82 6913 576 0
J N 7 1795 14 4 1 0 0
K 0 0 43
K 0 0 60
K 0 21 60
A D 2 8
J F 0 1833 98 1 2305 576 0
K 0 0 206
J N 7 1833 7 4 2305 0 0
K 0 0 43
K 0 0 60
K 0 21 60
A D 2 8
J F 0 1871 98 2 4609 576 0
K 0 0 204
K 15 0 219
J N 7 1871 0 4 4609 0 0
K 0 0 43
K 0 0 60
K 0 21 60
A D 2 8
J B 15 1913 1 82 6913 576 0
J N 6 1934 -7 2 1 0 1 1
K 0 0 43
A D 1 8
J N 6 1967 21 3 1153 288 1 1
K -15 0 65
K 0 0 43
A D 1 8
H 1 B 1 0 108 2 2 3
J F 0 1996 98 1 2305 288 0
K 0 0 203
J N 7 1996 14 4 2305 0 0
K 0 0 43
K 0 0 60
K 0 21 60
A D 2 8
J F 0 2034 98 1 4609 576 0
K 0 0 202
J N 7 2034 63 4 4609 0 0
K 0 0 43
K 0 0 59
K 0 -21 59
A D 2 8
J B 16 2076 1 82 6913 576 0
J N 8 2097 42 5 1 0 0
K 0 0 42
K 24 -6 44
K 0 0 59
K 0 -21 59
A D 6 8
J B 17 2192 6 4 6913 1728 0
K -23 21 44
K -23 35 44
K -13 0 82
K -6 0 84
J F 0 2213 98 1 1 0 0
K 0 0 205
J N 7 2213 28 5 1 0 0
K 0 0 43
K 0 91 108
K 0 0 60
K 0 21 60
A D 2 8
J F 0 2251 98 1 2305 576 0
K 0 0 204
J N 8 2251 21 5 2305 0 0
K -15 0 65
K 0 0 42
K 0 0 60
K 0 21 60
A D 4 8
J F 0 2289 98 1 4609 576 0
K 0 0 205
J B 18 2331 1 82 6913 576 0
J N 7 2352 14 4 1 0 0
K 0 0 43
K 0 0 60
K 0 21 60
A D 2 8
J F 0 2390 98 1 2305 576 0
K 0 0 206
J N 7 2390 7 4 2305 0 0
K 0 0 43
K 0 0 60
K 0 21 60
A D 2 8
J F 0 2428 98 2 4609 576 0
K 0 0 204
K 15 0 219
J N 7 2428 0 4 4609 0 0
K 0 0 43
K 0 0 60
K 0 21 60
A D 2 8
J B 19 2470 1 82 6913 576 0
J N 6 2491 -7 2 1 0 1 2
K 0 0 43
A D 1 8
J N 6 2524 21 3 1153 288 1 2
K -15 0 65
K 0 0 43
A D 1 8
H 2 B 1 0 108 2 2 3
J F 0 2553 98 1 2305 288 0
K 0 0 203
J N 7 2553 14 4 2305 0 0
K 0 0 43
K 0 0 60
K 0 21 60
A D 2 8
J F 0 2591 98 1 4609 576 0
K 0 0 202
J N 7 2591 63 4 4609 0 0
K 0 0 43
K 0 0 59
K 0 -21 59
A D 2 8
J B 20 2633 1 82 6913 576 0
J N 8 2654 42 5 1 0 0
K 0 0 42
K 24 -6 44
K 0 0 59
K 0 -21 59
A D 6 8
J B 0 2739 6 2 6913 1728 0
K -13 0 82
K -6 0 84
J M 0 2739 0 0 10000 0 0
