@ SOURCE: not identified 
L 0 0 14 !39Viola
J D 4 500 -120 1 6913 0 0
W 0 0 44 V. Sarabanda
J D 1 75 -37 1 6913 0 0
W 0 -56 44 V. Sarabanda:  Viola
J C 13 5 28 35 6913 0 0
J K -1 57 0 1 6913 0 0
K 0 35 65
J D 5 86 -42 1 6913 0 0
W 0 0 37 Largo
J T 304 95 0 2 6913 0 0
K -10 28 74
K -10 56 75
J R 9 137 28 2 1 10000 0
K 0 0 46
A D 6 8
J B 2 242 1 82 6913 1728 0
J R 9 263 28 2 1 10000 0
K 0 0 46
A D 6 8
J B 3 368 1 82 6913 1728 0
J R 9 389 28 2 1 10000 0
K 0 0 46
A D 6 8
J B 4 494 1 82 6913 1728 0
J R 9 515 28 2 1 10000 0
K 0 0 46
A D 6 8
J B 5 620 1 82 6913 1728 0
J N 7 641 21 4 1 0 0
K 0 0 43
K 0 0 60
K 0 21 60
A D 2 8
J N 8 679 0 4 2305 576 0
K 0 0 42
K 0 0 60
K 0 21 60
A D 4 8
J B 6 736 1 82 6913 1152 0
J N 8 757 28 4 1 0 0
K 0 0 42
K 0 0 60
K 0 21 60
A D 4 8
J N 7 810 7 4 4609 1152 0
K 0 0 43
K 0 0 60
K 0 21 60
A D 2 8
J B 7 852 1 82 6913 576 0
J N 6 873 42 2 1 0 2 1 2
K 0 0 43
A D 1 8
J N 6 902 35 2 1153 288 2 2 1
K 0 0 43
A D 1 8
H 2 B 0 0 108 2 2 3
H 1 S 12 0 0 0 0 0 0 0 0
J N 7 931 28 5 2305 288 0
K 0 0 43
K 24 -6 44
K 0 0 60
K 0 21 60
A D 3 8
J N 6 977 28 3 5761 864 0
K 0 0 43
K 0 0 54
A D 1 8
J B 8 1010 1 82 6913 288 0
J N 8 1031 42 5 1 0 0
K 0 0 42
K 24 -6 44
K 0 0 59
K 0 -21 59
A D 6 8
J B 9 1125 10 6 6913 1728 0
K -22 21 44
K -22 35 44
K -12 0 84
K 0 0 84
K 11 21 44
K 11 35 44
J R 9 1162 28 2 1 10000 0
K 0 0 46
A D 6 8
J B 10 1267 1 82 6913 1728 0
J R 9 1288 28 2 1 10000 0
K 0 0 46
A D 6 8
J B 11 1393 1 82 6913 1728 0
J R 9 1414 28 2 1 10000 0
K 0 0 46
A D 6 8
J B 12 1519 1 82 6913 1728 0
J R 9 1540 28 2 1 10000 0
K 0 0 46
A D 6 8
J B 13 1645 1 82 6913 1728 0
J N 7 1666 -14 7 1 0 0
K 0 0 45
K 0 0 43
K -1 0 45
K 2 0 45
K 0 0 60
K 0 21 60
A D 2 8
J N 7 1704 -14 7 2305 576 0
K 0 0 45
K 0 0 43
K -1 0 45
K 2 0 45
K 0 0 60
K 0 21 60
A D 2 8
J N 7 1742 -21 7 4609 576 0
K 0 7 45
K 0 0 43
K 0 7 45
K 1 7 45
K 0 0 60
K 0 21 60
A D 2 8
J B 14 1784 1 82 6913 576 0
J N 7 1805 7 4 1 0 0
K 0 0 43
K 0 0 60
K 0 21 60
A D 2 8
J R 7 1843 28 2 2305 576 0
K 0 0 48
A D 2 8
J R 7 1881 28 2 4609 576 0
K 0 0 48
A D 2 8
J B 15 1923 1 82 6913 576 0
J N 6 1944 7 2 1 0 2 3 4
K 0 0 43
A D 1 8
J N 6 1973 0 2 1153 288 2 4 3
K 0 0 43
A D 1 8
H 4 B 1 0 108 2 2 3
H 3 S 0 0 0 0 0 0 0 0 0
J N 7 2002 7 5 2305 288 0
K 0 0 43
K 25 0 44
K 0 0 60
K 0 21 60
A D 3 8
J N 6 2048 7 3 5761 864 0
K 0 0 43
K 0 0 54
A D 1 8
J B 16 2081 1 82 6913 288 0
J N 8 2102 21 5 1 0 0
K 0 0 42
K 25 0 44
K 0 0 60
K 0 21 60
A D 6 8
J B 17 2197 6 4 6913 1728 0
K -23 21 44
K -23 35 44
K -13 0 82
K -6 0 84
J N 7 2218 -14 8 1 0 0
K 0 0 45
K 0 0 43
K -1 0 45
K 2 0 45
K 0 93 108
K 0 0 60
K 0 21 60
A D 2 8
J N 7 2256 -14 7 2305 576 0
K 0 0 45
K 0 0 43
K -1 0 45
K 2 0 45
K 0 0 60
K 0 21 60
A D 2 8
J N 7 2294 -21 7 4609 576 0
K 0 7 45
K 0 0 43
K 0 7 45
K 1 7 45
K 0 0 60
K 0 21 60
A D 2 8
J B 18 2336 1 82 6913 576 0
J N 7 2357 7 4 1 0 0
K 0 0 43
K 0 0 60
K 0 21 60
A D 2 8
J R 7 2395 28 2 2305 576 0
K 0 0 48
A D 2 8
J R 7 2433 28 2 4609 576 0
K 0 0 48
A D 2 8
J B 19 2475 1 82 6913 576 0
J N 6 2496 7 2 1 0 2 5 6
K 0 0 43
A D 1 8
J N 6 2525 0 2 1153 288 2 6 5
K 0 0 43
A D 1 8
H 6 B 1 0 108 2 2 3
H 5 S 0 0 0 0 0 0 0 0 0
J N 7 2554 7 5 2305 288 0
K 0 0 43
K 25 0 44
K 0 0 60
K 0 21 60
A D 3 8
J N 6 2600 7 3 5761 864 0
K 0 0 43
K 0 0 54
A D 1 8
J B 20 2633 1 82 6913 288 0
J N 8 2654 21 5 1 0 0
K 0 0 42
K 25 0 44
K 0 0 60
K 0 21 60
A D 6 8
J B 0 2739 6 2 6913 1728 0
K -13 0 82
K -6 0 84
J M 0 2739 0 0 10000 0 0
