@ SOURCE: not identified 
L 0 0 14 !39Basso concerto grosso
J D 4 500 -120 1 6913 0 0
W 0 0 44 V. Sarabanda
J D 1 75 -37 1 6913 0 0
W 0 -56 44 V. Sarabanda:  Basso concerto grosso
J C 22 5 14 36 6913 0 0
J K -1 57 0 1 6913 0 0
K 0 42 65
J D 5 86 -42 1 6913 0 0
W 0 0 37 Largo
J T 304 95 0 2 6913 0 0
K -10 28 74
K -10 56 75
J R 9 137 28 2 1 10000 0
K 0 0 46
A D 6 8
J B 2 242 1 82 6913 1728 0
J R 9 263 28 2 1 10000 0
K 0 0 46
A D 6 8
J B 3 368 1 82 6913 1728 0
J R 9 389 28 2 1 10000 0
K 0 0 46
A D 6 8
J B 4 494 1 82 6913 1728 0
J R 9 515 28 2 1 10000 0
K 0 0 46
A D 6 8
J B 5 620 1 82 6913 1728 0
J N 7 641 -7 4 1 0 0
K 0 0 43
K 0 0 60
K 0 21 60
A D 2 8
J F 0 679 98 2 2305 576 0
K 0 0 205
K 15 0 219
J N 8 679 7 4 2305 0 0
K 0 0 42
K 0 0 60
K 0 21 60
A D 4 8
J B 6 736 1 82 6913 1152 0
J F 0 757 98 1 1 0 0
K 0 0 205
J N 7 757 0 4 1 0 0
K 0 0 43
K 0 0 60
K 0 21 60
A D 2 8
J N 7 795 49 4 2305 576 0
K 0 0 43
K 0 0 59
K 0 -21 59
A D 2 8
J N 7 833 42 4 4609 576 0
K 0 0 43
K 0 0 59
K 0 -21 59
A D 2 8
J B 7 875 1 82 6913 576 0
J N 7 896 14 4 1 0 0
K 0 0 43
K 0 0 60
K 0 21 60
A D 2 8
J F 0 934 98 1 2305 576 0
K 0 0 203
J N 7 934 -14 7 2305 0 0
K 0 0 45
K 0 0 43
K -1 0 45
K 2 0 45
K 0 0 60
K 0 21 60
A D 2 8
J F 0 972 98 1 4609 576 0
K 0 0 202
J N 7 972 35 4 4609 0 0
K 0 0 43
K 0 0 59
K 0 -21 59
A D 2 8
J B 8 1014 1 82 6913 576 0
J N 8 1035 14 5 1 0 0
K 0 0 42
K 24 -6 44
K 0 0 60
K 0 21 60
A D 6 8
J B 9 1129 10 6 6913 1728 0
K -22 21 44
K -22 35 44
K -12 0 84
K 0 0 84
K 11 21 44
K 11 35 44
J R 9 1166 28 2 1 10000 0
K 0 0 46
A D 6 8
J B 10 1271 1 82 6913 1728 0
J R 9 1292 28 2 1 10000 0
K 0 0 46
A D 6 8
J B 11 1397 1 82 6913 1728 0
J R 9 1418 28 2 1 10000 0
K 0 0 46
A D 6 8
J B 12 1523 1 82 6913 1728 0
J R 9 1544 28 2 1 10000 0
K 0 0 46
A D 6 8
J B 13 1649 1 82 6913 1728 0
J F 0 1670 98 1 1 0 0
K 0 0 205
J N 7 1670 28 4 1 0 0
K 0 0 43
K 0 0 60
K 0 21 60
A D 2 8
J F 0 1708 98 1 2305 576 0
K 0 0 204
J N 8 1708 21 5 2305 0 0
K -15 0 65
K 0 0 42
K 0 0 60
K 0 21 60
A D 4 8
J F 0 1746 98 1 4609 576 0
K 0 0 205
J B 14 1788 1 82 6913 576 0
J N 7 1809 14 4 1 0 0
K 0 0 43
K 0 0 60
K 0 21 60
A D 2 8
J F 0 1847 98 1 2305 576 0
K 0 0 206
J N 7 1847 7 4 2305 0 0
K 0 0 43
K 0 0 60
K 0 21 60
A D 2 8
J F 0 1885 98 2 4609 576 0
K 0 0 204
K 15 0 219
J N 7 1885 0 4 4609 0 0
K 0 0 43
K 0 0 60
K 0 21 60
A D 2 8
J B 15 1927 1 82 6913 576 0
J N 6 1948 -7 2 1 0 1 1
K 0 0 43
A D 1 8
J N 6 1981 21 3 1153 288 1 1
K -15 0 65
K 0 0 43
A D 1 8
H 1 B 1 0 108 2 2 3
J F 0 2010 98 1 2305 288 0
K 0 0 203
J N 7 2010 14 4 2305 0 0
K 0 0 43
K 0 0 60
K 0 21 60
A D 2 8
J F 0 2048 98 1 4609 576 0
K 0 0 202
J N 7 2048 63 4 4609 0 0
K 0 0 43
K 0 0 59
K 0 -21 59
A D 2 8
J B 16 2090 1 82 6913 576 0
J N 8 2111 42 5 1 0 0
K 0 0 42
K 24 -6 44
K 0 0 59
K 0 -21 59
A D 6 8
J B 17 2206 6 4 6913 1728 0
K -23 21 44
K -23 35 44
K -13 0 82
K -6 0 84
J F 0 2227 98 1 1 0 0
K 0 0 205
J N 7 2227 28 5 1 0 0
K 0 0 43
K 0 91 108
K 0 0 60
K 0 21 60
A D 2 8
J F 0 2265 98 1 2305 576 0
K 0 0 204
J N 8 2265 21 5 2305 0 0
K -15 0 65
K 0 0 42
K 0 0 60
K 0 21 60
A D 4 8
J F 0 2303 98 1 4609 576 0
K 0 0 205
J B 18 2345 1 82 6913 576 0
J N 7 2366 14 4 1 0 0
K 0 0 43
K 0 0 60
K 0 21 60
A D 2 8
J F 0 2404 98 1 2305 576 0
K 0 0 206
J N 7 2404 7 4 2305 0 0
K 0 0 43
K 0 0 60
K 0 21 60
A D 2 8
J F 0 2442 98 2 4609 576 0
K 0 0 204
K 15 0 219
J N 7 2442 0 4 4609 0 0
K 0 0 43
K 0 0 60
K 0 21 60
A D 2 8
J B 19 2484 1 82 6913 576 0
J N 6 2505 -7 2 1 0 1 2
K 0 0 43
A D 1 8
J N 6 2538 21 3 1153 288 1 2
K -15 0 65
K 0 0 43
A D 1 8
H 2 B 1 0 108 2 2 3
J F 0 2567 98 1 2305 288 0
K 0 0 203
J N 7 2567 14 4 2305 0 0
K 0 0 43
K 0 0 60
K 0 21 60
A D 2 8
J F 0 2605 98 1 4609 576 0
K 0 0 202
J N 7 2605 63 4 4609 0 0
K 0 0 43
K 0 0 59
K 0 -21 59
A D 2 8
J B 20 2647 1 82 6913 576 0
J N 8 2668 42 5 1 0 0
K 0 0 42
K 24 -6 44
K 0 0 59
K 0 -21 59
A D 6 8
J B 0 2753 6 2 6913 1728 0
K -13 0 82
K -6 0 84
J M 0 2753 0 0 10000 0 0
