S 0 200 140 2050 1066 7 "[...][....]" 
L 0 0 0 313 313 * 0 14 0 
J C 4 5 42 2 6913 0 0 
K 0 0 33 
K 0 0 34 
J K -1 57 0 1 6913 0 0 
K 0 28 65 
J D 0 -11 -14 1 6913 0 0 
W 0 0 37 \04\06 
J N 6 119 -7 3 1 0 2 89 90 
K -18 0 63 
K 0 0 43 
A D 2 16 
J N 6 151 7 2 1153 288 1 90 
K 0 0 43 
A D 2 16 
J N 6 183 -14 5 2305 288 2 90 89 
K 0 0 45 
K 0 0 43 
K -1 0 45 
K 2 0 45 
A D 2 16 
H 90 B -63 0 108 3 2 1 3 
H 89 S 0 0 0 0 0 0 0 0 3 
J N 6 215 7 2 3457 288 2 91 92 
K 0 0 43 
A D 2 16 
J N 6 247 -14 5 4609 288 1 92 
K 0 0 45 
K 0 0 43 
K -1 0 45 
K 2 0 45 
A D 2 16 
J N 6 279 -7 2 5761 288 2 92 91 
K 0 0 43 
A D 2 16 
H 92 B -42 -2 108 3 2 1 3 
H 91 S 0 0 -7 0 -7 2 0 0 0 
J B 47 324 1 82 6913 288 0 
J N 7 345 -14 8 1 0 1 93 
K 0 0 45 
K 0 0 43 
K -1 0 45 
K 2 0 45 
K 24 -6 44 
K 0 0 60 
K 0 21 60 
A D 6 16 
J N 7 403 -14 7 3457 864 1 93 
K 0 0 45 
K 0 0 43 
K -1 0 45 
K 2 0 45 
K 0 0 60 
K 0 21 60 
A D 4 16 
H 93 T -14 0 0 0 0 0 5 0 
J N 6 447 -7 3 5761 576 0 
K 0 0 43 
K 0 0 54 
A D 2 16 
J B 48 483 1 82 6913 288 0 
J N 7 504 0 4 1 0 0 
K 0 0 43 
K 0 0 60 
K 0 21 60 
A D 4 16 
J N 6 548 35 3 2305 576 0 
K 0 0 43 
K 0 0 53 
A D 2 16 
J N 7 587 14 4 3457 288 0 
K 0 0 43 
K 0 0 60 
K 0 21 60 
A D 4 16 
J N 6 631 0 3 5761 576 0 
K 0 0 43 
K 0 0 54 
A D 2 16 
J B 49 667 1 82 6913 288 0 
J N 7 694 42 5 1 0 0 
K -18 0 63 
K 0 0 43 
K 0 0 59 
K 0 -21 59 
A D 4 16 
J N 6 743 7 3 2305 576 0 
K 0 0 43 
K 0 0 54 
A D 2 16 
J N 7 782 21 4 3457 288 0 
K 0 0 43 
K 0 0 60 
K 0 21 60 
A D 4 16 
J N 6 830 28 4 5761 576 0 
K -14 0 64 
K 0 0 43 
K 0 0 54 
A D 2 16 
J B 50 866 1 82 6913 288 0 
J N 6 887 21 2 1 0 2 94 95 
K 0 0 43 
A D 2 16 
J N 6 928 28 3 1153 288 1 95 
K -14 0 64 
K 0 0 43 
A D 2 16 
J N 6 960 35 2 2305 288 2 95 94 
K 0 0 43 
A D 2 16 
H 95 B 42 3 108 3 2 1 3 
H 94 S 12 0 0 0 0 0 0 0 12 
J N 7 992 56 4 3457 288 0 
K 0 0 43 
K 0 0 59 
K 0 -21 59 
A D 4 16 
J N 6 1065 42 4 5761 576 0 
K -18 0 63 
K 0 0 43 
K 0 0 53 
A D 2 16 
J B 51 1110 1 82 6913 288 0 
J N 7 1131 84 9 1 0 0 
K 1 -14 45 
K 1 0 45 
K 0 0 43 
K -1 0 45 
K 2 0 45 
K 24 -6 44 
K 0 0 59 
K 0 -28 59 
A D 6 16 
J R 7 1185 28 2 3457 864 0 
K 0 0 48 
A D 4 16 
J N 6 1229 21 3 5761 576 0 
K 0 0 43 
K 0 0 54 
A D 2 16 
J B 52 1265 1 82 6913 288 0 
J N 6 1286 0 2 1 0 2 96 97 
K 0 0 43 
A D 2 16 
J N 6 1318 -7 2 1153 288 1 97 
K 0 0 43 
A D 2 16 
J N 6 1350 7 2 2305 288 2 97 96 
K 0 0 43 
A D 2 16 
H 97 B -45 2 108 3 2 1 3 
H 96 S 0 0 -7 0 -7 0 0 0 0 
J N 6 1381 0 4 3457 288 2 98 99 
K 0 0 43 
K 24 -6 44 
K 0 -22 236 
A D 3 16 
J N 5 1421 7 2 5185 432 1 99 
K 0 0 43 
A D 1 16 
J N 6 1450 0 2 5761 144 2 99 98 
K 0 0 43 
A D 2 16 
H 99 B -57 0 108 3 2 51 3 
H 98 S 0 0 0 0 0 0 0 0 0 
J B 53 1485 1 82 6913 288 0 
J N 7 1506 -7 4 1 0 0 
K 0 0 43 
K 0 0 60 
K 0 21 60 
A D 4 16 
J N 6 1549 21 3 2305 576 0 
K 0 0 43 
K 0 0 54 
A D 2 16 
J N 7 1580 56 4 3457 288 0 
K 0 0 43 
K 0 0 59 
K 0 -21 59 
A D 4 16 
J N 6 1623 21 3 5761 576 0 
K 0 0 43 
K 0 0 54 
A D 2 16 
J B 54 1658 1 82 6913 288 0 
J N 6 1679 -7 2 1 0 2 100 101 
K 0 0 43 
A D 2 16 
J N 6 1710 -14 5 1153 288 1 101 
K 0 0 45 
K 0 0 43 
K -1 0 45 
K 2 0 45 
A D 2 16 
J N 6 1741 0 2 2305 288 2 101 100 
K 0 0 43 
A D 2 16 
H 101 B -50 2 108 3 2 1 3 
H 100 S 0 0 -7 0 -7 0 0 0 0 
J N 6 1772 -7 4 3457 288 2 102 103 
K 0 0 43 
K 25 0 44 
K 0 -22 236 
A D 3 16 
J N 5 1813 0 2 5185 432 1 103 
K 0 0 43 
A D 1 16 
J N 6 1842 -7 2 5761 144 2 103 102 
K 0 0 43 
A D 2 16 
H 103 B -53 0 108 3 2 51 3 
H 102 S 0 0 0 0 0 0 0 0 0 
J B 55 1877 1 82 6913 288 0 
J N 7 1898 -14 7 1 0 0 
K 0 0 45 
K 0 0 43 
K -1 0 45 
K 2 0 45 
K 0 0 60 
K 0 21 60 
A D 4 16 
J N 6 1941 21 3 2305 576 0 
K 0 0 43 
K 0 0 54 
A D 2 16 
J N 7 1972 49 4 3457 288 0 
K 0 0 43 
K 0 0 59 
K 0 -21 59 
A D 4 16 
J N 6 2015 21 3 5761 576 0 
K 0 0 43 
K 0 0 54 
A D 2 16 
J B 56 2050 1 82 6913 288 0 
E * 
L 160 0 0 313 313 * 0 14 0 
J C 4 5 42 2 6913 0 0 
K 0 0 33 
K 0 0 34 
J K -1 57 0 1 6913 0 0 
K 0 28 65 
J D 0 -11 -14 1 6913 0 0 
W 0 0 0 \04\06 
J N 7 119 -21 8 1 0 0 
K 0 7 45 
K -14 0 64 
K 0 0 43 
K 0 7 45 
K 1 7 45 
K 0 0 60 
K 0 21 60 
A D 2 8 
J N 6 183 -28 8 2305 576 0 
K 0 14 45 
K 0 0 45 
K 0 0 43 
K -1 0 45 
K 2 0 45 
K 0 0 60 
K 0 7 54 
A D 1 8 
J N 7 215 -21 8 3457 288 0 
K 0 7 45 
K 0 0 43 
K 0 7 45 
K 1 7 45 
K 25 0 44 
K 0 0 60 
K 0 21 60 
A D 3 8 
J B 47 324 1 82 6913 864 0 
J N 7 345 -14 8 1 0 0 
K 0 0 45 
K 0 0 43 
K -1 0 45 
K 2 0 45 
K 24 -6 44 
K 0 0 60 
K 0 21 60 
A D 3 8 
J N 7 403 7 5 3457 864 0 
K 0 0 43 
K 25 0 44 
K 0 0 60 
K 0 21 60 
A D 3 8 
J B 48 483 1 82 6913 864 0 
J N 7 504 35 5 1 0 0 
K 0 0 43 
K 25 0 44 
K 0 0 59 
K 0 -21 59 
A D 3 8 
J N 7 587 0 5 3457 864 0 
K 0 0 43 
K 24 -6 44 
K 0 0 60 
K 0 21 60 
A D 3 8 
J B 49 667 1 82 6913 864 0 
J R 7 694 28 2 1 0 0 
K 0 0 48 
A D 2 8 
J N 6 743 56 3 2305 576 0 
K 0 0 43 
K 0 0 53 
A D 1 8 
J N 7 782 35 5 3457 288 0 
K 0 0 43 
K 25 0 44 
K 0 0 59 
K 0 -21 59 
A D 3 8 
J B 50 866 1 82 6913 864 0 
J R 7 887 28 2 1 0 0 
K 0 0 48 
A D 2 8 
J N 6 960 14 3 2305 576 0 
K 0 0 43 
K 0 0 54 
A D 1 8 
J N 6 992 21 2 3457 288 2 12 13 
K 0 0 43 
A D 1 8 
J N 6 1024 14 2 4609 288 1 13 
K 0 0 43 
A D 1 8 
J N 6 1065 28 3 5761 288 2 13 12 
K -14 0 64 
K 0 0 43 
A D 1 8 
H 13 B -51 1 108 3 2 1 3 
H 12 S 0 0 -7 0 -7 0 0 0 0 
J B 51 1110 1 82 6913 288 0 
J N 7 1131 35 5 1 0 0 
K 0 0 43 
K 25 0 44 
K 0 0 59 
K 0 -21 59 
A D 3 8 
J R 7 1185 28 2 3457 864 0 
K 0 0 48 
A D 2 8 
J R 6 1229 28 2 5761 576 0 
K 0 0 49 
A D 1 8 
J B 52 1265 1 82 6913 288 0 
J R 9 1361 28 2 1 10000 0 
K 0 0 46 
A D 6 8 
J B 53 1485 1 82 6913 1728 0 
J N 7 1506 21 5 1 0 0 
K 0 0 43 
K 25 0 44 
K 0 0 60 
K 0 21 60 
A D 3 8 
J R 7 1580 28 2 3457 864 0 
K 0 0 48 
A D 2 8 
J R 6 1623 28 2 5761 576 0 
K 0 0 49 
A D 1 8 
J B 54 1658 1 82 6913 288 0 
J R 9 1753 28 2 1 10000 0 
K 0 0 46 
A D 6 8 
J B 55 1877 1 82 6913 1728 0 
J N 7 1898 21 5 1 0 0 
K 0 0 43 
K 25 0 44 
K 0 0 60 
K 0 21 60 
A D 3 8 
J R 7 1972 28 2 3457 864 0 
K 0 0 48 
A D 2 8 
J R 6 2015 28 2 5761 576 0 
K 0 0 49 
A D 1 8 
J B 56 2050 1 82 6913 288 0 
E * 
L 320 0 0 313 313 * 0 14 0 
J C 22 5 14 36 6913 0 0 
J K -1 57 0 1 6913 0 0 
K 0 42 65 
J D 0 -11 -14 1 6913 0 0 
W 0 0 0 \04\06 
J F 0 119 98 1 1 0 0 
K 0 0 213 
J N 7 119 21 4 1 0 0 
K 0 0 43 
K 0 0 60 
K 0 21 60 
A D 2 8 
J F 0 183 98 2 2305 576 0 
K 0 0 206 
K 0 21 204 
J N 6 183 28 3 2305 0 0 
K 0 0 43 
K 0 0 54 
A D 1 8 
J F 0 215 98 1 3457 288 0 
K 0 0 203 
J N 7 215 21 4 3457 0 0 
K 0 0 43 
K 0 0 60 
K 0 21 60 
A D 2 8 
J F 0 279 103 1 5761 576 0 
K 0 0 213 
J N 6 279 70 6 5761 0 0 
K 1 0 45 
K 0 0 43 
K -1 0 45 
K 2 0 45 
K 0 0 53 
A D 1 8 
J B 47 324 1 82 6913 288 0 
J N 7 345 49 5 1 0 0 
K 0 0 43 
K 25 0 44 
K 0 0 59 
K 0 -21 59 
A D 3 8 
J F 0 403 98 1 3457 864 0 
K 0 0 205 
J N 7 403 35 6 3457 0 0 
K -18 0 63 
K 0 0 43 
K 25 0 44 
K 0 0 59 
K 0 -21 59 
A D 3 8 
J B 48 483 1 82 6913 864 0 
J N 7 504 28 5 1 0 0 
K 0 0 43 
K 24 -6 44 
K 0 0 60 
K 0 21 60 
A D 3 8 
J R 7 587 28 2 3457 864 0 
K 0 0 48 
A D 2 8 
J N 6 631 28 3 5761 576 0 
K 0 0 43 
K 0 0 54 
A D 1 8 
J B 49 667 1 82 6913 288 0 
J F 0 694 98 1 1 0 0 
K 0 0 213 
J N 7 694 21 4 1 0 0 
K 0 0 43 
K 0 0 60 
K 0 21 60 
A D 2 8 
J N 6 743 7 4 2305 576 0 
K -18 0 63 
K 0 0 43 
K 0 0 54 
A D 1 8 
J N 7 782 0 4 3457 288 0 
K 0 0 43 
K 0 0 60 
K 0 21 60 
A D 2 8 
J N 6 830 28 3 5761 576 0 
K 0 0 43 
K 0 0 54 
A D 1 8 
J B 50 866 1 82 6913 288 0 
J F 0 887 98 2 1 0 0 
K 0 0 205 
K 0 21 203 
J N 7 887 21 5 1 0 0 
K 0 0 43 
K 25 0 44 
K 0 0 60 
K 0 21 60 
A D 3 8 
J F 0 992 103 3 3457 864 0 
K 0 0 204 
K 15 0 218 
K 0 21 213 
J N 7 992 70 8 3457 0 0 
K 1 0 45 
K 0 0 43 
K -1 0 45 
K 2 0 45 
K 24 -6 44 
K 0 0 59 
K 0 -21 59 
A D 3 8 
J B 51 1110 1 82 6913 864 0 
J N 7 1131 49 5 1 0 0 
K 0 0 43 
K 25 0 44 
K 0 0 59 
K 0 -21 59 
A D 3 8 
J R 7 1185 28 2 3457 864 0 
K 0 0 48 
A D 2 8 
J R 6 1229 28 2 5761 576 0 
K 0 0 49 
A D 1 8 
J B 52 1265 1 82 6913 288 0 
J N 8 1286 -35 10 1 0 0 
K 0 21 45 
K 0 7 45 
K 0 0 42 
K 0 7 45 
K 1 7 45 
K 25 0 44 
K 0 0 60 
K 0 28 60 
K 0 35 60 
A D 6 8 
J B 53 1485 1 82 6913 1728 0 
J F 0 1506 98 1 1 0 0 
K 0 0 205 
J N 8 1506 -28 9 1 0 0 
K 0 14 45 
K 0 0 45 
K 0 0 42 
K -1 0 45 
K 2 0 45 
K 24 -6 44 
K 0 0 60 
K 0 28 60 
A D 6 8 
J B 54 1658 1 82 6913 1728 0 
J N 7 1679 -28 9 1 0 0 
K 0 14 45 
K 0 0 45 
K 0 0 43 
K -1 0 45 
K 2 0 45 
K 24 -6 44 
K 0 0 60 
K 0 28 60 
A D 3 8 
J N 7 1772 -14 8 3457 864 0 
K 0 0 45 
K 0 0 43 
K -1 0 45 
K 2 0 45 
K 24 -6 44 
K 0 0 60 
K 0 21 60 
A D 3 8 
J B 55 1877 1 82 6913 864 0 
J N 8 1898 14 5 1 0 0 
K 0 0 42 
K 24 -6 44 
K 0 0 60 
K 0 21 60 
A D 6 8 
J B 56 2050 1 82 6913 1728 0 
E * 
L 530 0 0 313 313 * 0 14 0 
J C 4 5 42 2 6913 0 0 
K 0 0 33 
K 0 0 34 
J K -1 57 0 1 6913 0 0 
K 0 28 65 
J D 0 -11 -14 1 6913 0 0 
W 0 0 0 \04\06 
J N 7 119 -7 5 1 0 0 
K -18 0 63 
K 0 0 43 
K 0 0 60 
K 0 21 60 
A D 2 8 
J N 6 183 -14 6 2305 576 0 
K 0 0 45 
K 0 0 43 
K -1 0 45 
K 2 0 45 
K 0 0 54 
A D 1 8 
J N 6 215 7 2 3457 288 2 28 29 
K 0 0 43 
A D 1 8 
J N 6 247 -14 5 4609 288 1 29 
K 0 0 45 
K 0 0 43 
K -1 0 45 
K 2 0 45 
A D 1 8 
J N 6 279 -7 2 5761 288 2 29 28 
K 0 0 43 
A D 1 8 
H 29 B -42 -2 108 3 2 1 3 
H 28 S 0 0 -7 0 -7 2 0 0 0 
J B 47 324 1 82 6913 288 0 
J N 7 345 -14 8 1 0 1 30 
K 0 0 45 
K 0 0 43 
K -1 0 45 
K 2 0 45 
K 24 -6 44 
K 0 0 60 
K 0 21 60 
A D 3 8 
J N 7 403 -14 7 3457 864 1 30 
K 0 0 45 
K 0 0 43 
K -1 0 45 
K 2 0 45 
K 0 0 60 
K 0 21 60 
A D 2 8 
H 30 T -14 0 0 0 0 0 5 0 
J N 6 447 -7 3 5761 576 0 
K 0 0 43 
K 0 0 54 
A D 1 8 
J B 48 483 1 82 6913 288 0 
J N 7 504 0 4 1 0 0 
K 0 0 43 
K 0 0 60 
K 0 21 60 
A D 2 8 
J N 6 548 35 3 2305 576 0 
K 0 0 43 
K 0 0 53 
A D 1 8 
J N 7 587 14 4 3457 288 0 
K 0 0 43 
K 0 0 60 
K 0 21 60 
A D 2 8 
J N 6 631 0 3 5761 576 0 
K 0 0 43 
K 0 0 54 
A D 1 8 
J B 49 667 1 82 6913 288 0 
J N 7 694 42 5 1 0 0 
K -18 0 63 
K 0 0 43 
K 0 0 59 
K 0 -21 59 
A D 2 8 
J N 6 743 7 3 2305 576 0 
K 0 0 43 
K 0 0 54 
A D 1 8 
J N 7 782 21 4 3457 288 0 
K 0 0 43 
K 0 0 60 
K 0 21 60 
A D 2 8 
J N 6 830 28 4 5761 576 0 
K -14 0 64 
K 0 0 43 
K 0 0 54 
A D 1 8 
J B 50 866 1 82 6913 288 0 
J N 6 887 21 2 1 0 2 31 32 
K 0 0 43 
A D 1 8 
J N 6 928 28 3 1153 288 1 32 
K -14 0 64 
K 0 0 43 
A D 1 8 
J N 6 960 35 2 2305 288 2 32 31 
K 0 0 43 
A D 1 8 
H 32 B 42 3 108 3 2 1 3 
H 31 S 12 0 0 0 0 0 0 0 12 
J N 7 992 56 4 3457 288 0 
K 0 0 43 
K 0 0 59 
K 0 -21 59 
A D 2 8 
J N 6 1065 42 4 5761 576 0 
K -18 0 63 
K 0 0 43 
K 0 0 53 
A D 1 8 
J B 51 1110 1 82 6913 288 0 
J N 7 1131 84 9 1 0 0 
K 1 -14 45 
K 1 0 45 
K 0 0 43 
K -1 0 45 
K 2 0 45 
K 24 -6 44 
K 0 0 59 
K 0 -28 59 
A D 3 8 
J R 7 1185 28 2 3457 864 0 
K 0 0 48 
A D 2 8 
J R 6 1229 28 2 5761 576 0 
K 0 0 49 
A D 1 8 
J B 52 1265 1 82 6913 288 0 
J R 9 1361 28 2 1 10000 0 
K 0 0 46 
A D 6 8 
J B 53 1485 1 82 6913 1728 0 
J N 7 1506 -7 5 1 0 0 
K 0 0 43 
K 25 0 44 
K 0 0 60 
K 0 21 60 
A D 3 8 
J R 7 1580 28 2 3457 864 0 
K 0 0 48 
A D 2 8 
J R 6 1623 28 2 5761 576 0 
K 0 0 49 
A D 1 8 
J B 54 1658 1 82 6913 288 0 
J R 9 1753 28 2 1 10000 0 
K 0 0 46 
A D 6 8 
J B 55 1877 1 82 6913 1728 0 
J N 7 1898 -14 8 1 0 0 
K 0 0 45 
K 0 0 43 
K -1 0 45 
K 2 0 45 
K 24 -6 44 
K 0 0 60 
K 0 21 60 
A D 3 8 
J R 7 1972 28 2 3457 864 0 
K 0 0 48 
A D 2 8 
J R 6 2015 28 2 5761 576 0 
K 0 0 49 
A D 1 8 
J B 56 2050 1 82 6913 288 0 
E * 
L 690 0 0 313 313 * 0 14 0 
J C 4 5 42 2 6913 0 0 
K 0 0 33 
K 0 0 34 
J K -1 57 0 1 6913 0 0 
K 0 28 65 
J D 0 -11 -14 1 6913 0 0 
W 0 0 0 \04\06 
J N 7 119 -21 8 1 0 0 
K 0 7 45 
K -14 0 64 
K 0 0 43 
K 0 7 45 
K 1 7 45 
K 0 0 60 
K 0 21 60 
A D 2 8 
J N 6 183 -28 8 2305 576 0 
K 0 14 45 
K 0 0 45 
K 0 0 43 
K -1 0 45 
K 2 0 45 
K 0 0 60 
K 0 7 54 
A D 1 8 
J N 7 215 -21 8 3457 288 0 
K 0 7 45 
K 0 0 43 
K 0 7 45 
K 1 7 45 
K 25 0 44 
K 0 0 60 
K 0 21 60 
A D 3 8 
J B 47 324 1 82 6913 864 0 
J N 7 345 -14 8 1 0 0 
K 0 0 45 
K 0 0 43 
K -1 0 45 
K 2 0 45 
K 24 -6 44 
K 0 0 60 
K 0 21 60 
A D 3 8 
J N 7 403 7 5 3457 864 0 
K 0 0 43 
K 25 0 44 
K 0 0 60 
K 0 21 60 
A D 3 8 
J B 48 483 1 82 6913 864 0 
J N 7 504 35 5 1 0 0 
K 0 0 43 
K 25 0 44 
K 0 0 59 
K 0 -21 59 
A D 3 8 
J N 7 587 0 5 3457 864 0 
K 0 0 43 
K 24 -6 44 
K 0 0 60 
K 0 21 60 
A D 3 8 
J B 49 667 1 82 6913 864 0 
J R 7 694 28 2 1 0 0 
K 0 0 48 
A D 2 8 
J N 6 743 56 3 2305 576 0 
K 0 0 43 
K 0 0 53 
A D 1 8 
J N 7 782 35 5 3457 288 0 
K 0 0 43 
K 25 0 44 
K 0 0 59 
K 0 -21 59 
A D 3 8 
J B 50 866 1 82 6913 864 0 
J R 7 887 28 2 1 0 0 
K 0 0 48 
A D 2 8 
J N 6 960 14 3 2305 576 0 
K 0 0 43 
K 0 0 54 
A D 1 8 
J N 6 992 21 2 3457 288 2 12 13 
K 0 0 43 
A D 1 8 
J N 6 1024 14 2 4609 288 1 13 
K 0 0 43 
A D 1 8 
J N 6 1065 28 3 5761 288 2 13 12 
K -14 0 64 
K 0 0 43 
A D 1 8 
H 13 B -51 1 108 3 2 1 3 
H 12 S 0 0 -7 0 -7 0 0 0 0 
J B 51 1110 1 82 6913 288 0 
J N 7 1131 35 5 1 0 0 
K 0 0 43 
K 25 0 44 
K 0 0 59 
K 0 -21 59 
A D 3 8 
J R 7 1185 28 2 3457 864 0 
K 0 0 48 
A D 2 8 
J R 6 1229 28 2 5761 576 0 
K 0 0 49 
A D 1 8 
J B 52 1265 1 82 6913 288 0 
J R 9 1361 28 2 1 10000 0 
K 0 0 46 
A D 6 8 
J B 53 1485 1 82 6913 1728 0 
J N 7 1506 21 5 1 0 0 
K 0 0 43 
K 25 0 44 
K 0 0 60 
K 0 21 60 
A D 3 8 
J R 7 1580 28 2 3457 864 0 
K 0 0 48 
A D 2 8 
J R 6 1623 28 2 5761 576 0 
K 0 0 49 
A D 1 8 
J B 54 1658 1 82 6913 288 0 
J R 9 1753 28 2 1 10000 0 
K 0 0 46 
A D 6 8 
J B 55 1877 1 82 6913 1728 0 
J N 7 1898 21 5 1 0 0 
K 0 0 43 
K 25 0 44 
K 0 0 60 
K 0 21 60 
A D 3 8 
J R 7 1972 28 2 3457 864 0 
K 0 0 48 
A D 2 8 
J R 6 2015 28 2 5761 576 0 
K 0 0 49 
A D 1 8 
J B 56 2050 1 82 6913 288 0 
E * 
L 850 0 0 313 313 * 0 14 0 
J C 13 5 28 35 6913 0 0 
J K -1 57 0 1 6913 0 0 
K 0 35 65 
J D 0 -11 -14 1 6913 0 0 
W 0 0 0 \04\06 
J N 7 119 14 4 1 0 0 
K 0 0 43 
K 0 0 60 
K 0 21 60 
A D 2 8 
J R 6 183 28 2 2305 576 0 
K 0 0 49 
A D 1 8 
J N 7 215 14 4 3457 288 0 
K 0 0 43 
K 0 0 60 
K 0 21 60 
A D 2 8 
J R 6 279 28 2 5761 576 0 
K 0 0 49 
A D 1 8 
J B 47 324 1 82 6913 288 0 
J N 7 345 14 5 1 0 0 
K 0 0 43 
K 24 -6 44 
K 0 0 60 
K 0 21 60 
A D 3 8 
J R 7 403 28 2 3457 864 0 
K 0 0 48 
A D 2 8 
J N 6 447 -7 3 5761 576 0 
K 0 0 43 
K 0 0 54 
A D 1 8 
J B 48 483 1 82 6913 288 0 
J N 7 504 -7 5 1 0 0 
K 0 0 43 
K 25 0 44 
K 0 0 60 
K 0 21 60 
A D 3 8 
J R 7 587 28 2 3457 864 0 
K 0 0 48 
A D 2 8 
J N 6 631 -28 8 5761 576 0 
K 0 14 45 
K 0 0 45 
K 0 0 43 
K -1 0 45 
K 2 0 45 
K 0 0 60 
K 0 7 54 
A D 1 8 
J B 49 667 1 82 6913 288 0 
J N 7 694 -14 9 1 0 0 
K 0 0 45 
K -14 0 64 
K 0 0 43 
K -1 0 45 
K 2 0 45 
K 24 -6 44 
K 0 0 60 
K 0 21 60 
A D 3 8 
J R 7 782 28 2 3457 864 0 
K 0 0 48 
A D 2 8 
J N 6 830 7 3 5761 576 0 
K 0 0 43 
K 0 0 54 
A D 1 8 
J B 50 866 1 82 6913 288 0 
J N 7 887 14 5 1 0 0 
K 0 0 43 
K 24 -6 44 
K 0 0 60 
K 0 21 60 
A D 3 8 
J N 7 992 14 5 3457 864 0 
K 0 0 43 
K 24 -6 44 
K 0 0 60 
K 0 21 60 
A D 3 8 
J B 51 1110 1 82 6913 864 0 
J N 7 1131 14 5 1 0 0 
K 0 0 43 
K 24 -6 44 
K 0 0 60 
K 0 21 60 
A D 3 8 
J R 7 1185 28 2 3457 864 0 
K 0 0 48 
A D 2 8 
J R 6 1229 28 2 5761 576 0 
K 0 0 49 
A D 1 8 
J B 52 1265 1 82 6913 288 0 
J R 9 1361 28 2 1 10000 0 
K 0 0 46 
A D 6 8 
J B 53 1485 1 82 6913 1728 0 
J N 7 1506 28 5 1 0 0 
K 0 0 43 
K 24 -6 44 
K 0 0 60 
K 0 21 60 
A D 3 8 
J R 7 1580 28 2 3457 864 0 
K 0 0 48 
A D 2 8 
J R 6 1623 28 2 5761 576 0 
K 0 0 49 
A D 1 8 
J B 54 1658 1 82 6913 288 0 
J R 9 1753 28 2 1 10000 0 
K 0 0 46 
A D 6 8 
J B 55 1877 1 82 6913 1728 0 
J N 7 1898 7 5 1 0 0 
K 0 0 43 
K 25 0 44 
K 0 0 60 
K 0 21 60 
A D 3 8 
J R 7 1972 28 2 3457 864 0 
K 0 0 48 
A D 2 8 
J R 6 2015 28 2 5761 576 0 
K 0 0 49 
A D 1 8 
J B 56 2050 1 82 6913 288 0 
E * 
L 1010 0 0 313 313 * 0 14 0 
J C 22 5 14 36 6913 0 0 
J K -1 57 0 1 6913 0 0 
K 0 42 65 
J D 0 -11 -14 1 6913 0 0 
W 0 0 0 \04\06 
J F 0 119 98 1 1 0 0 
K 0 0 213 
J N 7 119 21 4 1 0 0 
K 0 0 43 
K 0 0 60 
K 0 21 60 
A D 2 8 
J F 0 183 98 2 2305 576 0 
K 0 0 206 
K 0 21 204 
J N 6 183 28 3 2305 0 0 
K 0 0 43 
K 0 0 54 
A D 1 8 
J F 0 215 98 1 3457 288 0 
K 0 0 203 
J N 7 215 21 4 3457 0 0 
K 0 0 43 
K 0 0 60 
K 0 21 60 
A D 2 8 
J F 0 279 103 1 5761 576 0 
K 0 0 213 
J N 6 279 70 6 5761 0 0 
K 1 0 45 
K 0 0 43 
K -1 0 45 
K 2 0 45 
K 0 0 53 
A D 1 8 
J B 47 324 1 82 6913 288 0 
J N 7 345 49 5 1 0 0 
K 0 0 43 
K 25 0 44 
K 0 0 59 
K 0 -21 59 
A D 3 8 
J F 0 403 98 1 3457 864 0 
K 0 0 205 
J N 7 403 35 6 3457 0 0 
K -18 0 63 
K 0 0 43 
K 25 0 44 
K 0 0 59 
K 0 -21 59 
A D 3 8 
J B 48 483 1 82 6913 864 0 
J N 7 504 28 5 1 0 0 
K 0 0 43 
K 24 -6 44 
K 0 0 60 
K 0 21 60 
A D 3 8 
J R 7 587 28 2 3457 864 0 
K 0 0 48 
A D 2 8 
J N 6 631 28 3 5761 576 0 
K 0 0 43 
K 0 0 54 
A D 1 8 
J B 49 667 1 82 6913 288 0 
J F 0 694 98 1 1 0 0 
K 0 0 213 
J N 7 694 21 4 1 0 0 
K 0 0 43 
K 0 0 60 
K 0 21 60 
A D 2 8 
J N 6 743 7 4 2305 576 0 
K -18 0 63 
K 0 0 43 
K 0 0 54 
A D 1 8 
J N 7 782 0 4 3457 288 0 
K 0 0 43 
K 0 0 60 
K 0 21 60 
A D 2 8 
J N 6 830 28 3 5761 576 0 
K 0 0 43 
K 0 0 54 
A D 1 8 
J B 50 866 1 82 6913 288 0 
J F 0 887 98 2 1 0 0 
K 0 0 205 
K 0 21 203 
J N 7 887 21 5 1 0 0 
K 0 0 43 
K 25 0 44 
K 0 0 60 
K 0 21 60 
A D 3 8 
J F 0 992 103 3 3457 864 0 
K 0 0 204 
K 15 0 218 
K 0 21 213 
J N 7 992 70 8 3457 0 0 
K 1 0 45 
K 0 0 43 
K -1 0 45 
K 2 0 45 
K 24 -6 44 
K 0 0 59 
K 0 -21 59 
A D 3 8 
J B 51 1110 1 82 6913 864 0 
J N 7 1131 49 5 1 0 0 
K 0 0 43 
K 25 0 44 
K 0 0 59 
K 0 -21 59 
A D 3 8 
J R 7 1185 28 2 3457 864 0 
K 0 0 48 
A D 2 8 
J R 6 1229 28 2 5761 576 0 
K 0 0 49 
A D 1 8 
J B 52 1265 1 82 6913 288 0 
J R 9 1361 28 2 1 10000 0 
K 0 0 46 
A D 6 8 
J B 53 1485 1 82 6913 1728 0 
J F 0 1506 98 1 1 0 0 
K 0 0 205 
J N 7 1506 21 5 1 0 0 
K 0 0 43 
K 25 0 44 
K 0 0 60 
K 0 21 60 
A D 3 8 
J R 7 1580 28 2 3457 864 0 
K 0 0 48 
A D 2 8 
J R 6 1623 28 2 5761 576 0 
K 0 0 49 
A D 1 8 
J B 54 1658 1 82 6913 288 0 
J R 9 1753 28 2 1 10000 0 
K 0 0 46 
A D 6 8 
J B 55 1877 1 82 6913 1728 0 
J N 7 1898 14 5 1 0 0 
K 0 0 43 
K 24 -6 44 
K 0 0 60 
K 0 21 60 
A D 3 8 
J R 7 1972 28 2 3457 864 0 
K 0 0 48 
A D 2 8 
J R 6 2015 28 2 5761 576 0 
K 0 0 49 
A D 1 8 
J B 56 2050 1 82 6913 288 0 
E * 
B 1 324 0 
B 1 483 0 
B 1 667 0 
B 1 866 0 
B 1 1110 0 
B 1 1265 0 
B 1 1485 0 
B 1 1658 0 
B 1 1877 0 
B 1 2050 0 
S 0 200 1510 2050 1066 7 "[...][....]" 
L 0 0 0 313 313 * 0 14 0 
J C 4 5 42 2 6913 0 0 
K 0 0 33 
K 0 0 34 
J K -1 57 0 1 6913 0 0 
K 0 28 65 
J D 0 -11 -14 1 6913 0 0 
W 0 0 37 \05\06 
J N 6 113 -14 5 1 0 2 104 105 
K 0 0 45 
K 0 0 43 
K -1 0 45 
K 2 0 45 
A D 2 16 
J N 6 144 -7 2 1153 288 1 105 
K 0 0 43 
A D 2 16 
J N 6 175 0 2 2305 288 2 105 104 
K 0 0 43 
A D 2 16 
H 105 B -57 2 108 3 2 1 3 
H 104 S 0 0 0 0 0 0 0 0 0 
J N 6 206 -14 5 3457 288 2 106 107 
K 0 0 45 
K 0 0 43 
K -1 0 45 
K 2 0 45 
A D 2 16 
J N 6 237 -7 2 4609 288 1 107 
K 0 0 43 
A D 2 16 
J N 6 268 0 2 5761 288 2 107 106 
K 0 0 43 
A D 2 16 
H 107 B -57 2 108 3 2 1 3 
H 106 S 0 0 0 0 0 0 0 0 0 
J B 57 301 1 82 6913 288 0 
J N 6 322 -7 2 1 0 2 108 109 
K 0 0 43 
A D 2 16 
J N 6 353 0 2 1153 288 1 109 
K 0 0 43 
A D 2 16 
J N 6 384 7 2 2305 288 2 109 108 
K 0 0 43 
A D 2 16 
H 109 B -52 2 108 3 2 1 3 
H 108 S 0 0 0 0 0 0 0 0 0 
J N 6 415 -7 2 3457 288 2 110 111 
K 0 0 43 
A D 2 16 
J N 6 446 0 2 4609 288 1 111 
K 0 0 43 
A D 2 16 
J N 6 477 7 2 5761 288 2 111 110 
K 0 0 43 
A D 2 16 
H 111 B -52 2 108 3 2 1 3 
H 110 S 0 0 0 0 0 0 0 0 0 
J B 58 510 1 82 6913 288 0 
J N 6 531 14 2 1 0 2 112 113 
K 0 0 43 
A D 2 16 
J N 6 562 7 2 1153 288 1 113 
K 0 0 43 
A D 2 16 
J N 6 592 21 2 2305 288 2 113 112 
K 0 0 43 
A D 2 16 
H 113 B -45 2 108 3 2 1 3 
H 112 S 0 0 -7 0 -7 0 0 0 0 
J N 6 622 42 2 3457 288 2 114 115 
K 0 0 43 
A D 2 16 
J N 6 652 21 2 4609 288 1 115 
K 0 0 43 
A D 2 16 
J N 6 692 28 3 5761 288 2 115 114 
K -14 0 64 
K 0 0 43 
A D 2 16 
H 115 B 63 0 108 3 2 1 3 
H 114 S 12 0 0 0 0 0 0 0 0 
J B 59 725 1 82 6913 288 0 
J N 7 746 70 8 1 0 0 
K 1 0 45 
K 0 0 43 
K -1 0 45 
K 2 0 45 
K 24 -6 44 
K 0 0 59 
K 0 -21 59 
A D 6 16 
J R 7 802 28 2 3457 864 0 
K 0 0 48 
A D 4 16 
J N 6 846 0 3 5761 576 0 
K 0 0 43 
K 0 0 54 
A D 2 16 
J B 60 879 1 82 6913 288 0 
J N 7 900 0 4 1 0 1 116 
K 0 0 43 
K 0 0 60 
K 0 21 60 
A D 4 16 
J N 6 944 21 3 2305 576 1 116 
K 0 0 43 
K 0 0 54 
A D 2 16 
H 116 S 0 0 0 0 0 0 0 0 0 
J N 7 974 49 4 3457 288 0 
K 0 0 43 
K 0 0 59 
K 0 -21 59 
A D 4 16 
J N 6 1018 7 4 5761 576 0 
K -15 0 65 
K 0 0 43 
K 0 0 54 
A D 2 16 
J B 61 1051 1 82 6913 288 0 
J N 7 1075 7 7 1 0 1 117 
K -15 0 65 
K 0 0 43 
K 25 0 44 
K 0 -22 236 
K 0 0 60 
K 0 21 60 
A D 6 16 
J N 7 1131 14 4 3457 864 1 117 
K 0 0 43 
K 0 0 60 
K 0 21 60 
A D 4 16 
H 117 S 0 0 0 0 0 0 0 0 0 
J N 6 1175 -7 3 5761 576 0 
K 0 0 43 
K 0 0 54 
A D 2 16 
J B 62 1208 1 82 6913 288 0 
J N 7 1229 -7 4 1 0 1 118 
K 0 0 43 
K 0 0 60 
K 0 21 60 
A D 4 16 
J N 6 1273 14 3 2305 576 1 118 
K 0 0 43 
K 0 0 54 
A D 2 16 
H 118 S 0 0 0 0 0 0 0 0 0 
J N 7 1303 42 4 3457 288 0 
K 0 0 43 
K 0 0 59 
K 0 -21 59 
A D 4 16 
J N 6 1347 0 3 5761 576 0 
K 0 0 43 
K 0 0 54 
A D 2 16 
J B 63 1380 1 82 6913 288 0 
J N 7 1401 0 6 1 0 1 119 
K 0 0 43 
K 24 -6 44 
K 0 -22 236 
K 0 0 60 
K 0 21 60 
A D 6 16 
J N 7 1457 7 4 3457 864 1 119 
K 0 0 43 
K 0 0 60 
K 0 21 60 
A D 4 16 
H 119 S 0 0 0 0 0 0 0 0 0 
J N 6 1501 -14 6 5761 576 0 
K 0 0 45 
K 0 0 43 
K -1 0 45 
K 2 0 45 
K 0 0 54 
A D 2 16 
J B 64 1534 1 82 6913 288 0 
J N 7 1557 -14 7 1 0 1 120 
K 0 0 45 
K 0 0 43 
K -1 0 45 
K 2 0 45 
K 0 0 60 
K 0 21 60 
A D 4 16 
J N 6 1601 7 3 2305 576 1 120 
K 0 0 43 
K 0 0 54 
A D 2 16 
H 120 S 0 0 0 0 0 0 0 0 0 
J N 7 1631 35 4 3457 288 0 
K 0 0 43 
K 0 0 59 
K 0 -21 59 
A D 4 16 
J N 6 1675 -7 3 5761 576 0 
K 0 0 43 
K 0 0 54 
A D 2 16 
J B 65 1708 1 82 6913 288 0 
J N 7 1729 -7 6 1 0 1 121 
K 0 0 43 
K 25 0 44 
K 0 -22 236 
K 0 0 60 
K 0 21 60 
A D 6 16 
J N 7 1785 0 4 3457 864 1 121 
K 0 0 43 
K 0 0 60 
K 0 21 60 
A D 4 16 
H 121 S 0 0 0 0 0 0 0 0 0 
J N 6 1829 -21 7 5761 576 0 
K 0 7 45 
K 0 0 43 
K 0 7 45 
K 1 7 45 
K 0 0 60 
K 0 0 54 
A D 2 16 
J B 66 1862 1 82 6913 288 0 
J N 6 1883 -21 5 1 0 2 122 123 
K 0 7 45 
K 0 0 43 
K 0 7 45 
K 1 7 45 
A D 2 16 
J N 6 1913 -14 5 1153 288 1 123 
K 0 0 45 
K 0 0 43 
K -1 0 45 
K 2 0 45 
A D 2 16 
J N 6 1943 -21 5 2305 288 2 123 122 
K 0 7 45 
K 0 0 43 
K 0 7 45 
K 1 7 45 
A D 2 16 
H 123 B -53 0 108 3 2 1 3 
H 122 S 0 0 0 0 0 0 0 0 0 
J N 7 1973 0 4 3457 288 0 
K 0 0 43 
K 0 0 60 
K 0 21 60 
A D 4 16 
J N 6 2017 -21 7 5761 576 0 
K 0 7 45 
K 0 0 43 
K 0 7 45 
K 1 7 45 
K 0 0 60 
K 0 0 54 
A D 2 16 
J B 67 2050 1 82 6913 288 0 
E * 
L 160 0 0 313 313 * 0 14 0 
J C 4 5 42 2 6913 0 0 
K 0 0 33 
K 0 0 34 
J K -1 57 0 1 6913 0 0 
K 0 28 65 
J D 0 -11 -14 1 6913 0 0 
W 0 0 0 \05\06 
J R 9 182 28 2 1 10000 0 
K 0 0 46 
A D 6 8 
J B 57 301 1 82 6913 1728 0 
J N 7 322 21 5 1 0 0 
K 0 0 43 
K 25 0 44 
K 0 0 60 
K 0 21 60 
A D 3 8 
J R 7 415 28 2 3457 864 0 
K 0 0 48 
A D 2 8 
J N 6 477 -7 3 5761 576 0 
K 0 0 43 
K 0 0 54 
A D 1 8 
J B 58 510 1 82 6913 288 0 
J N 6 531 0 2 1 0 2 14 15 
K 0 0 43 
A D 1 8 
J N 6 562 -7 2 1153 288 1 15 
K 0 0 43 
A D 1 8 
J N 6 592 7 2 2305 288 2 15 14 
K 0 0 43 
A D 1 8 
H 15 B -45 2 108 3 2 1 3 
H 14 S 0 0 -7 0 -7 0 0 0 0 
J N 7 622 14 5 3457 288 0 
K 0 0 43 
K 24 -6 44 
K 0 0 60 
K 0 21 60 
A D 3 8 
J B 59 725 1 82 6913 864 0 
J N 7 746 21 5 1 0 0 
K 0 0 43 
K 25 0 44 
K 0 0 60 
K 0 21 60 
A D 3 8 
J R 7 802 28 2 3457 864 0 
K 0 0 48 
A D 2 8 
J R 6 846 28 2 5761 576 0 
K 0 0 49 
A D 1 8 
J B 60 879 1 82 6913 288 0 
J R 9 951 28 2 1 10000 0 
K 0 0 46 
A D 6 8 
J B 61 1051 1 82 6913 1728 0 
J N 7 1075 49 5 1 0 0 
K 0 0 43 
K 25 0 44 
K 0 0 59 
K 0 -21 59 
A D 3 8 
J N 7 1131 28 5 3457 864 0 
K 0 0 43 
K 24 -6 44 
K 0 0 60 
K 0 21 60 
A D 3 8 
J B 62 1208 1 82 6913 864 0 
J R 9 1280 28 2 1 10000 0 
K 0 0 46 
A D 6 8 
J B 63 1380 1 82 6913 1728 0 
J N 7 1401 42 5 1 0 0 
K 0 0 43 
K 24 -6 44 
K 0 0 59 
K 0 -21 59 
A D 3 8 
J N 7 1457 21 5 3457 864 0 
K 0 0 43 
K 25 0 44 
K 0 0 60 
K 0 21 60 
A D 3 8 
J B 64 1534 1 82 6913 864 0 
J R 9 1607 28 2 1 10000 0 
K 0 0 46 
A D 6 8 
J B 65 1708 1 82 6913 1728 0 
J N 7 1729 35 5 1 0 0 
K 0 0 43 
K 25 0 44 
K 0 0 59 
K 0 -21 59 
A D 3 8 
J N 7 1785 14 5 3457 864 0 
K 0 0 43 
K 24 -6 44 
K 0 0 60 
K 0 21 60 
A D 3 8 
J B 66 1862 1 82 6913 864 0 
J R 9 1942 28 2 1 10000 0 
K 0 0 46 
A D 6 8 
J B 67 2050 1 82 6913 1728 0 
E * 
L 320 0 0 313 313 * 0 14 0 
J C 22 5 14 36 6913 0 0 
J K -1 57 0 1 6913 0 0 
K 0 42 65 
J D 0 -11 -14 1 6913 0 0 
W 0 0 0 \05\06 
J N 8 113 -35 10 1 0 0 
K 0 21 45 
K 0 7 45 
K 0 0 42 
K 0 7 45 
K 1 7 45 
K 25 0 44 
K 0 0 60 
K 0 28 60 
K 0 35 60 
A D 6 8 
J B 57 301 1 82 6913 1728 0 
J F 0 322 98 1 1 0 0 
K 0 0 205 
J N 7 322 -28 9 1 0 0 
K 0 14 45 
K 0 0 45 
K 0 0 43 
K -1 0 45 
K 2 0 45 
K 24 -6 44 
K 0 0 60 
K 0 28 60 
A D 3 8 
J R 7 415 28 2 3457 864 0 
K 0 0 48 
A D 2 8 
J N 6 477 21 3 5761 576 0 
K 0 0 43 
K 0 0 54 
A D 1 8 
J B 58 510 1 82 6913 288 0 
J F 0 531 98 2 1 0 0 
K 0 0 205 
K 0 21 204 
J N 7 531 14 5 1 0 0 
K 0 0 43 
K 24 -6 44 
K 0 0 60 
K 0 21 60 
A D 3 8 
J F 0 622 98 1 3457 864 0 
K 0 0 218 
J N 7 622 7 5 3457 0 0 
K 0 0 43 
K 25 0 44 
K 0 0 60 
K 0 21 60 
A D 3 8 
J B 59 725 1 82 6913 864 0 
J N 7 746 35 5 1 0 0 
K 0 0 43 
K 25 0 44 
K 0 0 59 
K 0 -21 59 
A D 3 8 
J N 7 802 42 5 3457 864 0 
K 0 0 43 
K 24 -6 44 
K 0 0 59 
K 0 -21 59 
A D 3 8 
J B 60 879 1 82 6913 864 0 
J F 0 900 98 1 1 0 0 
K 0 0 205 
J N 8 900 49 5 1 0 0 
K 0 0 42 
K 25 0 44 
K 0 0 59 
K 0 -21 59 
A D 6 8 
J F 0 974 98 2 3457 864 0 
K 0 0 204 
K 15 0 219 
J B 61 1051 1 82 6913 864 0 
J F 0 1075 98 2 1 0 0 
K 0 0 203 
K 15 0 219 
J N 8 1075 42 5 1 0 0 
K 0 0 42 
K 24 -6 44 
K 0 0 59 
K 0 -21 59 
A D 6 8 
J F 0 1131 98 1 3457 864 0 
K 0 0 202 
J B 62 1208 1 82 6913 864 0 
J F 0 1229 98 1 1 0 0 
K 0 0 205 
J N 8 1229 42 6 1 0 0 
K -14 0 64 
K 0 0 42 
K 24 -6 44 
K 0 0 59 
K 0 -21 59 
A D 6 8 
J F 0 1303 98 1 3457 864 0 
K 0 0 204 
J B 63 1380 1 82 6913 864 0 
J F 0 1401 98 1 1 0 0 
K 0 0 203 
J N 8 1401 35 5 1 0 0 
K 0 0 42 
K 25 0 44 
K 0 0 59 
K 0 -21 59 
A D 6 8 
J F 0 1457 98 1 3457 864 0 
K 0 0 202 
J B 64 1534 1 82 6913 864 0 
J F 0 1557 98 1 1 0 0 
K 0 0 205 
J N 8 1557 35 6 1 0 0 
K -18 0 63 
K 0 0 42 
K 25 0 44 
K 0 0 59 
K 0 -21 59 
A D 6 8 
J F 0 1631 98 1 3457 864 0 
K 0 0 204 
J B 65 1708 1 82 6913 864 0 
J F 0 1729 98 1 1 0 0 
K 0 0 203 
J N 8 1729 28 5 1 0 0 
K 0 0 42 
K 24 -6 44 
K 0 0 60 
K 0 21 60 
A D 6 8 
J F 0 1785 98 1 3457 864 0 
K 0 0 202 
J B 66 1862 1 82 6913 864 0 
J F 0 1883 98 1 1 0 0 
K 0 0 205 
J N 8 1883 -21 8 1 0 0 
K 0 7 45 
K 0 0 42 
K 0 7 45 
K 1 7 45 
K 25 0 44 
K 0 0 60 
K 0 21 60 
A D 6 8 
J B 67 2050 1 82 6913 1728 0 
E * 
L 530 0 0 313 313 * 0 14 0 
J C 4 5 42 2 6913 0 0 
K 0 0 33 
K 0 0 34 
J K -1 57 0 1 6913 0 0 
K 0 28 65 
J D 0 -11 -14 1 6913 0 0 
W 0 0 0 \05\06 
J R 9 182 28 2 1 10000 0 
K 0 0 46 
A D 6 8 
J B 57 301 1 82 6913 1728 0 
J N 7 322 -7 5 1 0 0 
K 0 0 43 
K 25 0 44 
K 0 0 60 
K 0 21 60 
A D 3 8 
J R 7 415 28 2 3457 864 0 
K 0 0 48 
A D 2 8 
J N 6 477 7 3 5761 576 0 
K 0 0 43 
K 0 0 54 
A D 1 8 
J B 58 510 1 82 6913 288 0 
J N 6 531 14 2 1 0 2 33 34 
K 0 0 43 
A D 1 8 
J N 6 562 7 2 1153 288 1 34 
K 0 0 43 
A D 1 8 
J N 6 592 21 2 2305 288 2 34 33 
K 0 0 43 
A D 1 8 
H 34 B -45 2 108 3 2 1 3 
H 33 S 0 0 -7 0 -7 0 0 0 0 
J N 7 622 42 4 3457 288 0 
K 0 0 43 
K 0 0 59 
K 0 -21 59 
A D 2 8 
J N 6 692 28 4 5761 576 0 
K -14 0 64 
K 0 0 43 
K 0 0 54 
A D 1 8 
J B 59 725 1 82 6913 288 0 
J N 7 746 70 8 1 0 0 
K 1 0 45 
K 0 0 43 
K -1 0 45 
K 2 0 45 
K 24 -6 44 
K 0 0 59 
K 0 -21 59 
A D 3 8 
J R 7 802 28 2 3457 864 0 
K 0 0 48 
A D 2 8 
J R 6 846 28 2 5761 576 0 
K 0 0 49 
A D 1 8 
J B 60 879 1 82 6913 288 0 
J R 9 951 28 2 1 10000 0 
K 0 0 46 
A D 6 8 
J B 61 1051 1 82 6913 1728 0 
J N 7 1075 7 6 1 0 0 
K -15 0 65 
K 0 0 43 
K 25 0 44 
K 0 0 60 
K 0 21 60 
A D 3 8 
J N 7 1131 14 5 3457 864 0 
K 0 0 43 
K 24 -6 44 
K 0 0 60 
K 0 21 60 
A D 3 8 
J B 62 1208 1 82 6913 864 0 
J R 9 1280 28 2 1 10000 0 
K 0 0 46 
A D 6 8 
J B 63 1380 1 82 6913 1728 0 
J N 7 1401 0 5 1 0 0 
K 0 0 43 
K 24 -6 44 
K 0 0 60 
K 0 21 60 
A D 3 8 
J N 7 1457 7 5 3457 864 0 
K 0 0 43 
K 25 0 44 
K 0 0 60 
K 0 21 60 
A D 3 8 
J B 64 1534 1 82 6913 864 0 
J R 9 1607 28 2 1 10000 0 
K 0 0 46 
A D 6 8 
J B 65 1708 1 82 6913 1728 0 
J N 7 1729 -7 5 1 0 0 
K 0 0 43 
K 25 0 44 
K 0 0 60 
K 0 21 60 
A D 3 8 
J N 7 1785 0 5 3457 864 0 
K 0 0 43 
K 24 -6 44 
K 0 0 60 
K 0 21 60 
A D 3 8 
J B 66 1862 1 82 6913 864 0 
J R 9 1942 28 2 1 10000 0 
K 0 0 46 
A D 6 8 
J B 67 2050 1 82 6913 1728 0 
E * 
L 690 0 0 313 313 * 0 14 0 
J C 4 5 42 2 6913 0 0 
K 0 0 33 
K 0 0 34 
J K -1 57 0 1 6913 0 0 
K 0 28 65 
J D 0 -11 -14 1 6913 0 0 
W 0 0 0 \05\06 
J R 9 182 28 2 1 10000 0 
K 0 0 46 
A D 6 8 
J B 57 301 1 82 6913 1728 0 
J N 7 322 21 5 1 0 0 
K 0 0 43 
K 25 0 44 
K 0 0 60 
K 0 21 60 
A D 3 8 
J R 7 415 28 2 3457 864 0 
K 0 0 48 
A D 2 8 
J N 6 477 -7 3 5761 576 0 
K 0 0 43 
K 0 0 54 
A D 1 8 
J B 58 510 1 82 6913 288 0 
J N 6 531 0 2 1 0 2 14 15 
K 0 0 43 
A D 1 8 
J N 6 562 -7 2 1153 288 1 15 
K 0 0 43 
A D 1 8 
J N 6 592 7 2 2305 288 2 15 14 
K 0 0 43 
A D 1 8 
H 15 B -45 2 108 3 2 1 3 
H 14 S 0 0 -7 0 -7 0 0 0 0 
J N 7 622 14 5 3457 288 0 
K 0 0 43 
K 24 -6 44 
K 0 0 60 
K 0 21 60 
A D 3 8 
J B 59 725 1 82 6913 864 0 
J N 7 746 21 5 1 0 0 
K 0 0 43 
K 25 0 44 
K 0 0 60 
K 0 21 60 
A D 3 8 
J R 7 802 28 2 3457 864 0 
K 0 0 48 
A D 2 8 
J R 6 846 28 2 5761 576 0 
K 0 0 49 
A D 1 8 
J B 60 879 1 82 6913 288 0 
J R 9 951 28 2 1 10000 0 
K 0 0 46 
A D 6 8 
J B 61 1051 1 82 6913 1728 0 
J N 7 1075 49 5 1 0 0 
K 0 0 43 
K 25 0 44 
K 0 0 59 
K 0 -21 59 
A D 3 8 
J N 7 1131 28 5 3457 864 0 
K 0 0 43 
K 24 -6 44 
K 0 0 60 
K 0 21 60 
A D 3 8 
J B 62 1208 1 82 6913 864 0 
J R 9 1280 28 2 1 10000 0 
K 0 0 46 
A D 6 8 
J B 63 1380 1 82 6913 1728 0 
J N 7 1401 42 5 1 0 0 
K 0 0 43 
K 24 -6 44 
K 0 0 59 
K 0 -21 59 
A D 3 8 
J N 7 1457 21 5 3457 864 0 
K 0 0 43 
K 25 0 44 
K 0 0 60 
K 0 21 60 
A D 3 8 
J B 64 1534 1 82 6913 864 0 
J R 9 1607 28 2 1 10000 0 
K 0 0 46 
A D 6 8 
J B 65 1708 1 82 6913 1728 0 
J N 7 1729 35 5 1 0 0 
K 0 0 43 
K 25 0 44 
K 0 0 59 
K 0 -21 59 
A D 3 8 
J N 7 1785 14 5 3457 864 0 
K 0 0 43 
K 24 -6 44 
K 0 0 60 
K 0 21 60 
A D 3 8 
J B 66 1862 1 82 6913 864 0 
J R 9 1942 28 2 1 10000 0 
K 0 0 46 
A D 6 8 
J B 67 2050 1 82 6913 1728 0 
E * 
L 850 0 0 313 313 * 0 14 0 
J C 13 5 28 35 6913 0 0 
J K -1 57 0 1 6913 0 0 
K 0 35 65 
J D 0 -11 -14 1 6913 0 0 
W 0 0 0 \05\06 
J R 9 182 28 2 1 10000 0 
K 0 0 46 
A D 6 8 
J B 57 301 1 82 6913 1728 0 
J N 7 322 28 5 1 0 0 
K 0 0 43 
K 24 -6 44 
K 0 0 60 
K 0 21 60 
A D 3 8 
J R 7 415 28 2 3457 864 0 
K 0 0 48 
A D 2 8 
J N 6 477 -21 7 5761 576 0 
K 0 7 45 
K 0 0 43 
K 0 7 45 
K 1 7 45 
K 0 0 60 
K 0 0 54 
A D 1 8 
J B 58 510 1 82 6913 288 0 
J N 7 531 -7 5 1 0 0 
K 0 0 43 
K 25 0 44 
K 0 0 60 
K 0 21 60 
A D 3 8 
J R 7 622 28 2 3457 864 0 
K 0 0 48 
A D 2 8 
J N 6 692 0 3 5761 576 0 
K 0 0 43 
K 0 0 54 
A D 1 8 
J B 59 725 1 82 6913 288 0 
J N 7 746 14 5 1 0 0 
K 0 0 43 
K 24 -6 44 
K 0 0 60 
K 0 21 60 
A D 3 8 
J R 7 802 28 2 3457 864 0 
K 0 0 48 
A D 2 8 
J R 6 846 28 2 5761 576 0 
K 0 0 49 
A D 1 8 
J B 60 879 1 82 6913 288 0 
J R 9 951 28 2 1 10000 0 
K 0 0 46 
A D 6 8 
J B 61 1051 1 82 6913 1728 0 
J N 7 1075 7 5 1 0 0 
K 0 0 43 
K 25 0 44 
K 0 0 60 
K 0 21 60 
A D 3 8 
J N 7 1131 7 5 3457 864 0 
K 0 0 43 
K 25 0 44 
K 0 0 60 
K 0 21 60 
A D 3 8 
J B 62 1208 1 82 6913 864 0 
J R 9 1280 28 2 1 10000 0 
K 0 0 46 
A D 6 8 
J B 63 1380 1 82 6913 1728 0 
J N 7 1401 0 5 1 0 0 
K 0 0 43 
K 24 -6 44 
K 0 0 60 
K 0 21 60 
A D 3 8 
J N 7 1457 0 5 3457 864 0 
K 0 0 43 
K 24 -6 44 
K 0 0 60 
K 0 21 60 
A D 3 8 
J B 64 1534 1 82 6913 864 0 
J R 9 1607 28 2 1 10000 0 
K 0 0 46 
A D 6 8 
J B 65 1708 1 82 6913 1728 0 
J N 7 1729 -7 5 1 0 0 
K 0 0 43 
K 25 0 44 
K 0 0 60 
K 0 21 60 
A D 3 8 
J N 7 1785 -7 5 3457 864 0 
K 0 0 43 
K 25 0 44 
K 0 0 60 
K 0 21 60 
A D 3 8 
J B 66 1862 1 82 6913 864 0 
J R 9 1942 28 2 1 10000 0 
K 0 0 46 
A D 6 8 
J B 67 2050 1 82 6913 1728 0 
E * 
L 1010 0 0 313 313 * 0 14 0 
J C 22 5 14 36 6913 0 0 
J K -1 57 0 1 6913 0 0 
K 0 42 65 
J D 0 -11 -14 1 6913 0 0 
W 0 0 0 \05\06 
J R 9 182 28 2 1 10000 0 
K 0 0 46 
A D 6 8 
J B 57 301 1 82 6913 1728 0 
J F 0 322 98 1 1 0 0 
K 0 0 205 
J N 7 322 21 5 1 0 0 
K 0 0 43 
K 25 0 44 
K 0 0 60 
K 0 21 60 
A D 3 8 
J R 7 415 28 2 3457 864 0 
K 0 0 48 
A D 2 8 
J N 6 477 21 3 5761 576 0 
K 0 0 43 
K 0 0 54 
A D 1 8 
J B 58 510 1 82 6913 288 0 
J F 0 531 98 2 1 0 0 
K 0 0 205 
K 0 21 204 
J N 7 531 14 5 1 0 0 
K 0 0 43 
K 24 -6 44 
K 0 0 60 
K 0 21 60 
A D 3 8 
J F 0 622 98 1 3457 864 0 
K 0 0 218 
J N 7 622 7 5 3457 0 0 
K 0 0 43 
K 25 0 44 
K 0 0 60 
K 0 21 60 
A D 3 8 
J B 59 725 1 82 6913 864 0 
J N 7 746 35 5 1 0 0 
K 0 0 43 
K 25 0 44 
K 0 0 59 
K 0 -21 59 
A D 3 8 
J R 7 802 28 2 3457 864 0 
K 0 0 48 
A D 2 8 
J R 6 846 28 2 5761 576 0 
K 0 0 49 
A D 1 8 
J B 60 879 1 82 6913 288 0 
J R 9 951 28 2 1 10000 0 
K 0 0 46 
A D 6 8 
J B 61 1051 1 82 6913 1728 0 
J F 0 1075 98 2 1 0 0 
K 0 0 203 
K 15 0 219 
J N 7 1075 -7 5 1 0 0 
K 0 0 43 
K 25 0 44 
K 0 0 60 
K 0 21 60 
A D 3 8 
J F 0 1131 98 1 3457 864 0 
K 0 0 202 
J N 7 1131 42 5 3457 0 0 
K 0 0 43 
K 24 -6 44 
K 0 0 59 
K 0 -21 59 
A D 3 8 
J B 62 1208 1 82 6913 864 0 
J R 9 1280 28 2 1 10000 0 
K 0 0 46 
A D 6 8 
J B 63 1380 1 82 6913 1728 0 
J F 0 1401 98 1 1 0 0 
K 0 0 203 
J N 7 1401 -14 8 1 0 0 
K 0 0 45 
K 0 0 43 
K -1 0 45 
K 2 0 45 
K 24 -6 44 
K 0 0 60 
K 0 21 60 
A D 3 8 
J F 0 1457 98 1 3457 864 0 
K 0 0 202 
J N 7 1457 35 5 3457 0 0 
K 0 0 43 
K 25 0 44 
K 0 0 59 
K 0 -21 59 
A D 3 8 
J B 64 1534 1 82 6913 864 0 
J R 9 1607 28 2 1 10000 0 
K 0 0 46 
A D 6 8 
J B 65 1708 1 82 6913 1728 0 
J F 0 1729 98 1 1 0 0 
K 0 0 203 
J N 7 1729 -21 8 1 0 0 
K 0 7 45 
K 0 0 43 
K 0 7 45 
K 1 7 45 
K 25 0 44 
K 0 0 60 
K 0 21 60 
A D 3 8 
J F 0 1785 98 1 3457 864 0 
K 0 0 202 
J N 7 1785 28 5 3457 0 0 
K 0 0 43 
K 24 -6 44 
K 0 0 60 
K 0 21 60 
A D 3 8 
J B 66 1862 1 82 6913 864 0 
J R 9 1942 28 2 1 10000 0 
K 0 0 46 
A D 6 8 
J B 67 2050 1 82 6913 1728 0 
E * 
B 1 301 0 
B 1 510 0 
B 1 725 0 
B 1 879 0 
B 1 1051 0 
B 1 1208 0 
B 1 1380 0 
B 1 1534 0 
B 1 1708 0 
B 1 1862 0 
B 1 2050 0 
