@ SOURCE: not identified 
L 0 0 14 !39Violino 2 concertino
J D 4 500 -120 1 6913 0 0
W 0 0 44 IV. Gavotta
J D 1 75 -37 1 6913 0 0
W 0 -56 44 IV. Gavotta:  Violino 2 concertino
J C 4 5 42 2 6913 0 0
K 0 0 33
K 0 0 34
J K -1 57 0 1 6913 0 0
K 0 28 65
J D 5 86 -42 1 6913 0 0
W 0 0 37 Allegro
J T 101 86 42 1 6913 0 0
K 0 0 37
J R 6 135 28 2 1 0 0
K 0 0 49
A D 2 16
J B 1 175 1 82 6913 288 0
J N 7 196 21 4 1 0 0
K 0 0 43
K 0 0 60
K 0 21 60
A D 4 16
J N 7 247 35 4 1729 576 0
K 0 0 43
K 0 0 59
K 0 -21 59
A D 4 16
J N 7 298 42 4 3457 576 0
K 0 0 43
K 0 0 59
K 0 -21 59
A D 4 16
J R 6 349 28 2 5185 576 0
K 0 0 49
A D 2 16
J N 6 385 21 3 6049 288 0
K 0 0 43
K 0 0 54
A D 2 16
J B 2 425 1 82 6913 288 0
J N 7 446 49 4 1 0 0
K 0 0 43
K 0 0 59
K 0 -21 59
A D 4 16
J N 7 497 56 4 1729 576 0
K 0 0 43
K 0 0 59
K 0 -21 59
A D 4 16
J N 8 548 49 4 3457 576 0
K 0 0 42
K 0 0 59
K 0 -21 59
A D 8 16
J B 3 628 1 82 6913 1152 0
J N 7 649 35 4 1 0 0
K 0 0 43
K 0 0 59
K 0 -21 59
A D 4 16
J N 7 700 21 4 1729 576 0
K 0 0 43
K 0 0 60
K 0 21 60
A D 4 16
J N 7 751 21 5 3457 576 0
K 0 0 43
K 25 0 44
K 0 0 60
K 0 21 60
A D 6 16
J N 6 816 7 3 6049 864 0
K 0 0 43
K 0 0 54
A D 2 16
J B 4 856 1 82 6913 288 0
J N 6 877 35 2 1 0 1 1
K 0 0 43
A D 2 16
J N 6 913 21 2 865 288 1 1
K 0 0 43
A D 2 16
H 1 B 1 0 108 2 2 3
J N 6 949 42 2 1729 288 1 2
K 0 0 43
A D 2 16
J N 5 985 21 2 2593 288 2 3 2
K 0 0 43
A D 1 16
J N 5 1025 28 3 3025 144 2 2 3
K -14 0 64
K 0 0 43
A D 1 16
H 2 B 1 0 108 3 2 21 33
H 3 S 0 0 0 0 0 0 0 0 0
J N 7 1053 21 4 3457 144 0
K 0 0 43
K 0 0 60
K 0 21 60
A D 4 16
J R 7 1104 28 2 5185 576 0
K 0 0 48
A D 4 16
J B 5 1159 1 82 6913 576 0
J N 7 1180 21 4 1 0 0
K 0 0 43
K 0 0 60
K 0 21 60
A D 4 16
J N 7 1231 35 4 1729 576 0
K 0 0 43
K 0 0 59
K 0 -21 59
A D 4 16
J N 7 1282 42 4 3457 576 0
K 0 0 43
K 0 0 59
K 0 -21 59
A D 4 16
J R 6 1333 28 2 5185 576 0
K 0 0 49
A D 2 16
J N 6 1369 21 3 6049 288 0
K 0 0 43
K 0 0 54
A D 2 16
J B 6 1409 1 82 6913 288 0
J N 7 1430 49 4 1 0 0
K 0 0 43
K 0 0 59
K 0 -21 59
A D 4 16
J N 7 1481 56 4 1729 576 0
K 0 0 43
K 0 0 59
K 0 -21 59
A D 4 16
J N 8 1532 49 4 3457 576 0
K 0 0 42
K 0 0 59
K 0 -21 59
A D 8 16
J B 7 1612 1 82 6913 1152 0
J N 7 1633 35 4 1 0 0
K 0 0 43
K 0 0 59
K 0 -21 59
A D 4 16
J N 7 1684 21 4 1729 576 0
K 0 0 43
K 0 0 60
K 0 21 60
A D 4 16
J N 7 1735 21 5 3457 576 0
K 0 0 43
K 25 0 44
K 0 0 60
K 0 21 60
A D 6 16
J N 6 1800 7 3 6049 864 0
K 0 0 43
K 0 0 54
A D 2 16
J B 8 1840 1 82 6913 288 0
J N 6 1861 35 2 1 0 1 4
K 0 0 43
A D 2 16
J N 6 1897 21 2 865 288 1 4
K 0 0 43
A D 2 16
H 4 B 1 0 108 2 2 3
J N 6 1933 42 2 1729 288 1 5
K 0 0 43
A D 2 16
J N 5 1969 21 2 2593 288 2 6 5
K 0 0 43
A D 1 16
J N 5 2009 28 3 3025 144 2 5 6
K -14 0 64
K 0 0 43
A D 1 16
H 5 B 1 0 108 3 2 21 33
H 6 S 0 0 0 0 0 0 0 0 0
J N 7 2037 21 4 3457 144 0
K 0 0 43
K 0 0 60
K 0 21 60
A D 4 16
J R 7 2088 28 2 5185 576 0
K 0 0 48
A D 4 16
J B 9 2143 1 82 6913 576 0
J N 7 2164 -7 5 1 0 0
K 0 0 43
K 25 0 44
K 0 0 60
K 0 21 60
A D 6 16
J N 6 2229 28 4 2593 864 0
K -14 0 64
K 0 0 43
K 0 0 54
A D 2 16
J N 6 2265 21 2 3457 288 1 7
K 0 0 43
A D 2 16
J N 6 2301 42 2 4321 288 1 7
K 0 0 43
A D 2 16
H 7 B 0 0 108 2 2 3
J N 7 2337 70 7 5185 288 0
K 1 0 45
K 0 0 43
K -1 0 45
K 2 0 45
K 0 0 59
K 0 -21 59
A D 4 16
J B 10 2392 1 82 6913 576 0
J N 7 2413 -14 8 1 0 0
K 0 0 45
K 0 0 43
K -1 0 45
K 2 0 45
K 24 -6 44
K 0 0 60
K 0 21 60
A D 6 16
J N 6 2478 21 4 2593 864 0
K -18 0 63
K 0 0 43
K 0 0 54
A D 2 16
J N 6 2514 14 2 3457 288 1 8
K 0 0 43
A D 2 16
J N 6 2550 35 2 4321 288 1 8
K 0 0 43
A D 2 16
H 8 B 1 0 108 2 2 3
J N 7 2586 63 4 5185 288 0
K 0 0 43
K 0 0 59
K 0 -21 59
A D 4 16
J B 11 2641 1 82 6913 576 0
J N 7 2662 -28 9 1 0 0
K 0 14 45
K 0 0 45
K 0 0 43
K -1 0 45
K 2 0 45
K 24 -6 44
K 0 0 60
K 0 28 60
A D 6 16
J N 6 2727 7 3 2593 864 0
K 0 0 43
K 0 0 54
A D 2 16
J N 7 2763 0 5 3457 288 0
K 0 0 43
K 24 -6 44
K 0 0 60
K 0 21 60
A D 6 16
J N 6 2828 21 3 6049 864 0
K 0 0 43
K 0 0 54
A D 2 16
J B 12 2868 1 82 6913 288 0
J N 7 2889 0 5 1 0 0
K 0 0 43
K 24 -6 44
K 0 0 60
K 0 21 60
A D 6 16
J N 6 2954 21 3 2593 864 0
K 0 0 43
K 0 0 54
A D 2 16
J N 7 2990 0 5 3457 288 0
K 0 0 43
K 24 -6 44
K 0 0 60
K 0 21 60
A D 6 16
J N 6 3055 -14 6 6049 864 0
K 0 0 45
K 0 0 43
K -1 0 45
K 2 0 45
K 0 0 54
A D 2 16
J B 13 3095 1 82 6913 288 0
J N 6 3116 -7 2 1 0 1 9
K 0 0 43
A D 2 16
J N 6 3152 0 2 865 288 1 9
K 0 0 43
A D 2 16
H 9 B 1 0 108 2 2 3
J N 6 3188 21 2 1729 288 1 10
K 0 0 43
A D 2 16
J N 5 3224 0 2 2593 288 2 11 10
K 0 0 43
A D 1 16
J N 5 3252 7 2 3025 144 2 10 11
K 0 0 43
A D 1 16
H 10 B 1 0 108 3 2 21 33
H 11 S 0 0 0 0 0 0 0 0 0
J N 7 3280 0 5 3457 144 0
K 0 0 43
K 24 -6 44
K 0 0 60
K 0 21 60
A D 6 16
J N 6 3345 21 4 6049 864 0
K 0 0 43
K 0 68 108
K 0 0 54
A D 2 16
J B 14 3385 1 82 6913 288 0
J N 7 3406 0 5 1 0 0
K 0 0 43
K 24 -6 44
K 0 0 60
K 0 21 60
A D 6 16
J N 6 3471 21 3 2593 864 0
K 0 0 43
K 0 0 54
A D 2 16
J N 7 3507 0 5 3457 288 0
K 0 0 43
K 24 -6 44
K 0 0 60
K 0 21 60
A D 6 16
J N 6 3572 -14 6 6049 864 0
K 0 0 45
K 0 0 43
K -1 0 45
K 2 0 45
K 0 0 54
A D 2 16
J B 15 3612 1 82 6913 288 0
J N 6 3633 -7 2 1 0 1 12
K 0 0 43
A D 2 16
J N 6 3669 0 2 865 288 1 12
K 0 0 43
A D 2 16
H 12 B 1 0 108 2 2 3
J N 6 3705 21 2 1729 288 1 13
K 0 0 43
A D 2 16
J N 5 3741 0 2 2593 288 2 14 13
K 0 0 43
A D 1 16
J N 5 3769 7 2 3025 144 2 13 14
K 0 0 43
A D 1 16
H 13 B 1 0 108 3 2 21 33
H 14 S 0 0 0 0 0 0 0 0 0
J N 7 3797 0 4 3457 144 0
K 0 0 43
K 0 0 60
K 0 21 60
A D 4 16
J R 7 3848 28 2 5185 576 0
K 0 0 48
A D 4 16
J B 16 3903 1 82 6913 576 0
J N 7 3924 -7 5 1 0 0
K 0 0 43
K 25 0 44
K 0 0 60
K 0 21 60
A D 6 16
J N 6 3989 28 4 2593 864 0
K -14 0 64
K 0 0 43
K 0 0 54
A D 2 16
J N 6 4025 21 2 3457 288 1 15
K 0 0 43
A D 2 16
J N 6 4061 42 2 4321 288 1 15
K 0 0 43
A D 2 16
H 15 B 0 0 108 2 2 3
J N 7 4097 70 7 5185 288 0
K 1 0 45
K 0 0 43
K -1 0 45
K 2 0 45
K 0 0 59
K 0 -21 59
A D 4 16
J B 17 4152 1 82 6913 576 0
J N 7 4173 -14 8 1 0 0
K 0 0 45
K 0 0 43
K -1 0 45
K 2 0 45
K 24 -6 44
K 0 0 60
K 0 21 60
A D 6 16
J N 6 4238 21 4 2593 864 0
K -18 0 63
K 0 0 43
K 0 0 54
A D 2 16
J N 6 4274 14 2 3457 288 1 16
K 0 0 43
A D 2 16
J N 6 4310 35 2 4321 288 1 16
K 0 0 43
A D 2 16
H 16 B 1 0 108 2 2 3
J N 7 4346 63 4 5185 288 0
K 0 0 43
K 0 0 59
K 0 -21 59
A D 4 16
J B 18 4401 1 82 6913 576 0
J N 7 4422 -28 9 1 0 0
K 0 14 45
K 0 0 45
K 0 0 43
K -1 0 45
K 2 0 45
K 24 -6 44
K 0 0 60
K 0 28 60
A D 6 16
J N 6 4487 7 3 2593 864 0
K 0 0 43
K 0 0 54
A D 2 16
J N 7 4523 0 5 3457 288 0
K 0 0 43
K 24 -6 44
K 0 0 60
K 0 21 60
A D 6 16
J N 6 4588 21 3 6049 864 0
K 0 0 43
K 0 0 54
A D 2 16
J B 19 4628 1 82 6913 288 0
J N 7 4649 0 5 1 0 0
K 0 0 43
K 24 -6 44
K 0 0 60
K 0 21 60
A D 6 16
J N 6 4714 21 3 2593 864 0
K 0 0 43
K 0 0 54
A D 2 16
J N 7 4750 0 5 3457 288 0
K 0 0 43
K 24 -6 44
K 0 0 60
K 0 21 60
A D 6 16
J N 6 4815 -14 6 6049 864 0
K 0 0 45
K 0 0 43
K -1 0 45
K 2 0 45
K 0 0 54
A D 2 16
J B 20 4855 1 82 6913 288 0
J N 6 4876 -7 2 1 0 1 17
K 0 0 43
A D 2 16
J N 6 4912 0 2 865 288 1 17
K 0 0 43
A D 2 16
H 17 B 1 0 108 2 2 3
J N 6 4948 21 2 1729 288 1 18
K 0 0 43
A D 2 16
J N 5 4984 0 2 2593 288 2 19 18
K 0 0 43
A D 1 16
J N 5 5012 7 2 3025 144 2 18 19
K 0 0 43
A D 1 16
H 18 B 1 0 108 3 2 21 33
H 19 S 0 0 0 0 0 0 0 0 0
J N 7 5040 0 5 3457 144 0
K 0 0 43
K 24 -6 44
K 0 0 60
K 0 21 60
A D 6 16
J N 6 5105 21 4 6049 864 0
K 0 0 43
K 0 68 108
K 0 0 54
A D 2 16
J B 21 5145 1 82 6913 288 0
J N 7 5166 0 5 1 0 0
K 0 0 43
K 24 -6 44
K 0 0 60
K 0 21 60
A D 6 16
J N 6 5231 21 3 2593 864 0
K 0 0 43
K 0 0 54
A D 2 16
J N 7 5267 0 5 3457 288 0
K 0 0 43
K 24 -6 44
K 0 0 60
K 0 21 60
A D 6 16
J N 6 5332 -14 6 6049 864 0
K 0 0 45
K 0 0 43
K -1 0 45
K 2 0 45
K 0 0 54
A D 2 16
J B 22 5372 1 82 6913 288 0
J N 6 5393 -7 2 1 0 1 20
K 0 0 43
A D 2 16
J N 6 5429 0 2 987 288 1 20
K 0 0 43
A D 2 16
H 20 B 1 0 108 2 2 3
J N 6 5465 21 2 1973 288 1 21
K 0 0 43
A D 2 16
J N 5 5501 0 2 2959 288 2 22 21
K 0 0 43
A D 1 16
J N 5 5529 7 2 3452 144 2 21 22
K 0 0 43
A D 1 16
H 21 B 1 0 108 3 2 21 33
H 22 S 0 0 0 0 0 0 0 0 0
J N 7 5557 0 5 3945 144 0
K 0 0 43
K 24 -6 44
K 0 0 60
K 0 21 60
A D 6 16
J B 0 5639 6 2 6913 864 0
K -13 0 82
K -6 0 84
J M 0 5639 0 0 10000 0 0
