S 0 200 140 2050 1066 7 "[...][....]"     
L 0 0 0 313 313 * 0 14 0     
J C 4 5 42 2 6913 0 0     
K 0 0 33     
K 0 0 34     
J K -1 57 0 1 6913 0 0     
K 0 28 65     
J D 0 -11 -14 1 6913 0 0     
W 0 0 37 \01\06     
J N 8 113 -14 7 1 0 0     
K 0 0 45     
K 0 0 42     
K -1 0 45     
K 2 0 45     
K 0 0 60     
K 0 21 60     
A D 16 32     
J R 7 301 28 2 4609 1152 0     
K 0 0 48     
A D 8 32     
J B 17 395 1 82 6913 576 0     
J N 8 416 -21 8 1 0 1 5     
K 0 7 45     
K 0 0 42     
K 0 7 45     
K 1 7 45     
K 0 -22 236     
K 0 0 60     
K 0 21 60     
A D 16 32     
J N 6 604 -21 6 4609 1152 1 6     
K 0 7 45     
K 0 0 43     
K 0 7 45     
K 1 7 45     
K 25 0 44     
A D 6 32     
J N 4 671 -14 5 6337 432 1 6     
K 0 0 45     
K 0 0 43     
K -1 0 45     
K 2 0 45     
A D 1 32     
J N 4 700 -21 5 6625 72 2 6 5     
K 0 7 45     
K 0 0 43     
K 0 7 45     
K 1 7 45     
A D 1 32     
H 6 B -64 0 108 3 2 221 333     
H 5 S 0 0 0 0 0 0 0 0 0     
J B 18 733 1 82 6913 72 0     
J N 7 754 -28 9 1 0 0     
K 0 14 45     
K 0 0 45     
K 0 0 43     
K -1 0 45     
K 2 0 45     
K 24 -6 44     
K 0 0 60     
K 0 28 60     
A D 12 32     
J N 6 895 7 2 3457 864 1 7     
K 0 0 43     
A D 4 32     
J N 6 942 0 2 4609 288 2 8 7     
K 0 0 43     
A D 4 32     
J N 6 988 -21 5 5761 288 2 7 8     
K 0 7 45     
K 0 0 43     
K 0 7 45     
K 1 7 45     
A D 4 32     
H 7 B -52 -4 108 3 2 1 3     
H 8 S 0 1 0 0 0 1 0 -4 0     
J B 19 1034 1 82 6913 288 0     
J N 6 1055 -14 5 1 0 1 9     
K 0 0 45     
K 0 0 43     
K -1 0 45     
K 2 0 45     
A D 4 32     
J N 6 1101 -7 2 1153 288 1 9     
K 0 0 43     
A D 4 32     
H 9 B -45 3 108 2 2 3     
J N 8 1147 -7 4 2305 288 0     
K 0 0 42     
K 0 0 60     
K 0 21 60     
A D 16 32     
J B 20 1299 1 82 6913 1152 0     
J N 8 1320 0 5 1 0 0     
K 0 0 42     
K 24 -6 44     
K 0 0 60     
K 0 21 60     
A D 24 32     
J B 21 1457 6 4 6913 1728 0     
K -23 21 44     
K -23 35 44     
K -13 0 82     
K -6 0 84     
J N 7 1478 21 6 1 0 0     
K 0 0 43     
K 25 0 44     
K 0 68 108     
K 0 0 60     
K 0 21 60     
A D 12 32     
J N 6 1553 56 3 3457 864 0     
K 0 0 43     
K 0 0 53     
A D 4 32     
J N 7 1599 49 4 4609 288 0     
K 0 0 43     
K 0 0 59     
K 0 -21 59     
A D 8 32     
J B 22 1659 1 82 6913 576 0     
J N 7 1680 14 4 1 0 0     
K 0 0 43     
K 0 0 60     
K 0 21 60     
A D 8 32     
J N 8 1740 42 4 2305 576 0     
K 0 0 42     
K 0 0 59     
K 0 -21 59     
A D 16 32     
J B 23 1892 1 82 6913 1152 0     
J N 8 1913 49 5 1 0 0     
K 0 0 42     
K 25 0 44     
K 0 0 59     
K 0 -21 59     
A D 24 32     
J B 0 2050 6 2 6913 1728 0     
K -13 0 82     
K -6 0 84     
E *     
L 160 0 0 313 313 * 0 14 0     
J C 4 5 42 2 6913 0 0     
K 0 0 33     
K 0 0 34     
J K -1 57 0 1 6913 0 0     
K 0 28 65     
J D 0 -11 -14 1 6913 0 0     
W 0 0 0 \01\06     
J R 7 113 28 2 1 0 0     
K 0 0 48     
A D 2 8     
J N 7 207 21 4 2305 576 0     
K 0 0 43     
K 0 0 60     
K 0 21 60     
A D 2 8     
J N 7 301 49 4 4609 576 0     
K 0 0 43     
K 0 0 59     
K 0 -21 59     
A D 2 8     
J B 17 395 1 82 6913 576 0     
J R 7 416 28 2 1 0 0     
K 0 0 48     
A D 2 8     
J N 7 510 14 4 2305 576 0     
K 0 0 43     
K 0 0 60     
K 0 21 60     
A D 2 8     
J N 7 604 42 4 4609 576 0     
K 0 0 43     
K 0 0 59     
K 0 -21 59     
A D 2 8     
J B 18 733 1 82 6913 576 0     
J N 7 754 0 5 1 0 0     
K 0 0 43     
K 24 -6 44     
K 0 0 60     
K 0 21 60     
A D 3 8     
J N 6 895 -7 2 3457 864 1 2     
K 0 0 43     
A D 1 8     
J N 6 942 -14 5 4609 288 2 3 2     
K 0 0 45     
K 0 0 43     
K -1 0 45     
K 2 0 45     
A D 1 8     
J N 6 988 -7 2 5761 288 2 2 3     
K 0 0 43     
A D 1 8     
H 2 B -49 0 108 3 2 1 3     
H 3 S 0 0 0 0 0 0 0 0 0     
J B 19 1034 1 82 6913 288 0     
J N 7 1055 0 4 1 0 0     
K 0 0 43     
K 0 0 60     
K 0 21 60     
A D 2 8     
J N 7 1147 0 5 2305 576 0     
K 0 0 43     
K 24 -6 44     
K 0 0 60     
K 0 21 60     
A D 3 8     
J N 6 1253 7 3 5761 864 0     
K 0 0 43     
K 0 0 54     
A D 1 8     
J B 20 1299 1 82 6913 288 0     
J N 8 1320 0 5 1 0 0     
K 0 0 42     
K 24 -6 44     
K 0 0 60     
K 0 21 60     
A D 6 8     
J B 21 1457 6 4 6913 1728 0     
K -23 21 44     
K -23 35 44     
K -13 0 82     
K -6 0 84     
J N 7 1478 49 6 1 0 0     
K 0 0 43     
K 25 0 44     
K 0 32 108     
K 0 0 59     
K 0 -21 59     
A D 3 8     
J N 6 1553 42 3 3457 864 0     
K 0 0 43     
K 0 0 53     
A D 1 8     
J N 7 1599 35 4 4609 288 0     
K 0 0 43     
K 0 0 59     
K 0 -21 59     
A D 2 8     
J B 22 1659 1 82 6913 576 0     
J N 7 1680 49 4 1 0 0     
K 0 0 43     
K 0 0 59     
K 0 -21 59     
A D 2 8     
J N 7 1740 49 5 2305 576 0     
K 0 0 43     
K 25 0 44     
K 0 0 59     
K 0 -21 59     
A D 3 8     
J N 6 1846 56 3 5761 864 0     
K 0 0 43     
K 0 0 53     
A D 1 8     
J B 23 1892 1 82 6913 288 0     
J N 8 1913 49 5 1 0 0     
K 0 0 42     
K 25 0 44     
K 0 0 59     
K 0 -21 59     
A D 6 8     
J B 0 2050 6 2 6913 1728 0     
K -13 0 82     
K -6 0 84     
E *     
L 320 0 0 313 313 * 0 14 0     
J C 22 5 14 36 6913 0 0     
J K -1 57 0 1 6913 0 0     
K 0 42 65     
J D 0 -11 -14 1 6913 0 0     
W 0 0 0 \01\06     
J N 6 113 14 2 1 0 1 15     
K 0 0 43     
A D 1 8     
J N 6 160 21 2 1153 288 1 15     
K 0 0 43     
A D 1 8     
J N 6 207 14 2 2305 288 1 15     
K 0 0 43     
A D 1 8     
J N 6 254 7 2 3457 288 1 15     
K 0 0 43     
A D 1 8     
J N 6 301 0 2 4609 288 1 15     
K 0 0 43     
A D 1 8     
J N 6 348 14 2 5761 288 1 15     
K 0 0 43     
A D 1 8     
H 15 B -49 0 108 6 2 1 1 1 1 3     
J B 17 395 1 82 6913 288 0     
J N 6 416 7 2 1 0 1 16     
K 0 0 43     
A D 1 8     
J N 6 463 14 2 1153 288 1 16     
K 0 0 43     
A D 1 8     
J N 6 510 7 2 2305 288 1 16     
K 0 0 43     
A D 1 8     
J N 6 557 0 2 3457 288 1 16     
K 0 0 43     
A D 1 8     
J N 6 604 -7 2 4609 288 1 16     
K 0 0 43     
A D 1 8     
J N 6 651 7 2 5761 288 1 16     
K 0 0 43     
A D 1 8     
H 16 B -53 0 108 6 2 1 1 1 1 3     
J B 18 733 1 82 6913 288 0     
J F 0 754 98 1 1 0 0     
K 0 0 205     
J N 6 754 0 2 1 0 1 17     
K 0 0 43     
A D 1 8     
J N 6 801 -7 2 1153 288 1 17     
K 0 0 43     
A D 1 8     
J N 6 848 0 2 2305 288 1 17     
K 0 0 43     
A D 1 8     
J N 6 895 7 2 3457 288 1 17     
K 0 0 43     
A D 1 8     
J N 6 942 14 2 4609 288 1 17     
K 0 0 43     
A D 1 8     
J N 6 988 21 2 5761 288 1 17     
K 0 0 43     
A D 1 8     
H 17 B -59 2 108 6 2 1 1 1 1 3     
J B 19 1034 1 82 6913 288 0     
J N 6 1055 14 2 1 0 1 18     
K 0 0 43     
A D 1 8     
J N 6 1101 42 2 1153 288 1 18     
K 0 0 43     
A D 1 8     
H 18 B -52 12 108 2 2 3     
J F 0 1147 98 1 2305 288 0     
K 0 0 203     
J N 7 1147 35 4 2305 0 0     
K 0 0 43     
K 0 0 59     
K 0 -21 59     
A D 2 8     
J F 0 1207 114 1 4609 576 0     
K 0 0 202     
J N 7 1207 84 8 4609 0 0     
K 1 -14 45     
K 1 0 45     
K 0 0 43     
K -1 0 45     
K 2 0 45     
K 0 0 59     
K 0 -28 59     
A D 2 8     
J B 20 1299 1 82 6913 576 0     
J N 8 1320 63 5 1 0 0     
K 0 0 42     
K 25 0 44     
K 0 0 59     
K 0 -21 59     
A D 6 8     
J B 21 1457 6 4 6913 1728 0     
K -23 21 44     
K -23 35 44     
K -13 0 82     
K -6 0 84     
J N 8 1478 49 5 1 0 0     
K 0 0 42     
K 0 32 108     
K 0 0 59     
K 0 -21 59     
A D 4 8     
J N 7 1599 49 4 4609 1152 0     
K 0 0 43     
K 0 0 59     
K 0 -21 59     
A D 2 8     
J B 22 1659 1 82 6913 576 0     
J F 0 1680 98 2 1 0 0     
K 0 0 205     
K 0 21 204     
J N 7 1680 42 4 1 0 0     
K 0 0 43     
K 0 0 59     
K 0 -21 59     
A D 2 8     
J F 0 1740 98 2 2305 576 0     
K 0 0 204     
K 0 21 203     
J N 7 1740 35 4 2305 0 0     
K 0 0 43     
K 0 0 59     
K 0 -21 59     
A D 2 8     
J F 0 1800 98 1 4609 576 0     
K 0 21 202     
J N 7 1800 84 8 4609 0 0     
K 1 -14 45     
K 1 0 45     
K 0 0 43     
K -1 0 45     
K 2 0 45     
K 0 0 59     
K 0 -28 59     
A D 2 8     
J B 23 1892 1 82 6913 576 0     
J N 8 1913 63 5 1 0 0     
K 0 0 42     
K 25 0 44     
K 0 0 59     
K 0 -21 59     
A D 6 8     
J B 0 2050 6 2 6913 1728 0     
K -13 0 82     
K -6 0 84     
E *     
L 530 0 0 313 313 * 0 14 0     
J C 4 5 42 2 6913 0 0     
K 0 0 33     
K 0 0 34     
J K -1 57 0 1 6913 0 0     
K 0 28 65     
J D 0 -11 -14 1 6913 0 0     
W 0 0 0 \01\06     
J N 8 113 -14 7 1 0 0     
K 0 0 45     
K 0 0 42     
K -1 0 45     
K 2 0 45     
K 0 0 60     
K 0 21 60     
A D 16 32     
J R 7 301 28 2 4609 1152 0     
K 0 0 48     
A D 8 32     
J B 17 395 1 82 6913 576 0     
J N 8 416 -21 8 1 0 1 1     
K 0 7 45     
K 0 0 42     
K 0 7 45     
K 1 7 45     
K 0 -22 236     
K 0 0 60     
K 0 21 60     
A D 16 32     
J N 6 604 -21 6 4609 1152 1 2     
K 0 7 45     
K 0 0 43     
K 0 7 45     
K 1 7 45     
K 25 0 44     
A D 6 32     
J N 4 671 -14 5 6337 432 1 2     
K 0 0 45     
K 0 0 43     
K -1 0 45     
K 2 0 45     
A D 1 32     
J N 4 700 -21 5 6625 72 2 2 1     
K 0 7 45     
K 0 0 43     
K 0 7 45     
K 1 7 45     
A D 1 32     
H 2 B -64 0 108 3 2 221 333     
H 1 S 0 0 0 0 0 0 0 0 0     
J B 18 733 1 82 6913 72 0     
J N 7 754 -28 9 1 0 0     
K 0 14 45     
K 0 0 45     
K 0 0 43     
K -1 0 45     
K 2 0 45     
K 24 -6 44     
K 0 0 60     
K 0 28 60     
A D 12 32     
J N 6 895 7 2 3457 864 1 3     
K 0 0 43     
A D 4 32     
J N 6 942 0 2 4609 288 2 4 3     
K 0 0 43     
A D 4 32     
J N 6 988 -21 5 5761 288 2 3 4     
K 0 7 45     
K 0 0 43     
K 0 7 45     
K 1 7 45     
A D 4 32     
H 3 B -52 -4 108 3 2 1 3     
H 4 S 0 1 0 0 0 1 0 -4 0     
J B 19 1034 1 82 6913 288 0     
J N 6 1055 -14 5 1 0 1 5     
K 0 0 45     
K 0 0 43     
K -1 0 45     
K 2 0 45     
A D 4 32     
J N 6 1101 -7 2 1153 288 1 5     
K 0 0 43     
A D 4 32     
H 5 B -45 3 108 2 2 3     
J N 8 1147 -7 4 2305 288 0     
K 0 0 42     
K 0 0 60     
K 0 21 60     
A D 16 32     
J B 20 1299 1 82 6913 1152 0     
J N 8 1320 0 5 1 0 0     
K 0 0 42     
K 24 -6 44     
K 0 0 60     
K 0 21 60     
A D 24 32     
J B 21 1457 6 4 6913 1728 0     
K -23 21 44     
K -23 35 44     
K -13 0 82     
K -6 0 84     
J N 7 1478 21 6 1 0 0     
K 0 0 43     
K 25 0 44     
K 0 68 108     
K 0 0 60     
K 0 21 60     
A D 12 32     
J N 6 1553 56 3 3457 864 0     
K 0 0 43     
K 0 0 53     
A D 4 32     
J N 7 1599 49 4 4609 288 0     
K 0 0 43     
K 0 0 59     
K 0 -21 59     
A D 8 32     
J B 22 1659 1 82 6913 576 0     
J N 7 1680 14 4 1 0 0     
K 0 0 43     
K 0 0 60     
K 0 21 60     
A D 8 32     
J N 8 1740 42 4 2305 576 0     
K 0 0 42     
K 0 0 59     
K 0 -21 59     
A D 16 32     
J B 23 1892 1 82 6913 1152 0     
J N 8 1913 49 5 1 0 0     
K 0 0 42     
K 25 0 44     
K 0 0 59     
K 0 -21 59     
A D 24 32     
J B 0 2050 6 2 6913 1728 0     
K -13 0 82     
K -6 0 84     
E *     
L 690 0 0 313 313 * 0 14 0     
J C 4 5 42 2 6913 0 0     
K 0 0 33     
K 0 0 34     
J K -1 57 0 1 6913 0 0     
K 0 28 65     
J D 0 -11 -14 1 6913 0 0     
W 0 0 0 \01\06     
J R 7 113 28 2 1 0 0     
K 0 0 48     
A D 2 8     
J N 7 207 21 4 2305 576 0     
K 0 0 43     
K 0 0 60     
K 0 21 60     
A D 2 8     
J N 7 301 49 4 4609 576 0     
K 0 0 43     
K 0 0 59     
K 0 -21 59     
A D 2 8     
J B 17 395 1 82 6913 576 0     
J R 7 416 28 2 1 0 0     
K 0 0 48     
A D 2 8     
J N 7 510 14 4 2305 576 0     
K 0 0 43     
K 0 0 60     
K 0 21 60     
A D 2 8     
J N 7 604 42 4 4609 576 0     
K 0 0 43     
K 0 0 59     
K 0 -21 59     
A D 2 8     
J B 18 733 1 82 6913 576 0     
J N 7 754 0 5 1 0 0     
K 0 0 43     
K 24 -6 44     
K 0 0 60     
K 0 21 60     
A D 3 8     
J N 6 895 -7 2 3457 864 1 2     
K 0 0 43     
A D 1 8     
J N 6 942 -14 5 4609 288 2 3 2     
K 0 0 45     
K 0 0 43     
K -1 0 45     
K 2 0 45     
A D 1 8     
J N 6 988 -7 2 5761 288 2 2 3     
K 0 0 43     
A D 1 8     
H 2 B -49 0 108 3 2 1 3     
H 3 S 0 0 0 0 0 0 0 0 0     
J B 19 1034 1 82 6913 288 0     
J N 7 1055 0 4 1 0 0     
K 0 0 43     
K 0 0 60     
K 0 21 60     
A D 2 8     
J N 7 1147 0 5 2305 576 0     
K 0 0 43     
K 24 -6 44     
K 0 0 60     
K 0 21 60     
A D 3 8     
J N 6 1253 7 3 5761 864 0     
K 0 0 43     
K 0 0 54     
A D 1 8     
J B 20 1299 1 82 6913 288 0     
J N 8 1320 0 5 1 0 0     
K 0 0 42     
K 24 -6 44     
K 0 0 60     
K 0 21 60     
A D 6 8     
J B 21 1457 6 4 6913 1728 0     
K -23 21 44     
K -23 35 44     
K -13 0 82     
K -6 0 84     
J N 7 1478 49 6 1 0 0     
K 0 0 43     
K 25 0 44     
K 0 32 108     
K 0 0 59     
K 0 -21 59     
A D 3 8     
J N 6 1553 42 3 3457 864 0     
K 0 0 43     
K 0 0 53     
A D 1 8     
J N 7 1599 35 4 4609 288 0     
K 0 0 43     
K 0 0 59     
K 0 -21 59     
A D 2 8     
J B 22 1659 1 82 6913 576 0     
J N 7 1680 49 4 1 0 0     
K 0 0 43     
K 0 0 59     
K 0 -21 59     
A D 2 8     
J N 7 1740 49 5 2305 576 0     
K 0 0 43     
K 25 0 44     
K 0 0 59     
K 0 -21 59     
A D 3 8     
J N 6 1846 56 3 5761 864 0     
K 0 0 43     
K 0 0 53     
A D 1 8     
J B 23 1892 1 82 6913 288 0     
J N 8 1913 49 5 1 0 0     
K 0 0 42     
K 25 0 44     
K 0 0 59     
K 0 -21 59     
A D 6 8     
J B 0 2050 6 2 6913 1728 0     
K -13 0 82     
K -6 0 84     
E *     
L 850 0 0 313 313 * 0 14 0     
J C 13 5 28 35 6913 0 0     
J K -1 57 0 1 6913 0 0     
K 0 35 65     
J D 0 -11 -14 1 6913 0 0     
W 0 0 0 \01\06     
J N 8 113 28 4 1 0 0     
K 0 0 42     
K 0 0 60     
K 0 21 60     
A D 4 8     
J R 7 301 28 2 4609 1152 0     
K 0 0 48     
A D 2 8     
J B 17 395 1 82 6913 576 0     
J N 8 416 35 4 1 0 0     
K 0 0 42     
K 0 0 59     
K 0 -21 59     
A D 4 8     
J R 7 604 28 2 4609 1152 0     
K 0 0 48     
A D 2 8     
J B 18 733 1 82 6913 576 0     
J N 8 754 42 4 1 0 0     
K 0 0 42     
K 0 0 59     
K 0 -21 59     
A D 4 8     
J R 7 942 28 2 4609 1152 0     
K 0 0 48     
A D 2 8     
J B 19 1034 1 82 6913 576 0     
J N 7 1055 7 4 1 0 0     
K 0 0 43     
K 0 0 60     
K 0 21 60     
A D 2 8     
J N 7 1147 28 5 2305 576 0     
K 0 0 43     
K 24 -6 44     
K 0 0 60     
K 0 21 60     
A D 3 8     
J N 6 1253 28 3 5761 864 0     
K 0 0 43     
K 0 0 54     
A D 1 8     
J B 20 1299 1 82 6913 288 0     
J N 8 1320 42 5 1 0 0     
K 0 0 42     
K 24 -6 44     
K 0 0 59     
K 0 -21 59     
A D 6 8     
J B 21 1457 6 4 6913 1728 0     
K -23 21 44     
K -23 35 44     
K -13 0 82     
K -6 0 84     
J N 8 1478 7 5 1 0 0     
K 0 0 42     
K 0 74 108     
K 0 0 60     
K 0 21 60     
A D 4 8     
J N 7 1599 28 4 4609 1152 0     
K 0 0 43     
K 0 0 60     
K 0 21 60     
A D 2 8     
J B 22 1659 1 82 6913 576 0     
J N 7 1680 21 4 1 0 0     
K 0 0 43     
K 0 0 60     
K 0 21 60     
A D 2 8     
J N 7 1740 28 5 2305 576 0     
K 0 0 43     
K 24 -6 44     
K 0 0 60     
K 0 21 60     
A D 3 8     
J N 6 1846 28 3 5761 864 0     
K 0 0 43     
K 0 0 54     
A D 1 8     
J B 23 1892 1 82 6913 288 0     
J N 8 1913 42 5 1 0 0     
K 0 0 42     
K 24 -6 44     
K 0 0 59     
K 0 -21 59     
A D 6 8     
J B 0 2050 6 2 6913 1728 0     
K -13 0 82     
K -6 0 84     
E *     
L 1010 0 0 313 313 * 0 14 0     
J C 22 5 14 36 6913 0 0     
J K -1 57 0 1 6913 0 0     
K 0 42 65     
J D 0 -11 -14 1 6913 0 0     
W 0 0 0 \01\06     
J N 6 113 14 2 1 0 1 11     
K 0 0 43     
A D 1 8     
J N 6 160 21 2 1153 288 1 11     
K 0 0 43     
A D 1 8     
J N 6 207 14 2 2305 288 1 11     
K 0 0 43     
A D 1 8     
J N 6 254 7 2 3457 288 1 11     
K 0 0 43     
A D 1 8     
J N 6 301 0 2 4609 288 1 11     
K 0 0 43     
A D 1 8     
J N 6 348 14 2 5761 288 1 11     
K 0 0 43     
A D 1 8     
H 11 B -49 0 108 6 2 1 1 1 1 3     
J B 17 395 1 82 6913 288 0     
J N 6 416 7 2 1 0 1 12     
K 0 0 43     
A D 1 8     
J N 6 463 14 2 1153 288 1 12     
K 0 0 43     
A D 1 8     
J N 6 510 7 2 2305 288 1 12     
K 0 0 43     
A D 1 8     
J N 6 557 0 2 3457 288 1 12     
K 0 0 43     
A D 1 8     
J N 6 604 -7 2 4609 288 1 12     
K 0 0 43     
A D 1 8     
J N 6 651 7 2 5761 288 1 12     
K 0 0 43     
A D 1 8     
H 12 B -53 0 108 6 2 1 1 1 1 3     
J B 18 733 1 82 6913 288 0     
J F 0 754 98 1 1 0 0     
K 0 0 205     
J N 6 754 0 2 1 0 1 13     
K 0 0 43     
A D 1 8     
J N 6 801 -7 2 1153 288 1 13     
K 0 0 43     
A D 1 8     
J N 6 848 0 2 2305 288 1 13     
K 0 0 43     
A D 1 8     
J N 6 895 7 2 3457 288 1 13     
K 0 0 43     
A D 1 8     
J N 6 942 14 2 4609 288 1 13     
K 0 0 43     
A D 1 8     
J N 6 988 21 2 5761 288 1 13     
K 0 0 43     
A D 1 8     
H 13 B -59 2 108 6 2 1 1 1 1 3     
J B 19 1034 1 82 6913 288 0     
J N 6 1055 14 2 1 0 1 14     
K 0 0 43     
A D 1 8     
J N 6 1101 42 2 1153 288 1 14     
K 0 0 43     
A D 1 8     
H 14 B -52 12 108 2 2 3     
J F 0 1147 98 1 2305 288 0     
K 0 0 203     
J N 7 1147 35 4 2305 0 0     
K 0 0 43     
K 0 0 59     
K 0 -21 59     
A D 2 8     
J F 0 1207 114 1 4609 576 0     
K 0 0 202     
J N 7 1207 84 8 4609 0 0     
K 1 -14 45     
K 1 0 45     
K 0 0 43     
K -1 0 45     
K 2 0 45     
K 0 0 59     
K 0 -28 59     
A D 2 8     
J B 20 1299 1 82 6913 576 0     
J N 8 1320 63 5 1 0 0     
K 0 0 42     
K 25 0 44     
K 0 0 59     
K 0 -21 59     
A D 6 8     
J B 21 1457 6 4 6913 1728 0     
K -23 21 44     
K -23 35 44     
K -13 0 82     
K -6 0 84     
J N 8 1478 49 5 1 0 0     
K 0 0 42     
K 0 32 108     
K 0 0 59     
K 0 -21 59     
A D 4 8     
J N 7 1599 49 4 4609 1152 0     
K 0 0 43     
K 0 0 59     
K 0 -21 59     
A D 2 8     
J B 22 1659 1 82 6913 576 0     
J F 0 1680 98 2 1 0 0     
K 0 0 205     
K 0 21 204     
J N 7 1680 42 4 1 0 0     
K 0 0 43     
K 0 0 59     
K 0 -21 59     
A D 2 8     
J F 0 1740 98 2 2305 576 0     
K 0 0 204     
K 0 21 203     
J N 7 1740 35 4 2305 0 0     
K 0 0 43     
K 0 0 59     
K 0 -21 59     
A D 2 8     
J F 0 1800 98 1 4609 576 0     
K 0 21 202     
J N 7 1800 84 8 4609 0 0     
K 1 -14 45     
K 1 0 45     
K 0 0 43     
K -1 0 45     
K 2 0 45     
K 0 0 59     
K 0 -28 59     
A D 2 8     
J B 23 1892 1 82 6913 576 0     
J N 8 1913 63 5 1 0 0     
K 0 0 42     
K 25 0 44     
K 0 0 59     
K 0 -21 59     
A D 6 8     
J B 0 2050 6 2 6913 1728 0     
K -13 0 82     
K -6 0 84     
E *     
B 1 395 0     
B 1 733 0     
B 1 1034 0     
B 1 1299 0     
B 6 1457 0     
B 1 1659 0     
B 1 1892 0     
B 6 2050 0     
