@ SOURCE: not identified 
L 0 0 14 !39Violino 1 concerto grosso
J D 4 500 -120 1 6913 0 0
W 0 0 44 VI. Minuetto
J D 1 75 -37 1 6913 0 0
W 0 -56 44 VI. Minuetto:  Violino 1 concerto grosso
J C 4 5 42 2 6913 0 0
K 0 0 33
K 0 0 34
J K 0 57 0 0 6913 0 0
J D 5 57 -42 1 6913 0 0
W 0 0 37 Vivace
J T 308 66 0 2 6913 0 0
K -10 28 74
K -10 56 79
J R 9 108 28 2 1 10000 0
K 0 0 46
A D 6 16
J B 2 213 1 82 6913 864 0
J R 9 234 28 2 1 10000 0
K 0 0 46
A D 6 16
J B 3 339 1 82 6913 864 0
J R 9 360 28 2 1 10000 0
K 0 0 46
A D 6 16
J B 4 465 1 82 6913 864 0
J R 9 486 28 2 1 10000 0
K 0 0 46
A D 6 16
J B 5 591 1 82 6913 864 0
J N 6 612 -7 2 1 0 1 1
K 0 0 43
A D 2 16
J N 5 650 7 2 2305 288 1 1
K 0 0 43
A D 1 16
J N 5 679 0 2 3457 144 1 1
K 0 0 43
A D 1 16
J N 6 708 -7 2 4609 144 1 1
K 0 0 43
A D 2 16
H 1 B 1 0 108 4 2 21 31 3
J B 6 750 1 82 6913 288 0
J N 6 771 21 2 1 0 1 2
K 0 0 43
A D 2 16
J N 6 809 21 2 2305 288 1 2
K 0 0 43
A D 2 16
J N 6 847 14 2 4609 288 1 2
K 0 0 43
A D 2 16
H 2 B 1 0 108 3 2 1 3
J B 7 889 1 82 6913 288 0
J N 5 910 7 2 1 0 2 3 4
K 0 0 43
A D 1 16
J N 5 939 0 2 1153 144 1 4
K 0 0 43
A D 1 16
J N 5 968 7 2 2305 144 1 4
K 0 0 43
A D 1 16
J N 5 997 0 2 3457 144 1 4
K 0 0 43
A D 1 16
J N 6 1026 -7 2 4609 144 2 4 3
K 0 0 43
A D 2 16
H 4 B 1 0 108 5 22 11 11 31 3
H 3 S 0 0 0 0 0 0 0 0 0
J B 8 1068 1 82 6913 288 0
J N 7 1089 14 5 1 0 0
K 0 0 43
K 24 -6 44
K 0 0 60
K 0 21 60
A D 6 16
J B 9 1183 10 6 6913 864 0
K -22 21 44
K -22 35 44
K -12 0 84
K 0 0 84
K 11 21 44
K 11 35 44
J R 9 1220 28 2 1 10000 0
K 0 0 46
A D 6 16
J B 10 1325 1 82 6913 864 0
J R 9 1346 28 2 1 10000 0
K 0 0 46
A D 6 16
J B 11 1451 1 82 6913 864 0
J R 9 1472 28 2 1 10000 0
K 0 0 46
A D 6 16
J B 12 1577 1 82 6913 864 0
J R 9 1598 28 2 1 10000 0
K 0 0 46
A D 6 16
J B 13 1703 1 82 6913 864 0
J N 5 1724 -14 5 1 0 2 5 6
K 0 0 45
K 0 0 43
K -1 0 45
K 2 0 45
A D 1 16
J N 5 1753 -7 2 1153 144 1 6
K 0 0 43
A D 1 16
J N 5 1782 0 2 2305 144 1 6
K 0 0 43
A D 1 16
J N 5 1811 7 2 3457 144 1 6
K 0 0 43
A D 1 16
J N 5 1840 14 2 4609 144 1 6
K 0 0 43
A D 1 16
J N 5 1869 21 2 5761 144 2 6 5
K 0 0 43
A D 1 16
H 6 B 1 0 108 6 22 11 11 11 11 33
H 5 S 0 0 0 0 0 0 0 0 0
J B 14 1902 1 82 6913 144 0
J N 6 1923 -7 3 1 0 1 7
K 0 0 43
K 25 0 44
A D 3 16
J N 5 1969 0 2 3457 432 1 7
K 0 0 43
A D 1 16
J N 5 1998 7 2 4609 144 2 8 7
K 0 0 43
A D 1 16
J N 5 2027 14 2 5761 144 2 7 8
K 0 0 43
A D 1 16
H 7 B 1 0 108 4 2 21 11 33
H 8 S 0 0 0 0 0 0 0 0 0
J B 15 2060 1 82 6913 144 0
J N 5 2081 7 2 1 0 2 9 10
K 0 0 43
A D 1 16
J N 5 2110 0 2 1153 144 2 10 9
K 0 0 43
A D 1 16
H 10 B 1 0 108 2 22 33
H 9 S 0 0 0 0 0 0 0 0 0
J N 7 2139 14 4 2305 144 0
K 0 0 43
K 0 0 60
K 0 21 60
A D 4 16
J B 16 2196 1 82 6913 576 0
J N 7 2217 21 5 1 0 0
K 0 0 43
K 25 0 44
K 0 0 60
K 0 21 60
A D 6 16
J B 17 2312 6 4 6913 864 0
K -23 21 44
K -23 35 44
K -13 0 82
K -6 0 84
J N 5 2333 -14 5 1 0 2 11 12
K 0 0 45
K 0 0 43
K -1 0 45
K 2 0 45
A D 1 16
J N 5 2362 -7 2 1153 144 1 12
K 0 0 43
A D 1 16
J N 5 2391 0 2 2305 144 1 12
K 0 0 43
A D 1 16
J N 5 2420 7 2 3457 144 1 12
K 0 0 43
A D 1 16
J N 5 2449 14 2 4609 144 1 12
K 0 0 43
A D 1 16
J N 5 2478 21 2 5761 144 2 12 11
K 0 0 43
A D 1 16
H 12 B 1 0 108 6 22 11 11 11 11 33
H 11 S 0 0 0 0 0 0 0 0 0
J B 18 2511 1 82 6913 144 0
J N 6 2532 -7 3 1 0 1 13
K 0 0 43
K 25 0 44
A D 3 16
J N 5 2578 0 2 3457 432 1 13
K 0 0 43
A D 1 16
J N 5 2607 7 2 4609 144 2 14 13
K 0 0 43
A D 1 16
J N 5 2636 14 2 5761 144 2 13 14
K 0 0 43
A D 1 16
H 13 B 1 0 108 4 2 21 11 33
H 14 S 0 0 0 0 0 0 0 0 0
J B 19 2669 1 82 6913 144 0
J N 5 2690 7 2 1 0 2 15 16
K 0 0 43
A D 1 16
J N 5 2719 0 2 1153 144 2 16 15
K 0 0 43
A D 1 16
H 16 B 1 0 108 2 22 33
H 15 S 0 0 0 0 0 0 0 0 0
J N 7 2748 14 4 2305 144 0
K 0 0 43
K 0 0 60
K 0 21 60
A D 4 16
J B 20 2805 1 82 6913 576 0
J N 7 2826 21 5 1 0 0
K 0 0 43
K 25 0 44
K 0 0 60
K 0 21 60
A D 6 16
J B 21 2906 5 2 6913 864 0
K -8 0 82
K 0 0 82
J R 9 2927 28 2 1 10000 0
K 0 0 46
A D 6 16
J B 22 3032 1 82 6913 864 0
J R 9 3053 28 2 1 10000 0
K 0 0 46
A D 6 16
J B 23 3158 1 82 6913 864 0
J N 5 3179 28 2 1 0 1 17
K 0 0 43
A D 1 16
J N 5 3208 56 2 1153 144 1 17
K 0 0 43
A D 1 16
J N 5 3252 42 3 2305 144 1 17
K -18 0 63
K 0 0 43
A D 1 16
J N 5 3281 28 2 3457 144 1 17
K 0 0 43
A D 1 16
J N 5 3310 7 2 4609 144 1 17
K 0 0 43
A D 1 16
J N 5 3339 28 2 5761 144 1 17
K 0 0 43
A D 1 16
H 17 B 0 0 108 6 22 11 11 11 11 33
J B 24 3372 1 82 6913 144 0
J N 6 3393 21 2 1 0 1 18
K 0 0 43
A D 2 16
J N 6 3431 84 6 2305 288 1 18
K 1 -14 45
K 1 0 45
K 0 0 43
K -1 0 45
K 2 0 45
A D 2 16
H 18 B 0 0 108 2 2 3
J R 6 3469 28 2 4609 288 0
K 0 0 49
A D 2 16
J B 25 3511 1 82 6913 288 0
J R 9 3532 28 2 1 10000 0
K 0 0 46
A D 6 16
J B 26 3637 1 82 6913 864 0
J R 9 3658 28 2 1 10000 0
K 0 0 46
A D 6 16
J B 27 3763 1 82 6913 864 0
J N 5 3784 7 2 1 0 1 19
K 0 0 43
A D 1 16
J N 5 3813 35 2 1153 144 1 19
K 0 0 43
A D 1 16
J N 5 3857 21 3 2305 144 1 19
K -18 0 63
K 0 0 43
A D 1 16
J N 5 3886 7 2 3457 144 1 19
K 0 0 43
A D 1 16
J N 5 3915 -14 5 4609 144 1 19
K 0 0 45
K 0 0 43
K -1 0 45
K 2 0 45
A D 1 16
J N 5 3944 7 2 5761 144 1 19
K 0 0 43
A D 1 16
H 19 B 1 0 108 6 22 11 11 11 11 33
J B 28 3977 1 82 6913 144 0
J N 6 3998 0 2 1 0 1 20
K 0 0 43
A D 2 16
J N 6 4036 63 2 2305 288 1 20
K 0 0 43
A D 2 16
H 20 B 0 0 108 2 2 3
J R 6 4074 28 2 4609 288 0
K 0 0 49
A D 2 16
J B 29 4116 1 82 6913 288 0
J R 9 4137 28 2 1 10000 0
K 0 0 46
A D 6 16
J B 30 4242 1 82 6913 864 0
J R 9 4263 28 2 1 10000 0
K 0 0 46
A D 6 16
J B 31 4368 1 82 6913 864 0
J N 5 4395 0 3 1 0 1 21
K -18 0 63
K 0 0 43
A D 1 16
J N 5 4424 28 2 1153 144 1 21
K 0 0 43
A D 1 16
J N 5 4468 14 3 2305 144 1 21
K -18 0 63
K 0 0 43
A D 1 16
J N 5 4497 0 2 3457 144 1 21
K 0 0 43
A D 1 16
J N 5 4526 -21 5 4609 144 1 21
K 0 7 45
K 0 0 43
K 0 7 45
K 1 7 45
A D 1 16
J N 5 4555 0 2 5761 144 1 21
K 0 0 43
A D 1 16
H 21 B 1 0 108 6 22 11 11 11 11 33
J B 32 4588 1 82 6913 144 0
J N 6 4609 -7 2 1 0 1 22
K 0 0 43
A D 2 16
J N 6 4647 56 2 2305 288 1 22
K 0 0 43
A D 2 16
H 22 B 1 0 108 2 2 3
J R 6 4685 28 2 4609 288 0
K 0 0 49
A D 2 16
J B 33 4727 1 82 6913 288 0
J N 6 4754 0 3 1 0 1 23
K -18 0 63
K 0 0 43
A D 2 16
J N 6 4792 63 2 2305 288 1 23
K 0 0 43
A D 2 16
H 23 B 0 0 108 2 2 3
J R 6 4830 28 2 4609 288 0
K 0 0 49
A D 2 16
J B 34 4872 1 82 6913 288 0
J N 6 4893 7 2 1 0 1 24
K 0 0 43
A D 2 16
J N 6 4931 70 5 2305 288 1 24
K 1 0 45
K 0 0 43
K -1 0 45
K 2 0 45
A D 2 16
H 24 B 0 0 108 2 2 3
J R 6 4969 28 2 4609 288 0
K 0 0 49
A D 2 16
J B 35 5011 1 82 6913 288 0
J N 6 5038 14 4 1 0 1 25
K -18 0 63
K 0 0 43
K 24 -6 44
A D 3 16
J N 5 5084 28 2 3457 432 1 25
K 0 0 43
A D 1 16
J N 5 5113 7 2 4609 144 2 26 25
K 0 0 43
A D 1 16
J N 5 5142 -14 5 5761 144 2 25 26
K 0 0 45
K 0 0 43
K -1 0 45
K 2 0 45
A D 1 16
H 25 B 1 0 108 4 2 21 11 33
H 26 S 0 0 0 0 0 0 0 0 0
J B 36 5175 1 82 6913 144 0
J N 5 5196 -7 2 1 0 2 27 28
K 0 0 43
A D 1 16
J N 5 5240 0 3 1153 144 2 28 27
K -18 0 63
K 0 0 43
A D 1 16
H 28 B 1 0 108 2 22 33
H 27 S 0 0 0 0 0 0 0 0 0
J N 7 5269 0 4 2305 144 0
K 0 0 43
K 0 0 60
K 0 21 60
A D 4 16
J B 37 5326 1 82 6913 576 0
J N 7 5347 7 4 1 0 0
K 0 0 43
K 0 0 60
K 0 21 60
A D 4 16
J R 6 5400 28 2 4609 576 0
K 0 0 49
A D 2 16
J B 38 5442 1 82 6913 288 0
J R 9 5463 28 2 1 10000 0
K 0 0 46
A D 6 16
J B 39 5568 1 82 6913 864 0
J R 9 5589 28 2 1 10000 0
K 0 0 46
A D 6 16
J B 40 5694 1 82 6913 864 0
J N 5 5721 -7 3 1 0 2 29 30
K -18 0 63
K 0 0 43
A D 1 16
J N 5 5750 7 2 1153 144 1 30
K 0 0 43
A D 1 16
J N 5 5779 -7 2 2305 144 1 30
K 0 0 43
A D 1 16
J N 5 5808 -21 5 3457 144 1 30
K 0 7 45
K 0 0 43
K 0 7 45
K 1 7 45
A D 1 16
J N 5 5837 -7 2 4609 144 1 30
K 0 0 43
A D 1 16
J N 5 5866 7 2 5761 144 2 30 29
K 0 0 43
A D 1 16
H 30 B 1 0 108 6 22 11 11 11 11 33
H 29 S 0 0 0 0 -14 1 0 0 0
J B 41 5899 1 82 6913 144 0
J N 5 5920 -14 5 1 0 2 31 32
K 0 0 45
K 0 0 43
K -1 0 45
K 2 0 45
A D 1 16
J N 5 5949 35 2 1153 144 1 32
K 0 0 43
A D 1 16
J N 5 5978 21 2 2305 144 1 32
K 0 0 43
A D 1 16
J N 5 6007 7 2 3457 144 1 32
K 0 0 43
A D 1 16
J N 5 6036 21 2 4609 144 1 32
K 0 0 43
A D 1 16
J N 5 6065 35 2 5761 144 2 32 31
K 0 0 43
A D 1 16
H 32 B 1 0 108 6 22 11 11 11 11 33
H 31 S 0 0 0 0 0 0 0 0 0
J B 42 6098 1 82 6913 144 0
J N 7 6125 63 5 1 0 0
K -18 0 63
K 0 0 43
K 0 0 59
K 0 -21 59
A D 4 16
J N 6 6178 56 3 4609 576 1 33
K 0 0 43
K 0 0 53
A D 2 16
J B 43 6224 1 82 6913 288 0
J N 6 6245 56 2 1 0 2 34 33
K 0 0 43
A D 2 16
H 33 T 56 0 0 0 0 0 13 0
J N 6 6283 56 3 2305 288 1 34
K 0 0 43
K 24 -6 44
A D 3 16
J N 5 6338 63 3 5761 432 1 34
K -18 0 63
K 0 0 43
A D 1 16
H 34 B 0 0 108 3 2 1 53
J B 44 6371 1 82 6913 144 0
J N 7 6392 56 5 1 0 0
K 0 0 43
K 24 -6 44
K 0 0 59
K 0 -21 59
A D 6 16
J B 45 6472 5 2 6913 864 0
K -8 0 82
K 0 0 82
J R 9 6493 28 2 1 10000 0
K 0 0 46
A D 6 16
J B 46 6598 1 82 6913 864 0
J R 9 6619 28 2 1 10000 0
K 0 0 46
A D 6 16
J B 47 6724 1 82 6913 864 0
J R 9 6745 28 2 1 10000 0
K 0 0 46
A D 6 16
J B 48 6850 1 82 6913 864 0
J R 9 6871 28 2 1 10000 0
K 0 0 46
A D 6 16
J B 49 6976 1 82 6913 864 0
J N 6 6997 -7 2 1 0 1 35
K 0 0 43
A D 2 16
J N 5 7035 7 2 2305 288 1 35
K 0 0 43
A D 1 16
J N 5 7064 0 2 3457 144 1 35
K 0 0 43
A D 1 16
J N 6 7093 -7 2 4609 144 1 35
K 0 0 43
A D 2 16
H 35 B 1 0 108 4 2 21 31 3
J B 50 7135 1 82 6913 288 0
J N 6 7156 21 2 1 0 1 36
K 0 0 43
A D 2 16
J N 6 7194 21 2 2305 288 1 36
K 0 0 43
A D 2 16
J N 6 7232 14 2 4609 288 1 36
K 0 0 43
A D 2 16
H 36 B 1 0 108 3 2 1 3
J B 51 7274 1 82 6913 288 0
J N 5 7295 7 2 1 0 2 37 38
K 0 0 43
A D 1 16
J N 5 7324 0 2 1153 144 1 38
K 0 0 43
A D 1 16
J N 5 7353 7 2 2305 144 1 38
K 0 0 43
A D 1 16
J N 5 7382 0 2 3457 144 1 38
K 0 0 43
A D 1 16
J N 6 7411 -7 2 4609 144 2 38 37
K 0 0 43
A D 2 16
H 38 B 1 0 108 5 22 11 11 31 3
H 37 S 0 0 0 0 0 0 0 0 0
J B 52 7453 1 82 6913 288 0
J N 7 7474 14 5 1 0 0
K 0 0 43
K 24 -6 44
K 0 0 60
K 0 21 60
A D 6 16
J B 53 7568 10 6 6913 864 0
K -22 21 44
K -22 35 44
K -12 0 84
K 0 0 84
K 11 21 44
K 11 35 44
J R 9 7605 28 2 1 10000 0
K 0 0 46
A D 6 16
J B 54 7710 1 82 6913 864 0
J R 9 7731 28 2 1 10000 0
K 0 0 46
A D 6 16
J B 55 7836 1 82 6913 864 0
J R 9 7857 28 2 1 10000 0
K 0 0 46
A D 6 16
J B 56 7962 1 82 6913 864 0
J R 9 7983 28 2 1 10000 0
K 0 0 46
A D 6 16
J B 57 8088 1 82 6913 864 0
J N 5 8109 -14 5 1 0 2 39 40
K 0 0 45
K 0 0 43
K -1 0 45
K 2 0 45
A D 1 16
J N 5 8138 -7 2 1153 144 1 40
K 0 0 43
A D 1 16
J N 5 8167 0 2 2305 144 1 40
K 0 0 43
A D 1 16
J N 5 8196 7 2 3457 144 1 40
K 0 0 43
A D 1 16
J N 5 8225 14 2 4609 144 1 40
K 0 0 43
A D 1 16
J N 5 8254 21 2 5761 144 2 40 39
K 0 0 43
A D 1 16
H 40 B 1 0 108 6 22 11 11 11 11 33
H 39 S 0 0 0 0 0 0 0 0 0
J B 58 8287 1 82 6913 144 0
J N 6 8308 -7 3 1 0 1 41
K 0 0 43
K 25 0 44
A D 3 16
J N 5 8354 0 2 3457 432 1 41
K 0 0 43
A D 1 16
J N 5 8383 7 2 4609 144 2 42 41
K 0 0 43
A D 1 16
J N 5 8412 14 2 5761 144 2 41 42
K 0 0 43
A D 1 16
H 41 B 1 0 108 4 2 21 11 33
H 42 S 0 0 0 0 0 0 0 0 0
J B 59 8445 1 82 6913 144 0
J N 5 8466 7 2 1 0 2 43 44
K 0 0 43
A D 1 16
J N 5 8495 0 2 1153 144 2 44 43
K 0 0 43
A D 1 16
H 44 B 1 0 108 2 22 33
H 43 S 0 0 0 0 0 0 0 0 0
J N 7 8524 14 4 2305 144 0
K 0 0 43
K 0 0 60
K 0 21 60
A D 4 16
J B 60 8581 1 82 6913 576 0
J N 7 8602 21 5 1 0 0
K 0 0 43
K 25 0 44
K 0 0 60
K 0 21 60
A D 6 16
J B 61 8697 6 4 6913 864 0
K -23 21 44
K -23 35 44
K -13 0 82
K -6 0 84
J N 5 8718 -14 6 1 0 2 45 46
K 0 0 45
K 0 0 43
K -1 0 45
K 2 0 45
K 0 98 108
A D 1 16
J N 5 8747 -7 2 1153 144 1 46
K 0 0 43
A D 1 16
J N 5 8776 0 2 2305 144 1 46
K 0 0 43
A D 1 16
J N 5 8805 7 2 3457 144 1 46
K 0 0 43
A D 1 16
J N 5 8834 14 2 4609 144 1 46
K 0 0 43
A D 1 16
J N 5 8863 21 2 5761 144 2 46 45
K 0 0 43
A D 1 16
H 46 B 1 0 108 6 22 11 11 11 11 33
H 45 S 0 0 0 0 0 0 0 0 0
J B 62 8896 1 82 6913 144 0
J N 6 8917 -7 3 1 0 1 47
K 0 0 43
K 25 0 44
A D 3 16
J N 5 8963 0 2 3457 432 1 47
K 0 0 43
A D 1 16
J N 5 8992 7 2 4609 144 2 48 47
K 0 0 43
A D 1 16
J N 5 9021 14 2 5761 144 2 47 48
K 0 0 43
A D 1 16
H 47 B 1 0 108 4 2 21 11 33
H 48 S 0 0 0 0 0 0 0 0 0
J B 63 9054 1 82 6913 144 0
J N 5 9075 7 2 1 0 2 49 50
K 0 0 43
A D 1 16
J N 5 9104 0 2 1153 144 2 50 49
K 0 0 43
A D 1 16
H 50 B 1 0 108 2 22 33
H 49 S 0 0 0 0 0 0 0 0 0
J N 7 9133 14 4 2305 144 0
K 0 0 43
K 0 0 60
K 0 21 60
A D 4 16
J B 64 9190 1 82 6913 576 0
J N 7 9211 21 5 1 0 0
K 0 0 43
K 25 0 44
K 0 0 60
K 0 21 60
A D 6 16
J B 0 9296 6 2 6913 864 0
K -13 0 82
K -6 0 84
J M 0 9296 0 0 10000 0 0
