S 0 200 140 2050 1066 7 "[...][....]"        
L 0 0 0 313 313 * 0 14 0        
J C 4 5 42 2 6913 0 0        
K 0 0 33        
K 0 0 34        
J K -1 57 0 1 6913 0 0        
K 0 28 65        
J D 0 -11 -14 1 6913 0 0        
W 0 0 37 \04\02        
J N 5 117 7 3 1 0 1 80        
K -15 0 65        
K 0 0 43        
A D 1 16        
J N 5 147 -35 6 433 144 1 80        
K 0 21 45        
K 0 7 45        
K 0 0 43        
K 0 7 45        
K 1 7 45        
A D 1 16        
J N 5 177 7 2 865 144 1 80        
K 0 0 43        
A D 1 16        
J N 5 206 -35 6 1297 144 1 80        
K 0 21 45        
K 0 7 45        
K 0 0 43        
K 0 7 45        
K 1 7 45        
A D 1 16        
H 80 B -50 0 108 4 22 11 11 33        
J N 5 235 7 2 1729 144 1 81        
K 0 0 43        
A D 1 16        
J N 5 264 -28 6 2161 144 1 81        
K 0 14 45        
K 0 0 45        
K 0 0 43        
K -1 0 45        
K 2 0 45        
A D 1 16        
J N 5 293 7 2 2593 144 1 81        
K 0 0 43        
A D 1 16        
J N 5 322 -28 6 3025 144 1 81        
K 0 14 45        
K 0 0 45        
K 0 0 43        
K -1 0 45        
K 2 0 45        
A D 1 16        
H 81 B -50 -4 108 4 22 11 11 33        
J N 5 351 14 2 3457 144 1 82        
K 0 0 43        
A D 1 16        
J N 5 380 -28 6 3889 144 1 82        
K 0 14 45        
K 0 0 45        
K 0 0 43        
K -1 0 45        
K 2 0 45        
A D 1 16        
J N 5 409 14 2 4321 144 1 82        
K 0 0 43        
A D 1 16        
J N 5 438 -28 6 4753 144 1 82        
K 0 14 45        
K 0 0 45        
K 0 0 43        
K -1 0 45        
K 2 0 45        
A D 1 16        
H 82 B -46 0 108 4 22 11 11 33        
J N 5 467 14 2 5185 144 1 83        
K 0 0 43        
A D 1 16        
J N 5 496 -21 5 5617 144 1 83        
K 0 7 45        
K 0 0 43        
K 0 7 45        
K 1 7 45        
A D 1 16        
J N 5 525 14 2 6049 144 1 83        
K 0 0 43        
A D 1 16        
J N 5 554 -21 5 6481 144 1 83        
K 0 7 45        
K 0 0 43        
K 0 7 45        
K 1 7 45        
A D 1 16        
H 83 B -45 -4 108 4 22 11 11 33        
J B 43 585 1 82 6913 144 0        
J N 5 610 21 2 1 0 1 84        
K 0 0 43        
A D 1 16        
J N 5 639 -21 5 433 144 1 84        
K 0 7 45        
K 0 0 43        
K 0 7 45        
K 1 7 45        
A D 1 16        
J N 5 668 21 2 865 144 1 84        
K 0 0 43        
A D 1 16        
J N 5 697 -21 5 1297 144 1 84        
K 0 7 45        
K 0 0 43        
K 0 7 45        
K 1 7 45        
A D 1 16        
H 84 B -50 0 108 4 22 11 11 33        
J N 5 726 0 2 1729 144 1 85        
K 0 0 43        
A D 1 16        
J N 5 755 -14 5 2161 144 1 85        
K 0 0 45        
K 0 0 43        
K -1 0 45        
K 2 0 45        
A D 1 16        
J N 5 784 0 2 2593 144 1 85        
K 0 0 43        
A D 1 16        
J N 5 813 -14 5 3025 144 1 85        
K 0 0 45        
K 0 0 43        
K -1 0 45        
K 2 0 45        
A D 1 16        
H 85 B -46 -1 108 4 22 11 11 33        
J N 5 842 14 3 3457 144 1 86        
K 0 0 43        
K 0 77 110        
A D 1 16        
J N 5 871 0 2 3889 144 1 86        
K 0 0 43        
A D 1 16        
J N 5 900 14 2 4321 144 1 86        
K 0 0 43        
A D 1 16        
J N 5 929 0 2 4753 144 1 86        
K 0 0 43        
A D 1 16        
H 86 B -46 -1 108 4 22 11 11 33        
J N 5 958 14 2 5185 144 1 87        
K 0 0 43        
A D 1 16        
J N 5 987 0 2 5617 144 1 87        
K 0 0 43        
A D 1 16        
J N 5 1016 14 2 6049 144 1 87        
K 0 0 43        
A D 1 16        
J N 5 1045 0 2 6481 144 1 87        
K 0 0 43        
A D 1 16        
H 87 B -46 -1 108 4 22 11 11 33        
J B 44 1076 1 82 6913 144 0        
J N 5 1097 21 2 1 0 1 88        
K 0 0 43        
A D 1 16        
J N 5 1126 0 2 433 144 1 88        
K 0 0 43        
A D 1 16        
J N 5 1155 21 2 865 144 1 88        
K 0 0 43        
A D 1 16        
J N 5 1184 0 2 1297 144 1 88        
K 0 0 43        
A D 1 16        
H 88 B -42 -2 108 4 22 11 11 33        
J N 5 1213 21 2 1729 144 1 89        
K 0 0 43        
A D 1 16        
J N 5 1242 0 2 2161 144 1 89        
K 0 0 43        
A D 1 16        
J N 5 1271 21 2 2593 144 1 89        
K 0 0 43        
A D 1 16        
J N 5 1300 0 2 3025 144 1 89        
K 0 0 43        
A D 1 16        
H 89 B -42 -2 108 4 22 11 11 33        
J N 5 1329 14 2 3457 144 1 90        
K 0 0 43        
A D 1 16        
J N 5 1358 0 2 3889 144 1 90        
K 0 0 43        
A D 1 16        
J N 5 1387 14 2 4321 144 1 90        
K 0 0 43        
A D 1 16        
J N 5 1416 0 2 4753 144 1 90        
K 0 0 43        
A D 1 16        
H 90 B -46 -1 108 4 22 11 11 33        
J N 5 1445 14 2 5185 144 1 91        
K 0 0 43        
A D 1 16        
J N 5 1474 0 2 5617 144 1 91        
K 0 0 43        
A D 1 16        
J N 5 1503 14 2 6049 144 1 91        
K 0 0 43        
A D 1 16        
J N 5 1532 0 2 6481 144 1 91        
K 0 0 43        
A D 1 16        
H 91 B -46 -1 108 4 22 11 11 33        
J B 45 1563 1 82 6913 144 0        
J N 5 1584 21 2 1 0 1 92        
K 0 0 43        
A D 1 16        
J N 5 1613 0 2 433 144 1 92        
K 0 0 43        
A D 1 16        
J N 5 1642 21 2 865 144 1 92        
K 0 0 43        
A D 1 16        
J N 5 1671 0 2 1297 144 1 92        
K 0 0 43        
A D 1 16        
H 92 B -42 -2 108 4 22 11 11 33        
J N 5 1700 21 2 1729 144 1 93        
K 0 0 43        
A D 1 16        
J N 5 1729 0 2 2161 144 1 93        
K 0 0 43        
A D 1 16        
J N 5 1758 21 2 2593 144 1 93        
K 0 0 43        
A D 1 16        
J N 5 1787 0 2 3025 144 1 93        
K 0 0 43        
A D 1 16        
H 93 B -42 -2 108 4 22 11 11 33        
J N 5 1816 14 2 3457 144 1 94        
K 0 0 43        
A D 1 16        
J N 5 1845 0 2 3889 144 1 94        
K 0 0 43        
A D 1 16        
J N 5 1874 14 2 4321 144 1 94        
K 0 0 43        
A D 1 16        
J N 5 1903 0 2 4753 144 1 94        
K 0 0 43        
A D 1 16        
H 94 B -46 -1 108 4 22 11 11 33        
J N 5 1932 14 2 5185 144 1 95        
K 0 0 43        
A D 1 16        
J N 5 1961 0 2 5617 144 1 95        
K 0 0 43        
A D 1 16        
J N 5 1990 14 2 6049 144 1 95        
K 0 0 43        
A D 1 16        
J N 5 2019 0 2 6481 144 1 95        
K 0 0 43        
A D 1 16        
H 95 B -46 -1 108 4 22 11 11 33        
J B 46 2050 1 82 6913 144 0        
E *        
L 160 0 0 313 313 * 0 14 0        
J C 4 5 42 2 6913 0 0        
K 0 0 33        
K 0 0 34        
J K -1 57 0 1 6913 0 0        
K 0 28 65        
J D 0 -11 -14 1 6913 0 0        
W 0 0 0 \04\02        
J N 7 117 28 4 1 0 0        
K 0 0 43        
K 0 0 60        
K 0 21 60        
A D 4 16        
J N 7 235 21 4 1729 576 0        
K 0 0 43        
K 0 0 60        
K 0 21 60        
A D 4 16        
J N 7 351 49 4 3457 576 0        
K 0 0 43        
K 0 0 59        
K 0 -21 59        
A D 4 16        
J R 6 467 28 2 5185 576 0        
K 0 0 49        
A D 2 16        
J N 6 525 63 3 6049 288 0        
K 0 0 43        
K 0 0 53        
A D 2 16        
J B 43 585 1 82 6913 288 0        
J N 6 610 56 3 1 0 1 55        
K -15 0 65        
K 0 0 43        
A D 2 16        
J N 6 668 70 5 865 288 1 55        
K 1 0 45        
K 0 0 43        
K -1 0 45        
K 2 0 45        
A D 2 16        
J N 6 726 49 2 1729 288 1 55        
K 0 0 43        
A D 2 16        
J N 6 784 49 2 2593 288 1 55        
K 0 0 43        
A D 2 16        
H 55 B 56 0 108 4 2 1 1 3        
J N 5 842 28 3 3457 288 1 56        
K 0 0 43        
K 0 77 110        
A D 1 16        
J N 5 871 14 2 3889 144 1 56        
K 0 0 43        
A D 1 16        
J N 5 900 28 2 4321 144 1 56        
K 0 0 43        
A D 1 16        
J N 5 929 14 2 4753 144 1 56        
K 0 0 43        
A D 1 16        
H 56 B -46 -1 108 4 22 11 11 33        
J N 5 958 28 2 5185 144 1 57        
K 0 0 43        
A D 1 16        
J N 5 987 14 2 5617 144 1 57        
K 0 0 43        
A D 1 16        
J N 5 1016 28 2 6049 144 1 57        
K 0 0 43        
A D 1 16        
J N 5 1045 14 2 6481 144 1 57        
K 0 0 43        
A D 1 16        
H 57 B -46 -1 108 4 22 11 11 33        
J B 44 1076 1 82 6913 144 0        
J N 5 1097 35 2 1 0 1 58        
K 0 0 43        
A D 1 16        
J N 5 1126 21 2 433 144 1 58        
K 0 0 43        
A D 1 16        
J N 5 1155 35 2 865 144 1 58        
K 0 0 43        
A D 1 16        
J N 5 1184 21 2 1297 144 1 58        
K 0 0 43        
A D 1 16        
H 58 B -53 -1 108 4 22 11 11 33        
J N 5 1213 35 2 1729 144 1 59        
K 0 0 43        
A D 1 16        
J N 5 1242 21 2 2161 144 1 59        
K 0 0 43        
A D 1 16        
J N 5 1271 35 2 2593 144 1 59        
K 0 0 43        
A D 1 16        
J N 5 1300 21 2 3025 144 1 59        
K 0 0 43        
A D 1 16        
H 59 B -53 -1 108 4 22 11 11 33        
J N 5 1329 28 2 3457 144 1 60        
K 0 0 43        
A D 1 16        
J N 5 1358 14 2 3889 144 1 60        
K 0 0 43        
A D 1 16        
J N 5 1387 28 2 4321 144 1 60        
K 0 0 43        
A D 1 16        
J N 5 1416 14 2 4753 144 1 60        
K 0 0 43        
A D 1 16        
H 60 B -46 -1 108 4 22 11 11 33        
J N 5 1445 28 2 5185 144 1 61        
K 0 0 43        
A D 1 16        
J N 5 1474 14 2 5617 144 1 61        
K 0 0 43        
A D 1 16        
J N 5 1503 28 2 6049 144 1 61        
K 0 0 43        
A D 1 16        
J N 5 1532 14 2 6481 144 1 61        
K 0 0 43        
A D 1 16        
H 61 B -46 -1 108 4 22 11 11 33        
J B 45 1563 1 82 6913 144 0        
J N 5 1584 35 2 1 0 1 62        
K 0 0 43        
A D 1 16        
J N 5 1613 21 2 433 144 1 62        
K 0 0 43        
A D 1 16        
J N 5 1642 35 2 865 144 1 62        
K 0 0 43        
A D 1 16        
J N 5 1671 21 2 1297 144 1 62        
K 0 0 43        
A D 1 16        
H 62 B -53 -1 108 4 22 11 11 33        
J N 5 1700 35 2 1729 144 1 63        
K 0 0 43        
A D 1 16        
J N 5 1729 21 2 2161 144 1 63        
K 0 0 43        
A D 1 16        
J N 5 1758 35 2 2593 144 1 63        
K 0 0 43        
A D 1 16        
J N 5 1787 21 2 3025 144 1 63        
K 0 0 43        
A D 1 16        
H 63 B -53 -1 108 4 22 11 11 33        
J N 5 1816 28 2 3457 144 1 64        
K 0 0 43        
A D 1 16        
J N 5 1845 14 2 3889 144 1 64        
K 0 0 43        
A D 1 16        
J N 5 1874 28 2 4321 144 1 64        
K 0 0 43        
A D 1 16        
J N 5 1903 14 2 4753 144 1 64        
K 0 0 43        
A D 1 16        
H 64 B -46 -1 108 4 22 11 11 33        
J N 5 1932 28 2 5185 144 1 65        
K 0 0 43        
A D 1 16        
J N 5 1961 14 2 5617 144 1 65        
K 0 0 43        
A D 1 16        
J N 5 1990 28 2 6049 144 1 65        
K 0 0 43        
A D 1 16        
J N 5 2019 14 2 6481 144 1 65        
K 0 0 43        
A D 1 16        
H 65 B -46 -1 108 4 22 11 11 33        
J B 46 2050 1 82 6913 144 0        
E *        
L 320 0 0 313 313 * 0 14 0        
J C 22 5 14 36 6913 0 0        
J K -1 57 0 1 6913 0 0        
K 0 42 65        
J D 0 -11 -14 1 6913 0 0        
W 0 0 0 \04\02        
J F 0 117 98 2 1 0 0        
K 0 0 205        
K 15 0 219        
J N 7 117 7 4 1 0 0        
K 0 0 43        
K 0 0 60        
K 0 21 60        
A D 2 8        
J F 0 235 98 3 1729 576 0        
K 0 0 205        
K 0 21 204        
K 15 21 219        
J N 7 235 0 4 1729 0 0        
K 0 0 43        
K 0 0 60        
K 0 21 60        
A D 2 8        
J F 0 351 98 1 3457 576 0        
K 0 0 208        
J N 7 351 -7 4 3457 0 0        
K 0 0 43        
K 0 0 60        
K 0 21 60        
A D 2 8        
J R 7 467 28 2 5185 576 0        
K 0 0 48        
A D 2 8        
J B 43 585 1 82 6913 576 0        
J F 0 610 98 2 1 0 0        
K 0 0 205        
K 0 21 204        
J N 7 610 21 5 1 0 0        
K -15 0 65        
K 0 0 43        
K 0 0 60        
K 0 21 60        
A D 2 8        
J F 0 726 98 1 1729 576 0        
K 0 0 202        
J N 7 726 14 4 1729 0 0        
K 0 0 43        
K 0 0 60        
K 0 21 60        
A D 2 8        
J N 7 842 42 5 3457 576 0        
K 0 0 43        
K 0 44 110        
K 0 0 59        
K 0 -21 59        
A D 2 8        
J R 7 958 28 2 5185 576 0        
K 0 0 48        
A D 2 8        
J B 44 1076 1 82 6913 576 0        
J N 7 1097 -35 9 1 0 0        
K 0 21 45        
K 0 7 45        
K 0 0 43        
K 0 7 45        
K 1 7 45        
K 0 0 60        
K 0 28 60        
K 0 35 60        
A D 2 8        
J N 7 1213 14 4 1729 576 0        
K 0 0 43        
K 0 0 60        
K 0 21 60        
A D 2 8        
J N 7 1329 -7 4 3457 576 0        
K 0 0 43        
K 0 0 60        
K 0 21 60        
A D 2 8        
J N 7 1445 42 4 5185 576 0        
K 0 0 43        
K 0 0 59        
K 0 -21 59        
A D 2 8        
J B 45 1563 1 82 6913 576 0        
J N 7 1584 14 4 1 0 0        
K 0 0 43        
K 0 0 60        
K 0 21 60        
A D 2 8        
J R 7 1700 28 2 1729 576 0        
K 0 0 48        
A D 2 8        
J N 7 1816 42 4 3457 576 0        
K 0 0 43        
K 0 0 59        
K 0 -21 59        
A D 2 8        
J R 7 1932 28 2 5185 576 0        
K 0 0 48        
A D 2 8        
J B 46 2050 1 82 6913 576 0        
E *        
L 530 0 0 313 313 * 0 14 0        
J C 4 5 42 2 6913 0 0        
K 0 0 33        
K 0 0 34        
J K -1 57 0 1 6913 0 0        
K 0 28 65        
J D 0 -11 -14 1 6913 0 0        
W 0 0 0 \04\02        
J R 8 117 28 2 1 0 0        
K 0 0 47        
A D 8 16        
J R 7 351 28 2 3457 1152 0        
K 0 0 48        
A D 4 16        
J R 6 467 28 2 5185 576 0        
K 0 0 49        
A D 2 16        
J N 6 525 63 3 6049 288 0        
K 0 0 43        
K 0 0 53        
A D 2 16        
J B 43 585 1 82 6913 288 0        
J N 6 610 56 3 1 0 1 46        
K -15 0 65        
K 0 0 43        
A D 2 16        
J N 6 668 70 5 865 288 1 46        
K 1 0 45        
K 0 0 43        
K -1 0 45        
K 2 0 45        
A D 2 16        
J N 6 726 49 2 1729 288 1 46        
K 0 0 43        
A D 2 16        
J N 6 784 49 2 2593 288 1 46        
K 0 0 43        
A D 2 16        
H 46 B 56 0 108 4 2 1 1 3        
J N 7 842 77 7 3457 288 0        
K 1 -7 45        
K 0 0 43        
K 0 -7 45        
K 1 -7 45        
K 0 0 59        
K 0 -21 59        
A D 4 16        
J R 7 958 28 2 5185 576 0        
K 0 0 48        
A D 4 16        
J B 44 1076 1 82 6913 576 0        
J R 9 1305 28 2 1 10000 0        
K 0 0 46        
A D 16 16        
J B 45 1563 1 82 6913 2304 0        
J N 7 1584 21 4 1 0 0        
K 0 0 43        
K 0 0 60        
K 0 21 60        
A D 4 16        
J R 7 1700 28 2 1729 576 0        
K 0 0 48        
A D 4 16        
J N 7 1816 14 4 3457 576 0        
K 0 0 43        
K 0 0 60        
K 0 21 60        
A D 4 16        
J R 7 1932 28 2 5185 576 0        
K 0 0 48        
A D 4 16        
J B 46 2050 1 82 6913 576 0        
E *        
L 690 0 0 313 313 * 0 14 0        
J C 4 5 42 2 6913 0 0        
K 0 0 33        
K 0 0 34        
J K -1 57 0 1 6913 0 0        
K 0 28 65        
J D 0 -11 -14 1 6913 0 0        
W 0 0 0 \04\02        
J R 8 117 28 2 1 0 0        
K 0 0 47        
A D 8 16        
J R 7 351 28 2 3457 1152 0        
K 0 0 48        
A D 4 16        
J R 6 467 28 2 5185 576 0        
K 0 0 49        
A D 2 16        
J N 6 525 63 3 6049 288 0        
K 0 0 43        
K 0 0 53        
A D 2 16        
J B 43 585 1 82 6913 288 0        
J N 6 610 56 3 1 0 1 45        
K -15 0 65        
K 0 0 43        
A D 2 16        
J N 6 668 70 5 865 288 1 45        
K 1 0 45        
K 0 0 43        
K -1 0 45        
K 2 0 45        
A D 2 16        
J N 6 726 49 2 1729 288 1 45        
K 0 0 43        
A D 2 16        
J N 6 784 49 2 2593 288 1 45        
K 0 0 43        
A D 2 16        
H 45 B 56 0 108 4 2 1 1 3        
J N 7 842 77 7 3457 288 0        
K 1 -7 45        
K 0 0 43        
K 0 -7 45        
K 1 -7 45        
K 0 0 59        
K 0 -21 59        
A D 4 16        
J R 7 958 28 2 5185 576 0        
K 0 0 48        
A D 4 16        
J B 44 1076 1 82 6913 576 0        
J R 9 1305 28 2 1 10000 0        
K 0 0 46        
A D 16 16        
J B 45 1563 1 82 6913 2304 0        
J N 7 1584 35 4 1 0 0        
K 0 0 43        
K 0 0 59        
K 0 -21 59        
A D 4 16        
J R 7 1700 28 2 1729 576 0        
K 0 0 48        
A D 4 16        
J N 7 1816 28 4 3457 576 0        
K 0 0 43        
K 0 0 60        
K 0 21 60        
A D 4 16        
J R 7 1932 28 2 5185 576 0        
K 0 0 48        
A D 4 16        
J B 46 2050 1 82 6913 576 0        
E *        
L 850 0 0 313 313 * 0 14 0        
J C 13 5 28 35 6913 0 0        
J K -1 57 0 1 6913 0 0        
K 0 35 65        
J D 0 -11 -14 1 6913 0 0        
W 0 0 0 \04\02        
J R 8 117 28 2 1 0 0        
K 0 0 47        
A D 4 8        
J R 7 351 28 2 3457 1152 0        
K 0 0 48        
A D 2 8        
J N 7 467 7 4 5185 576 0        
K 0 0 43        
K 0 0 60        
K 0 21 60        
A D 2 8        
J B 43 585 1 82 6913 576 0        
J N 7 610 0 4 1 0 0        
K 0 0 43        
K 0 0 60        
K 0 21 60        
A D 2 8        
J N 7 726 7 4 1729 576 0        
K 0 0 43        
K 0 0 60        
K 0 21 60        
A D 2 8        
J N 7 842 7 4 3457 576 0        
K 0 0 43        
K 0 0 60        
K 0 21 60        
A D 2 8        
J R 7 958 28 2 5185 576 0        
K 0 0 48        
A D 2 8        
J B 44 1076 1 82 6913 576 0        
J R 9 1305 28 2 1 10000 0        
K 0 0 46        
A D 8 8        
J B 45 1563 1 82 6913 2304 0        
J N 7 1584 7 4 1 0 0        
K 0 0 43        
K 0 0 60        
K 0 21 60        
A D 2 8        
J R 7 1700 28 2 1729 576 0        
K 0 0 48        
A D 2 8        
J N 7 1816 7 4 3457 576 0        
K 0 0 43        
K 0 0 60        
K 0 21 60        
A D 2 8        
J R 7 1932 28 2 5185 576 0        
K 0 0 48        
A D 2 8        
J B 46 2050 1 82 6913 576 0        
E *        
L 1010 0 0 313 313 * 0 14 0        
J C 22 5 14 36 6913 0 0        
J K -1 57 0 1 6913 0 0        
K 0 42 65        
J D 0 -11 -14 1 6913 0 0        
W 0 0 0 \04\02        
J R 8 117 28 2 1 0 0        
K 0 0 47        
A D 4 8        
J R 7 351 28 2 3457 1152 0        
K 0 0 48        
A D 2 8        
J F 0 467 98 1 5185 576 0        
K 0 0 205        
J N 7 467 28 4 5185 0 0        
K 0 0 43        
K 0 0 60        
K 0 21 60        
A D 2 8        
J B 43 585 1 82 6913 576 0        
J F 0 610 98 2 1 0 0        
K 0 0 205        
K 0 21 204        
J N 7 610 21 5 1 0 0        
K -15 0 65        
K 0 0 43        
K 0 0 60        
K 0 21 60        
A D 2 8        
J F 0 726 98 1 1729 576 0        
K 0 0 202        
J N 7 726 14 4 1729 0 0        
K 0 0 43        
K 0 0 60        
K 0 21 60        
A D 2 8        
J N 7 842 42 4 3457 576 0        
K 0 0 43        
K 0 0 59        
K 0 -21 59        
A D 2 8        
J R 7 958 28 2 5185 576 0        
K 0 0 48        
A D 2 8        
J B 44 1076 1 82 6913 576 0        
J R 9 1305 28 2 1 10000 0        
K 0 0 46        
A D 8 8        
J B 45 1563 1 82 6913 2304 0        
J N 7 1584 14 4 1 0 0        
K 0 0 43        
K 0 0 60        
K 0 21 60        
A D 2 8        
J R 7 1700 28 2 1729 576 0        
K 0 0 48        
A D 2 8        
J N 7 1816 42 4 3457 576 0        
K 0 0 43        
K 0 0 59        
K 0 -21 59        
A D 2 8        
J R 7 1932 28 2 5185 576 0        
K 0 0 48        
A D 2 8        
J B 46 2050 1 82 6913 576 0        
E *        
B 1 585 0        
B 1 1076 0        
B 1 1563 0        
B 1 2050 0        
S 0 200 1510 2050 1066 7 "[...][....]"        
L 0 0 0 313 313 * 0 14 0        
J C 4 5 42 2 6913 0 0        
K 0 0 33        
K 0 0 34        
J K -1 57 0 1 6913 0 0        
K 0 28 65        
J D 0 -11 -14 1 6913 0 0        
W 0 0 37 \04\06        
J N 5 119 21 2 1 0 1 96        
K 0 0 43        
A D 1 16        
J N 5 163 0 3 433 144 1 96        
K -18 0 63        
K 0 0 43        
A D 1 16        
J N 5 192 21 2 865 144 1 96        
K 0 0 43        
A D 1 16        
J N 5 221 0 2 1297 144 1 96        
K 0 0 43        
A D 1 16        
H 96 B -53 -1 108 4 22 11 11 33        
J N 5 250 21 2 1729 144 1 97        
K 0 0 43        
A D 1 16        
J N 5 279 0 2 2161 144 1 97        
K 0 0 43        
A D 1 16        
J N 5 308 21 2 2593 144 1 97        
K 0 0 43        
A D 1 16        
J N 5 337 0 2 3025 144 1 97        
K 0 0 43        
A D 1 16        
H 97 B -42 -2 108 4 22 11 11 33        
J N 5 366 28 2 3457 144 1 98        
K 0 0 43        
A D 1 16        
J N 5 395 -7 2 3889 144 1 98        
K 0 0 43        
A D 1 16        
J N 5 424 28 2 4321 144 1 98        
K 0 0 43        
A D 1 16        
J N 5 453 -7 2 4753 144 1 98        
K 0 0 43        
A D 1 16        
H 98 B -45 -4 108 4 22 11 11 33        
J N 5 482 28 2 5185 144 1 99        
K 0 0 43        
A D 1 16        
J N 5 511 -7 2 5617 144 1 99        
K 0 0 43        
A D 1 16        
J N 5 540 28 2 6049 144 1 99        
K 0 0 43        
A D 1 16        
J N 5 569 -7 2 6481 144 1 99        
K 0 0 43        
A D 1 16        
H 99 B -45 -4 108 4 22 11 11 33        
J B 47 600 1 82 6913 144 0        
J N 5 627 14 2 1 0 1 100        
K 0 0 43        
A D 1 16        
J N 5 656 -14 5 433 144 1 100        
K 0 0 45        
K 0 0 43        
K -1 0 45        
K 2 0 45        
A D 1 16        
J N 5 685 14 2 865 144 1 100        
K 0 0 43        
A D 1 16        
J N 5 714 -14 5 1297 144 1 100        
K 0 0 45        
K 0 0 43        
K -1 0 45        
K 2 0 45        
A D 1 16        
H 100 B -47 -2 108 4 22 11 11 33        
J N 5 743 14 2 1729 144 1 101        
K 0 0 43        
A D 1 16        
J N 5 772 -14 5 2161 144 1 101        
K 0 0 45        
K 0 0 43        
K -1 0 45        
K 2 0 45        
A D 1 16        
J N 5 801 14 2 2593 144 1 101        
K 0 0 43        
A D 1 16        
J N 5 830 -14 5 3025 144 1 101        
K 0 0 45        
K 0 0 43        
K -1 0 45        
K 2 0 45        
A D 1 16        
H 101 B -47 -2 108 4 22 11 11 33        
J N 5 859 14 2 3457 144 1 102        
K 0 0 43        
A D 1 16        
J N 5 888 -21 5 3889 144 1 102        
K 0 7 45        
K 0 0 43        
K 0 7 45        
K 1 7 45        
A D 1 16        
J N 5 917 14 2 4321 144 1 102        
K 0 0 43        
A D 1 16        
J N 5 946 -21 5 4753 144 1 102        
K 0 7 45        
K 0 0 43        
K 0 7 45        
K 1 7 45        
A D 1 16        
H 102 B -45 -4 108 4 22 11 11 33        
J N 5 974 14 2 5185 144 1 103        
K 0 0 43        
A D 1 16        
J N 5 1002 -21 5 5617 144 1 103        
K 0 7 45        
K 0 0 43        
K 0 7 45        
K 1 7 45        
A D 1 16        
J N 5 1030 14 2 6049 144 1 103        
K 0 0 43        
A D 1 16        
J N 5 1058 -21 5 6481 144 1 103        
K 0 7 45        
K 0 0 43        
K 0 7 45        
K 1 7 45        
A D 1 16        
H 103 B -45 -4 108 4 22 11 11 33        
J B 48 1088 1 82 6913 144 0        
J N 5 1109 14 2 1 0 1 104        
K 0 0 43        
A D 1 16        
J N 5 1137 -35 6 433 144 1 104        
K 0 21 45        
K 0 7 45        
K 0 0 43        
K 0 7 45        
K 1 7 45        
A D 1 16        
J N 5 1165 14 2 865 144 1 104        
K 0 0 43        
A D 1 16        
J N 5 1193 -35 6 1297 144 1 104        
K 0 21 45        
K 0 7 45        
K 0 0 43        
K 0 7 45        
K 1 7 45        
A D 1 16        
H 104 B -46 0 108 4 22 11 11 33        
J N 5 1221 14 2 1729 144 1 105        
K 0 0 43        
A D 1 16        
J N 5 1249 -35 6 2161 144 1 105        
K 0 21 45        
K 0 7 45        
K 0 0 43        
K 0 7 45        
K 1 7 45        
A D 1 16        
J N 5 1277 14 2 2593 144 1 105        
K 0 0 43        
A D 1 16        
J N 5 1305 -35 6 3025 144 1 105        
K 0 21 45        
K 0 7 45        
K 0 0 43        
K 0 7 45        
K 1 7 45        
A D 1 16        
H 105 B -46 0 108 4 22 11 11 33        
J N 5 1335 7 3 3457 144 1 106        
K -14 0 64        
K 0 0 43        
A D 1 16        
J N 5 1363 -35 6 3889 144 1 106        
K 0 21 45        
K 0 7 45        
K 0 0 43        
K 0 7 45        
K 1 7 45        
A D 1 16        
J N 5 1391 7 2 4321 144 1 106        
K 0 0 43        
A D 1 16        
J N 5 1419 -35 6 4753 144 1 106        
K 0 21 45        
K 0 7 45        
K 0 0 43        
K 0 7 45        
K 1 7 45        
A D 1 16        
H 106 B -50 0 108 4 22 11 11 33        
J N 5 1447 7 2 5185 144 1 107        
K 0 0 43        
A D 1 16        
J N 5 1475 -35 6 5617 144 1 107        
K 0 21 45        
K 0 7 45        
K 0 0 43        
K 0 7 45        
K 1 7 45        
A D 1 16        
J N 5 1503 7 2 6049 144 1 107        
K 0 0 43        
A D 1 16        
J N 5 1531 -35 6 6481 144 1 107        
K 0 21 45        
K 0 7 45        
K 0 0 43        
K 0 7 45        
K 1 7 45        
A D 1 16        
H 107 B -50 0 108 4 22 11 11 33        
J B 49 1561 1 82 6913 144 0        
J N 5 1582 7 2 1 0 1 108        
K 0 0 43        
A D 1 16        
J N 5 1610 -28 6 433 144 1 108        
K 0 14 45        
K 0 0 45        
K 0 0 43        
K -1 0 45        
K 2 0 45        
A D 1 16        
J N 5 1638 7 2 865 144 1 108        
K 0 0 43        
A D 1 16        
J N 5 1666 -28 6 1297 144 1 108        
K 0 14 45        
K 0 0 45        
K 0 0 43        
K -1 0 45        
K 2 0 45        
A D 1 16        
H 108 B -50 -4 108 4 22 11 11 33        
J N 5 1694 7 2 1729 144 1 109        
K 0 0 43        
A D 1 16        
J N 5 1722 -28 6 2161 144 1 109        
K 0 14 45        
K 0 0 45        
K 0 0 43        
K -1 0 45        
K 2 0 45        
A D 1 16        
J N 5 1750 7 2 2593 144 1 109        
K 0 0 43        
A D 1 16        
J N 5 1778 -28 6 3025 144 1 109        
K 0 14 45        
K 0 0 45        
K 0 0 43        
K -1 0 45        
K 2 0 45        
A D 1 16        
H 109 B -50 -4 108 4 22 11 11 33        
J N 5 1808 0 3 3457 144 1 110        
K -18 0 63        
K 0 0 43        
A D 1 16        
J N 5 1852 -28 6 3889 144 1 110        
K 0 14 45        
K 0 0 45        
K 0 0 43        
K -1 0 45        
K 2 0 45        
A D 1 16        
J N 5 1880 0 2 4321 144 1 110        
K 0 0 43        
A D 1 16        
J N 5 1908 -28 6 4753 144 1 110        
K 0 14 45        
K 0 0 45        
K 0 0 43        
K -1 0 45        
K 2 0 45        
A D 1 16        
H 110 B -46 -1 108 4 22 11 11 33        
J N 5 1936 -7 2 5185 144 1 111        
K 0 0 43        
A D 1 16        
J N 5 1964 -21 5 5617 144 1 111        
K 0 7 45        
K 0 0 43        
K 0 7 45        
K 1 7 45        
A D 1 16        
J N 5 1992 -7 2 6049 144 1 111        
K 0 0 43        
A D 1 16        
J N 5 2020 -21 5 6481 144 1 111        
K 0 7 45        
K 0 0 43        
K 0 7 45        
K 1 7 45        
A D 1 16        
H 111 B -53 -1 108 4 22 11 11 33        
J B 50 2050 1 82 6913 144 0        
E *        
L 160 0 0 313 313 * 0 14 0        
J C 4 5 42 2 6913 0 0        
K 0 0 33        
K 0 0 34        
J K -1 57 0 1 6913 0 0        
K 0 28 65        
J D 0 -11 -14 1 6913 0 0        
W 0 0 0 \04\06        
J N 5 119 0 3 1 0 1 66        
K -18 0 63        
K 0 0 43        
A D 1 16        
J N 5 163 -14 5 433 144 1 66        
K 0 0 45        
K 0 0 43        
K -1 0 45        
K 2 0 45        
A D 1 16        
J N 5 192 0 2 865 144 1 66        
K 0 0 43        
A D 1 16        
J N 5 221 -14 5 1297 144 1 66        
K 0 0 45        
K 0 0 43        
K -1 0 45        
K 2 0 45        
A D 1 16        
H 66 B -46 -1 108 4 22 11 11 33        
J N 5 250 0 2 1729 144 1 67        
K 0 0 43        
A D 1 16        
J N 5 279 -14 5 2161 144 1 67        
K 0 0 45        
K 0 0 43        
K -1 0 45        
K 2 0 45        
A D 1 16        
J N 5 308 0 2 2593 144 1 67        
K 0 0 43        
A D 1 16        
J N 5 337 -14 5 3025 144 1 67        
K 0 0 45        
K 0 0 43        
K -1 0 45        
K 2 0 45        
A D 1 16        
H 67 B -46 -1 108 4 22 11 11 33        
J N 5 366 -7 2 3457 144 1 68        
K 0 0 43        
A D 1 16        
J N 5 395 -21 5 3889 144 1 68        
K 0 7 45        
K 0 0 43        
K 0 7 45        
K 1 7 45        
A D 1 16        
J N 5 424 -7 2 4321 144 1 68        
K 0 0 43        
A D 1 16        
J N 5 453 -21 5 4753 144 1 68        
K 0 7 45        
K 0 0 43        
K 0 7 45        
K 1 7 45        
A D 1 16        
H 68 B -53 -1 108 4 22 11 11 33        
J N 5 482 -7 2 5185 144 1 69        
K 0 0 43        
A D 1 16        
J N 5 511 -21 5 5617 144 1 69        
K 0 7 45        
K 0 0 43        
K 0 7 45        
K 1 7 45        
A D 1 16        
J N 5 540 -7 2 6049 144 1 69        
K 0 0 43        
A D 1 16        
J N 5 569 -21 5 6481 144 1 69        
K 0 7 45        
K 0 0 43        
K 0 7 45        
K 1 7 45        
A D 1 16        
H 69 B -53 -1 108 4 22 11 11 33        
J B 47 600 1 82 6913 144 0        
J N 5 627 0 3 1 0 1 70        
K -18 0 63        
K 0 0 43        
A D 1 16        
J N 5 656 -14 5 433 144 1 70        
K 0 0 45        
K 0 0 43        
K -1 0 45        
K 2 0 45        
A D 1 16        
J N 5 685 0 2 865 144 1 70        
K 0 0 43        
A D 1 16        
J N 5 714 -14 5 1297 144 1 70        
K 0 0 45        
K 0 0 43        
K -1 0 45        
K 2 0 45        
A D 1 16        
H 70 B -46 -1 108 4 22 11 11 33        
J N 5 743 0 2 1729 144 1 71        
K 0 0 43        
A D 1 16        
J N 5 772 -14 5 2161 144 1 71        
K 0 0 45        
K 0 0 43        
K -1 0 45        
K 2 0 45        
A D 1 16        
J N 5 801 0 2 2593 144 1 71        
K 0 0 43        
A D 1 16        
J N 5 830 -14 5 3025 144 1 71        
K 0 0 45        
K 0 0 43        
K -1 0 45        
K 2 0 45        
A D 1 16        
H 71 B -46 -1 108 4 22 11 11 33        
J N 5 859 -7 2 3457 144 1 72        
K 0 0 43        
A D 1 16        
J N 5 888 -21 5 3889 144 1 72        
K 0 7 45        
K 0 0 43        
K 0 7 45        
K 1 7 45        
A D 1 16        
J N 5 917 -7 2 4321 144 1 72        
K 0 0 43        
A D 1 16        
J N 5 946 -21 5 4753 144 1 72        
K 0 7 45        
K 0 0 43        
K 0 7 45        
K 1 7 45        
A D 1 16        
H 72 B -53 -1 108 4 22 11 11 33        
J N 5 974 -7 2 5185 144 1 73        
K 0 0 43        
A D 1 16        
J N 5 1002 -21 5 5617 144 1 73        
K 0 7 45        
K 0 0 43        
K 0 7 45        
K 1 7 45        
A D 1 16        
J N 5 1030 -7 2 6049 144 1 73        
K 0 0 43        
A D 1 16        
J N 5 1058 -21 5 6481 144 1 73        
K 0 7 45        
K 0 0 43        
K 0 7 45        
K 1 7 45        
A D 1 16        
H 73 B -53 -1 108 4 22 11 11 33        
J B 48 1088 1 82 6913 144 0        
J N 5 1109 28 2 1 0 1 74        
K 0 0 43        
A D 1 16        
J N 5 1137 -7 2 433 144 1 74        
K 0 0 43        
A D 1 16        
J N 5 1165 28 2 865 144 1 74        
K 0 0 43        
A D 1 16        
J N 5 1193 -7 2 1297 144 1 74        
K 0 0 43        
A D 1 16        
H 74 B -45 -4 108 4 22 11 11 33        
J N 5 1221 28 2 1729 144 1 75        
K 0 0 43        
A D 1 16        
J N 5 1249 -7 2 2161 144 1 75        
K 0 0 43        
A D 1 16        
J N 5 1277 28 2 2593 144 1 75        
K 0 0 43        
A D 1 16        
J N 5 1305 -7 2 3025 144 1 75        
K 0 0 43        
A D 1 16        
H 75 B -45 -4 108 4 22 11 11 33        
J N 5 1335 21 2 3457 144 1 76        
K 0 0 43        
A D 1 16        
J N 5 1363 -7 2 3889 144 1 76        
K 0 0 43        
A D 1 16        
J N 5 1391 21 2 4321 144 1 76        
K 0 0 43        
A D 1 16        
J N 5 1419 -7 2 4753 144 1 76        
K 0 0 43        
A D 1 16        
H 76 B -42 -2 108 4 22 11 11 33        
J N 5 1447 21 2 5185 144 1 77        
K 0 0 43        
A D 1 16        
J N 5 1475 -7 2 5617 144 1 77        
K 0 0 43        
A D 1 16        
J N 5 1503 21 2 6049 144 1 77        
K 0 0 43        
A D 1 16        
J N 5 1531 -7 2 6481 144 1 77        
K 0 0 43        
A D 1 16        
H 77 B -42 -2 108 4 22 11 11 33        
J B 49 1561 1 82 6913 144 0        
J N 5 1582 21 2 1 0 1 78        
K 0 0 43        
A D 1 16        
J N 5 1610 -14 5 433 144 1 78        
K 0 0 45        
K 0 0 43        
K -1 0 45        
K 2 0 45        
A D 1 16        
J N 5 1638 21 2 865 144 1 78        
K 0 0 43        
A D 1 16        
J N 5 1666 -14 5 1297 144 1 78        
K 0 0 45        
K 0 0 43        
K -1 0 45        
K 2 0 45        
A D 1 16        
H 78 B -50 -4 108 4 22 11 11 33        
J N 5 1694 21 2 1729 144 1 79        
K 0 0 43        
A D 1 16        
J N 5 1722 -14 5 2161 144 1 79        
K 0 0 45        
K 0 0 43        
K -1 0 45        
K 2 0 45        
A D 1 16        
J N 5 1750 21 2 2593 144 1 79        
K 0 0 43        
A D 1 16        
J N 5 1778 -14 5 3025 144 1 79        
K 0 0 45        
K 0 0 43        
K -1 0 45        
K 2 0 45        
A D 1 16        
H 79 B -50 -4 108 4 22 11 11 33        
J N 5 1808 14 2 3457 144 1 80        
K 0 0 43        
A D 1 16        
J N 5 1852 0 3 3889 144 1 80        
K -18 0 63        
K 0 0 43        
A D 1 16        
J N 5 1880 14 2 4321 144 1 80        
K 0 0 43        
A D 1 16        
J N 5 1908 0 2 4753 144 1 80        
K 0 0 43        
A D 1 16        
H 80 B -46 -1 108 4 22 11 11 33        
J N 5 1936 14 2 5185 144 1 81        
K 0 0 43        
A D 1 16        
J N 5 1964 -7 2 5617 144 1 81        
K 0 0 43        
A D 1 16        
J N 5 1992 14 2 6049 144 1 81        
K 0 0 43        
A D 1 16        
J N 5 2020 -7 2 6481 144 1 81        
K 0 0 43        
A D 1 16        
H 81 B -47 -2 108 4 22 11 11 33        
J B 50 2050 1 82 6913 144 0        
E *        
L 320 0 0 313 313 * 0 14 0        
J C 22 5 14 36 6913 0 0        
J K -1 57 0 1 6913 0 0        
K 0 42 65        
J D 0 -11 -14 1 6913 0 0        
W 0 0 0 \04\06        
J F 0 119 98 1 1 0 0        
K 0 0 213        
J N 7 119 -21 7 1 0 0        
K 0 7 45        
K 0 0 43        
K 0 7 45        
K 1 7 45        
K 0 0 60        
K 0 21 60        
A D 2 8        
J N 7 250 28 4 1729 576 0        
K 0 0 43        
K 0 0 60        
K 0 21 60        
A D 2 8        
J N 7 366 7 4 3457 576 0        
K 0 0 43        
K 0 0 60        
K 0 21 60        
A D 2 8        
J N 7 482 56 4 5185 576 0        
K 0 0 43        
K 0 0 59        
K 0 -21 59        
A D 2 8        
J B 47 600 1 82 6913 576 0        
J F 0 627 98 1 1 0 0        
K 0 0 213        
J N 7 627 28 4 1 0 0        
K 0 0 43        
K 0 0 60        
K 0 21 60        
A D 2 8        
J R 7 743 28 2 1729 576 0        
K 0 0 48        
A D 2 8        
J N 7 859 56 4 3457 576 0        
K 0 0 43        
K 0 0 59        
K 0 -21 59        
A D 2 8        
J R 7 974 28 2 5185 576 0        
K 0 0 48        
A D 2 8        
J B 48 1088 1 82 6913 576 0        
J N 7 1109 42 4 1 0 0        
K 0 0 43        
K 0 0 59        
K 0 -21 59        
A D 2 8        
J R 7 1221 28 2 1729 576 0        
K 0 0 48        
A D 2 8        
J F 0 1335 98 2 3457 576 0        
K 0 0 208        
K 0 21 218        
J N 7 1335 35 4 3457 0 0        
K 0 0 43        
K 0 0 59        
K 0 -21 59        
A D 2 8        
J R 7 1447 28 2 5185 576 0        
K 0 0 48        
A D 2 8        
J B 49 1561 1 82 6913 576 0        
J F 0 1582 98 1 1 0 0        
K 0 0 207        
J N 7 1582 35 4 1 0 0        
K 0 0 43        
K 0 0 59        
K 0 -21 59        
A D 2 8        
J R 7 1694 28 2 1729 576 0        
K 0 0 48        
A D 2 8        
J F 0 1808 98 2 3457 576 0        
K 0 0 206        
K 0 21 213        
J N 7 1808 28 4 3457 0 0        
K 0 0 43        
K 0 0 60        
K 0 21 60        
A D 2 8        
J N 7 1936 56 4 5185 576 0        
K 0 0 43        
K 0 0 59        
K 0 -21 59        
A D 2 8        
J B 50 2050 1 82 6913 576 0        
E *        
L 530 0 0 313 313 * 0 14 0        
J C 4 5 42 2 6913 0 0        
K 0 0 33        
K 0 0 34        
J K -1 57 0 1 6913 0 0        
K 0 28 65        
J D 0 -11 -14 1 6913 0 0        
W 0 0 0 \04\06        
J R 9 332 28 2 1 10000 0        
K 0 0 46        
A D 16 16        
J B 47 600 1 82 6913 2304 0        
J N 7 627 -14 7 1 0 0        
K 0 0 45        
K 0 0 43        
K -1 0 45        
K 2 0 45        
K 0 0 60        
K 0 21 60        
A D 4 16        
J R 7 743 28 2 1729 576 0        
K 0 0 48        
A D 4 16        
J N 7 859 -21 7 3457 576 0        
K 0 7 45        
K 0 0 43        
K 0 7 45        
K 1 7 45        
K 0 0 60        
K 0 21 60        
A D 4 16        
J R 7 974 28 2 5185 576 0        
K 0 0 48        
A D 4 16        
J B 48 1088 1 82 6913 576 0        
J R 8 1109 28 2 1 0 0        
K 0 0 47        
A D 8 16        
J N 7 1335 7 5 3457 1152 0        
K -14 0 64        
K 0 0 43        
K 0 0 60        
K 0 21 60        
A D 4 16        
J R 7 1447 28 2 5185 576 0        
K 0 0 48        
A D 4 16        
J B 49 1561 1 82 6913 576 0        
J R 8 1582 28 2 1 0 0        
K 0 0 47        
A D 8 16        
J N 7 1808 0 5 3457 1152 0        
K -18 0 63        
K 0 0 43        
K 0 0 60        
K 0 21 60        
A D 4 16        
J N 7 1936 -7 4 5185 576 1 47        
K 0 0 43        
K 0 0 60        
K 0 21 60        
A D 4 16        
J B 50 2050 1 82 6913 576 0        
J M 0 2050 0 0 6913 0 1 47        
H 47 T -7 0 0 0 0 0 1 0        
E *        
L 690 0 0 313 313 * 0 14 0        
J C 4 5 42 2 6913 0 0        
K 0 0 33        
K 0 0 34        
J K -1 57 0 1 6913 0 0        
K 0 28 65        
J D 0 -11 -14 1 6913 0 0        
W 0 0 0 \04\06        
J R 9 332 28 2 1 10000 0        
K 0 0 46        
A D 16 16        
J B 47 600 1 82 6913 2304 0        
J N 7 627 0 5 1 0 0        
K -18 0 63        
K 0 0 43        
K 0 0 60        
K 0 21 60        
A D 4 16        
J R 7 743 28 2 1729 576 0        
K 0 0 48        
A D 4 16        
J N 7 859 -7 4 3457 576 0        
K 0 0 43        
K 0 0 60        
K 0 21 60        
A D 4 16        
J R 7 974 28 2 5185 576 0        
K 0 0 48        
A D 4 16        
J B 48 1088 1 82 6913 576 0        
J R 8 1109 28 2 1 0 0        
K 0 0 47        
A D 8 16        
J N 7 1335 -7 4 3457 1152 0        
K 0 0 43        
K 0 0 60        
K 0 21 60        
A D 4 16        
J R 7 1447 28 2 5185 576 0        
K 0 0 48        
A D 4 16        
J B 49 1561 1 82 6913 576 0        
J R 8 1582 28 2 1 0 0        
K 0 0 47        
A D 8 16        
J N 7 1808 -14 7 3457 1152 0        
K 0 0 45        
K 0 0 43        
K -1 0 45        
K 2 0 45        
K 0 0 60        
K 0 21 60        
A D 4 16        
J N 7 1936 -21 7 5185 576 0        
K 0 7 45        
K 0 0 43        
K 0 7 45        
K 1 7 45        
K 0 0 60        
K 0 21 60        
A D 4 16        
J B 50 2050 1 82 6913 576 0        
E *        
L 850 0 0 313 313 * 0 14 0        
J C 13 5 28 35 6913 0 0        
J K -1 57 0 1 6913 0 0        
K 0 35 65        
J D 0 -11 -14 1 6913 0 0        
W 0 0 0 \04\06        
J R 9 332 28 2 1 10000 0        
K 0 0 46        
A D 8 8        
J B 47 600 1 82 6913 2304 0        
J N 7 627 21 4 1 0 0        
K 0 0 43        
K 0 0 60        
K 0 21 60        
A D 2 8        
J R 7 743 28 2 1729 576 0        
K 0 0 48        
A D 2 8        
J N 7 859 21 4 3457 576 0        
K 0 0 43        
K 0 0 60        
K 0 21 60        
A D 2 8        
J R 7 974 28 2 5185 576 0        
K 0 0 48        
A D 2 8        
J B 48 1088 1 82 6913 576 0        
J R 8 1109 28 2 1 0 0        
K 0 0 47        
A D 4 8        
J N 7 1335 0 4 3457 1152 0        
K 0 0 43        
K 0 0 60        
K 0 21 60        
A D 2 8        
J R 7 1447 28 2 5185 576 0        
K 0 0 48        
A D 2 8        
J B 49 1561 1 82 6913 576 0        
J R 8 1582 28 2 1 0 0        
K 0 0 47        
A D 4 8        
J N 7 1808 -28 8 3457 1152 0        
K 0 14 45        
K 0 0 45        
K 0 0 43        
K -1 0 45        
K 2 0 45        
K 0 0 60        
K 0 28 60        
A D 2 8        
J N 7 1936 21 4 5185 576 0        
K 0 0 43        
K 0 0 60        
K 0 21 60        
A D 2 8        
J B 50 2050 1 82 6913 576 0        
E *        
L 1010 0 0 313 313 * 0 14 0        
J C 22 5 14 36 6913 0 0        
J K -1 57 0 1 6913 0 0        
K 0 42 65        
J D 0 -11 -14 1 6913 0 0        
W 0 0 0 \04\06        
J R 9 332 28 2 1 10000 0        
K 0 0 46        
A D 8 8        
J B 47 600 1 82 6913 2304 0        
J F 0 627 98 1 1 0 0        
K 0 0 213        
J N 7 627 28 4 1 0 0        
K 0 0 43        
K 0 0 60        
K 0 21 60        
A D 2 8        
J R 7 743 28 2 1729 576 0        
K 0 0 48        
A D 2 8        
J N 7 859 56 4 3457 576 0        
K 0 0 43        
K 0 0 59        
K 0 -21 59        
A D 2 8        
J R 7 974 28 2 5185 576 0        
K 0 0 48        
A D 2 8        
J B 48 1088 1 82 6913 576 0        
J R 8 1109 28 2 1 0 0        
K 0 0 47        
A D 4 8        
J F 0 1335 98 2 3457 1152 0        
K 0 0 208        
K 0 21 218        
J N 7 1335 35 4 3457 0 0        
K 0 0 43        
K 0 0 59        
K 0 -21 59        
A D 2 8        
J R 7 1447 28 2 5185 576 0        
K 0 0 48        
A D 2 8        
J B 49 1561 1 82 6913 576 0        
J R 8 1582 28 2 1 0 0        
K 0 0 47        
A D 4 8        
J F 0 1808 98 2 3457 1152 0        
K 0 0 206        
K 0 21 213        
J N 7 1808 28 4 3457 0 0        
K 0 0 43        
K 0 0 60        
K 0 21 60        
A D 2 8        
J N 7 1936 56 4 5185 576 0        
K 0 0 43        
K 0 0 59        
K 0 -21 59        
A D 2 8        
J B 50 2050 1 82 6913 576 0        
E *        
B 1 600 0        
B 1 1088 0        
B 1 1561 0        
B 1 2050 0        
