@ SOURCE: not identified 
L 0 0 14 !39Violino 2 concerto grosso
J D 4 500 -120 1 6913 0 0
W 0 0 44 II.
J D 1 75 -37 1 6913 0 0
W 0 -56 44 II.:  Violino 2 concerto grosso
J C 4 5 42 2 6913 0 0
K 0 0 33
K 0 0 34
J K -1 57 0 1 6913 0 0
K 0 28 65
J D 5 86 -42 1 6913 0 0
W 0 0 37 Allegro
J T 101 86 42 1 6913 0 0
K 0 0 37
J R 6 135 28 2 1 0 0
K 0 0 49
A D 2 16
J B 1 167 1 82 6913 288 0
J R 9 188 28 2 1 10000 0
K 0 0 46
A D 16 16
J B 2 293 1 82 6913 2304 0
J R 9 314 28 2 1 10000 0
K 0 0 46
A D 16 16
J B 3 419 1 82 6913 2304 0
J N 7 440 35 4 1 0 0
K 0 0 43
K 0 0 59
K 0 -21 59
A D 4 16
J R 6 476 28 2 1729 576 0
K 0 0 49
A D 2 16
J N 6 504 35 3 2593 288 0
K 0 0 43
K 0 0 53
A D 2 16
J N 7 541 21 4 3457 288 0
K 0 0 43
K 0 0 60
K 0 21 60
A D 4 16
J R 6 577 28 2 5185 576 0
K 0 0 49
A D 2 16
J N 6 605 21 3 6049 288 0
K 0 0 43
K 0 0 54
A D 2 16
J B 4 637 1 82 6913 288 0
J N 7 658 21 4 1 0 0
K 0 0 43
K 0 0 60
K 0 21 60
A D 4 16
J N 7 694 0 4 1729 576 0
K 0 0 43
K 0 0 60
K 0 21 60
A D 4 16
J N 7 730 7 4 3457 576 0
K 0 0 43
K 0 0 60
K 0 21 60
A D 4 16
J R 7 766 28 2 5185 576 0
K 0 0 48
A D 4 16
J B 5 806 1 82 6913 576 0
J R 8 827 28 2 1 0 0
K 0 0 47
A D 8 16
J N 7 877 0 4 3457 1152 0
K 0 0 43
K 0 0 60
K 0 21 60
A D 4 16
J N 7 913 63 4 5185 576 0
K 0 0 43
K 0 0 59
K 0 -21 59
A D 4 16
J B 6 953 1 82 6913 576 0
J R 8 974 28 2 1 0 0
K 0 0 47
A D 8 16
J N 7 1024 7 4 3457 1152 0
K 0 0 43
K 0 0 60
K 0 21 60
A D 4 16
J N 7 1060 70 7 5185 576 0
K 1 0 45
K 0 0 43
K -1 0 45
K 2 0 45
K 0 0 59
K 0 -21 59
A D 4 16
J B 7 1100 1 82 6913 576 0
J R 8 1121 28 2 1 0 0
K 0 0 47
A D 8 16
J N 7 1171 14 4 3457 1152 0
K 0 0 43
K 0 0 60
K 0 21 60
A D 4 16
J N 7 1207 77 7 5185 576 0
K 1 -7 45
K 0 0 43
K 0 -7 45
K 1 -7 45
K 0 0 59
K 0 -21 59
A D 4 16
J B 8 1247 1 82 6913 576 0
J R 8 1268 28 2 1 0 0
K 0 0 47
A D 8 16
J N 7 1318 -7 4 3457 1152 0
K 0 0 43
K 0 0 60
K 0 21 60
A D 4 16
J N 7 1354 56 4 5185 576 0
K 0 0 43
K 0 0 59
K 0 -21 59
A D 4 16
J B 9 1394 1 82 6913 576 0
J N 7 1415 -7 5 1 0 0
K 0 0 43
K 25 0 44
K 0 0 60
K 0 21 60
A D 6 16
J N 6 1459 -7 3 2593 864 0
K 0 0 43
K 0 0 54
A D 2 16
J N 7 1487 -7 5 3457 288 1 1
K 0 0 43
K 0 -22 236
K 0 0 60
K 0 21 60
A D 4 16
J N 7 1523 0 4 5185 576 1 1
K 0 0 43
K 0 0 60
K 0 21 60
A D 4 16
H 1 S 0 0 0 0 0 0 0 0 0
J B 10 1563 1 82 6913 576 0
J N 7 1584 0 5 1 0 0
K 0 0 43
K 24 -6 44
K 0 0 60
K 0 21 60
A D 6 16
J N 6 1628 0 3 2593 864 0
K 0 0 43
K 0 0 54
A D 2 16
J N 7 1656 0 5 3457 288 1 2
K 0 0 43
K 0 -22 236
K 0 0 60
K 0 21 60
A D 4 16
J N 7 1692 7 4 5185 576 1 2
K 0 0 43
K 0 0 60
K 0 21 60
A D 4 16
H 2 S 0 0 0 0 0 0 0 0 0
J B 11 1732 1 82 6913 576 0
J N 7 1753 35 5 1 0 0
K 0 0 43
K 25 0 44
K 0 0 59
K 0 -21 59
A D 6 16
J N 6 1797 14 3 2593 864 0
K 0 0 43
K 0 0 54
A D 2 16
J N 6 1837 28 3 3457 288 1 3
K -14 0 64
K 0 0 43
A D 2 16
J N 6 1865 42 2 4321 288 1 3
K 0 0 43
A D 2 16
H 3 B 0 0 108 2 2 3
J N 7 1893 21 4 5185 288 1 4
K 0 0 43
K 0 0 60
K 0 21 60
A D 4 16
J B 12 1933 1 82 6913 576 0
J N 7 1954 21 4 1 0 1 4
K 0 0 43
K 0 0 60
K 0 21 60
A D 4 16
H 4 T 21 0 0 0 0 0 1 0
J N 7 1994 28 5 1729 576 0
K -14 0 64
K 0 0 43
K 0 0 60
K 0 21 60
A D 4 16
J N 7 2030 21 4 3457 576 0
K 0 0 43
K 0 0 60
K 0 21 60
A D 4 16
J R 7 2066 28 2 5185 576 0
K 0 0 48
A D 4 16
J B 13 2106 1 82 6913 576 0
J R 8 2127 28 2 1 0 0
K 0 0 47
A D 8 16
J N 7 2177 0 4 3457 1152 0
K 0 0 43
K 0 0 60
K 0 21 60
A D 4 16
J N 7 2213 63 4 5185 576 0
K 0 0 43
K 0 0 59
K 0 -21 59
A D 4 16
J B 14 2253 1 82 6913 576 0
J R 8 2274 28 2 1 0 0
K 0 0 47
A D 8 16
J N 7 2324 -7 4 3457 1152 0
K 0 0 43
K 0 0 60
K 0 21 60
A D 4 16
J N 7 2360 56 4 5185 576 0
K 0 0 43
K 0 0 59
K 0 -21 59
A D 4 16
J B 15 2400 1 82 6913 576 0
J R 8 2421 28 2 1 0 0
K 0 0 47
A D 8 16
J N 7 2471 -14 7 3457 1152 0
K 0 0 45
K 0 0 43
K -1 0 45
K 2 0 45
K 0 0 60
K 0 21 60
A D 4 16
J N 7 2507 49 4 5185 576 0
K 0 0 43
K 0 0 59
K 0 -21 59
A D 4 16
J B 16 2547 1 82 6913 576 0
J R 8 2568 28 2 1 0 0
K 0 0 47
A D 8 16
J N 7 2618 -7 4 3457 1152 0
K 0 0 43
K 0 0 60
K 0 21 60
A D 4 16
J N 7 2654 56 4 5185 576 0
K 0 0 43
K 0 0 59
K 0 -21 59
A D 4 16
J B 17 2694 1 82 6913 576 0
J R 9 2715 28 2 1 10000 0
K 0 0 46
A D 16 16
J B 18 2820 1 82 6913 2304 0
J R 9 2841 28 2 1 10000 0
K 0 0 46
A D 16 16
J B 19 2946 1 82 6913 2304 0
J R 9 2967 28 2 1 10000 0
K 0 0 46
A D 16 16
J B 20 3072 1 82 6913 2304 0
J R 9 3093 28 2 1 10000 0
K 0 0 46
A D 16 16
J B 21 3198 1 82 6913 2304 0
J N 7 3219 21 4 1 0 0
K 0 0 43
K 0 0 60
K 0 21 60
A D 4 16
J R 7 3255 28 2 1729 576 0
K 0 0 48
A D 4 16
J N 7 3291 21 4 3457 576 0
K 0 0 43
K 0 0 60
K 0 21 60
A D 4 16
J R 7 3327 28 2 5185 576 0
K 0 0 48
A D 4 16
J B 22 3367 1 82 6913 576 0
J N 7 3388 21 4 1 0 0
K 0 0 43
K 0 0 60
K 0 21 60
A D 4 16
J R 7 3424 28 2 1729 576 0
K 0 0 48
A D 4 16
J N 7 3460 21 4 3457 576 0
K 0 0 43
K 0 0 60
K 0 21 60
A D 4 16
J R 7 3496 28 2 5185 576 0
K 0 0 48
A D 4 16
J B 23 3536 1 82 6913 576 0
J N 7 3557 21 4 1 0 0
K 0 0 43
K 0 0 60
K 0 21 60
A D 4 16
J N 7 3593 28 4 1729 576 1 5
K 0 0 43
K 0 0 60
K 0 21 60
A D 4 16
J N 6 3629 28 2 3457 576 2 6 5
K 0 0 43
A D 2 16
H 5 T 28 0 0 0 0 0 5 0
J N 5 3657 21 2 4321 288 1 6
K 0 0 43
A D 1 16
J N 5 3685 28 2 4753 144 1 6
K 0 0 43
A D 1 16
H 6 B 1 0 108 3 2 21 33
J N 6 3713 35 2 5185 144 1 7
K 0 0 43
A D 2 16
J N 6 3741 21 2 6049 288 1 7
K 0 0 43
A D 2 16
H 7 B 1 0 108 2 2 3
J B 24 3773 1 82 6913 288 0
J N 6 3794 14 2 1 0 1 8
K 0 0 43
A D 2 16
J N 6 3822 28 2 865 288 1 8
K 0 0 43
A D 2 16
J N 6 3850 42 2 1729 288 1 8
K 0 0 43
A D 2 16
J N 6 3878 21 2 2593 288 1 8
K 0 0 43
A D 2 16
H 8 B 1 0 108 4 2 1 1 3
J N 7 3906 35 4 3457 288 0
K 0 0 43
K 0 0 59
K 0 -21 59
A D 4 16
J R 7 3942 28 2 5185 576 0
K 0 0 48
A D 4 16
J B 25 3982 1 82 6913 576 0
J R 9 4003 28 2 1 10000 0
K 0 0 46
A D 16 16
J B 26 4108 1 82 6913 2304 0
J R 9 4129 28 2 1 10000 0
K 0 0 46
A D 16 16
J B 27 4234 1 82 6913 2304 0
J R 9 4255 28 2 1 10000 0
K 0 0 46
A D 16 16
J B 28 4360 1 82 6913 2304 0
J R 9 4381 28 2 1 10000 0
K 0 0 46
A D 16 16
J B 29 4486 1 82 6913 2304 0
J N 7 4507 21 4 1 0 0
K 0 0 43
K 0 0 60
K 0 21 60
A D 4 16
J R 7 4543 28 2 1729 576 0
K 0 0 48
A D 4 16
J N 7 4579 21 4 3457 576 0
K 0 0 43
K 0 0 60
K 0 21 60
A D 4 16
J R 7 4615 28 2 5185 576 0
K 0 0 48
A D 4 16
J B 30 4655 1 82 6913 576 0
J N 7 4676 21 4 1 0 0
K 0 0 43
K 0 0 60
K 0 21 60
A D 4 16
J R 7 4712 28 2 1729 576 0
K 0 0 48
A D 4 16
J N 7 4748 21 4 3457 576 0
K 0 0 43
K 0 0 60
K 0 21 60
A D 4 16
J R 7 4784 28 2 5185 576 0
K 0 0 48
A D 4 16
J B 31 4824 1 82 6913 576 0
J N 7 4845 21 4 1 0 0
K 0 0 43
K 0 0 60
K 0 21 60
A D 4 16
J N 7 4881 28 4 1729 576 1 9
K 0 0 43
K 0 0 60
K 0 21 60
A D 4 16
J N 6 4917 28 2 3457 576 2 10 9
K 0 0 43
A D 2 16
H 9 T 28 0 0 0 0 0 5 0
J N 5 4945 21 2 4321 288 1 10
K 0 0 43
A D 1 16
J N 5 4973 28 2 4753 144 1 10
K 0 0 43
A D 1 16
H 10 B 1 0 108 3 2 21 33
J N 6 5001 35 2 5185 144 1 11
K 0 0 43
A D 2 16
J N 6 5029 21 2 6049 288 1 11
K 0 0 43
A D 2 16
H 11 B 1 0 108 2 2 3
J B 32 5061 1 82 6913 288 0
J N 6 5082 14 2 1 0 1 12
K 0 0 43
A D 2 16
J N 6 5110 28 2 865 288 1 12
K 0 0 43
A D 2 16
J N 6 5138 42 2 1729 288 1 12
K 0 0 43
A D 2 16
J N 6 5166 21 2 2593 288 1 12
K 0 0 43
A D 2 16
H 12 B 1 0 108 4 2 1 1 3
J N 7 5194 35 5 3457 288 0
K 0 0 43
K 25 0 44
K 0 0 59
K 0 -21 59
A D 6 16
J N 6 5238 21 3 6049 864 0
K 0 0 43
K 0 0 54
A D 2 16
J B 33 5270 1 82 6913 288 0
J N 7 5291 14 5 1 0 0
K 0 0 43
K 24 -6 44
K 0 0 60
K 0 21 60
A D 6 16
J N 6 5335 63 3 2593 864 0
K 0 0 43
K 0 0 53
A D 2 16
J N 6 5372 56 2 3457 288 1 13
K 0 0 43
A D 2 16
J N 6 5400 70 5 4321 288 1 13
K 1 0 45
K 0 0 43
K -1 0 45
K 2 0 45
A D 2 16
H 13 B 0 0 108 2 2 3
J N 7 5428 49 4 5185 288 1 14
K 0 0 43
K 0 0 59
K 0 -21 59
A D 4 16
J B 34 5468 1 82 6913 576 0
J N 7 5489 49 4 1 0 1 14
K 0 0 43
K 0 0 59
K 0 -21 59
A D 4 16
H 14 T 49 0 0 0 0 0 9 0
J N 7 5525 56 4 1729 576 0
K 0 0 43
K 0 0 59
K 0 -21 59
A D 4 16
J N 7 5561 49 4 3457 576 0
K 0 0 43
K 0 0 59
K 0 -21 59
A D 4 16
J N 7 5597 21 5 5185 576 1 15
K 0 0 43
K 0 68 108
K 0 0 60
K 0 21 60
A D 4 16
J B 35 5637 1 82 6913 576 0
J N 6 5658 21 2 1 0 2 16 15
K 0 0 43
A D 2 16
H 15 T 21 0 0 0 0 0 1 0
J N 6 5686 49 2 865 288 1 16
K 0 0 43
A D 2 16
H 16 B 0 0 108 2 2 3
J N 7 5714 28 4 1729 288 1 17
K 0 0 43
K 0 0 59
K 0 -14 59
A D 4 16
J N 6 5750 28 2 3457 576 2 18 17
K 0 0 43
A D 2 16
H 17 T 28 0 0 0 0 0 13 0
J N 6 5778 21 2 4321 288 1 18
K 0 0 43
A D 2 16
J N 6 5806 35 2 5185 288 1 18
K 0 0 43
A D 2 16
J N 6 5834 42 2 6049 288 1 18
K 0 0 43
A D 2 16
H 18 B 0 0 108 4 2 1 1 3
J B 36 5866 1 82 6913 288 0
J N 7 5887 35 4 1 0 0
K 0 0 43
K 0 0 59
K 0 -21 59
A D 4 16
J N 7 5923 42 4 1729 576 0
K 0 0 43
K 0 0 59
K 0 -21 59
A D 4 16
J N 8 5959 49 4 3457 576 0
K 0 0 42
K 0 0 59
K 0 -21 59
A D 8 16
J B 37 6013 1 82 6913 1152 0
J R 9 6034 28 2 1 10000 0
K 0 0 46
A D 16 16
J B 38 6139 1 82 6913 2304 0
J N 7 6166 21 5 1 0 0
K -18 0 63
K 0 0 43
K 0 0 60
K 0 21 60
A D 4 16
J R 6 6202 28 2 1729 576 0
K 0 0 49
A D 2 16
J N 6 6230 21 3 2593 288 0
K 0 0 43
K 0 0 54
A D 2 16
J N 7 6258 14 4 3457 288 0
K 0 0 43
K 0 0 60
K 0 21 60
A D 4 16
J R 7 6294 28 2 5185 576 0
K 0 0 48
A D 4 16
J B 39 6334 1 82 6913 576 0
J R 9 6355 28 2 1 10000 0
K 0 0 46
A D 16 16
J B 40 6460 1 82 6913 2304 0
J N 7 6487 0 5 1 0 0
K -18 0 63
K 0 0 43
K 0 0 60
K 0 21 60
A D 4 16
J R 6 6523 28 2 1729 576 0
K 0 0 49
A D 2 16
J N 6 6551 0 3 2593 288 0
K 0 0 43
K 0 0 54
A D 2 16
J N 7 6579 -7 4 3457 288 0
K 0 0 43
K 0 0 60
K 0 21 60
A D 4 16
J R 7 6615 28 2 5185 576 0
K 0 0 48
A D 4 16
J B 41 6655 1 82 6913 576 0
J R 9 6676 28 2 1 10000 0
K 0 0 46
A D 16 16
J B 42 6781 1 82 6913 2304 0
J N 7 6808 -7 5 1 0 0
K -18 0 63
K 0 0 43
K 0 0 60
K 0 21 60
A D 4 16
J R 6 6844 28 2 1729 576 0
K 0 0 49
A D 2 16
J N 6 6872 -7 3 2593 288 0
K 0 0 43
K 0 0 54
A D 2 16
J N 7 6900 -14 7 3457 288 0
K 0 0 45
K 0 0 43
K -1 0 45
K 2 0 45
K 0 0 60
K 0 21 60
A D 4 16
J R 7 6936 28 2 5185 576 0
K 0 0 48
A D 4 16
J B 43 6976 1 82 6913 576 0
J N 7 6997 0 4 1 0 0
K 0 0 43
K 0 0 60
K 0 21 60
A D 4 16
J R 7 7033 28 2 1729 576 0
K 0 0 48
A D 4 16
J N 6 7069 7 2 3457 576 1 19
K 0 0 43
A D 2 16
J N 6 7113 -7 3 4321 288 1 19
K -18 0 63
K 0 0 43
A D 2 16
H 19 B 1 0 108 2 2 3
J N 7 7141 -14 7 5185 288 1 20
K 0 0 45
K 0 0 43
K -1 0 45
K 2 0 45
K 0 0 60
K 0 21 60
A D 4 16
J B 44 7181 1 82 6913 576 0
J N 7 7202 -14 7 1 0 1 20
K 0 0 45
K 0 0 43
K -1 0 45
K 2 0 45
K 0 0 60
K 0 21 60
A D 4 16
H 20 T -14 0 0 0 0 0 5 0
J N 7 7246 -7 5 1729 576 0
K -18 0 63
K 0 0 43
K 0 0 60
K 0 21 60
A D 4 16
J N 8 7282 -14 7 3457 576 0
K 0 0 45
K 0 0 42
K -1 0 45
K 2 0 45
K 0 0 60
K 0 21 60
A D 8 16
J B 45 7336 1 82 6913 1152 0
J R 9 7357 28 2 1 10000 0
K 0 0 46
A D 16 16
J B 46 7462 1 82 6913 2304 0
J N 7 7489 -7 6 1 0 0
K -18 0 63
K 0 0 43
K 0 86 108
K 0 0 60
K 0 21 60
A D 4 16
J R 6 7525 28 2 1729 576 0
K 0 0 49
A D 2 16
J N 6 7553 -7 3 2593 288 0
K 0 0 43
K 0 0 54
A D 2 16
J N 7 7581 -14 7 3457 288 0
K 0 0 45
K 0 0 43
K -1 0 45
K 2 0 45
K 0 0 60
K 0 21 60
A D 4 16
J R 7 7617 28 2 5185 576 0
K 0 0 48
A D 4 16
J B 47 7657 1 82 6913 576 0
J N 7 7678 0 4 1 0 0
K 0 0 43
K 0 0 60
K 0 21 60
A D 4 16
J R 7 7714 28 2 1729 576 0
K 0 0 48
A D 4 16
J N 6 7750 7 2 3457 576 1 21
K 0 0 43
A D 2 16
J N 6 7794 -7 3 4321 288 1 21
K -18 0 63
K 0 0 43
A D 2 16
H 21 B 1 0 108 2 2 3
J N 7 7822 -14 7 5185 288 1 22
K 0 0 45
K 0 0 43
K -1 0 45
K 2 0 45
K 0 0 60
K 0 21 60
A D 4 16
J B 48 7862 1 82 6913 576 0
J N 7 7883 -14 7 1 0 1 22
K 0 0 45
K 0 0 43
K -1 0 45
K 2 0 45
K 0 0 60
K 0 21 60
A D 4 16
H 22 T -14 0 0 0 0 0 5 0
J N 7 7927 -7 5 1729 576 0
K -18 0 63
K 0 0 43
K 0 0 60
K 0 21 60
A D 4 16
J N 8 7963 -14 7 3457 576 0
K 0 0 45
K 0 0 42
K -1 0 45
K 2 0 45
K 0 0 60
K 0 21 60
A D 8 16
J B 49 8017 1 82 6913 1152 0
J R 9 8038 28 2 1 10000 0
K 0 0 46
A D 16 16
J B 50 8143 1 82 6913 2304 0
J R 9 8164 28 2 1 10000 0
K 0 0 46
A D 16 16
J B 51 8269 1 82 6913 2304 0
J N 7 8290 35 4 1 0 0
K 0 0 43
K 0 0 59
K 0 -21 59
A D 4 16
J R 6 8326 28 2 1729 576 0
K 0 0 49
A D 2 16
J N 6 8354 35 3 2593 288 0
K 0 0 43
K 0 0 53
A D 2 16
J N 7 8391 21 4 3457 288 0
K 0 0 43
K 0 0 60
K 0 21 60
A D 4 16
J R 6 8427 28 2 5185 576 0
K 0 0 49
A D 2 16
J N 6 8455 21 3 6049 288 0
K 0 0 43
K 0 0 54
A D 2 16
J B 52 8487 1 82 6913 288 0
J N 7 8508 21 4 1 0 0
K 0 0 43
K 0 0 60
K 0 21 60
A D 4 16
J N 7 8544 0 4 1729 576 0
K 0 0 43
K 0 0 60
K 0 21 60
A D 4 16
J N 7 8580 7 4 3457 576 0
K 0 0 43
K 0 0 60
K 0 21 60
A D 4 16
J R 7 8616 28 2 5185 576 0
K 0 0 48
A D 4 16
J B 53 8656 1 82 6913 576 0
J R 8 8677 28 2 1 0 0
K 0 0 47
A D 8 16
J N 7 8727 0 4 3457 1152 0
K 0 0 43
K 0 0 60
K 0 21 60
A D 4 16
J N 7 8763 63 4 5185 576 0
K 0 0 43
K 0 0 59
K 0 -21 59
A D 4 16
J B 54 8803 1 82 6913 576 0
J R 8 8824 28 2 1 0 0
K 0 0 47
A D 8 16
J N 7 8874 7 4 3457 1152 0
K 0 0 43
K 0 0 60
K 0 21 60
A D 4 16
J N 7 8910 70 7 5185 576 0
K 1 0 45
K 0 0 43
K -1 0 45
K 2 0 45
K 0 0 59
K 0 -21 59
A D 4 16
J B 55 8950 1 82 6913 576 0
J R 8 8971 28 2 1 0 0
K 0 0 47
A D 8 16
J N 7 9021 14 4 3457 1152 0
K 0 0 43
K 0 0 60
K 0 21 60
A D 4 16
J N 7 9057 77 7 5185 576 0
K 1 -7 45
K 0 0 43
K 0 -7 45
K 1 -7 45
K 0 0 59
K 0 -21 59
A D 4 16
J B 56 9097 1 82 6913 576 0
J R 8 9118 28 2 1 0 0
K 0 0 47
A D 8 16
J N 7 9168 -7 4 3457 1152 0
K 0 0 43
K 0 0 60
K 0 21 60
A D 4 16
J N 7 9204 56 4 5185 576 0
K 0 0 43
K 0 0 59
K 0 -21 59
A D 4 16
J B 57 9244 1 82 6913 576 0
J N 7 9265 -7 5 1 0 0
K 0 0 43
K 25 0 44
K 0 0 60
K 0 21 60
A D 6 16
J N 6 9309 -7 3 2593 864 0
K 0 0 43
K 0 0 54
A D 2 16
J N 7 9337 -7 5 3457 288 1 23
K 0 0 43
K 0 -22 236
K 0 0 60
K 0 21 60
A D 4 16
J N 7 9373 0 4 5185 576 1 23
K 0 0 43
K 0 0 60
K 0 21 60
A D 4 16
H 23 S 0 0 0 0 0 0 0 0 0
J B 58 9413 1 82 6913 576 0
J N 7 9434 0 5 1 0 0
K 0 0 43
K 24 -6 44
K 0 0 60
K 0 21 60
A D 6 16
J N 6 9478 0 3 2593 864 0
K 0 0 43
K 0 0 54
A D 2 16
J N 7 9506 0 5 3457 288 1 24
K 0 0 43
K 0 -22 236
K 0 0 60
K 0 21 60
A D 4 16
J N 7 9542 7 4 5185 576 1 24
K 0 0 43
K 0 0 60
K 0 21 60
A D 4 16
H 24 S 0 0 0 0 0 0 0 0 0
J B 59 9582 1 82 6913 576 0
J N 7 9603 35 5 1 0 0
K 0 0 43
K 25 0 44
K 0 0 59
K 0 -21 59
A D 6 16
J N 6 9647 14 3 2593 864 0
K 0 0 43
K 0 0 54
A D 2 16
J N 6 9687 28 3 3457 288 1 25
K -14 0 64
K 0 0 43
A D 2 16
J N 6 9715 42 2 4321 288 1 25
K 0 0 43
A D 2 16
H 25 B 0 0 108 2 2 3
J N 7 9743 21 4 5185 288 1 26
K 0 0 43
K 0 0 60
K 0 21 60
A D 4 16
J B 60 9783 1 82 6913 576 0
J N 7 9804 21 4 1 0 1 26
K 0 0 43
K 0 0 60
K 0 21 60
A D 4 16
H 26 T 21 0 0 0 0 0 1 0
J N 7 9844 28 5 1729 576 0
K -14 0 64
K 0 0 43
K 0 0 60
K 0 21 60
A D 4 16
J N 7 9880 21 4 3457 576 0
K 0 0 43
K 0 0 60
K 0 21 60
A D 4 16
J R 7 9916 28 2 5185 576 0
K 0 0 48
A D 4 16
J B 61 9956 1 82 6913 576 0
J R 8 9977 28 2 1 0 0
K 0 0 47
A D 8 16
J N 7 10027 0 4 3457 1152 0
K 0 0 43
K 0 0 60
K 0 21 60
A D 4 16
J N 7 10063 63 4 5185 576 0
K 0 0 43
K 0 0 59
K 0 -21 59
A D 4 16
J B 62 10103 1 82 6913 576 0
J R 8 10124 28 2 1 0 0
K 0 0 47
A D 8 16
J N 7 10174 -7 4 3457 1152 0
K 0 0 43
K 0 0 60
K 0 21 60
A D 4 16
J N 7 10210 56 4 5185 576 0
K 0 0 43
K 0 0 59
K 0 -21 59
A D 4 16
J B 63 10250 1 82 6913 576 0
J R 8 10271 28 2 1 0 0
K 0 0 47
A D 8 16
J N 7 10321 -14 7 3457 1152 0
K 0 0 45
K 0 0 43
K -1 0 45
K 2 0 45
K 0 0 60
K 0 21 60
A D 4 16
J N 7 10357 49 4 5185 576 0
K 0 0 43
K 0 0 59
K 0 -21 59
A D 4 16
J B 64 10397 1 82 6913 576 0
J N 7 10418 21 4 1 0 0
K 0 0 43
K 0 0 60
K 0 21 60
A D 4 16
J R 7 10454 28 2 1729 576 0
K 0 0 48
A D 4 16
J N 7 10490 21 4 3457 576 0
K 0 0 43
K 0 0 60
K 0 21 60
A D 4 16
J R 7 10526 28 2 5185 576 0
K 0 0 48
A D 4 16
J B 65 10566 1 82 6913 576 0
J N 7 10587 7 4 1 0 0
K 0 0 43
K 0 0 60
K 0 21 60
A D 4 16
J R 7 10623 28 2 1729 576 0
K 0 0 48
A D 4 16
J N 7 10659 0 5 3457 576 0
K 0 0 43
K 24 -6 44
K 0 0 60
K 0 21 60
A D 6 16
J N 6 10703 21 3 6049 864 0
K 0 0 43
K 0 0 54
A D 2 16
J B 66 10735 1 82 6913 288 0
J N 6 10756 14 2 1 0 1 27
K 0 0 43
A D 2 16
J N 6 10784 28 2 865 288 1 27
K 0 0 43
A D 2 16
J N 6 10812 42 2 1729 288 1 27
K 0 0 43
A D 2 16
J N 6 10840 21 2 2593 288 1 27
K 0 0 43
A D 2 16
H 27 B 1 0 108 4 2 1 1 3
J N 7 10868 35 4 3457 288 0
K 0 0 43
K 0 0 59
K 0 -21 59
A D 4 16
J R 7 10904 28 2 5185 576 0
K 0 0 48
A D 4 16
J B 67 10944 1 82 6913 576 0
J R 8 10965 28 2 1 0 0
K 0 0 47
A D 8 16
J N 7 11015 0 5 3457 1152 0
K 0 0 43
K 0 79 108
K 0 0 60
K 0 21 60
A D 4 16
J N 7 11051 63 4 5185 576 0
K 0 0 43
K 0 0 59
K 0 -21 59
A D 4 16
J B 68 11091 1 82 6913 576 0
J R 8 11112 28 2 1 0 0
K 0 0 47
A D 8 16
J N 7 11162 -7 4 3457 1152 0
K 0 0 43
K 0 0 60
K 0 21 60
A D 4 16
J N 7 11198 56 4 5185 576 0
K 0 0 43
K 0 0 59
K 0 -21 59
A D 4 16
J B 69 11238 1 82 6913 576 0
J R 8 11259 28 2 1 0 0
K 0 0 47
A D 8 16
J N 7 11309 -14 7 3457 1152 0
K 0 0 45
K 0 0 43
K -1 0 45
K 2 0 45
K 0 0 60
K 0 21 60
A D 4 16
J N 7 11345 49 4 5185 576 0
K 0 0 43
K 0 0 59
K 0 -21 59
A D 4 16
J B 70 11385 1 82 6913 576 0
J N 7 11406 21 4 1 0 0
K 0 0 43
K 0 0 60
K 0 21 60
A D 4 16
J R 7 11442 28 2 1729 576 0
K 0 0 48
A D 4 16
J N 7 11478 21 4 3457 576 0
K 0 0 43
K 0 0 60
K 0 21 60
A D 4 16
J R 7 11514 28 2 5185 576 0
K 0 0 48
A D 4 16
J B 71 11554 1 82 6913 576 0
J N 7 11575 7 4 1 0 0
K 0 0 43
K 0 0 60
K 0 21 60
A D 4 16
J R 7 11611 28 2 1729 576 0
K 0 0 48
A D 4 16
J N 7 11647 0 6 3457 576 0
K 0 0 43
K 24 -6 44
K 0 85 110
K 0 0 60
K 0 21 60
A D 6 16
J N 6 11691 21 3 6049 864 0
K 0 0 43
K 0 0 54
A D 2 16
J B 72 11723 1 82 6913 288 0
J N 6 11744 14 2 1 0 1 28
K 0 0 43
A D 2 16
J N 6 11772 28 2 865 288 1 28
K 0 0 43
A D 2 16
J N 6 11800 42 2 1729 288 1 28
K 0 0 43
A D 2 16
J N 6 11828 21 2 2593 288 1 28
K 0 0 43
A D 2 16
H 28 B 1 0 108 4 2 1 1 3
J N 7 11856 35 5 3457 288 0
K 0 0 43
K 25 0 44
K 0 0 59
K 0 -21 59
A D 6 16
J N 6 11900 21 3 6049 864 0
K 0 0 43
K 0 0 54
A D 2 16
J B 73 11932 1 82 6913 288 0
J N 7 11953 14 5 1 0 0
K 0 0 43
K 24 -6 44
K 0 0 60
K 0 21 60
A D 6 16
J N 6 11997 63 3 2593 864 0
K 0 0 43
K 0 0 53
A D 2 16
J N 6 12034 56 2 3457 288 1 29
K 0 0 43
A D 2 16
J N 6 12062 70 5 4321 288 1 29
K 1 0 45
K 0 0 43
K -1 0 45
K 2 0 45
A D 2 16
H 29 B 0 0 108 2 2 3
J N 7 12090 49 4 5185 288 1 30
K 0 0 43
K 0 0 59
K 0 -21 59
A D 4 16
J B 74 12130 1 82 6913 576 0
J N 7 12151 49 4 1 0 1 30
K 0 0 43
K 0 0 59
K 0 -21 59
A D 4 16
H 30 T 49 0 0 0 0 0 9 0
J N 7 12187 56 4 1729 576 0
K 0 0 43
K 0 0 59
K 0 -21 59
A D 4 16
J N 7 12223 49 4 3457 576 0
K 0 0 43
K 0 0 59
K 0 -21 59
A D 4 16
J N 7 12259 21 5 5185 576 1 31
K 0 0 43
K 0 68 108
K 0 0 60
K 0 21 60
A D 4 16
J B 75 12299 1 82 6913 576 0
J N 6 12320 21 2 1 0 2 32 31
K 0 0 43
A D 2 16
H 31 T 21 0 0 0 0 0 1 0
J N 6 12348 49 2 865 288 1 32
K 0 0 43
A D 2 16
H 32 B 0 0 108 2 2 3
J N 7 12376 28 4 1729 288 1 33
K 0 0 43
K 0 0 59
K 0 -14 59
A D 4 16
J N 6 12412 28 2 3457 576 2 34 33
K 0 0 43
A D 2 16
H 33 T 28 0 0 0 0 0 13 0
J N 6 12440 21 2 4321 288 1 34
K 0 0 43
A D 2 16
J N 6 12468 35 2 5185 288 1 34
K 0 0 43
A D 2 16
J N 6 12496 42 2 6049 288 1 34
K 0 0 43
A D 2 16
H 34 B 0 0 108 4 2 1 1 3
J B 76 12528 1 82 6913 288 0
J N 7 12549 35 4 1 0 0
K 0 0 43
K 0 0 59
K 0 -21 59
A D 4 16
J N 7 12585 42 4 1729 576 0
K 0 0 43
K 0 0 59
K 0 -21 59
A D 4 16
J N 8 12621 49 4 3457 576 0
K 0 0 42
K 0 0 59
K 0 -21 59
A D 8 16
J B 0 12688 6 2 6913 1152 0
K -13 0 82
K -6 0 84
J M 0 12688 0 0 10000 0 0
