@ SOURCE: not identified 
L 0 0 14 !39Violino 2
J D 4 500 -120 1 6913 0 0
W 0 0 44 
J D 1 75 -37 1 6913 0 0
W 0 -56 44 :  Violino 2
J C 4 5 42 2 6913 0 0
K 0 0 33
K 0 0 34
J K -1 57 0 1 6913 0 0
K 0 28 65
J D 5 86 -42 1 6913 0 0
W 0 0 37 Vivace
J T 304 95 0 2 6913 0 0
K -10 28 74
K -10 56 75
J N 6 134 49 3 1 0 0
K 0 0 43
K 0 0 53
A D 2 16
J B 1 180 1 82 6913 288 0
J N 8 201 49 5 1 0 0
K 0 0 42
K 25 0 44
K 0 0 59
K 0 -21 59
A D 12 16
J B 2 311 1 82 6913 1728 0
J N 7 332 0 4 1 0 0
K 0 0 43
K 0 0 60
K 0 21 60
A D 4 16
J N 7 385 0 4 2305 576 0
K 0 0 43
K 0 0 60
K 0 21 60
A D 4 16
J N 7 438 0 4 4609 576 0
K 0 0 43
K 0 0 60
K 0 21 60
A D 4 16
J B 3 495 1 82 6913 576 0
J N 8 516 0 5 1 0 0
K 0 0 42
K 0 -17 236
K 0 0 60
K 0 21 60
A D 8 16
J R 6 595 28 2 4609 1152 0
K 0 0 49
A D 2 16
J N 6 633 35 3 5761 288 0
K 0 0 43
K 0 0 53
A D 2 16
J B 4 679 1 82 6913 288 0
J N 8 700 35 5 1 0 0
K 0 0 42
K 25 0 44
K 0 0 59
K 0 -21 59
A D 12 16
J B 5 810 1 82 6913 1728 0
J N 7 831 -14 7 1 0 0
K 0 0 45
K 0 0 43
K -1 0 45
K 2 0 45
K 0 0 60
K 0 21 60
A D 4 16
J N 7 884 -14 7 2305 576 0
K 0 0 45
K 0 0 43
K -1 0 45
K 2 0 45
K 0 0 60
K 0 21 60
A D 4 16
J N 7 937 -14 7 4609 576 0
K 0 0 45
K 0 0 43
K -1 0 45
K 2 0 45
K 0 0 60
K 0 21 60
A D 4 16
J B 6 994 1 82 6913 576 0
J N 8 1015 -14 8 1 0 0
K 0 0 45
K 0 0 42
K -1 0 45
K 2 0 45
K 0 -17 236
K 0 0 60
K 0 21 60
A D 8 16
J R 6 1094 28 2 4609 1152 0
K 0 0 49
A D 2 16
J N 6 1132 49 3 5761 288 0
K 0 0 43
K 0 0 53
A D 2 16
J B 7 1178 1 82 6913 288 0
J N 8 1199 49 5 1 0 0
K 0 0 42
K 25 0 44
K 0 0 59
K 0 -21 59
A D 12 16
J B 8 1309 1 82 6913 1728 0
J N 7 1330 0 4 1 0 0
K 0 0 43
K 0 0 60
K 0 21 60
A D 4 16
J N 7 1383 0 4 2305 576 0
K 0 0 43
K 0 0 60
K 0 21 60
A D 4 16
J N 7 1436 0 4 4609 576 0
K 0 0 43
K 0 0 60
K 0 21 60
A D 4 16
J B 9 1493 1 82 6913 576 0
J N 8 1514 0 6 1 0 0
K 0 0 42
K 24 -6 44
K 0 -17 236
K 0 0 60
K 0 21 60
A D 12 16
J B 10 1632 5 2 6913 1728 0
K -8 0 82
K 0 0 82
J D 5 1653 -42 1 1 0 0
W 0 0 37 Allegro
J R 9 1653 28 2 1 10000 0
K 0 0 46
A D 12 16
J B 11 1758 1 82 6913 1728 0
J N 6 1779 0 2 1 0 1 1
K 0 0 43
A D 2 16
J N 6 1817 21 2 1153 288 1 1
K 0 0 43
A D 2 16
J N 6 1855 0 2 2305 288 1 1
K 0 0 43
A D 2 16
J N 6 1893 0 2 3457 288 1 1
K 0 0 43
A D 2 16
H 1 B 1 0 108 4 2 1 1 3
J N 6 1931 -7 2 4609 288 1 2
K 0 0 43
A D 2 16
J N 5 1969 0 2 5761 288 1 2
K 0 0 43
A D 1 16
J N 5 1998 -7 2 6337 144 1 2
K 0 0 43
A D 1 16
H 2 B 1 0 108 3 2 21 33
J B 12 2031 1 82 6913 144 0
J N 6 2052 -14 5 1 0 1 3
K 0 0 45
K 0 0 43
K -1 0 45
K 2 0 45
A D 2 16
J N 6 2090 -14 5 1153 288 1 3
K 0 0 45
K 0 0 43
K -1 0 45
K 2 0 45
A D 2 16
J N 6 2128 -14 5 2305 288 1 3
K 0 0 45
K 0 0 43
K -1 0 45
K 2 0 45
A D 2 16
J N 6 2166 -14 5 3457 288 1 3
K 0 0 45
K 0 0 43
K -1 0 45
K 2 0 45
A D 2 16
H 3 B 1 0 108 4 2 1 1 3
J N 6 2204 -7 2 4609 288 1 4
K 0 0 43
A D 2 16
J N 5 2242 -14 5 5761 288 1 4
K 0 0 45
K 0 0 43
K -1 0 45
K 2 0 45
A D 1 16
J N 5 2271 -7 2 6337 144 1 4
K 0 0 43
A D 1 16
H 4 B 1 0 108 3 2 21 33
J B 13 2304 1 82 6913 144 0
J N 6 2325 0 2 1 0 1 5
K 0 0 43
A D 2 16
J N 6 2363 0 2 1153 288 1 5
K 0 0 43
A D 2 16
J N 6 2401 0 2 2305 288 1 5
K 0 0 43
A D 2 16
J N 6 2439 0 2 3457 288 1 5
K 0 0 43
A D 2 16
H 5 B 1 0 108 4 2 1 1 3
J N 6 2477 7 2 4609 288 1 6
K 0 0 43
A D 2 16
J N 5 2515 14 2 5761 288 1 6
K 0 0 43
A D 1 16
J N 5 2544 7 2 6337 144 1 6
K 0 0 43
A D 1 16
H 6 B 1 0 108 3 2 21 33
J B 14 2577 1 82 6913 144 0
J N 6 2598 0 2 1 0 1 7
K 0 0 43
A D 2 16
J N 6 2636 21 2 1153 288 1 7
K 0 0 43
A D 2 16
J N 6 2674 21 2 2305 288 1 7
K 0 0 43
A D 2 16
J N 6 2712 21 2 3457 288 1 7
K 0 0 43
A D 2 16
H 7 B 1 0 108 4 2 1 1 3
J N 7 2750 28 4 4609 288 0
K 0 0 43
K 0 0 60
K 0 21 60
A D 4 16
J B 15 2807 1 82 6913 576 0
J N 6 2828 35 2 1 0 1 8
K 0 0 43
A D 2 16
J N 5 2866 -14 5 1153 288 1 8
K 0 0 45
K 0 0 43
K -1 0 45
K 2 0 45
A D 1 16
J N 5 2895 -21 5 1729 144 1 8
K 0 7 45
K 0 0 43
K 0 7 45
K 1 7 45
A D 1 16
H 8 B 1 0 108 3 2 21 33
J N 5 2924 -28 6 2305 144 1 9
K 0 14 45
K 0 0 45
K 0 0 43
K -1 0 45
K 2 0 45
A D 1 16
J N 5 2953 -35 6 2881 144 1 9
K 0 21 45
K 0 7 45
K 0 0 43
K 0 7 45
K 1 7 45
A D 1 16
J N 5 2982 -28 6 3457 144 1 9
K 0 14 45
K 0 0 45
K 0 0 43
K -1 0 45
K 2 0 45
A D 1 16
J N 5 3011 -35 6 4033 144 1 9
K 0 21 45
K 0 7 45
K 0 0 43
K 0 7 45
K 1 7 45
A D 1 16
H 9 B 1 0 108 4 22 11 11 33
J N 5 3040 -21 5 4609 144 1 10
K 0 7 45
K 0 0 43
K 0 7 45
K 1 7 45
A D 1 16
J N 5 3069 -28 6 5185 144 1 10
K 0 14 45
K 0 0 45
K 0 0 43
K -1 0 45
K 2 0 45
A D 1 16
J N 5 3098 -21 5 5761 144 1 10
K 0 7 45
K 0 0 43
K 0 7 45
K 1 7 45
A D 1 16
J N 5 3127 -28 6 6337 144 1 10
K 0 14 45
K 0 0 45
K 0 0 43
K -1 0 45
K 2 0 45
A D 1 16
H 10 B 1 0 108 4 22 11 11 33
J B 16 3160 1 82 6913 144 0
J N 8 3181 -14 7 1 0 0
K 0 0 45
K 0 0 42
K -1 0 45
K 2 0 45
K 0 0 60
K 0 21 60
A D 8 16
J R 7 3260 28 2 4609 1152 0
K 0 0 48
A D 4 16
J B 17 3317 1 82 6913 576 0
J N 6 3338 -14 5 1 0 1 11
K 0 0 45
K 0 0 43
K -1 0 45
K 2 0 45
A D 2 16
J N 5 3376 0 2 1153 288 1 11
K 0 0 43
A D 1 16
J N 5 3405 -7 2 1729 144 1 11
K 0 0 43
A D 1 16
H 11 B 1 0 108 3 2 21 33
J N 5 3434 -14 5 2305 144 1 12
K 0 0 45
K 0 0 43
K -1 0 45
K 2 0 45
A D 1 16
J N 5 3463 -21 5 2881 144 1 12
K 0 7 45
K 0 0 43
K 0 7 45
K 1 7 45
A D 1 16
J N 5 3492 -14 5 3457 144 1 12
K 0 0 45
K 0 0 43
K -1 0 45
K 2 0 45
A D 1 16
J N 5 3521 -21 5 4033 144 1 12
K 0 7 45
K 0 0 43
K 0 7 45
K 1 7 45
A D 1 16
H 12 B 1 0 108 4 22 11 11 33
J N 5 3550 -7 2 4609 144 1 13
K 0 0 43
A D 1 16
J N 5 3579 -14 5 5185 144 1 13
K 0 0 45
K 0 0 43
K -1 0 45
K 2 0 45
A D 1 16
J N 5 3608 -7 2 5761 144 1 13
K 0 0 43
A D 1 16
J N 5 3637 -14 5 6337 144 1 13
K 0 0 45
K 0 0 43
K -1 0 45
K 2 0 45
A D 1 16
H 13 B 1 0 108 4 22 11 11 33
J B 18 3670 1 82 6913 144 0
J N 8 3691 0 4 1 0 0
K 0 0 42
K 0 0 60
K 0 21 60
A D 8 16
J R 7 3770 28 2 4609 1152 0
K 0 0 48
A D 4 16
J B 19 3827 1 82 6913 576 0
J N 6 3848 -28 6 1 0 1 14
K 0 14 45
K 0 0 45
K 0 0 43
K -1 0 45
K 2 0 45
A D 2 16
J N 5 3886 -14 5 1153 288 1 14
K 0 0 45
K 0 0 43
K -1 0 45
K 2 0 45
A D 1 16
J N 5 3915 -21 5 1729 144 1 14
K 0 7 45
K 0 0 43
K 0 7 45
K 1 7 45
A D 1 16
H 14 B 1 0 108 3 2 21 33
J N 5 3944 -28 6 2305 144 1 15
K 0 14 45
K 0 0 45
K 0 0 43
K -1 0 45
K 2 0 45
A D 1 16
J N 5 3973 -35 6 2881 144 1 15
K 0 21 45
K 0 7 45
K 0 0 43
K 0 7 45
K 1 7 45
A D 1 16
J N 5 4002 -28 6 3457 144 1 15
K 0 14 45
K 0 0 45
K 0 0 43
K -1 0 45
K 2 0 45
A D 1 16
J N 5 4031 -35 6 4033 144 1 15
K 0 21 45
K 0 7 45
K 0 0 43
K 0 7 45
K 1 7 45
A D 1 16
H 15 B 1 0 108 4 22 11 11 33
J N 5 4060 -21 5 4609 144 1 16
K 0 7 45
K 0 0 43
K 0 7 45
K 1 7 45
A D 1 16
J N 5 4089 -28 6 5185 144 1 16
K 0 14 45
K 0 0 45
K 0 0 43
K -1 0 45
K 2 0 45
A D 1 16
J N 5 4118 -21 5 5761 144 1 16
K 0 7 45
K 0 0 43
K 0 7 45
K 1 7 45
A D 1 16
J N 5 4147 -28 6 6337 144 1 16
K 0 14 45
K 0 0 45
K 0 0 43
K -1 0 45
K 2 0 45
A D 1 16
H 16 B 1 0 108 4 22 11 11 33
J B 20 4180 1 82 6913 144 0
J N 6 4201 -14 5 1 0 1 17
K 0 0 45
K 0 0 43
K -1 0 45
K 2 0 45
A D 2 16
J N 6 4239 -14 5 1153 288 1 17
K 0 0 45
K 0 0 43
K -1 0 45
K 2 0 45
A D 2 16
H 17 B 1 0 108 2 2 3
J N 5 4277 -14 5 2305 288 1 18
K 0 0 45
K 0 0 43
K -1 0 45
K 2 0 45
A D 1 16
J N 5 4306 -21 5 2881 144 1 18
K 0 7 45
K 0 0 43
K 0 7 45
K 1 7 45
A D 1 16
J N 5 4335 -14 5 3457 144 1 18
K 0 0 45
K 0 0 43
K -1 0 45
K 2 0 45
A D 1 16
J N 5 4364 -21 5 4033 144 1 18
K 0 7 45
K 0 0 43
K 0 7 45
K 1 7 45
A D 1 16
H 18 B 1 0 108 4 22 11 11 33
J N 5 4393 -7 2 4609 144 1 19
K 0 0 43
A D 1 16
J N 5 4422 -14 5 5185 144 1 19
K 0 0 45
K 0 0 43
K -1 0 45
K 2 0 45
A D 1 16
J N 5 4451 -7 2 5761 144 1 19
K 0 0 43
A D 1 16
J N 5 4480 -14 5 6337 144 1 19
K 0 0 45
K 0 0 43
K -1 0 45
K 2 0 45
A D 1 16
H 19 B 1 0 108 4 22 11 11 33
J B 21 4513 1 82 6913 144 0
J N 6 4534 0 2 1 0 1 20
K 0 0 43
A D 2 16
J N 6 4572 0 2 1153 288 1 20
K 0 0 43
A D 2 16
H 20 B 1 0 108 2 2 3
J N 5 4610 7 2 2305 288 1 21
K 0 0 43
A D 1 16
J N 5 4639 0 2 2881 144 1 21
K 0 0 43
A D 1 16
J N 5 4668 7 2 3457 144 1 21
K 0 0 43
A D 1 16
J N 5 4697 0 2 4033 144 1 21
K 0 0 43
A D 1 16
H 21 B 1 0 108 4 22 11 11 33
J N 5 4726 14 2 4609 144 1 22
K 0 0 43
A D 1 16
J N 5 4755 7 2 5185 144 1 22
K 0 0 43
A D 1 16
J N 5 4784 14 2 5761 144 1 22
K 0 0 43
A D 1 16
J N 5 4813 7 2 6337 144 1 22
K 0 0 43
A D 1 16
H 22 B 1 0 108 4 22 11 11 33
J B 22 4846 1 82 6913 144 0
J N 8 4867 21 4 1 0 0
K 0 0 42
K 0 0 60
K 0 21 60
A D 8 16
J R 7 4946 28 2 4609 1152 0
K 0 0 48
A D 4 16
J B 23 5003 1 82 6913 576 0
J N 6 5024 7 2 1 0 1 23
K 0 0 43
A D 2 16
J N 5 5062 21 2 1153 288 1 23
K 0 0 43
A D 1 16
J N 5 5091 14 2 1729 144 1 23
K 0 0 43
A D 1 16
H 23 B 1 0 108 3 2 21 33
J N 5 5120 7 2 2305 144 1 24
K 0 0 43
A D 1 16
J N 5 5149 0 2 2881 144 1 24
K 0 0 43
A D 1 16
J N 5 5178 7 2 3457 144 1 24
K 0 0 43
A D 1 16
J N 5 5207 0 2 4033 144 1 24
K 0 0 43
A D 1 16
H 24 B 1 0 108 4 22 11 11 33
J N 5 5236 14 2 4609 144 1 25
K 0 0 43
A D 1 16
J N 5 5265 7 2 5185 144 1 25
K 0 0 43
A D 1 16
J N 5 5294 14 2 5761 144 1 25
K 0 0 43
A D 1 16
J N 5 5323 7 2 6337 144 1 25
K 0 0 43
A D 1 16
H 25 B 1 0 108 4 22 11 11 33
J B 24 5356 1 82 6913 144 0
J N 8 5377 21 4 1 0 0
K 0 0 42
K 0 0 60
K 0 21 60
A D 8 16
J R 7 5456 28 2 4609 1152 0
K 0 0 48
A D 4 16
J B 25 5513 1 82 6913 576 0
J N 6 5534 7 2 1 0 1 26
K 0 0 43
A D 2 16
J N 5 5572 21 2 1153 288 1 26
K 0 0 43
A D 1 16
J N 5 5601 14 2 1729 144 1 26
K 0 0 43
A D 1 16
H 26 B 1 0 108 3 2 21 33
J N 5 5630 7 2 2305 144 1 27
K 0 0 43
A D 1 16
J N 5 5659 0 2 2881 144 1 27
K 0 0 43
A D 1 16
J N 5 5688 7 2 3457 144 1 27
K 0 0 43
A D 1 16
J N 5 5717 0 2 4033 144 1 27
K 0 0 43
A D 1 16
H 27 B 1 0 108 4 22 11 11 33
J N 5 5746 14 2 4609 144 1 28
K 0 0 43
A D 1 16
J N 5 5775 7 2 5185 144 1 28
K 0 0 43
A D 1 16
J N 5 5804 14 2 5761 144 1 28
K 0 0 43
A D 1 16
J N 5 5833 7 2 6337 144 1 28
K 0 0 43
A D 1 16
H 28 B 1 0 108 4 22 11 11 33
J B 26 5866 1 82 6913 144 0
J N 6 5887 21 2 1 0 1 29
K 0 0 43
A D 2 16
J N 5 5925 7 2 1153 288 1 29
K 0 0 43
A D 1 16
J N 5 5954 0 2 1729 144 1 29
K 0 0 43
A D 1 16
H 29 B 1 0 108 3 2 21 33
J N 5 5983 -7 2 2305 144 1 30
K 0 0 43
A D 1 16
J N 5 6012 -14 5 2881 144 1 30
K 0 0 45
K 0 0 43
K -1 0 45
K 2 0 45
A D 1 16
J N 5 6041 -7 2 3457 144 1 30
K 0 0 43
A D 1 16
J N 5 6070 -14 5 4033 144 1 30
K 0 0 45
K 0 0 43
K -1 0 45
K 2 0 45
A D 1 16
H 30 B 1 0 108 4 22 11 11 33
J N 5 6099 0 2 4609 144 1 31
K 0 0 43
A D 1 16
J N 5 6128 -7 2 5185 144 1 31
K 0 0 43
A D 1 16
J N 5 6157 0 2 5761 144 1 31
K 0 0 43
A D 1 16
J N 5 6186 -7 2 6337 144 1 31
K 0 0 43
A D 1 16
H 31 B 1 0 108 4 22 11 11 33
J B 27 6219 1 82 6913 144 0
J N 6 6240 7 2 1 0 1 32
K 0 0 43
A D 2 16
J N 5 6278 21 2 1153 288 1 32
K 0 0 43
A D 1 16
J N 5 6307 14 2 1729 144 1 32
K 0 0 43
A D 1 16
H 32 B 1 0 108 3 2 21 33
J N 5 6336 7 2 2305 144 1 33
K 0 0 43
A D 1 16
J N 5 6365 0 2 2881 144 1 33
K 0 0 43
A D 1 16
J N 5 6394 7 2 3457 144 1 33
K 0 0 43
A D 1 16
J N 5 6423 0 2 4033 144 1 33
K 0 0 43
A D 1 16
H 33 B 1 0 108 4 22 11 11 33
J N 5 6452 7 2 4609 144 1 34
K 0 0 43
A D 1 16
J N 5 6481 0 2 5185 144 1 34
K 0 0 43
A D 1 16
J N 5 6510 14 2 5761 144 1 34
K 0 0 43
A D 1 16
J N 5 6539 7 2 6337 144 1 34
K 0 0 43
A D 1 16
H 34 B 1 0 108 4 22 11 11 33
J B 28 6572 1 82 6913 144 0
J N 6 6593 0 2 1 0 1 35
K 0 0 43
A D 2 16
J N 5 6631 -14 5 1153 288 1 35
K 0 0 45
K 0 0 43
K -1 0 45
K 2 0 45
A D 1 16
J N 5 6660 -21 5 1729 144 1 35
K 0 7 45
K 0 0 43
K 0 7 45
K 1 7 45
A D 1 16
H 35 B 1 0 108 3 2 21 33
J N 5 6689 -28 6 2305 144 1 36
K 0 14 45
K 0 0 45
K 0 0 43
K -1 0 45
K 2 0 45
A D 1 16
J N 5 6718 -35 6 2881 144 1 36
K 0 21 45
K 0 7 45
K 0 0 43
K 0 7 45
K 1 7 45
A D 1 16
J N 5 6747 -28 6 3457 144 1 36
K 0 14 45
K 0 0 45
K 0 0 43
K -1 0 45
K 2 0 45
A D 1 16
J N 5 6776 -35 6 4033 144 1 36
K 0 21 45
K 0 7 45
K 0 0 43
K 0 7 45
K 1 7 45
A D 1 16
H 36 B 1 0 108 4 22 11 11 33
J N 5 6805 -21 5 4609 144 1 37
K 0 7 45
K 0 0 43
K 0 7 45
K 1 7 45
A D 1 16
J N 5 6834 -28 6 5185 144 1 37
K 0 14 45
K 0 0 45
K 0 0 43
K -1 0 45
K 2 0 45
A D 1 16
J N 5 6863 -21 5 5761 144 1 37
K 0 7 45
K 0 0 43
K 0 7 45
K 1 7 45
A D 1 16
J N 5 6892 -28 6 6337 144 1 37
K 0 14 45
K 0 0 45
K 0 0 43
K -1 0 45
K 2 0 45
A D 1 16
H 37 B 1 0 108 4 22 11 11 33
J B 29 6925 1 82 6913 144 0
J N 7 6946 -14 8 1 0 0
K 0 0 45
K 0 0 43
K -1 0 45
K 2 0 45
K 24 -6 44
K 0 0 60
K 0 21 60
A D 6 16
J N 6 7014 35 2 3457 864 1 38
K 0 0 43
A D 2 16
J N 6 7052 28 2 4609 288 1 38
K 0 0 43
A D 2 16
J N 6 7090 21 2 5761 288 1 38
K 0 0 43
A D 2 16
H 38 B 1 0 108 3 2 1 3
J B 30 7132 1 82 6913 288 0
J N 6 7153 49 2 1 0 1 39
K 0 0 43
A D 2 16
J N 6 7191 14 2 1153 288 1 39
K 0 0 43
A D 2 16
J N 6 7229 14 2 2305 288 1 39
K 0 0 43
A D 2 16
J N 6 7267 14 2 3457 288 1 39
K 0 0 43
A D 2 16
H 39 B 1 0 108 4 2 1 1 3
J N 6 7305 21 2 4609 288 1 40
K 0 0 43
A D 2 16
J N 5 7343 14 2 5761 288 1 40
K 0 0 43
A D 1 16
J N 5 7372 21 2 6337 144 1 40
K 0 0 43
A D 1 16
H 40 B 1 0 108 3 2 21 33
J B 31 7405 1 82 6913 144 0
J N 7 7428 28 6 1 0 0
K -14 0 64
K 0 0 43
K 24 -6 44
K 0 0 60
K 0 21 60
A D 6 16
J N 6 7496 28 2 3457 864 1 41
K 0 0 43
A D 2 16
J N 6 7534 21 2 4609 288 1 41
K 0 0 43
A D 2 16
J N 6 7572 14 2 5761 288 1 41
K 0 0 43
A D 2 16
H 41 B 1 0 108 3 2 1 3
J B 32 7614 1 82 6913 288 0
J N 6 7635 42 2 1 0 1 42
K 0 0 43
A D 2 16
J N 6 7673 7 2 1153 288 1 42
K 0 0 43
A D 2 16
J N 6 7711 7 2 2305 288 1 42
K 0 0 43
A D 2 16
J N 6 7749 7 2 3457 288 1 42
K 0 0 43
A D 2 16
H 42 B 1 0 108 4 2 1 1 3
J N 6 7787 14 2 4609 288 1 43
K 0 0 43
A D 2 16
J N 5 7825 7 2 5761 288 1 43
K 0 0 43
A D 1 16
J N 5 7854 14 2 6337 144 1 43
K 0 0 43
A D 1 16
H 43 B 1 0 108 3 2 21 33
J B 33 7887 1 82 6913 144 0
J N 7 7914 21 6 1 0 0
K -18 0 63
K 0 0 43
K 25 0 44
K 0 0 60
K 0 21 60
A D 6 16
J N 6 7982 21 2 3457 864 1 44
K 0 0 43
A D 2 16
J N 6 8020 14 2 4609 288 1 44
K 0 0 43
A D 2 16
J N 6 8058 7 2 5761 288 1 44
K 0 0 43
A D 2 16
H 44 B 1 0 108 3 2 1 3
J B 34 8100 1 82 6913 288 0
J N 6 8121 35 2 1 0 1 45
K 0 0 43
A D 2 16
J N 6 8159 0 2 1153 288 1 45
K 0 0 43
A D 2 16
J N 6 8197 0 2 2305 288 1 45
K 0 0 43
A D 2 16
J N 6 8235 0 2 3457 288 1 45
K 0 0 43
A D 2 16
H 45 B 1 0 108 4 2 1 1 3
J N 6 8273 7 2 4609 288 1 46
K 0 0 43
A D 2 16
J N 5 8311 0 2 5761 288 1 46
K 0 0 43
A D 1 16
J N 5 8340 7 2 6337 144 1 46
K 0 0 43
A D 1 16
H 46 B 1 0 108 3 2 21 33
J B 35 8373 1 82 6913 144 0
J N 7 8394 14 5 1 0 0
K 0 0 43
K 24 -6 44
K 0 0 60
K 0 21 60
A D 6 16
J N 6 8462 21 2 3457 864 1 47
K 0 0 43
A D 2 16
J N 6 8500 28 2 4609 288 1 47
K 0 0 43
A D 2 16
J N 6 8538 35 2 5761 288 1 47
K 0 0 43
A D 2 16
H 47 B 1 0 108 3 2 1 3
J B 36 8580 1 82 6913 288 0
J N 7 8601 42 5 1 0 0
K 0 0 43
K 24 -6 44
K 0 0 59
K 0 -21 59
A D 6 16
J N 6 8669 7 2 3457 864 1 48
K 0 0 43
A D 2 16
J N 6 8707 21 2 4609 288 1 48
K 0 0 43
A D 2 16
J N 6 8745 35 2 5761 288 1 48
K 0 0 43
A D 2 16
H 48 B 1 0 108 3 2 1 3
J B 37 8787 1 82 6913 288 0
J N 7 8808 14 5 1 0 0
K 0 0 43
K 24 -6 44
K 0 0 60
K 0 21 60
A D 6 16
J N 6 8876 28 3 3457 864 0
K 0 0 43
K 0 0 54
A D 2 16
J N 7 8914 7 5 4609 288 1 49
K -14 0 64
K 0 0 43
K 0 0 60
K 0 21 60
A D 4 16
J B 38 8971 1 82 6913 576 0
J N 6 8992 7 2 1 0 2 50 49
K 0 0 43
A D 2 16
H 49 T 7 0 0 0 0 0 1 0
J N 6 9030 21 2 1153 288 1 50
K 0 0 43
A D 2 16
H 50 B 1 0 108 2 2 3
J N 7 9068 0 5 2305 288 0
K 0 0 43
K 24 -6 44
K 0 0 60
K 0 21 60
A D 6 16
J N 6 9136 14 3 5761 864 0
K 0 0 43
K 0 0 54
A D 2 16
J B 39 9178 1 82 6913 288 0
J N 7 9199 7 4 1 0 0
K 0 0 43
K 0 0 60
K 0 21 60
A D 4 16
J R 7 9252 28 3 2305 576 0
K 0 0 48
K -2 -35 101
A D 4 16
J R 7 9305 28 2 4609 576 0
K 0 0 48
A D 4 16
J B 40 9362 1 82 6913 576 0
J D 5 9383 -42 1 1 0 0
W 0 0 37 Adagio
J R 9 9383 28 2 1 10000 0
K 0 0 46
A D 12 16
J B 41 9488 1 82 6913 1728 0
J R 7 9509 28 2 1 0 0
K 0 0 48
A D 4 16
J N 7 9562 21 4 2305 576 0
K 0 0 43
K 0 0 60
K 0 21 60
A D 4 16
J N 7 9615 21 4 4609 576 0
K 0 0 43
K 0 0 60
K 0 21 60
A D 4 16
J B 42 9672 1 82 6913 576 0
J N 7 9693 21 4 1 0 0
K 0 0 43
K 0 0 60
K 0 21 60
A D 4 16
J N 7 9746 28 4 2305 576 0
K 0 0 43
K 0 0 60
K 0 21 60
A D 4 16
J N 7 9799 49 4 4609 576 0
K 0 0 43
K 0 0 59
K 0 -21 59
A D 4 16
J B 43 9856 1 82 6913 576 0
J N 7 9880 35 5 1 0 0
K -15 0 65
K 0 0 43
K 0 0 59
K 0 -21 59
A D 4 16
J N 8 9933 42 4 2305 576 0
K 0 0 42
K 0 0 59
K 0 -21 59
A D 8 16
J B 44 10016 1 82 6913 1152 0
J N 7 10037 49 4 1 0 0
K 0 0 43
K 0 0 59
K 0 -21 59
A D 4 16
J N 7 10090 49 4 2305 576 0
K 0 0 43
K 0 0 59
K 0 -21 59
A D 4 16
J N 7 10143 28 4 4609 576 0
K 0 0 43
K 0 0 60
K 0 21 60
A D 4 16
J B 45 10200 1 82 6913 576 0
J N 7 10224 56 5 1 0 0
K -15 0 65
K 0 0 43
K 0 0 59
K 0 -21 59
A D 4 16
J N 7 10277 7 5 2305 576 0
K -15 0 65
K 0 0 43
K 0 0 60
K 0 21 60
A D 4 16
J N 7 10330 7 4 4609 576 0
K 0 0 43
K 0 0 60
K 0 21 60
A D 4 16
J B 46 10387 1 82 6913 576 0
J N 7 10411 14 5 1 0 0
K -15 0 65
K 0 0 43
K 0 0 60
K 0 21 60
A D 4 16
J N 7 10464 -7 4 2305 576 0
K 0 0 43
K 0 0 60
K 0 21 60
A D 4 16
J N 7 10517 -7 4 4609 576 0
K 0 0 43
K 0 0 60
K 0 21 60
A D 4 16
J B 47 10574 1 82 6913 576 0
J N 7 10595 -7 4 1 0 0
K 0 0 43
K 0 0 60
K 0 21 60
A D 4 16
J N 7 10648 0 4 2305 576 0
K 0 0 43
K 0 0 60
K 0 21 60
A D 4 16
J N 7 10701 7 5 4609 576 0
K -15 0 65
K 0 0 43
K 0 0 60
K 0 21 60
A D 4 16
J B 48 10758 1 82 6913 576 0
J N 7 10781 14 5 1 0 0
K -14 0 64
K 0 0 43
K 0 0 60
K 0 21 60
A D 4 16
J N 7 10834 -7 4 2305 576 0
K 0 0 43
K 0 0 60
K 0 21 60
A D 4 16
J N 7 10887 0 4 4609 576 0
K 0 0 43
K 0 0 60
K 0 21 60
A D 4 16
J B 49 10944 1 82 6913 576 0
J N 8 10967 7 5 1 0 0
K -14 0 64
K 0 0 42
K 0 0 60
K 0 21 60
A D 8 16
J N 8 11046 0 4 2305 1152 0
K 0 0 42
K 0 0 60
K 0 21 60
A D 8 16
J N 7 11125 0 5 4609 1152 0
K 0 0 43
K 24 -6 44
K 0 0 60
K 0 21 60
A D 6 16
J N 6 11193 7 3 6337 864 0
K 0 0 43
K 0 0 54
A D 2 16
J B 51 11235 1 82 6913 288 0
J N 8 11256 0 4 1 0 0
K 0 0 42
K 0 0 60
K 0 21 60
A D 8 16
J N 8 11335 42 4 2305 1152 0
K 0 0 42
K 0 0 59
K 0 -21 59
A D 8 16
J N 8 11414 49 4 4609 1152 0
K 0 0 42
K 0 0 59
K 0 -21 59
A D 8 16
J B 53 11497 1 82 6913 1152 0
J N 8 11518 56 5 1 0 0
K 0 0 42
K 0 -66 101
K 0 0 59
K 0 -21 59
A D 8 16
J R 7 11597 28 2 4609 1152 0
K 0 0 48
A D 4 16
J B 0 11662 5 2 6913 576 0
K -8 0 82
K 0 0 82
J D 5 11683 -42 1 1 0 0
W 0 0 37 Vivace
J N 6 11683 70 6 1 0 0
K 1 0 45
K 0 0 43
K -1 0 45
K 2 0 45
K 0 0 53
A D 2 16
J B 54 11729 1 82 6913 288 0
J N 8 11750 70 8 1 0 0
K 1 0 45
K 0 0 42
K -1 0 45
K 2 0 45
K 24 -6 44
K 0 0 59
K 0 -21 59
A D 12 16
J B 55 11860 1 82 6913 1728 0
J N 7 11881 21 4 1 0 0
K 0 0 43
K 0 0 60
K 0 21 60
A D 4 16
J N 7 11934 21 4 2305 576 0
K 0 0 43
K 0 0 60
K 0 21 60
A D 4 16
J N 7 11987 21 4 4609 576 0
K 0 0 43
K 0 0 60
K 0 21 60
A D 4 16
J B 56 12044 1 82 6913 576 0
J N 8 12065 21 5 1 0 0
K 0 0 42
K 0 -31 236
K 0 0 60
K 0 21 60
A D 8 16
J R 6 12144 28 2 4609 1152 0
K 0 0 49
A D 2 16
J N 6 12182 56 3 5761 288 0
K 0 0 43
K 0 0 53
A D 2 16
J B 57 12228 1 82 6913 288 0
J N 8 12249 56 5 1 0 0
K 0 0 42
K 24 -6 44
K 0 0 59
K 0 -21 59
A D 12 16
J B 58 12359 1 82 6913 1728 0
J N 7 12380 7 4 1 0 0
K 0 0 43
K 0 0 60
K 0 21 60
A D 4 16
J N 7 12433 7 4 2305 576 0
K 0 0 43
K 0 0 60
K 0 21 60
A D 4 16
J N 7 12486 7 4 4609 576 0
K 0 0 43
K 0 0 60
K 0 21 60
A D 4 16
J B 59 12543 1 82 6913 576 0
J N 8 12564 7 5 1 0 0
K 0 0 42
K 0 -17 236
K 0 0 60
K 0 21 60
A D 8 16
J R 6 12643 28 2 4609 1152 0
K 0 0 49
A D 2 16
J N 6 12681 70 6 5761 288 0
K 1 0 45
K 0 0 43
K -1 0 45
K 2 0 45
K 0 0 53
A D 2 16
J B 60 12727 1 82 6913 288 0
J N 8 12748 70 8 1 0 0
K 1 0 45
K 0 0 42
K -1 0 45
K 2 0 45
K 24 -6 44
K 0 0 59
K 0 -21 59
A D 12 16
J B 61 12858 1 82 6913 1728 0
J N 7 12879 21 4 1 0 0
K 0 0 43
K 0 0 60
K 0 21 60
A D 4 16
J N 7 12932 21 4 2305 576 0
K 0 0 43
K 0 0 60
K 0 21 60
A D 4 16
J N 7 12985 21 4 4609 576 0
K 0 0 43
K 0 0 60
K 0 21 60
A D 4 16
J B 62 13042 1 82 6913 576 0
J N 8 13063 21 6 1 0 0
K 0 0 42
K 25 0 44
K 0 -31 236
K 0 0 60
K 0 21 60
A D 12 16
J B 63 13181 5 2 6913 1728 0
K -8 0 82
K 0 0 82
J D 5 13202 -42 1 1 0 0
W 0 0 37 Allegro
J R 9 13202 28 2 1 10000 0
K 0 0 46
A D 12 16
J B 64 13307 1 82 6913 1728 0
J N 6 13328 21 2 1 0 1 51
K 0 0 43
A D 2 16
J N 6 13366 42 2 1153 288 1 51
K 0 0 43
A D 2 16
J N 6 13404 21 2 2305 288 1 51
K 0 0 43
A D 2 16
J N 6 13442 21 2 3457 288 1 51
K 0 0 43
A D 2 16
H 51 B 1 0 108 4 2 1 1 3
J N 6 13480 14 2 4609 288 1 52
K 0 0 43
A D 2 16
J N 5 13518 21 2 5761 288 1 52
K 0 0 43
A D 1 16
J N 5 13547 14 2 6337 144 1 52
K 0 0 43
A D 1 16
H 52 B 1 0 108 3 2 21 33
J B 65 13580 1 82 6913 144 0
J N 6 13601 7 2 1 0 1 53
K 0 0 43
A D 2 16
J N 6 13639 7 2 1153 288 1 53
K 0 0 43
A D 2 16
J N 6 13677 7 2 2305 288 1 53
K 0 0 43
A D 2 16
J N 6 13715 7 2 3457 288 1 53
K 0 0 43
A D 2 16
H 53 B 1 0 108 4 2 1 1 3
J N 6 13753 14 2 4609 288 1 54
K 0 0 43
A D 2 16
J N 5 13791 7 2 5761 288 1 54
K 0 0 43
A D 1 16
J N 5 13820 14 2 6337 144 1 54
K 0 0 43
A D 1 16
H 54 B 1 0 108 3 2 21 33
J B 66 13853 1 82 6913 144 0
J N 6 13874 21 2 1 0 1 55
K 0 0 43
A D 2 16
J N 6 13912 21 2 1153 288 1 55
K 0 0 43
A D 2 16
J N 6 13950 21 2 2305 288 1 55
K 0 0 43
A D 2 16
J N 6 13988 21 2 3457 288 1 55
K 0 0 43
A D 2 16
H 55 B 1 0 108 4 2 1 1 3
J N 6 14028 28 3 4609 288 1 56
K -14 0 64
K 0 0 43
A D 2 16
J N 5 14066 35 2 5761 288 1 56
K 0 0 43
A D 1 16
J N 5 14095 28 2 6337 144 1 56
K 0 0 43
A D 1 16
H 56 B 1 0 108 3 2 21 33
J B 67 14128 1 82 6913 144 0
J N 6 14149 21 2 1 0 1 57
K 0 0 43
A D 2 16
J N 6 14187 42 2 1153 288 1 57
K 0 0 43
A D 2 16
J N 6 14225 42 2 2305 288 1 57
K 0 0 43
A D 2 16
J N 6 14263 42 2 3457 288 1 57
K 0 0 43
A D 2 16
H 57 B 0 0 108 4 2 1 1 3
J N 7 14301 49 4 4609 288 0
K 0 0 43
K 0 0 59
K 0 -21 59
A D 4 16
J B 68 14358 1 82 6913 576 0
J N 6 14379 56 2 1 0 1 58
K 0 0 43
A D 2 16
J N 5 14417 21 2 1153 288 1 58
K 0 0 43
A D 1 16
J N 5 14446 14 2 1729 144 1 58
K 0 0 43
A D 1 16
H 58 B 1 0 108 3 2 21 33
J N 5 14475 7 2 2305 144 1 59
K 0 0 43
A D 1 16
J N 5 14504 0 2 2881 144 1 59
K 0 0 43
A D 1 16
J N 5 14533 7 2 3457 144 1 59
K 0 0 43
A D 1 16
J N 5 14562 0 2 4033 144 1 59
K 0 0 43
A D 1 16
H 59 B 1 0 108 4 22 11 11 33
J N 5 14591 14 2 4609 144 1 60
K 0 0 43
A D 1 16
J N 5 14620 7 2 5185 144 1 60
K 0 0 43
A D 1 16
J N 5 14649 14 2 5761 144 1 60
K 0 0 43
A D 1 16
J N 5 14678 7 2 6337 144 1 60
K 0 0 43
A D 1 16
H 60 B 1 0 108 4 22 11 11 33
J B 69 14711 1 82 6913 144 0
J N 8 14732 21 4 1 0 0
K 0 0 42
K 0 0 60
K 0 21 60
A D 8 16
J R 7 14811 28 2 4609 1152 0
K 0 0 48
A D 4 16
J B 70 14868 1 82 6913 576 0
J N 6 14889 7 2 1 0 1 61
K 0 0 43
A D 2 16
J N 5 14927 21 2 1153 288 1 61
K 0 0 43
A D 1 16
J N 5 14956 14 2 1729 144 1 61
K 0 0 43
A D 1 16
H 61 B 1 0 108 3 2 21 33
J N 5 14985 7 2 2305 144 1 62
K 0 0 43
A D 1 16
J N 5 15014 0 2 2881 144 1 62
K 0 0 43
A D 1 16
J N 5 15043 7 2 3457 144 1 62
K 0 0 43
A D 1 16
J N 5 15072 0 2 4033 144 1 62
K 0 0 43
A D 1 16
H 62 B 1 0 108 4 22 11 11 33
J N 5 15101 14 2 4609 144 1 63
K 0 0 43
A D 1 16
J N 5 15130 7 2 5185 144 1 63
K 0 0 43
A D 1 16
J N 5 15159 14 2 5761 144 1 63
K 0 0 43
A D 1 16
J N 5 15188 7 2 6337 144 1 63
K 0 0 43
A D 1 16
H 63 B 1 0 108 4 22 11 11 33
J B 71 15221 1 82 6913 144 0
J N 8 15242 21 4 1 0 0
K 0 0 42
K 0 0 60
K 0 21 60
A D 8 16
J R 7 15321 28 2 4609 1152 0
K 0 0 48
A D 4 16
J B 72 15378 1 82 6913 576 0
J N 6 15399 7 2 1 0 1 64
K 0 0 43
A D 2 16
J N 5 15437 21 2 1153 288 1 64
K 0 0 43
A D 1 16
J N 5 15466 14 2 1729 144 1 64
K 0 0 43
A D 1 16
H 64 B 1 0 108 3 2 21 33
J N 5 15495 7 2 2305 144 1 65
K 0 0 43
A D 1 16
J N 5 15524 0 2 2881 144 1 65
K 0 0 43
A D 1 16
J N 5 15553 7 2 3457 144 1 65
K 0 0 43
A D 1 16
J N 5 15582 0 2 4033 144 1 65
K 0 0 43
A D 1 16
H 65 B 1 0 108 4 22 11 11 33
J N 5 15611 7 2 4609 144 1 66
K 0 0 43
A D 1 16
J N 5 15640 0 2 5185 144 1 66
K 0 0 43
A D 1 16
J N 5 15669 14 2 5761 144 1 66
K 0 0 43
A D 1 16
J N 5 15698 7 2 6337 144 1 66
K 0 0 43
A D 1 16
H 66 B 1 0 108 4 22 11 11 33
J B 73 15731 1 82 6913 144 0
J N 8 15752 0 4 1 0 0
K 0 0 42
K 0 0 60
K 0 21 60
A D 8 16
J R 7 15831 28 2 4609 1152 0
K 0 0 48
A D 4 16
J B 74 15888 1 82 6913 576 0
J N 6 15909 -14 5 1 0 1 67
K 0 0 45
K 0 0 43
K -1 0 45
K 2 0 45
A D 2 16
J N 5 15947 0 2 1153 288 1 67
K 0 0 43
A D 1 16
J N 5 15976 -7 2 1729 144 1 67
K 0 0 43
A D 1 16
H 67 B 1 0 108 3 2 21 33
J N 5 16005 -14 5 2305 144 1 68
K 0 0 45
K 0 0 43
K -1 0 45
K 2 0 45
A D 1 16
J N 5 16034 -21 5 2881 144 1 68
K 0 7 45
K 0 0 43
K 0 7 45
K 1 7 45
A D 1 16
J N 5 16063 -14 5 3457 144 1 68
K 0 0 45
K 0 0 43
K -1 0 45
K 2 0 45
A D 1 16
J N 5 16092 -21 5 4033 144 1 68
K 0 7 45
K 0 0 43
K 0 7 45
K 1 7 45
A D 1 16
H 68 B 1 0 108 4 22 11 11 33
J N 5 16121 -7 2 4609 144 1 69
K 0 0 43
A D 1 16
J N 5 16150 -14 5 5185 144 1 69
K 0 0 45
K 0 0 43
K -1 0 45
K 2 0 45
A D 1 16
J N 5 16179 -7 2 5761 144 1 69
K 0 0 43
A D 1 16
J N 5 16208 -14 5 6337 144 1 69
K 0 0 45
K 0 0 43
K -1 0 45
K 2 0 45
A D 1 16
H 69 B 1 0 108 4 22 11 11 33
J B 75 16241 1 82 6913 144 0
J N 8 16262 0 4 1 0 0
K 0 0 42
K 0 0 60
K 0 21 60
A D 8 16
J R 7 16341 28 2 4609 1152 0
K 0 0 48
A D 4 16
J B 76 16398 1 82 6913 576 0
J N 8 16419 35 4 1 0 0
K 0 0 42
K 0 0 59
K 0 -21 59
A D 8 16
J R 7 16498 28 2 4609 1152 0
K 0 0 48
A D 4 16
J B 77 16555 1 82 6913 576 0
J N 5 16576 14 2 1 0 1 70
K 0 0 43
A D 1 16
J N 5 16605 0 2 577 144 1 70
K 0 0 43
A D 1 16
J N 5 16634 7 2 1153 144 1 70
K 0 0 43
A D 1 16
J N 5 16663 0 2 1729 144 1 70
K 0 0 43
A D 1 16
H 70 B 1 0 108 4 22 11 11 33
J N 5 16692 14 2 2305 144 1 71
K 0 0 43
A D 1 16
J N 5 16721 0 2 2881 144 1 71
K 0 0 43
A D 1 16
J N 5 16750 7 2 3457 144 1 71
K 0 0 43
A D 1 16
J N 5 16779 0 2 4033 144 1 71
K 0 0 43
A D 1 16
H 71 B 1 0 108 4 22 11 11 33
J N 5 16808 14 2 4609 144 1 72
K 0 0 43
A D 1 16
J N 5 16837 0 2 5185 144 1 72
K 0 0 43
A D 1 16
J N 5 16866 7 2 5761 144 1 72
K 0 0 43
A D 1 16
J N 5 16895 0 2 6337 144 1 72
K 0 0 43
A D 1 16
H 72 B 1 0 108 4 22 11 11 33
J B 78 16928 1 82 6913 144 0
J N 7 16951 28 5 1 0 0
K -14 0 64
K 0 0 43
K 0 0 60
K 0 21 60
A D 4 16
J N 7 17004 91 9 2305 576 0
K 1 -21 45
K 1 -7 45
K 0 0 43
K 0 -7 45
K 1 -7 45
K 0 0 59
K 0 -28 59
K 0 -35 59
A D 4 16
J R 7 17057 28 2 4609 576 0
K 0 0 48
A D 4 16
J B 79 17114 1 82 6913 576 0
J N 5 17135 7 2 1 0 1 73
K 0 0 43
A D 1 16
J N 5 17164 -7 2 577 144 1 73
K 0 0 43
A D 1 16
J N 5 17193 0 2 1153 144 1 73
K 0 0 43
A D 1 16
J N 5 17222 -7 2 1729 144 1 73
K 0 0 43
A D 1 16
H 73 B 1 0 108 4 22 11 11 33
J N 5 17251 7 2 2305 144 1 74
K 0 0 43
A D 1 16
J N 5 17280 -7 2 2881 144 1 74
K 0 0 43
A D 1 16
J N 5 17309 0 2 3457 144 1 74
K 0 0 43
A D 1 16
J N 5 17338 -7 2 4033 144 1 74
K 0 0 43
A D 1 16
H 74 B 1 0 108 4 22 11 11 33
J N 5 17367 7 2 4609 144 1 75
K 0 0 43
A D 1 16
J N 5 17396 -7 2 5185 144 1 75
K 0 0 43
A D 1 16
J N 5 17425 0 2 5761 144 1 75
K 0 0 43
A D 1 16
J N 5 17454 -7 2 6337 144 1 75
K 0 0 43
A D 1 16
H 75 B 1 0 108 4 22 11 11 33
J B 80 17487 1 82 6913 144 0
J N 7 17514 21 5 1 0 0
K -18 0 63
K 0 0 43
K 0 0 60
K 0 21 60
A D 4 16
J N 7 17567 84 8 2305 576 0
K 1 -14 45
K 1 0 45
K 0 0 43
K -1 0 45
K 2 0 45
K 0 0 59
K 0 -28 59
A D 4 16
J R 7 17620 28 2 4609 576 0
K 0 0 48
A D 4 16
J B 81 17677 1 82 6913 576 0
J R 6 17698 28 2 1 0 0
K 0 0 49
A D 2 16
J N 6 17736 0 2 1153 288 1 76
K 0 0 43
A D 2 16
J N 6 17774 0 2 2305 288 1 76
K 0 0 43
A D 2 16
J N 6 17812 0 2 3457 288 1 76
K 0 0 43
A D 2 16
J N 6 17850 7 2 4609 288 1 76
K 0 0 43
A D 2 16
J N 6 17888 14 2 5761 288 1 76
K 0 0 43
A D 2 16
H 76 B 1 0 108 5 2 1 1 1 3
J B 82 17930 1 82 6913 288 0
J N 6 17957 21 3 1 0 2 77 78
K -18 0 63
K 0 0 43
A D 2 16
J N 6 17995 14 2 1153 288 2 78 77
K 0 0 43
A D 2 16
H 77 S 0 0 0 0 0 0 0 0 0
J N 6 18033 21 2 2305 288 2 79 78
K 0 0 43
A D 2 16
J N 6 18071 14 2 3457 288 2 78 79
K 0 0 43
A D 2 16
H 79 S 0 0 0 0 0 0 0 0 0
J N 6 18109 7 2 4609 288 2 80 78
K 0 0 43
A D 2 16
J N 6 18147 14 2 5761 288 2 78 80
K 0 0 43
A D 2 16
H 78 B 1 0 108 6 2 1 1 1 1 3
H 80 S 0 0 0 0 0 0 0 0 0
J B 83 18189 1 82 6913 288 0
J N 6 18216 21 4 1 0 2 81 82
K -18 0 63
K 0 0 43
K 0 65 108
A D 2 16
J N 6 18254 14 2 1153 288 1 82
K 0 0 43
A D 2 16
J N 6 18292 21 2 2305 288 1 82
K 0 0 43
A D 2 16
J N 6 18330 14 2 3457 288 1 82
K 0 0 43
A D 2 16
J N 6 18368 7 2 4609 288 1 82
K 0 0 43
A D 2 16
J N 6 18406 14 2 5761 288 2 82 81
K 0 0 43
A D 2 16
H 82 B 1 0 108 6 2 1 1 1 1 3
H 81 S 0 0 0 0 0 0 0 0 0
J B 84 18448 1 82 6913 288 0
J N 7 18475 21 9 1 0 0
K -18 0 63
K 0 0 43
K 25 0 44
K -11 72 195
K 0 77 253
K 22 72 196
K 0 0 60
K 0 21 60
A D 6 16
J N 6 18543 35 2 3457 864 1 83
K 0 0 43
A D 2 16
J N 6 18583 28 3 4609 288 1 83
K -14 0 64
K 0 0 43
A D 2 16
J N 6 18621 21 2 5761 288 1 83
K 0 0 43
A D 2 16
H 83 B 1 0 108 3 2 1 3
J B 85 18663 1 82 6913 288 0
J N 7 18684 14 4 1 0 0
K 0 0 43
K 0 0 60
K 0 21 60
A D 4 16
J N 7 18737 14 5 2305 576 0
K 0 0 43
K 24 -6 44
K 0 0 60
K 0 21 60
A D 6 16
J N 6 18805 21 4 5761 864 0
K -18 0 63
K 0 0 43
K 0 0 54
A D 2 16
J B 86 18847 1 82 6913 288 0
J N 6 18868 14 2 1 0 1 84
K 0 0 43
A D 2 16
J N 6 18906 35 2 1153 288 1 84
K 0 0 43
A D 2 16
H 84 B 1 0 108 2 2 3
J N 6 18944 14 2 2305 288 1 85
K 0 0 43
A D 2 16
J N 5 18982 7 2 3457 288 1 85
K 0 0 43
A D 1 16
J N 5 19011 14 2 4033 144 1 85
K 0 0 43
A D 1 16
H 85 B 1 0 108 3 2 21 33
J N 6 19040 21 2 4609 144 1 86
K 0 0 43
A D 2 16
J N 5 19078 14 2 5761 288 1 86
K 0 0 43
A D 1 16
J N 5 19107 21 2 6337 144 1 86
K 0 0 43
A D 1 16
H 86 B 1 0 108 3 2 21 33
J B 87 19140 1 82 6913 144 0
J N 8 19163 28 5 1 0 0
K -14 0 64
K 0 0 42
K 0 0 60
K 0 21 60
A D 8 16
J R 7 19242 28 2 4609 1152 0
K 0 0 48
A D 4 16
J B 88 19299 1 82 6913 576 0
J N 6 19320 21 2 1 0 1 87
K 0 0 43
A D 2 16
J N 6 19358 42 2 1153 288 1 87
K 0 0 43
A D 2 16
H 87 B 0 0 108 2 2 3
J N 6 19396 21 2 2305 288 1 88
K 0 0 43
A D 2 16
J N 5 19434 14 2 3457 288 1 88
K 0 0 43
A D 1 16
J N 5 19463 21 2 4033 144 1 88
K 0 0 43
A D 1 16
H 88 B 1 0 108 3 2 21 33
J N 6 19492 28 2 4609 144 1 89
K 0 0 43
A D 2 16
J N 5 19530 21 2 5761 288 1 89
K 0 0 43
A D 1 16
J N 5 19559 28 2 6337 144 1 89
K 0 0 43
A D 1 16
H 89 B 1 0 108 3 2 21 33
J B 89 19592 1 82 6913 144 0
J N 7 19613 35 5 1 0 0
K 0 0 43
K 25 0 44
K 0 0 59
K 0 -21 59
A D 6 16
J N 6 19681 -14 6 3457 864 0
K 0 0 45
K 0 0 43
K -1 0 45
K 2 0 45
K 0 0 54
A D 2 16
J N 6 19719 -7 2 4609 288 1 90
K 0 0 43
A D 2 16
J N 5 19757 -14 5 5761 288 1 90
K 0 0 45
K 0 0 43
K -1 0 45
K 2 0 45
A D 1 16
J N 5 19786 -7 2 6337 144 1 90
K 0 0 43
A D 1 16
H 90 B 1 0 108 3 2 21 33
J B 90 19819 1 82 6913 144 0
J N 7 19840 0 4 1 0 0
K 0 0 43
K 0 0 60
K 0 21 60
A D 4 16
J R 6 19893 28 2 2305 576 0
K 0 0 49
A D 2 16
J N 6 19931 14 2 3457 288 1 91
K 0 0 43
A D 2 16
J N 6 19969 -7 2 4609 288 1 91
K 0 0 43
A D 2 16
J N 6 20007 14 2 5761 288 1 91
K 0 0 43
A D 2 16
H 91 B 1 0 108 3 2 1 3
J B 91 20049 1 82 6913 288 0
J N 7 20070 7 4 1 0 0
K 0 0 43
K 0 0 60
K 0 21 60
A D 4 16
J R 6 20123 28 2 2305 576 0
K 0 0 49
A D 2 16
J N 6 20161 7 2 3457 288 1 92
K 0 0 43
A D 2 16
J N 6 20199 -14 5 4609 288 1 92
K 0 0 45
K 0 0 43
K -1 0 45
K 2 0 45
A D 2 16
J N 6 20237 7 2 5761 288 1 92
K 0 0 43
A D 2 16
H 92 B 1 0 108 3 2 1 3
J B 92 20279 1 82 6913 288 0
J N 7 20300 0 4 1 0 0
K 0 0 43
K 0 0 60
K 0 21 60
A D 4 16
J R 6 20353 28 2 2305 576 0
K 0 0 49
A D 2 16
J N 6 20391 0 2 3457 288 1 93
K 0 0 43
A D 2 16
J N 6 20429 -21 5 4609 288 1 93
K 0 7 45
K 0 0 43
K 0 7 45
K 1 7 45
A D 2 16
J N 6 20467 -14 5 5761 288 1 93
K 0 0 45
K 0 0 43
K -1 0 45
K 2 0 45
A D 2 16
H 93 B 1 0 108 3 2 1 3
J B 93 20509 1 82 6913 288 0
J N 7 20530 -7 5 1 0 0
K 0 0 43
K 25 0 44
K 0 0 60
K 0 21 60
A D 6 16
J N 6 20598 7 3 3457 864 0
K 0 0 43
K 0 0 54
A D 2 16
J N 7 20636 -14 7 4609 288 0
K 0 0 45
K 0 0 43
K -1 0 45
K 2 0 45
K 0 0 60
K 0 21 60
A D 4 16
J B 94 20693 1 82 6913 576 0
J N 7 20714 0 4 1 0 0
K 0 0 43
K 0 0 60
K 0 21 60
A D 4 16
J N 7 20767 0 5 2305 576 0
K 0 0 43
K 24 -6 44
K 0 0 60
K 0 21 60
A D 6 16
J N 6 20835 7 3 5761 864 0
K 0 0 43
K 0 0 54
A D 2 16
J B 95 20877 1 82 6913 288 0
J N 7 20898 0 5 1 0 0
K 0 0 43
K 24 -6 44
K 0 0 60
K 0 21 60
A D 6 16
J N 6 20966 49 2 3457 864 1 94
K 0 0 43
A D 2 16
J N 6 21004 63 2 4609 288 2 95 94
K 0 0 43
A D 2 16
J N 6 21042 56 2 5761 288 2 94 95
K 0 0 43
A D 2 16
H 94 B 0 0 108 3 2 1 3
H 95 S 12 0 0 0 0 0 0 0 0
J B 96 21084 1 82 6913 288 0
J N 7 21105 49 4 1 0 0
K 0 0 43
K 0 0 59
K 0 -21 59
A D 4 16
J N 7 21158 49 5 2305 576 0
K 0 0 43
K 25 0 44
K 0 0 59
K 0 -21 59
A D 6 16
J N 6 21226 56 3 5761 864 0
K 0 0 43
K 0 0 53
A D 2 16
J B 97 21272 1 82 6913 288 0
J N 7 21293 49 4 1 0 0
K 0 0 43
K 0 0 59
K 0 -21 59
A D 4 16
J R 6 21346 28 2 2305 576 0
K 0 0 49
A D 2 16
J N 6 21384 21 3 3457 288 0
K 0 0 43
K 0 0 54
A D 2 16
J N 7 21422 0 4 4609 288 0
K 0 0 43
K 0 0 60
K 0 21 60
A D 4 16
J B 98 21479 1 82 6913 576 0
J R 6 21500 28 2 1 0 0
K 0 0 49
A D 2 16
J N 6 21538 0 3 1153 288 0
K 0 0 43
K 0 0 54
A D 2 16
J N 7 21576 -14 7 2305 288 0
K 0 0 45
K 0 0 43
K -1 0 45
K 2 0 45
K 0 0 60
K 0 21 60
A D 4 16
J R 6 21629 28 2 4609 576 0
K 0 0 49
A D 2 16
J N 6 21667 -14 6 5761 288 0
K 0 0 45
K 0 0 43
K -1 0 45
K 2 0 45
K 0 0 54
A D 2 16
J B 99 21709 1 82 6913 288 0
J N 7 21730 -28 8 1 0 0
K 0 14 45
K 0 0 45
K 0 0 43
K -1 0 45
K 2 0 45
K 0 0 60
K 0 28 60
A D 4 16
J R 6 21783 28 2 2305 576 0
K 0 0 49
A D 2 16
J N 6 21821 -28 8 3457 288 0
K 0 14 45
K 0 0 45
K 0 0 43
K -1 0 45
K 2 0 45
K 0 0 60
K 0 7 54
A D 2 16
J N 7 21859 -49 10 4609 288 0
K 0 35 45
K 0 21 45
K 0 7 45
K 0 0 43
K 0 7 45
K 1 7 45
K 0 0 60
K 0 28 60
K 0 49 60
A D 4 16
J B 100 21916 1 82 6913 576 0
J D 5 21937 -42 1 1 0 0
W 0 0 37 Adagio
J N 7 21937 35 4 1 0 0
K 0 0 43
K 0 0 59
K 0 -21 59
A D 4 16
J N 7 21990 28 6 2305 576 0
K -14 0 64
K 0 0 43
K 24 -6 44
K 0 0 60
K 0 21 60
A D 6 16
J N 6 22058 21 3 5761 864 0
K 0 0 43
K 0 0 54
A D 2 16
J B 101 22100 1 82 6913 288 0
J D 5 22121 -42 1 6913 0 0
W 0 0 37 Largo andante
J T 101 22121 42 1 6913 0 0
K 0 0 37
J N 7 22169 21 4 1 0 0
K 0 0 43
K 0 0 60
K 0 21 60
A D 4 16
J R 6 22222 28 2 1729 576 0
K 0 0 49
A D 2 16
J N 6 22260 0 3 2593 288 0
K 0 0 43
K 0 0 54
A D 2 16
J N 7 22298 -7 5 3457 288 0
K 0 0 43
K 25 0 44
K 0 0 60
K 0 21 60
A D 6 16
J N 5 22366 -28 6 6049 864 2 96 97
K 0 14 45
K 0 0 45
K 0 0 43
K -1 0 45
K 2 0 45
A D 1 16
J N 5 22395 7 2 6481 144 2 97 96
K 0 0 43
A D 1 16
H 97 B 1 0 108 2 22 33
H 96 S 0 0 0 0 0 0 0 0 0
J B 102 22428 1 82 6913 144 0
J N 6 22449 -14 5 1 0 1 98
K 0 0 45
K 0 0 43
K -1 0 45
K 2 0 45
A D 2 16
J N 6 22487 35 2 865 288 1 98
K 0 0 43
A D 2 16
H 98 B 1 0 108 2 2 3
J R 6 22525 28 2 1729 288 0
K 0 0 49
A D 2 16
J N 6 22563 0 3 2593 288 0
K 0 0 43
K 0 0 54
A D 2 16
J N 7 22601 7 5 3457 288 0
K 0 0 43
K 25 0 44
K 0 0 60
K 0 21 60
A D 6 16
J N 5 22669 -14 5 6049 864 2 99 100
K 0 0 45
K 0 0 43
K -1 0 45
K 2 0 45
A D 1 16
J N 5 22698 21 2 6481 144 2 100 99
K 0 0 43
A D 1 16
H 100 B 1 0 108 2 22 33
H 99 S 0 0 0 0 0 0 0 0 0
J B 103 22731 1 82 6913 144 0
J N 6 22752 0 2 1 0 1 101
K 0 0 43
A D 2 16
J N 6 22790 49 2 865 288 1 101
K 0 0 43
A D 2 16
H 101 B 1 0 108 2 2 3
J R 6 22828 28 2 1729 288 0
K 0 0 49
A D 2 16
J N 6 22866 14 3 2593 288 0
K 0 0 43
K 0 0 54
A D 2 16
J N 7 22904 21 4 3457 288 0
K 0 0 43
K 0 0 60
K 0 21 60
A D 4 16
J R 5 22957 28 3 5185 576 0
K 0 14 49
K 4 0 50
A D 1 16
J N 5 22990 0 2 5617 144 2 102 103
K 0 0 43
A D 1 16
J N 5 23019 -7 2 6049 144 1 103
K 0 0 43
A D 1 16
J N 5 23048 -14 5 6481 144 2 103 102
K 0 0 45
K 0 0 43
K -1 0 45
K 2 0 45
A D 1 16
H 103 B 1 0 108 3 22 11 33
H 102 S 0 0 0 0 0 0 0 0 0
J B 104 23081 1 82 6913 144 0
J N 6 23104 28 4 1 0 0
K -14 0 64
K 0 0 43
K 0 0 54
A D 2 16
J N 7 23142 -7 4 865 288 0
K 0 0 43
K 0 0 60
K 0 21 60
A D 4 16
J N 6 23195 0 3 2593 576 1 104
K 0 0 43
K 0 0 54
A D 2 16
J N 6 23233 0 2 3457 288 2 105 104
K 0 0 43
A D 2 16
H 104 T 0 0 0 0 0 0 5 0
J N 6 23271 7 2 4321 288 1 105
K 0 0 43
A D 2 16
H 105 B 1 0 108 2 2 3
J N 7 23309 14 4 5185 288 0
K 0 0 43
K 0 0 60
K 0 21 60
A D 4 16
J B 105 23366 1 82 6913 576 0
J N 7 23387 21 4 1 0 0
K 0 0 43
K 0 0 60
K 0 21 60
A D 4 16
J R 7 23440 28 2 1729 576 0
K 0 0 48
A D 4 16
J N 8 23493 -7 4 3457 576 0
K 0 0 42
K 0 0 60
K 0 21 60
A D 8 16
J B 106 23576 1 82 6913 1152 0
J N 8 23597 0 4 1 0 0
K 0 0 42
K 0 0 60
K 0 21 60
A D 8 16
J N 8 23676 7 4 3457 1152 0
K 0 0 42
K 0 0 60
K 0 21 60
A D 8 16
J B 107 23759 1 82 6913 1152 0
J N 8 23780 14 4 1 0 0
K 0 0 42
K 0 0 60
K 0 21 60
A D 8 16
J N 7 23859 21 5 3457 1152 0
K 0 0 43
K 25 0 44
K 0 0 60
K 0 21 60
A D 6 16
J N 6 23927 28 3 6049 864 1 106
K 0 0 43
K 0 0 54
A D 2 16
J B 108 23969 1 82 6913 288 0
J N 6 23990 28 2 1 0 2 107 106
K 0 0 43
A D 2 16
H 106 T 28 0 0 0 0 0 5 0
J N 6 24028 35 2 865 288 1 107
K 0 0 43
A D 2 16
H 107 B 0 0 108 2 2 3
J N 7 24066 42 4 1729 288 0
K 0 0 43
K 0 0 59
K 0 -21 59
A D 4 16
J N 7 24119 49 4 3457 576 0
K 0 0 43
K 0 0 59
K 0 -21 59
A D 4 16
J N 7 24172 49 4 5185 576 1 108
K 0 0 43
K 0 0 59
K 0 -21 59
A D 4 16
J B 109 24229 1 82 6913 576 0
J N 7 24250 49 4 1 0 1 108
K 0 0 43
K 0 0 59
K 0 -21 59
A D 4 16
H 108 T 49 0 0 0 0 0 9 0
J N 7 24303 56 4 1729 576 0
K 0 0 43
K 0 0 59
K 0 -21 59
A D 4 16
J N 8 24356 49 4 3457 576 0
K 0 0 42
K 0 0 59
K 0 -21 59
A D 8 16
J B 0 24452 6 2 6913 1152 0
K -13 0 82
K -6 0 84
J M 0 24452 0 0 10000 0 0
