@ SOURCE: not identified 
L 0 0 14 !39Basso
J D 4 500 -120 1 6913 0 0
W 0 0 44 
J D 1 75 -37 1 6913 0 0
W 0 -56 44 :  Basso
J C 22 5 14 36 6913 0 0
J K -1 57 0 1 6913 0 0
K 0 42 65
J D 5 86 -42 1 6913 0 0
W 0 0 37 Vivace
J T 304 95 0 2 6913 0 0
K -10 28 74
K -10 56 75
J N 6 134 14 3 1 0 0
K 0 0 43
K 0 0 54
A D 2 16
J B 1 167 1 82 6913 288 0
J N 8 188 14 5 1 0 0
K 0 0 42
K 24 -6 44
K 0 0 60
K 0 21 60
A D 12 16
J B 2 260 1 82 6913 1728 0
J R 9 281 28 2 1 10000 0
K 0 0 46
A D 12 16
J B 3 386 1 82 6913 1728 0
J R 7 407 28 2 1 0 0
K 0 0 48
A D 4 16
J R 7 445 28 2 2305 576 0
K 0 0 48
A D 4 16
J R 6 483 28 2 4609 576 0
K 0 0 49
A D 2 16
J N 6 512 14 3 5761 288 0
K 0 0 43
K 0 0 54
A D 2 16
J B 4 545 1 82 6913 288 0
J N 8 566 14 5 1 0 0
K 0 0 42
K 24 -6 44
K 0 0 60
K 0 21 60
A D 12 16
J B 5 638 1 82 6913 1728 0
J R 9 659 28 2 1 10000 0
K 0 0 46
A D 12 16
J B 6 764 1 82 6913 1728 0
J R 7 785 28 2 1 0 0
K 0 0 48
A D 4 16
J R 7 823 28 2 2305 576 0
K 0 0 48
A D 4 16
J R 6 861 28 2 4609 576 0
K 0 0 49
A D 2 16
J N 6 890 14 3 5761 288 0
K 0 0 43
K 0 0 54
A D 2 16
J B 7 923 1 82 6913 288 0
J N 8 944 14 5 1 0 0
K 0 0 42
K 24 -6 44
K 0 0 60
K 0 21 60
A D 12 16
J B 8 1016 1 82 6913 1728 0
J R 9 1037 28 2 1 10000 0
K 0 0 46
A D 12 16
J B 9 1142 1 82 6913 1728 0
J R 9 1163 28 2 1 10000 0
K 0 0 46
A D 12 16
J B 10 1276 5 2 6913 1728 0
K -8 0 82
K 0 0 82
J D 5 1297 -42 1 1 0 0
W 0 0 37 Allegro
J R 9 1297 28 2 1 10000 0
K 0 0 46
A D 12 16
J B 11 1402 1 82 6913 1728 0
J R 9 1423 28 2 1 10000 0
K 0 0 46
A D 12 16
J B 12 1528 1 82 6913 1728 0
J R 9 1549 28 2 1 10000 0
K 0 0 46
A D 12 16
J B 13 1654 1 82 6913 1728 0
J N 6 1675 14 2 1 0 1 1
K 0 0 43
A D 2 16
J N 6 1704 35 2 1153 288 1 1
K 0 0 43
A D 2 16
J N 6 1733 14 2 2305 288 1 1
K 0 0 43
A D 2 16
J N 6 1762 14 2 3457 288 1 1
K 0 0 43
A D 2 16
H 1 B 1 0 108 4 2 1 1 3
J F 0 1791 98 1 4609 288 0
K 0 0 205
J N 6 1791 7 2 4609 0 1 2
K 0 0 43
A D 2 16
J N 5 1820 14 2 5761 288 1 2
K 0 0 43
A D 1 16
J N 5 1849 7 2 6337 144 1 2
K 0 0 43
A D 1 16
H 2 B 1 0 108 3 2 21 33
J B 14 1882 1 82 6913 144 0
J F 0 1903 98 1 1 0 0
K 0 0 205
J N 6 1903 0 2 1 0 1 3
K 0 0 43
A D 2 16
J N 6 1932 14 2 1153 288 1 3
K 0 0 43
A D 2 16
J N 6 1961 0 2 2305 288 1 3
K 0 0 43
A D 2 16
J N 6 1990 -7 2 3457 288 1 3
K 0 0 43
A D 2 16
H 3 B 1 0 108 4 2 1 1 3
J F 0 2019 98 1 4609 288 0
K 0 0 203
J N 6 2019 -14 5 4609 0 1 4
K 0 0 45
K 0 0 43
K -1 0 45
K 2 0 45
A D 2 16
J F 0 2048 98 1 5761 288 0
K 0 0 202
J N 6 2048 35 2 5761 0 1 4
K 0 0 43
A D 2 16
H 4 B 1 0 108 2 2 3
J B 15 2081 1 82 6913 288 0
J N 8 2102 14 4 1 0 0
K 0 0 42
K 0 0 60
K 0 21 60
A D 8 16
J R 7 2155 28 2 4609 1152 0
K 0 0 48
A D 4 16
J B 16 2197 1 82 6913 576 0
J N 6 2218 -35 6 1 0 1 5
K 0 21 45
K 0 7 45
K 0 0 43
K 0 7 45
K 1 7 45
A D 2 16
J N 6 2247 14 2 1153 288 1 5
K 0 0 43
A D 2 16
J N 6 2276 0 2 2305 288 1 5
K 0 0 43
A D 2 16
J N 6 2305 -7 2 3457 288 1 5
K 0 0 43
A D 2 16
H 5 B 1 0 108 4 2 1 1 3
J F 0 2334 98 1 4609 288 0
K 0 0 203
J N 6 2334 -14 5 4609 0 1 6
K 0 0 45
K 0 0 43
K -1 0 45
K 2 0 45
A D 2 16
J F 0 2363 98 1 5761 288 0
K 0 0 202
J N 6 2363 35 2 5761 0 1 6
K 0 0 43
A D 2 16
H 6 B 1 0 108 2 2 3
J B 17 2396 1 82 6913 288 0
J N 8 2417 14 4 1 0 0
K 0 0 42
K 0 0 60
K 0 21 60
A D 8 16
J R 7 2470 28 2 4609 1152 0
K 0 0 48
A D 4 16
J B 18 2512 1 82 6913 576 0
J N 6 2533 14 2 1 0 1 7
K 0 0 43
A D 2 16
J N 6 2562 63 2 1153 288 1 7
K 0 0 43
A D 2 16
J N 6 2591 49 2 2305 288 1 7
K 0 0 43
A D 2 16
J N 6 2620 42 2 3457 288 1 7
K 0 0 43
A D 2 16
H 7 B 0 0 108 4 2 1 1 3
J F 0 2649 98 1 4609 288 0
K 0 0 203
J N 6 2649 35 2 4609 0 1 8
K 0 0 43
A D 2 16
J F 0 2678 98 1 5761 288 0
K 0 0 202
J N 6 2678 84 6 5761 0 1 8
K 1 -14 45
K 1 0 45
K 0 0 43
K -1 0 45
K 2 0 45
A D 2 16
H 8 B 0 0 108 2 2 3
J B 19 2711 1 82 6913 288 0
J N 8 2732 63 4 1 0 0
K 0 0 42
K 0 0 59
K 0 -21 59
A D 8 16
J R 7 2785 28 2 4609 1152 0
K 0 0 48
A D 4 16
J B 20 2827 1 82 6913 576 0
J N 8 2848 14 4 1 0 0
K 0 0 42
K 0 0 60
K 0 21 60
A D 8 16
J R 7 2901 28 2 4609 1152 0
K 0 0 48
A D 4 16
J B 21 2943 1 82 6913 576 0
J N 8 2964 63 4 1 0 0
K 0 0 42
K 0 0 59
K 0 -21 59
A D 8 16
J R 7 3017 28 2 4609 1152 0
K 0 0 48
A D 4 16
J B 22 3059 1 82 6913 576 0
J N 6 3080 -14 5 1 0 1 9
K 0 0 45
K 0 0 43
K -1 0 45
K 2 0 45
A D 2 16
J N 6 3109 35 2 1153 288 1 9
K 0 0 43
A D 2 16
J N 6 3138 21 2 2305 288 1 9
K 0 0 43
A D 2 16
J N 6 3167 14 2 3457 288 1 9
K 0 0 43
A D 2 16
H 9 B 1 0 108 4 2 1 1 3
J F 0 3196 98 1 4609 288 0
K 0 0 203
J N 6 3196 7 2 4609 0 1 10
K 0 0 43
A D 2 16
J F 0 3225 98 1 5761 288 0
K 0 0 218
J N 6 3225 56 2 5761 0 1 10
K 0 0 43
A D 2 16
H 10 B 0 0 108 2 2 3
J B 23 3258 1 82 6913 288 0
J N 8 3279 35 4 1 0 0
K 0 0 42
K 0 0 59
K 0 -21 59
A D 8 16
J R 7 3332 28 2 4609 1152 0
K 0 0 48
A D 4 16
J B 24 3374 1 82 6913 576 0
J N 6 3395 -14 5 1 0 1 11
K 0 0 45
K 0 0 43
K -1 0 45
K 2 0 45
A D 2 16
J N 6 3424 35 2 1153 288 1 11
K 0 0 43
A D 2 16
J N 6 3453 21 2 2305 288 1 11
K 0 0 43
A D 2 16
J N 6 3482 14 2 3457 288 1 11
K 0 0 43
A D 2 16
H 11 B 1 0 108 4 2 1 1 3
J F 0 3511 98 1 4609 288 0
K 0 0 203
J N 6 3511 7 2 4609 0 1 12
K 0 0 43
A D 2 16
J F 0 3540 98 1 5761 288 0
K 0 0 218
J N 6 3540 56 2 5761 0 1 12
K 0 0 43
A D 2 16
H 12 B 0 0 108 2 2 3
J B 25 3573 1 82 6913 288 0
J N 8 3594 35 4 1 0 0
K 0 0 42
K 0 0 59
K 0 -21 59
A D 8 16
J R 7 3647 28 2 4609 1152 0
K 0 0 48
A D 4 16
J B 26 3689 1 82 6913 576 0
J N 8 3710 -14 7 1 0 0
K 0 0 45
K 0 0 42
K -1 0 45
K 2 0 45
K 0 0 60
K 0 21 60
A D 8 16
J R 7 3763 28 2 4609 1152 0
K 0 0 48
A D 4 16
J B 27 3805 1 82 6913 576 0
J N 8 3826 35 4 1 0 0
K 0 0 42
K 0 0 59
K 0 -21 59
A D 8 16
J R 7 3879 28 2 4609 1152 0
K 0 0 48
A D 4 16
J B 28 3921 1 82 6913 576 0
J N 8 3942 14 4 1 0 0
K 0 0 42
K 0 0 60
K 0 21 60
A D 8 16
J R 7 3995 28 2 4609 1152 0
K 0 0 48
A D 4 16
J B 29 4037 1 82 6913 576 0
J N 8 4058 63 4 1 0 0
K 0 0 42
K 0 0 59
K 0 -21 59
A D 8 16
J R 7 4111 28 2 4609 1152 0
K 0 0 48
A D 4 16
J B 30 4153 1 82 6913 576 0
J N 6 4174 -7 2 1 0 1 13
K 0 0 43
A D 2 16
J N 6 4203 14 2 1153 288 1 13
K 0 0 43
A D 2 16
J N 6 4232 -7 2 2305 288 1 13
K 0 0 43
A D 2 16
J N 6 4261 -7 2 3457 288 1 13
K 0 0 43
A D 2 16
H 13 B 1 0 108 4 2 1 1 3
J F 0 4290 98 1 4609 288 0
K 0 0 216
J N 7 4290 0 4 4609 0 0
K 0 0 43
K 0 0 60
K 0 21 60
A D 4 16
J B 31 4332 1 82 6913 576 0
J F 0 4353 98 1 1 0 0
K 0 0 218
J N 7 4353 7 5 1 0 0
K 0 0 43
K 25 0 44
K 0 0 60
K 0 21 60
A D 6 16
J N 6 4399 7 2 3457 864 1 14
K 0 0 43
A D 2 16
J N 6 4428 0 2 4609 288 1 14
K 0 0 43
A D 2 16
J N 6 4468 -7 3 5761 288 1 14
K -14 0 64
K 0 0 43
A D 2 16
H 14 B 1 0 108 3 2 1 3
J B 32 4501 1 82 6913 288 0
J N 6 4522 -14 5 1 0 1 15
K 0 0 45
K 0 0 43
K -1 0 45
K 2 0 45
A D 2 16
J N 6 4551 7 2 1153 288 1 15
K 0 0 43
A D 2 16
J N 6 4580 -14 5 2305 288 1 15
K 0 0 45
K 0 0 43
K -1 0 45
K 2 0 45
A D 2 16
J N 6 4609 -14 5 3457 288 1 15
K 0 0 45
K 0 0 43
K -1 0 45
K 2 0 45
A D 2 16
H 15 B 1 0 108 4 2 1 1 3
J F 0 4638 98 1 4609 288 0
K 0 0 205
J N 7 4638 -7 4 4609 0 0
K 0 0 43
K 0 0 60
K 0 21 60
A D 4 16
J B 33 4680 1 82 6913 576 0
J F 0 4701 98 1 1 0 0
K 0 0 213
J N 7 4701 0 5 1 0 0
K 0 0 43
K 24 -6 44
K 0 0 60
K 0 21 60
A D 6 16
J N 6 4747 0 2 3457 864 1 16
K 0 0 43
A D 2 16
J N 6 4787 -7 3 4609 288 1 16
K -14 0 64
K 0 0 43
A D 2 16
J N 6 4831 -14 6 5761 288 1 16
K 0 0 45
K -18 0 63
K 0 0 43
K -1 0 45
K 2 0 45
A D 2 16
H 16 B 1 0 108 3 2 1 3
J B 34 4864 1 82 6913 288 0
J N 6 4885 -21 5 1 0 1 17
K 0 7 45
K 0 0 43
K 0 7 45
K 1 7 45
A D 2 16
J N 6 4914 0 2 1153 288 1 17
K 0 0 43
A D 2 16
J N 6 4943 -21 5 2305 288 1 17
K 0 7 45
K 0 0 43
K 0 7 45
K 1 7 45
A D 2 16
J N 6 4972 -21 5 3457 288 1 17
K 0 7 45
K 0 0 43
K 0 7 45
K 1 7 45
A D 2 16
H 17 B 1 0 108 4 2 1 1 3
J F 0 5001 98 1 4609 288 0
K 0 0 205
J N 7 5001 -14 7 4609 0 0
K 0 0 45
K 0 0 43
K -1 0 45
K 2 0 45
K 0 0 60
K 0 21 60
A D 4 16
J B 35 5043 1 82 6913 576 0
J N 7 5064 -7 5 1 0 0
K 0 0 43
K 25 0 44
K 0 0 60
K 0 21 60
A D 6 16
J N 6 5110 14 2 3457 864 1 18
K 0 0 43
A D 2 16
J F 0 5139 98 1 4609 288 0
K 0 0 205
J N 6 5139 -7 2 4609 0 1 18
K 0 0 43
A D 2 16
J N 6 5168 42 2 5761 288 1 18
K 0 0 43
A D 2 16
H 18 B 1 0 108 3 2 1 3
J B 36 5201 1 82 6913 288 0
J N 7 5222 35 5 1 0 0
K 0 0 43
K 25 0 44
K 0 0 59
K 0 -21 59
A D 6 16
J N 6 5268 -14 5 3457 864 1 19
K 0 0 45
K 0 0 43
K -1 0 45
K 2 0 45
A D 2 16
J F 0 5297 98 1 4609 288 0
K 0 0 205
J N 6 5297 0 2 4609 0 1 19
K 0 0 43
A D 2 16
J N 6 5326 14 2 5761 288 1 19
K 0 0 43
A D 2 16
H 19 B 1 0 108 3 2 1 3
J B 37 5359 1 82 6913 288 0
J F 0 5380 98 1 1 0 0
K 0 0 204
J N 7 5380 -7 5 1 0 0
K 0 0 43
K 25 0 44
K 0 0 60
K 0 21 60
A D 6 16
J F 0 5418 98 1 2305 576 0
K 0 0 205
J N 6 5447 7 3 3457 288 0
K 0 0 43
K 0 0 54
A D 2 16
J F 0 5476 98 1 4609 288 0
K 0 0 204
J N 7 5476 -14 7 4609 0 1 20
K 0 0 45
K 0 0 43
K -1 0 45
K 2 0 45
K 0 0 60
K 0 21 60
A D 4 16
J B 38 5518 1 82 6913 576 0
J F 0 5539 98 1 1 0 0
K 0 0 205
J N 6 5539 -14 5 1 0 2 21 20
K 0 0 45
K 0 0 43
K -1 0 45
K 2 0 45
A D 2 16
H 20 T -14 0 0 0 0 0 5 0
J N 6 5568 0 2 1153 288 1 21
K 0 0 43
A D 2 16
H 21 B 1 0 108 2 2 3
J F 0 5597 98 1 2305 288 0
K 0 0 204
J N 7 5597 -21 8 2305 0 0
K 0 7 45
K 0 0 43
K 0 7 45
K 1 7 45
K 25 0 44
K 0 0 60
K 0 21 60
A D 6 16
J F 0 5635 98 1 4609 576 0
K 0 0 205
J N 6 5664 -7 3 5761 288 0
K 0 0 43
K 0 0 54
A D 2 16
J B 39 5697 1 82 6913 288 0
J N 7 5718 -14 7 1 0 0
K 0 0 45
K 0 0 43
K -1 0 45
K 2 0 45
K 0 0 60
K 0 21 60
A D 4 16
J R 7 5756 28 3 2305 576 0
K 0 0 48
K -2 -35 101
A D 4 16
J R 7 5794 28 2 4609 576 0
K 0 0 48
A D 4 16
J B 40 5836 1 82 6913 576 0
J D 5 5857 -42 1 1 0 0
W 0 0 37 Adagio
J R 7 5857 28 2 1 0 0
K 0 0 48
A D 4 16
J F 0 5895 98 1 2305 576 0
K 0 0 219
J N 7 5895 -35 9 2305 0 0
K 0 21 45
K 0 7 45
K 0 0 43
K 0 7 45
K 1 7 45
K 0 0 60
K 0 28 60
K 0 35 60
A D 4 16
J N 7 5933 -35 9 4609 576 0
K 0 21 45
K 0 7 45
K 0 0 43
K 0 7 45
K 1 7 45
K 0 0 60
K 0 28 60
K 0 35 60
A D 4 16
J B 41 5975 1 82 6913 576 0
J F 0 5996 98 2 1 0 0
K 0 0 203
K 0 21 201
J N 7 5996 -35 9 1 0 0
K 0 21 45
K 0 7 45
K 0 0 43
K 0 7 45
K 1 7 45
K 0 0 60
K 0 28 60
K 0 35 60
A D 4 16
J F 0 6034 98 1 2305 576 0
K 0 0 205
J N 7 6034 -28 9 2305 0 0
K 0 14 45
K 0 0 45
K -15 0 65
K 0 0 43
K -1 0 45
K 2 0 45
K 0 0 60
K 0 28 60
A D 4 16
J F 0 6072 98 1 4609 576 0
K 0 0 218
J N 7 6072 -14 7 4609 0 0
K 0 0 45
K 0 0 43
K -1 0 45
K 2 0 45
K 0 0 60
K 0 21 60
A D 4 16
J B 42 6114 1 82 6913 576 0
J F 0 6135 98 1 1 0 0
K 0 0 206
J N 8 6135 -21 9 1 0 0
K 0 7 45
K -15 0 65
K 0 0 42
K 0 7 45
K 1 7 45
K 25 0 44
K 0 0 60
K 0 21 60
A D 12 16
J F 0 6173 98 1 2305 576 0
K 0 0 205
J B 43 6230 1 82 6913 1152 0
J R 7 6251 28 2 1 0 0
K 0 0 48
A D 4 16
J F 0 6289 98 1 2305 576 0
K 0 0 219
J N 7 6289 -14 7 2305 0 0
K 0 0 45
K 0 0 43
K -1 0 45
K 2 0 45
K 0 0 60
K 0 21 60
A D 4 16
J N 7 6327 -14 7 4609 576 0
K 0 0 45
K 0 0 43
K -1 0 45
K 2 0 45
K 0 0 60
K 0 21 60
A D 4 16
J B 44 6369 1 82 6913 576 0
J F 0 6390 98 3 1 0 0
K 0 0 203
K 0 21 201
K 15 21 219
J N 7 6390 -14 7 1 0 0
K 0 0 45
K 0 0 43
K -1 0 45
K 2 0 45
K 0 0 60
K 0 21 60
A D 4 16
J F 0 6428 98 2 2305 576 0
K 0 0 204
K 0 21 202
J N 7 6428 -7 4 2305 0 0
K 0 0 43
K 0 0 60
K 0 21 60
A D 4 16
J F 0 6466 98 3 4609 576 0
K 0 0 205
K 15 0 219
K 0 21 204
J N 7 6466 7 4 4609 0 0
K 0 0 43
K 0 0 60
K 0 21 60
A D 4 16
J B 45 6508 1 82 6913 576 0
J F 0 6529 98 2 1 0 0
K 0 0 203
K 15 0 219
J N 7 6529 0 5 1 0 0
K -15 0 65
K 0 0 43
K 0 0 60
K 0 21 60
A D 4 16
J F 0 6567 98 3 2305 576 0
K 0 0 205
K 0 21 204
K 15 21 219
J N 8 6567 0 5 2305 0 0
K -14 0 64
K 0 0 42
K 0 0 60
K 0 21 60
A D 8 16
J B 46 6624 1 82 6913 1152 0
J F 0 6645 98 2 1 0 0
K 0 0 208
K 0 21 219
J N 7 6645 -7 4 1 0 0
K 0 0 43
K 0 0 60
K 0 21 60
A D 4 16
J F 0 6683 98 2 2305 576 0
K 0 0 205
K 0 21 204
J N 8 6683 21 5 2305 0 0
K -14 0 64
K 0 0 42
K 0 0 60
K 0 21 60
A D 8 16
J B 47 6740 1 82 6913 1152 0
J F 0 6761 98 2 1 0 0
K 0 0 208
K 0 21 219
J N 7 6761 14 4 1 0 0
K 0 0 43
K 0 0 60
K 0 21 60
A D 4 16
J F 0 6799 98 3 2305 576 0
K 0 0 205
K 0 21 204
K 15 21 219
J N 8 6799 49 5 2305 0 0
K -14 0 64
K 0 0 42
K 0 0 59
K 0 -21 59
A D 8 16
J B 48 6856 1 82 6913 1152 0
J F 0 6877 98 2 1 0 0
K 0 0 208
K 0 21 204
J N 8 6877 42 4 1 0 0
K 0 0 42
K 0 0 59
K 0 -21 59
A D 8 16
J F 0 6915 98 2 2305 576 0
K 0 0 207
K 0 21 205
J F 0 6953 98 1 4609 576 0
K 0 21 204
J N 7 6953 42 4 4609 0 0
K 0 0 43
K 0 0 59
K 0 -21 59
A D 4 16
J B 49 6995 1 82 6913 576 0
J F 0 7016 98 1 1 0 0
K 0 0 206
J N 8 7016 35 4 1 0 0
K 0 0 42
K 0 0 59
K 0 -21 59
A D 8 16
J F 0 7069 98 3 2305 1152 0
K 0 0 206
K 15 0 219
K 0 21 204
J N 8 7069 42 5 2305 0 0
K -14 0 64
K 0 0 42
K 0 0 59
K 0 -21 59
A D 8 16
J F 0 7122 98 1 4609 1152 0
K 0 0 203
J N 8 7122 35 4 4609 0 0
K 0 0 42
K 0 0 59
K 0 -21 59
A D 8 16
J F 0 7160 98 1 5761 576 0
K 0 0 202
J B 51 7202 1 82 6913 576 0
J F 0 7223 98 1 1 0 0
K 0 0 205
J N 8 7223 14 4 1 0 0
K 0 0 42
K 0 0 60
K 0 21 60
A D 8 16
J F 0 7276 98 1 2305 1152 0
K 0 0 205
J N 8 7276 21 5 2305 0 0
K -15 0 65
K 0 0 42
K 0 0 60
K 0 21 60
A D 8 16
J F 0 7329 98 1 4609 1152 0
K 0 0 205
J N 8 7329 28 5 4609 0 0
K -15 0 65
K 0 0 42
K 0 0 60
K 0 21 60
A D 8 16
J B 53 7386 1 82 6913 1152 0
J N 8 7407 35 5 1 0 0
K 0 0 42
K 0 -56 101
K 0 0 59
K 0 -21 59
A D 8 16
J R 7 7460 28 2 4609 1152 0
K 0 0 48
A D 4 16
J B 0 7510 5 2 6913 576 0
K -8 0 82
K 0 0 82
J D 5 7531 -42 1 1 0 0
W 0 0 37 Vivace
J N 6 7531 35 3 1 0 0
K 0 0 43
K 0 0 53
A D 2 16
J B 54 7575 1 82 6913 288 0
J N 8 7596 35 5 1 0 0
K 0 0 42
K 25 0 44
K 0 0 59
K 0 -21 59
A D 12 16
J B 55 7668 1 82 6913 1728 0
J R 9 7689 28 2 1 10000 0
K 0 0 46
A D 12 16
J B 56 7794 1 82 6913 1728 0
J R 7 7815 28 2 1 0 0
K 0 0 48
A D 4 16
J R 7 7853 28 2 2305 576 0
K 0 0 48
A D 4 16
J R 6 7891 28 2 4609 576 0
K 0 0 49
A D 2 16
J N 6 7920 35 3 5761 288 0
K 0 0 43
K 0 0 53
A D 2 16
J B 57 7964 1 82 6913 288 0
J N 8 7985 35 5 1 0 0
K 0 0 42
K 25 0 44
K 0 0 59
K 0 -21 59
A D 12 16
J B 58 8057 1 82 6913 1728 0
J R 9 8078 28 2 1 10000 0
K 0 0 46
A D 12 16
J B 59 8183 1 82 6913 1728 0
J R 7 8204 28 2 1 0 0
K 0 0 48
A D 4 16
J R 7 8242 28 2 2305 576 0
K 0 0 48
A D 4 16
J R 6 8280 28 2 4609 576 0
K 0 0 49
A D 2 16
J N 6 8309 84 8 5761 288 0
K 1 -14 45
K 1 0 45
K 0 0 43
K -1 0 45
K 2 0 45
K 0 0 59
K 0 -7 53
A D 2 16
J B 60 8353 1 82 6913 288 0
J N 8 8374 84 9 1 0 0
K 1 -14 45
K 1 0 45
K 0 0 42
K -1 0 45
K 2 0 45
K 24 -6 44
K 0 0 59
K 0 -28 59
A D 12 16
J B 61 8446 1 82 6913 1728 0
J R 9 8467 28 2 1 10000 0
K 0 0 46
A D 12 16
J B 62 8572 1 82 6913 1728 0
J R 9 8593 28 2 1 10000 0
K 0 0 46
A D 12 16
J B 63 8706 5 2 6913 1728 0
K -8 0 82
K 0 0 82
J D 5 8727 -42 1 1 0 0
W 0 0 37 Allegro
J R 9 8727 28 2 1 10000 0
K 0 0 46
A D 12 16
J B 64 8832 1 82 6913 1728 0
J R 9 8853 28 2 1 10000 0
K 0 0 46
A D 12 16
J B 65 8958 1 82 6913 1728 0
J R 9 8979 28 2 1 10000 0
K 0 0 46
A D 12 16
J B 66 9084 1 82 6913 1728 0
J N 6 9105 35 2 1 0 1 22
K 0 0 43
A D 2 16
J N 6 9134 56 2 1153 288 1 22
K 0 0 43
A D 2 16
J N 6 9163 35 2 2305 288 1 22
K 0 0 43
A D 2 16
J N 6 9192 35 2 3457 288 1 22
K 0 0 43
A D 2 16
H 22 B 0 0 108 4 2 1 1 3
J F 0 9221 98 2 4609 288 0
K 0 0 205
K 15 0 218
J N 6 9221 28 2 4609 0 1 23
K 0 0 43
A D 2 16
J N 5 9254 35 2 5761 288 1 23
K 0 0 43
A D 1 16
J N 5 9283 28 2 6337 144 1 23
K 0 0 43
A D 1 16
H 23 B 0 0 108 3 2 21 33
J B 67 9316 1 82 6913 144 0
J F 0 9337 98 1 1 0 0
K 0 0 205
J N 6 9337 21 2 1 0 1 24
K 0 0 43
A D 2 16
J N 6 9366 35 2 1153 288 1 24
K 0 0 43
A D 2 16
J F 0 9395 98 1 2305 288 0
K 0 0 205
J N 6 9395 21 2 2305 0 1 24
K 0 0 43
A D 2 16
J N 6 9424 14 2 3457 288 1 24
K 0 0 43
A D 2 16
H 24 B 1 0 108 4 2 1 1 3
J F 0 9453 98 1 4609 288 0
K 0 0 203
J N 6 9453 7 2 4609 0 1 25
K 0 0 43
A D 2 16
J F 0 9482 98 1 5761 288 0
K 0 0 218
J N 6 9482 56 2 5761 0 1 25
K 0 0 43
A D 2 16
H 25 B 0 0 108 2 2 3
J B 68 9515 1 82 6913 288 0
J N 8 9536 35 4 1 0 0
K 0 0 42
K 0 0 59
K 0 -21 59
A D 8 16
J R 7 9589 28 2 4609 1152 0
K 0 0 48
A D 4 16
J B 69 9631 1 82 6913 576 0
J N 6 9652 -14 5 1 0 1 26
K 0 0 45
K 0 0 43
K -1 0 45
K 2 0 45
A D 2 16
J N 6 9681 35 2 1153 288 1 26
K 0 0 43
A D 2 16
J N 6 9710 21 2 2305 288 1 26
K 0 0 43
A D 2 16
J N 6 9739 14 2 3457 288 1 26
K 0 0 43
A D 2 16
H 26 B 1 0 108 4 2 1 1 3
J F 0 9768 98 1 4609 288 0
K 0 0 203
J N 6 9768 7 2 4609 0 1 27
K 0 0 43
A D 2 16
J F 0 9797 98 1 5761 288 0
K 0 0 218
J N 6 9797 56 2 5761 0 1 27
K 0 0 43
A D 2 16
H 27 B 0 0 108 2 2 3
J B 70 9830 1 82 6913 288 0
J N 8 9851 35 4 1 0 0
K 0 0 42
K 0 0 59
K 0 -21 59
A D 8 16
J R 7 9904 28 2 4609 1152 0
K 0 0 48
A D 4 16
J B 71 9946 1 82 6913 576 0
J N 6 9967 -14 5 1 0 1 28
K 0 0 45
K 0 0 43
K -1 0 45
K 2 0 45
A D 2 16
J N 6 9996 35 2 1153 288 1 28
K 0 0 43
A D 2 16
J N 6 10025 21 2 2305 288 1 28
K 0 0 43
A D 2 16
J N 6 10054 14 2 3457 288 1 28
K 0 0 43
A D 2 16
H 28 B 1 0 108 4 2 1 1 3
J F 0 10083 98 1 4609 288 0
K 0 0 203
J N 6 10083 7 2 4609 0 1 29
K 0 0 43
A D 2 16
J F 0 10112 98 1 5761 288 0
K 0 0 218
J N 6 10112 56 2 5761 0 1 29
K 0 0 43
A D 2 16
H 29 B 0 0 108 2 2 3
J B 72 10145 1 82 6913 288 0
J N 8 10166 35 4 1 0 0
K 0 0 42
K 0 0 59
K 0 -21 59
A D 8 16
J R 7 10219 28 2 4609 1152 0
K 0 0 48
A D 4 16
J B 73 10261 1 82 6913 576 0
J N 6 10282 -35 6 1 0 1 30
K 0 21 45
K 0 7 45
K 0 0 43
K 0 7 45
K 1 7 45
A D 2 16
J N 6 10311 14 2 1153 288 1 30
K 0 0 43
A D 2 16
J N 6 10340 0 2 2305 288 1 30
K 0 0 43
A D 2 16
J N 6 10369 -7 2 3457 288 1 30
K 0 0 43
A D 2 16
H 30 B 1 0 108 4 2 1 1 3
J F 0 10398 98 1 4609 288 0
K 0 0 203
J N 6 10398 -14 5 4609 0 1 31
K 0 0 45
K 0 0 43
K -1 0 45
K 2 0 45
A D 2 16
J F 0 10427 98 1 5761 288 0
K 0 0 202
J N 6 10427 35 2 5761 0 1 31
K 0 0 43
A D 2 16
H 31 B 1 0 108 2 2 3
J B 74 10460 1 82 6913 288 0
J N 8 10481 14 4 1 0 0
K 0 0 42
K 0 0 60
K 0 21 60
A D 8 16
J R 7 10534 28 2 4609 1152 0
K 0 0 48
A D 4 16
J B 75 10576 1 82 6913 576 0
J N 6 10597 14 2 1 0 1 32
K 0 0 43
A D 2 16
J N 6 10626 63 2 1153 288 1 32
K 0 0 43
A D 2 16
J N 6 10655 49 2 2305 288 1 32
K 0 0 43
A D 2 16
J N 6 10684 42 2 3457 288 1 32
K 0 0 43
A D 2 16
H 32 B 0 0 108 4 2 1 1 3
J F 0 10713 98 1 4609 288 0
K 0 0 203
J N 6 10713 35 2 4609 0 1 33
K 0 0 43
A D 2 16
J F 0 10742 98 1 5761 288 0
K 0 0 202
J N 6 10742 84 6 5761 0 1 33
K 1 -14 45
K 1 0 45
K 0 0 43
K -1 0 45
K 2 0 45
A D 2 16
H 33 B 0 0 108 2 2 3
J B 76 10775 1 82 6913 288 0
J N 7 10796 63 4 1 0 0
K 0 0 43
K 0 0 59
K 0 -21 59
A D 4 16
J F 0 10834 98 1 2305 576 0
K 0 0 205
J N 7 10834 0 4 2305 0 0
K 0 0 43
K 0 0 60
K 0 21 60
A D 4 16
J N 7 10872 14 4 4609 576 0
K 0 0 43
K 0 0 60
K 0 21 60
A D 4 16
J B 77 10914 1 82 6913 576 0
J N 7 10935 -7 4 1 0 0
K 0 0 43
K 0 0 60
K 0 21 60
A D 4 16
J F 0 10973 98 1 2305 576 0
K 0 0 205
J N 7 10973 -21 7 2305 0 0
K 0 7 45
K 0 0 43
K 0 7 45
K 1 7 45
K 0 0 60
K 0 21 60
A D 4 16
J N 7 11011 -7 4 4609 576 0
K 0 0 43
K 0 0 60
K 0 21 60
A D 4 16
J B 78 11053 1 82 6913 576 0
J F 0 11074 98 1 1 0 0
K 0 0 218
J N 7 11074 7 4 1 0 0
K 0 0 43
K 0 0 60
K 0 21 60
A D 4 16
J F 0 11112 98 1 2305 576 0
K 0 0 205
J N 7 11112 -7 5 2305 0 0
K -14 0 64
K 0 0 43
K 0 0 60
K 0 21 60
A D 4 16
J N 7 11150 7 4 4609 576 0
K 0 0 43
K 0 0 60
K 0 21 60
A D 4 16
J B 79 11192 1 82 6913 576 0
J N 7 11213 -14 7 1 0 0
K 0 0 45
K 0 0 43
K -1 0 45
K 2 0 45
K 0 0 60
K 0 21 60
A D 4 16
J F 0 11251 98 1 2305 576 0
K 0 0 205
J N 7 11251 -28 8 2305 0 0
K 0 14 45
K 0 0 45
K 0 0 43
K -1 0 45
K 2 0 45
K 0 0 60
K 0 28 60
A D 4 16
J N 7 11289 -14 7 4609 576 0
K 0 0 45
K 0 0 43
K -1 0 45
K 2 0 45
K 0 0 60
K 0 21 60
A D 4 16
J B 80 11331 1 82 6913 576 0
J F 0 11352 98 1 1 0 0
K 0 0 213
J N 7 11352 0 4 1 0 0
K 0 0 43
K 0 0 60
K 0 21 60
A D 4 16
J F 0 11392 98 1 2305 576 0
K 0 0 205
J N 7 11392 -14 8 2305 0 0
K 0 0 45
K -18 0 63
K 0 0 43
K -1 0 45
K 2 0 45
K 0 0 60
K 0 21 60
A D 4 16
J N 7 11430 0 4 4609 576 0
K 0 0 43
K 0 0 60
K 0 21 60
A D 4 16
J B 81 11472 1 82 6913 576 0
J N 7 11493 -21 7 1 0 0
K 0 7 45
K 0 0 43
K 0 7 45
K 1 7 45
K 0 0 60
K 0 21 60
A D 4 16
J F 0 11531 98 1 2305 576 0
K 0 0 205
J N 7 11531 14 4 2305 0 0
K 0 0 43
K 0 0 60
K 0 21 60
A D 4 16
J N 7 11569 7 4 4609 576 0
K 0 0 43
K 0 0 60
K 0 21 60
A D 4 16
J B 82 11611 1 82 6913 576 0
J F 0 11632 98 1 1 0 0
K 0 0 213
J N 7 11632 0 4 1 0 0
K 0 0 43
K 0 0 60
K 0 21 60
A D 4 16
J N 7 11670 49 4 2305 576 0
K 0 0 43
K 0 0 59
K 0 -21 59
A D 4 16
J R 7 11708 28 2 4609 576 0
K 0 0 48
A D 4 16
J B 83 11750 1 82 6913 576 0
J F 0 11771 98 1 1 0 0
K 0 0 213
J N 7 11771 0 5 1 0 0
K 0 0 43
K 0 77 108
K 0 0 60
K 0 21 60
A D 4 16
J N 7 11809 49 4 2305 576 0
K 0 0 43
K 0 0 59
K 0 -21 59
A D 4 16
J R 7 11847 28 2 4609 576 0
K 0 0 48
A D 4 16
J B 84 11889 1 82 6913 576 0
J F 0 11910 98 1 1 0 0
K 0 0 213
J N 7 11910 0 8 1 0 0
K 0 0 43
K 24 -6 44
K -11 86 195
K 0 91 253
K 22 86 196
K 0 0 60
K 0 21 60
A D 6 16
J F 0 11956 98 1 3457 864 0
K 0 0 205
J N 6 11956 14 3 3457 0 0
K 0 0 43
K 0 0 54
A D 2 16
J N 7 11985 7 4 4609 288 0
K 0 0 43
K 0 0 60
K 0 21 60
A D 4 16
J B 85 12027 1 82 6913 576 0
J N 7 12048 28 4 1 0 0
K 0 0 43
K 0 0 60
K 0 21 60
A D 4 16
J F 0 12086 98 1 2305 576 0
K 0 0 203
J N 7 12086 0 4 2305 0 0
K 0 0 43
K 0 0 60
K 0 21 60
A D 4 16
J F 0 12124 98 1 4609 576 0
K 0 0 213
J N 7 12124 49 4 4609 0 0
K 0 0 43
K 0 0 59
K 0 -21 59
A D 4 16
J B 86 12166 1 82 6913 576 0
J N 7 12187 28 4 1 0 0
K 0 0 43
K 0 0 60
K 0 21 60
A D 4 16
J F 0 12227 98 1 2305 576 0
K 0 0 205
J N 7 12227 14 5 2305 0 0
K -18 0 63
K 0 0 43
K 0 0 60
K 0 21 60
A D 4 16
J N 7 12265 28 4 4609 576 0
K 0 0 43
K 0 0 60
K 0 21 60
A D 4 16
J B 87 12307 1 82 6913 576 0
J F 0 12328 98 1 1 0 0
K 0 0 218
J N 7 12328 7 4 1 0 0
K 0 0 43
K 0 0 60
K 0 21 60
A D 4 16
J F 0 12366 98 1 2305 576 0
K 0 0 205
J N 7 12366 -7 5 2305 0 0
K -14 0 64
K 0 0 43
K 0 0 60
K 0 21 60
A D 4 16
J N 7 12404 7 4 4609 576 0
K 0 0 43
K 0 0 60
K 0 21 60
A D 4 16
J B 88 12446 1 82 6913 576 0
J N 7 12467 -14 7 1 0 0
K 0 0 45
K 0 0 43
K -1 0 45
K 2 0 45
K 0 0 60
K 0 21 60
A D 4 16
J F 0 12505 98 1 2305 576 0
K 0 0 205
J N 7 12505 21 4 2305 0 0
K 0 0 43
K 0 0 60
K 0 21 60
A D 4 16
J N 7 12543 35 4 4609 576 0
K 0 0 43
K 0 0 59
K 0 -21 59
A D 4 16
J B 89 12585 1 82 6913 576 0
J N 7 12606 14 4 1 0 0
K 0 0 43
K 0 0 60
K 0 21 60
A D 4 16
J F 0 12644 98 1 2305 576 0
K 0 0 205
J N 7 12644 0 4 2305 0 0
K 0 0 43
K 0 0 60
K 0 21 60
A D 4 16
J N 7 12682 14 4 4609 576 0
K 0 0 43
K 0 0 60
K 0 21 60
A D 4 16
J B 90 12724 1 82 6913 576 0
J F 0 12745 98 1 1 0 0
K 0 0 204
J N 8 12745 -7 4 1 0 0
K 0 0 42
K 0 0 60
K 0 21 60
A D 8 16
J F 0 12783 98 1 2305 576 0
K 0 0 205
J N 7 12821 7 4 4609 576 0
K 0 0 43
K 0 0 60
K 0 21 60
A D 4 16
J B 91 12863 1 82 6913 576 0
J F 0 12884 98 1 1 0 0
K 0 0 204
J N 8 12884 -14 7 1 0 0
K 0 0 45
K 0 0 42
K -1 0 45
K 2 0 45
K 0 0 60
K 0 21 60
A D 8 16
J F 0 12922 98 1 2305 576 0
K 0 0 205
J N 7 12960 0 4 4609 576 0
K 0 0 43
K 0 0 60
K 0 21 60
A D 4 16
J B 92 13002 1 82 6913 576 0
J F 0 13023 98 1 1 0 0
K 0 0 204
J N 8 13023 -21 7 1 0 0
K 0 7 45
K 0 0 42
K 0 7 45
K 1 7 45
K 0 0 60
K 0 21 60
A D 8 16
J F 0 13061 98 1 2305 576 0
K 0 0 205
J F 0 13099 98 1 4609 576 0
K 0 0 205
J N 7 13099 -7 4 4609 0 0
K 0 0 43
K 0 0 60
K 0 21 60
A D 4 16
J B 93 13141 1 82 6913 576 0
J N 7 13162 -14 8 1 0 0
K 0 0 45
K 0 0 43
K -1 0 45
K 2 0 45
K 24 -6 44
K 0 0 60
K 0 21 60
A D 6 16
J N 6 13208 -7 3 3457 864 0
K 0 0 43
K 0 0 54
A D 2 16
J F 0 13237 98 1 4609 288 0
K 0 0 205
J N 7 13237 0 4 4609 0 0
K 0 0 43
K 0 0 60
K 0 21 60
A D 4 16
J B 94 13279 1 82 6913 576 0
J F 0 13300 98 2 1 0 0
K 0 0 206
K 0 21 204
J N 7 13300 -7 4 1 0 0
K 0 0 43
K 0 0 60
K 0 21 60
A D 4 16
J F 0 13338 98 1 2305 576 0
K 0 21 203
J N 7 13338 -14 7 2305 0 0
K 0 0 45
K 0 0 43
K -1 0 45
K 2 0 45
K 0 0 60
K 0 21 60
A D 4 16
J F 0 13376 98 1 4609 576 0
K 0 21 202
J N 7 13376 35 4 4609 0 0
K 0 0 43
K 0 0 59
K 0 -21 59
A D 4 16
J B 95 13418 1 82 6913 576 0
J N 7 13439 14 5 1 0 0
K 0 0 43
K 24 -6 44
K 0 0 60
K 0 21 60
A D 6 16
J F 0 13485 98 1 3457 864 0
K 0 0 205
J N 6 13485 49 3 3457 0 0
K 0 0 43
K 0 0 53
A D 2 16
J N 7 13522 42 4 4609 288 0
K 0 0 43
K 0 0 59
K 0 -21 59
A D 4 16
J B 96 13564 1 82 6913 576 0
J N 7 13585 63 4 1 0 0
K 0 0 43
K 0 0 59
K 0 -21 59
A D 4 16
J F 0 13623 98 1 2305 576 0
K 0 0 203
J N 7 13623 35 4 2305 0 0
K 0 0 43
K 0 0 59
K 0 -21 59
A D 4 16
J F 0 13661 98 1 4609 576 0
K 0 0 202
J N 7 13661 84 8 4609 0 0
K 1 -14 45
K 1 0 45
K 0 0 43
K -1 0 45
K 2 0 45
K 0 0 59
K 0 -28 59
A D 4 16
J B 97 13703 1 82 6913 576 0
J N 8 13724 63 4 1 0 0
K 0 0 42
K 0 0 59
K 0 -21 59
A D 8 16
J R 7 13777 28 2 4609 1152 0
K 0 0 48
A D 4 16
J B 98 13819 1 82 6913 576 0
J R 9 13840 28 2 1 10000 0
K 0 0 46
A D 12 16
J B 99 13945 1 82 6913 1728 0
J R 9 13966 28 2 1 10000 0
K 0 0 46
A D 12 16
J B 100 14071 1 82 6913 1728 0
J D 5 14092 -42 1 1 0 0
W 0 0 37 Adagio
J N 7 14092 14 4 1 0 0
K 0 0 43
K 0 0 60
K 0 21 60
A D 4 16
J F 0 14130 98 2 2305 576 0
K 0 0 205
K 15 0 218
J N 8 14130 28 4 2305 0 0
K 0 0 42
K 0 0 60
K 0 21 60
A D 8 16
J B 101 14187 1 82 6913 1152 0
J D 5 14208 -42 1 6913 0 0
W 0 0 37 Largo andante
J T 101 14208 42 1 6913 0 0
K 0 0 37
J N 7 14256 35 4 1 0 0
K 0 0 43
K 0 0 59
K 0 -21 59
A D 4 16
J R 7 14294 28 2 1729 576 0
K 0 0 48
A D 4 16
J R 8 14332 28 2 3457 576 0
K 0 0 47
A D 8 16
J B 102 14389 1 82 6913 1152 0
J R 9 14410 28 2 1 10000 0
K 0 0 46
A D 16 16
J B 103 14515 1 82 6913 2304 0
J R 9 14536 28 2 1 10000 0
K 0 0 46
A D 16 16
J B 104 14641 1 82 6913 2304 0
J R 9 14662 28 2 1 10000 0
K 0 0 46
A D 16 16
J B 105 14767 1 82 6913 2304 0
J R 7 14788 28 2 1 0 0
K 0 0 48
A D 4 16
J R 6 14826 28 2 1729 576 0
K 0 0 49
A D 2 16
J F 0 14855 98 1 2593 288 0
K 0 0 205
J N 6 14855 0 3 2593 0 0
K 0 0 43
K 0 0 54
A D 2 16
J F 0 14884 98 2 3457 288 0
K 0 0 205
K 0 21 204
J N 6 14884 -7 2 3457 0 1 34
K 0 0 43
A D 2 16
J N 6 14913 7 2 4321 288 1 34
K 0 0 43
A D 2 16
J F 0 14942 98 1 5185 288 0
K 0 0 202
J N 6 14942 -14 5 5185 0 1 34
K 0 0 45
K 0 0 43
K -1 0 45
K 2 0 45
A D 2 16
J N 6 14971 35 2 6049 288 1 34
K 0 0 43
A D 2 16
H 34 B 1 0 108 4 2 1 1 3
J B 106 15004 1 82 6913 288 0
J F 0 15025 98 1 1 0 0
K 0 0 206
J N 6 15025 14 2 1 0 1 35
K 0 0 43
A D 2 16
J N 6 15054 63 2 865 288 1 35
K 0 0 43
A D 2 16
H 35 B 0 0 108 2 2 3
J R 6 15083 28 2 1729 288 0
K 0 0 49
A D 2 16
J N 6 15112 -7 3 2593 288 0
K 0 0 43
K 0 0 54
A D 2 16
J F 0 15141 98 2 3457 288 0
K 0 0 205
K 0 21 204
J N 6 15141 7 2 3457 0 1 36
K 0 0 43
A D 2 16
J N 6 15170 21 2 4321 288 1 36
K 0 0 43
A D 2 16
J F 0 15199 98 1 5185 288 0
K 0 0 202
J N 6 15199 0 2 5185 0 1 36
K 0 0 43
A D 2 16
J N 6 15228 49 2 6049 288 1 36
K 0 0 43
A D 2 16
H 36 B 1 0 108 4 2 1 1 3
J B 107 15261 1 82 6913 288 0
J F 0 15282 98 1 1 0 0
K 0 0 206
J N 6 15282 28 2 1 0 1 37
K 0 0 43
A D 2 16
J N 6 15311 77 5 865 288 1 37
K 1 -7 45
K 0 0 43
K 0 -7 45
K 1 -7 45
A D 2 16
H 37 B 0 0 108 2 2 3
J R 6 15340 28 2 1729 288 0
K 0 0 49
A D 2 16
J N 6 15369 7 3 2593 288 0
K 0 0 43
K 0 0 54
A D 2 16
J F 0 15398 98 2 3457 288 0
K 0 0 205
K 0 21 204
J N 6 15398 21 2 3457 0 1 38
K 0 0 43
A D 2 16
J N 6 15427 14 2 4321 288 1 38
K 0 0 43
A D 2 16
J F 0 15456 98 1 5185 288 0
K 0 0 208
J N 6 15456 -7 2 5185 0 1 38
K 0 0 43
A D 2 16
J F 0 15485 98 2 6049 288 0
K 0 0 207
K 0 21 205
J N 6 15485 42 2 6049 0 1 38
K 0 0 43
A D 2 16
H 38 B 1 0 108 4 2 1 1 3
J B 108 15518 1 82 6913 288 0
J F 0 15539 98 1 1 0 0
K 0 0 206
J N 6 15539 35 2 1 0 1 39
K 0 0 43
A D 2 16
J N 6 15568 63 2 865 288 1 39
K 0 0 43
A D 2 16
J F 0 15597 98 1 1729 288 0
K 0 0 203
J N 6 15597 35 2 1729 0 1 39
K 0 0 43
A D 2 16
J F 0 15626 98 1 2593 288 0
K 0 0 202
J N 6 15626 84 6 2593 0 1 39
K 1 -14 45
K 1 0 45
K 0 0 43
K -1 0 45
K 2 0 45
A D 2 16
H 39 B 0 0 108 4 2 1 1 3
J N 7 15655 63 4 3457 288 0
K 0 0 43
K 0 0 59
K 0 -21 59
A D 4 16
J F 0 15693 98 3 5185 576 0
K 0 0 206
K 15 0 219
K 0 21 204
J N 7 15693 42 5 5185 0 0
K -14 0 64
K 0 0 43
K 0 0 59
K 0 -21 59
A D 4 16
J B 109 15735 1 82 6913 576 0
J F 0 15756 98 3 1 0 0
K 0 0 205
K 15 0 219
K 0 21 203
J N 7 15756 35 4 1 0 0
K 0 0 43
K 0 0 59
K 0 -21 59
A D 4 16
J F 0 15794 98 2 1729 576 0
K 0 0 204
K 0 21 202
J N 7 15794 84 8 1729 0 0
K 1 -14 45
K 1 0 45
K 0 0 43
K -1 0 45
K 2 0 45
K 0 0 59
K 0 -28 59
A D 4 16
J N 8 15832 63 4 3457 576 0
K 0 0 42
K 0 0 59
K 0 -21 59
A D 8 16
J B 0 15902 6 2 6913 1152 0
K -13 0 82
K -6 0 84
J M 0 15902 0 0 10000 0 0
