S 0 200 140 2050 1066 7 "[...][....]"    
L 0 0 0 330 330 * 0 14 0    
J C 4 5 42 2 6913 0 0    
K 0 0 33    
K 0 0 34    
J K 2 57 0 2 6913 0 0    
K 0 0 63    
K 15 21 63    
J D 0 -11 -14 1 6913 0 0    
W 0 0 37 \01\08    
J N 7 130 7 4 1 0 0    
K 0 0 43    
K 0 0 60    
K 0 21 60    
A D 4 16    
J N 7 200 0 4 1729 576 0    
K 0 0 43    
K 0 0 60    
K 0 21 60    
A D 4 16    
J N 7 283 7 4 3457 576 0    
K 0 0 43    
K 0 0 60    
K 0 21 60    
A D 4 16    
J N 7 363 0 4 5185 576 0    
K 0 0 43    
K 0 0 60    
K 0 21 60    
A D 4 16    
J B 19 435 1 82 6913 576 0    
J N 7 456 7 4 1 0 0    
K 0 0 43    
K 0 0 60    
K 0 21 60    
A D 4 16    
J R 7 526 28 2 1729 576 0    
K 0 0 48    
A D 4 16    
J R 7 596 28 3 3457 576 0    
K 0 0 48    
K -2 -35 101    
A D 4 16    
J R 6 666 28 2 5185 576 0    
K 0 0 49    
A D 2 16    
J D 5 712 -42 1 6049 288 0    
W 0 0 37 Adagio    
J N 6 712 0 3 6049 0 0    
K 0 0 43    
K 0 0 54    
A D 2 16    
J B 20 762 1 82 6913 288 0    
J N 7 783 14 4 1 0 0    
K 0 0 43    
K 0 0 60    
K 0 21 60    
A D 4 16    
J R 6 867 28 2 1729 576 0    
K 0 0 49    
A D 2 16    
J N 6 913 14 3 2593 288 0    
K 0 0 43    
K 0 0 54    
A D 2 16    
J N 7 962 56 5 3457 288 0    
K -18 0 63    
K 0 0 43    
K 0 0 59    
K 0 -21 59    
A D 4 16    
J N 7 1031 49 4 5185 576 1 29    
K 0 0 43    
K 0 0 59    
K 0 -21 59    
A D 4 16    
J B 21 1124 1 82 6913 576 0    
J N 7 1145 49 4 1 0 1 29    
K 0 0 43    
K 0 0 59    
K 0 -21 59    
A D 4 16    
H 29 T 49 0 0 0 0 0 9 0    
J N 7 1214 56 5 1729 576 0    
K -18 0 63    
K 0 0 43    
K 0 0 59    
K 0 -21 59    
A D 4 16    
J D 5 1310 -42 1 3457 576 0    
W 0 0 37 Allegro    
J N 7 1310 0 4 3457 0 0    
K 0 0 43    
K 0 0 60    
K 0 21 60    
A D 4 16    
J R 6 1426 28 2 5185 576 0    
K 0 0 49    
A D 2 16    
J D 0 1465 0 1 6049 288 0    
W 0 -21 31 Soli    
J N 6 1484 0 3 6049 0 0    
K 0 0 43    
K 0 0 54    
A D 2 16    
J B 22 1546 1 82 6913 288 0    
J N 6 1571 -21 5 1 0 1 30    
K 0 7 45    
K 0 0 43    
K 0 7 45    
K 1 7 45    
A D 2 16    
J N 6 1629 28 2 865 288 1 30    
K 0 0 43    
A D 2 16    
H 30 B -79 9 108 2 2 3    
J R 6 1687 28 2 1729 288 0    
K 0 0 49    
A D 2 16    
J N 6 1745 -21 7 2593 288 0    
K 0 7 45    
K 0 0 43    
K 0 7 45    
K 1 7 45    
K 0 0 60    
K 0 0 54    
A D 2 16    
J N 6 1803 -7 3 3457 288 1 31    
K -18 0 63    
K 0 0 43    
A D 2 16    
J N 6 1861 56 2 4321 288 1 31    
K 0 0 43    
A D 2 16    
H 31 B -84 11 108 2 2 3    
J R 6 1919 28 2 5185 288 0    
K 0 0 49    
A D 2 16    
J N 6 1977 7 3 6049 288 0    
K 0 0 43    
K 0 0 54    
A D 2 16    
J B 23 2050 1 82 6913 288 0    
E *    
L 160 0 0 330 330 * 0 14 0    
J C 4 5 42 2 6913 0 0    
K 0 0 33    
K 0 0 34    
J K 2 57 0 2 6913 0 0    
K 0 0 63    
K 15 21 63    
J D 0 -11 -14 1 6913 0 0    
W 0 0 0 \01\08    
J N 7 130 21 4 1 0 0    
K 0 0 43    
K 0 0 60    
K 0 21 60    
A D 4 16    
J N 7 200 14 4 1729 576 0    
K 0 0 43    
K 0 0 60    
K 0 21 60    
A D 4 16    
J N 7 283 21 4 3457 576 0    
K 0 0 43    
K 0 0 60    
K 0 21 60    
A D 4 16    
J N 7 363 14 4 5185 576 0    
K 0 0 43    
K 0 0 60    
K 0 21 60    
A D 4 16    
J B 19 435 1 82 6913 576 0    
J N 7 456 21 4 1 0 0    
K 0 0 43    
K 0 0 60    
K 0 21 60    
A D 4 16    
J R 7 526 28 2 1729 576 0    
K 0 0 48    
A D 4 16    
J R 7 596 28 3 3457 576 0    
K 0 0 48    
K -2 -35 101    
A D 4 16    
J R 6 666 28 2 5185 576 0    
K 0 0 49    
A D 2 16    
J D 5 712 -42 1 6049 288 0    
W 0 0 0 (37) Adagio    
J N 6 712 21 3 6049 0 0    
K 0 0 43    
K 0 0 54    
A D 2 16    
J B 20 762 1 82 6913 288 0    
J N 6 783 21 2 1 0 1 15    
K 0 0 43    
A D 2 16    
J N 6 825 49 2 865 288 1 15    
K 0 0 43    
A D 2 16    
H 15 B 42 4 108 2 2 3    
J N 8 867 28 4 1729 288 0    
K 0 0 42    
K 0 0 60    
K 0 21 60    
A D 8 16    
J N 6 1031 35 2 5185 1152 1 16    
K 0 0 43    
A D 2 16    
J N 6 1080 42 3 6049 288 1 16    
K -18 0 63    
K 0 0 43    
A D 2 16    
H 16 B 42 2 108 2 2 3    
J B 21 1124 1 82 6913 288 0    
J N 7 1145 35 4 1 0 0    
K 0 0 43    
K 0 0 59    
K 0 -21 59    
A D 4 16    
J N 7 1214 42 5 1729 576 0    
K -18 0 63    
K 0 0 43    
K 0 0 59    
K 0 -21 59    
A D 4 16    
J D 5 1310 -42 1 3457 576 0    
W 0 0 0 (37) Allegro    
J N 7 1310 49 4 3457 0 0    
K 0 0 43    
K 0 0 59    
K 0 -21 59    
A D 4 16    
J N 7 1426 0 4 5185 576 0    
K 0 0 43    
K 0 0 60    
K 0 21 60    
A D 4 16    
J B 22 1546 1 82 6913 576 0    
J R 6 1571 28 2 1 0 0    
K 0 0 49    
A D 2 16    
J N 6 1629 28 2 865 288 1 17    
K 0 0 43    
A D 2 16    
J N 6 1687 -21 5 1729 288 1 17    
K 0 7 45    
K 0 0 43    
K 0 7 45    
K 1 7 45    
A D 2 16    
J N 6 1745 28 2 2593 288 1 17    
K 0 0 43    
A D 2 16    
H 17 B -42 0 108 3 2 1 3    
J R 6 1803 28 2 3457 288 0    
K 0 0 49    
A D 2 16    
J N 6 1861 -21 5 4321 288 1 18    
K 0 7 45    
K 0 0 43    
K 0 7 45    
K 1 7 45    
A D 2 16    
J N 6 1919 -7 3 5185 288 1 18    
K -18 0 63    
K 0 0 43    
A D 2 16    
J N 6 1977 56 2 6049 288 1 18    
K 0 0 43    
A D 2 16    
H 18 B -96 6 108 3 2 1 3    
J B 23 2050 1 82 6913 288 0    
E *    
L 320 0 0 330 330 * 0 14 0    
J C 12 5 14 35 6913 0 0    
J K 2 57 0 2 6913 0 0    
K 0 42 63    
K 15 14 63    
J D 0 -11 -14 1 6913 0 0    
W 0 0 0 \01\08    
J F 0 130 98 1 1 0 0    
K 0 0 206    
J N 7 130 -21 7 1 0 0    
K 0 7 45    
K 0 0 43    
K 0 7 45    
K 1 7 45    
K 0 0 60    
K 0 21 60    
A D 4 16    
J N 7 200 7 4 1729 576 0    
K 0 0 43    
K 0 0 60    
K 0 21 60    
A D 4 16    
J N 7 283 28 4 3457 576 0    
K 0 0 43    
K 0 0 60    
K 0 21 60    
A D 4 16    
J C 22 322 14 164 5185 576 0    
J N 7 363 28 4 5185 0 0    
K 0 0 43    
K 0 0 60    
K 0 21 60    
A D 4 16    
J B 19 435 1 82 6913 576 0    
J N 7 456 0 4 1 0 0    
K 0 0 43    
K 0 0 60    
K 0 21 60    
A D 4 16    
J R 7 526 28 2 1729 576 0    
K 0 0 48    
A D 4 16    
J R 7 596 28 3 3457 576 0    
K 0 0 48    
K -2 -35 101    
A D 4 16    
J R 6 666 28 2 5185 576 0    
K 0 0 49    
A D 2 16    
J D 5 712 -42 1 6049 288 0    
W 0 0 0 (37) Adagio    
J F 0 712 98 1 6049 0 0    
K 0 0 205    
J N 6 712 49 4 6049 0 0    
K -18 0 63    
K 0 0 43    
K 0 0 53    
A D 2 16    
J B 20 762 1 82 6913 288 0    
J F 0 783 98 1 1 0 0    
K 0 0 208    
J N 7 783 42 4 1 0 0    
K 0 0 43    
K 0 0 59    
K 0 -21 59    
A D 4 16    
J R 6 867 28 2 1729 576 0    
K 0 0 49    
A D 2 16    
J F 0 913 98 1 2593 288 0    
K 0 0 207    
J N 6 913 42 3 2593 0 0    
K 0 0 43    
K 0 0 53    
A D 2 16    
J F 0 962 98 2 3457 288 0    
K 0 0 206    
K 0 21 213    
J N 7 962 35 4 3457 0 0    
K 0 0 43    
K 0 0 59    
K 0 -21 59    
A D 4 16    
J N 7 1031 63 4 5185 576 0    
K 0 0 43    
K 0 0 59    
K 0 -21 59    
A D 4 16    
J B 21 1124 1 82 6913 576 0    
J F 0 1145 98 2 1 0 0    
K 0 0 205    
K 0 21 203    
J N 7 1145 35 4 1 0 0    
K 0 0 43    
K 0 0 59    
K 0 -21 59    
A D 4 16    
J F 0 1214 119 2 1729 576 0    
K 0 0 204    
K 0 21 213    
J N 7 1214 84 8 1729 0 0    
K 1 -14 45    
K 1 0 45    
K 0 0 43    
K -1 0 45    
K 2 0 45    
K 0 0 59    
K 0 -28 59    
A D 4 16    
J C 12 1259 14 35 3457 576 0    
J D 5 1310 -42 1 3457 0 0    
W 0 0 0 (37) Allegro    
J F 0 1310 98 1 3457 0 0    
K 0 0 218    
J N 5 1310 -7 2 3457 0 1 45    
K 0 0 43    
A D 1 16    
J N 5 1339 0 2 3889 144 1 45    
K 0 0 43    
A D 1 16    
J N 5 1368 -7 2 4321 144 1 45    
K 0 0 43    
A D 1 16    
J N 5 1397 -14 5 4753 144 1 45    
K 0 0 45    
K 0 0 43    
K -1 0 45    
K 2 0 45    
A D 1 16    
H 45 B -53 0 108 4 22 11 11 33    
J N 5 1426 -7 2 5185 144 1 46    
K 0 0 43    
A D 1 16    
J N 5 1455 -14 5 5617 144 1 46    
K 0 0 45    
K 0 0 43    
K -1 0 45    
K 2 0 45    
A D 1 16    
J N 5 1484 -7 2 6049 144 1 46    
K 0 0 43    
A D 1 16    
J N 5 1513 0 2 6481 144 1 46    
K 0 0 43    
A D 1 16    
H 46 B -51 1 108 4 22 11 11 33    
J B 22 1546 1 82 6913 144 0    
J F 0 1571 98 1 1 0 0    
K 0 0 205    
J N 5 1571 7 3 1 0 1 47    
K -18 0 63    
K 0 0 43    
A D 1 16    
J N 5 1600 14 2 433 144 1 47    
K 0 0 43    
A D 1 16    
J N 5 1629 7 2 865 144 1 47    
K 0 0 43    
A D 1 16    
J N 5 1658 0 2 1297 144 1 47    
K 0 0 43    
A D 1 16    
H 47 B -53 0 108 4 22 11 11 33    
J N 5 1687 7 2 1729 144 1 48    
K 0 0 43    
A D 1 16    
J N 5 1716 21 2 2161 144 1 48    
K 0 0 43    
A D 1 16    
J N 5 1745 14 2 2593 144 1 48    
K 0 0 43    
A D 1 16    
J N 5 1774 7 2 3025 144 1 48    
K 0 0 43    
A D 1 16    
H 48 B -64 0 108 4 22 11 11 33    
J F 0 1803 98 1 3457 144 0    
K 0 0 213    
J N 5 1803 0 2 3457 0 1 49    
K 0 0 43    
A D 1 16    
J N 5 1832 7 2 3889 144 1 49    
K 0 0 43    
A D 1 16    
J N 5 1861 0 2 4321 144 1 49    
K 0 0 43    
A D 1 16    
J N 5 1890 -7 2 4753 144 1 49    
K 0 0 43    
A D 1 16    
H 49 B -57 0 108 4 22 11 11 33    
J N 5 1919 0 2 5185 144 1 50    
K 0 0 43    
A D 1 16    
J N 5 1948 -7 2 5617 144 1 50    
K 0 0 43    
A D 1 16    
J N 5 1977 0 2 6049 144 1 50    
K 0 0 43    
A D 1 16    
J N 5 2017 7 3 6481 144 1 50    
K -14 0 64    
K 0 0 43    
A D 1 16    
H 50 B -57 1 108 4 22 11 11 33    
J B 23 2050 1 82 6913 144 0    
E *    
L 530 0 0 330 330 * 0 14 0    
J C 4 5 42 2 6913 0 0    
K 0 0 33    
K 0 0 34    
J K 2 57 0 2 6913 0 0    
K 0 0 63    
K 15 21 63    
J D 0 -11 -14 1 6913 0 0    
W 0 0 0 \01\08    
J N 7 130 7 4 1 0 0    
K 0 0 43    
K 0 0 60    
K 0 21 60    
A D 4 16    
J N 7 200 0 4 1729 576 0    
K 0 0 43    
K 0 0 60    
K 0 21 60    
A D 4 16    
J N 7 283 7 4 3457 576 0    
K 0 0 43    
K 0 0 60    
K 0 21 60    
A D 4 16    
J N 7 363 0 4 5185 576 0    
K 0 0 43    
K 0 0 60    
K 0 21 60    
A D 4 16    
J B 19 435 1 82 6913 576 0    
J N 7 456 7 4 1 0 0    
K 0 0 43    
K 0 0 60    
K 0 21 60    
A D 4 16    
J R 7 526 28 2 1729 576 0    
K 0 0 48    
A D 4 16    
J R 7 596 28 3 3457 576 0    
K 0 0 48    
K -2 -35 101    
A D 4 16    
J R 6 666 28 2 5185 576 0    
K 0 0 49    
A D 2 16    
J D 5 712 -42 1 6049 288 0    
W 0 0 0 (37) Adagio    
J N 6 712 0 3 6049 0 0    
K 0 0 43    
K 0 0 54    
A D 2 16    
J B 20 762 1 82 6913 288 0    
J N 7 783 14 4 1 0 0    
K 0 0 43    
K 0 0 60    
K 0 21 60    
A D 4 16    
J R 6 867 28 2 1729 576 0    
K 0 0 49    
A D 2 16    
J N 6 913 14 3 2593 288 0    
K 0 0 43    
K 0 0 54    
A D 2 16    
J N 7 962 56 5 3457 288 0    
K -18 0 63    
K 0 0 43    
K 0 0 59    
K 0 -21 59    
A D 4 16    
J N 7 1031 49 4 5185 576 1 23    
K 0 0 43    
K 0 0 59    
K 0 -21 59    
A D 4 16    
J B 21 1124 1 82 6913 576 0    
J N 7 1145 49 4 1 0 1 23    
K 0 0 43    
K 0 0 59    
K 0 -21 59    
A D 4 16    
H 23 T 49 0 0 0 0 0 9 0    
J N 7 1214 56 5 1729 576 0    
K -18 0 63    
K 0 0 43    
K 0 0 59    
K 0 -21 59    
A D 4 16    
J D 5 1310 -42 1 3457 576 0    
W 0 0 0 (37) Allegro    
J N 7 1310 49 4 3457 0 0    
K 0 0 43    
K 0 0 59    
K 0 -21 59    
A D 4 16    
J R 7 1426 28 2 5185 576 0    
K 0 0 48    
A D 4 16    
J B 22 1546 1 82 6913 576 0    
J R 9 1784 28 2 1 10000 0    
K 0 0 46    
A D 16 16    
J B 23 2050 1 82 6913 2304 0    
E *    
L 690 0 0 330 330 * 0 14 0    
J C 4 5 42 2 6913 0 0    
K 0 0 33    
K 0 0 34    
J K 2 57 0 2 6913 0 0    
K 0 0 63    
K 15 21 63    
J D 0 -11 -14 1 6913 0 0    
W 0 0 0 \01\08    
J N 7 130 21 4 1 0 0    
K 0 0 43    
K 0 0 60    
K 0 21 60    
A D 4 16    
J N 7 200 14 4 1729 576 0    
K 0 0 43    
K 0 0 60    
K 0 21 60    
A D 4 16    
J N 7 283 21 4 3457 576 0    
K 0 0 43    
K 0 0 60    
K 0 21 60    
A D 4 16    
J N 7 363 14 4 5185 576 0    
K 0 0 43    
K 0 0 60    
K 0 21 60    
A D 4 16    
J B 19 435 1 82 6913 576 0    
J N 7 456 21 4 1 0 0    
K 0 0 43    
K 0 0 60    
K 0 21 60    
A D 4 16    
J R 7 526 28 2 1729 576 0    
K 0 0 48    
A D 4 16    
J R 7 596 28 3 3457 576 0    
K 0 0 48    
K -2 -35 101    
A D 4 16    
J R 6 666 28 2 5185 576 0    
K 0 0 49    
A D 2 16    
J D 5 712 -42 1 6049 288 0    
W 0 0 0 (37) Adagio    
J N 6 712 21 3 6049 0 0    
K 0 0 43    
K 0 0 54    
A D 2 16    
J B 20 762 1 82 6913 288 0    
J N 6 783 21 2 1 0 1 9    
K 0 0 43    
A D 2 16    
J N 6 825 49 2 865 288 1 9    
K 0 0 43    
A D 2 16    
H 9 B 42 4 108 2 2 3    
J N 8 867 28 4 1729 288 0    
K 0 0 42    
K 0 0 60    
K 0 21 60    
A D 8 16    
J N 6 1031 35 2 5185 1152 1 10    
K 0 0 43    
A D 2 16    
J N 6 1080 42 3 6049 288 1 10    
K -18 0 63    
K 0 0 43    
A D 2 16    
H 10 B 42 2 108 2 2 3    
J B 21 1124 1 82 6913 288 0    
J N 7 1145 35 4 1 0 0    
K 0 0 43    
K 0 0 59    
K 0 -21 59    
A D 4 16    
J N 7 1214 42 5 1729 576 0    
K -18 0 63    
K 0 0 43    
K 0 0 59    
K 0 -21 59    
A D 4 16    
J D 5 1310 -42 1 3457 576 0    
W 0 0 0 (37) Allegro    
J N 7 1310 49 4 3457 0 0    
K 0 0 43    
K 0 0 59    
K 0 -21 59    
A D 4 16    
J R 7 1426 28 2 5185 576 0    
K 0 0 48    
A D 4 16    
J B 22 1546 1 82 6913 576 0    
J R 9 1784 28 2 1 10000 0    
K 0 0 46    
A D 16 16    
J B 23 2050 1 82 6913 2304 0    
E *    
L 850 0 0 330 330 * 0 14 0    
J C 13 5 28 35 6913 0 0    
J K 2 57 0 2 6913 0 0    
K 0 7 63    
K 15 28 63    
J D 0 -11 -14 1 6913 0 0    
W 0 0 0 \01\08    
J N 7 130 0 4 1 0 0    
K 0 0 43    
K 0 0 60    
K 0 21 60    
A D 4 16    
J N 6 200 7 3 1729 576 1 19    
K 0 0 43    
K 25 0 44    
A D 3 16    
J N 5 254 0 2 3025 432 1 19    
K 0 0 43    
A D 1 16    
H 19 B -40 -2 108 2 2 53    
J N 7 283 -7 4 3457 144 0    
K 0 0 43    
K 0 0 60    
K 0 21 60    
A D 4 16    
J N 7 363 -7 4 5185 576 0    
K 0 0 43    
K 0 0 60    
K 0 21 60    
A D 4 16    
J B 19 435 1 82 6913 576 0    
J N 7 456 -7 4 1 0 0    
K 0 0 43    
K 0 0 60    
K 0 21 60    
A D 4 16    
J R 7 526 28 2 1729 576 0    
K 0 0 48    
A D 4 16    
J R 7 596 28 3 3457 576 0    
K 0 0 48    
K -2 -35 101    
A D 4 16    
J R 6 666 28 2 5185 576 0    
K 0 0 49    
A D 2 16    
J D 5 712 -42 1 6049 288 0    
W 0 0 0 (37) Adagio    
J N 6 712 7 3 6049 0 0    
K 0 0 43    
K 0 0 54    
A D 2 16    
J B 20 762 1 82 6913 288 0    
J N 7 783 7 4 1 0 0    
K 0 0 43    
K 0 0 60    
K 0 21 60    
A D 4 16    
J R 6 867 28 2 1729 576 0    
K 0 0 49    
A D 2 16    
J N 6 913 -14 6 2593 288 0    
K 0 0 45    
K 0 0 43    
K -1 0 45    
K 2 0 45    
K 0 0 54    
A D 2 16    
J N 7 962 0 5 3457 288 0    
K -18 0 63    
K 0 0 43    
K 0 0 60    
K 0 21 60    
A D 4 16    
J N 6 1031 -7 2 5185 576 1 20    
K 0 0 43    
A D 2 16    
J N 6 1080 -14 5 6049 288 1 20    
K 0 0 45    
K 0 0 43    
K -1 0 45    
K 2 0 45    
A D 2 16    
H 20 B -41 -2 108 2 2 3    
J B 21 1124 1 82 6913 288 0    
J N 7 1145 -21 8 1 0 0    
K 0 7 45    
K 0 0 43    
K 0 7 45    
K 1 7 45    
K 25 0 44    
K 0 0 60    
K 0 21 60    
A D 6 16    
J N 6 1254 28 3 2593 864 0    
K 0 0 43    
K 0 0 54    
A D 2 16    
J D 5 1310 -42 1 3457 288 0    
W 0 0 0 (37) Allegro    
J N 7 1310 28 4 3457 0 0    
K 0 0 43    
K 0 0 60    
K 0 21 60    
A D 4 16    
J R 7 1426 28 2 5185 576 0    
K 0 0 48    
A D 4 16    
J B 22 1546 1 82 6913 576 0    
J R 9 1784 28 2 1 10000 0    
K 0 0 46    
A D 16 16    
J B 23 2050 1 82 6913 2304 0    
E *    
L 1010 0 0 330 330 * 0 14 0    
J C 22 5 14 36 6913 0 0    
J K 2 57 0 2 6913 0 0    
K 0 14 63    
K 15 35 63    
J D 0 -11 -14 1 6913 0 0    
W 0 0 0 \01\08    
J F 0 130 98 1 1 0 0    
K 0 0 206    
J N 7 130 0 4 1 0 0    
K 0 0 43    
K 0 0 60    
K 0 21 60    
A D 4 16    
J N 7 200 28 4 1729 576 0    
K 0 0 43    
K 0 0 60    
K 0 21 60    
A D 4 16    
J N 7 283 0 4 3457 576 0    
K 0 0 43    
K 0 0 60    
K 0 21 60    
A D 4 16    
J N 7 363 28 4 5185 576 0    
K 0 0 43    
K 0 0 60    
K 0 21 60    
A D 4 16    
J B 19 435 1 82 6913 576 0    
J N 7 456 0 4 1 0 0    
K 0 0 43    
K 0 0 60    
K 0 21 60    
A D 4 16    
J R 7 526 28 2 1729 576 0    
K 0 0 48    
A D 4 16    
J R 7 596 28 3 3457 576 0    
K 0 0 48    
K -2 -35 101    
A D 4 16    
J R 6 666 28 2 5185 576 0    
K 0 0 49    
A D 2 16    
J D 5 705 -42 1 6049 288 0    
W 0 0 0 (37) Adagio    
J F 0 712 98 1 6049 0 0    
K 0 0 205    
J N 6 712 49 4 6049 0 0    
K -18 0 63    
K 0 0 43    
K 0 0 53    
A D 2 16    
J B 20 762 1 82 6913 288 0    
J F 0 783 98 1 1 0 0    
K 0 0 208    
J N 7 783 42 4 1 0 0    
K 0 0 43    
K 0 0 59    
K 0 -21 59    
A D 4 16    
J R 6 867 28 2 1729 576 0    
K 0 0 49    
A D 2 16    
J F 0 913 98 1 2593 288 0    
K 0 0 207    
J N 6 913 42 3 2593 0 0    
K 0 0 43    
K 0 0 53    
A D 2 16    
J F 0 962 98 2 3457 288 0    
K 0 0 206    
K 0 21 213    
J N 7 962 35 4 3457 0 0    
K 0 0 43    
K 0 0 59    
K 0 -21 59    
A D 4 16    
J N 7 1031 63 4 5185 576 0    
K 0 0 43    
K 0 0 59    
K 0 -21 59    
A D 4 16    
J B 21 1124 1 82 6913 576 0    
J F 0 1145 98 2 1 0 0    
K 0 0 205    
K 0 21 203    
J N 7 1145 35 4 1 0 0    
K 0 0 43    
K 0 0 59    
K 0 -21 59    
A D 4 16    
J F 0 1214 119 2 1729 576 0    
K 0 0 204    
K 0 21 213    
J N 7 1214 84 8 1729 0 0    
K 1 -14 45    
K 1 0 45    
K 0 0 43    
K -1 0 45    
K 2 0 45    
K 0 0 59    
K 0 -28 59    
A D 4 16    
J D 5 1310 -42 1 3457 576 0    
W 0 0 0 (37) Allegro    
J F 0 1310 98 1 3457 0 0    
K 0 21 218    
J N 7 1310 63 4 3457 0 0    
K 0 0 43    
K 0 0 59    
K 0 -21 59    
A D 4 16    
J R 7 1426 28 2 5185 576 0    
K 0 0 48    
A D 4 16    
J B 22 1546 1 82 6913 576 0    
J R 9 1784 28 2 1 10000 0    
K 0 0 46    
A D 16 16    
J B 23 2050 1 82 6913 2304 0    
E *    
B 1 435 0    
B 1 762 0    
B 1 1124 0    
B 1 1546 0    
B 1 2050 0    
S 0 200 1510 2050 1066 7 "[...][....]"    
L 0 0 0 330 330 * 0 14 0    
J C 4 5 42 2 6913 0 0    
K 0 0 33    
K 0 0 34    
J K 2 57 0 2 6913 0 0    
K 0 0 63    
K 15 21 63    
J D 0 -11 -14 1 6913 0 0    
W 0 0 37 \02\03    
J N 6 130 -14 5 1 0 1 32    
K 0 0 45    
K 0 0 43    
K -1 0 45    
K 2 0 45    
A D 2 16    
J N 6 206 35 2 865 288 1 32    
K 0 0 43    
A D 2 16    
H 32 B -72 7 108 2 2 3    
J R 6 282 28 2 1729 288 0    
K 0 0 49    
A D 2 16    
J N 6 358 -14 6 2593 288 0    
K 0 0 45    
K 0 0 43    
K -1 0 45    
K 2 0 45    
K 0 0 54    
A D 2 16    
J N 6 434 0 2 3457 288 1 33    
K 0 0 43    
A D 2 16    
J N 6 510 63 2 4321 288 1 33    
K 0 0 43    
A D 2 16    
H 33 B 42 9 108 2 2 3    
J R 6 586 28 2 5185 288 0    
K 0 0 49    
A D 2 16    
J N 6 662 0 3 6049 288 0    
K 0 0 43    
K 0 0 54    
A D 2 16    
J B 24 788 1 82 6913 288 0    
J N 6 815 7 2 1 0 1 34    
K 0 0 43    
A D 2 16    
J N 6 891 56 2 865 288 1 34    
K 0 0 43    
A D 2 16    
H 34 B 42 9 108 2 2 3    
J R 6 967 28 2 1729 288 0    
K 0 0 49    
A D 2 16    
J N 6 1043 7 3 2593 288 0    
K 0 0 43    
K 0 0 54    
A D 2 16    
J D 0 1119 0 1 3457 288 0    
W 0 -21 31 Tutti    
J N 6 1119 21 2 3457 0 1 35    
K 0 0 43    
A D 2 16    
J N 6 1195 35 2 4321 288 1 35    
K 0 0 43    
A D 2 16    
H 35 B -49 3 108 2 2 3    
J N 7 1271 0 4 5185 288 0    
K 0 0 43    
K 0 0 60    
K 0 21 60    
A D 4 16    
J B 25 1425 1 82 6913 576 0    
J R 6 1450 28 2 1 0 0    
K 0 0 49    
A D 2 16    
J N 6 1526 28 3 865 288 0    
K 0 0 43    
K 0 0 54    
A D 2 16    
J N 7 1602 7 4 1729 288 0    
K 0 0 43    
K 0 0 60    
K 0 21 60    
A D 4 16    
J R 6 1752 28 2 3457 576 0    
K 0 0 49    
A D 2 16    
J N 6 1826 35 3 4321 288 0    
K 0 0 43    
K 0 0 53    
A D 2 16    
J N 7 1900 14 4 5185 288 0    
K 0 0 43    
K 0 0 60    
K 0 21 60    
A D 4 16    
J B 26 2050 1 82 6913 576 0    
E *    
L 160 0 0 330 330 * 0 14 0    
J C 4 5 42 2 6913 0 0    
K 0 0 33    
K 0 0 34    
J K 2 57 0 2 6913 0 0    
K 0 0 63    
K 15 21 63    
J D 0 -11 -14 1 6913 0 0    
W 0 0 0 \02\03    
J R 6 130 28 2 1 0 0    
K 0 0 49    
A D 2 16    
J N 6 206 7 2 865 288 1 19    
K 0 0 43    
A D 2 16    
J N 6 282 -14 5 1729 288 1 19    
K 0 0 45    
K 0 0 43    
K -1 0 45    
K 2 0 45    
A D 2 16    
J N 6 358 35 2 2593 288 1 19    
K 0 0 43    
A D 2 16    
H 19 B -55 3 108 3 2 1 3    
J R 6 434 28 2 3457 288 0    
K 0 0 49    
A D 2 16    
J N 6 510 -14 5 4321 288 1 20    
K 0 0 45    
K 0 0 43    
K -1 0 45    
K 2 0 45    
A D 2 16    
J N 6 586 0 2 5185 288 1 20    
K 0 0 43    
A D 2 16    
J N 6 662 63 2 6049 288 1 20    
K 0 0 43    
A D 2 16    
H 20 B -94 5 108 3 2 1 3    
J B 24 788 1 82 6913 288 0    
J R 6 815 28 2 1 0 0    
K 0 0 49    
A D 2 16    
J N 6 891 28 2 865 288 1 21    
K 0 0 43    
A D 2 16    
J N 6 967 7 2 1729 288 1 21    
K 0 0 43    
A D 2 16    
J N 6 1043 56 2 2593 288 1 21    
K 0 0 43    
A D 2 16    
H 21 B -55 3 108 3 2 1 3    
J R 6 1119 28 2 3457 288 0    
K 0 0 49    
A D 2 16    
J N 6 1195 7 2 4321 288 1 22    
K 0 0 43    
A D 2 16    
J N 6 1271 21 2 5185 288 1 22    
K 0 0 43    
A D 2 16    
J N 6 1347 35 2 6049 288 1 22    
K 0 0 43    
A D 2 16    
H 22 B -55 3 108 3 2 1 3    
J B 25 1425 1 82 6913 288 0    
J N 7 1450 28 4 1 0 0    
K 0 0 43    
K 0 0 60    
K 0 21 60    
A D 4 16    
J R 6 1602 28 2 1729 576 0    
K 0 0 49    
A D 2 16    
J N 6 1678 7 3 2593 288 0    
K 0 0 43    
K 0 0 54    
A D 2 16    
J N 7 1752 35 4 3457 288 0    
K 0 0 43    
K 0 0 59    
K 0 -21 59    
A D 4 16    
J R 6 1900 28 2 5185 576 0    
K 0 0 49    
A D 2 16    
J N 6 1974 14 3 6049 288 0    
K 0 0 43    
K 0 0 54    
A D 2 16    
J B 26 2050 1 82 6913 288 0    
E *    
L 320 0 0 330 330 * 0 14 0    
J C 12 5 14 35 6913 0 0    
J K 2 57 0 2 6913 0 0    
K 0 42 63    
K 15 14 63    
J D 0 -11 -14 1 6913 0 0    
W 0 0 0 \02\03    
J F 0 130 98 1 1 0 0    
K 0 0 205    
J N 5 130 14 2 1 0 1 51    
K 0 0 43    
A D 1 16    
J N 5 168 21 2 433 144 1 51    
K 0 0 43    
A D 1 16    
J N 5 206 14 2 865 144 1 51    
K 0 0 43    
A D 1 16    
J N 5 244 7 2 1297 144 1 51    
K 0 0 43    
A D 1 16    
H 51 B -57 0 108 4 22 11 11 33    
J N 5 282 14 2 1729 144 1 52    
K 0 0 43    
A D 1 16    
J N 5 320 28 2 2161 144 1 52    
K 0 0 43    
A D 1 16    
J N 5 358 21 2 2593 144 1 52    
K 0 0 43    
A D 1 16    
J N 5 396 14 2 3025 144 1 52    
K 0 0 43    
A D 1 16    
H 52 B -59 0 108 4 22 11 11 33    
J N 5 434 7 2 3457 144 1 53    
K 0 0 43    
A D 1 16    
J N 5 472 14 2 3889 144 1 53    
K 0 0 43    
A D 1 16    
J N 5 510 7 2 4321 144 1 53    
K 0 0 43    
A D 1 16    
J N 5 548 0 2 4753 144 1 53    
K 0 0 43    
A D 1 16    
H 53 B -53 0 108 4 22 11 11 33    
J N 5 586 7 2 5185 144 1 54    
K 0 0 43    
A D 1 16    
J N 5 624 14 2 5617 144 1 54    
K 0 0 43    
A D 1 16    
J N 5 662 21 2 6049 144 1 54    
K 0 0 43    
A D 1 16    
J N 5 700 28 2 6481 144 1 54    
K 0 0 43    
A D 1 16    
H 54 B -53 3 108 4 22 11 11 33    
J C 22 736 14 164 6913 144 0    
J B 24 788 1 82 6913 0 0    
J N 5 815 7 3 1 0 1 55    
K -18 0 63    
K 0 0 43    
A D 1 16    
J N 5 853 14 2 433 144 1 55    
K 0 0 43    
A D 1 16    
J N 5 891 7 2 865 144 1 55    
K 0 0 43    
A D 1 16    
J N 5 929 0 2 1297 144 1 55    
K 0 0 43    
A D 1 16    
H 55 B -53 0 108 4 22 11 11 33    
J N 5 967 7 2 1729 144 1 56    
K 0 0 43    
A D 1 16    
J N 5 1005 21 2 2161 144 1 56    
K 0 0 43    
A D 1 16    
J N 5 1043 14 2 2593 144 1 56    
K 0 0 43    
A D 1 16    
J N 5 1081 7 2 3025 144 1 56    
K 0 0 43    
A D 1 16    
H 56 B -64 0 108 4 22 11 11 33    
J N 5 1119 0 2 3457 144 1 57    
K 0 0 43    
A D 1 16    
J N 5 1157 7 2 3889 144 1 57    
K 0 0 43    
A D 1 16    
J N 5 1195 0 2 4321 144 1 57    
K 0 0 43    
A D 1 16    
J N 5 1233 -7 2 4753 144 1 57    
K 0 0 43    
A D 1 16    
H 57 B -57 0 108 4 22 11 11 33    
J F 0 1271 98 1 5185 144 0    
K 0 0 205    
J N 5 1271 0 2 5185 0 1 58    
K 0 0 43    
A D 1 16    
J N 5 1309 -14 5 5617 144 1 58    
K 0 0 45    
K 0 0 43    
K -1 0 45    
K 2 0 45    
A D 1 16    
J N 5 1347 -7 2 6049 144 1 58    
K 0 0 43    
A D 1 16    
J N 5 1385 0 2 6481 144 1 58    
K 0 0 43    
A D 1 16    
H 58 B -46 0 108 4 22 11 11 33    
J B 25 1425 1 82 6913 144 0    
J F 0 1450 98 1 1 0 0    
K 0 0 206    
J N 5 1450 7 3 1 0 1 59    
K -18 0 63    
K 0 0 43    
A D 1 16    
J N 5 1488 14 2 433 144 1 59    
K 0 0 43    
A D 1 16    
J N 5 1526 7 2 865 144 1 59    
K 0 0 43    
A D 1 16    
J N 5 1564 0 2 1297 144 1 59    
K 0 0 43    
A D 1 16    
H 59 B -53 0 108 4 22 11 11 33    
J F 0 1602 98 1 1729 144 0    
K 0 0 205    
J N 5 1602 7 2 1729 0 1 60    
K 0 0 43    
A D 1 16    
J N 5 1640 -14 5 2161 144 1 60    
K 0 0 45    
K 0 0 43    
K -1 0 45    
K 2 0 45    
A D 1 16    
J N 5 1678 -7 2 2593 144 1 60    
K 0 0 43    
A D 1 16    
J N 5 1715 -14 5 3025 144 1 60    
K 0 0 45    
K 0 0 43    
K -1 0 45    
K 2 0 45    
A D 1 16    
H 60 B -50 -3 108 4 22 11 11 33    
J F 0 1752 98 1 3457 144 0    
K 0 0 206    
J N 5 1752 14 2 3457 0 1 61    
K 0 0 43    
A D 1 16    
J N 5 1789 21 2 3889 144 1 61    
K 0 0 43    
A D 1 16    
J N 5 1826 14 2 4321 144 1 61    
K 0 0 43    
A D 1 16    
J N 5 1863 7 2 4753 144 1 61    
K 0 0 43    
A D 1 16    
H 61 B -57 0 108 4 22 11 11 33    
J F 0 1900 98 1 5185 144 0    
K 0 0 205    
J N 5 1900 14 2 5185 0 1 62    
K 0 0 43    
A D 1 16    
J N 5 1937 -7 2 5617 144 1 62    
K 0 0 43    
A D 1 16    
J N 5 1974 0 2 6049 144 1 62    
K 0 0 43    
A D 1 16    
J N 5 2011 -7 2 6481 144 1 62    
K 0 0 43    
A D 1 16    
H 62 B -43 -3 108 4 22 11 11 33    
J B 26 2050 1 82 6913 144 0    
E *    
L 530 0 0 330 330 * 0 14 0    
J C 4 5 42 2 6913 0 0    
K 0 0 33    
K 0 0 34    
J K 2 57 0 2 6913 0 0    
K 0 0 63    
K 15 21 63    
J D 0 -11 -14 1 6913 0 0    
W 0 0 0 \02\03    
J R 9 434 28 2 1 10000 0    
K 0 0 46    
A D 16 16    
J B 24 788 1 82 6913 2304 0    
J R 8 815 28 2 1 0 0    
K 0 0 47    
A D 8 16    
J N 6 1119 21 2 3457 1152 1 24    
K 0 0 43    
A D 2 16    
J N 6 1195 35 2 4321 288 1 24    
K 0 0 43    
A D 2 16    
H 24 B -49 3 108 2 2 3    
J N 7 1271 0 4 5185 288 0    
K 0 0 43    
K 0 0 60    
K 0 21 60    
A D 4 16    
J B 25 1425 1 82 6913 576 0    
J R 6 1450 28 2 1 0 0    
K 0 0 49    
A D 2 16    
J N 6 1526 28 3 865 288 0    
K 0 0 43    
K 0 0 54    
A D 2 16    
J N 7 1602 7 4 1729 288 0    
K 0 0 43    
K 0 0 60    
K 0 21 60    
A D 4 16    
J R 6 1752 28 2 3457 576 0    
K 0 0 49    
A D 2 16    
J N 6 1826 35 3 4321 288 0    
K 0 0 43    
K 0 0 53    
A D 2 16    
J N 7 1900 14 4 5185 288 0    
K 0 0 43    
K 0 0 60    
K 0 21 60    
A D 4 16    
J B 26 2050 1 82 6913 576 0    
E *    
L 690 0 0 330 330 * 0 14 0    
J C 4 5 42 2 6913 0 0    
K 0 0 33    
K 0 0 34    
J K 2 57 0 2 6913 0 0    
K 0 0 63    
K 15 21 63    
J D 0 -11 -14 1 6913 0 0    
W 0 0 0 \02\03    
J R 9 434 28 2 1 10000 0    
K 0 0 46    
A D 16 16    
J B 24 788 1 82 6913 2304 0    
J R 8 815 28 2 1 0 0    
K 0 0 47    
A D 8 16    
J N 7 1119 7 4 3457 1152 0    
K 0 0 43    
K 0 0 60    
K 0 21 60    
A D 4 16    
J R 6 1271 28 2 5185 576 0    
K 0 0 49    
A D 2 16    
J N 6 1347 35 3 6049 288 0    
K 0 0 43    
K 0 0 53    
A D 2 16    
J B 25 1425 1 82 6913 288 0    
J N 7 1450 28 4 1 0 0    
K 0 0 43    
K 0 0 60    
K 0 21 60    
A D 4 16    
J R 6 1602 28 2 1729 576 0    
K 0 0 49    
A D 2 16    
J N 6 1678 7 3 2593 288 0    
K 0 0 43    
K 0 0 54    
A D 2 16    
J N 7 1752 35 4 3457 288 0    
K 0 0 43    
K 0 0 59    
K 0 -21 59    
A D 4 16    
J R 6 1900 28 2 5185 576 0    
K 0 0 49    
A D 2 16    
J N 6 1974 14 3 6049 288 0    
K 0 0 43    
K 0 0 54    
A D 2 16    
J B 26 2050 1 82 6913 288 0    
E *    
L 850 0 0 330 330 * 0 14 0    
J C 13 5 28 35 6913 0 0    
J K 2 57 0 2 6913 0 0    
K 0 7 63    
K 15 28 63    
J D 0 -11 -14 1 6913 0 0    
W 0 0 0 \02\03    
J R 9 434 28 2 1 10000 0    
K 0 0 46    
A D 16 16    
J B 24 788 1 82 6913 2304 0    
J R 8 815 28 2 1 0 0    
K 0 0 47    
A D 8 16    
J N 6 1119 -7 2 3457 1152 1 21    
K 0 0 43    
A D 2 16    
J N 6 1195 -21 5 4321 288 1 21    
K 0 7 45    
K 0 0 43    
K 0 7 45    
K 1 7 45    
A D 2 16    
J N 6 1271 -7 2 5185 288 1 21    
K 0 0 43    
A D 2 16    
J N 6 1347 -21 5 6049 288 1 21    
K 0 7 45    
K 0 0 43    
K 0 7 45    
K 1 7 45    
A D 2 16    
H 21 B -49 0 108 4 2 1 1 3    
J B 25 1425 1 82 6913 288 0    
J N 6 1450 -14 5 1 0 1 22    
K 0 0 45    
K 0 0 43    
K -1 0 45    
K 2 0 45    
A D 2 16    
J N 6 1526 14 2 865 288 1 22    
K 0 0 43    
A D 2 16    
J N 6 1602 14 2 1729 288 1 22    
K 0 0 43    
A D 2 16    
J N 6 1678 14 2 2593 288 1 22    
K 0 0 43    
A D 2 16    
H 22 B -73 2 108 4 2 1 1 3    
J N 6 1752 7 2 3457 288 1 23    
K 0 0 43    
A D 2 16    
J N 6 1826 21 2 4321 288 1 23    
K 0 0 43    
A D 2 16    
J N 6 1900 21 2 5185 288 1 23    
K 0 0 43    
A D 2 16    
J N 6 1974 21 2 6049 288 1 23    
K 0 0 43    
A D 2 16    
H 23 B -56 0 108 4 2 1 1 3    
J B 26 2050 1 82 6913 288 0    
E *    
L 1010 0 0 330 330 * 0 14 0    
J C 22 5 14 36 6913 0 0    
J K 2 57 0 2 6913 0 0    
K 0 14 63    
K 15 35 63    
J D 0 -11 -14 1 6913 0 0    
W 0 0 0 \02\03    
J R 9 434 28 2 1 10000 0    
K 0 0 46    
A D 16 16    
J B 24 788 1 82 6913 2304 0    
J R 8 815 28 2 1 0 0    
K 0 0 47    
A D 8 16    
J F 0 1119 98 1 3457 1152 0    
K 0 0 204    
J N 6 1119 0 2 3457 0 1 27    
K 0 0 43    
A D 2 16    
J N 6 1195 0 2 4321 288 1 27    
K 0 0 43    
A D 2 16    
J F 0 1271 98 1 5185 288 0    
K 0 0 205    
J N 6 1271 0 2 5185 0 1 27    
K 0 0 43    
A D 2 16    
J N 6 1347 0 2 6049 288 1 27    
K 0 0 43    
A D 2 16    
H 27 B -46 0 108 4 2 1 1 3    
J B 25 1425 1 82 6913 288 0    
J F 0 1450 98 1 1 0 0    
K 0 0 206    
J N 6 1450 7 3 1 0 1 28    
K -18 0 63    
K 0 0 43    
A D 2 16    
J N 6 1526 7 2 865 288 1 28    
K 0 0 43    
A D 2 16    
J F 0 1602 98 1 1729 288 0    
K 0 0 205    
J N 6 1602 7 2 1729 0 1 28    
K 0 0 43    
A D 2 16    
J F 0 1678 98 1 2593 288 0    
K 0 0 206    
J N 6 1678 -7 2 2593 0 1 28    
K 0 0 43    
A D 2 16    
H 28 B -49 0 108 4 2 1 1 3    
J F 0 1752 98 1 3457 288 0    
K 0 0 206    
J N 6 1752 14 2 3457 0 1 29    
K 0 0 43    
A D 2 16    
J N 6 1826 14 2 4321 288 1 29    
K 0 0 43    
A D 2 16    
J F 0 1900 98 1 5185 288 0    
K 0 0 205    
J N 6 1900 14 2 5185 0 1 29    
K 0 0 43    
A D 2 16    
J F 0 1974 98 1 6049 288 0    
K 0 0 206    
J N 6 1974 -7 2 6049 0 1 29    
K 0 0 43    
A D 2 16    
H 29 B -46 0 108 4 2 1 1 3    
J B 26 2050 1 82 6913 288 0    
E *    
B 1 788 0    
B 1 1425 0    
B 1 2050 0    
