S 0 200 140 2050 1066 7 "[...][....]" 
L 0 0 0 313 313 * 0 14 0 
J C 4 5 42 2 6913 0 0 
K 0 0 33 
K 0 0 34 
J K -1 57 0 1 6913 0 0 
K 0 28 65 
J D 0 -11 -14 1 6913 0 0 
W 0 0 37 \07\03 
J N 6 115 7 3 1 0 1 57 
K 0 0 43 
K 25 0 44 
A D 3 16 
J N 5 174 14 2 3457 432 2 58 57 
K 0 0 43 
A D 1 16 
J N 5 202 21 2 4609 144 1 57 
K 0 0 43 
A D 1 16 
J N 5 242 28 3 5761 144 2 57 58 
K -14 0 64 
K 0 0 43 
A D 1 16 
H 57 B -54 3 108 4 2 21 11 33 
H 58 S 0 0 0 0 0 0 0 0 0 
J B 74 274 1 82 6913 144 0 
J N 5 295 21 2 1 0 2 59 60 
K 0 0 43 
A D 1 16 
J N 5 323 14 2 1153 144 2 60 59 
K 0 0 43 
A D 1 16 
H 60 B -53 -4 108 2 22 33 
H 59 S 0 0 0 0 0 0 0 0 0 
J N 7 369 28 5 2305 144 0 
K -14 0 64 
K 0 0 43 
K 0 0 60 
K 0 21 60 
A D 4 16 
J B 75 438 1 82 6913 576 0 
J N 6 459 35 2 1 0 1 61 
K 0 0 43 
A D 2 16 
J N 6 498 0 3 2305 288 2 62 61 
K 0 0 43 
K 0 88 108 
A D 2 16 
J N 6 540 7 2 4609 288 2 61 62 
K 0 0 43 
A D 2 16 
H 61 B -40 -6 108 3 2 1 3 
H 62 S 0 0 0 0 0 0 0 0 0 
J B 76 582 1 82 6913 288 0 
J R 6 603 28 2 1 0 0 
K 0 0 49 
A D 2 16 
J N 6 642 14 2 2305 288 2 63 64 
K 0 0 43 
A D 2 16 
J N 6 681 21 2 4609 288 2 64 63 
K 0 0 43 
A D 2 16 
H 64 B -45 3 108 2 2 3 
H 63 S 0 0 0 0 0 0 0 0 0 
J B 77 725 1 82 6913 288 0 
J R 6 746 28 2 1 0 0 
K 0 0 49 
A D 2 16 
J N 6 785 28 3 2305 288 2 65 66 
K -14 0 64 
K 0 0 43 
A D 2 16 
J N 6 824 35 2 4609 288 2 66 65 
K 0 0 43 
A D 2 16 
H 66 B 47 3 108 2 2 3 
H 65 S 12 0 0 0 0 0 0 0 0 
J B 78 868 1 82 6913 288 0 
J N 6 891 7 3 1 0 1 67 
K 0 0 43 
K 25 0 44 
A D 3 16 
J N 5 950 14 2 3457 432 2 68 67 
K 0 0 43 
A D 1 16 
J N 5 978 21 2 4609 144 1 67 
K 0 0 43 
A D 1 16 
J N 5 1018 28 3 5761 144 2 67 68 
K -14 0 64 
K 0 0 43 
A D 1 16 
H 67 B -54 3 108 4 2 21 11 33 
H 68 S 0 0 0 0 0 0 0 0 0 
J B 79 1050 1 82 6913 144 0 
J N 5 1071 21 2 1 0 1 69 
K 0 0 43 
A D 1 16 
J N 5 1099 14 2 1153 144 1 69 
K 0 0 43 
A D 1 16 
H 69 B -53 -4 108 2 22 33 
J N 7 1139 28 5 2305 144 0 
K -14 0 64 
K 0 0 43 
K 0 0 60 
K 0 21 60 
A D 4 16 
J B 80 1207 1 82 6913 576 0 
J N 7 1228 35 5 1 0 0 
K 0 0 43 
K 25 0 44 
K 0 0 59 
K 0 -21 59 
A D 6 16 
J B 81 1297 1 82 6913 864 0 
J D 0 1318 0 1 1 0 0 
W 0 -28 33 !31|Soli 
J N 7 1318 0 5 1 0 0 
K 0 0 43 
K 24 -6 44 
K 0 0 60 
K 0 21 60 
A D 6 16 
J B 82 1431 1 82 6913 864 0 
J N 7 1452 -7 5 1 0 0 
K 0 0 43 
K 25 0 44 
K 0 0 60 
K 0 21 60 
A D 6 16 
J B 83 1575 1 82 6913 864 0 
J N 6 1596 -14 5 1 0 1 70 
K 0 0 45 
K 0 0 43 
K -1 0 45 
K 2 0 45 
A D 2 16 
J N 5 1634 0 2 2305 288 1 70 
K 0 0 43 
A D 1 16 
J N 5 1662 -7 2 3457 144 1 70 
K 0 0 43 
A D 1 16 
J N 5 1690 -14 5 4609 144 1 70 
K 0 0 45 
K 0 0 43 
K -1 0 45 
K 2 0 45 
A D 1 16 
J N 5 1718 0 2 5761 144 1 70 
K 0 0 43 
A D 1 16 
H 70 B -58 1 108 5 2 21 11 11 33 
J B 84 1750 1 82 6913 144 0 
J N 6 1771 -7 2 1 0 1 71 
K 0 0 43 
A D 2 16 
J N 6 1809 -28 6 2305 288 1 71 
K 0 14 45 
K 0 0 45 
K 0 0 43 
K -1 0 45 
K 2 0 45 
A D 2 16 
J N 6 1847 21 2 4609 288 1 71 
K 0 0 43 
A D 2 16 
H 71 B -51 7 108 3 2 1 3 
J B 85 1888 1 82 6913 288 0 
J N 7 1909 0 5 1 0 0 
K 0 0 43 
K 24 -6 44 
K 0 0 60 
K 0 21 60 
A D 6 16 
J B 86 2050 1 82 6913 864 0 
E * 
L 160 0 0 313 313 * 0 14 0 
J C 4 5 42 2 6913 0 0 
K 0 0 33 
K 0 0 34 
J K -1 57 0 1 6913 0 0 
K 0 28 65 
J D 0 -11 -14 1 6913 0 0 
W 0 0 0 \07\03 
J N 6 115 28 3 1 0 2 68 69 
K -14 0 64 
K 0 0 43 
A D 2 16 
J N 6 160 42 3 2305 288 2 69 68 
K -18 0 63 
K 0 0 43 
A D 2 16 
H 68 S 12 0 0 0 0 0 0 0 3 
J N 6 202 35 2 4609 288 2 70 69 
K 0 0 43 
A D 2 16 
H 69 B 46 1 108 3 2 1 3 
J B 74 274 1 82 6913 288 0 
J N 6 295 35 3 1 0 1 70 
K 0 0 43 
K 0 0 53 
A D 2 16 
H 70 T 35 0 0 0 0 0 9 0 
J N 7 369 42 5 2305 288 0 
K -18 0 63 
K 0 0 43 
K 0 0 59 
K 0 -21 59 
A D 4 16 
J B 75 438 1 82 6913 576 0 
J N 6 459 35 2 1 0 1 71 
K 0 0 43 
A D 2 16 
J N 6 498 21 2 2305 288 1 71 
K 0 0 43 
A D 2 16 
J N 6 540 28 3 4609 288 1 71 
K -14 0 64 
K 0 0 43 
A D 2 16 
H 71 B -42 -1 108 3 2 1 3 
J B 76 582 1 82 6913 288 0 
J N 7 603 35 4 1 0 0 
K 0 0 43 
K 0 0 59 
K 0 -21 59 
A D 4 16 
J N 6 681 42 3 4609 576 0 
K 0 0 43 
K 0 0 53 
A D 2 16 
J B 77 725 1 82 6913 288 0 
J N 7 746 49 4 1 0 0 
K 0 0 43 
K 0 0 59 
K 0 -21 59 
A D 4 16 
J N 6 824 56 3 4609 576 0 
K 0 0 43 
K 0 0 53 
A D 2 16 
J B 78 868 1 82 6913 288 0 
J N 6 891 28 3 1 0 2 72 73 
K -14 0 64 
K 0 0 43 
A D 2 16 
J N 6 936 42 3 2305 288 2 73 72 
K -18 0 63 
K 0 0 43 
A D 2 16 
H 72 S 12 0 0 0 0 0 0 0 3 
J N 6 978 35 2 4609 288 2 74 73 
K 0 0 43 
A D 2 16 
H 73 B 46 1 108 3 2 1 3 
J B 79 1050 1 82 6913 288 0 
J N 6 1071 35 3 1 0 1 74 
K 0 0 43 
K 0 0 53 
A D 2 16 
H 74 T 35 0 0 0 0 0 9 0 
J N 7 1139 42 5 2305 288 0 
K -18 0 63 
K 0 0 43 
K 0 0 59 
K 0 -21 59 
A D 4 16 
J B 80 1207 1 82 6913 576 0 
J N 7 1228 35 5 1 0 0 
K 0 0 43 
K 25 0 44 
K 0 0 59 
K 0 -21 59 
A D 6 16 
J B 81 1297 1 82 6913 864 0 
J R 6 1318 28 2 1 0 0 
K 0 0 49 
A D 2 16 
J N 7 1350 0 4 2305 288 1 75 
K 0 0 43 
K 0 0 60 
K 0 21 60 
A D 4 16 
J B 82 1431 1 82 6913 576 0 
J N 6 1452 0 2 1 0 2 76 75 
K 0 0 43 
A D 2 16 
H 75 T 0 0 0 0 0 0 5 0 
J N 5 1484 -7 2 2305 288 2 77 76 
K 0 0 43 
A D 1 16 
J N 5 1512 0 2 3457 144 1 76 
K 0 0 43 
A D 1 16 
J N 6 1540 7 2 4609 144 2 76 77 
K 0 0 43 
A D 2 16 
H 76 B -45 1 108 4 2 21 31 3 
H 77 S 0 0 0 0 0 0 0 0 0 
J B 83 1575 1 82 6913 288 0 
J N 6 1596 0 2 1 0 1 78 
K 0 0 43 
A D 2 16 
J N 6 1634 21 2 2305 288 1 78 
K 0 0 43 
A D 2 16 
J N 6 1690 0 2 4609 288 2 79 78 
K 0 0 43 
A D 2 16 
H 78 B -63 0 108 3 2 1 3 
J B 84 1750 1 82 6913 288 0 
J N 6 1771 0 3 1 0 1 79 
K 0 0 43 
K 0 0 54 
A D 2 16 
H 79 T 0 0 0 0 0 0 5 0 
J N 7 1809 7 4 2305 288 1 80 
K 0 0 43 
K 0 0 60 
K 0 21 60 
A D 4 16 
J B 85 1888 1 82 6913 576 0 
J N 6 1909 7 2 1 0 2 81 80 
K 0 0 43 
A D 2 16 
H 80 T 7 0 0 0 0 0 1 0 
J N 5 1947 14 2 2305 288 2 82 81 
K 0 0 43 
A D 1 16 
J N 5 1975 21 2 3457 144 1 81 
K 0 0 43 
A D 1 16 
J N 6 2015 28 3 4609 144 2 81 82 
K -14 0 64 
K 0 0 43 
A D 2 16 
H 81 B -59 2 108 4 2 21 31 3 
H 82 S 0 0 0 0 0 0 0 0 0 
J B 86 2050 1 82 6913 288 0 
E * 
L 320 0 0 313 313 * 0 14 0 
J C 22 5 14 36 6913 0 0 
J K -1 57 0 1 6913 0 0 
K 0 42 65 
J D 0 -11 -14 1 6913 0 0 
W 0 0 0 \07\03 
J F 0 115 98 1 1 0 0 
K 0 0 205 
J N 6 115 7 3 1 0 1 48 
K -18 0 63 
K 0 0 43 
A D 2 16 
J N 6 160 21 2 2305 288 1 48 
K 0 0 43 
A D 2 16 
J N 6 202 0 2 4609 288 1 48 
K 0 0 43 
A D 2 16 
H 48 B -56 0 108 3 2 1 3 
J B 74 274 1 82 6913 288 0 
J F 0 295 98 2 1 0 0 
K 0 0 206 
K 0 21 204 
J N 6 295 28 2 1 0 1 49 
K 0 0 43 
A D 2 16 
J F 0 323 98 3 1153 144 0 
K -7 -7 197 
K 0 0 205 
K 15 -7 198 
J F 0 369 98 1 2305 144 0 
K 0 0 213 
J N 6 369 21 2 2305 0 1 49 
K 0 0 43 
A D 2 16 
J N 6 402 70 5 4609 288 1 49 
K 1 0 45 
K 0 0 43 
K -1 0 45 
K 2 0 45 
A D 2 16 
H 49 B 56 3 108 3 2 1 3 
J B 75 438 1 82 6913 288 0 
J N 6 459 49 2 1 0 1 50 
K 0 0 43 
A D 2 16 
J F 0 498 98 1 2305 288 0 
K 0 5 205 
J N 6 498 0 3 2305 0 1 50 
K 0 0 43 
K 0 -23 108 
A D 2 16 
J F 0 540 98 2 4609 288 0 
K 0 0 205 
K 0 21 218 
J N 6 540 7 2 4609 0 1 50 
K 0 0 43 
A D 2 16 
H 50 B -42 -8 108 3 2 1 3 
J B 76 582 1 82 6913 288 0 
J F 0 603 98 1 1 0 0 
K 0 0 206 
J N 6 603 14 2 1 0 1 51 
K 0 0 43 
A D 2 16 
J F 0 642 98 1 2305 288 0 
K 0 0 205 
J N 6 642 14 2 2305 0 1 51 
K 0 0 43 
A D 2 16 
J F 0 681 98 1 4609 288 0 
K 0 0 205 
J N 6 681 21 2 4609 0 1 51 
K 0 0 43 
A D 2 16 
H 51 B -46 1 108 3 2 1 3 
J B 77 725 1 82 6913 288 0 
J F 0 746 98 1 1 0 0 
K 0 0 206 
J N 6 746 28 2 1 0 1 52 
K 0 0 43 
A D 2 16 
J F 0 785 98 2 2305 288 0 
K 0 0 205 
K 15 0 218 
J N 6 785 28 2 2305 0 1 52 
K 0 0 43 
A D 2 16 
J F 0 824 98 1 4609 288 0 
K 0 0 205 
J N 6 824 35 2 4609 0 1 52 
K 0 0 43 
A D 2 16 
H 52 B 42 0 108 3 2 1 3 
J B 78 868 1 82 6913 288 0 
J F 0 891 98 1 1 0 0 
K 0 0 205 
J N 6 891 7 3 1 0 1 53 
K -18 0 63 
K 0 0 43 
A D 2 16 
J N 6 936 21 2 2305 288 1 53 
K 0 0 43 
A D 2 16 
J N 6 978 0 2 4609 288 1 53 
K 0 0 43 
A D 2 16 
H 53 B -56 0 108 3 2 1 3 
J B 79 1050 1 82 6913 288 0 
J F 0 1071 98 2 1 0 0 
K 0 0 206 
K 0 21 204 
J N 6 1071 28 2 1 0 1 54 
K 0 0 43 
A D 2 16 
J F 0 1099 98 1 1153 144 0 
K 0 0 205 
J F 0 1139 98 1 2305 144 0 
K 0 0 213 
J N 6 1139 21 2 2305 0 1 54 
K 0 0 43 
A D 2 16 
J N 6 1172 70 5 4609 288 1 54 
K 1 0 45 
K 0 0 43 
K -1 0 45 
K 2 0 45 
A D 2 16 
H 54 B 55 3 108 3 2 1 3 
J B 80 1207 1 82 6913 288 0 
J N 7 1228 49 5 1 0 0 
K 0 0 43 
K 25 0 44 
K 0 0 59 
K 0 -21 59 
A D 6 16 
J B 81 1297 1 82 6913 864 0 
J R 6 1318 28 2 1 0 0 
K 0 0 49 
A D 2 16 
J F 0 1350 98 1 2305 288 0 
K 0 0 205 
J N 6 1350 0 2 2305 0 1 55 
K 0 0 43 
A D 2 16 
J N 6 1382 14 2 4609 288 1 55 
K 0 0 43 
A D 2 16 
H 55 B -57 4 108 2 2 3 
J B 82 1431 1 82 6913 288 0 
J F 0 1452 98 2 1 0 0 
K 0 0 205 
K 0 21 204 
J N 6 1452 -7 2 1 0 1 56 
K 0 0 43 
A D 2 16 
J F 0 1484 98 1 2305 288 0 
K 0 0 205 
J N 6 1484 7 2 2305 0 1 56 
K 0 0 43 
A D 2 16 
J N 6 1540 -14 5 4609 288 1 56 
K 0 0 45 
K 0 0 43 
K -1 0 45 
K 2 0 45 
A D 2 16 
H 56 B -63 0 108 3 2 1 3 
J B 83 1575 1 82 6913 288 0 
J N 6 1596 14 2 1 0 1 57 
K 0 0 43 
A D 2 16 
J N 6 1634 0 2 2305 288 1 57 
K 0 0 43 
A D 2 16 
J N 6 1690 14 2 4609 288 1 57 
K 0 0 43 
A D 2 16 
H 57 B -46 0 108 3 2 1 3 
J B 84 1750 1 82 6913 288 0 
J F 0 1771 98 1 1 0 0 
K 0 0 203 
J N 6 1771 -14 5 1 0 1 58 
K 0 0 45 
K 0 0 43 
K -1 0 45 
K 2 0 45 
A D 2 16 
J F 0 1809 98 1 2305 288 0 
K 0 0 205 
J N 6 1809 21 2 2305 0 1 58 
K 0 0 43 
A D 2 16 
J N 6 1847 35 2 4609 288 1 58 
K 0 0 43 
A D 2 16 
H 58 B -72 7 108 3 2 1 3 
J B 85 1888 1 82 6913 288 0 
J F 0 1909 98 1 1 0 0 
K 0 0 208 
J N 6 1909 28 2 1 0 1 59 
K 0 0 43 
A D 2 16 
J F 0 1947 98 1 2305 288 0 
K 0 0 204 
J N 6 1947 42 3 2305 0 1 59 
K -14 0 64 
K 0 0 43 
A D 2 16 
J N 6 2015 56 2 4609 288 1 59 
K 0 0 43 
A D 2 16 
H 59 B 48 5 108 3 2 1 3 
J B 86 2050 1 82 6913 288 0 
E * 
L 530 0 0 313 313 * 0 14 0 
J C 4 5 42 2 6913 0 0 
K 0 0 33 
K 0 0 34 
J K -1 57 0 1 6913 0 0 
K 0 28 65 
J D 0 -11 -14 1 6913 0 0 
W 0 0 0 \07\03 
J N 6 115 7 3 1 0 1 41 
K 0 0 43 
K 25 0 44 
A D 3 16 
J N 5 174 14 2 3457 432 2 42 41 
K 0 0 43 
A D 1 16 
J N 5 202 21 2 4609 144 1 41 
K 0 0 43 
A D 1 16 
J N 5 242 28 3 5761 144 2 41 42 
K -14 0 64 
K 0 0 43 
A D 1 16 
H 41 B -54 3 108 4 2 21 11 33 
H 42 S 0 0 0 0 0 0 0 0 0 
J B 74 274 1 82 6913 144 0 
J N 5 295 21 2 1 0 1 43 
K 0 0 43 
A D 1 16 
J N 5 323 14 2 1153 144 1 43 
K 0 0 43 
A D 1 16 
H 43 B -53 -4 108 2 22 33 
J N 7 369 28 5 2305 144 0 
K -14 0 64 
K 0 0 43 
K 0 0 60 
K 0 21 60 
A D 4 16 
J B 75 438 1 82 6913 576 0 
J N 6 459 35 2 1 0 1 44 
K 0 0 43 
A D 2 16 
J N 6 498 0 3 2305 288 2 45 44 
K 0 0 43 
K 0 88 108 
A D 2 16 
J N 6 540 7 2 4609 288 2 44 45 
K 0 0 43 
A D 2 16 
H 44 B -40 -6 108 3 2 1 3 
H 45 S 0 0 0 0 0 0 0 0 0 
J B 76 582 1 82 6913 288 0 
J R 6 603 28 2 1 0 0 
K 0 0 49 
A D 2 16 
J N 6 642 14 2 2305 288 2 46 47 
K 0 0 43 
A D 2 16 
J N 6 681 21 2 4609 288 2 47 46 
K 0 0 43 
A D 2 16 
H 47 B -45 3 108 2 2 3 
H 46 S 0 0 0 0 0 0 0 0 0 
J B 77 725 1 82 6913 288 0 
J R 6 746 28 2 1 0 0 
K 0 0 49 
A D 2 16 
J N 6 785 28 3 2305 288 2 48 49 
K -14 0 64 
K 0 0 43 
A D 2 16 
J N 6 824 35 2 4609 288 2 49 48 
K 0 0 43 
A D 2 16 
H 49 B 47 3 108 2 2 3 
H 48 S 12 0 0 0 0 0 0 0 0 
J B 78 868 1 82 6913 288 0 
J N 6 891 7 3 1 0 1 50 
K 0 0 43 
K 25 0 44 
A D 3 16 
J N 5 950 14 2 3457 432 2 51 50 
K 0 0 43 
A D 1 16 
J N 5 978 21 2 4609 144 1 50 
K 0 0 43 
A D 1 16 
J N 5 1018 28 3 5761 144 2 50 51 
K -14 0 64 
K 0 0 43 
A D 1 16 
H 50 B -54 3 108 4 2 21 11 33 
H 51 S 0 0 0 0 0 0 0 0 0 
J B 79 1050 1 82 6913 144 0 
J N 5 1071 21 2 1 0 1 52 
K 0 0 43 
A D 1 16 
J N 5 1099 14 2 1153 144 1 52 
K 0 0 43 
A D 1 16 
H 52 B -53 -4 108 2 22 33 
J N 7 1139 28 5 2305 144 0 
K -14 0 64 
K 0 0 43 
K 0 0 60 
K 0 21 60 
A D 4 16 
J B 80 1207 1 82 6913 576 0 
J N 7 1228 35 5 1 0 0 
K 0 0 43 
K 25 0 44 
K 0 0 59 
K 0 -21 59 
A D 6 16 
J B 81 1297 1 82 6913 864 0 
J R 9 1350 28 2 1 10000 0 
K 0 0 46 
A D 6 16 
J B 82 1431 1 82 6913 864 0 
J R 9 1489 28 2 1 10000 0 
K 0 0 46 
A D 6 16 
J B 83 1575 1 82 6913 864 0 
J R 9 1648 28 2 1 10000 0 
K 0 0 46 
A D 6 16 
J B 84 1750 1 82 6913 864 0 
J R 9 1805 28 2 1 10000 0 
K 0 0 46 
A D 6 16 
J B 85 1888 1 82 6913 864 0 
J R 9 1955 28 2 1 10000 0 
K 0 0 46 
A D 6 16 
J B 86 2050 1 82 6913 864 0 
E * 
L 690 0 0 313 313 * 0 14 0 
J C 4 5 42 2 6913 0 0 
K 0 0 33 
K 0 0 34 
J K -1 57 0 1 6913 0 0 
K 0 28 65 
J D 0 -11 -14 1 6913 0 0 
W 0 0 0 \07\03 
J N 6 115 28 3 1 0 2 37 38 
K -14 0 64 
K 0 0 43 
A D 2 16 
J N 6 160 42 3 2305 288 2 38 37 
K -18 0 63 
K 0 0 43 
A D 2 16 
H 37 S 12 0 0 0 0 0 0 0 3 
J N 6 202 35 2 4609 288 2 39 38 
K 0 0 43 
A D 2 16 
H 38 B 46 1 108 3 2 1 3 
J B 74 274 1 82 6913 288 0 
J N 6 295 35 3 1 0 1 39 
K 0 0 43 
K 0 0 53 
A D 2 16 
H 39 T 35 0 0 0 0 0 9 0 
J N 7 369 42 5 2305 288 0 
K -18 0 63 
K 0 0 43 
K 0 0 59 
K 0 -21 59 
A D 4 16 
J B 75 438 1 82 6913 576 0 
J N 6 459 35 2 1 0 1 40 
K 0 0 43 
A D 2 16 
J N 6 498 21 2 2305 288 1 40 
K 0 0 43 
A D 2 16 
J N 6 540 28 3 4609 288 1 40 
K -14 0 64 
K 0 0 43 
A D 2 16 
H 40 B -42 -1 108 3 2 1 3 
J B 76 582 1 82 6913 288 0 
J N 7 603 35 4 1 0 0 
K 0 0 43 
K 0 0 59 
K 0 -21 59 
A D 4 16 
J N 6 681 42 3 4609 576 0 
K 0 0 43 
K 0 0 53 
A D 2 16 
J B 77 725 1 82 6913 288 0 
J N 7 746 49 4 1 0 0 
K 0 0 43 
K 0 0 59 
K 0 -21 59 
A D 4 16 
J N 6 824 56 3 4609 576 0 
K 0 0 43 
K 0 0 53 
A D 2 16 
J B 78 868 1 82 6913 288 0 
J N 6 891 28 3 1 0 2 41 42 
K -14 0 64 
K 0 0 43 
A D 2 16 
J N 6 936 42 3 2305 288 2 42 41 
K -18 0 63 
K 0 0 43 
A D 2 16 
H 41 S 12 0 0 0 0 0 0 0 3 
J N 6 978 35 2 4609 288 2 43 42 
K 0 0 43 
A D 2 16 
H 42 B 46 1 108 3 2 1 3 
J B 79 1050 1 82 6913 288 0 
J N 6 1071 35 3 1 0 1 43 
K 0 0 43 
K 0 0 53 
A D 2 16 
H 43 T 35 0 0 0 0 0 9 0 
J N 7 1139 42 5 2305 288 0 
K -18 0 63 
K 0 0 43 
K 0 0 59 
K 0 -21 59 
A D 4 16 
J B 80 1207 1 82 6913 576 0 
J N 7 1228 35 5 1 0 0 
K 0 0 43 
K 25 0 44 
K 0 0 59 
K 0 -21 59 
A D 6 16 
J B 81 1297 1 82 6913 864 0 
J R 9 1350 28 2 1 10000 0 
K 0 0 46 
A D 6 16 
J B 82 1431 1 82 6913 864 0 
J R 9 1489 28 2 1 10000 0 
K 0 0 46 
A D 6 16 
J B 83 1575 1 82 6913 864 0 
J R 9 1648 28 2 1 10000 0 
K 0 0 46 
A D 6 16 
J B 84 1750 1 82 6913 864 0 
J R 9 1805 28 2 1 10000 0 
K 0 0 46 
A D 6 16 
J B 85 1888 1 82 6913 864 0 
J R 9 1955 28 2 1 10000 0 
K 0 0 46 
A D 6 16 
J B 86 2050 1 82 6913 864 0 
E * 
L 850 0 0 313 313 * 0 14 0 
J C 13 5 28 35 6913 0 0 
J K -1 57 0 1 6913 0 0 
K 0 35 65 
J D 0 -11 -14 1 6913 0 0 
W 0 0 0 \07\03 
J N 7 115 35 5 1 0 0 
K -14 0 64 
K 0 0 43 
K 0 0 59 
K 0 -21 59 
A D 4 16 
J N 6 202 28 3 4609 576 0 
K 0 0 43 
K 0 0 54 
A D 2 16 
J B 74 274 1 82 6913 288 0 
J N 6 295 7 2 1 0 1 23 
K 0 0 43 
A D 2 16 
J N 6 369 35 3 2305 288 1 23 
K -14 0 64 
K 0 0 43 
A D 2 16 
J N 6 402 14 2 4609 288 1 23 
K 0 0 43 
A D 2 16 
H 23 B -70 0 108 3 2 1 3 
J B 75 438 1 82 6913 288 0 
J N 6 459 14 2 1 0 1 24 
K 0 0 43 
A D 2 16 
J N 6 498 -7 2 2305 288 1 24 
K 0 0 43 
A D 2 16 
J N 6 540 14 2 4609 288 1 24 
K 0 0 43 
A D 2 16 
H 24 B -46 0 108 3 2 1 3 
J B 76 582 1 82 6913 288 0 
J R 6 603 28 2 1 0 0 
K 0 0 49 
A D 2 16 
J N 6 642 7 2 2305 288 1 25 
K 0 0 43 
A D 2 16 
J N 6 681 28 2 4609 288 1 25 
K 0 0 43 
A D 2 16 
H 25 B -63 4 108 2 2 3 
J B 77 725 1 82 6913 288 0 
J R 6 746 28 2 1 0 0 
K 0 0 49 
A D 2 16 
J N 6 785 21 2 2305 288 1 26 
K 0 0 43 
A D 2 16 
J N 6 824 42 2 4609 288 1 26 
K 0 0 43 
A D 2 16 
H 26 B 42 4 108 2 2 3 
J B 78 868 1 82 6913 288 0 
J N 7 891 35 5 1 0 0 
K -14 0 64 
K 0 0 43 
K 0 0 59 
K 0 -21 59 
A D 4 16 
J N 6 978 28 3 4609 576 0 
K 0 0 43 
K 0 0 54 
A D 2 16 
J B 79 1050 1 82 6913 288 0 
J N 6 1071 7 2 1 0 1 27 
K 0 0 43 
A D 2 16 
J N 6 1139 35 3 2305 288 1 27 
K -14 0 64 
K 0 0 43 
A D 2 16 
J N 6 1172 14 2 4609 288 1 27 
K 0 0 43 
A D 2 16 
H 27 B -70 0 108 3 2 1 3 
J B 80 1207 1 82 6913 288 0 
J N 7 1228 14 5 1 0 0 
K 0 0 43 
K 24 -6 44 
K 0 0 60 
K 0 21 60 
A D 6 16 
J B 81 1297 1 82 6913 864 0 
J R 9 1350 28 2 1 10000 0 
K 0 0 46 
A D 6 16 
J B 82 1431 1 82 6913 864 0 
J R 9 1489 28 2 1 10000 0 
K 0 0 46 
A D 6 16 
J B 83 1575 1 82 6913 864 0 
J R 9 1648 28 2 1 10000 0 
K 0 0 46 
A D 6 16 
J B 84 1750 1 82 6913 864 0 
J R 9 1805 28 2 1 10000 0 
K 0 0 46 
A D 6 16 
J B 85 1888 1 82 6913 864 0 
J R 9 1955 28 2 1 10000 0 
K 0 0 46 
A D 6 16 
J B 86 2050 1 82 6913 864 0 
E * 
L 1010 0 0 313 313 * 0 14 0 
J C 22 5 14 36 6913 0 0 
J K -1 57 0 1 6913 0 0 
K 0 42 65 
J D 0 -11 -14 1 6913 0 0 
W 0 0 0 \07\03 
J F 0 115 98 1 1 0 0 
K 0 0 205 
J N 6 115 7 3 1 0 1 22 
K -18 0 63 
K 0 0 43 
A D 1 8 
J N 6 160 21 2 2305 288 1 22 
K 0 0 43 
A D 1 8 
J N 6 202 0 2 4609 288 1 22 
K 0 0 43 
A D 1 8 
H 22 B -56 0 108 3 2 1 3 
J B 74 274 1 82 6913 288 0 
J F 0 295 98 2 1 0 0 
K 0 0 206 
K 0 21 204 
J N 6 295 28 2 1 0 1 23 
K 0 0 43 
A D 1 8 
J F 0 369 98 1 2305 288 0 
K 0 0 213 
J N 6 369 21 2 2305 0 1 23 
K 0 0 43 
A D 1 8 
J N 6 402 70 5 4609 288 1 23 
K 1 0 45 
K 0 0 43 
K -1 0 45 
K 2 0 45 
A D 1 8 
H 23 B 56 3 108 3 2 1 3 
J B 75 438 1 82 6913 288 0 
J N 6 459 49 2 1 0 1 24 
K 0 0 43 
A D 1 8 
J F 0 498 98 1 2305 288 0 
K 0 4 205 
J N 6 498 0 3 2305 0 1 24 
K 0 0 43 
K 0 -23 108 
A D 1 8 
J F 0 540 98 2 4609 288 0 
K 0 0 205 
K 0 21 218 
J N 6 540 7 2 4609 0 1 24 
K 0 0 43 
A D 1 8 
H 24 B -42 -8 108 3 2 1 3 
J B 76 582 1 82 6913 288 0 
J F 0 603 98 1 1 0 0 
K 0 0 206 
J N 6 603 14 2 1 0 1 25 
K 0 0 43 
A D 1 8 
J F 0 642 98 1 2305 288 0 
K 0 0 205 
J N 6 642 14 2 2305 0 1 25 
K 0 0 43 
A D 1 8 
J F 0 681 98 1 4609 288 0 
K 0 0 205 
J N 6 681 21 2 4609 0 1 25 
K 0 0 43 
A D 1 8 
H 25 B -46 1 108 3 2 1 3 
J B 77 725 1 82 6913 288 0 
J F 0 746 98 1 1 0 0 
K 0 0 206 
J N 6 746 28 2 1 0 1 26 
K 0 0 43 
A D 1 8 
J F 0 785 98 2 2305 288 0 
K 0 0 205 
K 15 0 218 
J N 6 785 28 2 2305 0 1 26 
K 0 0 43 
A D 1 8 
J F 0 824 98 1 4609 288 0 
K 0 0 205 
J N 6 824 35 2 4609 0 1 26 
K 0 0 43 
A D 1 8 
H 26 B 42 0 108 3 2 1 3 
J B 78 868 1 82 6913 288 0 
J F 0 891 98 1 1 0 0 
K 0 0 205 
J N 6 891 7 3 1 0 1 27 
K -18 0 63 
K 0 0 43 
A D 1 8 
J N 6 936 21 2 2305 288 1 27 
K 0 0 43 
A D 1 8 
J N 6 978 0 2 4609 288 1 27 
K 0 0 43 
A D 1 8 
H 27 B -56 0 108 3 2 1 3 
J B 79 1050 1 82 6913 288 0 
J F 0 1071 98 2 1 0 0 
K 0 0 206 
K 0 21 204 
J N 6 1071 28 2 1 0 1 28 
K 0 0 43 
A D 1 8 
J F 0 1139 98 1 2305 288 0 
K 0 0 213 
J N 6 1139 21 2 2305 0 1 28 
K 0 0 43 
A D 1 8 
J N 6 1172 70 5 4609 288 1 28 
K 1 0 45 
K 0 0 43 
K -1 0 45 
K 2 0 45 
A D 1 8 
H 28 B 55 3 108 3 2 1 3 
J B 80 1207 1 82 6913 288 0 
J N 7 1228 49 5 1 0 0 
K 0 0 43 
K 25 0 44 
K 0 0 59 
K 0 -21 59 
A D 3 8 
J B 81 1297 1 82 6913 864 0 
J R 9 1350 28 2 1 10000 0 
K 0 0 46 
A D 3 8 
J B 82 1431 1 82 6913 864 0 
J R 9 1489 28 2 1 10000 0 
K 0 0 46 
A D 3 8 
J B 83 1575 1 82 6913 864 0 
J R 9 1648 28 2 1 10000 0 
K 0 0 46 
A D 3 8 
J B 84 1750 1 82 6913 864 0 
J R 9 1805 28 2 1 10000 0 
K 0 0 46 
A D 3 8 
J B 85 1888 1 82 6913 864 0 
J R 9 1955 28 2 1 10000 0 
K 0 0 46 
A D 3 8 
J B 86 2050 1 82 6913 864 0 
E * 
B 1 274 0 
B 1 438 0 
B 1 582 0 
B 1 725 0 
B 1 868 0 
B 1 1050 0 
B 1 1207 0 
B 1 1297 0 
B 1 1431 0 
B 1 1575 0 
B 1 1750 0 
B 1 1888 0 
B 1 2050 0 
S 0 200 1510 2050 1066 7 "[...][....]" 
L 0 0 0 313 313 * 0 14 0 
J C 4 5 42 2 6913 0 0 
K 0 0 33 
K 0 0 34 
J K -1 57 0 1 6913 0 0 
K 0 28 65 
J D 0 -11 -14 1 6913 0 0 
W 0 0 37 \08\06 
J N 7 113 7 5 1 0 0 
K 0 0 43 
K 25 0 44 
K 0 0 60 
K 0 21 60 
A D 6 16 
J B 87 227 1 82 6913 864 0 
J N 6 248 14 2 1 0 1 72 
K 0 0 43 
A D 2 16 
J N 5 287 28 2 2305 288 1 72 
K 0 0 43 
A D 1 16 
J N 5 315 21 2 3457 144 1 72 
K 0 0 43 
A D 1 16 
J N 5 343 14 2 4609 144 1 72 
K 0 0 43 
A D 1 16 
J N 5 371 28 2 5761 144 1 72 
K 0 0 43 
A D 1 16 
H 72 B -58 1 108 5 2 21 11 11 33 
J B 88 403 1 82 6913 144 0 
J N 6 424 21 2 1 0 1 73 
K 0 0 43 
A D 2 16 
J N 6 463 0 2 2305 288 1 73 
K 0 0 43 
A D 2 16 
J N 6 502 49 2 4609 288 1 73 
K 0 0 43 
A D 2 16 
H 73 B -52 7 108 3 2 1 3 
J B 89 544 1 82 6913 288 0 
J N 7 565 28 5 1 0 0 
K 0 0 43 
K 24 -6 44 
K 0 0 60 
K 0 21 60 
A D 6 16 
J B 90 679 1 82 6913 864 0 
J N 7 700 35 4 1 0 0 
K 0 0 43 
K 0 0 59 
K 0 -21 59 
A D 4 16 
J N 6 762 35 3 4609 576 0 
K 0 0 43 
K 0 0 53 
A D 2 16 
J B 91 811 1 82 6913 288 0 
J N 6 834 28 3 1 0 1 74 
K -14 0 64 
K 0 0 43 
A D 2 16 
J N 6 872 42 2 2305 288 1 74 
K 0 0 43 
A D 2 16 
J N 6 910 21 2 4609 288 1 74 
K 0 0 43 
A D 2 16 
H 74 B -56 0 108 3 2 1 3 
J B 92 951 1 82 6913 288 0 
J N 6 972 0 3 1 0 1 75 
K 0 0 43 
K 24 -6 44 
A D 3 16 
J N 5 1038 -14 5 3457 432 2 76 75 
K 0 0 45 
K 0 0 43 
K -1 0 45 
K 2 0 45 
A D 1 16 
J N 5 1066 -7 2 4609 144 1 75 
K 0 0 43 
A D 1 16 
J N 5 1094 0 2 5761 144 2 75 76 
K 0 0 43 
A D 1 16 
H 75 B -46 0 108 4 2 21 11 33 
H 76 S 0 0 0 0 0 0 0 0 0 
J B 93 1126 1 82 6913 144 0 
J N 7 1147 7 4 1 0 0 
K 0 0 43 
K 0 0 60 
K 0 21 60 
A D 4 16 
J N 6 1209 -7 3 4609 576 0 
K 0 0 43 
K 0 0 54 
A D 2 16 
J B 94 1258 1 82 6913 288 0 
J N 7 1279 -14 7 1 0 0 
K 0 0 45 
K 0 0 43 
K -1 0 45 
K 2 0 45 
K 0 0 60 
K 0 21 60 
A D 4 16 
J N 6 1341 35 3 4609 576 0 
K 0 0 43 
K 0 0 53 
A D 2 16 
J B 95 1390 1 82 6913 288 0 
J N 6 1413 28 3 1 0 2 77 78 
K -14 0 64 
K 0 0 43 
A D 2 16 
J N 6 1454 -7 2 2305 288 2 78 77 
K 0 0 43 
A D 2 16 
H 77 S 0 0 0 0 0 0 0 -1 0 
J N 6 1492 21 2 4609 288 1 78 
K 0 0 43 
A D 2 16 
H 78 B -46 -1 108 3 2 1 3 
J B 96 1533 1 82 6913 288 0 
J N 6 1554 -14 6 1 0 0 
K 0 0 45 
K 0 0 43 
K -1 0 45 
K 2 0 45 
K 0 0 54 
A D 2 16 
J N 7 1595 14 4 2305 288 0 
K 0 0 43 
K 0 0 60 
K 0 21 60 
A D 4 16 
J B 97 1664 1 82 6913 576 0 
J D 0 1685 0 1 1 0 0 
W 0 -35 33 !31|Tutti 
J N 5 1685 21 2 1 0 1 79 
K 0 0 43 
A D 1 16 
J N 5 1713 56 2 1153 144 1 79 
K 0 0 43 
A D 1 16 
J N 5 1741 42 2 2305 144 1 79 
K 0 0 43 
A D 1 16 
J N 5 1769 21 2 3457 144 1 79 
K 0 0 43 
A D 1 16 
J N 5 1797 56 2 4609 144 1 79 
K 0 0 43 
A D 1 16 
J N 5 1825 42 2 5761 144 1 79 
K 0 0 43 
A D 1 16 
H 79 B 42 1 108 6 22 11 11 11 11 33 
J B 98 1857 1 82 6913 144 0 
J N 7 1878 70 7 1 0 0 
K 1 0 45 
K 0 0 43 
K -1 0 45 
K 2 0 45 
K 0 0 59 
K 0 -21 59 
A D 4 16 
J R 6 1990 28 2 4609 576 0 
K 0 0 49 
A D 2 16 
J B 99 2050 1 82 6913 288 0 
E * 
L 160 0 0 313 313 * 0 14 0 
J C 4 5 42 2 6913 0 0 
K 0 0 33 
K 0 0 34 
J K -1 57 0 1 6913 0 0 
K 0 28 65 
J D 0 -11 -14 1 6913 0 0 
W 0 0 0 \08\06 
J N 6 113 21 2 1 0 1 83 
K 0 0 43 
A D 2 16 
J N 6 145 7 2 2305 288 1 83 
K 0 0 43 
A D 2 16 
J N 6 177 -14 5 4609 288 2 84 83 
K 0 0 45 
K 0 0 43 
K -1 0 45 
K 2 0 45 
A D 2 16 
H 83 B -40 -8 108 3 2 1 3 
J B 87 227 1 82 6913 288 0 
J N 6 248 -14 5 1 0 2 85 84 
K 0 0 45 
K 0 0 43 
K -1 0 45 
K 2 0 45 
A D 2 16 
H 84 T -14 0 0 0 0 0 5 0 
J N 6 287 14 2 2305 288 1 85 
K 0 0 43 
A D 2 16 
J N 6 343 -7 2 4609 288 2 86 85 
K 0 0 43 
A D 2 16 
H 85 B -74 0 108 3 2 1 3 
J B 88 403 1 82 6913 288 0 
J N 6 424 -7 2 1 0 2 87 86 
K 0 0 43 
A D 2 16 
H 86 T -7 0 0 0 0 0 1 0 
J N 6 463 21 2 2305 288 1 87 
K 0 0 43 
A D 2 16 
J N 6 502 0 2 4609 288 2 88 87 
K 0 0 43 
A D 2 16 
H 87 B -70 0 108 3 2 1 3 
J B 89 544 1 82 6913 288 0 
J N 6 565 0 3 1 0 1 88 
K 0 0 43 
K 0 0 54 
A D 2 16 
H 88 T 0 0 0 0 0 0 5 0 
J N 7 597 7 4 2305 288 0 
K 0 0 43 
K 0 0 60 
K 0 21 60 
A D 4 16 
J B 90 679 1 82 6913 576 0 
J R 6 700 28 2 1 0 0 
K 0 0 49 
A D 2 16 
J N 6 731 -14 5 2305 288 1 89 
K 0 0 45 
K 0 0 43 
K -1 0 45 
K 2 0 45 
A D 2 16 
J N 6 762 0 2 4609 288 1 89 
K 0 0 43 
A D 2 16 
H 89 B -57 4 108 2 2 3 
J B 91 811 1 82 6913 288 0 
J N 6 834 -7 2 1 0 1 90 
K 0 0 43 
A D 2 16 
J N 6 872 21 2 2305 288 1 90 
K 0 0 43 
A D 2 16 
J N 6 910 7 2 4609 288 1 90 
K 0 0 43 
A D 2 16 
H 90 B -70 0 108 3 2 1 3 
J B 92 951 1 82 6913 288 0 
J N 6 972 35 2 1 0 1 91 
K 0 0 43 
A D 2 16 
J N 5 1010 14 2 2305 288 2 92 91 
K 0 0 43 
A D 1 16 
J N 5 1038 21 2 3457 144 1 91 
K 0 0 43 
A D 1 16 
J N 6 1066 14 2 4609 144 2 91 92 
K 0 0 43 
A D 2 16 
H 91 B -45 -4 108 4 2 21 31 3 
H 92 S 0 0 0 0 0 0 0 0 0 
J B 93 1126 1 82 6913 288 0 
J R 6 1147 28 2 1 0 0 
K 0 0 49 
A D 2 16 
J N 6 1178 42 2 2305 288 1 93 
K 0 0 43 
A D 2 16 
J N 6 1209 -7 2 4609 288 2 94 93 
K 0 0 43 
A D 2 16 
H 93 B -35 -4 108 2 2 3 
J B 94 1258 1 82 6913 288 0 
J N 6 1279 -7 2 1 0 2 95 94 
K 0 0 43 
A D 2 16 
H 94 T -7 0 0 0 0 0 1 0 
J N 6 1310 21 2 2305 288 1 95 
K 0 0 43 
A D 2 16 
J N 6 1341 0 2 4609 288 1 95 
K 0 0 43 
A D 2 16 
H 95 B -70 0 108 3 2 1 3 
J B 95 1390 1 82 6913 288 0 
J N 6 1413 14 2 1 0 2 96 97 
K 0 0 43 
A D 2 16 
J N 6 1454 28 3 2305 288 2 97 96 
K -14 0 64 
K 0 0 43 
A D 2 16 
H 96 S 0 0 0 0 0 0 0 0 0 
J N 6 1492 21 2 4609 288 2 98 97 
K 0 0 43 
A D 2 16 
H 97 B -56 0 108 3 2 1 3 
J B 96 1533 1 82 6913 288 0 
J N 6 1554 21 3 1 0 1 98 
K 0 0 43 
K 0 0 54 
A D 2 16 
H 98 T 21 0 0 0 0 0 1 0 
J N 7 1595 28 5 2305 288 0 
K -14 0 64 
K 0 0 43 
K 0 0 60 
K 0 21 60 
A D 4 16 
J B 97 1664 1 82 6913 576 0 
J N 7 1685 21 4 1 0 0 
K 0 0 43 
K 0 0 60 
K 0 21 60 
A D 4 16 
J R 6 1797 28 2 4609 576 0 
K 0 0 49 
A D 2 16 
J B 98 1857 1 82 6913 288 0 
J N 5 1878 42 2 1 0 1 99 
K 0 0 43 
A D 1 16 
J N 5 1906 21 2 1153 144 1 99 
K 0 0 43 
A D 1 16 
J N 5 1934 42 2 2305 144 1 99 
K 0 0 43 
A D 1 16 
J N 5 1962 56 2 3457 144 1 99 
K 0 0 43 
A D 1 16 
J N 5 1990 42 2 4609 144 1 99 
K 0 0 43 
A D 1 16 
J N 5 2018 21 2 5761 144 1 99 
K 0 0 43 
A D 1 16 
H 99 B 70 -1 108 6 22 11 11 11 11 33 
J B 99 2050 1 82 6913 144 0 
E * 
L 320 0 0 313 313 * 0 14 0 
J C 22 5 14 36 6913 0 0 
J K -1 57 0 1 6913 0 0 
K 0 42 65 
J D 0 -11 -14 1 6913 0 0 
W 0 0 0 \08\06 
J N 6 113 35 2 1 0 1 60 
K 0 0 43 
A D 2 16 
J F 0 145 98 1 2305 288 0 
K 0 0 205 
J N 6 145 -14 5 2305 0 1 60 
K 0 0 45 
K 0 0 43 
K -1 0 45 
K 2 0 45 
A D 2 16 
J N 6 177 0 2 4609 288 1 60 
K 0 0 43 
A D 2 16 
H 60 B -40 -8 108 3 2 1 3 
J B 87 227 1 82 6913 288 0 
J F 0 248 98 1 1 0 0 
K 0 0 206 
J N 6 248 -7 2 1 0 1 61 
K 0 0 43 
A D 2 16 
J F 0 287 98 1 2305 288 0 
K 0 0 205 
J N 6 287 42 2 2305 0 1 61 
K 0 0 43 
A D 2 16 
J N 6 343 -7 2 4609 288 1 61 
K 0 0 43 
A D 2 16 
H 61 B -84 0 108 3 2 1 3 
J B 88 403 1 82 6913 288 0 
J F 0 424 105 1 1 0 0 
K 0 0 206 
J N 6 424 0 2 1 0 1 62 
K 0 0 43 
A D 2 16 
J F 0 463 105 1 2305 288 0 
K 0 0 205 
J N 6 463 49 2 2305 0 1 62 
K 0 0 43 
A D 2 16 
J N 6 502 0 2 4609 288 1 62 
K 0 0 43 
A D 2 16 
H 62 B -84 0 108 3 2 1 3 
J B 89 544 1 82 6913 288 0 
J F 0 565 98 1 1 0 0 
K 0 0 206 
J N 6 565 7 2 1 0 1 63 
K 0 0 43 
A D 2 16 
J F 0 597 98 1 2305 288 0 
K 0 0 205 
J N 6 597 -14 5 2305 0 1 63 
K 0 0 45 
K 0 0 43 
K -1 0 45 
K 2 0 45 
A D 2 16 
J N 6 629 35 2 4609 288 1 63 
K 0 0 43 
A D 2 16 
H 63 B -51 8 108 3 2 1 3 
J B 90 679 1 82 6913 288 0 
J N 6 700 14 3 1 0 0 
K 0 0 43 
K 0 0 54 
A D 2 16 
J F 0 731 98 1 2305 288 0 
K 0 0 204 
J N 7 731 -35 9 2305 0 1 64 
K 0 21 45 
K 0 7 45 
K 0 0 43 
K 0 7 45 
K 1 7 45 
K 0 0 60 
K 0 28 60 
K 0 35 60 
A D 4 16 
J B 91 811 1 82 6913 576 0 
J F 0 834 98 3 1 0 0 
K 0 0 203 
K 15 0 218 
K 0 21 201 
J N 6 834 -35 6 1 0 2 65 64 
K 0 21 45 
K 0 7 45 
K 0 0 43 
K 0 7 45 
K 1 7 45 
A D 2 16 
H 64 T -35 0 0 0 0 0 1 0 
J F 0 872 98 1 2305 288 0 
K 0 0 205 
J N 6 872 -28 6 2305 0 1 65 
K 0 14 45 
K 0 0 45 
K 0 0 43 
K -1 0 45 
K 2 0 45 
A D 2 16 
J N 6 910 -14 5 4609 288 1 65 
K 0 0 45 
K 0 0 43 
K -1 0 45 
K 2 0 45 
A D 2 16 
H 65 B -63 1 108 3 2 1 3 
J B 92 951 1 82 6913 288 0 
J F 0 972 98 1 1 0 0 
K 0 0 208 
J N 6 972 -21 5 1 0 1 66 
K 0 7 45 
K 0 0 43 
K 0 7 45 
K 1 7 45 
A D 2 16 
J F 0 1010 98 1 2305 288 0 
K 0 0 204 
J N 6 1010 -7 3 2305 0 1 66 
K -14 0 64 
K 0 0 43 
A D 2 16 
J N 6 1066 7 2 4609 288 1 66 
K 0 0 43 
A D 2 16 
H 66 B -66 5 108 3 2 1 3 
J B 93 1126 1 82 6913 288 0 
J F 0 1147 98 1 1 0 0 
K 0 0 208 
J N 6 1147 -14 5 1 0 1 67 
K 0 0 45 
K 0 0 43 
K -1 0 45 
K 2 0 45 
A D 2 16 
J F 0 1178 98 1 2305 288 0 
K 0 0 205 
J N 6 1178 21 2 2305 0 1 67 
K 0 0 43 
A D 2 16 
J N 6 1209 35 2 4609 288 1 67 
K 0 0 43 
A D 2 16 
H 67 B -72 9 108 3 2 1 3 
J B 94 1258 1 82 6913 288 0 
J F 0 1279 98 1 1 0 0 
K 0 0 208 
J N 6 1279 14 2 1 0 1 68 
K 0 0 43 
A D 2 16 
J F 0 1310 98 1 2305 288 0 
K 0 0 205 
J N 6 1310 0 2 2305 0 1 68 
K 0 0 43 
A D 2 16 
J N 6 1341 14 2 4609 288 1 68 
K 0 0 43 
A D 2 16 
H 68 B -46 0 108 3 2 1 3 
J B 95 1390 1 82 6913 288 0 
J F 0 1413 98 1 1 0 0 
K 0 0 218 
J N 6 1413 7 2 1 0 1 69 
K 0 0 43 
A D 2 16 
J N 6 1454 14 2 2305 288 1 69 
K 0 0 43 
A D 2 16 
J N 6 1492 21 2 4609 288 1 69 
K 0 0 43 
A D 2 16 
H 69 B -51 2 108 3 2 1 3 
J B 96 1533 1 82 6913 288 0 
J F 0 1554 98 2 1 0 0 
K 0 0 205 
K 0 21 204 
J N 6 1554 14 2 1 0 1 70 
K 0 0 43 
A D 2 16 
J F 0 1595 98 1 2305 288 0 
K 0 21 218 
J N 6 1595 7 2 2305 0 1 70 
K 0 0 43 
A D 2 16 
J N 6 1626 56 2 4609 288 1 70 
K 0 0 43 
A D 2 16 
H 70 B -63 9 108 3 2 1 3 
J B 97 1664 1 82 6913 288 0 
J N 7 1685 35 4 1 0 0 
K 0 0 43 
K 0 0 59 
K 0 -21 59 
A D 4 16 
J R 6 1797 28 2 4609 576 0 
K 0 0 49 
A D 2 16 
J B 98 1857 1 82 6913 288 0 
J F 0 1878 98 1 1 0 0 
K 0 0 205 
J N 6 1878 21 2 1 0 1 71 
K 0 0 43 
A D 2 16 
J N 6 1934 21 2 2305 288 1 71 
K 0 0 43 
A D 2 16 
J N 6 1990 21 2 4609 288 1 71 
K 0 0 43 
A D 2 16 
H 71 B -42 0 108 3 2 1 3 
J B 99 2050 1 82 6913 288 0 
E * 
L 530 0 0 313 313 * 0 14 0 
J C 4 5 42 2 6913 0 0 
K 0 0 33 
K 0 0 34 
J K -1 57 0 1 6913 0 0 
K 0 28 65 
J D 0 -11 -14 1 6913 0 0 
W 0 0 0 \08\06 
J R 9 145 28 2 1 10000 0 
K 0 0 46 
A D 6 16 
J B 87 227 1 82 6913 864 0 
J R 9 301 28 2 1 10000 0 
K 0 0 46 
A D 6 16 
J B 88 403 1 82 6913 864 0 
J R 9 459 28 2 1 10000 0 
K 0 0 46 
A D 6 16 
J B 89 544 1 82 6913 864 0 
J R 9 597 28 2 1 10000 0 
K 0 0 46 
A D 6 16 
J B 90 679 1 82 6913 864 0 
J R 9 731 28 2 1 10000 0 
K 0 0 46 
A D 6 16 
J B 91 811 1 82 6913 864 0 
J R 9 867 28 2 1 10000 0 
K 0 0 46 
A D 6 16 
J B 92 951 1 82 6913 864 0 
J R 9 1024 28 2 1 10000 0 
K 0 0 46 
A D 6 16 
J B 93 1126 1 82 6913 864 0 
J R 9 1178 28 2 1 10000 0 
K 0 0 46 
A D 6 16 
J B 94 1258 1 82 6913 864 0 
J R 9 1310 28 2 1 10000 0 
K 0 0 46 
A D 6 16 
J B 95 1390 1 82 6913 864 0 
J R 9 1447 28 2 1 10000 0 
K 0 0 46 
A D 6 16 
J B 96 1533 1 82 6913 864 0 
J R 9 1584 28 2 1 10000 0 
K 0 0 46 
A D 6 16 
J B 97 1664 1 82 6913 864 0 
J N 5 1685 21 2 1 0 1 53 
K 0 0 43 
A D 1 16 
J N 5 1713 56 2 1153 144 1 53 
K 0 0 43 
A D 1 16 
J N 5 1741 42 2 2305 144 1 53 
K 0 0 43 
A D 1 16 
J N 5 1769 21 2 3457 144 1 53 
K 0 0 43 
A D 1 16 
J N 5 1797 56 2 4609 144 1 53 
K 0 0 43 
A D 1 16 
J N 5 1825 42 2 5761 144 1 53 
K 0 0 43 
A D 1 16 
H 53 B 42 1 108 6 22 11 11 11 11 33 
J B 98 1857 1 82 6913 144 0 
J N 7 1878 70 7 1 0 0 
K 1 0 45 
K 0 0 43 
K -1 0 45 
K 2 0 45 
K 0 0 59 
K 0 -21 59 
A D 4 16 
J R 6 1990 28 2 4609 576 0 
K 0 0 49 
A D 2 16 
J B 99 2050 1 82 6913 288 0 
E * 
L 690 0 0 313 313 * 0 14 0 
J C 4 5 42 2 6913 0 0 
K 0 0 33 
K 0 0 34 
J K -1 57 0 1 6913 0 0 
K 0 28 65 
J D 0 -11 -14 1 6913 0 0 
W 0 0 0 \08\06 
J R 9 145 28 2 1 10000 0 
K 0 0 46 
A D 6 16 
J B 87 227 1 82 6913 864 0 
J R 9 301 28 2 1 10000 0 
K 0 0 46 
A D 6 16 
J B 88 403 1 82 6913 864 0 
J R 9 459 28 2 1 10000 0 
K 0 0 46 
A D 6 16 
J B 89 544 1 82 6913 864 0 
J R 9 597 28 2 1 10000 0 
K 0 0 46 
A D 6 16 
J B 90 679 1 82 6913 864 0 
J R 9 731 28 2 1 10000 0 
K 0 0 46 
A D 6 16 
J B 91 811 1 82 6913 864 0 
J R 9 867 28 2 1 10000 0 
K 0 0 46 
A D 6 16 
J B 92 951 1 82 6913 864 0 
J R 9 1024 28 2 1 10000 0 
K 0 0 46 
A D 6 16 
J B 93 1126 1 82 6913 864 0 
J R 9 1178 28 2 1 10000 0 
K 0 0 46 
A D 6 16 
J B 94 1258 1 82 6913 864 0 
J R 9 1310 28 2 1 10000 0 
K 0 0 46 
A D 6 16 
J B 95 1390 1 82 6913 864 0 
J R 9 1447 28 2 1 10000 0 
K 0 0 46 
A D 6 16 
J B 96 1533 1 82 6913 864 0 
J R 9 1584 28 2 1 10000 0 
K 0 0 46 
A D 6 16 
J B 97 1664 1 82 6913 864 0 
J N 7 1685 56 4 1 0 0 
K 0 0 43 
K 0 0 59 
K 0 -21 59 
A D 4 16 
J R 6 1797 28 2 4609 576 0 
K 0 0 49 
A D 2 16 
J B 98 1857 1 82 6913 288 0 
J N 5 1878 42 2 1 0 1 44 
K 0 0 43 
A D 1 16 
J N 5 1906 21 2 1153 144 1 44 
K 0 0 43 
A D 1 16 
J N 5 1934 42 2 2305 144 1 44 
K 0 0 43 
A D 1 16 
J N 5 1962 56 2 3457 144 1 44 
K 0 0 43 
A D 1 16 
J N 5 1990 42 2 4609 144 1 44 
K 0 0 43 
A D 1 16 
J N 5 2018 21 2 5761 144 1 44 
K 0 0 43 
A D 1 16 
H 44 B 70 -1 108 6 22 11 11 11 11 33 
J B 99 2050 1 82 6913 144 0 
E * 
L 850 0 0 313 313 * 0 14 0 
J C 13 5 28 35 6913 0 0 
J K -1 57 0 1 6913 0 0 
K 0 35 65 
J D 0 -11 -14 1 6913 0 0 
W 0 0 0 \08\06 
J R 9 145 28 2 1 10000 0 
K 0 0 46 
A D 6 16 
J B 87 227 1 82 6913 864 0 
J R 9 301 28 2 1 10000 0 
K 0 0 46 
A D 6 16 
J B 88 403 1 82 6913 864 0 
J R 9 459 28 2 1 10000 0 
K 0 0 46 
A D 6 16 
J B 89 544 1 82 6913 864 0 
J R 9 597 28 2 1 10000 0 
K 0 0 46 
A D 6 16 
J B 90 679 1 82 6913 864 0 
J R 9 731 28 2 1 10000 0 
K 0 0 46 
A D 6 16 
J B 91 811 1 82 6913 864 0 
J R 9 867 28 2 1 10000 0 
K 0 0 46 
A D 6 16 
J B 92 951 1 82 6913 864 0 
J R 9 1024 28 2 1 10000 0 
K 0 0 46 
A D 6 16 
J B 93 1126 1 82 6913 864 0 
J R 9 1178 28 2 1 10000 0 
K 0 0 46 
A D 6 16 
J B 94 1258 1 82 6913 864 0 
J R 9 1310 28 2 1 10000 0 
K 0 0 46 
A D 6 16 
J B 95 1390 1 82 6913 864 0 
J R 9 1447 28 2 1 10000 0 
K 0 0 46 
A D 6 16 
J B 96 1533 1 82 6913 864 0 
J R 9 1584 28 2 1 10000 0 
K 0 0 46 
A D 6 16 
J B 97 1664 1 82 6913 864 0 
J N 7 1685 0 4 1 0 0 
K 0 0 43 
K 0 0 60 
K 0 21 60 
A D 4 16 
J R 6 1797 28 2 4609 576 0 
K 0 0 49 
A D 2 16 
J B 98 1857 1 82 6913 288 0 
J N 6 1878 28 2 1 0 1 28 
K 0 0 43 
A D 2 16 
J N 6 1934 28 2 2305 288 1 28 
K 0 0 43 
A D 2 16 
J N 6 1990 28 2 4609 288 1 28 
K 0 0 43 
A D 2 16 
H 28 B -42 0 108 3 2 1 3 
J B 99 2050 1 82 6913 288 0 
E * 
L 1010 0 0 313 313 * 0 14 0 
J C 22 5 14 36 6913 0 0 
J K -1 57 0 1 6913 0 0 
K 0 42 65 
J D 0 -11 -14 1 6913 0 0 
W 0 0 0 \08\06 
J R 9 145 28 2 1 10000 0 
K 0 0 46 
A D 3 8 
J B 87 227 1 82 6913 864 0 
J R 9 301 28 2 1 10000 0 
K 0 0 46 
A D 3 8 
J B 88 403 1 82 6913 864 0 
J R 9 459 28 2 1 10000 0 
K 0 0 46 
A D 3 8 
J B 89 544 1 82 6913 864 0 
J R 9 597 28 2 1 10000 0 
K 0 0 46 
A D 3 8 
J B 90 679 1 82 6913 864 0 
J R 9 731 28 2 1 10000 0 
K 0 0 46 
A D 3 8 
J B 91 811 1 82 6913 864 0 
J R 9 867 28 2 1 10000 0 
K 0 0 46 
A D 3 8 
J B 92 951 1 82 6913 864 0 
J R 9 1024 28 2 1 10000 0 
K 0 0 46 
A D 3 8 
J B 93 1126 1 82 6913 864 0 
J R 9 1178 28 2 1 10000 0 
K 0 0 46 
A D 3 8 
J B 94 1258 1 82 6913 864 0 
J R 9 1310 28 2 1 10000 0 
K 0 0 46 
A D 3 8 
J B 95 1390 1 82 6913 864 0 
J R 9 1447 28 2 1 10000 0 
K 0 0 46 
A D 3 8 
J B 96 1533 1 82 6913 864 0 
J R 9 1584 28 2 1 10000 0 
K 0 0 46 
A D 3 8 
J B 97 1664 1 82 6913 864 0 
J N 7 1685 35 4 1 0 0 
K 0 0 43 
K 0 0 59 
K 0 -21 59 
A D 2 8 
J R 6 1797 28 2 4609 576 0 
K 0 0 49 
A D 1 8 
J B 98 1857 1 82 6913 288 0 
J F 0 1878 98 1 1 0 0 
K 0 0 205 
J N 6 1878 21 2 1 0 1 29 
K 0 0 43 
A D 1 8 
J N 6 1934 21 2 2305 288 1 29 
K 0 0 43 
A D 1 8 
J N 6 1990 21 2 4609 288 1 29 
K 0 0 43 
A D 1 8 
H 29 B -42 0 108 3 2 1 3 
J B 99 2050 1 82 6913 288 0 
E * 
B 1 227 0 
B 1 403 0 
B 1 544 0 
B 1 679 0 
B 1 811 0 
B 1 951 0 
B 1 1126 0 
B 1 1258 0 
B 1 1390 0 
B 1 1533 0 
B 1 1664 0 
B 1 1857 0 
B 1 2050 0 
