@ SOURCE: not identified 
L 0 0 14 !39Violoncello
J D 4 500 -120 1 6913 0 0
W 0 0 44 
J D 1 75 -37 1 6913 0 0
W 0 -56 44 :  Violoncello
J C 22 5 14 36 6913 0 0
J K 2 57 0 2 6913 0 0
K 0 14 63
K 15 35 63
J D 5 103 -42 1 6913 0 0
W 0 0 37 Vivace
J T 304 112 0 2 6913 0 0
K -10 28 74
K -10 56 75
J N 6 151 -21 5 1 0 1 1
K 0 7 45
K 0 0 43
K 0 7 45
K 1 7 45
A D 1 8
J N 6 180 -14 5 1153 288 1 1
K 0 0 45
K 0 0 43
K -1 0 45
K 2 0 45
A D 1 8
J N 6 209 -21 5 2305 288 1 1
K 0 7 45
K 0 0 43
K 0 7 45
K 1 7 45
A D 1 8
J N 6 238 -28 6 3457 288 1 1
K 0 14 45
K 0 0 45
K 0 0 43
K -1 0 45
K 2 0 45
A D 1 8
J N 6 267 -35 6 4609 288 1 1
K 0 21 45
K 0 7 45
K 0 0 43
K 0 7 45
K 1 7 45
A D 1 8
J N 6 296 -21 5 5761 288 1 1
K 0 7 45
K 0 0 43
K 0 7 45
K 1 7 45
A D 1 8
H 1 B 1 0 108 6 2 1 1 1 1 3
J B 2 329 1 82 6913 288 0
J F 0 350 98 1 1 0 0
K 0 0 205
J N 6 350 -14 5 1 0 1 2
K 0 0 45
K 0 0 43
K -1 0 45
K 2 0 45
A D 1 8
J N 6 379 -7 2 1153 288 1 2
K 0 0 43
A D 1 8
J N 6 408 -14 5 2305 288 1 2
K 0 0 45
K 0 0 43
K -1 0 45
K 2 0 45
A D 1 8
J N 6 437 -21 5 3457 288 1 2
K 0 7 45
K 0 0 43
K 0 7 45
K 1 7 45
A D 1 8
J N 6 466 -28 6 4609 288 1 2
K 0 14 45
K 0 0 45
K 0 0 43
K -1 0 45
K 2 0 45
A D 1 8
J N 6 495 -14 5 5761 288 1 2
K 0 0 45
K 0 0 43
K -1 0 45
K 2 0 45
A D 1 8
H 2 B 1 0 108 6 2 1 1 1 1 3
J B 3 528 1 82 6913 288 0
J F 0 549 98 1 1 0 0
K 0 0 206
J N 6 549 -7 2 1 0 1 3
K 0 0 43
A D 1 8
J N 6 578 -14 5 1153 288 1 3
K 0 0 45
K 0 0 43
K -1 0 45
K 2 0 45
A D 1 8
J F 0 607 98 1 2305 288 0
K 0 0 216
J N 6 607 -7 2 2305 0 1 3
K 0 0 43
A D 1 8
J N 6 636 0 2 3457 288 1 3
K 0 0 43
A D 1 8
J N 6 680 7 3 4609 288 1 3
K -18 0 63
K 0 0 43
A D 1 8
J N 6 709 21 2 5761 288 1 3
K 0 0 43
A D 1 8
H 3 B 1 0 108 6 2 1 1 1 1 3
J B 4 742 1 82 6913 288 0
J N 6 763 0 2 1 0 1 4
K 0 0 43
A D 1 8
J N 6 807 7 3 1153 288 1 4
K -18 0 63
K 0 0 43
A D 1 8
J N 6 836 0 2 2305 288 1 4
K 0 0 43
A D 1 8
J N 6 865 -7 2 3457 288 1 4
K 0 0 43
A D 1 8
J N 6 894 -14 5 4609 288 1 4
K 0 0 45
K 0 0 43
K -1 0 45
K 2 0 45
A D 1 8
J N 6 923 0 2 5761 288 1 4
K 0 0 43
A D 1 8
H 4 B 1 0 108 6 2 1 1 1 1 3
J B 5 956 1 82 6913 288 0
J N 6 977 28 2 1 0 1 5
K 0 0 43
A D 1 8
J N 6 1006 35 2 1153 288 1 5
K 0 0 43
A D 1 8
J N 6 1035 28 2 2305 288 1 5
K 0 0 43
A D 1 8
J N 6 1064 21 2 3457 288 1 5
K 0 0 43
A D 1 8
J F 0 1093 98 1 4609 288 0
K 0 0 205
J N 6 1093 14 2 4609 0 1 5
K 0 0 43
A D 1 8
J N 6 1122 28 2 5761 288 1 5
K 0 0 43
A D 1 8
H 5 B 1 0 108 6 2 1 1 1 1 3
J B 6 1155 1 82 6913 288 0
J F 0 1176 98 1 1 0 0
K 0 0 205
J N 6 1176 35 2 1 0 1 6
K 0 0 43
A D 1 8
J N 6 1205 42 2 1153 288 1 6
K 0 0 43
A D 1 8
J N 6 1234 35 2 2305 288 1 6
K 0 0 43
A D 1 8
J N 6 1263 28 2 3457 288 1 6
K 0 0 43
A D 1 8
J N 6 1292 21 2 4609 288 1 6
K 0 0 43
A D 1 8
J N 6 1321 35 2 5761 288 1 6
K 0 0 43
A D 1 8
H 6 B 0 0 108 6 2 1 1 1 1 3
J B 7 1354 1 82 6913 288 0
J F 0 1375 98 2 1 0 0
K 0 0 205
K 0 21 204
J N 6 1375 28 2 1 0 1 7
K 0 0 43
A D 1 8
J N 6 1404 42 2 1153 288 1 7
K 0 0 43
A D 1 8
H 7 B 0 0 108 2 2 3
J F 0 1433 98 1 2305 288 0
K 0 0 203
J N 7 1433 21 4 2305 0 0
K 0 0 43
K 0 0 60
K 0 21 60
A D 2 8
J F 0 1471 98 1 4609 576 0
K 0 0 213
J N 7 1471 70 7 4609 0 0
K 1 0 45
K 0 0 43
K -1 0 45
K 2 0 45
K 0 0 59
K 0 -21 59
A D 2 8
J B 8 1513 1 82 6913 576 0
J N 8 1534 49 5 1 0 0
K 0 0 42
K 25 0 44
K 0 0 59
K 0 -21 59
A D 6 8
J B 9 1628 10 6 6913 1728 0
K -22 21 44
K -22 35 44
K -12 0 84
K 0 0 84
K 11 21 44
K 11 35 44
J F 0 1665 98 1 1 0 0
K 0 0 205
J N 6 1665 14 2 1 0 1 8
K 0 0 43
A D 1 8
J N 6 1694 21 2 1153 288 1 8
K 0 0 43
A D 1 8
J F 0 1723 98 2 2305 288 0
K 0 0 204
K 15 0 218
J N 6 1723 14 2 2305 0 1 8
K 0 0 43
A D 1 8
J N 6 1756 28 2 3457 288 1 8
K 0 0 43
A D 1 8
J N 6 1785 21 2 4609 288 1 8
K 0 0 43
A D 1 8
J N 6 1814 14 2 5761 288 1 8
K 0 0 43
A D 1 8
H 8 B 1 0 108 6 2 1 1 1 1 3
J B 10 1847 1 82 6913 288 0
J F 0 1868 98 1 1 0 0
K 0 0 203
J N 6 1868 7 2 1 0 1 9
K 0 0 43
A D 1 8
J N 6 1897 14 2 1153 288 1 9
K 0 0 43
A D 1 8
J F 0 1926 98 1 2305 288 0
K 0 0 202
J N 6 1926 7 2 2305 0 1 9
K 0 0 43
A D 1 8
J N 6 1955 0 2 3457 288 1 9
K 0 0 43
A D 1 8
J N 6 1984 -7 2 4609 288 1 9
K 0 0 43
A D 1 8
J N 6 2013 0 2 5761 288 1 9
K 0 0 43
A D 1 8
H 9 B 1 0 108 6 2 1 1 1 1 3
J B 11 2046 1 82 6913 288 0
J F 0 2071 98 1 1 0 0
K 0 0 205
J N 6 2071 7 3 1 0 1 10
K -18 0 63
K 0 0 43
A D 1 8
J N 6 2100 14 2 1153 288 1 10
K 0 0 43
A D 1 8
J F 0 2129 98 1 2305 288 0
K 0 0 204
J N 6 2129 7 2 2305 0 1 10
K 0 0 43
A D 1 8
J N 6 2158 21 2 3457 288 1 10
K 0 0 43
A D 1 8
J N 6 2187 14 2 4609 288 1 10
K 0 0 43
A D 1 8
J N 6 2216 7 2 5761 288 1 10
K 0 0 43
A D 1 8
H 10 B 1 0 108 6 2 1 1 1 1 3
J B 12 2249 1 82 6913 288 0
J F 0 2270 98 1 1 0 0
K 0 0 203
J N 6 2270 0 2 1 0 1 11
K 0 0 43
A D 1 8
J N 6 2314 7 3 1153 288 1 11
K -18 0 63
K 0 0 43
A D 1 8
J F 0 2343 98 1 2305 288 0
K 0 0 213
J N 6 2343 0 2 2305 0 1 11
K 0 0 43
A D 1 8
J N 6 2372 -7 2 3457 288 1 11
K 0 0 43
A D 1 8
J N 6 2401 -14 5 4609 288 1 11
K 0 0 45
K 0 0 43
K -1 0 45
K 2 0 45
A D 1 8
J N 6 2430 -7 2 5761 288 1 11
K 0 0 43
A D 1 8
H 11 B 1 0 108 6 2 1 1 1 1 3
J B 13 2463 1 82 6913 288 0
J F 0 2488 98 1 1 0 0
K 0 0 205
J N 6 2488 0 3 1 0 1 12
K -18 0 63
K 0 0 43
A D 1 8
J N 6 2532 7 3 1153 288 1 12
K -18 0 63
K 0 0 43
A D 1 8
J F 0 2561 98 1 2305 288 0
K 0 0 204
J N 6 2561 0 2 2305 0 1 12
K 0 0 43
A D 1 8
J N 6 2590 14 2 3457 288 1 12
K 0 0 43
A D 1 8
J N 6 2619 7 2 4609 288 1 12
K 0 0 43
A D 1 8
J N 6 2648 0 2 5761 288 1 12
K 0 0 43
A D 1 8
H 12 B 1 0 108 6 2 1 1 1 1 3
J B 14 2681 1 82 6913 288 0
J F 0 2702 98 1 1 0 0
K 0 0 203
J N 6 2702 -7 2 1 0 1 13
K 0 0 43
A D 1 8
J N 6 2746 0 3 1153 288 1 13
K -18 0 63
K 0 0 43
A D 1 8
J F 0 2775 98 1 2305 288 0
K 0 0 202
J N 6 2775 -7 2 2305 0 1 13
K 0 0 43
A D 1 8
J N 6 2804 -14 5 3457 288 1 13
K 0 0 45
K 0 0 43
K -1 0 45
K 2 0 45
A D 1 8
J N 6 2833 -21 5 4609 288 1 13
K 0 7 45
K 0 0 43
K 0 7 45
K 1 7 45
A D 1 8
J N 6 2862 14 2 5761 288 1 13
K 0 0 43
A D 1 8
H 13 B 1 0 108 6 2 1 1 1 1 3
J B 15 2895 1 82 6913 288 0
J N 7 2916 7 4 1 0 0
K 0 0 43
K 0 0 60
K 0 21 60
A D 2 8
J N 8 2954 56 4 2305 576 0
K 0 0 42
K 0 0 59
K 0 -21 59
A D 4 8
J B 16 3011 1 82 6913 1152 0
J N 7 3032 49 4 1 0 0
K 0 0 43
K 0 0 59
K 0 -21 59
A D 2 8
J N 7 3070 0 4 2305 576 0
K 0 0 43
K 0 0 60
K 0 21 60
A D 2 8
J N 7 3108 7 4 4609 576 0
K 0 0 43
K 0 0 60
K 0 21 60
A D 2 8
J B 17 3150 1 82 6913 576 0
J F 0 3171 98 1 1 0 0
K 0 0 205
J N 7 3171 14 4 1 0 0
K 0 0 43
K 0 0 60
K 0 21 60
A D 2 8
J N 7 3209 -21 7 2305 576 0
K 0 7 45
K 0 0 43
K 0 7 45
K 1 7 45
K 0 0 60
K 0 21 60
A D 2 8
J N 7 3247 14 4 4609 576 0
K 0 0 43
K 0 0 60
K 0 21 60
A D 2 8
J B 18 3289 1 82 6913 576 0
J F 0 3310 98 1 1 0 0
K 0 0 205
J N 7 3310 21 4 1 0 0
K 0 0 43
K 0 0 60
K 0 21 60
A D 2 8
J N 7 3348 -14 7 2305 576 0
K 0 0 45
K 0 0 43
K -1 0 45
K 2 0 45
K 0 0 60
K 0 21 60
A D 2 8
J N 7 3386 21 4 4609 576 0
K 0 0 43
K 0 0 60
K 0 21 60
A D 2 8
J B 19 3428 1 82 6913 576 0
J N 8 3449 28 5 1 0 0
K 0 0 42
K 24 -6 44
K 0 0 60
K 0 21 60
A D 6 8
J B 20 3521 1 82 6913 1728 0
J N 7 3542 -21 7 1 0 0
K 0 7 45
K 0 0 43
K 0 7 45
K 1 7 45
K 0 0 60
K 0 21 60
A D 2 8
J N 7 3580 28 4 2305 576 0
K 0 0 43
K 0 0 60
K 0 21 60
A D 2 8
J R 7 3618 28 2 4609 576 0
K 0 0 48
A D 2 8
J B 21 3660 1 82 6913 576 0
J N 7 3681 -21 8 1 0 0
K 0 7 45
K 0 0 43
K 0 7 45
K 1 7 45
K 0 98 108
K 0 0 60
K 0 21 60
A D 2 8
J N 7 3719 28 4 2305 576 0
K 0 0 43
K 0 0 60
K 0 21 60
A D 2 8
J R 7 3757 28 2 4609 576 0
K 0 0 48
A D 2 8
J B 22 3799 1 82 6913 576 0
J N 7 3820 28 6 1 0 0
K 0 0 43
K 24 -6 44
K 0 77 110
K 0 0 60
K 0 21 60
A D 3 8
J N 6 3866 21 3 3457 864 0
K 0 0 43
K 0 0 54
A D 1 8
J F 0 3895 98 1 4609 288 0
K 0 0 205
J N 7 3895 14 4 4609 0 0
K 0 0 43
K 0 0 60
K 0 21 60
A D 2 8
J B 23 3937 1 82 6913 576 0
J F 0 3958 98 2 1 0 0
K 0 0 206
K 0 21 204
J N 7 3958 7 4 1 0 0
K 0 0 43
K 0 0 60
K 0 21 60
A D 2 8
J F 0 3996 98 1 2305 576 0
K 0 0 203
J N 7 3996 0 4 2305 0 0
K 0 0 43
K 0 0 60
K 0 21 60
A D 2 8
J F 0 4034 98 1 4609 576 0
K 0 0 202
J N 7 4034 49 4 4609 0 0
K 0 0 43
K 0 0 59
K 0 -21 59
A D 2 8
J B 24 4076 1 82 6913 576 0
J N 8 4097 28 5 1 0 0
K 0 0 42
K 24 -6 44
K 0 0 60
K 0 21 60
A D 6 8
J B 25 4192 6 4 6913 1728 0
K -23 21 44
K -23 35 44
K -13 0 82
K -6 0 84
J N 7 4213 28 6 1 0 0
K 0 0 43
K 24 -6 44
K 0 70 108
K 0 0 60
K 0 21 60
A D 3 8
J N 6 4259 21 3 3457 864 0
K 0 0 43
K 0 0 54
A D 1 8
J F 0 4288 98 1 4609 288 0
K 0 0 205
J N 7 4288 14 4 4609 0 0
K 0 0 43
K 0 0 60
K 0 21 60
A D 2 8
J B 26 4330 1 82 6913 576 0
J F 0 4351 98 2 1 0 0
K 0 0 206
K 0 21 204
J N 7 4351 56 4 1 0 0
K 0 0 43
K 0 0 59
K 0 -21 59
A D 2 8
J F 0 4389 98 1 2305 576 0
K 0 0 203
J N 8 4389 49 4 2305 0 0
K 0 0 42
K 0 0 59
K 0 -21 59
A D 4 8
J F 0 4427 98 1 4609 576 0
K 0 0 202
J B 27 4469 1 82 6913 576 0
J N 8 4490 77 8 1 0 0
K 1 -7 45
K 0 0 42
K 0 -7 45
K 1 -7 45
K 25 0 44
K 0 0 59
K 0 -21 59
A D 6 8
J B 0 4575 6 2 6913 1728 0
K -13 0 82
K -6 0 84
J M 0 4575 0 0 10000 0 0
