@ SOURCE: not identified 
L 0 0 14 !39Basso
J D 4 500 -120 1 6913 0 0
W 0 0 44 
J D 1 75 -37 1 6913 0 0
W 0 -56 44 :  Basso
J C 22 5 14 36 6913 0 0
J K 2 57 0 2 6913 0 0
K 0 14 63
K 15 35 63
J D 5 103 -42 1 6913 0 0
W 0 0 37 Vivac3
J T 304 112 0 2 6913 0 0
K -10 28 74
K -10 56 75
J R 9 154 28 2 1 10000 0
K 0 0 46
A D 6 8
J B 2 259 1 82 6913 1728 0
J R 9 280 28 2 1 10000 0
K 0 0 46
A D 6 8
J B 3 385 1 82 6913 1728 0
J R 9 406 28 2 1 10000 0
K 0 0 46
A D 6 8
J B 4 511 1 82 6913 1728 0
J R 9 532 28 2 1 10000 0
K 0 0 46
A D 6 8
J B 5 637 1 82 6913 1728 0
J N 6 658 28 2 1 0 1 1
K 0 0 43
A D 1 8
J N 6 687 35 2 1153 288 1 1
K 0 0 43
A D 1 8
J N 6 716 28 2 2305 288 1 1
K 0 0 43
A D 1 8
J N 6 745 21 2 3457 288 1 1
K 0 0 43
A D 1 8
J F 0 774 98 1 4609 288 0
K 0 0 205
J N 6 774 14 2 4609 0 1 1
K 0 0 43
A D 1 8
J N 6 803 28 2 5761 288 1 1
K 0 0 43
A D 1 8
H 1 B 1 0 108 6 2 1 1 1 1 3
J B 6 836 1 82 6913 288 0
J F 0 857 98 1 1 0 0
K 0 0 205
J N 6 857 35 2 1 0 1 2
K 0 0 43
A D 1 8
J N 6 886 42 2 1153 288 1 2
K 0 0 43
A D 1 8
J N 6 915 35 2 2305 288 1 2
K 0 0 43
A D 1 8
J N 6 944 28 2 3457 288 1 2
K 0 0 43
A D 1 8
J N 6 973 21 2 4609 288 1 2
K 0 0 43
A D 1 8
J N 6 1002 35 2 5761 288 1 2
K 0 0 43
A D 1 8
H 2 B 0 0 108 6 2 1 1 1 1 3
J B 7 1035 1 82 6913 288 0
J F 0 1056 98 2 1 0 0
K 0 0 205
K 0 21 204
J N 6 1056 28 2 1 0 1 3
K 0 0 43
A D 1 8
J N 6 1085 42 2 1153 288 1 3
K 0 0 43
A D 1 8
H 3 B 0 0 108 2 2 3
J F 0 1114 98 1 2305 288 0
K 0 0 203
J N 7 1114 21 4 2305 0 0
K 0 0 43
K 0 0 60
K 0 21 60
A D 2 8
J F 0 1152 98 1 4609 576 0
K 0 0 213
J N 7 1152 70 7 4609 0 0
K 1 0 45
K 0 0 43
K -1 0 45
K 2 0 45
K 0 0 59
K 0 -21 59
A D 2 8
J B 8 1194 1 82 6913 576 0
J N 8 1215 49 5 1 0 0
K 0 0 42
K 25 0 44
K 0 0 59
K 0 -21 59
A D 6 8
J B 9 1309 10 6 6913 1728 0
K -22 21 44
K -22 35 44
K -12 0 84
K 0 0 84
K 11 21 44
K 11 35 44
J R 9 1346 28 2 1 10000 0
K 0 0 46
A D 6 8
J B 10 1451 1 82 6913 1728 0
J F 0 1472 98 2 1 0 0
K 0 0 203
K 15 0 218
J N 7 1472 7 4 1 0 0
K 0 0 43
K 0 0 60
K 0 21 60
A D 2 8
J F 0 1510 98 1 2305 576 0
K 0 0 202
J N 8 1510 56 4 2305 0 0
K 0 0 42
K 0 0 59
K 0 -21 59
A D 4 8
J B 11 1567 1 82 6913 1152 0
J R 9 1588 28 2 1 10000 0
K 0 0 46
A D 6 8
J B 12 1693 1 82 6913 1728 0
J F 0 1714 98 1 1 0 0
K 0 0 203
J N 7 1714 0 4 1 0 0
K 0 0 43
K 0 0 60
K 0 21 60
A D 2 8
J F 0 1752 98 1 2305 576 0
K 0 0 202
J N 8 1752 49 4 2305 0 0
K 0 0 42
K 0 0 59
K 0 -21 59
A D 4 8
J B 13 1809 1 82 6913 1152 0
J R 9 1830 28 2 1 10000 0
K 0 0 46
A D 6 8
J B 14 1935 1 82 6913 1728 0
J F 0 1956 98 1 1 0 0
K 0 0 203
J N 7 1956 -7 4 1 0 0
K 0 0 43
K 0 0 60
K 0 21 60
A D 2 8
J F 0 1994 98 1 2305 576 0
K 0 0 202
J N 8 1994 42 4 2305 0 0
K 0 0 42
K 0 0 59
K 0 -21 59
A D 4 8
J B 15 2051 1 82 6913 1152 0
J R 9 2072 28 2 1 10000 0
K 0 0 46
A D 6 8
J B 16 2177 1 82 6913 1728 0
J N 7 2198 0 4 1 0 0
K 0 0 43
K 0 0 60
K 0 21 60
A D 2 8
J N 7 2236 49 4 2305 576 0
K 0 0 43
K 0 0 59
K 0 -21 59
A D 2 8
J R 7 2274 28 2 4609 576 0
K 0 0 48
A D 2 8
J B 17 2316 1 82 6913 576 0
J F 0 2337 98 1 1 0 0
K 0 0 205
J N 7 2337 14 4 1 0 0
K 0 0 43
K 0 0 60
K 0 21 60
A D 2 8
J N 7 2375 63 4 2305 576 0
K 0 0 43
K 0 0 59
K 0 -21 59
A D 2 8
J R 7 2413 28 2 4609 576 0
K 0 0 48
A D 2 8
J B 18 2455 1 82 6913 576 0
J F 0 2476 98 1 1 0 0
K 0 0 205
J N 7 2476 21 4 1 0 0
K 0 0 43
K 0 0 60
K 0 21 60
A D 2 8
J N 7 2514 70 7 2305 576 0
K 1 0 45
K 0 0 43
K -1 0 45
K 2 0 45
K 0 0 59
K 0 -21 59
A D 2 8
J R 7 2552 28 2 4609 576 0
K 0 0 48
A D 2 8
J B 19 2594 1 82 6913 576 0
J N 7 2615 28 4 1 0 0
K 0 0 43
K 0 0 60
K 0 21 60
A D 2 8
J N 7 2653 77 7 2305 576 0
K 1 -7 45
K 0 0 43
K 0 -7 45
K 1 -7 45
K 0 0 59
K 0 -21 59
A D 2 8
J R 7 2691 28 2 4609 576 0
K 0 0 48
A D 2 8
J B 20 2733 1 82 6913 576 0
J N 7 2754 -21 7 1 0 0
K 0 7 45
K 0 0 43
K 0 7 45
K 1 7 45
K 0 0 60
K 0 21 60
A D 2 8
J N 7 2792 28 4 2305 576 0
K 0 0 43
K 0 0 60
K 0 21 60
A D 2 8
J R 7 2830 28 2 4609 576 0
K 0 0 48
A D 2 8
J B 21 2872 1 82 6913 576 0
J N 7 2893 -21 8 1 0 0
K 0 7 45
K 0 0 43
K 0 7 45
K 1 7 45
K 0 98 108
K 0 0 60
K 0 21 60
A D 2 8
J N 7 2931 28 4 2305 576 0
K 0 0 43
K 0 0 60
K 0 21 60
A D 2 8
J R 7 2969 28 2 4609 576 0
K 0 0 48
A D 2 8
J B 22 3011 1 82 6913 576 0
J N 7 3032 28 6 1 0 0
K 0 0 43
K 24 -6 44
K 0 77 110
K 0 0 60
K 0 21 60
A D 3 8
J N 6 3078 21 3 3457 864 0
K 0 0 43
K 0 0 54
A D 1 8
J N 7 3107 14 4 4609 288 0
K 0 0 43
K 0 0 60
K 0 21 60
A D 2 8
J B 23 3149 1 82 6913 576 0
J F 0 3170 98 2 1 0 0
K 0 0 206
K 0 21 204
J N 7 3170 7 4 1 0 0
K 0 0 43
K 0 0 60
K 0 21 60
A D 2 8
J F 0 3208 98 1 2305 576 0
K 0 0 203
J N 7 3208 0 4 2305 0 0
K 0 0 43
K 0 0 60
K 0 21 60
A D 2 8
J F 0 3246 98 1 4609 576 0
K 0 0 202
J N 7 3246 49 4 4609 0 0
K 0 0 43
K 0 0 59
K 0 -21 59
A D 2 8
J B 24 3288 1 82 6913 576 0
J N 8 3309 28 5 1 0 0
K 0 0 42
K 24 -6 44
K 0 0 60
K 0 21 60
A D 6 8
J B 25 3404 6 4 6913 1728 0
K -23 21 44
K -23 35 44
K -13 0 82
K -6 0 84
J N 7 3425 28 6 1 0 0
K 0 0 43
K 24 -6 44
K 0 70 108
K 0 0 60
K 0 21 60
A D 3 8
J N 6 3471 21 3 3457 864 0
K 0 0 43
K 0 0 54
A D 1 8
J F 0 3500 98 1 4609 288 0
K 0 0 205
J N 7 3500 14 4 4609 0 0
K 0 0 43
K 0 0 60
K 0 21 60
A D 2 8
J B 26 3542 1 82 6913 576 0
J F 0 3563 98 2 1 0 0
K 0 0 206
K 0 21 204
J N 7 3563 7 4 1 0 0
K 0 0 43
K 0 0 60
K 0 21 60
A D 2 8
J F 0 3601 98 1 2305 576 0
K 0 0 203
J N 7 3601 0 4 2305 0 0
K 0 0 43
K 0 0 60
K 0 21 60
A D 2 8
J F 0 3639 98 1 4609 576 0
K 0 0 202
J N 7 3639 49 4 4609 0 0
K 0 0 43
K 0 0 59
K 0 -21 59
A D 2 8
J B 27 3681 1 82 6913 576 0
J N 8 3702 28 5 1 0 0
K 0 0 42
K 24 -6 44
K 0 0 60
K 0 21 60
A D 6 8
J B 0 3787 6 2 6913 1728 0
K -13 0 82
K -6 0 84
J M 0 3787 0 0 10000 0 0
