X 46 1200C 120 V.            
S 0 470 240 1810 1066 7 "[...][....]"            
L 0 0 0 0 0 * 0 14 0            
J D 0 -300 21 2 6913 0 0            
W 0 0 39 Violino 1            
W 0 42 33 concertino            
J D 1 75 -37 1 6913 0 0            
W 0 -56 0 (44) V:  Violino 1 concertino            
J C 4 5 42 2 6913 0 0            
K 0 0 33            
K 0 0 34            
J K 2 57 0 2 6913 0 0            
K 0 0 63            
K 15 21 63            
J D 5 103 -42 1 6913 0 0            
W 0 -21 37 Allegro            
J T 101 103 42 1 6913 0 0            
K 0 0 37            
J D 0 151 0 1 1 0 0            
W 0 -21 33 !31|Soli            
J N 8 151 14 4 1 0 0            
K 0 0 42            
K 0 0 60            
K 0 21 60            
A D 8 16            
J N 8 196 7 4 3457 1152 0            
K 0 0 42            
K 0 0 60            
K 0 21 60            
A D 8 16            
J B 2 260 1 82 6913 1152 0            
J N 6 281 0 2 1 0 1 1            
K 0 0 43            
A D 2 16            
J N 6 309 -21 5 865 288 1 1            
K 0 7 45            
K 0 0 43            
K 0 7 45            
K 1 7 45            
A D 2 16            
J N 6 334 -14 5 1729 288 1 1            
K 0 0 45            
K 0 0 43            
K -1 0 45            
K 2 0 45            
A D 2 16            
J N 6 362 -21 5 2593 288 1 1            
K 0 7 45            
K 0 0 43            
K 0 7 45            
K 1 7 45            
A D 2 16            
H 1 B -45 -5 108 4 2 1 1 3            
J N 6 387 7 2 3457 288 1 2            
K 0 0 43            
A D 2 16            
J N 6 415 -14 5 4321 288 1 2            
K 0 0 45            
K 0 0 43            
K -1 0 45            
K 2 0 45            
A D 2 16            
J N 6 440 -7 2 5185 288 1 2            
K 0 0 43            
A D 2 16            
J N 6 468 -14 5 6049 288 1 2            
K 0 0 45            
K 0 0 43            
K -1 0 45            
K 2 0 45            
A D 2 16            
H 2 B -52 -5 108 4 2 1 1 3            
J B 3 497 1 82 6913 288 0            
J N 7 518 14 4 1 0 0            
K 0 0 43            
K 0 0 60            
K 0 21 60            
A D 4 16            
J N 8 550 -35 9 1729 576 0            
K 0 21 45            
K 0 7 45            
K 0 0 42            
K 0 7 45            
K 1 7 45            
K 0 0 60            
K 0 28 60            
K 0 35 60            
A D 8 16            
J N 7 600 -28 8 5185 1152 0            
K 0 14 45            
K 0 0 45            
K 0 0 43            
K -1 0 45            
K 2 0 45            
K 0 0 60            
K 0 28 60            
A D 4 16            
J B 4 636 1 82 6913 576 0            
J N 8 657 -35 9 1 0 0            
K 0 21 45            
K 0 7 45            
K 0 0 42            
K 0 7 45            
K 1 7 45            
K 0 0 60            
K 0 28 60            
K 0 35 60            
A D 8 16            
J N 8 763 -28 8 3457 1152 0            
K 0 14 45            
K 0 0 45            
K 0 0 42            
K -1 0 45            
K 2 0 45            
K 0 0 60            
K 0 28 60            
A D 8 16            
J B 5 873 1 82 6913 1152 0            
J N 8 894 -21 7 1 0 0            
K 0 7 45            
K 0 0 42            
K 0 7 45            
K 1 7 45            
K 0 0 60            
K 0 21 60            
A D 8 16            
J N 7 951 -14 7 3457 1152 0            
K 0 0 45            
K 0 0 43            
K -1 0 45            
K 2 0 45            
K 0 0 60            
K 0 21 60            
A D 4 16            
J N 7 983 -35 9 5185 576 1 3            
K 0 21 45            
K 0 7 45            
K 0 0 43            
K 0 7 45            
K 1 7 45            
K 0 0 60            
K 0 28 60            
K 0 35 60            
A D 4 16            
J B 6 1019 1 82 6913 576 0            
J N 7 1040 -35 9 1 0 1 3            
K 0 21 45            
K 0 7 45            
K 0 0 43            
K 0 7 45            
K 1 7 45            
K 0 0 60            
K 0 28 60            
K 0 35 60            
A D 4 16            
H 3 T -35 0 0 0 0 0 1 0            
J N 7 1072 -28 8 1729 576 0            
K 0 14 45            
K 0 0 45            
K 0 0 43            
K -1 0 45            
K 2 0 45            
K 0 0 60            
K 0 28 60            
A D 4 16            
J N 8 1103 -35 9 3457 576 0            
K 0 21 45            
K 0 7 45            
K 0 0 42            
K 0 7 45            
K 1 7 45            
K 0 0 60            
K 0 28 60            
K 0 35 60            
A D 8 16            
J B 7 1169 1 82 6913 1152 0            
J N 7 1190 -28 8 1 0 0            
K 0 14 45            
K 0 0 45            
K 0 0 43            
K -1 0 45            
K 2 0 45            
K 0 0 60            
K 0 28 60            
A D 4 16            
J N 8 1242 -14 7 1729 576 0            
K 0 0 45            
K 0 0 42            
K -1 0 45            
K 2 0 45            
K 0 0 60            
K 0 21 60            
A D 8 16            
J N 7 1358 -7 5 5185 1152 0            
K -18 0 63            
K 0 0 43            
K 0 0 60            
K 0 21 60            
A D 4 16            
J B 8 1435 1 82 6913 576 0            
J N 7 1456 -14 7 1 0 0            
K 0 0 45            
K 0 0 43            
K -1 0 45            
K 2 0 45            
K 0 0 60            
K 0 21 60            
A D 4 16            
J N 7 1507 21 4 1729 576 0            
K 0 0 43            
K 0 0 60            
K 0 21 60            
A D 4 16            
J N 7 1558 14 4 3457 576 0            
K 0 0 43            
K 0 0 60            
K 0 21 60            
A D 4 16            
J N 7 1589 7 4 5185 576 0            
K 0 0 43            
K 0 0 60            
K 0 21 60            
A D 4 16            
J B 9 1624 1 82 6913 576 0            
J D 0 1645 0 1 1 0 0            
W 0 -28 33 !31|Tutti            
J N 8 1645 35 4 1 0 0            
K 0 0 42            
K 0 0 59            
K 0 -21 59            
A D 8 16            
J N 8 1744 42 4 3457 1152 0            
K 0 0 42            
K 0 0 59            
K 0 -21 59            
A D 8 16            
J B 10 1810 1 82 6913 1152 0            
E *            
L 160 0 0 0 0 * 0 14 0            
J D 0 -300 21 2 6913 0 0            
W 0 0 39 Violino 2            
W 0 42 33 concertino            
J D 1 75 -37 1 6913 0 0            
W 0 -56 0 (44) V:  Violino 2 concertino            
J C 4 5 42 2 6913 0 0            
K 0 0 33            
K 0 0 34            
J K 2 57 0 2 6913 0 0            
K 0 0 63            
K 15 21 63            
J D 5 103 -42 1 6913 0 0            
W 0 0 0 (37) Allegro            
J T 101 103 42 1 6913 0 0            
K 0 0 37            
J R 9 167 28 2 1 10000 0            
K 0 0 46            
A D 16 16            
J B 2 260 1 82 6913 2304 0            
J R 9 364 28 2 1 10000 0            
K 0 0 46            
A D 16 16            
J B 3 497 1 82 6913 2304 0            
J N 8 518 14 4 1 0 0            
K 0 0 42            
K 0 0 60            
K 0 21 60            
A D 8 16            
J N 8 575 7 4 3457 1152 0            
K 0 0 42            
K 0 0 60            
K 0 21 60            
A D 8 16            
J B 4 636 1 82 6913 1152 0            
J N 6 657 0 2 1 0 1 1            
K 0 0 43            
A D 2 16            
J N 6 685 -21 5 865 288 1 1            
K 0 7 45            
K 0 0 43            
K 0 7 45            
K 1 7 45            
A D 2 16            
J N 6 710 -14 5 1729 288 1 1            
K 0 0 45            
K 0 0 43            
K -1 0 45            
K 2 0 45            
A D 2 16            
J N 6 738 -21 5 2593 288 1 1            
K 0 7 45            
K 0 0 43            
K 0 7 45            
K 1 7 45            
A D 2 16            
H 1 B -45 -5 108 4 2 1 1 3            
J N 6 763 7 2 3457 288 1 2            
K 0 0 43            
A D 2 16            
J N 6 791 -14 5 4321 288 1 2            
K 0 0 45            
K 0 0 43            
K -1 0 45            
K 2 0 45            
A D 2 16            
J N 6 816 -7 2 5185 288 1 2            
K 0 0 43            
A D 2 16            
J N 6 844 -14 5 6049 288 1 2            
K 0 0 45            
K 0 0 43            
K -1 0 45            
K 2 0 45            
A D 2 16            
H 2 B -52 -5 108 4 2 1 1 3            
J B 5 873 1 82 6913 288 0            
J N 7 894 14 4 1 0 0            
K 0 0 43            
K 0 0 60            
K 0 21 60            
A D 4 16            
J N 8 926 -7 4 1729 576 0            
K 0 0 42            
K 0 0 60            
K 0 21 60            
A D 8 16            
J N 7 983 0 4 5185 1152 0            
K 0 0 43            
K 0 0 60            
K 0 21 60            
A D 4 16            
J B 6 1019 1 82 6913 576 0            
J N 7 1040 7 4 1 0 0            
K 0 0 43            
K 0 0 60            
K 0 21 60            
A D 4 16            
J N 8 1072 -14 7 1729 576 0            
K 0 0 45            
K 0 0 42            
K -1 0 45            
K 2 0 45            
K 0 0 60            
K 0 21 60            
A D 8 16            
J N 7 1134 -7 5 5185 1152 0            
K -18 0 63            
K 0 0 43            
K 0 0 60            
K 0 21 60            
A D 4 16            
J B 7 1169 1 82 6913 576 0            
J N 7 1190 -14 7 1 0 0            
K 0 0 45            
K 0 0 43            
K -1 0 45            
K 2 0 45            
K 0 0 60            
K 0 21 60            
A D 4 16            
J R 6 1242 28 2 1729 576 0            
K 0 0 49            
A D 2 16            
J N 6 1269 35 3 2593 288 0            
K 0 0 43            
K 0 0 53            
A D 2 16            
J N 7 1306 14 5 3457 288 0            
K 0 0 43            
K 24 -6 44            
K 0 0 60            
K 0 21 60            
A D 6 16            
J N 5 1385 21 2 6049 864 1 3            
K 0 0 43            
A D 1 16            
J N 5 1408 28 2 6481 144 1 3            
K 0 0 43            
A D 1 16            
H 3 B -50 4 108 2 22 33            
J B 8 1435 1 82 6913 144 0            
J N 6 1456 21 2 1 0 1 4            
K 0 0 43            
A D 2 16            
J N 6 1480 35 2 865 288 1 4            
K 0 0 43            
A D 2 16            
H 4 B -53 4 108 2 2 3            
J N 8 1507 -14 7 1729 288 0            
K 0 0 45            
K 0 0 42            
K -1 0 45            
K 2 0 45            
K 0 0 60            
K 0 21 60            
A D 8 16            
J N 7 1589 -7 4 5185 1152 1 5            
K 0 0 43            
K 0 0 60            
K 0 21 60            
A D 4 16            
J B 9 1624 1 82 6913 576 0            
J N 7 1645 -7 4 1 0 1 5            
K 0 0 43            
K 0 0 60            
K 0 21 60            
A D 4 16            
H 5 T -7 0 0 0 0 0 1 0            
J N 8 1696 0 4 1729 576 0            
K 0 0 42            
K 0 0 60            
K 0 21 60            
A D 8 16            
J N 7 1775 7 4 5185 1152 1 6            
K 0 0 43            
K 0 0 60            
K 0 21 60            
A D 4 16            
J B 10 1810 1 82 6913 576 0            
J M 0 1810 0 0 6913 0 1 6            
H 6 T 7 0 0 0 0 0 1 0            
E *            
L 320 0 0 0 0 * 0 14 0            
J D 0 -300 21 2 6913 0 0            
W 0 0 39 Violoncello            
W 0 42 33 concertino            
J D 1 75 -37 1 6913 0 0            
W 0 -56 0 (44) V:  Violoncello concertino            
J C 22 5 14 36 6913 0 0            
J K 2 57 0 2 6913 0 0            
K 0 14 63            
K 15 35 63            
J D 5 103 -42 1 6913 0 0            
W 0 0 0 (37) Allegro            
J T 101 103 42 1 6913 0 0            
K 0 0 37            
J R 9 167 28 2 1 10000 0            
K 0 0 46            
A D 8 8            
J B 2 260 1 82 6913 2304 0            
J R 9 364 28 2 1 10000 0            
K 0 0 46            
A D 8 8            
J B 3 497 1 82 6913 2304 0            
J R 9 552 28 2 1 10000 0            
K 0 0 46            
A D 8 8            
J B 4 636 1 82 6913 2304 0            
J R 9 740 28 2 1 10000 0            
K 0 0 46            
A D 8 8            
J B 5 873 1 82 6913 2304 0            
J R 9 932 28 2 1 10000 0            
K 0 0 46            
A D 8 8            
J B 6 1019 1 82 6913 2304 0            
J F 0 1040 98 1 1 0 0            
K 0 0 203            
J N 8 1040 0 4 1 0 0            
K 0 0 42            
K 0 0 60            
K 0 21 60            
A D 4 8            
J F 0 1072 98 1 1729 576 0            
K 0 0 202            
J F 0 1103 98 1 3457 576 0            
K 0 0 206            
J N 8 1103 -7 4 3457 0 0            
K 0 0 42            
K 0 0 60            
K 0 21 60            
A D 4 8            
J F 0 1134 98 1 5185 576 0            
K 0 0 216            
J B 7 1169 1 82 6913 576 0            
J F 0 1190 98 1 1 0 0            
K 0 0 205            
J N 6 1190 -14 5 1 0 1 1            
K 0 0 45            
K 0 0 43            
K -1 0 45            
K 2 0 45            
A D 1 8            
J N 6 1218 -35 6 865 288 1 1            
K 0 21 45            
K 0 7 45            
K 0 0 43            
K 0 7 45            
K 1 7 45            
A D 1 8            
J N 6 1242 -28 6 1729 288 1 1            
K 0 14 45            
K 0 0 45            
K 0 0 43            
K -1 0 45            
K 2 0 45            
A D 1 8            
J N 6 1269 -35 6 2593 288 1 1            
K 0 21 45            
K 0 7 45            
K 0 0 43            
K 0 7 45            
K 1 7 45            
A D 1 8            
H 1 B -47 -1 108 4 2 1 1 3            
J F 0 1306 98 1 3457 288 0            
K 0 0 206            
J N 6 1306 -7 2 3457 0 1 2            
K 0 0 43            
A D 1 8            
J N 6 1334 -28 6 4321 288 1 2            
K 0 14 45            
K 0 0 45            
K 0 0 43            
K -1 0 45            
K 2 0 45            
A D 1 8            
J N 6 1358 -21 5 5185 288 1 2            
K 0 7 45            
K 0 0 43            
K 0 7 45            
K 1 7 45            
A D 1 8            
J N 6 1385 -28 6 6049 288 1 2            
K 0 14 45            
K 0 0 45            
K 0 0 43            
K -1 0 45            
K 2 0 45            
A D 1 8            
H 2 B -52 -5 108 4 2 1 1 3            
J B 8 1435 1 82 6913 288 0            
J N 7 1456 0 4 1 0 0            
K 0 0 43            
K 0 0 60            
K 0 21 60            
A D 2 8            
J R 6 1507 28 2 1729 576 0            
K 0 0 49            
A D 1 8            
J N 6 1531 0 3 2593 288 0            
K 0 0 43            
K 0 0 54            
A D 1 8            
J F 0 1558 98 1 3457 288 0            
K 0 0 206            
J N 7 1558 -7 4 3457 0 0            
K 0 0 43            
K 0 0 60            
K 0 21 60            
A D 2 8            
J F 0 1589 98 1 5185 576 0            
K 0 0 204            
J N 7 1589 -14 7 5185 0 0            
K 0 0 45            
K 0 0 43            
K -1 0 45            
K 2 0 45            
K 0 0 60            
K 0 21 60            
A D 2 8            
J B 9 1624 1 82 6913 576 0            
J F 0 1645 98 1 1 0 0            
K 0 0 203            
J N 8 1645 28 4 1 0 0            
K 0 0 42            
K 0 0 60            
K 0 21 60            
A D 4 8            
J F 0 1696 98 1 1729 576 0            
K 0 0 202            
J F 0 1744 98 1 3457 576 0            
K 0 0 208            
J N 8 1744 21 4 3457 0 0            
K 0 0 42            
K 0 0 60            
K 0 21 60            
A D 4 8            
J F 0 1775 98 1 5185 576 0            
K 0 0 207            
J B 10 1810 1 82 6913 576 0            
E *            
L 530 0 0 0 0 * 0 14 0            
J D 0 -300 21 2 6913 0 0            
W 0 0 39 Violino 1            
W 0 42 33 concerto grosso            
J D 1 75 -37 1 6913 0 0            
W 0 -56 0 (44) V:  Violino 1 concerto grosso            
J C 4 5 42 2 6913 0 0            
K 0 0 33            
K 0 0 34            
J K 2 57 0 2 6913 0 0            
K 0 0 63            
K 15 21 63            
J D 5 103 -42 1 6913 0 0            
W 0 0 0 (37) Allegro            
J T 101 103 42 1 6913 0 0            
K 0 0 37            
J R 9 167 28 2 1 10000 0            
K 0 0 46            
A D 16 16            
J B 2 260 1 82 6913 2304 0            
J R 9 364 28 2 1 10000 0            
K 0 0 46            
A D 16 16            
J B 3 497 1 82 6913 2304 0            
J R 9 552 28 2 1 10000 0            
K 0 0 46            
A D 16 16            
J B 4 636 1 82 6913 2304 0            
J R 9 740 28 2 1 10000 0            
K 0 0 46            
A D 16 16            
J B 5 873 1 82 6913 2304 0            
J R 9 932 28 2 1 10000 0            
K 0 0 46            
A D 16 16            
J B 6 1019 1 82 6913 2304 0            
J R 9 1080 28 2 1 10000 0            
K 0 0 46            
A D 16 16            
J B 7 1169 1 82 6913 2304 0            
J R 9 1288 28 2 1 10000 0            
K 0 0 46            
A D 16 16            
J B 8 1435 1 82 6913 2304 0            
J R 9 1515 28 2 1 10000 0            
K 0 0 46            
A D 16 16            
J B 9 1624 1 82 6913 2304 0            
J N 8 1645 35 4 1 0 0            
K 0 0 42            
K 0 0 59            
K 0 -21 59            
A D 8 16            
J N 8 1744 42 4 3457 1152 0            
K 0 0 42            
K 0 0 59            
K 0 -21 59            
A D 8 16            
J B 10 1810 1 82 6913 1152 0            
E *            
L 690 0 0 0 0 * 0 14 0            
J D 0 -300 21 2 6913 0 0            
W 0 0 39 Violino 2            
W 0 42 33 concerto grosso            
J D 1 75 -37 1 6913 0 0            
W 0 -56 0 (44) V:  Violino 2 concerto grosso            
J C 4 5 42 2 6913 0 0            
K 0 0 33            
K 0 0 34            
J K 2 57 0 2 6913 0 0            
K 0 0 63            
K 15 21 63            
J D 5 103 -42 1 6913 0 0            
W 0 0 0 (37) Allegro            
J T 101 103 42 1 6913 0 0            
K 0 0 37            
J R 9 167 28 2 1 10000 0            
K 0 0 46            
A D 8 8            
J B 2 260 1 82 6913 2304 0            
J R 9 364 28 2 1 10000 0            
K 0 0 46            
A D 8 8            
J B 3 497 1 82 6913 2304 0            
J R 9 552 28 2 1 10000 0            
K 0 0 46            
A D 8 8            
J B 4 636 1 82 6913 2304 0            
J R 9 740 28 2 1 10000 0            
K 0 0 46            
A D 8 8            
J B 5 873 1 82 6913 2304 0            
J R 9 932 28 2 1 10000 0            
K 0 0 46            
A D 8 8            
J B 6 1019 1 82 6913 2304 0            
J R 9 1080 28 2 1 10000 0            
K 0 0 46            
A D 8 8            
J B 7 1169 1 82 6913 2304 0            
J R 9 1288 28 2 1 10000 0            
K 0 0 46            
A D 8 8            
J B 8 1435 1 82 6913 2304 0            
J R 9 1515 28 2 1 10000 0            
K 0 0 46            
A D 8 8            
J B 9 1624 1 82 6913 2304 0            
J R 7 1645 28 2 1 0 0            
K 0 0 48            
A D 2 8            
J N 8 1696 0 4 1729 576 0            
K 0 0 42            
K 0 0 60            
K 0 21 60            
A D 4 8            
J N 7 1775 7 4 5185 1152 1 1            
K 0 0 43            
K 0 0 60            
K 0 21 60            
A D 2 8            
J B 10 1810 1 82 6913 576 0            
J M 0 1810 0 0 6913 0 1 1            
H 1 T 7 0 0 0 0 0 1 0            
E *            
L 850 0 0 0 0 * 0 14 0            
J D 0 -300 42 1 6913 0 0            
W 0 0 39 Viola            
J D 1 75 -37 1 6913 0 0            
W 0 -56 0 (44) V:  Viola            
J C 13 5 28 35 6913 0 0            
J K 2 57 0 2 6913 0 0            
K 0 7 63            
K 15 28 63            
J D 5 103 -42 1 6913 0 0            
W 0 0 0 (37) Allegro            
J T 101 103 42 1 6913 0 0            
K 0 0 37            
J R 9 167 28 2 1 10000 0            
K 0 0 46            
A D 16 16            
J B 2 260 1 82 6913 2304 0            
J R 9 364 28 2 1 10000 0            
K 0 0 46            
A D 16 16            
J B 3 497 1 82 6913 2304 0            
J R 9 552 28 2 1 10000 0            
K 0 0 46            
A D 16 16            
J B 4 636 1 82 6913 2304 0            
J R 9 740 28 2 1 10000 0            
K 0 0 46            
A D 16 16            
J B 5 873 1 82 6913 2304 0            
J R 9 932 28 2 1 10000 0            
K 0 0 46            
A D 16 16            
J B 6 1019 1 82 6913 2304 0            
J N 8 1040 -7 4 1 0 0            
K 0 0 42            
K 0 0 60            
K 0 21 60            
A D 8 16            
J N 8 1103 -14 7 3457 1152 0            
K 0 0 45            
K 0 0 42            
K -1 0 45            
K 2 0 45            
K 0 0 60            
K 0 21 60            
A D 8 16            
J B 7 1169 1 82 6913 1152 0            
J N 6 1190 -21 5 1 0 1 1            
K 0 7 45            
K 0 0 43            
K 0 7 45            
K 1 7 45            
A D 2 16            
J N 6 1218 7 2 865 288 1 1            
K 0 0 43            
A D 2 16            
J N 6 1242 14 2 1729 288 1 1            
K 0 0 43            
A D 2 16            
J N 6 1269 7 2 2593 288 1 1            
K 0 0 43            
A D 2 16            
H 1 B -66 6 108 4 2 1 1 3            
J N 6 1306 35 2 3457 288 1 2            
K 0 0 43            
A D 2 16            
J N 6 1334 14 2 4321 288 1 2            
K 0 0 43            
A D 2 16            
J N 6 1358 21 2 5185 288 1 2            
K 0 0 43            
A D 2 16            
J N 6 1385 14 2 6049 288 1 2            
K 0 0 43            
A D 2 16            
H 2 B -42 -5 108 4 2 1 1 3            
J B 8 1435 1 82 6913 288 0            
J N 7 1456 42 4 1 0 0            
K 0 0 43            
K 0 0 59            
K 0 -21 59            
A D 4 16            
J R 6 1507 28 2 1729 576 0            
K 0 0 49            
A D 2 16            
J N 6 1531 -7 3 2593 288 0            
K 0 0 43            
K 0 0 54            
A D 2 16            
J N 7 1558 -14 7 3457 288 0            
K 0 0 45            
K 0 0 43            
K -1 0 45            
K 2 0 45            
K 0 0 60            
K 0 21 60            
A D 4 16            
J N 7 1589 -21 7 5185 576 0            
K 0 7 45            
K 0 0 43            
K 0 7 45            
K 1 7 45            
K 0 0 60            
K 0 21 60            
A D 4 16            
J B 9 1624 1 82 6913 576 0            
J N 6 1645 -28 6 1 0 1 3            
K 0 14 45            
K 0 0 45            
K 0 0 43            
K -1 0 45            
K 2 0 45            
A D 2 16            
J N 6 1669 21 2 865 288 1 3            
K 0 0 43            
A D 2 16            
J N 6 1696 7 2 1729 288 1 3            
K 0 0 43            
A D 2 16            
J N 6 1720 21 2 2593 288 1 3            
K 0 0 43            
A D 2 16            
H 3 B -87 6 108 4 2 1 1 3            
J N 7 1744 35 4 3457 288 0            
K 0 0 43            
K 0 0 59            
K 0 -21 59            
A D 4 16            
J N 7 1775 28 4 5185 576 0            
K 0 0 43            
K 0 0 60            
K 0 21 60            
A D 4 16            
J B 10 1810 1 82 6913 576 0            
E *            
L 1010 0 0 0 0 * 0 14 0            
J D 0 -300 21 2 6913 0 0            
W 0 0 39 Basso        
W 0 42 33 concerto grosso            
J D 1 75 -37 1 6913 0 0            
W 0 -56 0 (44) V:  Basso concerto grosso            
J C 22 5 14 36 6913 0 0            
J K 2 57 0 2 6913 0 0            
K 0 14 63            
K 15 35 63            
J D 5 103 -42 1 6913 0 0            
W 0 0 0 (37) Allegro            
J T 101 103 42 1 6913 0 0            
K 0 0 37            
J R 9 167 28 2 1 10000 0            
K 0 0 46            
A D 8 8            
J B 2 260 1 82 6913 2304 0            
J R 9 364 28 2 1 10000 0            
K 0 0 46            
A D 8 8            
J B 3 497 1 82 6913 2304 0            
J R 9 552 28 2 1 10000 0            
K 0 0 46            
A D 8 8            
J B 4 636 1 82 6913 2304 0            
J R 9 740 28 2 1 10000 0            
K 0 0 46            
A D 8 8            
J B 5 873 1 82 6913 2304 0            
J R 9 932 28 2 1 10000 0            
K 0 0 46            
A D 8 8            
J B 6 1019 1 82 6913 2304 0            
J R 9 1080 28 2 1 10000 0            
K 0 0 46            
A D 8 8            
J B 7 1169 1 82 6913 2304 0            
J R 9 1288 28 2 1 10000 0            
K 0 0 46            
A D 8 8            
J B 8 1435 1 82 6913 2304 0            
J R 9 1515 28 2 1 10000 0            
K 0 0 46            
A D 8 8            
J B 9 1624 1 82 6913 2304 0            
J F 0 1645 98 1 1 0 0            
K 0 0 203            
J N 8 1645 28 4 1 0 0            
K 0 0 42            
K 0 0 60            
K 0 21 60            
A D 4 8            
J F 0 1696 98 1 1729 576 0            
K 0 0 202            
J F 0 1744 98 1 3457 576 0            
K 0 0 208            
J N 8 1744 21 4 3457 0 0            
K 0 0 42            
K 0 0 60            
K 0 21 60            
A D 4 8            
J F 0 1775 98 1 5185 576 0            
K 0 0 207            
J B 10 1810 1 82 6913 576 0            
E *            
B 1 260 0            
B 1 497 0            
B 1 636 0            
B 1 873 0            
B 1 1019 0            
B 1 1169 0            
B 1 1435 0            
B 1 1624 0            
B 1 1810 0            
S 0 170 1610 2110 1066 7 "[...][....]"            
L 0 0 0 300 300 * 0 14 0            
J C 4 5 42 2 6913 0 0            
K 0 0 33            
K 0 0 34            
J K 2 57 0 2 6913 0 0            
K 0 0 63            
K 15 21 63            
J D 0 -11 -14 1 6913 0 0            
W 0 0 37 \01\00            
J N 7 130 49 5 1 0 0            
K 0 0 43            
K 25 0 44            
K 0 0 59            
K 0 -21 59            
A D 6 16            
J N 6 215 14 3 2593 864 0            
K 0 0 43            
K 0 0 54            
A D 2 16            
J N 7 243 -7 5 3457 288 0            
K 0 0 43            
K 25 0 44            
K 0 0 60            
K 0 21 60            
A D 6 16            
J N 5 325 0 2 6049 864 1 4            
K 0 0 43            
A D 1 16            
J N 5 348 7 2 6481 144 1 4            
K 0 0 43            
A D 1 16            
H 4 B -57 4 108 2 22 33            
J B 11 375 1 82 6913 144 0            
J N 7 396 0 5 1 0 0            
K 0 0 43            
K 24 -6 44            
K 0 0 60            
K 0 21 60            
A D 6 16            
J N 6 478 0 3 2593 864 0            
K 0 0 43            
K 0 0 54            
A D 2 16            
J N 7 506 7 5 3457 288 0            
K 0 0 43            
K 25 0 44            
K 0 0 60            
K 0 21 60            
A D 6 16            
J N 6 586 35 3 6049 864 0            
K 0 0 43            
K 0 0 53            
A D 2 16            
J B 12 625 1 82 6913 288 0            
J N 8 646 14 4 1 0 0            
K 0 0 42            
K 0 0 60            
K 0 21 60            
A D 8 16            
J N 7 759 21 5 3457 1152 0            
K 0 0 43            
K 25 0 44            
K 0 0 60            
K 0 21 60            
A D 6 16            
J N 6 837 49 3 6049 864 0            
K 0 0 43            
K 0 0 53            
A D 2 16            
J B 13 876 1 82 6913 288 0            
J N 7 897 28 5 1 0 0            
K 0 0 43            
K 24 -6 44            
K 0 0 60            
K 0 21 60            
A D 6 16            
J N 6 977 56 3 2593 864 0            
K 0 0 43            
K 0 0 53            
A D 2 16            
J N 7 1015 35 5 3457 288 0            
K 0 0 43            
K 25 0 44            
K 0 0 59            
K 0 -21 59            
A D 6 16            
J N 6 1095 63 3 6049 864 0            
K 0 0 43            
K 0 0 53            
A D 2 16            
J B 14 1134 1 82 6913 288 0            
J N 8 1155 42 4 1 0 0            
K 0 0 42            
K 0 0 59            
K 0 -21 59            
A D 8 16            
J N 7 1221 49 4 3457 1152 0            
K 0 0 43            
K 0 0 59            
K 0 -21 59            
A D 4 16            
J N 7 1254 0 4 5185 576 0            
K 0 0 43            
K 0 0 60            
K 0 21 60            
A D 4 16            
J B 15 1308 1 82 6913 576 0            
J N 7 1335 -7 5 1 0 0            
K -18 0 63            
K 0 0 43            
K 0 0 60            
K 0 21 60            
A D 4 16            
J N 8 1369 -14 7 1729 576 0            
K 0 0 45            
K 0 0 42            
K -1 0 45            
K 2 0 45            
K 0 0 60            
K 0 21 60            
A D 8 16            
J N 7 1465 -7 4 5185 1152 0            
K 0 0 43            
K 0 0 60            
K 0 21 60            
A D 4 16            
J B 16 1500 1 82 6913 576 0            
J N 8 1521 35 4 1 0 0            
K 0 0 42            
K 0 0 59            
K 0 -21 59            
A D 8 16            
J N 8 1585 28 4 3457 1152 0            
K 0 0 42            
K 0 0 60            
K 0 21 60            
A D 8 16            
J B 17 1652 1 82 6913 1152 0            
J N 6 1673 21 2 1 0 1 5            
K 0 0 43            
A D 2 16            
J N 6 1700 0 2 865 288 1 5            
K 0 0 43            
A D 2 16            
J N 6 1724 7 2 1729 288 1 5            
K 0 0 43            
A D 2 16            
J N 6 1751 0 2 2593 288 1 5            
K 0 0 43            
A D 2 16            
H 5 B -52 -5 108 4 2 1 1 3            
J N 6 1775 28 2 3457 288 1 6            
K 0 0 43            
A D 2 16            
J N 6 1802 7 2 4321 288 1 6            
K 0 0 43            
A D 2 16            
J N 6 1826 14 2 5185 288 1 6            
K 0 0 43            
A D 2 16            
J N 6 1853 7 2 6049 288 1 6            
K 0 0 43            
A D 2 16            
H 6 B -45 -5 108 4 2 1 1 3            
J B 18 1881 1 82 6913 288 0            
J N 7 1902 35 4 1 0 0            
K 0 0 43            
K 0 0 59            
K 0 -21 59            
A D 4 16            
J N 8 1953 -14 7 1729 576 0            
K 0 0 45            
K 0 0 42            
K -1 0 45            
K 2 0 45            
K 0 0 60            
K 0 21 60            
A D 8 16            
J N 7 2055 -7 4 5185 1152 1 7            
K 0 0 43            
K 0 0 60            
K 0 21 60            
A D 4 16            
J B 19 2110 1 82 6913 576 0            
J M 0 2110 0 0 6913 0 1 7            
H 7 T -7 0 0 0 0 0 1 0            
E *            
L 160 0 0 300 300 * 0 14 0            
J C 4 5 42 2 6913 0 0            
K 0 0 33            
K 0 0 34            
J K 2 57 0 2 6913 0 0            
K 0 0 63            
K 15 21 63            
J D 0 -11 -14 1 6913 0 0            
W 0 0 0 \01\00            
J N 6 130 7 2 1 0 2 7 6            
K 0 0 43            
A D 2 16            
J M 0 78 0 0 6913 0 1 6            
H 6 T 7 0 0 0 0 0 1 0            
J N 6 159 35 2 865 288 1 7            
K 0 0 43            
A D 2 16            
H 7 B -67 4 108 2 2 3            
J N 8 187 14 4 1729 288 0            
K 0 0 42            
K 0 0 60            
K 0 21 60            
A D 8 16            
J N 7 297 21 4 5185 1152 0            
K 0 0 43            
K 0 0 60            
K 0 21 60            
A D 4 16            
J B 11 375 1 82 6913 576 0            
J N 6 396 14 2 1 0 1 8            
K 0 0 43            
A D 2 16            
J N 6 424 0 2 865 288 1 8            
K 0 0 43            
A D 2 16            
H 8 B -46 -4 108 2 2 3            
J N 7 452 -21 7 1729 288 1 9            
K 0 7 45            
K 0 0 43            
K 0 7 45            
K 1 7 45            
K 0 0 60            
K 0 21 60            
A D 4 16            
J N 6 506 -21 5 3457 576 2 10 9            
K 0 7 45            
K 0 0 43            
K 0 7 45            
K 1 7 45            
A D 2 16            
H 9 T -21 0 0 0 0 0 1 0            
J N 6 532 7 2 4321 288 1 10            
K 0 0 43            
A D 2 16            
H 10 B -66 4 108 2 2 3            
J N 7 560 -14 7 5185 288 1 11            
K 0 0 45            
K 0 0 43            
K -1 0 45            
K 2 0 45            
K 0 0 60            
K 0 21 60            
A D 4 16            
J B 12 625 1 82 6913 576 0            
J N 7 646 -14 7 1 0 1 11            
K 0 0 45            
K 0 0 43            
K -1 0 45            
K 2 0 45            
K 0 0 60            
K 0 21 60            
A D 4 16            
H 11 T -14 0 0 0 0 0 5 0            
J N 7 700 -7 5 1729 576 0            
K -18 0 63            
K 0 0 43            
K 0 0 60            
K 0 21 60            
A D 4 16            
J N 6 759 -14 5 3457 576 1 12            
K 0 0 45            
K 0 0 43            
K -1 0 45            
K 2 0 45            
A D 2 16            
J N 6 784 21 2 4321 288 1 12            
K 0 0 43            
A D 2 16            
H 12 B -73 4 108 2 2 3            
J N 7 812 0 4 5185 288 1 13            
K 0 0 43            
K 0 0 60            
K 0 21 60            
A D 4 16            
J B 13 876 1 82 6913 576 0            
J N 6 897 0 2 1 0 2 14 13            
K 0 0 43            
A D 2 16            
H 13 T 0 0 0 0 0 0 5 0            
J N 6 923 28 2 865 288 1 14            
K 0 0 43            
A D 2 16            
H 14 B -71 4 108 2 2 3            
J N 7 951 7 4 1729 288 1 15            
K 0 0 43            
K 0 0 60            
K 0 21 60            
A D 4 16            
J N 6 1015 7 2 3457 576 2 16 15            
K 0 0 43            
A D 2 16            
H 15 T 7 0 0 0 0 0 1 0            
J N 6 1041 35 2 4321 288 1 16            
K 0 0 43            
A D 2 16            
H 16 B -67 4 108 2 2 3            
J N 7 1069 14 4 5185 288 1 17            
K 0 0 43            
K 0 0 60            
K 0 21 60            
A D 4 16            
J B 14 1134 1 82 6913 576 0            
J N 7 1155 14 4 1 0 1 17            
K 0 0 43            
K 0 0 60            
K 0 21 60            
A D 4 16            
H 17 T 14 0 0 0 0 0 5 0            
J N 7 1188 21 4 1729 576 0            
K 0 0 43            
K 0 0 60            
K 0 21 60            
A D 4 16            
J N 7 1221 14 4 3457 576 0            
K 0 0 43            
K 0 0 60            
K 0 21 60            
A D 4 16            
J N 7 1254 -14 7 5185 576 0            
K 0 0 45            
K 0 0 43            
K -1 0 45            
K 2 0 45            
K 0 0 60            
K 0 21 60            
A D 4 16            
J B 15 1308 1 82 6913 576 0            
J N 7 1335 -21 7 1 0 0            
K 0 7 45            
K 0 0 43            
K 0 7 45            
K 1 7 45            
K 0 0 60            
K 0 21 60            
A D 4 16            
J N 7 1369 -28 8 1729 576 0            
K 0 14 45            
K 0 0 45            
K 0 0 43            
K -1 0 45            
K 2 0 45            
K 0 0 60            
K 0 28 60            
A D 4 16            
J N 8 1414 -35 9 3457 576 0            
K 0 21 45            
K 0 7 45            
K 0 0 42            
K 0 7 45            
K 1 7 45            
K 0 0 60            
K 0 28 60            
K 0 35 60            
A D 8 16            
J B 16 1500 1 82 6913 1152 0            
J N 7 1521 -28 8 1 0 0            
K 0 14 45            
K 0 0 45            
K 0 0 43            
K -1 0 45            
K 2 0 45            
K 0 0 60            
K 0 28 60            
A D 4 16            
J R 7 1553 28 2 1729 576 0            
K 0 0 48            
A D 4 16            
J R 8 1585 28 2 3457 576 0            
K 0 0 47            
A D 8 16            
J B 17 1652 1 82 6913 1152 0            
J N 8 1673 35 4 1 0 0            
K 0 0 42            
K 0 0 59            
K 0 -21 59            
A D 8 16            
J N 8 1775 28 4 3457 1152 0            
K 0 0 42            
K 0 0 60            
K 0 21 60            
A D 8 16            
J B 18 1881 1 82 6913 1152 0            
J N 6 1902 21 2 1 0 1 18            
K 0 0 43            
A D 2 16            
J N 6 1929 0 2 865 288 1 18            
K 0 0 43            
A D 2 16            
J N 6 1953 7 2 1729 288 1 18            
K 0 0 43            
A D 2 16            
J N 6 1980 0 2 2593 288 1 18            
K 0 0 43            
A D 2 16            
H 18 B -52 -5 108 4 2 1 1 3            
J N 6 2004 28 2 3457 288 1 19            
K 0 0 43            
A D 2 16            
J N 6 2031 7 2 4321 288 1 19            
K 0 0 43            
A D 2 16            
J N 6 2055 14 2 5185 288 1 19            
K 0 0 43            
A D 2 16            
J N 6 2082 7 2 6049 288 1 19            
K 0 0 43            
A D 2 16            
H 19 B -45 -5 108 4 2 1 1 3            
J B 19 2110 1 82 6913 288 0            
E *            
L 320 0 0 300 300 * 0 14 0            
J C 22 5 14 36 6913 0 0            
J K 2 57 0 2 6913 0 0            
K 0 14 63            
K 15 35 63            
J D 0 -11 -14 1 6913 0 0            
W 0 0 0 \01\00            
J F 0 130 98 1 1 0 0            
K 0 0 206            
J N 6 130 14 2 1 0 1 3            
K 0 0 43            
A D 1 8            
J N 6 159 -7 2 865 288 1 3            
K 0 0 43            
A D 1 8            
J N 6 187 0 2 1729 288 1 3            
K 0 0 43            
A D 1 8            
J N 6 215 -7 2 2593 288 1 3            
K 0 0 43            
A D 1 8            
H 3 B -44 -4 108 4 2 1 1 3            
J F 0 243 98 1 3457 288 0            
K 0 0 206            
J N 6 243 21 2 3457 0 1 4            
K 0 0 43            
A D 1 8            
J N 6 272 0 2 4321 288 1 4            
K 0 0 43            
A D 1 8            
J N 6 297 7 2 5185 288 1 4            
K 0 0 43            
A D 1 8            
J N 6 325 0 2 6049 288 1 4            
K 0 0 43            
A D 1 8            
H 4 B -52 -5 108 4 2 1 1 3            
J B 11 375 1 82 6913 288 0            
J F 0 396 98 0 1 0 0            
J N 7 396 28 5 1 0 0            
K 0 0 43            
K 24 -6 44            
K 0 0 60            
K 0 21 60            
A D 3 8            
J F 0 452 98 1 1729 576 0            
K 0 0 205            
J N 6 478 -21 7 2593 288 0            
K 0 7 45            
K 0 0 43            
K 0 7 45            
K 1 7 45            
K 0 0 60            
K 0 0 54            
A D 1 8            
J F 0 506 98 1 3457 288 0            
K 0 0 206            
J N 6 506 -14 5 3457 0 1 5            
K 0 0 45            
K 0 0 43            
K -1 0 45            
K 2 0 45            
A D 1 8            
J N 6 532 -7 2 4321 288 1 5            
K 0 0 43            
A D 1 8            
J F 0 560 98 1 5185 288 0            
K 0 0 205            
J N 6 560 -14 5 5185 0 1 5            
K 0 0 45            
K 0 0 43            
K -1 0 45            
K 2 0 45            
A D 1 8            
J N 6 586 0 2 6049 288 1 5            
K 0 0 43            
A D 1 8            
H 5 B -56 2 108 4 2 1 1 3            
J B 12 625 1 82 6913 288 0            
J F 0 646 98 1 1 0 0            
K 0 0 206            
J N 6 646 -7 2 1 0 1 6            
K 0 0 43            
A D 1 8            
J N 6 672 0 2 865 288 1 6            
K 0 0 43            
A D 1 8            
J F 0 700 98 1 1729 288 0            
K 0 0 216            
J N 6 700 -7 2 1729 0 1 6            
K 0 0 43            
A D 1 8            
J N 6 731 21 2 2593 288 1 6            
K 0 0 43            
A D 1 8            
H 6 B -51 6 108 4 2 1 1 3            
J N 6 759 0 2 3457 288 1 7            
K 0 0 43            
A D 1 8            
J N 6 784 49 2 4321 288 1 7            
K 0 0 43            
A D 1 8            
H 7 B -81 4 108 2 2 3            
J R 6 812 28 2 5185 288 0            
K 0 0 49            
A D 1 8            
J F 0 837 98 1 6049 288 0            
K 0 0 205            
J N 6 837 0 3 6049 0 0            
K 0 0 43            
K 0 0 54            
A D 1 8            
J B 13 876 1 82 6913 288 0            
J F 0 897 98 1 1 0 0            
K 0 0 206            
J N 6 897 7 2 1 0 1 8            
K 0 0 43            
A D 1 8            
J N 6 923 14 2 865 288 1 8            
K 0 0 43            
A D 1 8            
J F 0 951 98 1 1729 288 0            
K 0 0 205            
J N 6 951 7 2 1729 0 1 8            
K 0 0 43            
A D 1 8            
J N 6 977 21 2 2593 288 1 8            
K 0 0 43            
A D 1 8            
H 8 B -51 2 108 4 2 1 1 3            
J F 0 1015 98 1 3457 288 0            
K 0 0 206            
J N 6 1015 14 2 3457 0 1 9            
K 0 0 43            
A D 1 8            
J N 6 1041 21 2 4321 288 1 9            
K 0 0 43            
A D 1 8            
J F 0 1069 98 1 5185 288 0            
K 0 0 205            
J N 6 1069 14 2 5185 0 1 9            
K 0 0 43            
A D 1 8            
J N 6 1095 28 2 6049 288 1 9            
K 0 0 43            
A D 1 8            
H 9 B -56 2 108 4 2 1 1 3            
J B 14 1134 1 82 6913 288 0            
J F 0 1155 98 1 1 0 0            
K 0 0 206            
J N 7 1155 21 4 1 0 0            
K 0 0 43            
K 0 0 60            
K 0 21 60            
A D 2 8            
J F 0 1188 98 1 1729 576 0            
K 0 0 206            
J N 7 1188 49 4 1729 0 0            
K 0 0 43            
K 0 0 59            
K 0 -21 59            
A D 2 8            
J N 7 1221 28 4 3457 576 0            
K 0 0 43            
K 0 0 60            
K 0 21 60            
A D 2 8            
J F 0 1254 98 1 5185 576 0            
K 0 0 204            
J N 7 1254 -21 7 5185 0 1 10            
K 0 7 45            
K 0 0 43            
K 0 7 45            
K 1 7 45            
K 0 0 60            
K 0 21 60            
A D 2 8            
J B 15 1308 1 82 6913 576 0            
J F 0 1335 98 2 1 0 0            
K 0 0 214            
K 0 21 201            
J N 7 1335 -21 7 1 0 1 10            
K 0 7 45            
K 0 0 43            
K 0 7 45            
K 1 7 45            
K 0 0 60            
K 0 21 60            
A D 2 8            
H 10 T -21 0 0 0 0 0 1 0            
J F 0 1369 98 1 1729 576 0            
K 0 0 205            
J N 7 1369 -14 7 1729 0 0            
K 0 0 45            
K 0 0 43            
K -1 0 45            
K 2 0 45            
K 0 0 60            
K 0 21 60            
A D 2 8            
J F 0 1414 98 1 3457 576 0            
K 0 0 206            
J N 7 1414 -7 4 3457 0 0            
K 0 0 43            
K 0 0 60            
K 0 21 60            
A D 2 8            
J F 0 1465 98 2 5185 576 0            
K 0 0 206            
K 0 21 213            
J N 7 1465 21 4 5185 0 0            
K 0 0 43            
K 0 0 60            
K 0 21 60            
A D 2 8            
J B 16 1500 1 82 6913 576 0            
J N 7 1521 0 4 1 0 0            
K 0 0 43            
K 0 0 60            
K 0 21 60            
A D 2 8            
J F 0 1553 98 1 1729 576 0            
K 0 0 205            
J N 7 1553 35 4 1729 0 0            
K 0 0 43            
K 0 0 59            
K 0 -21 59            
A D 2 8            
J F 0 1585 98 2 3457 576 0            
K 0 0 205            
K 0 21 204            
J N 7 1585 28 4 3457 0 0            
K 0 0 43            
K 0 0 60            
K 0 21 60            
A D 2 8            
J F 0 1617 98 1 5185 576 0            
K 0 0 213            
J N 7 1617 21 4 5185 0 0            
K 0 0 43            
K 0 0 60            
K 0 21 60            
A D 2 8            
J B 17 1652 1 82 6913 576 0            
J N 7 1673 49 4 1 0 0            
K 0 0 43            
K 0 0 59            
K 0 -21 59            
A D 2 8            
J R 7 1724 28 2 1729 576 0            
K 0 0 48            
A D 2 8            
J R 8 1775 28 2 3457 576 0            
K 0 0 47            
A D 4 8            
J B 18 1881 1 82 6913 1152 0            
J R 9 1981 28 2 1 10000 0            
K 0 0 46            
A D 8 8            
J B 19 2110 1 82 6913 2304 0            
E *            
L 530 0 0 300 300 * 0 14 0            
J C 4 5 42 2 6913 0 0            
K 0 0 33            
K 0 0 34            
J K 2 57 0 2 6913 0 0            
K 0 0 63            
K 15 21 63            
J D 0 -11 -14 1 6913 0 0            
W 0 0 0 \01\00            
J N 7 130 49 5 1 0 0            
K 0 0 43            
K 25 0 44            
K 0 0 59            
K 0 -21 59            
A D 6 16            
J N 6 215 14 3 2593 864 0            
K 0 0 43            
K 0 0 54            
A D 2 16            
J N 7 243 -7 5 3457 288 0            
K 0 0 43            
K 25 0 44            
K 0 0 60            
K 0 21 60            
A D 6 16            
J N 5 325 0 2 6049 864 1 1            
K 0 0 43            
A D 1 16            
J N 5 348 7 2 6481 144 1 1            
K 0 0 43            
A D 1 16            
H 1 B -57 4 108 2 22 33            
J B 11 375 1 82 6913 144 0            
J N 7 396 0 5 1 0 0            
K 0 0 43            
K 24 -6 44            
K 0 0 60            
K 0 21 60            
A D 6 16            
J N 6 478 0 3 2593 864 0            
K 0 0 43            
K 0 0 54            
A D 2 16            
J N 7 506 7 5 3457 288 0            
K 0 0 43            
K 25 0 44            
K 0 0 60            
K 0 21 60            
A D 6 16            
J N 6 586 35 3 6049 864 0            
K 0 0 43            
K 0 0 53            
A D 2 16            
J B 12 625 1 82 6913 288 0            
J N 8 646 14 4 1 0 0            
K 0 0 42            
K 0 0 60            
K 0 21 60            
A D 8 16            
J N 7 759 21 5 3457 1152 0            
K 0 0 43            
K 25 0 44            
K 0 0 60            
K 0 21 60            
A D 6 16            
J N 6 837 49 3 6049 864 0            
K 0 0 43            
K 0 0 53            
A D 2 16            
J B 13 876 1 82 6913 288 0            
J N 7 897 28 5 1 0 0            
K 0 0 43            
K 24 -6 44            
K 0 0 60            
K 0 21 60            
A D 6 16            
J N 6 977 56 3 2593 864 0            
K 0 0 43            
K 0 0 53            
A D 2 16            
J N 7 1015 35 5 3457 288 0            
K 0 0 43            
K 25 0 44            
K 0 0 59            
K 0 -21 59            
A D 6 16            
J N 6 1095 63 3 6049 864 0            
K 0 0 43            
K 0 0 53            
A D 2 16            
J B 14 1134 1 82 6913 288 0            
J N 8 1155 42 4 1 0 0            
K 0 0 42            
K 0 0 59            
K 0 -21 59            
A D 8 16            
J N 7 1221 49 4 3457 1152 0            
K 0 0 43            
K 0 0 59            
K 0 -21 59            
A D 4 16            
J N 7 1254 0 4 5185 576 0            
K 0 0 43            
K 0 0 60            
K 0 21 60            
A D 4 16            
J B 15 1308 1 82 6913 576 0            
J N 7 1335 -7 5 1 0 0            
K -18 0 63            
K 0 0 43            
K 0 0 60            
K 0 21 60            
A D 4 16            
J N 8 1369 -14 7 1729 576 0            
K 0 0 45            
K 0 0 42            
K -1 0 45            
K 2 0 45            
K 0 0 60            
K 0 21 60            
A D 8 16            
J N 7 1465 -7 4 5185 1152 0            
K 0 0 43            
K 0 0 60            
K 0 21 60            
A D 4 16            
J B 16 1500 1 82 6913 576 0            
J N 8 1521 35 4 1 0 0            
K 0 0 42            
K 0 0 59            
K 0 -21 59            
A D 8 16            
J N 8 1585 28 4 3457 1152 0            
K 0 0 42            
K 0 0 60            
K 0 21 60            
A D 8 16            
J B 17 1652 1 82 6913 1152 0            
J N 6 1673 21 2 1 0 1 2            
K 0 0 43            
A D 2 16            
J N 6 1700 0 2 865 288 1 2            
K 0 0 43            
A D 2 16            
J N 6 1724 7 2 1729 288 1 2            
K 0 0 43            
A D 2 16            
J N 6 1751 0 2 2593 288 1 2            
K 0 0 43            
A D 2 16            
H 2 B -52 -5 108 4 2 1 1 3            
J N 6 1775 28 2 3457 288 1 3            
K 0 0 43            
A D 2 16            
J N 6 1802 7 2 4321 288 1 3            
K 0 0 43            
A D 2 16            
J N 6 1826 14 2 5185 288 1 3            
K 0 0 43            
A D 2 16            
J N 6 1853 7 2 6049 288 1 3            
K 0 0 43            
A D 2 16            
H 3 B -45 -5 108 4 2 1 1 3            
J B 18 1881 1 82 6913 288 0            
J N 7 1902 35 4 1 0 0            
K 0 0 43            
K 0 0 59            
K 0 -21 59            
A D 4 16            
J N 8 1953 -14 7 1729 576 0            
K 0 0 45            
K 0 0 42            
K -1 0 45            
K 2 0 45            
K 0 0 60            
K 0 21 60            
A D 8 16            
J N 7 2055 -7 4 5185 1152 1 4            
K 0 0 43            
K 0 0 60            
K 0 21 60            
A D 4 16            
J B 19 2110 1 82 6913 576 0            
J M 0 2110 0 0 6913 0 1 4            
H 4 T -7 0 0 0 0 0 1 0            
E *            
L 690 0 0 300 300 * 0 14 0            
J C 4 5 42 2 6913 0 0            
K 0 0 33            
K 0 0 34            
J K 2 57 0 2 6913 0 0            
K 0 0 63            
K 15 21 63            
J D 0 -11 -14 1 6913 0 0            
W 0 0 0 \01\00            
J N 6 130 7 2 1 0 2 2 1            
K 0 0 43            
A D 1 8            
J M 0 78 0 0 6913 0 1 1            
H 1 T 7 0 0 0 0 0 1 0            
J N 6 159 35 2 865 288 1 2            
K 0 0 43            
A D 1 8            
H 2 B -67 4 108 2 2 3            
J N 8 187 14 4 1729 288 0            
K 0 0 42            
K 0 0 60            
K 0 21 60            
A D 4 8            
J N 7 297 21 4 5185 1152 0            
K 0 0 43            
K 0 0 60            
K 0 21 60            
A D 2 8            
J B 11 375 1 82 6913 576 0            
J N 6 396 14 2 1 0 1 3            
K 0 0 43            
A D 1 8            
J N 6 424 0 2 865 288 1 3            
K 0 0 43            
A D 1 8            
H 3 B -46 -4 108 2 2 3            
J N 7 452 -21 7 1729 288 1 4            
K 0 7 45            
K 0 0 43            
K 0 7 45            
K 1 7 45            
K 0 0 60            
K 0 21 60            
A D 2 8            
J N 6 506 -21 5 3457 576 2 5 4            
K 0 7 45            
K 0 0 43            
K 0 7 45            
K 1 7 45            
A D 1 8            
H 4 T -21 0 0 0 0 0 1 0            
J N 6 532 7 2 4321 288 1 5            
K 0 0 43            
A D 1 8            
H 5 B -66 4 108 2 2 3            
J N 7 560 -14 7 5185 288 1 6            
K 0 0 45            
K 0 0 43            
K -1 0 45            
K 2 0 45            
K 0 0 60            
K 0 21 60            
A D 2 8            
J B 12 625 1 82 6913 576 0            
J N 7 646 -14 7 1 0 1 6            
K 0 0 45            
K 0 0 43            
K -1 0 45            
K 2 0 45            
K 0 0 60            
K 0 21 60            
A D 2 8            
H 6 T -14 0 0 0 0 0 5 0            
J N 7 700 -7 5 1729 576 0            
K -18 0 63            
K 0 0 43            
K 0 0 60            
K 0 21 60            
A D 2 8            
J N 6 759 -14 5 3457 576 1 7            
K 0 0 45            
K 0 0 43            
K -1 0 45            
K 2 0 45            
A D 1 8            
J N 6 784 21 2 4321 288 1 7            
K 0 0 43            
A D 1 8            
H 7 B -73 4 108 2 2 3            
J N 7 812 0 4 5185 288 1 8            
K 0 0 43            
K 0 0 60            
K 0 21 60            
A D 2 8            
J B 13 876 1 82 6913 576 0            
J N 6 897 0 2 1 0 2 9 8            
K 0 0 43            
A D 1 8            
H 8 T 0 0 0 0 0 0 5 0            
J N 6 923 28 2 865 288 1 9            
K 0 0 43            
A D 1 8            
H 9 B -71 4 108 2 2 3            
J N 7 951 7 4 1729 288 1 10            
K 0 0 43            
K 0 0 60            
K 0 21 60            
A D 2 8            
J N 6 1015 7 2 3457 576 2 11 10            
K 0 0 43            
A D 1 8            
H 10 T 7 0 0 0 0 0 1 0            
J N 6 1041 35 2 4321 288 1 11            
K 0 0 43            
A D 1 8            
H 11 B -67 4 108 2 2 3            
J N 7 1069 14 4 5185 288 1 12            
K 0 0 43            
K 0 0 60            
K 0 21 60            
A D 2 8            
J B 14 1134 1 82 6913 576 0            
J N 7 1155 14 4 1 0 1 12            
K 0 0 43            
K 0 0 60            
K 0 21 60            
A D 2 8            
H 12 T 14 0 0 0 0 0 5 0            
J N 7 1188 21 4 1729 576 0            
K 0 0 43            
K 0 0 60            
K 0 21 60            
A D 2 8            
J N 7 1221 14 4 3457 576 0            
K 0 0 43            
K 0 0 60            
K 0 21 60            
A D 2 8            
J N 7 1254 -14 7 5185 576 0            
K 0 0 45            
K 0 0 43            
K -1 0 45            
K 2 0 45            
K 0 0 60            
K 0 21 60            
A D 2 8            
J B 15 1308 1 82 6913 576 0            
J N 7 1335 -21 7 1 0 0            
K 0 7 45            
K 0 0 43            
K 0 7 45            
K 1 7 45            
K 0 0 60            
K 0 21 60            
A D 2 8            
J N 7 1369 -28 8 1729 576 0            
K 0 14 45            
K 0 0 45            
K 0 0 43            
K -1 0 45            
K 2 0 45            
K 0 0 60            
K 0 28 60            
A D 2 8            
J N 8 1414 -35 9 3457 576 0            
K 0 21 45            
K 0 7 45            
K 0 0 42            
K 0 7 45            
K 1 7 45            
K 0 0 60            
K 0 28 60            
K 0 35 60            
A D 4 8            
J B 16 1500 1 82 6913 1152 0            
J N 7 1521 -28 8 1 0 0            
K 0 14 45            
K 0 0 45            
K 0 0 43            
K -1 0 45            
K 2 0 45            
K 0 0 60            
K 0 28 60            
A D 2 8            
J R 7 1553 28 2 1729 576 0            
K 0 0 48            
A D 2 8            
J R 8 1585 28 2 3457 576 0            
K 0 0 47            
A D 4 8            
J B 17 1652 1 82 6913 1152 0            
J N 8 1673 35 4 1 0 0            
K 0 0 42            
K 0 0 59            
K 0 -21 59            
A D 4 8            
J N 8 1775 28 4 3457 1152 0            
K 0 0 42            
K 0 0 60            
K 0 21 60            
A D 4 8            
J B 18 1881 1 82 6913 1152 0            
J N 6 1902 21 2 1 0 1 13            
K 0 0 43            
A D 1 8            
J N 6 1929 0 2 865 288 1 13            
K 0 0 43            
A D 1 8            
J N 6 1953 7 2 1729 288 1 13            
K 0 0 43            
A D 1 8            
J N 6 1980 0 2 2593 288 1 13            
K 0 0 43            
A D 1 8            
H 13 B -52 -5 108 4 2 1 1 3            
J N 6 2004 28 2 3457 288 1 14            
K 0 0 43            
A D 1 8            
J N 6 2031 7 2 4321 288 1 14            
K 0 0 43            
A D 1 8            
J N 6 2055 14 2 5185 288 1 14            
K 0 0 43            
A D 1 8            
J N 6 2082 7 2 6049 288 1 14            
K 0 0 43            
A D 1 8            
H 14 B -45 -5 108 4 2 1 1 3            
J B 19 2110 1 82 6913 288 0            
E *            
L 850 0 0 300 300 * 0 14 0            
J C 13 5 28 35 6913 0 0            
J K 2 57 0 2 6913 0 0            
K 0 7 63            
K 15 28 63            
J D 0 -11 -14 1 6913 0 0            
W 0 0 0 \01\00            
J N 7 130 42 5 1 0 0            
K 0 0 43            
K 24 -6 44            
K 0 0 59            
K 0 -21 59            
A D 6 16            
J N 6 215 7 3 2593 864 0            
K 0 0 43            
K 0 0 54            
A D 2 16            
J N 7 243 -14 7 3457 288 0            
K 0 0 45            
K 0 0 43            
K -1 0 45            
K 2 0 45            
K 0 0 60            
K 0 21 60            
A D 4 16            
J N 7 297 -7 4 5185 576 0            
K 0 0 43            
K 0 0 60            
K 0 21 60            
A D 4 16            
J B 11 375 1 82 6913 576 0            
J N 7 396 -7 4 1 0 0            
K 0 0 43            
K 0 0 60            
K 0 21 60            
A D 4 16            
J R 6 452 28 2 1729 576 0            
K 0 0 49            
A D 2 16            
J N 6 478 21 3 2593 288 0            
K 0 0 43            
K 0 0 54            
A D 2 16            
J N 6 506 14 2 3457 288 1 4            
K 0 0 43            
A D 2 16            
J N 6 532 21 2 4321 288 1 4            
K 0 0 43            
A D 2 16            
J N 6 560 14 2 5185 288 1 4            
K 0 0 43            
A D 2 16            
J N 6 586 28 2 6049 288 1 4            
K 0 0 43            
A D 2 16            
H 4 B -56 2 108 4 2 1 1 3            
J B 12 625 1 82 6913 288 0            
J N 6 646 21 2 1 0 1 5            
K 0 0 43            
A D 2 16            
J N 6 672 28 2 865 288 1 5            
K 0 0 43            
A D 2 16            
J N 6 700 21 2 1729 288 1 5            
K 0 0 43            
A D 2 16            
J N 6 731 35 2 2593 288 1 5            
K 0 0 43            
A D 2 16            
H 5 B -51 2 108 4 2 1 1 3            
J N 7 759 28 4 3457 288 0            
K 0 0 43            
K 0 0 60            
K 0 21 60            
A D 4 16            
J R 6 812 28 2 5185 576 0            
K 0 0 49            
A D 2 16            
J N 6 837 -7 3 6049 288 0            
K 0 0 43            
K 0 0 54            
A D 2 16            
J B 13 876 1 82 6913 288 0            
J N 6 897 -14 5 1 0 1 6            
K 0 0 45            
K 0 0 43            
K -1 0 45            
K 2 0 45            
A D 2 16            
J N 6 923 -7 2 865 288 1 6            
K 0 0 43            
A D 2 16            
J N 6 951 -14 5 1729 288 1 6            
K 0 0 45            
K 0 0 43            
K -1 0 45            
K 2 0 45            
A D 2 16            
J N 6 977 0 2 2593 288 1 6            
K 0 0 43            
A D 2 16            
H 6 B -56 2 108 4 2 1 1 3            
J N 6 1015 -7 2 3457 288 1 7            
K 0 0 43            
A D 2 16            
J N 6 1041 0 2 4321 288 1 7            
K 0 0 43            
A D 2 16            
J N 6 1069 -7 2 5185 288 1 7            
K 0 0 43            
A D 2 16            
J N 6 1095 7 2 6049 288 1 7            
K 0 0 43            
A D 2 16            
H 7 B -51 2 108 4 2 1 1 3            
J B 14 1134 1 82 6913 288 0            
J N 7 1155 -14 7 1 0 0            
K 0 0 45            
K 0 0 43            
K -1 0 45            
K 2 0 45            
K 0 0 60            
K 0 21 60            
A D 4 16            
J N 7 1188 -7 4 1729 576 0            
K 0 0 43            
K 0 0 60            
K 0 21 60            
A D 4 16            
J N 7 1221 -7 4 3457 576 0            
K 0 0 43            
K 0 0 60            
K 0 21 60            
A D 4 16            
J R 6 1254 28 2 5185 576 0            
K 0 0 49            
A D 2 16            
J N 6 1279 7 3 6049 288 0            
K 0 0 43            
K 0 0 54            
A D 2 16            
J B 15 1308 1 82 6913 288 0            
J N 7 1335 14 5 1 0 0            
K 0 0 43            
K 24 -6 44            
K 0 0 60            
K 0 21 60            
A D 6 16            
J N 6 1387 14 3 2593 864 0            
K 0 0 43            
K 0 0 54            
A D 2 16            
J N 6 1414 7 2 3457 288 1 8            
K 0 0 43            
A D 2 16            
J N 6 1438 21 2 4321 288 1 8            
K 0 0 43            
A D 2 16            
H 8 B -52 4 108 2 2 3            
J N 7 1465 14 4 5185 288 0            
K 0 0 43            
K 0 0 60            
K 0 21 60            
A D 4 16            
J B 16 1500 1 82 6913 576 0            
J N 7 1521 14 4 1 0 0            
K 0 0 43            
K 0 0 60            
K 0 21 60            
A D 4 16            
J N 8 1553 -7 4 1729 576 0            
K 0 0 42            
K 0 0 60            
K 0 21 60            
A D 8 16            
J N 7 1617 0 5 5185 1152 0            
K -18 0 63            
K 0 0 43            
K 0 0 60            
K 0 21 60            
A D 4 16            
J B 17 1652 1 82 6913 576 0            
J N 7 1673 -7 4 1 0 0            
K 0 0 43            
K 0 0 60            
K 0 21 60            
A D 4 16            
J R 7 1724 28 2 1729 576 0            
K 0 0 48            
A D 4 16            
J R 8 1775 28 2 3457 576 0            
K 0 0 47            
A D 8 16            
J B 18 1881 1 82 6913 1152 0            
J R 9 1981 28 2 1 10000 0            
K 0 0 46            
A D 16 16            
J B 19 2110 1 82 6913 2304 0            
E *            
L 1010 0 0 300 300 * 0 14 0            
J C 22 5 14 36 6913 0 0            
J K 2 57 0 2 6913 0 0            
K 0 14 63            
K 15 35 63            
J D 0 -11 -14 1 6913 0 0            
W 0 0 0 \01\00            
J F 0 130 98 1 1 0 0            
K 0 0 206            
J N 6 130 14 2 1 0 1 1            
K 0 0 43            
A D 1 8            
J N 6 159 -7 2 865 288 1 1            
K 0 0 43            
A D 1 8            
J N 6 187 0 2 1729 288 1 1            
K 0 0 43            
A D 1 8            
J N 6 215 -7 2 2593 288 1 1            
K 0 0 43            
A D 1 8            
H 1 B -44 -4 108 4 2 1 1 3            
J F 0 243 98 1 3457 288 0            
K 0 0 206            
J N 6 243 21 2 3457 0 1 2            
K 0 0 43            
A D 1 8            
J N 6 272 0 2 4321 288 1 2            
K 0 0 43            
A D 1 8            
J N 6 297 7 2 5185 288 1 2            
K 0 0 43            
A D 1 8            
J N 6 325 0 2 6049 288 1 2            
K 0 0 43            
A D 1 8            
H 2 B -52 -5 108 4 2 1 1 3            
J B 11 375 1 82 6913 288 0            
J F 0 396 98 0 1 0 0            
J N 7 396 28 5 1 0 0            
K 0 0 43            
K 24 -6 44            
K 0 0 60            
K 0 21 60            
A D 3 8            
J F 0 452 98 1 1729 576 0            
K 0 0 205            
J N 6 478 -21 7 2593 288 0            
K 0 7 45            
K 0 0 43            
K 0 7 45            
K 1 7 45            
K 0 0 60            
K 0 0 54            
A D 1 8            
J F 0 506 98 1 3457 288 0            
K 0 0 206            
J N 6 506 -14 5 3457 0 1 3            
K 0 0 45            
K 0 0 43            
K -1 0 45            
K 2 0 45            
A D 1 8            
J N 6 532 -7 2 4321 288 1 3            
K 0 0 43            
A D 1 8            
J F 0 560 98 1 5185 288 0            
K 0 0 205            
J N 6 560 -14 5 5185 0 1 3            
K 0 0 45            
K 0 0 43            
K -1 0 45            
K 2 0 45            
A D 1 8            
J N 6 586 0 2 6049 288 1 3            
K 0 0 43            
A D 1 8            
H 3 B -56 2 108 4 2 1 1 3            
J B 12 625 1 82 6913 288 0            
J F 0 646 98 1 1 0 0            
K 0 0 206            
J N 6 646 -7 2 1 0 1 4            
K 0 0 43            
A D 1 8            
J N 6 672 0 2 865 288 1 4            
K 0 0 43            
A D 1 8            
J F 0 700 98 1 1729 288 0            
K 0 0 216            
J N 6 700 -7 2 1729 0 1 4            
K 0 0 43            
A D 1 8            
J N 6 731 21 2 2593 288 1 4            
K 0 0 43            
A D 1 8            
H 4 B -51 6 108 4 2 1 1 3            
J N 6 759 0 2 3457 288 1 5            
K 0 0 43            
A D 1 8            
J N 6 784 49 2 4321 288 1 5            
K 0 0 43            
A D 1 8            
H 5 B -81 4 108 2 2 3            
J R 6 812 28 2 5185 288 0            
K 0 0 49            
A D 1 8            
J F 0 837 98 1 6049 288 0            
K 0 0 205            
J N 6 837 0 3 6049 0 0            
K 0 0 43            
K 0 0 54            
A D 1 8            
J B 13 876 1 82 6913 288 0            
J F 0 897 98 1 1 0 0            
K 0 0 206            
J N 6 897 7 2 1 0 1 6            
K 0 0 43            
A D 1 8            
J N 6 923 14 2 865 288 1 6            
K 0 0 43            
A D 1 8            
J F 0 951 98 1 1729 288 0            
K 0 0 205            
J N 6 951 7 2 1729 0 1 6            
K 0 0 43            
A D 1 8            
J N 6 977 21 2 2593 288 1 6            
K 0 0 43            
A D 1 8            
H 6 B -51 2 108 4 2 1 1 3            
J F 0 1015 98 1 3457 288 0            
K 0 0 206            
J N 6 1015 14 2 3457 0 1 7            
K 0 0 43            
A D 1 8            
J N 6 1041 21 2 4321 288 1 7            
K 0 0 43            
A D 1 8            
J F 0 1069 98 1 5185 288 0            
K 0 0 205            
J N 6 1069 14 2 5185 0 1 7            
K 0 0 43            
A D 1 8            
J N 6 1095 28 2 6049 288 1 7            
K 0 0 43            
A D 1 8            
H 7 B -56 2 108 4 2 1 1 3            
J B 14 1134 1 82 6913 288 0            
J F 0 1155 98 1 1 0 0            
K 0 0 206            
J N 7 1155 21 4 1 0 0            
K 0 0 43            
K 0 0 60            
K 0 21 60            
A D 2 8            
J F 0 1188 98 1 1729 576 0            
K 0 0 206            
J N 7 1188 49 4 1729 0 0            
K 0 0 43            
K 0 0 59            
K 0 -21 59            
A D 2 8            
J N 7 1221 28 4 3457 576 0            
K 0 0 43            
K 0 0 60            
K 0 21 60            
A D 2 8            
J F 0 1254 98 1 5185 576 0            
K 0 0 204            
J N 7 1254 -21 7 5185 0 1 8            
K 0 7 45            
K 0 0 43            
K 0 7 45            
K 1 7 45            
K 0 0 60            
K 0 21 60            
A D 2 8            
J B 15 1308 1 82 6913 576 0            
J F 0 1335 98 2 1 0 0            
K 0 0 214            
K 0 21 201            
J N 7 1335 -21 7 1 0 1 8            
K 0 7 45            
K 0 0 43            
K 0 7 45            
K 1 7 45            
K 0 0 60            
K 0 21 60            
A D 2 8            
H 8 T -21 0 0 0 0 0 1 0            
J F 0 1369 98 1 1729 576 0            
K 0 0 205            
J N 7 1369 -14 7 1729 0 0            
K 0 0 45            
K 0 0 43            
K -1 0 45            
K 2 0 45            
K 0 0 60            
K 0 21 60            
A D 2 8            
J F 0 1414 98 1 3457 576 0            
K 0 0 206            
J N 7 1414 -7 4 3457 0 0            
K 0 0 43            
K 0 0 60            
K 0 21 60            
A D 2 8            
J F 0 1465 98 2 5185 576 0            
K 0 0 206            
K 0 21 213            
J N 7 1465 21 4 5185 0 0            
K 0 0 43            
K 0 0 60            
K 0 21 60            
A D 2 8            
J B 16 1500 1 82 6913 576 0            
J N 7 1521 0 4 1 0 0            
K 0 0 43            
K 0 0 60            
K 0 21 60            
A D 2 8            
J F 0 1553 98 1 1729 576 0            
K 0 0 205            
J N 7 1553 35 4 1729 0 0            
K 0 0 43            
K 0 0 59            
K 0 -21 59            
A D 2 8            
J F 0 1585 98 2 3457 576 0            
K 0 0 205            
K 0 21 204            
J N 7 1585 28 4 3457 0 0            
K 0 0 43            
K 0 0 60            
K 0 21 60            
A D 2 8            
J F 0 1617 98 1 5185 576 0            
K 0 0 213            
J N 7 1617 21 4 5185 0 0            
K 0 0 43            
K 0 0 60            
K 0 21 60            
A D 2 8            
J B 17 1652 1 82 6913 576 0            
J N 7 1673 49 4 1 0 0            
K 0 0 43            
K 0 0 59            
K 0 -21 59            
A D 2 8            
J R 7 1724 28 2 1729 576 0            
K 0 0 48            
A D 2 8            
J R 8 1775 28 2 3457 576 0            
K 0 0 47            
A D 4 8            
J B 18 1881 1 82 6913 1152 0            
J R 9 1981 28 2 1 10000 0            
K 0 0 46            
A D 8 8            
J B 19 2110 1 82 6913 2304 0            
E *            
B 1 375 0            
B 1 625 0            
B 1 876 0            
B 1 1134 0            
B 1 1308 0            
B 1 1500 0            
B 1 1652 0            
B 1 1881 0            
B 1 2110 0            
